1,42,0.00,265.37,109.77,381.33,1,-1,-1,-1
1,41,1252.28,509.20,59.49,133.61,1,-1,-1,-1
1,40,1869.09,376.41,49.91,222.56,1,-1,-1,-1
1,39,19.57,469.71,87.46,343.43,1,-1,-1,-1
1,38,257.00,420.69,101.50,296.43,1,-1,-1,-1
1,37,108.48,461.53,97.76,297.45,1,-1,-1,-1
1,36,1233.55,467.51,133.65,218.98,1,-1,-1,-1
1,35,1691.97,381.05,152.23,352.62,1,-1,-1,-1
2,42,2.30,289.91,98.21,357.46,1,-1,-1,-1
2,40,1875.44,376.36,43.85,201.27,1,-1,-1,-1
2,39,11.99,481.75,104.02,385.41,1,-1,-1,-1
2,38,252.59,465.98,101.96,251.80,1,-1,-1,-1
2,37,88.21,446.35,105.42,326.35,1,-1,-1,-1
2,36,1265.80,464.46,85.93,184.44,1,-1,-1,-1
2,35,1695.06,374.87,180.23,378.32,1,-1,-1,-1
3,43,1275.12,449.54,77.48,212.88,1,-1,-1,-1
3,41,1248.68,487.23,56.65,162.73,1,-1,-1,-1
3,40,1875.18,376.38,43.39,197.06,1,-1,-1,-1
3,39,-7.56,337.99,127.29,553.51,1,-1,-1,-1
3,38,259.23,449.58,103.64,263.67,1,-1,-1,-1
3,37,91.32,469.91,103.68,303.88,1,-1,-1,-1
3,35,1704.00,371.77,179.78,363.72,1,-1,-1,-1
4,40,1873.05,374.18,45.00,200.53,1,-1,-1,-1
4,39,-9.25,295.41,126.77,598.18,1,-1,-1,-1
4,38,255.89,434.29,109.65,285.19,1,-1,-1,-1
4,37,93.56,470.73,105.70,301.32,1,-1,-1,-1
4,35,1698.05,381.38,166.54,337.01,1,-1,-1,-1
5,40,1870.62,364.84,47.16,205.23,1,-1,-1,-1
5,39,-8.11,257.61,129.29,646.33,1,-1,-1,-1
5,38,263.35,431.27,113.19,289.73,1,-1,-1,-1
5,37,95.69,474.01,99.31,285.70,1,-1,-1,-1
5,35,1694.86,388.87,161.34,336.08,1,-1,-1,-1
6,43,1276.23,435.98,90.34,247.57,1,-1,-1,-1
6,40,1867.96,353.31,49.82,213.94,1,-1,-1,-1
6,39,-6.15,240.84,132.50,683.09,1,-1,-1,-1
6,38,252.43,438.53,103.61,271.93,1,-1,-1,-1
6,37,97.29,479.11,102.56,290.52,1,-1,-1,-1
6,35,1701.11,397.31,156.81,331.27,1,-1,-1,-1
7,43,1274.22,433.47,90.39,244.61,1,-1,-1,-1
7,40,1865.68,347.92,52.48,227.26,1,-1,-1,-1
7,39,-1.52,211.66,142.32,713.98,1,-1,-1,-1
7,38,259.87,444.93,100.77,264.08,1,-1,-1,-1
7,37,91.68,478.98,100.69,295.98,1,-1,-1,-1
7,35,1695.09,393.33,166.04,336.45,1,-1,-1,-1
8,43,1275.63,436.94,88.46,240.09,1,-1,-1,-1
8,40,1863.82,342.24,54.59,237.88,1,-1,-1,-1
8,39,-2.12,197.42,146.69,741.22,1,-1,-1,-1
8,38,264.51,445.52,97.02,258.26,1,-1,-1,-1
8,37,96.04,469.60,102.46,302.24,1,-1,-1,-1
8,35,1688.71,393.75,168.06,341.03,1,-1,-1,-1
9,43,1281.04,433.30,93.13,232.34,1,-1,-1,-1
9,40,1861.61,340.27,56.69,244.63,1,-1,-1,-1
9,39,0.56,185.99,154.72,748.08,1,-1,-1,-1
9,38,268.99,443.47,96.92,266.29,1,-1,-1,-1
9,37,97.10,461.78,102.48,304.88,1,-1,-1,-1
9,35,1677.10,402.42,153.72,335.34,1,-1,-1,-1
10,43,1279.87,440.28,91.27,231.57,1,-1,-1,-1
10,40,1871.29,353.54,50.66,237.92,1,-1,-1,-1
10,39,-0.01,185.45,160.53,771.37,1,-1,-1,-1
10,38,271.01,446.95,93.97,269.12,1,-1,-1,-1
10,37,93.79,442.82,107.71,333.35,1,-1,-1,-1
10,35,1686.16,398.34,155.39,340.48,1,-1,-1,-1
11,43,1283.80,436.97,91.34,237.03,1,-1,-1,-1
11,40,1876.75,368.58,45.75,220.35,1,-1,-1,-1
11,39,-0.95,171.13,163.73,779.03,1,-1,-1,-1
11,38,268.18,455.31,88.72,260.83,1,-1,-1,-1
11,37,95.94,434.22,106.80,347.97,1,-1,-1,-1
11,35,1676.21,398.61,145.14,337.74,1,-1,-1,-1
12,43,1286.84,443.18,89.21,234.93,1,-1,-1,-1
12,40,1868.23,358.22,50.64,245.20,1,-1,-1,-1
12,39,-1.06,191.12,166.51,773.10,1,-1,-1,-1
12,38,266.13,450.07,84.52,257.89,1,-1,-1,-1
12,37,91.63,428.94,110.98,363.29,1,-1,-1,-1
12,35,1684.36,395.90,148.32,337.08,1,-1,-1,-1
13,43,1290.96,440.37,89.19,239.29,1,-1,-1,-1
13,40,1863.35,357.89,54.43,264.12,1,-1,-1,-1
13,39,0.77,182.79,172.55,771.30,1,-1,-1,-1
13,38,278.12,435.85,86.93,271.89,1,-1,-1,-1
13,37,94.52,434.39,108.62,357.42,1,-1,-1,-1
13,35,1688.12,397.76,147.60,349.23,1,-1,-1,-1
14,43,1289.55,448.82,99.52,232.41,1,-1,-1,-1
14,40,1860.32,350.23,57.09,266.55,1,-1,-1,-1
14,39,-0.44,183.83,175.49,780.25,1,-1,-1,-1
14,38,286.71,440.11,84.33,274.00,1,-1,-1,-1
14,37,93.32,440.98,105.58,343.11,1,-1,-1,-1
14,35,1687.20,394.08,142.24,347.03,1,-1,-1,-1
15,43,1288.69,446.25,105.71,225.70,1,-1,-1,-1
15,40,1859.66,348.22,58.28,258.07,1,-1,-1,-1
15,39,1.85,179.15,182.70,780.25,1,-1,-1,-1
15,38,292.09,448.25,82.03,265.28,1,-1,-1,-1
15,37,99.80,429.45,101.20,343.64,1,-1,-1,-1
15,35,1687.65,393.16,145.54,350.91,1,-1,-1,-1
16,43,1287.10,445.43,109.56,220.27,1,-1,-1,-1
16,40,1857.83,371.25,59.99,245.49,1,-1,-1,-1
16,39,1.40,164.60,187.46,778.19,1,-1,-1,-1
16,38,293.29,449.45,86.64,263.60,1,-1,-1,-1
16,37,105.15,410.84,97.04,353.65,1,-1,-1,-1
16,35,1682.94,392.46,142.96,357.39,1,-1,-1,-1
17,43,1289.44,455.65,116.71,222.48,1,-1,-1,-1
17,40,1852.30,364.80,64.43,260.67,1,-1,-1,-1
17,39,0.71,181.91,191.12,771.87,1,-1,-1,-1
17,38,290.61,436.11,89.37,273.42,1,-1,-1,-1
17,35,1678.09,389.37,136.65,355.20,1,-1,-1,-1
18,43,1290.11,450.81,116.04,216.91,1,-1,-1,-1
18,40,1851.38,375.04,66.10,259.13,1,-1,-1,-1
18,39,1.34,191.27,196.04,756.86,1,-1,-1,-1
18,38,300.95,449.50,85.24,267.28,1,-1,-1,-1
18,35,1673.40,384.03,144.41,357.64,1,-1,-1,-1
19,43,1293.03,449.98,113.62,213.73,1,-1,-1,-1
19,40,1841.63,357.03,73.70,290.74,1,-1,-1,-1
19,39,2.31,192.75,201.75,749.68,1,-1,-1,-1
19,38,310.43,444.35,88.35,276.69,1,-1,-1,-1
19,35,1663.63,380.67,143.04,368.30,1,-1,-1,-1
20,47,1286.99,506.44,46.16,156.21,1,-1,-1,-1
20,43,1296.02,447.66,109.97,210.70,1,-1,-1,-1
20,40,1848.65,363.59,70.94,313.43,1,-1,-1,-1
20,39,6.80,195.18,214.49,744.22,1,-1,-1,-1
20,38,311.31,451.28,88.12,273.46,1,-1,-1,-1
20,35,1658.00,384.57,143.02,378.02,1,-1,-1,-1
21,47,1285.71,503.17,47.12,155.87,1,-1,-1,-1
21,43,1294.35,460.06,115.67,214.19,1,-1,-1,-1
21,40,1850.49,366.29,70.00,342.16,1,-1,-1,-1
21,39,15.33,195.69,222.52,741.75,1,-1,-1,-1
21,38,313.29,452.56,88.40,268.57,1,-1,-1,-1
21,35,1653.65,370.08,147.26,386.87,1,-1,-1,-1
22,43,1284.02,448.02,112.97,218.62,1,-1,-1,-1
22,40,1849.80,365.99,70.72,368.80,1,-1,-1,-1
22,39,9.70,198.20,232.13,750.16,1,-1,-1,-1
22,38,311.45,443.30,87.76,270.65,1,-1,-1,-1
22,35,1652.28,370.19,151.46,391.43,1,-1,-1,-1
23,43,1292.58,453.22,117.06,217.66,1,-1,-1,-1
23,40,1840.32,345.08,76.84,400.02,1,-1,-1,-1
23,39,9.16,196.04,244.02,744.15,1,-1,-1,-1
23,38,313.14,441.51,89.70,274.78,1,-1,-1,-1
23,35,1648.50,375.63,160.96,383.55,1,-1,-1,-1
24,43,1294.03,455.13,119.92,216.03,1,-1,-1,-1
24,40,1833.05,334.57,82.66,421.56,1,-1,-1,-1
24,39,10.65,187.00,258.81,751.20,1,-1,-1,-1
24,38,315.43,449.94,93.15,275.56,1,-1,-1,-1
24,35,1643.32,372.99,162.11,388.39,1,-1,-1,-1
25,47,1303.28,511.05,54.33,141.21,1,-1,-1,-1
25,43,1298.22,461.11,116.82,220.93,1,-1,-1,-1
25,40,1827.90,327.43,87.68,440.17,1,-1,-1,-1
25,39,9.55,188.53,270.83,752.67,1,-1,-1,-1
25,38,306.79,444.81,94.28,281.89,1,-1,-1,-1
25,35,1643.59,378.95,158.15,385.42,1,-1,-1,-1
26,47,1308.79,509.76,53.64,135.53,1,-1,-1,-1
26,43,1300.69,463.70,113.78,224.92,1,-1,-1,-1
26,40,1827.59,323.19,89.63,442.98,1,-1,-1,-1
26,39,9.18,181.47,276.64,750.90,1,-1,-1,-1
26,38,322.44,443.92,85.04,277.11,1,-1,-1,-1
26,35,1645.05,381.70,163.02,384.50,1,-1,-1,-1
27,43,1301.46,461.77,111.51,228.17,1,-1,-1,-1
27,40,1832.24,330.90,87.91,440.67,1,-1,-1,-1
27,39,9.45,182.34,289.35,733.11,1,-1,-1,-1
27,38,323.01,451.01,87.58,280.98,1,-1,-1,-1
27,35,1636.56,383.14,155.67,383.97,1,-1,-1,-1
28,43,1303.05,456.40,101.91,228.24,1,-1,-1,-1
28,40,1829.30,330.85,89.77,449.53,1,-1,-1,-1
28,39,15.02,180.44,310.45,728.52,1,-1,-1,-1
28,38,325.52,459.94,85.98,266.25,1,-1,-1,-1
28,35,1633.42,376.42,162.66,389.09,1,-1,-1,-1
29,43,1305.87,453.57,94.36,228.86,1,-1,-1,-1
29,40,1826.93,315.79,91.72,461.70,1,-1,-1,-1
29,39,15.74,185.19,329.41,730.99,1,-1,-1,-1
29,38,332.31,467.57,79.67,253.51,1,-1,-1,-1
29,35,1632.64,375.54,166.34,386.54,1,-1,-1,-1
30,43,1314.28,456.78,96.75,228.36,1,-1,-1,-1
30,40,1815.09,318.03,99.50,453.44,1,-1,-1,-1
30,39,12.92,190.93,337.40,729.57,1,-1,-1,-1
30,38,337.86,462.72,76.07,243.35,1,-1,-1,-1
30,35,1623.00,375.23,171.87,387.76,1,-1,-1,-1
31,43,1317.40,457.91,98.80,226.93,1,-1,-1,-1
31,40,1819.53,310.26,99.05,469.06,1,-1,-1,-1
31,39,21.80,193.41,336.46,727.64,1,-1,-1,-1
31,38,342.27,478.59,72.83,231.18,1,-1,-1,-1
31,35,1624.70,369.78,167.04,394.37,1,-1,-1,-1
32,43,1319.19,459.15,100.08,225.81,1,-1,-1,-1
32,40,1809.19,299.10,105.96,476.87,1,-1,-1,-1
32,39,20.81,192.30,349.27,729.80,1,-1,-1,-1
32,38,346.12,479.65,69.71,228.16,1,-1,-1,-1
32,35,1626.49,366.02,171.28,393.06,1,-1,-1,-1
33,43,1320.10,459.59,100.56,226.02,1,-1,-1,-1
33,40,1813.26,295.70,105.40,478.90,1,-1,-1,-1
33,39,21.72,200.80,356.01,719.58,1,-1,-1,-1
33,38,351.08,458.93,69.27,245.76,1,-1,-1,-1
33,35,1622.80,364.77,176.45,393.94,1,-1,-1,-1
34,43,1316.74,457.86,93.10,228.67,1,-1,-1,-1
34,40,1805.70,293.21,110.63,490.64,1,-1,-1,-1
34,39,32.24,205.19,374.14,723.43,1,-1,-1,-1
34,35,1614.78,360.16,180.14,400.65,1,-1,-1,-1
35,43,1316.88,458.44,88.26,231.40,1,-1,-1,-1
35,40,1796.29,293.15,117.79,495.04,1,-1,-1,-1
35,39,42.44,210.90,377.13,723.59,1,-1,-1,-1
35,35,1612.07,361.06,180.93,395.66,1,-1,-1,-1
36,43,1321.03,459.50,93.38,230.25,1,-1,-1,-1
36,40,1800.64,295.06,117.45,493.12,1,-1,-1,-1
36,39,55.22,219.12,385.75,724.33,1,-1,-1,-1
36,35,1613.31,357.85,179.35,409.63,1,-1,-1,-1
37,43,1330.31,464.14,82.00,215.93,1,-1,-1,-1
37,40,1801.34,291.37,117.87,500.25,1,-1,-1,-1
37,39,70.74,213.19,394.89,714.46,1,-1,-1,-1
37,35,1610.43,356.72,178.01,416.57,1,-1,-1,-1
38,43,1329.60,461.21,75.01,214.62,1,-1,-1,-1
38,40,1801.22,289.53,118.37,507.90,1,-1,-1,-1
38,39,70.05,227.38,408.46,692.59,1,-1,-1,-1
38,35,1612.94,354.66,173.16,419.29,1,-1,-1,-1
39,43,1317.70,461.08,72.32,210.86,1,-1,-1,-1
39,40,1802.09,297.70,118.09,504.46,1,-1,-1,-1
39,39,74.60,227.54,425.21,692.24,1,-1,-1,-1
39,35,1610.91,357.66,172.79,421.67,1,-1,-1,-1
40,52,101.27,479.85,97.83,278.22,1,-1,-1,-1
40,43,1327.35,459.48,67.50,211.30,1,-1,-1,-1
40,40,1800.32,298.86,116.38,498.70,1,-1,-1,-1
40,39,94.56,234.49,425.10,682.52,1,-1,-1,-1
40,35,1619.92,357.97,168.68,424.60,1,-1,-1,-1
41,52,106.65,492.74,86.54,258.54,1,-1,-1,-1
41,43,1327.19,457.90,68.38,223.02,1,-1,-1,-1
41,40,1795.30,292.67,118.21,496.18,1,-1,-1,-1
41,39,130.26,237.46,398.82,679.30,1,-1,-1,-1
41,35,1624.62,358.00,166.32,424.67,1,-1,-1,-1
42,52,104.24,493.94,86.89,252.44,1,-1,-1,-1
42,51,1307.23,490.72,54.78,178.74,1,-1,-1,-1
42,43,1326.60,455.52,68.83,231.02,1,-1,-1,-1
42,40,1793.42,298.16,121.86,496.09,1,-1,-1,-1
42,39,156.32,238.99,377.94,685.38,1,-1,-1,-1
42,35,1616.82,359.78,166.01,427.34,1,-1,-1,-1
43,52,101.33,489.54,96.74,265.33,1,-1,-1,-1
43,51,1306.71,490.60,55.19,180.24,1,-1,-1,-1
43,43,1326.71,454.20,69.35,236.96,1,-1,-1,-1
43,40,1785.20,298.72,128.68,503.18,1,-1,-1,-1
43,39,186.39,239.53,358.67,687.58,1,-1,-1,-1
43,35,1613.09,360.69,162.36,423.61,1,-1,-1,-1
44,54,1361.77,463.48,72.72,216.33,1,-1,-1,-1
44,52,105.64,494.45,92.18,253.28,1,-1,-1,-1
44,51,1311.97,471.81,62.33,195.37,1,-1,-1,-1
44,40,1784.64,301.62,131.38,500.26,1,-1,-1,-1
44,39,212.34,236.30,336.36,678.58,1,-1,-1,-1
44,35,1610.84,358.93,152.28,426.26,1,-1,-1,-1
45,55,27.76,513.94,84.24,241.91,1,-1,-1,-1
45,54,1363.09,464.35,72.06,214.48,1,-1,-1,-1
45,52,111.74,499.59,87.50,242.21,1,-1,-1,-1
45,51,1312.61,464.57,66.55,203.46,1,-1,-1,-1
45,40,1778.92,289.39,136.38,500.63,1,-1,-1,-1
45,39,243.69,234.43,310.98,671.27,1,-1,-1,-1
45,35,1609.57,360.03,154.21,434.72,1,-1,-1,-1
46,55,32.19,526.03,79.38,230.49,1,-1,-1,-1
46,54,1363.47,464.71,71.64,214.53,1,-1,-1,-1
46,52,114.02,513.57,86.17,242.01,1,-1,-1,-1
46,51,1312.58,464.66,68.78,206.47,1,-1,-1,-1
46,40,1775.91,284.50,140.02,503.81,1,-1,-1,-1
46,39,269.68,219.07,284.52,671.59,1,-1,-1,-1
46,35,1604.54,359.51,159.41,443.97,1,-1,-1,-1
47,55,37.11,523.47,78.07,236.75,1,-1,-1,-1
47,54,1362.70,464.31,71.40,215.10,1,-1,-1,-1
47,52,110.51,513.89,86.07,241.09,1,-1,-1,-1
47,51,1312.30,465.78,69.91,207.32,1,-1,-1,-1
47,40,1776.81,294.65,141.07,503.04,1,-1,-1,-1
47,39,289.91,218.93,274.05,678.30,1,-1,-1,-1
47,35,1597.95,347.23,164.16,449.50,1,-1,-1,-1
48,55,34.16,524.43,78.28,238.25,1,-1,-1,-1
48,54,1362.92,468.10,70.74,218.38,1,-1,-1,-1
48,52,111.05,509.36,86.44,241.11,1,-1,-1,-1
48,51,1311.79,466.73,70.43,206.84,1,-1,-1,-1
48,40,1776.23,281.49,142.35,512.16,1,-1,-1,-1
48,39,320.77,220.02,260.70,675.92,1,-1,-1,-1
48,35,1592.90,347.40,168.62,451.11,1,-1,-1,-1
49,56,232.58,450.22,104.17,131.27,1,-1,-1,-1
49,55,35.17,523.12,78.62,240.02,1,-1,-1,-1
49,54,1363.54,469.27,70.00,220.61,1,-1,-1,-1
49,52,103.12,494.08,96.04,255.87,1,-1,-1,-1
49,51,1320.03,473.42,70.38,200.20,1,-1,-1,-1
49,40,1772.22,273.96,145.38,516.12,1,-1,-1,-1
49,39,342.92,222.96,249.81,674.44,1,-1,-1,-1
49,35,1589.29,345.79,172.28,451.85,1,-1,-1,-1
50,56,227.87,448.08,103.65,128.34,1,-1,-1,-1
50,55,35.14,521.14,80.13,241.09,1,-1,-1,-1
50,54,1365.59,456.70,71.48,224.73,1,-1,-1,-1
50,52,105.72,500.40,92.83,252.94,1,-1,-1,-1
50,51,1323.51,477.66,70.16,194.82,1,-1,-1,-1
50,40,1771.45,275.08,146.86,524.29,1,-1,-1,-1
50,39,342.66,223.36,249.92,680.91,1,-1,-1,-1
50,35,1582.81,347.98,171.75,449.52,1,-1,-1,-1
51,56,237.85,455.16,92.78,122.42,1,-1,-1,-1
51,55,34.45,521.52,80.65,242.10,1,-1,-1,-1
51,54,1363.97,460.51,70.11,225.40,1,-1,-1,-1
51,52,106.61,498.41,90.60,252.87,1,-1,-1,-1
51,51,1316.64,473.85,70.48,196.71,1,-1,-1,-1
51,40,1773.42,273.67,146.42,515.63,1,-1,-1,-1
51,39,359.01,240.11,262.39,669.93,1,-1,-1,-1
51,35,1578.49,348.55,172.42,448.81,1,-1,-1,-1
52,56,228.50,449.30,97.66,127.50,1,-1,-1,-1
52,55,35.82,520.71,79.31,243.74,1,-1,-1,-1
52,54,1363.89,461.84,69.36,226.83,1,-1,-1,-1
52,52,103.41,481.28,93.04,265.16,1,-1,-1,-1
52,51,1314.08,471.65,70.65,198.01,1,-1,-1,-1
52,40,1770.41,276.27,148.38,517.52,1,-1,-1,-1
52,39,368.31,240.75,269.91,658.73,1,-1,-1,-1
52,35,1574.63,347.74,172.20,454.51,1,-1,-1,-1
53,56,226.55,465.05,91.68,124.40,1,-1,-1,-1
53,55,33.92,521.76,79.97,245.52,1,-1,-1,-1
53,54,1363.39,461.48,68.78,227.90,1,-1,-1,-1
53,52,98.84,466.83,102.20,276.37,1,-1,-1,-1
53,51,1320.97,475.03,70.65,194.13,1,-1,-1,-1
53,40,1770.99,275.33,148.60,508.75,1,-1,-1,-1
53,39,386.77,247.90,278.19,648.87,1,-1,-1,-1
53,35,1578.26,355.97,176.87,443.47,1,-1,-1,-1
54,56,226.14,454.05,95.59,124.65,1,-1,-1,-1
54,55,32.75,521.56,79.54,244.66,1,-1,-1,-1
54,54,1363.10,461.02,68.35,229.17,1,-1,-1,-1
54,52,96.81,466.01,107.70,276.90,1,-1,-1,-1
54,51,1315.68,470.69,70.28,196.82,1,-1,-1,-1
54,40,1768.94,282.44,150.07,505.10,1,-1,-1,-1
54,39,398.14,262.01,280.84,636.87,1,-1,-1,-1
54,35,1570.88,348.07,177.83,445.01,1,-1,-1,-1
55,56,227.57,466.64,88.63,118.64,1,-1,-1,-1
55,55,32.73,524.40,78.40,244.36,1,-1,-1,-1
55,54,1362.81,460.01,67.84,230.51,1,-1,-1,-1
55,52,102.14,479.86,99.94,271.69,1,-1,-1,-1
55,51,1314.05,468.23,70.05,198.70,1,-1,-1,-1
55,40,1766.59,290.76,151.96,512.28,1,-1,-1,-1
55,39,418.88,269.33,274.66,620.44,1,-1,-1,-1
55,35,1569.18,355.74,184.33,451.92,1,-1,-1,-1
56,56,225.77,459.25,90.51,119.23,1,-1,-1,-1
56,55,31.43,523.94,78.72,241.93,1,-1,-1,-1
56,54,1362.80,459.13,67.50,231.82,1,-1,-1,-1
56,52,111.00,511.45,92.55,253.89,1,-1,-1,-1
56,51,1313.21,465.75,70.28,201.26,1,-1,-1,-1
56,40,1764.50,282.93,153.85,516.85,1,-1,-1,-1
56,39,454.12,267.89,261.08,608.47,1,-1,-1,-1
56,35,1573.28,357.01,183.06,442.77,1,-1,-1,-1
57,56,222.16,454.53,89.42,116.60,1,-1,-1,-1
57,55,31.65,516.82,78.00,249.39,1,-1,-1,-1
57,54,1364.50,445.14,69.46,236.57,1,-1,-1,-1
57,52,106.82,520.60,84.06,240.38,1,-1,-1,-1
57,51,1313.19,465.57,70.11,202.18,1,-1,-1,-1
57,40,1757.20,283.70,158.98,528.85,1,-1,-1,-1
57,39,466.37,275.99,261.68,616.05,1,-1,-1,-1
57,35,1561.33,355.62,182.43,446.71,1,-1,-1,-1
58,57,380.78,446.29,94.99,276.87,1,-1,-1,-1
58,55,29.61,522.81,79.05,245.14,1,-1,-1,-1
58,54,1362.31,451.86,68.72,234.91,1,-1,-1,-1
58,52,112.45,507.77,82.56,245.20,1,-1,-1,-1
58,51,1320.30,467.79,70.13,198.09,1,-1,-1,-1
58,40,1756.71,279.45,160.79,535.60,1,-1,-1,-1
58,39,486.44,256.03,249.92,627.72,1,-1,-1,-1
58,35,1555.29,344.36,180.64,449.00,1,-1,-1,-1
59,57,384.30,441.90,99.41,286.45,1,-1,-1,-1
59,55,25.63,531.09,80.46,239.31,1,-1,-1,-1
59,54,1361.79,455.27,69.05,235.52,1,-1,-1,-1
59,52,117.17,521.54,79.58,237.69,1,-1,-1,-1
59,51,1322.79,468.49,70.46,195.73,1,-1,-1,-1
59,40,1750.23,274.37,165.70,544.22,1,-1,-1,-1
59,39,504.01,237.86,252.90,632.60,1,-1,-1,-1
59,35,1543.74,352.58,180.71,454.51,1,-1,-1,-1
60,57,381.52,446.08,102.61,288.50,1,-1,-1,-1
60,55,30.18,521.96,80.10,238.52,1,-1,-1,-1
60,54,1363.34,446.49,71.70,238.12,1,-1,-1,-1
60,52,112.69,523.19,75.01,231.30,1,-1,-1,-1
60,51,1317.10,465.92,69.99,198.59,1,-1,-1,-1
60,40,1743.52,270.97,171.32,553.64,1,-1,-1,-1
60,39,517.14,223.91,251.57,633.38,1,-1,-1,-1
60,35,1545.03,357.11,180.27,454.45,1,-1,-1,-1
61,57,379.33,441.59,108.60,294.62,1,-1,-1,-1
61,55,31.89,526.79,80.36,246.15,1,-1,-1,-1
61,54,1363.04,451.94,67.39,224.56,1,-1,-1,-1
61,52,118.22,536.80,74.89,222.79,1,-1,-1,-1
61,51,1314.99,465.65,69.56,200.67,1,-1,-1,-1
61,40,1742.91,261.94,166.84,560.07,1,-1,-1,-1
61,39,546.20,224.62,252.82,628.47,1,-1,-1,-1
61,35,1533.02,354.21,181.97,458.34,1,-1,-1,-1
62,57,384.00,442.84,109.22,293.00,1,-1,-1,-1
62,55,31.79,526.39,79.72,243.37,1,-1,-1,-1
62,54,1360.23,452.77,69.37,225.82,1,-1,-1,-1
62,52,121.66,539.53,74.43,219.49,1,-1,-1,-1
62,51,1314.20,465.77,69.37,201.94,1,-1,-1,-1
62,40,1740.36,260.90,172.27,566.61,1,-1,-1,-1
62,39,562.17,234.80,253.82,622.30,1,-1,-1,-1
62,35,1537.19,337.35,184.98,458.29,1,-1,-1,-1
63,57,396.96,437.48,100.78,283.61,1,-1,-1,-1
63,55,32.24,515.69,81.65,243.91,1,-1,-1,-1
63,54,1358.11,457.58,71.02,222.61,1,-1,-1,-1
63,52,117.40,530.66,75.26,219.47,1,-1,-1,-1
63,51,1313.35,465.62,69.50,203.02,1,-1,-1,-1
63,40,1735.72,254.13,177.90,575.05,1,-1,-1,-1
63,39,581.80,237.44,255.86,616.12,1,-1,-1,-1
63,35,1527.53,340.47,190.15,452.14,1,-1,-1,-1
64,57,400.33,426.39,104.41,306.44,1,-1,-1,-1
64,55,27.99,524.57,81.75,241.96,1,-1,-1,-1
64,54,1357.31,460.56,72.18,220.24,1,-1,-1,-1
64,52,116.69,534.11,74.88,224.90,1,-1,-1,-1
64,51,1313.35,467.82,69.50,202.83,1,-1,-1,-1
64,40,1731.05,252.76,183.16,582.85,1,-1,-1,-1
64,39,591.79,237.68,258.33,619.23,1,-1,-1,-1
64,35,1518.83,351.82,200.59,451.02,1,-1,-1,-1
65,57,398.89,426.43,110.44,301.89,1,-1,-1,-1
65,55,26.05,528.39,81.51,240.81,1,-1,-1,-1
65,54,1356.03,461.21,72.95,218.86,1,-1,-1,-1
65,52,115.78,511.27,76.00,238.48,1,-1,-1,-1
65,51,1313.22,468.04,69.39,203.28,1,-1,-1,-1
65,40,1725.35,249.39,188.77,583.81,1,-1,-1,-1
65,39,611.79,240.53,266.38,607.66,1,-1,-1,-1
65,35,1514.44,349.69,198.25,456.88,1,-1,-1,-1
66,59,238.68,453.41,95.28,246.15,1,-1,-1,-1
66,57,399.76,420.61,112.43,307.77,1,-1,-1,-1
66,55,24.95,530.49,81.57,238.70,1,-1,-1,-1
66,54,1355.93,460.14,73.37,217.33,1,-1,-1,-1
66,52,115.68,501.20,77.18,247.36,1,-1,-1,-1
66,51,1312.97,468.71,69.12,203.44,1,-1,-1,-1
66,40,1719.59,254.89,194.46,589.14,1,-1,-1,-1
66,39,622.07,241.69,273.12,605.53,1,-1,-1,-1
66,35,1522.20,348.77,193.33,463.71,1,-1,-1,-1
67,59,238.96,452.65,104.63,262.84,1,-1,-1,-1
67,57,398.37,422.04,108.84,313.51,1,-1,-1,-1
67,55,24.28,528.27,82.07,236.87,1,-1,-1,-1
67,54,1355.69,460.18,73.52,216.53,1,-1,-1,-1
67,52,114.35,495.43,77.82,253.50,1,-1,-1,-1
67,51,1312.99,468.87,69.01,203.64,1,-1,-1,-1
67,40,1712.86,254.73,200.74,593.16,1,-1,-1,-1
67,39,620.92,243.92,282.48,609.96,1,-1,-1,-1
67,35,1529.27,349.17,184.80,461.12,1,-1,-1,-1
68,59,235.70,452.03,105.51,269.76,1,-1,-1,-1
68,57,406.06,417.92,106.68,315.38,1,-1,-1,-1
68,55,27.77,533.56,79.92,232.20,1,-1,-1,-1
68,54,1357.12,457.44,73.78,215.30,1,-1,-1,-1
68,52,113.57,489.26,78.50,262.20,1,-1,-1,-1
68,51,1312.62,470.10,68.68,202.81,1,-1,-1,-1
68,40,1702.97,241.76,209.04,593.92,1,-1,-1,-1
68,39,635.35,250.60,285.22,601.46,1,-1,-1,-1
68,35,1527.07,346.05,181.91,463.84,1,-1,-1,-1
69,59,239.34,454.11,107.91,280.37,1,-1,-1,-1
69,57,409.69,423.83,108.61,318.99,1,-1,-1,-1
69,55,28.86,533.69,78.40,229.84,1,-1,-1,-1
69,54,1357.02,457.30,73.85,214.05,1,-1,-1,-1
69,52,113.22,487.93,78.58,266.71,1,-1,-1,-1
69,51,1312.88,470.63,68.27,202.24,1,-1,-1,-1
69,40,1699.85,255.35,213.76,578.78,1,-1,-1,-1
69,39,646.35,260.42,280.26,587.64,1,-1,-1,-1
69,35,1517.08,333.33,186.23,458.14,1,-1,-1,-1
70,59,237.16,451.76,105.67,287.66,1,-1,-1,-1
70,57,413.45,416.62,116.25,323.54,1,-1,-1,-1
70,55,31.48,525.79,80.11,231.24,1,-1,-1,-1
70,54,1357.41,457.47,73.61,213.77,1,-1,-1,-1
70,52,115.75,504.85,76.38,255.66,1,-1,-1,-1
70,51,1312.84,470.47,68.29,202.76,1,-1,-1,-1
70,40,1696.70,263.53,218.14,564.51,1,-1,-1,-1
70,39,671.95,269.07,264.44,577.63,1,-1,-1,-1
70,35,1510.69,338.68,179.33,462.10,1,-1,-1,-1
71,59,236.50,446.13,106.43,292.24,1,-1,-1,-1
71,57,413.16,418.51,118.05,319.78,1,-1,-1,-1
71,55,34.35,527.73,79.72,230.57,1,-1,-1,-1
71,54,1358.23,459.96,73.46,211.62,1,-1,-1,-1
71,52,117.57,516.62,75.36,244.53,1,-1,-1,-1
71,51,1313.11,469.91,68.12,202.75,1,-1,-1,-1
71,40,1690.74,249.84,223.68,572.16,1,-1,-1,-1
71,39,688.44,268.51,256.22,578.05,1,-1,-1,-1
71,35,1502.67,337.69,182.57,469.93,1,-1,-1,-1
72,59,242.07,442.00,110.87,292.05,1,-1,-1,-1
72,57,413.49,423.67,118.81,324.27,1,-1,-1,-1
72,55,30.82,532.84,80.19,229.48,1,-1,-1,-1
72,54,1358.30,459.93,73.66,211.02,1,-1,-1,-1
72,52,111.00,515.40,80.01,240.36,1,-1,-1,-1
72,51,1312.63,471.07,68.05,202.53,1,-1,-1,-1
72,40,1684.72,252.57,227.45,573.70,1,-1,-1,-1
72,39,712.14,261.48,248.24,575.36,1,-1,-1,-1
72,35,1498.19,347.20,185.14,472.91,1,-1,-1,-1
73,59,240.31,445.91,104.98,278.00,1,-1,-1,-1
73,57,414.34,420.06,117.41,324.49,1,-1,-1,-1
73,55,35.74,527.88,81.24,229.38,1,-1,-1,-1
73,54,1357.33,462.63,74.11,210.21,1,-1,-1,-1
73,52,101.75,507.14,84.76,245.86,1,-1,-1,-1
73,51,1312.83,471.12,67.93,202.88,1,-1,-1,-1
73,40,1693.76,251.01,225.02,570.02,1,-1,-1,-1
73,39,730.06,261.81,235.10,583.15,1,-1,-1,-1
73,35,1499.50,338.12,186.65,488.37,1,-1,-1,-1
74,59,238.10,449.11,109.66,278.68,1,-1,-1,-1
74,57,414.92,416.10,118.28,325.15,1,-1,-1,-1
74,55,38.09,530.95,81.64,228.88,1,-1,-1,-1
74,54,1356.92,464.59,74.66,209.35,1,-1,-1,-1
74,52,108.04,505.12,84.20,246.49,1,-1,-1,-1
74,51,1312.38,471.39,67.62,202.30,1,-1,-1,-1
74,40,1685.39,242.56,230.54,568.63,1,-1,-1,-1
74,39,735.86,264.49,238.21,577.81,1,-1,-1,-1
74,35,1507.64,338.98,184.21,494.67,1,-1,-1,-1
75,59,237.36,453.87,110.68,272.74,1,-1,-1,-1
75,57,416.00,415.44,118.52,325.12,1,-1,-1,-1
75,55,37.59,532.98,82.72,228.35,1,-1,-1,-1
75,54,1338.15,454.15,77.91,213.31,1,-1,-1,-1
75,52,110.46,499.62,83.36,252.06,1,-1,-1,-1
75,51,1306.23,479.20,64.16,196.86,1,-1,-1,-1
75,40,1687.92,250.11,225.07,565.95,1,-1,-1,-1
75,39,754.98,265.89,225.69,570.25,1,-1,-1,-1
75,35,1502.38,341.80,182.19,494.88,1,-1,-1,-1
76,59,236.94,454.25,108.09,262.34,1,-1,-1,-1
76,57,425.43,407.68,110.12,325.98,1,-1,-1,-1
76,55,38.20,535.89,82.54,226.76,1,-1,-1,-1
76,54,1349.17,455.66,76.65,211.47,1,-1,-1,-1
76,52,104.60,516.41,79.81,241.05,1,-1,-1,-1
76,51,1310.92,476.16,64.76,197.84,1,-1,-1,-1
76,40,1689.64,251.41,224.75,575.59,1,-1,-1,-1
76,39,777.72,266.13,219.98,576.17,1,-1,-1,-1
76,35,1502.84,335.30,182.80,496.52,1,-1,-1,-1
77,59,249.07,454.78,107.29,274.30,1,-1,-1,-1
77,57,425.32,413.01,102.60,327.60,1,-1,-1,-1
77,55,40.21,527.18,83.39,231.20,1,-1,-1,-1
77,54,1334.61,451.41,79.74,214.33,1,-1,-1,-1
77,52,111.06,518.38,78.70,239.62,1,-1,-1,-1
77,51,1305.70,483.02,62.12,192.49,1,-1,-1,-1
77,40,1685.16,248.59,219.58,575.82,1,-1,-1,-1
77,39,794.63,283.32,214.74,555.98,1,-1,-1,-1
77,35,1500.51,333.07,184.80,496.95,1,-1,-1,-1
78,59,254.16,458.70,103.55,276.47,1,-1,-1,-1
78,57,432.51,425.05,104.63,321.61,1,-1,-1,-1
78,55,39.97,526.59,83.04,230.73,1,-1,-1,-1
78,54,1322.37,472.94,89.41,205.86,1,-1,-1,-1
78,52,115.65,530.58,78.21,231.15,1,-1,-1,-1
78,40,1677.00,250.39,218.04,592.36,1,-1,-1,-1
78,39,799.82,289.32,219.16,558.92,1,-1,-1,-1
78,35,1487.49,334.69,182.25,497.13,1,-1,-1,-1
79,59,262.21,455.10,95.30,260.01,1,-1,-1,-1
79,57,422.81,423.36,109.96,318.19,1,-1,-1,-1
79,55,40.51,524.58,82.78,234.00,1,-1,-1,-1
79,54,1322.03,460.40,87.71,206.95,1,-1,-1,-1
79,52,114.95,525.66,76.00,230.20,1,-1,-1,-1
79,40,1672.65,249.50,224.48,593.62,1,-1,-1,-1
79,39,815.14,287.01,216.64,541.21,1,-1,-1,-1
79,35,1474.85,317.90,186.65,517.41,1,-1,-1,-1
80,59,274.40,448.34,100.02,266.75,1,-1,-1,-1
80,57,420.65,419.83,116.04,315.50,1,-1,-1,-1
80,55,42.54,520.59,82.14,233.44,1,-1,-1,-1
80,54,1328.34,462.19,78.90,204.65,1,-1,-1,-1
80,52,118.07,527.06,75.78,226.93,1,-1,-1,-1
80,40,1681.96,261.52,223.66,590.22,1,-1,-1,-1
80,39,828.47,298.54,213.86,524.57,1,-1,-1,-1
80,35,1475.87,314.87,191.46,520.53,1,-1,-1,-1
81,59,269.82,432.83,100.13,275.67,1,-1,-1,-1
81,57,416.34,421.06,118.55,318.35,1,-1,-1,-1
81,55,41.54,522.89,80.45,231.17,1,-1,-1,-1
81,54,1332.69,461.70,72.09,202.25,1,-1,-1,-1
81,52,119.07,529.67,75.63,220.62,1,-1,-1,-1
81,51,1305.05,487.61,56.40,181.52,1,-1,-1,-1
81,40,1674.56,249.40,225.90,594.89,1,-1,-1,-1
81,39,827.22,293.32,221.94,518.84,1,-1,-1,-1
81,35,1462.95,312.18,202.42,530.06,1,-1,-1,-1
82,59,259.12,440.63,98.15,268.72,1,-1,-1,-1
82,57,420.85,418.29,123.03,313.59,1,-1,-1,-1
82,55,42.26,530.60,78.10,233.31,1,-1,-1,-1
82,54,1335.58,458.86,67.39,203.58,1,-1,-1,-1
82,52,119.60,533.08,75.21,214.53,1,-1,-1,-1
82,51,1305.51,488.50,55.73,180.42,1,-1,-1,-1
82,40,1669.50,250.93,228.80,597.07,1,-1,-1,-1
82,39,830.93,308.64,219.02,511.13,1,-1,-1,-1
82,35,1459.57,329.65,205.22,527.85,1,-1,-1,-1
83,59,267.92,435.28,101.51,276.60,1,-1,-1,-1
83,57,427.62,421.57,121.60,318.84,1,-1,-1,-1
83,55,42.60,526.18,77.34,240.80,1,-1,-1,-1
83,54,1342.29,463.23,61.24,198.73,1,-1,-1,-1
83,52,113.62,534.47,74.04,221.69,1,-1,-1,-1
83,51,1312.36,484.77,58.49,185.45,1,-1,-1,-1
83,40,1668.84,248.31,231.48,598.29,1,-1,-1,-1
83,39,857.62,311.86,209.21,512.67,1,-1,-1,-1
83,35,1452.26,323.89,221.77,522.40,1,-1,-1,-1
84,57,430.11,423.89,117.45,316.74,1,-1,-1,-1
84,55,30.25,522.37,79.05,239.24,1,-1,-1,-1
84,52,120.27,527.78,73.21,217.37,1,-1,-1,-1
84,51,1314.42,482.83,60.59,188.90,1,-1,-1,-1
84,40,1673.92,241.17,228.23,606.57,1,-1,-1,-1
84,39,870.72,311.90,201.14,504.46,1,-1,-1,-1
84,35,1444.81,311.95,233.71,520.42,1,-1,-1,-1
85,57,435.25,413.00,112.08,319.29,1,-1,-1,-1
85,55,36.77,522.19,76.99,242.25,1,-1,-1,-1
85,52,119.31,542.75,72.24,212.14,1,-1,-1,-1
85,51,1304.56,479.13,65.81,196.04,1,-1,-1,-1
85,40,1656.38,233.89,227.99,613.16,1,-1,-1,-1
85,39,893.47,311.02,203.47,513.14,1,-1,-1,-1
85,35,1442.68,313.85,230.17,524.11,1,-1,-1,-1
86,62,314.41,421.84,78.53,299.29,1,-1,-1,-1
86,57,439.25,418.69,108.56,315.31,1,-1,-1,-1
86,55,39.19,521.76,76.17,248.31,1,-1,-1,-1
86,51,1300.15,475.96,69.94,202.00,1,-1,-1,-1
86,40,1658.27,238.04,226.75,613.39,1,-1,-1,-1
86,39,926.04,301.58,192.59,504.74,1,-1,-1,-1
86,35,1436.32,314.37,235.20,528.91,1,-1,-1,-1
87,62,318.72,418.61,77.19,300.08,1,-1,-1,-1
87,57,443.79,421.35,105.63,316.22,1,-1,-1,-1
87,55,35.54,515.42,76.83,247.08,1,-1,-1,-1
87,54,1344.53,455.54,50.52,192.50,1,-1,-1,-1
87,51,1297.62,473.58,72.90,205.08,1,-1,-1,-1
87,40,1654.51,242.24,237.24,618.03,1,-1,-1,-1
87,39,936.72,289.66,186.98,493.95,1,-1,-1,-1
87,35,1426.74,309.59,234.20,533.45,1,-1,-1,-1
88,62,326.47,442.94,70.09,279.23,1,-1,-1,-1
88,57,447.39,418.01,104.80,321.60,1,-1,-1,-1
88,55,30.95,501.16,80.26,256.53,1,-1,-1,-1
88,54,1340.32,453.41,51.92,200.18,1,-1,-1,-1
88,51,1300.19,479.38,67.77,199.26,1,-1,-1,-1
88,40,1647.50,234.49,243.79,625.87,1,-1,-1,-1
88,39,943.31,285.79,189.98,487.96,1,-1,-1,-1
88,35,1425.40,322.18,229.04,528.83,1,-1,-1,-1
89,62,324.96,443.26,77.52,280.47,1,-1,-1,-1
89,57,451.42,415.07,105.59,324.30,1,-1,-1,-1
89,55,28.54,504.03,81.07,260.81,1,-1,-1,-1
89,54,1342.01,452.22,51.83,206.13,1,-1,-1,-1
89,51,1302.24,483.15,64.03,194.43,1,-1,-1,-1
89,40,1642.67,231.59,249.42,638.85,1,-1,-1,-1
89,39,953.35,282.32,193.82,493.42,1,-1,-1,-1
89,35,1420.24,321.70,233.82,531.66,1,-1,-1,-1
90,62,326.37,442.78,84.39,292.09,1,-1,-1,-1
90,57,446.51,420.33,109.42,320.22,1,-1,-1,-1
90,55,29.54,497.22,82.33,266.24,1,-1,-1,-1
90,54,1343.93,446.25,59.34,215.22,1,-1,-1,-1
90,51,1299.58,478.29,68.04,199.48,1,-1,-1,-1
90,40,1646.49,230.58,250.57,646.36,1,-1,-1,-1
90,39,964.88,285.85,197.80,483.92,1,-1,-1,-1
90,35,1418.66,318.25,231.60,537.17,1,-1,-1,-1
91,66,120.75,532.66,75.76,227.96,1,-1,-1,-1
91,62,323.83,435.84,87.02,301.27,1,-1,-1,-1
91,57,445.04,420.58,110.70,321.51,1,-1,-1,-1
91,55,22.87,486.14,88.54,279.21,1,-1,-1,-1
91,54,1343.31,442.49,57.16,223.00,1,-1,-1,-1
91,51,1297.83,476.57,70.93,201.10,1,-1,-1,-1
91,40,1644.07,232.31,254.69,653.16,1,-1,-1,-1
91,39,967.04,287.45,203.59,488.78,1,-1,-1,-1
91,35,1418.35,308.92,231.33,544.62,1,-1,-1,-1
92,66,114.49,510.71,79.48,247.21,1,-1,-1,-1
92,62,327.45,432.35,87.40,302.05,1,-1,-1,-1
92,57,447.19,418.91,109.78,324.05,1,-1,-1,-1
92,55,31.34,493.49,89.62,281.57,1,-1,-1,-1
92,54,1342.68,458.38,54.54,214.59,1,-1,-1,-1
92,51,1297.77,476.69,72.79,200.21,1,-1,-1,-1
92,40,1635.77,226.56,253.96,653.50,1,-1,-1,-1
92,39,973.16,293.45,211.79,486.92,1,-1,-1,-1
92,35,1407.36,308.13,229.98,543.01,1,-1,-1,-1
93,66,114.13,498.72,80.64,257.01,1,-1,-1,-1
93,62,325.74,437.87,84.19,300.91,1,-1,-1,-1
93,57,451.18,420.32,106.61,318.37,1,-1,-1,-1
93,55,27.71,489.85,95.44,279.24,1,-1,-1,-1
93,54,1344.55,472.24,52.60,210.01,1,-1,-1,-1
93,51,1297.82,483.95,73.46,198.25,1,-1,-1,-1
93,40,1632.42,223.08,253.07,658.14,1,-1,-1,-1
93,39,974.66,298.48,212.71,479.95,1,-1,-1,-1
93,35,1410.87,308.14,225.05,551.72,1,-1,-1,-1
94,66,118.37,518.82,78.63,240.49,1,-1,-1,-1
94,62,323.47,441.63,78.58,299.06,1,-1,-1,-1
94,57,456.71,419.20,106.11,323.56,1,-1,-1,-1
94,55,27.94,494.83,97.49,271.11,1,-1,-1,-1
94,51,1304.73,478.66,73.48,202.79,1,-1,-1,-1
94,40,1626.67,221.03,254.81,660.43,1,-1,-1,-1
94,39,981.19,287.75,214.69,481.90,1,-1,-1,-1
94,35,1409.90,305.37,220.11,551.45,1,-1,-1,-1
95,66,114.78,524.52,76.93,231.45,1,-1,-1,-1
95,62,330.62,442.73,73.57,292.62,1,-1,-1,-1
95,57,458.59,413.89,113.04,327.81,1,-1,-1,-1
95,55,25.33,505.37,92.66,269.43,1,-1,-1,-1
95,51,1302.46,489.61,68.91,194.35,1,-1,-1,-1
95,40,1628.08,222.71,253.41,665.74,1,-1,-1,-1
95,39,993.97,294.90,222.36,475.66,1,-1,-1,-1
95,35,1401.48,316.67,215.47,551.51,1,-1,-1,-1
96,66,116.73,529.96,78.46,226.74,1,-1,-1,-1
96,62,337.54,437.48,68.09,287.54,1,-1,-1,-1
96,57,462.30,418.23,109.51,323.02,1,-1,-1,-1
96,55,25.05,504.71,96.10,268.13,1,-1,-1,-1
96,51,1303.73,496.09,64.97,186.50,1,-1,-1,-1
96,40,1618.51,224.12,255.43,672.59,1,-1,-1,-1
96,39,1003.50,296.86,217.77,471.11,1,-1,-1,-1
96,35,1377.80,318.10,222.14,542.73,1,-1,-1,-1
97,66,116.58,521.66,79.01,236.20,1,-1,-1,-1
97,62,341.41,437.45,69.95,289.65,1,-1,-1,-1
97,57,465.77,418.66,108.78,319.36,1,-1,-1,-1
97,55,21.83,517.89,92.70,259.69,1,-1,-1,-1
97,54,1345.84,476.90,52.52,193.25,1,-1,-1,-1
97,51,1305.02,501.63,61.41,179.66,1,-1,-1,-1
97,40,1608.09,217.78,258.45,676.19,1,-1,-1,-1
97,39,1018.39,306.46,211.67,455.13,1,-1,-1,-1
97,35,1379.92,316.65,218.72,550.68,1,-1,-1,-1
98,66,117.27,526.66,80.07,227.98,1,-1,-1,-1
98,62,342.84,432.95,71.24,296.10,1,-1,-1,-1
98,57,466.84,414.08,109.65,317.31,1,-1,-1,-1
98,55,20.77,532.18,92.16,246.98,1,-1,-1,-1
98,54,1345.57,489.60,52.54,180.48,1,-1,-1,-1
98,51,1307.41,502.53,57.28,174.29,1,-1,-1,-1
98,40,1610.48,203.73,251.49,690.47,1,-1,-1,-1
98,39,1031.79,311.12,195.09,450.15,1,-1,-1,-1
98,35,1384.33,318.73,209.13,551.51,1,-1,-1,-1
99,66,117.49,534.85,79.69,218.64,1,-1,-1,-1
99,62,338.45,437.61,74.41,293.71,1,-1,-1,-1
99,57,468.97,415.38,114.41,323.14,1,-1,-1,-1
99,55,22.26,536.53,88.41,246.77,1,-1,-1,-1
99,54,1348.88,496.41,51.14,176.92,1,-1,-1,-1
99,51,1310.84,502.44,54.63,170.96,1,-1,-1,-1
99,40,1605.78,201.47,245.51,699.12,1,-1,-1,-1
99,39,1048.46,307.40,182.32,453.58,1,-1,-1,-1
99,35,1381.27,319.08,205.18,557.38,1,-1,-1,-1
100,66,117.60,538.40,79.01,214.26,1,-1,-1,-1
100,62,336.41,438.58,78.42,300.66,1,-1,-1,-1
100,57,469.70,411.56,118.12,323.02,1,-1,-1,-1
100,55,24.20,525.74,85.92,245.81,1,-1,-1,-1
100,54,1348.72,473.48,55.62,189.00,1,-1,-1,-1
100,51,1316.18,497.46,53.17,169.45,1,-1,-1,-1
100,40,1603.78,206.04,244.22,702.80,1,-1,-1,-1
100,39,1065.28,308.24,174.45,457.75,1,-1,-1,-1
100,35,1388.15,316.64,196.30,553.06,1,-1,-1,-1
101,66,117.17,537.49,78.76,212.90,1,-1,-1,-1
101,62,335.31,434.00,83.35,298.60,1,-1,-1,-1
101,57,466.94,413.89,119.55,320.64,1,-1,-1,-1
101,55,28.85,543.78,82.77,233.34,1,-1,-1,-1
101,54,1338.83,482.79,57.38,187.81,1,-1,-1,-1
101,51,1311.46,507.83,56.40,141.43,1,-1,-1,-1
101,40,1591.55,198.03,251.52,705.59,1,-1,-1,-1
101,39,1075.51,307.93,171.30,447.25,1,-1,-1,-1
101,35,1389.99,312.39,191.30,555.53,1,-1,-1,-1
102,66,117.32,524.30,79.80,226.58,1,-1,-1,-1
102,62,334.54,434.39,88.78,295.97,1,-1,-1,-1
102,57,466.12,412.44,122.11,321.23,1,-1,-1,-1
102,55,25.20,538.05,81.83,232.04,1,-1,-1,-1
102,54,1318.60,479.87,60.73,194.93,1,-1,-1,-1
102,51,1299.80,528.68,59.86,121.95,1,-1,-1,-1
102,40,1579.50,193.50,257.12,713.52,1,-1,-1,-1
102,39,1078.31,316.83,169.33,445.60,1,-1,-1,-1
102,35,1386.37,321.51,189.84,550.34,1,-1,-1,-1
103,66,120.26,532.87,77.12,222.15,1,-1,-1,-1
103,62,335.28,433.88,93.89,287.44,1,-1,-1,-1
103,57,465.03,410.66,124.97,322.86,1,-1,-1,-1
103,55,22.00,544.86,81.87,225.44,1,-1,-1,-1
103,54,1311.76,485.65,58.59,189.69,1,-1,-1,-1
103,40,1570.46,196.71,256.72,715.68,1,-1,-1,-1
103,39,1089.89,316.54,166.37,441.67,1,-1,-1,-1
103,35,1370.90,317.30,195.86,557.13,1,-1,-1,-1
104,66,115.34,531.37,77.07,222.05,1,-1,-1,-1
104,62,333.47,434.81,97.18,289.09,1,-1,-1,-1
104,57,463.47,409.01,128.00,321.88,1,-1,-1,-1
104,55,26.42,552.93,81.03,218.18,1,-1,-1,-1
104,54,1305.27,493.42,57.93,180.74,1,-1,-1,-1
104,40,1576.54,199.62,250.48,709.26,1,-1,-1,-1
104,39,1104.72,322.83,163.88,439.23,1,-1,-1,-1
104,35,1364.57,319.64,195.19,557.20,1,-1,-1,-1
105,66,111.64,535.59,79.32,221.47,1,-1,-1,-1
105,62,333.40,437.39,97.07,288.09,1,-1,-1,-1
105,57,461.78,408.47,130.96,321.77,1,-1,-1,-1
105,55,27.66,544.09,79.06,218.28,1,-1,-1,-1
105,54,1296.09,506.91,57.99,163.24,1,-1,-1,-1
105,40,1564.62,196.93,250.00,705.09,1,-1,-1,-1
105,39,1109.30,326.87,164.51,434.75,1,-1,-1,-1
105,35,1361.33,317.35,198.10,559.76,1,-1,-1,-1
106,66,109.30,540.14,76.27,213.72,1,-1,-1,-1
106,62,341.74,446.13,93.72,285.14,1,-1,-1,-1
106,57,460.52,410.30,131.40,320.41,1,-1,-1,-1
106,54,1308.44,504.18,60.55,165.52,1,-1,-1,-1
106,40,1559.19,192.41,256.80,721.89,1,-1,-1,-1
106,39,1117.37,330.77,164.49,433.68,1,-1,-1,-1
106,35,1355.53,313.33,197.95,563.56,1,-1,-1,-1
107,66,107.41,544.50,74.60,209.62,1,-1,-1,-1
107,62,349.54,446.28,92.90,287.18,1,-1,-1,-1
107,57,460.15,414.57,129.96,325.09,1,-1,-1,-1
107,40,1554.38,184.04,256.18,731.17,1,-1,-1,-1
107,39,1123.06,337.09,164.34,425.78,1,-1,-1,-1
107,35,1341.07,311.98,197.21,573.44,1,-1,-1,-1
108,66,111.66,547.76,76.68,209.85,1,-1,-1,-1
108,62,353.46,445.12,94.16,288.60,1,-1,-1,-1
108,57,464.75,414.56,132.37,327.33,1,-1,-1,-1
108,40,1558.92,189.01,253.52,729.24,1,-1,-1,-1
108,39,1137.47,320.67,162.55,420.48,1,-1,-1,-1
108,35,1323.24,295.46,216.52,570.68,1,-1,-1,-1
109,66,111.98,547.49,78.16,209.52,1,-1,-1,-1
109,62,355.08,445.44,93.66,289.17,1,-1,-1,-1
109,57,465.31,410.27,132.82,331.98,1,-1,-1,-1
109,40,1544.15,185.80,251.73,730.33,1,-1,-1,-1
109,39,1147.21,319.47,156.06,423.10,1,-1,-1,-1
109,35,1309.46,290.63,227.25,571.28,1,-1,-1,-1
110,66,111.72,547.91,80.32,210.31,1,-1,-1,-1
110,62,357.54,447.65,92.79,287.70,1,-1,-1,-1
110,57,464.52,407.58,132.79,335.30,1,-1,-1,-1
110,40,1533.34,182.82,251.62,726.51,1,-1,-1,-1
110,39,1164.59,312.23,150.08,415.94,1,-1,-1,-1
110,35,1312.26,299.43,224.02,581.11,1,-1,-1,-1
111,66,109.40,546.10,82.20,211.64,1,-1,-1,-1
111,62,356.73,448.38,92.85,289.86,1,-1,-1,-1
111,57,463.56,403.78,133.33,335.95,1,-1,-1,-1
111,40,1535.86,179.90,250.97,724.63,1,-1,-1,-1
111,39,1184.09,320.59,138.26,408.85,1,-1,-1,-1
111,35,1297.41,298.39,238.99,589.90,1,-1,-1,-1
112,66,113.14,534.40,82.56,217.80,1,-1,-1,-1
112,62,354.93,448.27,92.57,288.15,1,-1,-1,-1
112,57,459.59,406.23,129.71,332.36,1,-1,-1,-1
112,40,1533.22,181.40,252.11,723.52,1,-1,-1,-1
112,39,1189.70,321.32,133.29,401.17,1,-1,-1,-1
112,35,1294.50,287.37,244.66,597.34,1,-1,-1,-1
113,66,114.39,523.95,83.30,225.11,1,-1,-1,-1
113,62,353.16,449.55,86.63,280.94,1,-1,-1,-1
113,57,456.49,406.59,129.01,333.83,1,-1,-1,-1
113,40,1517.37,182.96,255.32,720.39,1,-1,-1,-1
113,39,1197.67,297.58,123.84,384.37,1,-1,-1,-1
113,35,1287.33,293.66,250.56,602.00,1,-1,-1,-1
114,66,114.22,517.84,85.51,231.94,1,-1,-1,-1
114,62,352.89,451.69,83.03,277.49,1,-1,-1,-1
114,57,457.34,404.10,126.36,335.30,1,-1,-1,-1
114,40,1505.30,191.46,259.72,723.76,1,-1,-1,-1
114,39,1209.92,311.18,116.47,392.37,1,-1,-1,-1
114,35,1270.71,288.22,267.22,609.06,1,-1,-1,-1
115,66,113.24,516.46,86.50,235.37,1,-1,-1,-1
115,62,347.40,442.58,87.97,281.43,1,-1,-1,-1
115,57,450.98,409.31,132.91,331.82,1,-1,-1,-1
115,40,1508.21,197.62,257.50,699.39,1,-1,-1,-1
115,39,1210.18,315.05,113.34,381.88,1,-1,-1,-1
115,35,1262.35,280.75,275.00,615.92,1,-1,-1,-1
116,69,18.19,519.45,89.26,225.31,1,-1,-1,-1
116,66,112.89,517.20,87.45,238.00,1,-1,-1,-1
116,62,344.55,443.75,91.41,282.19,1,-1,-1,-1
116,57,451.84,402.07,125.12,338.82,1,-1,-1,-1
116,40,1506.14,200.47,257.80,715.29,1,-1,-1,-1
116,39,1214.36,350.56,107.91,404.02,1,-1,-1,-1
116,35,1245.91,274.54,283.27,628.06,1,-1,-1,-1
117,69,19.55,516.97,85.42,226.57,1,-1,-1,-1
117,66,112.72,519.37,86.99,238.78,1,-1,-1,-1
117,62,355.95,443.00,91.59,288.74,1,-1,-1,-1
117,57,449.97,398.69,117.00,342.96,1,-1,-1,-1
117,40,1501.11,185.69,254.66,727.72,1,-1,-1,-1
117,35,1241.20,272.61,289.25,637.87,1,-1,-1,-1
118,69,21.07,521.10,84.91,225.76,1,-1,-1,-1
118,66,111.42,517.85,86.22,240.36,1,-1,-1,-1
118,62,358.39,441.28,91.68,292.90,1,-1,-1,-1
118,57,450.84,402.37,120.71,343.44,1,-1,-1,-1
118,40,1492.99,167.96,252.16,745.36,1,-1,-1,-1
118,35,1229.98,274.34,299.40,642.90,1,-1,-1,-1
119,69,27.31,526.76,85.62,224.85,1,-1,-1,-1
119,66,112.53,516.65,84.68,241.14,1,-1,-1,-1
119,62,347.42,440.75,90.34,289.27,1,-1,-1,-1
119,57,455.52,400.02,114.14,340.49,1,-1,-1,-1
119,40,1487.97,166.42,257.54,764.49,1,-1,-1,-1
119,35,1213.77,273.80,295.08,653.34,1,-1,-1,-1
120,69,28.36,525.05,88.73,228.66,1,-1,-1,-1
120,66,110.52,522.91,84.23,238.25,1,-1,-1,-1
120,62,355.93,434.43,89.69,296.48,1,-1,-1,-1
120,57,453.69,401.92,118.24,333.25,1,-1,-1,-1
120,40,1481.10,167.91,260.94,769.71,1,-1,-1,-1
120,35,1203.07,269.98,302.01,654.11,1,-1,-1,-1
121,69,23.76,534.26,89.36,232.79,1,-1,-1,-1
121,66,110.48,517.70,83.65,240.33,1,-1,-1,-1
121,62,358.83,424.48,89.68,300.41,1,-1,-1,-1
121,57,445.57,397.89,112.14,334.50,1,-1,-1,-1
121,40,1469.94,150.22,264.08,789.91,1,-1,-1,-1
121,35,1177.95,274.85,303.64,670.76,1,-1,-1,-1
122,69,16.46,531.33,86.11,231.27,1,-1,-1,-1
122,66,111.69,523.55,83.82,237.96,1,-1,-1,-1
122,62,352.35,423.12,88.98,306.02,1,-1,-1,-1
122,57,443.65,399.66,110.19,335.16,1,-1,-1,-1
122,40,1470.45,146.76,270.03,799.78,1,-1,-1,-1
122,35,1173.10,269.88,307.12,676.20,1,-1,-1,-1
123,69,13.80,531.73,85.48,230.85,1,-1,-1,-1
123,62,350.62,422.06,91.39,310.30,1,-1,-1,-1
123,57,450.83,399.76,113.80,337.64,1,-1,-1,-1
123,40,1464.07,148.73,273.25,807.41,1,-1,-1,-1
123,35,1172.28,265.70,309.93,686.31,1,-1,-1,-1
124,69,22.62,533.83,86.34,233.14,1,-1,-1,-1
124,62,346.06,423.02,94.66,314.60,1,-1,-1,-1
124,57,457.03,408.79,108.63,334.28,1,-1,-1,-1
124,40,1454.45,137.24,273.22,821.64,1,-1,-1,-1
124,35,1161.14,282.69,310.81,681.83,1,-1,-1,-1
125,69,24.86,528.36,87.49,238.89,1,-1,-1,-1
125,62,338.11,434.26,98.37,310.49,1,-1,-1,-1
125,57,460.53,411.76,104.29,328.48,1,-1,-1,-1
125,40,1445.50,138.08,278.26,834.16,1,-1,-1,-1
125,35,1156.39,260.41,306.35,686.65,1,-1,-1,-1
126,69,23.45,528.54,84.04,237.07,1,-1,-1,-1
126,62,338.78,432.09,102.73,318.12,1,-1,-1,-1
126,57,452.75,410.89,110.65,336.02,1,-1,-1,-1
126,40,1440.80,141.04,279.87,839.37,1,-1,-1,-1
126,35,1139.97,261.24,300.79,683.66,1,-1,-1,-1
127,69,26.92,525.22,85.63,241.51,1,-1,-1,-1
127,62,341.29,421.45,104.54,321.65,1,-1,-1,-1
127,57,449.28,402.45,114.65,336.94,1,-1,-1,-1
127,40,1429.18,134.25,285.24,845.65,1,-1,-1,-1
127,35,1125.05,275.81,300.71,687.79,1,-1,-1,-1
128,70,110.91,505.30,75.12,238.96,1,-1,-1,-1
128,69,27.80,521.44,85.42,241.31,1,-1,-1,-1
128,62,330.97,424.64,107.56,319.63,1,-1,-1,-1
128,57,445.13,404.67,120.47,344.32,1,-1,-1,-1
128,40,1422.26,136.00,287.86,844.03,1,-1,-1,-1
128,35,1122.55,263.01,296.18,688.27,1,-1,-1,-1
129,70,112.82,526.68,74.72,225.35,1,-1,-1,-1
129,69,21.21,527.91,83.46,232.33,1,-1,-1,-1
129,62,332.74,427.59,106.16,321.94,1,-1,-1,-1
129,57,445.65,410.55,118.48,340.02,1,-1,-1,-1
129,40,1412.76,135.15,297.94,862.01,1,-1,-1,-1
129,35,1113.75,267.27,304.86,692.04,1,-1,-1,-1
130,70,111.23,505.93,81.73,249.52,1,-1,-1,-1
130,69,25.51,526.82,81.10,239.02,1,-1,-1,-1
130,62,333.83,422.61,105.68,318.27,1,-1,-1,-1
130,57,436.85,407.37,122.12,339.30,1,-1,-1,-1
130,40,1402.69,136.94,301.70,867.18,1,-1,-1,-1
130,35,1113.51,252.84,302.17,697.53,1,-1,-1,-1
131,70,120.60,496.29,78.84,249.94,1,-1,-1,-1
131,69,31.28,516.51,79.09,245.36,1,-1,-1,-1
131,62,332.12,423.24,106.82,325.41,1,-1,-1,-1
131,57,444.37,407.16,122.17,342.93,1,-1,-1,-1
131,40,1401.98,144.83,310.83,873.02,1,-1,-1,-1
131,35,1106.47,250.21,294.51,696.04,1,-1,-1,-1
132,70,107.24,494.50,84.61,250.66,1,-1,-1,-1
132,69,32.19,523.16,78.07,243.29,1,-1,-1,-1
132,62,325.59,419.06,109.65,326.38,1,-1,-1,-1
132,57,442.62,407.08,124.52,341.96,1,-1,-1,-1
132,40,1385.52,145.14,314.03,872.99,1,-1,-1,-1
132,35,1106.91,246.79,292.82,703.40,1,-1,-1,-1
133,70,115.31,489.61,81.58,255.63,1,-1,-1,-1
133,69,31.37,510.10,81.38,250.32,1,-1,-1,-1
133,62,322.83,420.12,110.83,328.78,1,-1,-1,-1
133,57,442.25,405.86,125.14,339.63,1,-1,-1,-1
133,40,1371.95,139.26,309.35,875.80,1,-1,-1,-1
133,35,1102.21,276.00,293.95,711.93,1,-1,-1,-1
134,70,106.95,498.67,82.00,253.71,1,-1,-1,-1
134,62,319.49,421.22,112.72,328.11,1,-1,-1,-1
134,57,441.68,403.40,126.74,339.51,1,-1,-1,-1
134,40,1366.96,136.05,315.49,885.16,1,-1,-1,-1
134,35,1099.40,254.95,286.88,718.72,1,-1,-1,-1
135,70,110.36,470.42,91.64,276.48,1,-1,-1,-1
135,62,317.82,420.91,114.49,328.41,1,-1,-1,-1
135,57,446.04,403.99,124.46,338.05,1,-1,-1,-1
135,40,1360.98,132.40,313.69,880.12,1,-1,-1,-1
135,35,1095.19,244.52,291.07,709.74,1,-1,-1,-1
136,70,114.87,463.42,87.43,279.97,1,-1,-1,-1
136,62,316.81,420.42,115.20,328.26,1,-1,-1,-1
136,57,445.87,403.35,123.69,340.17,1,-1,-1,-1
136,40,1350.97,131.17,312.90,889.04,1,-1,-1,-1
136,35,1084.37,248.58,289.73,711.73,1,-1,-1,-1
137,70,114.40,459.81,94.21,291.77,1,-1,-1,-1
137,62,318.11,419.19,114.99,326.66,1,-1,-1,-1
137,57,444.82,404.91,124.02,342.55,1,-1,-1,-1
137,40,1349.73,130.69,311.88,885.24,1,-1,-1,-1
137,35,1072.83,264.11,294.97,718.20,1,-1,-1,-1
138,62,318.52,415.40,115.03,328.18,1,-1,-1,-1
138,57,443.93,405.77,124.09,341.42,1,-1,-1,-1
138,40,1328.00,117.22,308.25,895.07,1,-1,-1,-1
138,35,1057.27,260.12,301.67,717.76,1,-1,-1,-1
139,62,320.41,412.08,112.91,328.11,1,-1,-1,-1
139,57,443.66,405.49,125.87,344.47,1,-1,-1,-1
139,40,1322.85,120.84,310.94,891.51,1,-1,-1,-1
139,35,1050.12,245.11,301.92,743.29,1,-1,-1,-1
140,71,12.02,367.09,160.32,547.48,1,-1,-1,-1
140,62,321.70,412.07,111.46,329.88,1,-1,-1,-1
140,57,443.86,404.17,127.48,348.18,1,-1,-1,-1
140,40,1323.12,126.21,313.32,876.78,1,-1,-1,-1
140,35,1025.73,243.74,309.14,750.73,1,-1,-1,-1
141,71,18.02,356.70,166.75,562.58,1,-1,-1,-1
141,62,319.37,415.12,113.17,332.71,1,-1,-1,-1
141,57,445.10,386.95,127.99,364.36,1,-1,-1,-1
141,40,1318.47,122.66,314.53,878.09,1,-1,-1,-1
141,35,997.87,240.38,314.36,760.11,1,-1,-1,-1
142,71,9.26,325.10,177.60,612.77,1,-1,-1,-1
142,62,317.94,412.71,113.63,338.21,1,-1,-1,-1
142,57,446.98,394.07,129.63,366.34,1,-1,-1,-1
142,40,1310.16,119.18,311.46,879.95,1,-1,-1,-1
142,35,995.83,228.15,317.05,758.36,1,-1,-1,-1
143,71,3.54,296.51,190.31,673.52,1,-1,-1,-1
143,62,315.35,407.97,113.39,350.83,1,-1,-1,-1
143,57,444.36,383.12,130.58,381.28,1,-1,-1,-1
143,40,1297.01,120.79,310.98,874.72,1,-1,-1,-1
143,35,994.02,220.57,321.73,769.86,1,-1,-1,-1
144,71,14.30,280.97,202.78,695.47,1,-1,-1,-1
144,62,316.06,411.08,113.62,351.59,1,-1,-1,-1
144,57,441.70,385.44,124.86,376.98,1,-1,-1,-1
144,40,1284.72,126.44,311.01,864.46,1,-1,-1,-1
144,35,977.47,230.16,347.26,778.97,1,-1,-1,-1
145,72,154.12,420.28,90.79,282.45,1,-1,-1,-1
145,71,21.75,285.97,196.24,668.03,1,-1,-1,-1
145,62,314.79,404.56,113.85,352.97,1,-1,-1,-1
145,57,450.89,393.73,117.98,375.76,1,-1,-1,-1
145,40,1279.35,131.84,309.23,870.37,1,-1,-1,-1
145,35,964.34,214.29,345.37,787.46,1,-1,-1,-1
146,71,45.15,291.94,190.43,661.28,1,-1,-1,-1
146,62,319.77,396.37,113.08,359.03,1,-1,-1,-1
146,57,455.39,397.11,113.60,370.88,1,-1,-1,-1
146,40,1274.92,122.60,305.31,874.64,1,-1,-1,-1
146,35,950.39,229.76,358.41,794.04,1,-1,-1,-1
147,71,70.11,293.08,184.03,653.82,1,-1,-1,-1
147,62,320.90,410.79,112.11,353.98,1,-1,-1,-1
147,57,460.12,392.04,113.12,366.97,1,-1,-1,-1
147,40,1270.14,136.21,304.26,872.94,1,-1,-1,-1
147,35,951.21,221.89,351.65,800.89,1,-1,-1,-1
148,71,66.48,288.71,194.10,649.00,1,-1,-1,-1
148,62,320.34,409.38,108.68,349.32,1,-1,-1,-1
148,57,453.58,394.94,111.00,366.55,1,-1,-1,-1
148,40,1255.65,131.15,318.43,892.22,1,-1,-1,-1
148,35,943.44,210.15,359.14,823.72,1,-1,-1,-1
149,71,78.01,282.05,195.49,645.33,1,-1,-1,-1
149,62,322.10,410.35,103.90,348.06,1,-1,-1,-1
149,57,450.94,382.86,108.18,373.76,1,-1,-1,-1
149,40,1247.64,131.70,318.68,896.00,1,-1,-1,-1
149,35,930.00,219.28,365.74,828.01,1,-1,-1,-1
150,71,68.56,329.16,241.96,600.57,1,-1,-1,-1
150,62,322.56,407.45,99.38,349.83,1,-1,-1,-1
150,57,442.76,386.74,119.09,374.57,1,-1,-1,-1
150,40,1242.83,131.38,323.17,900.10,1,-1,-1,-1
150,35,905.68,228.05,368.15,827.22,1,-1,-1,-1
151,71,76.60,334.38,284.29,593.93,1,-1,-1,-1
151,62,324.81,405.61,95.21,371.26,1,-1,-1,-1
151,57,444.04,378.85,120.87,380.93,1,-1,-1,-1
151,40,1218.08,111.30,335.62,919.29,1,-1,-1,-1
151,35,892.73,217.93,374.25,836.60,1,-1,-1,-1
152,71,68.75,340.37,323.06,592.02,1,-1,-1,-1
152,62,312.58,420.67,105.34,405.68,1,-1,-1,-1
152,57,434.99,380.04,131.41,382.81,1,-1,-1,-1
152,40,1212.00,119.10,334.87,916.84,1,-1,-1,-1
152,35,880.84,225.01,383.93,825.39,1,-1,-1,-1
153,71,87.20,344.05,339.44,586.87,1,-1,-1,-1
153,62,315.01,404.57,107.46,419.31,1,-1,-1,-1
153,57,436.97,377.32,127.90,385.65,1,-1,-1,-1
153,40,1211.93,120.09,337.88,912.98,1,-1,-1,-1
153,35,869.02,213.46,380.87,836.80,1,-1,-1,-1
154,71,103.41,342.97,347.12,581.26,1,-1,-1,-1
154,62,324.27,418.96,109.38,424.62,1,-1,-1,-1
154,57,436.33,378.70,137.70,379.77,1,-1,-1,-1
154,40,1197.97,109.76,334.86,911.32,1,-1,-1,-1
154,35,842.79,203.09,381.33,851.90,1,-1,-1,-1
155,71,139.12,340.36,327.56,580.73,1,-1,-1,-1
155,62,327.67,394.34,101.36,400.73,1,-1,-1,-1
155,57,432.25,383.83,146.07,380.86,1,-1,-1,-1
155,40,1185.48,101.36,342.68,914.22,1,-1,-1,-1
155,35,824.48,200.40,379.03,854.30,1,-1,-1,-1
156,71,157.46,359.52,312.52,577.69,1,-1,-1,-1
156,57,442.60,386.46,146.46,373.98,1,-1,-1,-1
156,40,1159.51,94.51,362.29,946.34,1,-1,-1,-1
156,35,815.95,201.39,377.32,858.90,1,-1,-1,-1
157,71,192.81,342.73,269.07,577.39,1,-1,-1,-1
157,57,450.53,382.74,145.25,382.47,1,-1,-1,-1
157,40,1157.67,64.96,364.80,961.57,1,-1,-1,-1
157,35,802.38,217.35,375.06,855.07,1,-1,-1,-1
158,71,227.94,339.92,232.31,580.65,1,-1,-1,-1
158,57,460.88,385.26,140.05,387.89,1,-1,-1,-1
158,40,1156.74,80.91,360.67,967.92,1,-1,-1,-1
158,35,785.27,210.38,380.13,857.24,1,-1,-1,-1
159,80,1501.06,349.46,91.70,338.78,1,-1,-1,-1
159,78,188.33,380.71,177.54,526.97,1,-1,-1,-1
159,71,261.06,328.82,205.05,572.92,1,-1,-1,-1
159,57,452.11,390.96,149.05,380.25,1,-1,-1,-1
159,40,1146.35,74.48,366.07,980.63,1,-1,-1,-1
159,35,788.19,201.38,374.62,862.52,1,-1,-1,-1
160,80,1498.58,359.42,93.77,334.24,1,-1,-1,-1
160,78,206.18,377.90,162.93,520.81,1,-1,-1,-1
160,71,284.26,318.61,194.13,576.89,1,-1,-1,-1
160,57,458.62,383.69,144.46,379.77,1,-1,-1,-1
160,40,1126.82,68.88,371.75,990.58,1,-1,-1,-1
160,35,788.98,193.15,364.68,863.64,1,-1,-1,-1
161,80,1504.32,367.38,87.40,316.04,1,-1,-1,-1
161,78,220.81,387.09,159.46,522.24,1,-1,-1,-1
161,71,311.12,313.23,180.97,582.51,1,-1,-1,-1
161,57,459.76,377.32,139.41,382.87,1,-1,-1,-1
161,40,1126.18,55.08,374.53,1006.67,1,-1,-1,-1
161,35,785.25,201.54,358.11,864.31,1,-1,-1,-1
162,81,105.01,480.64,94.24,313.75,1,-1,-1,-1
162,80,1508.75,371.56,89.27,318.41,1,-1,-1,-1
162,78,235.94,406.69,156.48,511.85,1,-1,-1,-1
162,71,338.43,306.71,173.91,584.13,1,-1,-1,-1
162,57,470.13,374.87,131.49,388.96,1,-1,-1,-1
162,40,1117.73,45.87,382.18,1020.16,1,-1,-1,-1
162,35,778.80,204.07,349.74,868.98,1,-1,-1,-1
163,81,113.42,488.20,88.38,271.21,1,-1,-1,-1
163,80,1510.53,367.96,97.05,331.37,1,-1,-1,-1
163,78,251.54,402.10,157.99,500.60,1,-1,-1,-1
163,71,357.09,302.83,166.76,591.27,1,-1,-1,-1
163,57,489.27,391.91,127.72,395.74,1,-1,-1,-1
163,40,1102.59,46.77,393.51,1026.68,1,-1,-1,-1
163,35,764.72,193.20,355.90,879.48,1,-1,-1,-1
164,81,114.51,496.27,84.90,250.03,1,-1,-1,-1
164,80,1500.79,370.05,101.04,316.60,1,-1,-1,-1
164,78,274.87,400.34,153.31,499.96,1,-1,-1,-1
164,71,384.19,311.48,183.99,583.57,1,-1,-1,-1
164,57,500.00,387.71,126.86,400.52,1,-1,-1,-1
164,40,1094.00,31.71,398.29,1037.89,1,-1,-1,-1
164,35,737.87,194.23,362.75,882.90,1,-1,-1,-1
165,81,117.28,495.39,85.92,235.72,1,-1,-1,-1
165,80,1501.42,362.35,109.26,325.45,1,-1,-1,-1
165,78,297.01,396.34,144.18,497.97,1,-1,-1,-1
165,71,402.79,307.41,202.52,579.06,1,-1,-1,-1
165,57,517.77,388.51,118.48,400.83,1,-1,-1,-1
165,40,1076.96,43.66,409.55,1030.76,1,-1,-1,-1
165,35,725.15,173.96,362.38,896.82,1,-1,-1,-1
166,82,25.59,513.45,81.43,229.81,1,-1,-1,-1
166,81,119.02,493.10,82.68,235.80,1,-1,-1,-1
166,80,1510.56,358.62,105.63,323.78,1,-1,-1,-1
166,78,317.64,394.46,140.59,497.28,1,-1,-1,-1
166,71,413.90,308.40,222.01,575.21,1,-1,-1,-1
166,40,1058.44,32.39,418.80,1040.99,1,-1,-1,-1
166,35,719.41,163.06,352.43,902.51,1,-1,-1,-1
167,82,27.24,516.27,80.88,233.93,1,-1,-1,-1
167,80,1516.21,356.04,105.58,319.14,1,-1,-1,-1
167,78,329.98,387.29,137.52,481.50,1,-1,-1,-1
167,71,427.75,312.89,226.25,566.62,1,-1,-1,-1
167,40,1034.22,26.99,425.54,1043.83,1,-1,-1,-1
167,35,708.52,171.44,362.83,893.18,1,-1,-1,-1
168,80,1511.92,364.07,106.34,309.65,1,-1,-1,-1
168,78,354.63,393.44,135.46,490.19,1,-1,-1,-1
168,71,436.01,312.87,217.31,564.42,1,-1,-1,-1
168,40,1012.51,28.12,439.28,1048.30,1,-1,-1,-1
168,35,688.47,177.44,367.48,894.74,1,-1,-1,-1
169,83,1385.06,435.64,76.97,266.18,1,-1,-1,-1
169,80,1513.63,373.94,104.02,298.06,1,-1,-1,-1
169,78,368.33,392.16,143.93,486.54,1,-1,-1,-1
169,71,444.45,295.86,224.64,583.29,1,-1,-1,-1
169,40,1001.93,36.25,436.66,1046.24,1,-1,-1,-1
169,35,672.98,169.13,370.64,903.67,1,-1,-1,-1
170,83,1382.56,427.31,80.36,269.17,1,-1,-1,-1
170,80,1519.23,373.50,101.29,296.06,1,-1,-1,-1
170,78,373.99,403.96,149.19,468.12,1,-1,-1,-1
170,71,454.01,292.84,224.54,581.05,1,-1,-1,-1
170,40,1003.99,22.28,432.36,1053.10,1,-1,-1,-1
170,35,649.06,155.52,365.65,900.33,1,-1,-1,-1
171,83,1382.27,423.30,80.60,269.54,1,-1,-1,-1
171,80,1522.58,363.64,100.50,299.85,1,-1,-1,-1
171,78,386.19,401.86,153.36,464.00,1,-1,-1,-1
171,71,487.03,304.40,200.24,579.83,1,-1,-1,-1
171,40,982.88,15.44,436.74,1059.62,1,-1,-1,-1
171,35,625.44,142.56,363.10,910.36,1,-1,-1,-1
172,83,1383.36,420.08,88.94,276.04,1,-1,-1,-1
172,80,1534.46,370.31,98.13,298.88,1,-1,-1,-1
172,78,396.19,408.34,158.91,458.20,1,-1,-1,-1
172,71,523.80,336.89,181.28,553.69,1,-1,-1,-1
172,40,979.91,28.80,432.08,1049.71,1,-1,-1,-1
172,35,609.01,129.48,365.15,910.61,1,-1,-1,-1
173,84,25.39,539.06,78.51,233.05,1,-1,-1,-1
173,83,1380.79,417.92,86.77,272.10,1,-1,-1,-1
173,80,1539.63,373.40,100.51,303.68,1,-1,-1,-1
173,78,424.69,415.90,151.67,438.83,1,-1,-1,-1
173,71,545.23,285.51,167.37,513.56,1,-1,-1,-1
173,40,954.23,19.93,420.08,1050.39,1,-1,-1,-1
173,35,590.33,132.42,371.21,904.39,1,-1,-1,-1
174,86,364.02,418.29,135.05,426.94,1,-1,-1,-1
174,84,10.79,491.81,88.59,272.39,1,-1,-1,-1
174,83,1381.67,415.40,86.10,273.42,1,-1,-1,-1
174,80,1540.34,371.18,101.36,306.70,1,-1,-1,-1
174,78,446.56,404.94,148.77,448.10,1,-1,-1,-1
174,40,962.88,12.67,413.08,1049.66,1,-1,-1,-1
174,35,571.58,132.72,379.01,906.61,1,-1,-1,-1
175,87,1332.93,510.87,68.79,187.50,1,-1,-1,-1
175,86,363.96,399.89,149.99,470.21,1,-1,-1,-1
175,84,2.72,473.03,91.31,278.76,1,-1,-1,-1
175,83,1382.93,416.13,86.36,272.09,1,-1,-1,-1
175,80,1542.03,378.55,103.61,308.84,1,-1,-1,-1
175,78,485.43,370.74,139.18,406.63,1,-1,-1,-1
175,40,951.41,16.98,403.88,1048.39,1,-1,-1,-1
175,35,539.30,136.85,388.35,909.60,1,-1,-1,-1
176,87,1335.85,517.53,64.92,186.80,1,-1,-1,-1
176,86,365.25,386.42,152.56,453.77,1,-1,-1,-1
176,84,5.90,465.74,94.09,277.49,1,-1,-1,-1
176,83,1380.56,416.32,96.00,275.73,1,-1,-1,-1
176,80,1551.77,377.16,101.82,310.19,1,-1,-1,-1
176,40,932.52,4.98,397.32,1048.51,1,-1,-1,-1
176,35,524.61,137.95,378.95,913.05,1,-1,-1,-1
177,87,1326.39,520.96,64.99,177.64,1,-1,-1,-1
177,86,365.16,402.79,150.80,438.10,1,-1,-1,-1
177,84,9.97,480.11,90.67,270.26,1,-1,-1,-1
177,83,1379.07,417.73,105.39,278.35,1,-1,-1,-1
177,80,1557.65,379.62,98.41,306.39,1,-1,-1,-1
177,40,924.58,5.44,392.52,1052.29,1,-1,-1,-1
177,35,511.93,133.98,378.67,920.66,1,-1,-1,-1
178,87,1328.12,513.47,67.42,178.43,1,-1,-1,-1
178,86,370.68,408.97,141.68,423.64,1,-1,-1,-1
178,84,16.21,485.39,93.51,273.89,1,-1,-1,-1
178,83,1383.38,415.07,101.56,276.81,1,-1,-1,-1
178,80,1554.41,370.53,102.08,311.19,1,-1,-1,-1
178,40,919.33,8.34,383.79,1055.93,1,-1,-1,-1
178,35,497.32,130.43,378.46,924.62,1,-1,-1,-1
179,87,1331.90,515.17,65.20,181.70,1,-1,-1,-1
179,86,369.51,399.42,133.12,414.41,1,-1,-1,-1
179,84,8.22,487.95,100.77,277.46,1,-1,-1,-1
179,83,1389.44,416.93,97.52,278.30,1,-1,-1,-1
179,80,1555.97,376.00,107.98,307.63,1,-1,-1,-1
179,40,904.97,3.80,389.85,1062.25,1,-1,-1,-1
179,35,477.99,144.23,387.87,916.43,1,-1,-1,-1
180,87,1334.81,516.65,62.75,178.66,1,-1,-1,-1
180,86,379.04,405.43,124.77,411.84,1,-1,-1,-1
180,84,26.65,498.56,93.69,288.56,1,-1,-1,-1
180,83,1398.94,412.94,89.43,273.18,1,-1,-1,-1
180,80,1560.52,372.59,110.30,305.57,1,-1,-1,-1
180,40,880.34,0.69,393.52,1065.32,1,-1,-1,-1
180,35,443.05,132.98,390.68,923.67,1,-1,-1,-1
181,87,1332.90,506.18,65.25,185.18,1,-1,-1,-1
181,83,1397.33,424.59,86.40,272.97,1,-1,-1,-1
181,80,1556.67,373.78,113.21,304.63,1,-1,-1,-1
181,40,866.60,-7.00,391.25,1059.45,1,-1,-1,-1
181,35,395.77,137.67,422.24,919.91,1,-1,-1,-1
182,87,1332.02,503.75,66.67,186.08,1,-1,-1,-1
182,83,1397.11,421.43,86.13,277.28,1,-1,-1,-1
182,80,1568.23,379.71,108.63,294.46,1,-1,-1,-1
182,40,864.81,-8.04,388.75,1056.24,1,-1,-1,-1
182,35,372.83,129.92,435.99,922.32,1,-1,-1,-1
183,91,-0.60,109.16,154.19,930.16,1,-1,-1,-1
183,87,1336.41,506.81,66.30,187.15,1,-1,-1,-1
183,83,1404.65,420.80,76.56,268.96,1,-1,-1,-1
183,80,1576.52,389.68,102.89,284.83,1,-1,-1,-1
183,40,852.25,-6.18,388.83,1056.18,1,-1,-1,-1
183,35,349.45,133.06,444.84,925.32,1,-1,-1,-1
184,92,735.54,332.26,118.63,521.65,1,-1,-1,-1
184,91,0.79,90.93,166.58,980.10,1,-1,-1,-1
184,87,1346.44,498.79,70.29,190.71,1,-1,-1,-1
184,83,1402.93,422.14,79.41,275.75,1,-1,-1,-1
184,80,1576.21,388.29,102.38,284.77,1,-1,-1,-1
184,40,832.92,-6.35,388.40,1054.72,1,-1,-1,-1
184,35,302.78,124.47,453.05,938.15,1,-1,-1,-1
185,92,728.79,292.37,135.15,557.56,1,-1,-1,-1
185,91,2.24,100.88,175.78,975.46,1,-1,-1,-1
185,87,1344.01,496.07,68.02,187.59,1,-1,-1,-1
185,83,1402.57,422.03,81.46,280.34,1,-1,-1,-1
185,80,1583.38,391.53,102.87,283.19,1,-1,-1,-1
185,40,817.70,-21.97,413.59,1021.70,1,-1,-1,-1
185,35,280.06,131.01,484.53,942.55,1,-1,-1,-1
186,92,738.86,279.55,127.45,555.16,1,-1,-1,-1
186,91,12.18,106.94,185.64,958.47,1,-1,-1,-1
186,87,1343.84,498.72,66.79,191.07,1,-1,-1,-1
186,83,1403.71,428.37,84.89,279.18,1,-1,-1,-1
186,80,1585.03,387.60,105.72,287.60,1,-1,-1,-1
186,40,797.27,-4.71,422.22,1032.71,1,-1,-1,-1
186,35,250.72,119.87,473.85,952.11,1,-1,-1,-1
187,92,763.49,303.01,130.30,547.62,1,-1,-1,-1
187,91,22.76,113.21,205.43,956.65,1,-1,-1,-1
187,87,1348.32,493.42,61.22,190.17,1,-1,-1,-1
187,83,1400.18,426.70,87.18,274.35,1,-1,-1,-1
187,80,1586.37,384.60,107.16,290.14,1,-1,-1,-1
187,40,771.01,-14.99,438.59,1015.21,1,-1,-1,-1
187,35,214.79,113.59,458.97,959.23,1,-1,-1,-1
188,91,30.73,102.68,201.88,929.01,1,-1,-1,-1
188,87,1361.54,491.98,57.41,191.11,1,-1,-1,-1
188,83,1399.62,427.48,90.26,273.63,1,-1,-1,-1
188,80,1600.04,384.12,105.70,294.89,1,-1,-1,-1
188,40,753.86,-15.51,443.16,1005.18,1,-1,-1,-1
188,35,190.50,109.98,443.34,948.84,1,-1,-1,-1
189,95,691.82,429.34,121.18,401.14,1,-1,-1,-1
189,91,40.90,122.51,186.64,870.61,1,-1,-1,-1
189,87,1365.36,489.42,59.08,199.25,1,-1,-1,-1
189,83,1399.87,430.52,91.68,272.16,1,-1,-1,-1
189,80,1593.53,383.12,114.41,300.11,1,-1,-1,-1
189,40,754.60,-2.86,434.67,1013.14,1,-1,-1,-1
189,35,164.98,104.89,430.52,942.40,1,-1,-1,-1
190,95,701.59,405.32,115.72,410.62,1,-1,-1,-1
190,91,64.27,122.09,176.10,775.51,1,-1,-1,-1
190,87,1367.90,487.51,62.79,207.83,1,-1,-1,-1
190,83,1399.28,426.00,92.91,272.99,1,-1,-1,-1
190,80,1598.53,377.62,116.24,288.85,1,-1,-1,-1
190,40,734.57,8.79,425.80,1029.17,1,-1,-1,-1
190,35,130.35,92.05,428.52,942.14,1,-1,-1,-1
191,98,526.40,347.44,176.69,478.57,1,-1,-1,-1
191,95,699.64,374.59,107.92,429.78,1,-1,-1,-1
191,87,1353.82,480.86,59.08,212.79,1,-1,-1,-1
191,83,1394.16,433.86,105.71,263.58,1,-1,-1,-1
191,80,1602.72,386.47,114.13,281.88,1,-1,-1,-1
191,40,722.62,11.38,430.67,1045.11,1,-1,-1,-1
191,35,60.81,101.85,457.76,943.60,1,-1,-1,-1
192,99,-0.39,259.15,153.96,765.68,1,-1,-1,-1
192,98,527.69,363.86,176.75,461.31,1,-1,-1,-1
192,83,1391.10,436.69,113.79,259.82,1,-1,-1,-1
192,80,1602.02,392.81,114.23,281.89,1,-1,-1,-1
192,40,705.31,9.33,427.43,1055.34,1,-1,-1,-1
192,35,21.49,113.65,454.00,945.55,1,-1,-1,-1
193,99,22.81,222.24,142.09,663.75,1,-1,-1,-1
193,98,499.35,367.85,181.92,463.80,1,-1,-1,-1
193,83,1384.78,445.08,123.43,258.68,1,-1,-1,-1
193,80,1606.08,386.65,105.82,277.81,1,-1,-1,-1
193,40,689.06,4.28,416.89,1059.09,1,-1,-1,-1
193,35,3.53,92.65,454.14,949.85,1,-1,-1,-1
194,98,499.64,368.53,180.62,456.16,1,-1,-1,-1
194,83,1386.99,433.28,115.21,263.35,1,-1,-1,-1
194,80,1610.11,386.55,101.69,278.31,1,-1,-1,-1
194,40,659.94,9.97,411.33,1055.42,1,-1,-1,-1
194,35,-12.99,68.00,449.75,967.41,1,-1,-1,-1
195,101,1495.08,425.88,54.58,242.76,1,-1,-1,-1
195,98,496.99,377.87,168.96,450.34,1,-1,-1,-1
195,83,1388.94,428.27,109.41,266.40,1,-1,-1,-1
195,80,1614.59,390.72,97.96,279.17,1,-1,-1,-1
195,40,638.20,4.45,424.36,1060.78,1,-1,-1,-1
195,35,-19.01,79.56,443.59,963.87,1,-1,-1,-1
196,101,1490.46,423.38,53.27,248.89,1,-1,-1,-1
196,98,491.31,374.27,161.93,443.26,1,-1,-1,-1
196,83,1396.82,433.84,111.83,269.27,1,-1,-1,-1
196,80,1617.85,397.69,92.02,269.94,1,-1,-1,-1
196,40,612.17,12.80,427.50,1055.52,1,-1,-1,-1
196,35,-16.12,100.56,432.04,965.37,1,-1,-1,-1
197,101,1465.31,436.11,60.17,244.72,1,-1,-1,-1
197,98,486.83,383.31,162.48,449.47,1,-1,-1,-1
197,83,1395.26,426.19,107.41,275.31,1,-1,-1,-1
197,80,1620.85,397.65,91.72,266.32,1,-1,-1,-1
197,40,584.03,3.29,451.80,1057.84,1,-1,-1,-1
197,35,-25.86,76.91,416.09,971.61,1,-1,-1,-1
198,98,483.32,374.52,152.69,463.74,1,-1,-1,-1
198,83,1399.06,424.34,114.24,273.48,1,-1,-1,-1
198,80,1622.88,386.93,91.18,266.07,1,-1,-1,-1
198,40,531.62,2.31,482.15,1065.49,1,-1,-1,-1
198,35,-35.18,73.22,391.20,977.49,1,-1,-1,-1
199,106,869.50,263.35,206.46,540.94,1,-1,-1,-1
199,105,1505.29,395.71,68.14,285.75,1,-1,-1,-1
199,104,262.11,166.06,298.23,880.37,1,-1,-1,-1
199,83,1400.35,430.61,110.35,278.83,1,-1,-1,-1
199,80,1632.23,394.70,84.85,262.05,1,-1,-1,-1
199,40,494.89,1.66,519.47,1072.99,1,-1,-1,-1
199,35,-38.76,87.31,357.45,971.15,1,-1,-1,-1
200,106,865.68,280.23,205.61,533.33,1,-1,-1,-1
200,105,1511.19,404.36,68.75,279.18,1,-1,-1,-1
200,104,282.53,163.31,281.01,867.39,1,-1,-1,-1
200,83,1403.89,429.29,107.61,279.60,1,-1,-1,-1
200,80,1637.03,393.45,83.83,268.15,1,-1,-1,-1
200,40,485.70,0.09,541.59,1077.01,1,-1,-1,-1
200,35,-53.70,85.33,311.67,962.06,1,-1,-1,-1
201,106,906.77,311.68,187.69,495.93,1,-1,-1,-1
201,105,1511.57,395.26,76.00,281.52,1,-1,-1,-1
201,104,302.57,195.37,255.43,829.19,1,-1,-1,-1
201,83,1405.64,440.63,113.20,273.15,1,-1,-1,-1
201,80,1639.24,390.61,88.34,273.89,1,-1,-1,-1
201,40,430.42,3.29,572.59,1077.99,1,-1,-1,-1
201,35,-52.68,68.93,275.33,947.18,1,-1,-1,-1
202,107,216.43,246.48,175.63,736.11,1,-1,-1,-1
202,106,824.24,297.31,212.43,523.05,1,-1,-1,-1
202,105,1509.06,397.72,84.90,284.69,1,-1,-1,-1
202,104,333.24,214.22,221.68,811.92,1,-1,-1,-1
202,83,1401.19,431.74,113.59,283.20,1,-1,-1,-1
202,80,1647.05,393.96,89.57,266.25,1,-1,-1,-1
202,40,410.05,0.32,584.56,1081.01,1,-1,-1,-1
202,35,-46.58,91.07,244.61,934.41,1,-1,-1,-1
203,107,223.27,218.64,175.93,744.82,1,-1,-1,-1
203,106,779.42,269.74,239.28,570.87,1,-1,-1,-1
203,105,1508.87,398.23,93.56,291.24,1,-1,-1,-1
203,104,348.87,216.67,206.12,793.57,1,-1,-1,-1
203,83,1396.20,427.65,113.54,283.76,1,-1,-1,-1
203,80,1642.13,389.76,92.72,263.91,1,-1,-1,-1
203,40,391.90,-1.26,586.72,1082.99,1,-1,-1,-1
203,35,-42.33,100.93,219.05,898.31,1,-1,-1,-1
204,108,972.74,332.34,153.77,478.00,1,-1,-1,-1
204,107,240.90,201.44,188.14,760.60,1,-1,-1,-1
204,106,778.08,290.25,228.92,535.18,1,-1,-1,-1
204,105,1517.04,406.83,84.35,272.51,1,-1,-1,-1
204,83,1405.13,425.22,109.50,289.54,1,-1,-1,-1
204,80,1642.49,388.93,92.15,259.13,1,-1,-1,-1
204,40,354.41,-2.29,597.71,1084.55,1,-1,-1,-1
205,108,993.56,338.09,147.16,466.64,1,-1,-1,-1
205,107,239.72,210.30,183.47,749.21,1,-1,-1,-1
205,106,790.81,365.03,224.20,466.22,1,-1,-1,-1
205,105,1535.40,416.21,76.77,263.32,1,-1,-1,-1
205,83,1404.90,424.55,104.78,282.23,1,-1,-1,-1
205,80,1646.57,394.88,91.60,254.94,1,-1,-1,-1
205,40,328.49,-5.70,617.73,1081.29,1,-1,-1,-1
206,108,1016.73,345.88,139.50,458.08,1,-1,-1,-1
206,107,251.76,180.77,192.90,823.84,1,-1,-1,-1
206,106,819.61,417.94,198.76,421.56,1,-1,-1,-1
206,105,1544.15,422.49,75.47,246.10,1,-1,-1,-1
206,83,1414.85,431.71,103.20,281.98,1,-1,-1,-1
206,80,1648.66,397.31,91.73,257.12,1,-1,-1,-1
206,40,320.26,-5.69,612.39,1080.15,1,-1,-1,-1
207,108,1028.59,331.03,134.67,465.39,1,-1,-1,-1
207,106,850.48,429.58,180.72,399.02,1,-1,-1,-1
207,105,1541.78,413.32,76.40,247.39,1,-1,-1,-1
207,83,1419.79,435.54,101.65,282.83,1,-1,-1,-1
207,80,1651.44,400.98,91.52,254.00,1,-1,-1,-1
207,40,276.44,-3.48,611.50,1082.16,1,-1,-1,-1
208,108,1033.68,320.73,136.12,477.43,1,-1,-1,-1
208,106,870.46,435.38,163.87,383.93,1,-1,-1,-1
208,105,1536.36,419.18,87.75,250.56,1,-1,-1,-1
208,83,1416.36,439.43,112.58,275.36,1,-1,-1,-1
208,80,1654.42,404.32,92.02,254.81,1,-1,-1,-1
208,40,226.33,-7.02,618.04,1077.66,1,-1,-1,-1
209,108,1043.60,332.15,140.36,478.09,1,-1,-1,-1
209,106,891.73,436.97,147.08,364.93,1,-1,-1,-1
209,105,1537.44,415.71,97.40,249.69,1,-1,-1,-1
209,83,1421.48,435.70,110.12,270.98,1,-1,-1,-1
209,80,1662.40,402.66,92.92,253.03,1,-1,-1,-1
209,40,173.29,-3.53,623.92,1080.56,1,-1,-1,-1
210,112,467.14,302.84,237.78,617.06,1,-1,-1,-1
210,111,10.81,221.32,172.70,846.21,1,-1,-1,-1
210,108,1052.82,325.33,142.98,482.86,1,-1,-1,-1
210,106,908.71,451.38,133.62,347.12,1,-1,-1,-1
210,105,1539.09,411.83,103.53,255.25,1,-1,-1,-1
210,83,1427.15,432.97,113.05,274.62,1,-1,-1,-1
210,80,1668.04,399.03,91.96,254.65,1,-1,-1,-1
210,40,122.19,8.37,627.05,1076.00,1,-1,-1,-1
211,112,438.10,247.72,268.70,700.99,1,-1,-1,-1
211,111,1.69,202.63,171.52,845.41,1,-1,-1,-1
211,108,1065.31,323.16,146.58,472.45,1,-1,-1,-1
211,106,925.08,445.22,123.79,346.36,1,-1,-1,-1
211,105,1548.95,411.05,98.27,252.76,1,-1,-1,-1
211,83,1427.36,433.92,115.86,278.09,1,-1,-1,-1
211,80,1675.70,405.90,87.30,250.41,1,-1,-1,-1
211,40,49.52,2.71,622.65,1079.09,1,-1,-1,-1
212,113,679.69,364.21,165.91,490.69,1,-1,-1,-1
212,112,469.82,250.15,245.77,676.65,1,-1,-1,-1
212,108,1070.33,317.86,148.93,481.29,1,-1,-1,-1
212,106,940.18,432.68,117.45,345.24,1,-1,-1,-1
212,105,1556.98,409.81,93.73,255.52,1,-1,-1,-1
212,83,1426.08,441.24,115.48,274.15,1,-1,-1,-1
212,80,1678.23,401.85,85.29,249.86,1,-1,-1,-1
212,40,10.18,16.53,620.84,1071.61,1,-1,-1,-1
213,113,700.67,373.78,148.91,472.70,1,-1,-1,-1
213,112,508.31,271.80,211.07,650.71,1,-1,-1,-1
213,108,1081.21,326.42,145.37,473.24,1,-1,-1,-1
213,106,955.32,428.22,106.57,334.78,1,-1,-1,-1
213,105,1562.42,411.60,87.15,249.95,1,-1,-1,-1
213,83,1427.54,443.50,116.01,268.31,1,-1,-1,-1
213,80,1680.22,396.08,84.45,249.35,1,-1,-1,-1
213,40,-3.63,9.59,627.61,1071.87,1,-1,-1,-1
214,113,710.43,372.57,133.92,469.84,1,-1,-1,-1
214,112,537.05,271.89,193.73,632.54,1,-1,-1,-1
214,108,1086.80,325.71,165.31,473.67,1,-1,-1,-1
214,106,969.89,436.44,101.30,340.20,1,-1,-1,-1
214,105,1573.67,414.50,86.29,236.91,1,-1,-1,-1
214,83,1430.61,432.55,119.12,273.64,1,-1,-1,-1
214,80,1682.51,395.82,83.78,255.76,1,-1,-1,-1
214,40,-16.29,-3.71,601.36,1065.83,1,-1,-1,-1
215,113,722.22,373.37,131.50,481.85,1,-1,-1,-1
215,112,563.05,252.29,199.34,646.51,1,-1,-1,-1
215,108,1101.42,328.07,165.95,459.67,1,-1,-1,-1
215,106,972.43,427.13,105.47,349.56,1,-1,-1,-1
215,105,1577.75,419.48,84.09,236.12,1,-1,-1,-1
215,83,1434.08,432.19,120.55,274.37,1,-1,-1,-1
215,80,1685.27,393.56,83.32,259.60,1,-1,-1,-1
215,40,1.66,34.66,606.42,1006.49,1,-1,-1,-1
216,115,416.10,284.34,218.83,576.36,1,-1,-1,-1
216,113,729.26,355.46,129.66,481.19,1,-1,-1,-1
216,112,596.40,272.27,195.26,626.54,1,-1,-1,-1
216,108,1107.96,330.70,169.97,447.28,1,-1,-1,-1
216,106,981.40,423.68,105.18,345.30,1,-1,-1,-1
216,105,1589.76,424.62,82.13,230.96,1,-1,-1,-1
216,83,1429.34,430.79,125.19,269.00,1,-1,-1,-1
216,80,1688.26,396.36,81.55,259.60,1,-1,-1,-1
216,40,-24.74,46.62,583.86,1002.57,1,-1,-1,-1
217,115,436.30,296.71,199.87,564.62,1,-1,-1,-1
217,113,752.02,362.04,115.97,450.02,1,-1,-1,-1
217,112,596.98,254.52,203.73,648.70,1,-1,-1,-1
217,108,1111.67,328.46,172.29,447.86,1,-1,-1,-1
217,106,996.79,421.89,102.12,332.26,1,-1,-1,-1
217,105,1591.51,423.43,82.68,234.64,1,-1,-1,-1
217,83,1431.74,425.59,125.32,270.20,1,-1,-1,-1
217,80,1689.47,401.07,85.70,256.59,1,-1,-1,-1
217,40,-21.73,61.64,580.18,1006.61,1,-1,-1,-1
218,115,462.57,308.51,185.81,565.97,1,-1,-1,-1
218,113,766.26,361.86,109.55,429.84,1,-1,-1,-1
218,112,619.84,251.90,191.69,640.48,1,-1,-1,-1
218,108,1111.56,337.27,163.72,442.55,1,-1,-1,-1
218,106,997.43,419.57,107.34,332.79,1,-1,-1,-1
218,105,1599.45,425.60,81.95,232.28,1,-1,-1,-1
218,83,1435.80,431.10,123.63,271.02,1,-1,-1,-1
218,80,1694.08,398.94,84.59,254.39,1,-1,-1,-1
218,40,-35.66,37.13,549.25,1024.06,1,-1,-1,-1
219,115,483.55,304.86,167.43,546.63,1,-1,-1,-1
219,113,774.34,355.89,111.20,442.35,1,-1,-1,-1
219,112,659.27,256.71,178.56,632.36,1,-1,-1,-1
219,108,1122.78,330.61,161.75,447.92,1,-1,-1,-1
219,106,999.99,420.34,113.07,332.56,1,-1,-1,-1
219,105,1607.04,433.62,76.91,229.24,1,-1,-1,-1
219,83,1441.70,435.25,125.79,270.96,1,-1,-1,-1
219,80,1697.14,402.02,86.48,255.11,1,-1,-1,-1
219,40,-33.22,23.82,529.34,1038.58,1,-1,-1,-1
220,115,504.67,297.20,162.32,553.37,1,-1,-1,-1
220,113,787.42,352.45,105.82,441.90,1,-1,-1,-1
220,112,669.99,253.95,172.14,628.29,1,-1,-1,-1
220,108,1133.15,332.12,155.57,445.81,1,-1,-1,-1
220,106,1012.06,416.07,118.85,340.65,1,-1,-1,-1
220,105,1608.19,427.32,73.69,229.71,1,-1,-1,-1
220,83,1446.13,433.65,125.97,273.89,1,-1,-1,-1
220,80,1698.06,400.57,83.30,252.96,1,-1,-1,-1
220,40,-25.50,32.88,511.04,1033.83,1,-1,-1,-1
221,115,531.18,314.47,154.76,535.59,1,-1,-1,-1
221,113,803.86,378.31,104.47,430.57,1,-1,-1,-1
221,112,690.39,260.41,173.79,615.57,1,-1,-1,-1
221,108,1145.54,332.15,153.67,441.93,1,-1,-1,-1
221,106,1025.59,409.64,115.29,331.06,1,-1,-1,-1
221,105,1612.89,435.55,71.29,217.11,1,-1,-1,-1
221,83,1451.83,434.80,123.43,278.58,1,-1,-1,-1
221,80,1700.38,402.71,85.51,248.65,1,-1,-1,-1
221,40,-1.51,69.61,510.13,1002.60,1,-1,-1,-1
222,118,1266.50,360.07,88.38,286.97,1,-1,-1,-1
222,115,524.14,304.20,165.65,547.84,1,-1,-1,-1
222,113,818.78,375.83,109.27,430.82,1,-1,-1,-1
222,112,712.29,244.47,180.14,627.82,1,-1,-1,-1
222,108,1152.99,338.38,148.75,449.05,1,-1,-1,-1
222,106,1029.63,400.15,113.90,339.17,1,-1,-1,-1
222,105,1615.76,441.79,68.74,209.84,1,-1,-1,-1
222,83,1444.77,434.36,123.36,284.88,1,-1,-1,-1
222,80,1698.93,396.11,84.92,243.52,1,-1,-1,-1
222,40,46.15,146.26,492.63,928.27,1,-1,-1,-1
223,115,538.72,320.96,161.49,544.67,1,-1,-1,-1
223,113,829.75,383.99,109.44,421.95,1,-1,-1,-1
223,112,720.46,247.93,180.04,628.56,1,-1,-1,-1
223,108,1160.26,339.70,147.49,446.34,1,-1,-1,-1
223,106,1035.40,402.09,113.71,344.81,1,-1,-1,-1
223,105,1621.19,445.50,71.52,210.16,1,-1,-1,-1
223,83,1453.35,436.72,123.03,287.83,1,-1,-1,-1
223,80,1701.76,396.80,82.37,244.29,1,-1,-1,-1
223,40,60.37,202.75,476.79,852.55,1,-1,-1,-1
224,115,561.24,315.05,155.67,533.49,1,-1,-1,-1
224,112,730.17,238.01,196.89,638.15,1,-1,-1,-1
224,108,1169.06,344.04,146.53,445.75,1,-1,-1,-1
224,106,1045.75,407.80,109.55,348.86,1,-1,-1,-1
224,105,1633.88,436.70,74.22,212.52,1,-1,-1,-1
224,83,1458.66,431.55,120.53,285.15,1,-1,-1,-1
224,80,1705.38,393.36,81.77,251.76,1,-1,-1,-1
224,40,84.49,237.07,466.44,798.42,1,-1,-1,-1
225,115,565.42,315.08,160.12,533.50,1,-1,-1,-1
225,112,755.04,254.33,215.78,618.55,1,-1,-1,-1
225,108,1178.61,346.44,138.62,437.97,1,-1,-1,-1
225,106,1060.49,403.14,107.12,342.09,1,-1,-1,-1
225,105,1642.73,438.51,77.82,205.99,1,-1,-1,-1
225,83,1459.30,434.96,120.33,278.28,1,-1,-1,-1
225,80,1716.83,395.82,76.37,248.75,1,-1,-1,-1
225,40,108.48,269.15,453.73,755.83,1,-1,-1,-1
226,115,589.72,320.92,159.70,535.55,1,-1,-1,-1
226,112,755.27,258.34,226.46,608.71,1,-1,-1,-1
226,108,1185.26,351.08,137.64,431.57,1,-1,-1,-1
226,106,1070.30,411.24,102.91,333.30,1,-1,-1,-1
226,105,1653.77,439.34,77.35,201.03,1,-1,-1,-1
226,83,1467.75,427.23,120.67,275.89,1,-1,-1,-1
226,80,1719.32,403.80,72.47,248.31,1,-1,-1,-1
226,40,142.27,287.78,447.77,728.80,1,-1,-1,-1
227,115,601.92,327.47,155.38,528.53,1,-1,-1,-1
227,112,762.02,262.39,224.73,616.89,1,-1,-1,-1
227,108,1186.85,347.42,139.96,439.09,1,-1,-1,-1
227,106,1070.46,406.44,108.34,336.45,1,-1,-1,-1
227,105,1664.79,436.66,77.89,208.31,1,-1,-1,-1
227,83,1474.50,436.40,117.19,275.64,1,-1,-1,-1
227,80,1719.77,402.73,74.33,252.86,1,-1,-1,-1
227,40,163.28,294.20,438.83,714.36,1,-1,-1,-1
228,115,615.03,330.03,158.28,533.95,1,-1,-1,-1
228,112,776.06,267.71,227.16,603.41,1,-1,-1,-1
228,108,1194.44,340.27,140.39,434.25,1,-1,-1,-1
228,106,1076.98,409.32,111.84,342.41,1,-1,-1,-1
228,105,1663.75,442.17,78.00,199.14,1,-1,-1,-1
228,83,1485.99,437.43,115.81,279.87,1,-1,-1,-1
228,80,1716.79,402.41,78.94,250.94,1,-1,-1,-1
228,40,192.21,295.16,426.59,703.31,1,-1,-1,-1
229,115,628.22,316.97,165.16,529.32,1,-1,-1,-1
229,112,797.42,270.27,222.65,594.20,1,-1,-1,-1
229,108,1204.27,336.06,139.49,435.72,1,-1,-1,-1
229,106,1090.54,413.88,113.01,334.67,1,-1,-1,-1
229,105,1675.98,435.30,78.24,203.23,1,-1,-1,-1
229,83,1485.82,438.34,120.23,276.77,1,-1,-1,-1
229,80,1732.08,415.76,73.10,235.27,1,-1,-1,-1
229,40,266.60,285.81,384.95,696.32,1,-1,-1,-1
230,123,10.50,500.35,100.95,259.34,1,-1,-1,-1
230,115,652.19,309.62,165.50,535.01,1,-1,-1,-1
230,112,792.88,260.12,218.80,600.37,1,-1,-1,-1
230,108,1217.21,333.85,136.01,438.30,1,-1,-1,-1
230,106,1101.95,410.17,113.42,329.90,1,-1,-1,-1
230,105,1694.31,433.68,79.64,211.72,1,-1,-1,-1
230,83,1498.54,440.16,113.02,279.44,1,-1,-1,-1
230,80,1740.02,421.71,69.05,223.43,1,-1,-1,-1
230,40,321.64,288.13,344.74,695.24,1,-1,-1,-1
231,115,665.14,314.84,165.75,525.67,1,-1,-1,-1
231,112,809.55,261.35,213.86,606.07,1,-1,-1,-1
231,108,1224.79,342.83,129.31,425.17,1,-1,-1,-1
231,106,1115.20,425.36,109.31,327.76,1,-1,-1,-1
231,105,1692.92,425.23,78.72,216.58,1,-1,-1,-1
231,83,1494.54,433.03,108.35,276.29,1,-1,-1,-1
231,80,1739.82,421.36,65.32,224.63,1,-1,-1,-1
231,40,375.65,285.86,308.93,695.75,1,-1,-1,-1
232,125,347.12,317.67,171.00,617.90,1,-1,-1,-1
232,115,667.80,322.48,163.01,519.73,1,-1,-1,-1
232,112,831.62,269.71,204.23,597.61,1,-1,-1,-1
232,108,1237.49,345.64,127.26,420.68,1,-1,-1,-1
232,106,1119.10,430.78,108.14,317.43,1,-1,-1,-1
232,105,1695.46,427.15,77.67,221.59,1,-1,-1,-1
232,83,1508.65,435.07,104.74,282.62,1,-1,-1,-1
232,80,1742.46,420.76,66.49,228.20,1,-1,-1,-1
232,40,395.65,274.68,288.39,697.95,1,-1,-1,-1
233,125,372.46,300.10,171.08,644.85,1,-1,-1,-1
233,115,677.96,310.47,160.67,531.69,1,-1,-1,-1
233,112,843.97,257.15,189.36,595.55,1,-1,-1,-1
233,108,1243.63,344.07,126.60,430.58,1,-1,-1,-1
233,106,1134.38,427.13,104.64,314.16,1,-1,-1,-1
233,105,1702.16,421.51,78.34,229.00,1,-1,-1,-1
233,83,1513.02,430.22,101.94,280.87,1,-1,-1,-1
233,80,1757.37,416.64,66.28,222.78,1,-1,-1,-1
233,40,428.70,283.49,277.90,686.88,1,-1,-1,-1
234,125,389.14,315.25,156.31,624.75,1,-1,-1,-1
234,115,694.83,305.68,160.42,533.97,1,-1,-1,-1
234,112,871.34,260.91,171.26,575.06,1,-1,-1,-1
234,108,1241.94,348.20,122.16,424.02,1,-1,-1,-1
234,106,1142.31,425.77,104.11,311.00,1,-1,-1,-1
234,105,1701.89,419.39,77.30,233.91,1,-1,-1,-1
234,83,1510.85,428.01,102.93,279.43,1,-1,-1,-1
234,80,1748.55,416.17,67.65,225.29,1,-1,-1,-1
234,40,460.22,295.60,263.42,665.00,1,-1,-1,-1
235,125,395.29,299.13,165.06,649.36,1,-1,-1,-1
235,115,705.78,315.77,156.70,529.53,1,-1,-1,-1
235,112,880.92,283.99,164.74,565.65,1,-1,-1,-1
235,108,1252.88,343.48,121.92,429.58,1,-1,-1,-1
235,106,1149.78,413.86,102.59,317.02,1,-1,-1,-1
235,105,1719.59,416.37,93.79,229.25,1,-1,-1,-1
235,83,1511.67,434.50,102.72,274.03,1,-1,-1,-1
235,40,484.08,303.82,254.02,664.67,1,-1,-1,-1
236,127,95.79,462.25,105.50,290.35,1,-1,-1,-1
236,125,420.33,301.83,178.51,673.44,1,-1,-1,-1
236,115,718.22,340.08,165.15,508.56,1,-1,-1,-1
236,112,889.74,280.21,161.95,570.94,1,-1,-1,-1
236,108,1264.39,340.97,121.28,422.11,1,-1,-1,-1
236,106,1167.82,416.26,97.97,318.68,1,-1,-1,-1
236,105,1712.64,415.62,99.64,232.05,1,-1,-1,-1
236,83,1504.82,437.87,105.55,274.86,1,-1,-1,-1
236,40,505.62,296.51,238.46,667.87,1,-1,-1,-1
237,128,23.88,525.77,80.14,225.89,1,-1,-1,-1
237,127,101.12,489.21,93.68,265.53,1,-1,-1,-1
237,125,428.87,302.85,175.81,671.17,1,-1,-1,-1
237,115,717.15,348.14,175.32,492.71,1,-1,-1,-1
237,112,899.81,282.13,156.37,569.89,1,-1,-1,-1
237,108,1273.38,346.86,123.08,409.44,1,-1,-1,-1
237,106,1176.25,414.91,96.35,310.90,1,-1,-1,-1
237,105,1711.48,415.55,104.20,234.91,1,-1,-1,-1
237,83,1508.29,445.44,111.67,275.87,1,-1,-1,-1
237,40,531.87,300.54,228.56,661.42,1,-1,-1,-1
238,128,23.22,538.76,76.16,216.05,1,-1,-1,-1
238,127,108.91,499.65,88.40,251.75,1,-1,-1,-1
238,125,434.42,297.71,196.21,675.34,1,-1,-1,-1
238,115,722.89,332.43,174.13,504.62,1,-1,-1,-1
238,112,914.02,284.33,155.79,559.10,1,-1,-1,-1
238,108,1272.41,359.27,125.46,396.83,1,-1,-1,-1
238,106,1180.04,416.98,98.37,303.16,1,-1,-1,-1
238,105,1725.69,413.75,104.77,240.98,1,-1,-1,-1
238,83,1508.01,437.03,110.05,282.01,1,-1,-1,-1
238,40,551.94,301.56,226.28,648.30,1,-1,-1,-1
239,128,27.09,517.60,81.00,226.13,1,-1,-1,-1
239,127,112.98,503.55,85.07,256.97,1,-1,-1,-1
239,125,455.57,305.58,198.45,662.73,1,-1,-1,-1
239,115,743.57,326.92,165.78,504.00,1,-1,-1,-1
239,112,925.19,319.11,159.56,538.00,1,-1,-1,-1
239,108,1279.00,353.01,122.21,399.01,1,-1,-1,-1
239,106,1183.01,419.76,98.56,302.83,1,-1,-1,-1
239,105,1738.90,416.95,103.34,239.53,1,-1,-1,-1
239,83,1513.87,433.91,111.79,285.67,1,-1,-1,-1
239,40,573.95,301.76,213.74,648.06,1,-1,-1,-1
240,128,23.88,523.29,82.47,227.29,1,-1,-1,-1
240,127,108.61,498.12,90.29,267.82,1,-1,-1,-1
240,125,475.76,309.77,179.48,650.33,1,-1,-1,-1
240,115,749.39,325.19,166.44,509.39,1,-1,-1,-1
240,112,935.24,295.50,153.79,534.04,1,-1,-1,-1
240,108,1287.94,353.67,120.10,396.91,1,-1,-1,-1
240,106,1188.52,426.76,95.46,300.44,1,-1,-1,-1
240,105,1748.96,409.34,103.55,244.60,1,-1,-1,-1
240,83,1517.48,430.31,114.63,287.18,1,-1,-1,-1
240,40,578.72,299.31,219.86,646.69,1,-1,-1,-1
241,128,23.69,526.84,81.44,224.67,1,-1,-1,-1
241,127,112.10,479.24,92.38,286.54,1,-1,-1,-1
241,125,504.28,300.81,179.86,642.83,1,-1,-1,-1
241,115,758.25,319.49,167.51,510.84,1,-1,-1,-1
241,112,942.06,294.76,147.60,531.06,1,-1,-1,-1
241,108,1295.29,355.00,119.37,392.48,1,-1,-1,-1
241,106,1194.82,425.31,98.19,297.31,1,-1,-1,-1
241,105,1749.46,406.31,98.76,237.45,1,-1,-1,-1
241,83,1520.23,436.13,111.98,289.61,1,-1,-1,-1
241,40,609.32,303.88,222.06,633.88,1,-1,-1,-1
242,128,21.21,524.19,80.54,229.31,1,-1,-1,-1
242,127,115.99,483.90,90.64,284.95,1,-1,-1,-1
242,125,522.53,304.61,170.99,628.05,1,-1,-1,-1
242,115,780.20,342.13,154.62,503.53,1,-1,-1,-1
242,112,970.28,296.26,140.66,514.97,1,-1,-1,-1
242,108,1296.55,365.12,118.33,388.83,1,-1,-1,-1
242,106,1199.38,424.69,103.09,304.92,1,-1,-1,-1
242,105,1759.92,409.55,94.59,237.00,1,-1,-1,-1
242,83,1523.81,438.24,111.76,290.80,1,-1,-1,-1
242,40,612.63,293.14,214.85,632.44,1,-1,-1,-1
243,128,25.20,536.12,78.29,222.83,1,-1,-1,-1
243,127,114.30,479.20,93.19,283.23,1,-1,-1,-1
243,125,535.66,311.01,164.63,621.29,1,-1,-1,-1
243,115,802.19,321.45,137.31,501.44,1,-1,-1,-1
243,112,984.02,307.54,145.57,519.26,1,-1,-1,-1
243,108,1296.42,357.19,117.73,394.02,1,-1,-1,-1
243,106,1204.08,415.08,110.88,310.19,1,-1,-1,-1
243,105,1760.35,402.24,93.23,240.55,1,-1,-1,-1
243,83,1527.83,433.09,112.42,297.24,1,-1,-1,-1
243,40,626.83,298.64,214.32,621.37,1,-1,-1,-1
244,128,29.31,535.40,77.47,225.91,1,-1,-1,-1
244,127,114.29,488.83,95.25,269.74,1,-1,-1,-1
244,125,553.66,305.16,160.96,614.27,1,-1,-1,-1
244,115,823.43,322.42,131.34,502.91,1,-1,-1,-1
244,112,1005.78,305.76,139.78,531.09,1,-1,-1,-1
244,108,1302.79,370.61,119.50,384.47,1,-1,-1,-1
244,106,1208.27,416.14,110.22,319.24,1,-1,-1,-1
244,105,1766.02,407.39,93.02,246.25,1,-1,-1,-1
244,83,1541.20,430.80,107.00,297.95,1,-1,-1,-1
244,40,652.72,303.15,209.31,609.14,1,-1,-1,-1
245,128,30.96,530.90,77.83,229.77,1,-1,-1,-1
245,127,107.09,502.94,93.49,259.73,1,-1,-1,-1
245,125,569.86,301.36,154.93,605.54,1,-1,-1,-1
245,115,843.45,325.91,126.39,501.05,1,-1,-1,-1
245,112,1004.50,298.40,153.12,536.79,1,-1,-1,-1
245,108,1307.86,363.42,120.00,386.45,1,-1,-1,-1
245,106,1209.59,406.32,108.24,322.90,1,-1,-1,-1
245,105,1769.83,403.49,92.67,250.54,1,-1,-1,-1
245,83,1547.21,438.48,99.76,295.26,1,-1,-1,-1
245,40,668.55,316.96,211.45,602.13,1,-1,-1,-1
246,132,952.08,345.69,73.26,416.09,1,-1,-1,-1
246,128,31.63,533.05,77.62,234.37,1,-1,-1,-1
246,127,109.28,492.35,97.06,267.16,1,-1,-1,-1
246,125,585.74,297.34,150.52,608.01,1,-1,-1,-1
246,115,854.13,324.21,120.65,491.13,1,-1,-1,-1
246,112,1019.10,291.09,159.25,533.12,1,-1,-1,-1
246,108,1312.77,375.23,112.65,379.45,1,-1,-1,-1
246,106,1202.99,403.15,108.24,319.36,1,-1,-1,-1
246,105,1765.24,403.28,101.58,244.06,1,-1,-1,-1
246,83,1552.57,434.15,99.26,299.26,1,-1,-1,-1
246,40,686.51,312.77,211.22,600.62,1,-1,-1,-1
247,132,952.26,336.09,80.69,439.25,1,-1,-1,-1
247,128,27.23,526.54,80.22,238.40,1,-1,-1,-1
247,127,113.82,485.83,100.24,265.94,1,-1,-1,-1
247,125,596.20,305.06,148.64,600.67,1,-1,-1,-1
247,115,871.83,323.41,119.86,495.43,1,-1,-1,-1
247,112,1023.95,295.88,170.48,539.02,1,-1,-1,-1
247,108,1325.87,370.43,113.69,375.37,1,-1,-1,-1
247,106,1211.92,406.70,103.36,313.67,1,-1,-1,-1
247,105,1764.37,405.30,108.80,245.35,1,-1,-1,-1
247,83,1554.66,429.72,101.98,301.82,1,-1,-1,-1
247,40,710.47,323.30,207.43,594.70,1,-1,-1,-1
248,132,962.33,340.80,81.56,431.79,1,-1,-1,-1
248,128,25.64,525.35,82.69,240.26,1,-1,-1,-1
248,127,111.87,485.15,97.07,266.63,1,-1,-1,-1
248,125,605.67,314.75,152.37,597.47,1,-1,-1,-1
248,115,881.18,332.73,115.99,488.33,1,-1,-1,-1
248,112,1033.59,286.15,166.17,525.94,1,-1,-1,-1
248,108,1333.19,371.55,113.30,371.92,1,-1,-1,-1
248,106,1221.43,407.72,104.67,314.34,1,-1,-1,-1
248,105,1766.23,402.62,104.73,252.29,1,-1,-1,-1
248,83,1544.49,416.10,96.14,297.59,1,-1,-1,-1
248,40,729.56,326.01,193.44,593.85,1,-1,-1,-1
249,132,975.05,340.71,82.06,428.38,1,-1,-1,-1
249,128,25.41,527.90,83.56,240.18,1,-1,-1,-1
249,125,623.45,325.18,161.33,589.12,1,-1,-1,-1
249,115,887.25,335.74,113.66,483.05,1,-1,-1,-1
249,112,1044.34,285.59,180.30,513.53,1,-1,-1,-1
249,108,1336.72,365.76,109.41,372.35,1,-1,-1,-1
249,106,1231.46,408.05,103.24,309.76,1,-1,-1,-1
249,105,1768.42,400.81,103.77,258.18,1,-1,-1,-1
249,83,1530.84,423.01,95.91,288.22,1,-1,-1,-1
249,40,753.61,320.02,186.10,595.39,1,-1,-1,-1
250,132,993.14,336.18,84.01,435.54,1,-1,-1,-1
250,128,26.58,530.75,83.47,238.96,1,-1,-1,-1
250,125,634.62,331.77,149.61,578.47,1,-1,-1,-1
250,115,914.08,337.90,110.68,476.02,1,-1,-1,-1
250,112,1054.70,277.03,177.09,511.65,1,-1,-1,-1
250,108,1337.49,366.06,107.30,367.36,1,-1,-1,-1
250,106,1232.22,388.52,103.38,325.88,1,-1,-1,-1
250,105,1771.38,401.39,104.16,259.91,1,-1,-1,-1
250,83,1537.19,429.17,90.83,277.95,1,-1,-1,-1
250,40,769.31,326.77,180.99,595.54,1,-1,-1,-1
251,132,989.47,329.45,91.84,455.25,1,-1,-1,-1
251,128,28.24,527.13,82.81,245.35,1,-1,-1,-1
251,125,653.36,325.91,148.93,570.39,1,-1,-1,-1
251,115,914.39,344.07,107.50,475.06,1,-1,-1,-1
251,112,1065.74,274.13,182.44,509.49,1,-1,-1,-1
251,108,1341.19,365.84,107.23,366.17,1,-1,-1,-1
251,106,1236.22,383.26,102.49,335.09,1,-1,-1,-1
251,105,1773.76,395.29,105.00,265.64,1,-1,-1,-1
251,83,1530.29,432.58,88.63,274.63,1,-1,-1,-1
251,40,789.17,328.36,183.42,587.48,1,-1,-1,-1
252,132,973.48,353.86,100.92,449.06,1,-1,-1,-1
252,128,30.69,531.62,82.07,245.03,1,-1,-1,-1
252,125,669.78,329.30,147.66,560.90,1,-1,-1,-1
252,112,1068.79,289.28,182.85,506.83,1,-1,-1,-1
252,108,1333.64,376.59,107.50,359.95,1,-1,-1,-1
252,106,1229.94,374.71,104.54,347.47,1,-1,-1,-1
252,105,1778.38,394.69,104.59,268.50,1,-1,-1,-1
252,83,1528.39,431.56,85.99,274.09,1,-1,-1,-1
252,40,808.42,321.68,173.03,586.42,1,-1,-1,-1
253,132,980.91,344.84,106.10,453.30,1,-1,-1,-1
253,128,31.38,531.96,81.23,245.81,1,-1,-1,-1
253,125,688.36,329.86,151.13,559.34,1,-1,-1,-1
253,112,1087.07,292.35,175.24,506.78,1,-1,-1,-1
253,108,1345.47,371.84,107.59,364.46,1,-1,-1,-1
253,106,1223.15,359.44,109.40,356.95,1,-1,-1,-1
253,105,1787.98,402.87,102.82,261.91,1,-1,-1,-1
253,83,1537.29,435.49,84.78,273.59,1,-1,-1,-1
253,40,828.90,328.00,164.75,570.34,1,-1,-1,-1
254,134,1624.09,512.00,76.30,224.35,1,-1,-1,-1
254,132,984.92,350.99,111.15,450.09,1,-1,-1,-1
254,128,24.20,525.13,79.83,243.08,1,-1,-1,-1
254,125,699.82,321.13,157.07,556.22,1,-1,-1,-1
254,112,1089.18,303.42,165.42,510.37,1,-1,-1,-1
254,108,1358.68,374.65,105.50,360.36,1,-1,-1,-1
254,106,1230.37,362.59,110.60,354.78,1,-1,-1,-1
254,105,1790.48,401.11,108.47,264.01,1,-1,-1,-1
254,83,1528.12,429.98,86.28,272.30,1,-1,-1,-1
254,40,852.46,325.62,164.45,560.20,1,-1,-1,-1
255,134,1631.03,516.89,76.91,212.96,1,-1,-1,-1
255,132,997.08,352.46,109.37,449.75,1,-1,-1,-1
255,128,30.26,524.67,78.07,240.57,1,-1,-1,-1
255,125,718.00,320.34,151.22,544.08,1,-1,-1,-1
255,112,1095.56,308.80,161.77,503.46,1,-1,-1,-1
255,108,1358.66,370.52,113.59,354.17,1,-1,-1,-1
255,106,1239.27,362.89,113.50,363.68,1,-1,-1,-1
255,105,1796.92,397.75,112.25,263.11,1,-1,-1,-1
255,83,1525.96,427.61,87.05,274.24,1,-1,-1,-1
255,40,871.61,333.62,161.75,544.17,1,-1,-1,-1
256,134,1634.33,525.34,76.01,203.59,1,-1,-1,-1
256,132,1000.98,352.72,107.54,438.39,1,-1,-1,-1
256,128,32.91,529.74,76.68,245.91,1,-1,-1,-1
256,125,728.91,321.62,146.66,541.04,1,-1,-1,-1
256,112,1111.83,315.53,157.54,498.88,1,-1,-1,-1
256,108,1363.53,378.99,119.55,344.77,1,-1,-1,-1
256,106,1255.47,357.28,108.62,359.27,1,-1,-1,-1
256,105,1795.63,394.66,107.00,259.95,1,-1,-1,-1
256,83,1534.79,431.50,89.79,273.35,1,-1,-1,-1
256,40,888.61,328.92,169.33,542.40,1,-1,-1,-1
257,134,1640.82,526.86,77.82,196.85,1,-1,-1,-1
257,132,1006.28,355.00,108.16,419.93,1,-1,-1,-1
257,128,29.65,531.84,77.38,242.52,1,-1,-1,-1
257,125,750.30,336.88,141.26,536.98,1,-1,-1,-1
257,112,1120.03,315.98,157.22,494.07,1,-1,-1,-1
257,108,1368.16,378.45,110.56,352.46,1,-1,-1,-1
257,106,1253.91,361.12,108.88,358.79,1,-1,-1,-1
257,105,1797.87,398.15,102.81,253.86,1,-1,-1,-1
257,83,1538.31,425.30,89.89,273.36,1,-1,-1,-1
257,40,902.23,344.57,180.54,538.52,1,-1,-1,-1
258,134,1650.42,528.08,81.02,198.92,1,-1,-1,-1
258,128,27.95,531.79,77.13,239.21,1,-1,-1,-1
258,125,764.57,328.77,140.82,525.57,1,-1,-1,-1
258,112,1124.67,313.70,157.09,495.84,1,-1,-1,-1
258,108,1386.02,376.53,105.46,350.53,1,-1,-1,-1
258,106,1260.01,366.53,109.13,354.08,1,-1,-1,-1
258,105,1801.22,395.57,99.59,250.19,1,-1,-1,-1
258,83,1538.51,438.05,92.25,265.77,1,-1,-1,-1
258,40,909.74,333.26,191.91,541.89,1,-1,-1,-1
259,134,1651.68,543.82,75.57,182.22,1,-1,-1,-1
259,128,31.87,531.17,76.87,244.74,1,-1,-1,-1
259,125,780.90,330.71,136.98,531.20,1,-1,-1,-1
259,112,1132.19,313.43,156.07,491.36,1,-1,-1,-1
259,108,1392.13,374.84,103.02,353.53,1,-1,-1,-1
259,106,1276.78,380.28,101.08,349.91,1,-1,-1,-1
259,105,1806.66,392.48,96.68,249.87,1,-1,-1,-1
259,83,1539.67,432.33,92.45,274.07,1,-1,-1,-1
259,40,916.57,318.36,191.57,553.43,1,-1,-1,-1
260,134,1655.36,535.98,71.06,177.50,1,-1,-1,-1
260,128,37.54,521.48,78.93,252.04,1,-1,-1,-1
260,125,792.90,329.91,140.16,523.62,1,-1,-1,-1
260,112,1138.32,311.85,158.49,486.87,1,-1,-1,-1
260,108,1399.46,374.06,102.38,349.72,1,-1,-1,-1
260,106,1290.98,384.55,97.12,346.50,1,-1,-1,-1
260,105,1812.44,397.71,92.35,247.87,1,-1,-1,-1
260,83,1541.47,425.12,93.31,282.16,1,-1,-1,-1
260,40,913.38,316.10,194.43,557.14,1,-1,-1,-1
261,134,1664.68,539.45,69.61,184.25,1,-1,-1,-1
261,132,1053.69,354.30,99.10,418.20,1,-1,-1,-1
261,128,27.34,516.71,82.21,260.94,1,-1,-1,-1
261,125,802.80,340.43,138.28,526.32,1,-1,-1,-1
261,112,1149.15,311.61,153.47,480.80,1,-1,-1,-1
261,108,1402.00,379.05,101.20,354.38,1,-1,-1,-1
261,106,1301.21,389.09,94.78,339.90,1,-1,-1,-1
261,105,1811.50,401.64,99.31,247.81,1,-1,-1,-1
261,83,1541.26,417.94,93.55,287.45,1,-1,-1,-1
261,40,932.36,320.66,199.89,548.34,1,-1,-1,-1
262,134,1669.82,528.80,76.61,203.45,1,-1,-1,-1
262,128,34.17,511.58,85.34,266.58,1,-1,-1,-1
262,125,819.02,336.70,133.24,521.35,1,-1,-1,-1
262,112,1158.41,307.34,142.82,475.54,1,-1,-1,-1
262,108,1402.15,377.26,105.04,357.57,1,-1,-1,-1
262,106,1306.32,403.13,90.61,330.86,1,-1,-1,-1
262,105,1811.64,400.35,96.76,241.55,1,-1,-1,-1
262,83,1538.81,417.16,93.18,282.70,1,-1,-1,-1
262,40,954.14,327.91,192.86,519.17,1,-1,-1,-1
263,134,1667.28,521.07,80.43,200.26,1,-1,-1,-1
263,128,35.65,513.87,85.66,264.04,1,-1,-1,-1
263,125,826.79,336.41,145.99,511.55,1,-1,-1,-1
263,112,1166.79,317.21,153.20,476.72,1,-1,-1,-1
263,108,1403.07,375.99,108.61,362.62,1,-1,-1,-1
263,106,1310.29,398.36,87.13,324.92,1,-1,-1,-1
263,105,1819.33,393.09,95.01,246.03,1,-1,-1,-1
263,83,1537.87,417.46,92.37,285.01,1,-1,-1,-1
263,40,964.55,338.06,188.09,516.74,1,-1,-1,-1
264,138,115.42,507.30,72.62,251.73,1,-1,-1,-1
264,134,1681.67,523.72,81.06,201.31,1,-1,-1,-1
264,128,39.98,512.32,85.20,262.81,1,-1,-1,-1
264,125,834.90,333.48,143.96,505.34,1,-1,-1,-1
264,112,1167.61,337.91,158.89,463.14,1,-1,-1,-1
264,108,1408.36,370.43,111.36,365.10,1,-1,-1,-1
264,106,1323.10,400.82,82.69,312.74,1,-1,-1,-1
264,105,1825.88,401.27,92.35,247.53,1,-1,-1,-1
264,83,1538.92,416.46,89.10,284.43,1,-1,-1,-1
264,40,978.24,359.96,182.75,509.59,1,-1,-1,-1
265,138,106.31,513.31,69.46,250.96,1,-1,-1,-1
265,134,1683.35,525.65,80.77,204.97,1,-1,-1,-1
265,128,26.27,512.41,85.31,263.35,1,-1,-1,-1
265,125,857.79,338.33,142.79,505.27,1,-1,-1,-1
265,112,1169.65,342.11,164.79,461.88,1,-1,-1,-1
265,108,1410.54,373.00,112.40,365.45,1,-1,-1,-1
265,106,1327.71,409.91,79.06,311.70,1,-1,-1,-1
265,105,1827.30,406.05,88.98,247.42,1,-1,-1,-1
265,83,1534.39,427.73,97.53,279.33,1,-1,-1,-1
265,40,995.89,354.87,178.68,510.58,1,-1,-1,-1
266,138,100.94,501.80,70.93,263.62,1,-1,-1,-1
266,134,1692.84,524.62,75.60,206.29,1,-1,-1,-1
266,128,21.84,511.51,85.79,259.61,1,-1,-1,-1
266,125,861.97,338.12,145.71,509.34,1,-1,-1,-1
266,112,1176.12,347.77,173.90,451.86,1,-1,-1,-1
266,108,1417.81,369.23,110.10,368.24,1,-1,-1,-1
266,106,1334.70,418.82,78.16,301.94,1,-1,-1,-1
266,105,1830.54,405.68,86.56,248.67,1,-1,-1,-1
266,83,1536.45,420.48,93.24,279.26,1,-1,-1,-1
266,40,1006.18,340.70,178.08,521.48,1,-1,-1,-1
267,138,101.81,505.88,70.01,260.80,1,-1,-1,-1
267,134,1701.63,523.18,74.49,206.98,1,-1,-1,-1
267,128,20.53,517.48,86.04,251.78,1,-1,-1,-1
267,125,877.48,345.41,150.77,508.32,1,-1,-1,-1
267,112,1178.94,333.01,161.80,458.25,1,-1,-1,-1
267,108,1412.95,368.00,104.21,366.30,1,-1,-1,-1
267,106,1340.59,411.15,79.95,305.64,1,-1,-1,-1
267,105,1832.62,399.87,84.83,254.65,1,-1,-1,-1
267,83,1539.10,417.40,90.14,281.62,1,-1,-1,-1
267,40,1010.40,343.53,180.85,515.63,1,-1,-1,-1
268,138,109.96,496.30,72.79,276.18,1,-1,-1,-1
268,134,1701.33,524.73,76.73,209.05,1,-1,-1,-1
268,128,22.66,526.28,86.80,251.30,1,-1,-1,-1
268,125,886.24,342.61,142.48,501.70,1,-1,-1,-1
268,112,1196.70,342.15,157.86,449.96,1,-1,-1,-1
268,108,1413.80,381.66,111.81,346.58,1,-1,-1,-1
268,106,1340.92,407.40,78.76,308.06,1,-1,-1,-1
268,105,1834.34,401.17,85.11,255.45,1,-1,-1,-1
268,83,1542.94,416.37,87.44,286.68,1,-1,-1,-1
268,40,1027.63,346.25,179.70,523.91,1,-1,-1,-1
269,138,110.33,504.93,71.94,271.41,1,-1,-1,-1
269,134,1704.33,528.65,80.06,214.96,1,-1,-1,-1
269,128,25.58,525.65,85.96,250.42,1,-1,-1,-1
269,125,900.93,335.87,138.89,494.91,1,-1,-1,-1
269,112,1220.46,335.29,152.89,448.41,1,-1,-1,-1
269,108,1416.19,384.57,116.11,341.02,1,-1,-1,-1
269,106,1349.55,409.80,76.05,309.78,1,-1,-1,-1
269,105,1837.23,402.03,82.71,244.44,1,-1,-1,-1
269,83,1548.33,422.67,87.16,290.96,1,-1,-1,-1
269,40,1045.70,337.24,174.46,524.96,1,-1,-1,-1
270,138,110.56,507.74,71.46,270.14,1,-1,-1,-1
270,134,1710.17,522.23,75.27,223.81,1,-1,-1,-1
270,128,26.39,526.13,85.60,248.94,1,-1,-1,-1
270,125,911.76,331.10,140.32,489.09,1,-1,-1,-1
270,112,1231.46,326.79,148.96,457.50,1,-1,-1,-1
270,108,1423.54,380.87,110.35,345.23,1,-1,-1,-1
270,106,1349.34,402.67,71.87,313.56,1,-1,-1,-1
270,105,1843.87,404.41,77.61,234.09,1,-1,-1,-1
270,83,1549.07,419.70,87.52,296.72,1,-1,-1,-1
270,40,1066.70,326.93,166.22,523.95,1,-1,-1,-1
271,138,112.31,512.50,70.29,263.71,1,-1,-1,-1
271,134,1715.34,515.58,76.77,223.64,1,-1,-1,-1
271,128,26.61,526.22,85.85,246.28,1,-1,-1,-1
271,125,916.71,343.61,133.07,488.95,1,-1,-1,-1
271,112,1228.07,329.48,150.20,465.03,1,-1,-1,-1
271,108,1429.45,379.42,107.80,347.21,1,-1,-1,-1
271,106,1350.97,374.87,72.06,323.91,1,-1,-1,-1
271,105,1843.76,412.33,74.41,224.73,1,-1,-1,-1
271,83,1545.62,422.91,88.44,294.69,1,-1,-1,-1
271,40,1069.90,333.85,167.11,516.73,1,-1,-1,-1
272,138,111.67,511.90,70.60,264.69,1,-1,-1,-1
272,134,1725.82,514.64,75.83,212.15,1,-1,-1,-1
272,128,27.10,529.34,85.67,243.64,1,-1,-1,-1
272,125,924.75,332.07,140.90,487.36,1,-1,-1,-1
272,112,1236.83,316.00,145.29,442.97,1,-1,-1,-1
272,108,1431.38,386.58,106.84,342.57,1,-1,-1,-1
272,106,1340.78,358.28,71.04,337.06,1,-1,-1,-1
272,105,1833.61,413.46,71.44,212.30,1,-1,-1,-1
272,83,1549.83,423.56,90.23,292.30,1,-1,-1,-1
272,40,1085.72,331.99,164.31,512.49,1,-1,-1,-1
273,134,1722.39,514.31,74.00,214.02,1,-1,-1,-1
273,128,28.99,534.42,84.42,241.24,1,-1,-1,-1
273,125,934.00,331.23,135.48,489.70,1,-1,-1,-1
273,112,1246.53,331.42,144.40,433.37,1,-1,-1,-1
273,108,1434.81,382.38,106.69,341.25,1,-1,-1,-1
273,105,1848.92,423.75,67.79,206.97,1,-1,-1,-1
273,83,1553.98,424.83,91.54,292.73,1,-1,-1,-1
273,40,1096.17,340.61,164.78,509.99,1,-1,-1,-1
274,134,1723.26,516.63,76.60,214.87,1,-1,-1,-1
274,128,29.27,528.23,82.94,243.30,1,-1,-1,-1
274,125,945.51,346.95,134.10,485.24,1,-1,-1,-1
274,112,1257.21,322.18,141.64,432.19,1,-1,-1,-1
274,108,1433.31,379.48,102.66,344.11,1,-1,-1,-1
274,105,1853.48,425.63,65.50,204.76,1,-1,-1,-1
274,83,1548.94,419.86,91.65,290.91,1,-1,-1,-1
274,40,1105.32,337.46,162.64,515.57,1,-1,-1,-1
275,134,1734.84,522.71,73.76,209.67,1,-1,-1,-1
275,128,28.91,524.15,82.24,245.87,1,-1,-1,-1
275,125,947.69,342.62,131.99,470.42,1,-1,-1,-1
275,112,1267.92,323.09,138.80,432.02,1,-1,-1,-1
275,108,1446.58,378.97,100.70,337.35,1,-1,-1,-1
275,105,1855.69,424.88,63.14,199.42,1,-1,-1,-1
275,83,1546.07,416.78,96.19,298.90,1,-1,-1,-1
275,40,1111.48,335.64,161.47,516.14,1,-1,-1,-1
276,134,1742.26,524.70,73.01,208.40,1,-1,-1,-1
276,128,29.13,519.63,82.17,250.50,1,-1,-1,-1
276,125,955.43,357.04,131.92,457.92,1,-1,-1,-1
276,112,1281.68,319.00,147.27,424.93,1,-1,-1,-1
276,108,1443.39,384.34,96.11,329.43,1,-1,-1,-1
276,105,1856.17,430.90,63.31,196.78,1,-1,-1,-1
276,83,1547.31,420.51,95.53,296.23,1,-1,-1,-1
276,40,1121.67,324.31,159.82,513.74,1,-1,-1,-1
277,134,1747.37,522.29,70.79,206.00,1,-1,-1,-1
277,128,27.05,516.83,82.71,256.19,1,-1,-1,-1
277,125,968.12,349.39,132.50,443.75,1,-1,-1,-1
277,112,1285.55,348.25,137.94,417.20,1,-1,-1,-1
277,108,1456.41,383.96,88.28,328.40,1,-1,-1,-1
277,105,1859.29,424.34,61.66,199.33,1,-1,-1,-1
277,83,1553.05,420.68,92.68,297.41,1,-1,-1,-1
277,40,1133.45,330.54,157.01,507.29,1,-1,-1,-1
278,134,1752.11,514.91,71.35,210.26,1,-1,-1,-1
278,128,25.35,522.67,83.55,248.98,1,-1,-1,-1
278,125,988.07,350.50,130.22,451.10,1,-1,-1,-1
278,112,1293.47,336.71,135.90,424.73,1,-1,-1,-1
278,108,1457.41,385.13,86.76,328.50,1,-1,-1,-1
278,105,1856.99,422.84,62.68,203.46,1,-1,-1,-1
278,83,1557.72,418.68,91.38,298.97,1,-1,-1,-1
278,40,1147.48,334.48,154.55,500.01,1,-1,-1,-1
279,134,1747.54,520.33,68.99,201.44,1,-1,-1,-1
279,128,25.40,521.99,85.09,245.94,1,-1,-1,-1
279,125,988.92,363.83,125.25,450.49,1,-1,-1,-1
279,112,1300.28,346.42,131.82,420.89,1,-1,-1,-1
279,108,1467.86,385.30,87.87,325.07,1,-1,-1,-1
279,105,1858.34,421.88,62.13,214.14,1,-1,-1,-1
279,83,1567.24,409.31,92.09,302.10,1,-1,-1,-1
279,40,1157.13,324.80,152.96,499.78,1,-1,-1,-1
280,134,1743.24,519.68,73.29,197.38,1,-1,-1,-1
280,128,25.45,521.34,86.86,244.72,1,-1,-1,-1
280,125,1003.96,357.53,124.61,449.20,1,-1,-1,-1
280,112,1307.43,346.08,132.63,410.77,1,-1,-1,-1
280,108,1469.62,381.59,88.10,323.24,1,-1,-1,-1
280,105,1858.61,418.39,61.88,224.38,1,-1,-1,-1
280,83,1571.48,402.37,90.40,303.47,1,-1,-1,-1
280,40,1166.37,333.11,152.53,494.00,1,-1,-1,-1
281,134,1740.13,526.54,73.83,200.98,1,-1,-1,-1
281,128,25.31,519.96,88.55,243.59,1,-1,-1,-1
281,125,1014.80,360.13,116.88,447.00,1,-1,-1,-1
281,112,1313.46,354.10,130.09,403.40,1,-1,-1,-1
281,108,1481.37,391.36,89.10,316.23,1,-1,-1,-1
281,105,1858.29,416.09,61.82,228.99,1,-1,-1,-1
281,83,1572.89,412.83,90.30,302.38,1,-1,-1,-1
281,40,1180.74,358.90,157.96,478.45,1,-1,-1,-1
282,134,1732.77,518.22,75.87,208.80,1,-1,-1,-1
282,128,23.11,513.93,89.19,245.57,1,-1,-1,-1
282,125,1023.68,354.13,117.28,455.94,1,-1,-1,-1
282,112,1317.62,350.91,130.08,400.08,1,-1,-1,-1
282,108,1483.95,389.90,87.70,311.67,1,-1,-1,-1
282,105,1857.89,417.38,61.88,226.52,1,-1,-1,-1
282,83,1572.51,427.34,100.02,295.53,1,-1,-1,-1
282,40,1190.58,348.27,165.52,474.71,1,-1,-1,-1
283,134,1726.92,518.24,77.75,213.05,1,-1,-1,-1
283,128,21.07,510.09,89.39,241.96,1,-1,-1,-1
283,125,1031.74,354.92,118.86,460.01,1,-1,-1,-1
283,112,1304.22,357.54,131.18,406.44,1,-1,-1,-1
283,108,1484.03,390.18,86.15,311.34,1,-1,-1,-1
283,105,1856.71,411.78,62.51,221.63,1,-1,-1,-1
283,83,1582.13,439.30,94.40,285.37,1,-1,-1,-1
283,40,1196.39,347.57,169.55,480.27,1,-1,-1,-1
284,134,1731.92,511.47,81.92,219.53,1,-1,-1,-1
284,128,18.70,511.35,90.41,240.07,1,-1,-1,-1
284,125,1047.32,350.96,123.57,455.50,1,-1,-1,-1
284,108,1489.02,391.99,84.41,310.14,1,-1,-1,-1
284,105,1855.24,419.35,63.64,207.56,1,-1,-1,-1
284,83,1584.30,446.99,91.49,280.39,1,-1,-1,-1
284,40,1221.72,340.76,183.89,470.43,1,-1,-1,-1
285,142,1395.40,338.16,89.02,368.43,1,-1,-1,-1
285,134,1727.53,512.34,89.39,233.69,1,-1,-1,-1
285,128,18.15,510.74,91.65,241.80,1,-1,-1,-1
285,125,1056.01,351.13,122.48,459.27,1,-1,-1,-1
285,108,1492.25,389.95,83.40,310.63,1,-1,-1,-1
285,105,1861.70,414.64,59.98,206.16,1,-1,-1,-1
285,83,1583.68,448.79,93.13,276.85,1,-1,-1,-1
285,40,1229.41,341.04,193.55,464.55,1,-1,-1,-1
286,143,1170.41,329.51,101.48,491.16,1,-1,-1,-1
286,142,1366.13,322.90,108.55,412.98,1,-1,-1,-1
286,134,1720.20,514.47,93.09,227.51,1,-1,-1,-1
286,128,19.74,511.87,91.00,238.55,1,-1,-1,-1
286,125,1060.16,350.08,125.48,461.41,1,-1,-1,-1
286,108,1497.51,381.25,84.72,308.91,1,-1,-1,-1
286,105,1865.23,417.21,57.03,202.40,1,-1,-1,-1
286,83,1590.54,445.66,89.23,270.51,1,-1,-1,-1
286,40,1241.22,342.96,183.01,454.91,1,-1,-1,-1
287,143,1166.63,345.57,96.54,452.42,1,-1,-1,-1
287,142,1363.78,319.42,110.06,408.77,1,-1,-1,-1
287,134,1713.03,520.56,99.27,226.30,1,-1,-1,-1
287,128,21.91,516.93,90.58,239.90,1,-1,-1,-1
287,125,1071.21,350.46,125.81,459.69,1,-1,-1,-1
287,108,1505.55,383.26,86.45,315.39,1,-1,-1,-1
287,105,1873.50,413.40,51.05,201.82,1,-1,-1,-1
287,83,1595.28,461.14,85.98,253.28,1,-1,-1,-1
287,40,1252.00,348.79,173.83,446.89,1,-1,-1,-1
288,143,1167.22,336.25,92.17,436.83,1,-1,-1,-1
288,134,1704.49,518.12,102.28,229.92,1,-1,-1,-1
288,128,24.37,525.82,87.27,236.92,1,-1,-1,-1
288,125,1080.32,353.62,121.90,451.16,1,-1,-1,-1
288,108,1507.28,384.55,89.09,309.96,1,-1,-1,-1
288,105,1878.59,413.56,46.13,196.61,1,-1,-1,-1
288,83,1602.24,466.60,82.69,239.39,1,-1,-1,-1
288,40,1274.24,352.32,166.88,440.12,1,-1,-1,-1
289,144,1387.35,344.21,104.20,378.31,1,-1,-1,-1
289,143,1184.58,331.82,96.54,442.14,1,-1,-1,-1
289,134,1706.93,516.11,103.05,227.20,1,-1,-1,-1
289,128,24.65,526.20,85.85,234.08,1,-1,-1,-1
289,125,1083.10,348.42,129.39,455.08,1,-1,-1,-1
289,108,1506.29,377.58,95.02,317.77,1,-1,-1,-1
289,105,1879.04,420.75,43.93,187.84,1,-1,-1,-1
289,83,1598.86,469.60,82.88,232.69,1,-1,-1,-1
289,40,1283.90,347.75,163.89,441.32,1,-1,-1,-1
290,144,1406.92,355.78,95.81,368.04,1,-1,-1,-1
290,143,1192.92,335.30,101.07,449.10,1,-1,-1,-1
290,134,1702.63,523.84,102.97,220.63,1,-1,-1,-1
290,128,25.37,525.17,84.16,233.88,1,-1,-1,-1
290,125,1086.54,350.27,134.54,444.02,1,-1,-1,-1
290,108,1512.08,383.78,97.10,308.60,1,-1,-1,-1
290,105,1878.55,424.66,42.88,179.94,1,-1,-1,-1
290,83,1599.37,465.01,83.70,232.75,1,-1,-1,-1
290,40,1285.48,354.66,182.79,437.97,1,-1,-1,-1
291,144,1406.34,362.92,92.07,374.06,1,-1,-1,-1
291,143,1199.09,342.79,103.41,432.28,1,-1,-1,-1
291,134,1701.19,520.61,102.74,221.89,1,-1,-1,-1
291,128,24.59,525.99,83.18,232.34,1,-1,-1,-1
291,125,1087.65,344.25,125.48,444.41,1,-1,-1,-1
291,108,1516.47,382.64,102.26,302.31,1,-1,-1,-1
291,105,1884.25,421.93,38.66,177.59,1,-1,-1,-1
291,83,1600.24,469.75,83.74,228.19,1,-1,-1,-1
291,40,1289.40,352.78,187.13,441.76,1,-1,-1,-1
292,143,1201.35,347.88,104.93,435.67,1,-1,-1,-1
292,134,1705.08,524.94,95.06,218.97,1,-1,-1,-1
292,128,24.10,524.73,83.18,231.30,1,-1,-1,-1
292,125,1098.98,346.41,124.86,443.75,1,-1,-1,-1
292,108,1517.40,385.42,114.67,302.13,1,-1,-1,-1
292,105,1887.69,419.98,35.23,173.95,1,-1,-1,-1
292,83,1603.26,464.10,79.31,223.23,1,-1,-1,-1
292,40,1294.81,347.42,191.38,449.33,1,-1,-1,-1
293,143,1203.58,342.67,106.55,454.13,1,-1,-1,-1
293,134,1708.46,525.81,97.08,213.33,1,-1,-1,-1
293,128,24.58,525.55,85.09,231.73,1,-1,-1,-1
293,125,1098.91,352.43,120.62,440.24,1,-1,-1,-1
293,108,1513.22,386.14,126.15,306.71,1,-1,-1,-1
293,105,1888.65,416.58,33.27,174.03,1,-1,-1,-1
293,83,1602.18,460.99,80.09,229.34,1,-1,-1,-1
293,40,1295.15,348.19,179.09,448.15,1,-1,-1,-1
294,143,1223.03,347.25,110.81,454.06,1,-1,-1,-1
294,134,1703.92,529.90,96.03,211.60,1,-1,-1,-1
294,128,25.09,532.82,84.62,229.66,1,-1,-1,-1
294,125,1106.41,356.98,125.54,434.75,1,-1,-1,-1
294,108,1520.41,399.20,138.26,298.51,1,-1,-1,-1
294,40,1302.77,353.75,178.44,447.25,1,-1,-1,-1
295,143,1226.89,352.30,111.44,448.26,1,-1,-1,-1
295,134,1704.97,536.25,95.12,211.68,1,-1,-1,-1
295,128,25.56,534.96,84.52,229.17,1,-1,-1,-1
295,125,1108.46,355.86,125.93,428.12,1,-1,-1,-1
295,108,1521.15,398.46,146.70,298.65,1,-1,-1,-1
295,40,1314.03,356.79,188.08,432.91,1,-1,-1,-1
296,143,1228.42,343.75,108.26,457.59,1,-1,-1,-1
