217,4,1048.96,791.58,495.92,287.96,1,-1,-1,-1
218,4,1024.00,757.52,541.39,318.28,1,-1,-1,-1
219,4,1014.59,721.89,552.82,329.98,1,-1,-1,-1
220,4,1013.66,689.76,545.30,331.03,1,-1,-1,-1
221,4,1020.55,659.79,522.57,322.65,1,-1,-1,-1
222,4,1026.21,632.34,497.79,312.52,1,-1,-1,-1
223,4,1027.21,606.71,479.65,306.67,1,-1,-1,-1
224,4,1027.52,586.18,457.01,297.10,1,-1,-1,-1
225,4,1024.18,566.45,440.76,291.21,1,-1,-1,-1
226,4,1018.68,546.84,425.67,285.86,1,-1,-1,-1
227,4,1015.07,527.97,407.92,278.05,1,-1,-1,-1
228,4,1009.87,511.22,392.00,270.71,1,-1,-1,-1
229,4,1000.52,493.47,380.10,265.66,1,-1,-1,-1
230,4,995.28,478.30,366.66,259.07,1,-1,-1,-1
231,4,986.88,461.37,356.44,254.38,1,-1,-1,-1
232,4,979.26,446.50,346.34,249.48,1,-1,-1,-1
233,4,969.43,431.95,335.54,243.70,1,-1,-1,-1
234,4,962.07,419.02,325.05,237.96,1,-1,-1,-1
235,4,954.72,405.03,318.23,234.71,1,-1,-1,-1
236,4,949.52,392.38,308.54,229.00,1,-1,-1,-1
237,4,944.37,379.62,299.37,223.40,1,-1,-1,-1
238,4,942.23,369.96,288.41,216.12,1,-1,-1,-1
239,4,934.76,358.04,282.65,212.90,1,-1,-1,-1
240,4,928.38,347.22,277.80,210.31,1,-1,-1,-1
241,4,924.39,336.62,272.88,207.75,1,-1,-1,-1
242,4,919.60,326.15,268.31,205.55,1,-1,-1,-1
243,4,914.66,315.50,266.45,205.14,1,-1,-1,-1
244,4,914.02,307.67,258.07,199.44,1,-1,-1,-1
245,4,914.01,301.04,250.11,193.94,1,-1,-1,-1
246,4,912.57,294.38,242.96,188.59,1,-1,-1,-1
247,4,908.82,285.86,241.48,187.98,1,-1,-1,-1
248,4,907.63,279.78,236.12,184.20,1,-1,-1,-1
249,4,906.80,272.72,231.90,181.14,1,-1,-1,-1
250,4,905.15,266.59,229.09,179.42,1,-1,-1,-1
251,4,904.72,261.83,224.50,176.24,1,-1,-1,-1
252,4,902.51,255.63,222.37,175.30,1,-1,-1,-1
253,4,901.57,249.03,219.46,173.50,1,-1,-1,-1
254,4,900.08,243.48,216.79,171.79,1,-1,-1,-1
255,4,899.87,238.58,213.19,169.23,1,-1,-1,-1
256,4,900.39,234.75,208.99,166.24,1,-1,-1,-1
257,4,898.99,230.19,206.14,164.41,1,-1,-1,-1
258,4,897.34,226.34,203.36,162.59,1,-1,-1,-1
259,4,895.95,222.41,200.96,161.17,1,-1,-1,-1
260,4,893.68,219.62,197.91,158.89,1,-1,-1,-1
261,4,891.87,215.53,195.03,156.73,1,-1,-1,-1
262,4,891.07,211.89,190.99,153.40,1,-1,-1,-1
263,4,889.51,206.70,187.44,150.35,1,-1,-1,-1
264,4,887.09,203.50,184.06,147.32,1,-1,-1,-1
265,4,884.74,200.44,181.98,145.61,1,-1,-1,-1
266,4,881.60,195.63,181.68,145.59,1,-1,-1,-1
267,4,878.99,191.18,181.68,146.00,1,-1,-1,-1
268,4,876.46,186.79,180.84,145.66,1,-1,-1,-1
269,4,874.76,183.55,178.13,143.65,1,-1,-1,-1
270,4,873.52,179.75,176.17,142.10,1,-1,-1,-1
271,4,872.55,176.87,173.81,140.23,1,-1,-1,-1
272,4,871.15,173.98,171.72,138.41,1,-1,-1,-1
273,4,870.41,171.38,169.94,136.95,1,-1,-1,-1
274,4,869.56,168.35,168.07,135.45,1,-1,-1,-1
275,4,868.76,164.24,167.59,135.10,1,-1,-1,-1
276,4,868.25,161.03,166.36,134.30,1,-1,-1,-1
277,4,867.47,157.70,165.85,134.00,1,-1,-1,-1
278,4,867.71,156.26,163.89,132.50,1,-1,-1,-1
279,4,867.30,154.15,162.20,131.15,1,-1,-1,-1
280,4,866.74,152.62,160.97,130.03,1,-1,-1,-1
281,4,866.36,150.73,159.02,128.44,1,-1,-1,-1
282,4,865.48,147.82,158.98,128.48,1,-1,-1,-1
283,4,862.92,143.44,160.97,130.21,1,-1,-1,-1
284,4,861.80,140.44,160.61,130.02,1,-1,-1,-1
285,4,861.57,138.63,158.09,127.86,1,-1,-1,-1
286,4,861.63,136.35,156.16,126.17,1,-1,-1,-1
287,4,861.56,133.96,154.73,124.97,1,-1,-1,-1
288,4,860.23,131.98,154.02,124.54,1,-1,-1,-1
289,4,859.27,130.63,153.20,123.92,1,-1,-1,-1
290,4,858.55,129.22,152.35,123.24,1,-1,-1,-1
291,4,858.17,127.41,151.38,122.49,1,-1,-1,-1
292,4,857.12,124.73,150.97,122.39,1,-1,-1,-1
293,4,856.69,122.50,149.29,121.10,1,-1,-1,-1
294,4,855.61,120.11,148.20,120.41,1,-1,-1,-1
295,4,854.67,119.25,146.43,118.89,1,-1,-1,-1
296,4,853.79,117.60,145.80,118.40,1,-1,-1,-1
297,4,852.88,115.58,145.01,117.78,1,-1,-1,-1
298,4,852.33,113.62,144.10,117.09,1,-1,-1,-1
299,4,852.38,112.13,141.96,115.33,1,-1,-1,-1
300,4,852.37,110.36,140.08,113.75,1,-1,-1,-1
301,4,851.91,108.40,139.46,113.15,1,-1,-1,-1
302,4,851.33,106.44,139.22,112.89,1,-1,-1,-1
303,4,851.80,105.73,136.84,110.68,1,-1,-1,-1
304,4,849.94,103.69,137.32,110.94,1,-1,-1,-1
305,4,849.57,100.65,137.68,111.08,1,-1,-1,-1
306,4,848.75,98.23,138.14,111.36,1,-1,-1,-1
307,4,848.42,96.54,137.12,110.42,1,-1,-1,-1
308,4,847.15,94.29,136.98,110.28,1,-1,-1,-1
309,4,845.31,92.37,137.27,110.53,1,-1,-1,-1
310,4,843.20,90.60,137.27,110.67,1,-1,-1,-1
311,4,841.41,89.08,136.62,110.31,1,-1,-1,-1
312,4,840.31,87.94,135.22,109.24,1,-1,-1,-1
313,4,837.52,84.76,136.59,110.72,1,-1,-1,-1
314,4,835.53,81.37,137.25,111.69,1,-1,-1,-1
315,4,834.90,80.19,136.24,111.26,1,-1,-1,-1
316,4,834.42,79.40,135.00,110.46,1,-1,-1,-1
317,4,834.42,79.36,132.97,108.87,1,-1,-1,-1
318,4,834.72,78.68,131.12,107.51,1,-1,-1,-1
319,4,834.49,77.67,129.40,106.23,1,-1,-1,-1
320,4,833.70,75.44,129.16,106.32,1,-1,-1,-1
321,4,833.28,75.38,127.61,105.12,1,-1,-1,-1
322,4,832.86,73.32,126.88,104.55,1,-1,-1,-1
323,4,832.77,71.54,126.25,104.07,1,-1,-1,-1
324,4,833.10,70.21,125.51,103.48,1,-1,-1,-1
325,4,832.83,68.54,124.60,102.75,1,-1,-1,-1
326,4,832.80,67.60,124.30,102.47,1,-1,-1,-1
327,4,832.93,66.96,123.02,101.33,1,-1,-1,-1
328,4,832.02,66.69,122.26,100.78,1,-1,-1,-1
329,4,831.56,66.78,121.54,100.22,1,-1,-1,-1
330,4,831.17,66.77,120.90,99.65,1,-1,-1,-1
331,4,830.04,66.23,120.69,99.52,1,-1,-1,-1
332,4,829.21,65.92,120.50,99.36,1,-1,-1,-1
333,4,828.47,65.18,120.90,99.71,1,-1,-1,-1
334,4,827.48,64.70,121.07,99.79,1,-1,-1,-1
335,4,826.28,64.62,120.76,99.60,1,-1,-1,-1
336,4,825.57,63.91,120.35,99.27,1,-1,-1,-1
417,21,1362.49,117.23,222.88,158.00,1,-1,-1,-1
418,21,1363.37,118.75,220.58,155.59,1,-1,-1,-1
419,21,1362.50,119.98,220.20,154.25,1,-1,-1,-1
420,21,1360.10,120.62,221.64,154.29,1,-1,-1,-1
421,21,1357.61,121.38,223.49,154.42,1,-1,-1,-1
422,21,1353.81,121.68,226.47,155.38,1,-1,-1,-1
423,21,1350.49,122.45,227.83,155.17,1,-1,-1,-1
424,21,1344.75,123.94,228.13,153.97,1,-1,-1,-1
425,21,1337.15,124.77,230.05,153.68,1,-1,-1,-1
426,21,1331.16,125.67,231.43,152.79,1,-1,-1,-1
427,21,1325.15,126.20,234.34,153.01,1,-1,-1,-1
427,22,690.69,64.06,135.50,107.92,1,-1,-1,-1
428,21,1321.91,127.32,235.15,151.78,1,-1,-1,-1
428,22,690.52,64.03,137.05,109.26,1,-1,-1,-1
429,21,1319.01,127.98,236.35,150.84,1,-1,-1,-1
429,22,690.73,64.81,137.57,109.82,1,-1,-1,-1
430,21,1317.51,128.28,237.47,150.00,1,-1,-1,-1
430,22,691.43,65.66,137.96,110.41,1,-1,-1,-1
431,21,1316.35,128.88,238.31,149.11,1,-1,-1,-1
431,22,691.99,66.59,138.52,111.20,1,-1,-1,-1
432,21,1315.05,129.08,240.59,149.29,1,-1,-1,-1
432,22,691.60,67.91,139.03,111.93,1,-1,-1,-1
433,21,1312.76,128.67,244.25,150.50,1,-1,-1,-1
433,22,691.02,69.12,139.75,112.87,1,-1,-1,-1
434,21,1311.71,128.55,246.41,150.91,1,-1,-1,-1
434,22,689.88,69.69,140.49,113.86,1,-1,-1,-1
435,21,1310.76,128.80,248.24,151.15,1,-1,-1,-1
435,22,689.65,71.08,140.57,114.38,1,-1,-1,-1
436,21,1310.08,128.95,249.55,151.09,1,-1,-1,-1
436,22,687.81,71.85,140.73,114.96,1,-1,-1,-1
437,21,1309.42,129.21,250.77,150.98,1,-1,-1,-1
437,22,686.64,72.59,141.02,115.69,1,-1,-1,-1
438,21,1309.17,129.45,251.46,150.60,1,-1,-1,-1
438,22,685.73,73.03,141.90,117.01,1,-1,-1,-1
439,21,1308.90,129.43,252.28,150.35,1,-1,-1,-1
439,22,686.40,75.13,140.94,116.87,1,-1,-1,-1
440,21,1308.69,129.40,253.34,150.37,1,-1,-1,-1
440,22,685.97,75.85,141.01,117.56,1,-1,-1,-1
441,21,1308.46,129.37,254.30,150.38,1,-1,-1,-1
441,22,685.24,76.71,141.09,118.19,1,-1,-1,-1
442,21,1308.67,129.58,254.42,149.89,1,-1,-1,-1
442,22,684.18,77.44,140.16,117.94,1,-1,-1,-1
443,21,1308.73,129.70,254.72,149.53,1,-1,-1,-1
443,22,682.95,77.83,140.47,118.70,1,-1,-1,-1
444,21,1308.33,129.62,255.52,149.53,1,-1,-1,-1
444,22,681.80,78.63,140.47,119.12,1,-1,-1,-1
445,21,1308.82,129.66,255.67,149.18,1,-1,-1,-1
445,22,681.34,79.59,140.27,119.50,1,-1,-1,-1
446,21,1309.26,129.76,255.58,148.76,1,-1,-1,-1
446,22,680.39,80.03,140.93,120.68,1,-1,-1,-1
447,21,1309.10,129.70,256.08,148.75,1,-1,-1,-1
447,22,679.97,82.28,140.81,121.04,1,-1,-1,-1
448,21,1309.37,129.61,256.00,148.41,1,-1,-1,-1
448,22,679.06,83.61,141.64,122.18,1,-1,-1,-1
449,21,1308.95,129.17,257.28,149.01,1,-1,-1,-1
449,22,678.03,83.15,142.69,123.68,1,-1,-1,-1
450,21,1308.53,129.07,258.14,149.39,1,-1,-1,-1
450,22,676.82,83.53,143.53,124.97,1,-1,-1,-1
451,21,1308.21,128.97,258.76,149.63,1,-1,-1,-1
451,22,676.47,85.40,142.55,124.50,1,-1,-1,-1
452,21,1308.35,128.87,259.08,149.75,1,-1,-1,-1
452,22,676.64,90.12,139.39,121.71,1,-1,-1,-1
453,21,1308.41,128.70,259.45,149.94,1,-1,-1,-1
453,22,676.08,93.17,138.43,120.80,1,-1,-1,-1
454,21,1308.17,128.62,259.76,150.08,1,-1,-1,-1
454,22,674.76,94.96,138.67,120.92,1,-1,-1,-1
455,21,1307.92,128.52,260.02,150.17,1,-1,-1,-1
455,22,673.96,97.00,138.80,120.96,1,-1,-1,-1
456,21,1308.29,128.77,259.70,149.94,1,-1,-1,-1
456,22,672.63,98.76,139.40,121.40,1,-1,-1,-1
457,21,1308.29,129.15,259.24,149.58,1,-1,-1,-1
457,22,672.03,100.59,139.86,121.76,1,-1,-1,-1
458,21,1308.23,129.55,258.73,149.15,1,-1,-1,-1
458,22,671.02,102.25,141.07,122.75,1,-1,-1,-1
459,21,1308.11,129.75,258.61,148.93,1,-1,-1,-1
459,22,670.66,105.80,140.89,122.38,1,-1,-1,-1
460,21,1307.52,129.84,258.96,149.00,1,-1,-1,-1
460,22,670.41,108.92,140.64,121.90,1,-1,-1,-1
461,21,1308.36,129.91,258.44,148.61,1,-1,-1,-1
461,22,669.63,111.28,140.45,121.43,1,-1,-1,-1
462,21,1308.45,129.90,258.52,148.56,1,-1,-1,-1
462,22,668.29,112.49,141.43,121.99,1,-1,-1,-1
463,21,1308.70,129.90,258.56,148.55,1,-1,-1,-1
463,22,667.14,113.50,142.31,122.54,1,-1,-1,-1
464,21,1308.79,129.85,258.85,148.70,1,-1,-1,-1
464,22,665.74,114.55,144.05,123.95,1,-1,-1,-1
465,21,1308.55,129.89,259.02,148.73,1,-1,-1,-1
465,22,665.39,116.17,144.41,124.20,1,-1,-1,-1
465,24,685.14,58.76,119.74,97.86,1,-1,-1,-1
466,21,1308.15,129.86,259.38,148.87,1,-1,-1,-1
466,22,664.97,118.12,145.20,124.71,1,-1,-1,-1
466,24,684.82,59.58,121.57,99.28,1,-1,-1,-1
467,21,1308.17,129.89,259.30,148.78,1,-1,-1,-1
467,22,663.86,119.21,147.20,126.36,1,-1,-1,-1
467,24,683.03,58.75,125.33,102.41,1,-1,-1,-1
468,21,1308.44,129.94,258.92,148.48,1,-1,-1,-1
468,22,662.76,120.62,149.15,128.04,1,-1,-1,-1
468,24,682.72,59.27,127.29,104.10,1,-1,-1,-1
469,21,1308.32,129.83,259.08,148.54,1,-1,-1,-1
469,22,661.87,121.97,150.71,129.40,1,-1,-1,-1
469,24,683.73,59.41,127.31,104.20,1,-1,-1,-1
470,21,1307.98,129.68,259.32,148.61,1,-1,-1,-1
470,22,660.88,123.71,151.17,129.69,1,-1,-1,-1
470,24,683.92,60.15,127.15,104.14,1,-1,-1,-1
471,21,1307.92,129.51,259.66,148.77,1,-1,-1,-1
471,22,660.62,126.11,151.84,129.99,1,-1,-1,-1
471,24,684.16,60.47,127.40,104.41,1,-1,-1,-1
472,21,1307.37,128.89,260.51,149.22,1,-1,-1,-1
472,22,659.87,127.95,152.46,130.20,1,-1,-1,-1
472,24,684.96,60.66,127.99,105.03,1,-1,-1,-1
473,21,1307.57,128.79,260.50,149.23,1,-1,-1,-1
473,22,659.15,129.82,153.21,130.63,1,-1,-1,-1
473,24,685.99,61.61,128.43,105.58,1,-1,-1,-1
474,21,1307.67,128.63,260.47,149.21,1,-1,-1,-1
474,22,657.62,130.66,155.24,132.26,1,-1,-1,-1
474,24,685.63,61.81,129.98,107.07,1,-1,-1,-1
475,21,1307.69,128.55,260.59,149.31,1,-1,-1,-1
475,22,655.84,131.41,157.97,134.47,1,-1,-1,-1
475,24,685.29,63.42,130.51,107.72,1,-1,-1,-1
476,21,1306.58,128.60,261.53,149.83,1,-1,-1,-1
476,22,654.73,133.62,159.74,135.98,1,-1,-1,-1
476,24,684.36,63.39,132.00,109.24,1,-1,-1,-1
477,21,1306.09,128.73,261.78,149.96,1,-1,-1,-1
477,22,653.77,135.54,161.40,137.44,1,-1,-1,-1
477,24,684.28,62.90,132.68,110.10,1,-1,-1,-1
478,21,1306.23,128.86,261.38,149.70,1,-1,-1,-1
478,22,653.02,138.12,162.16,138.08,1,-1,-1,-1
478,24,683.30,62.78,134.03,111.58,1,-1,-1,-1
479,21,1305.97,129.11,261.22,149.54,1,-1,-1,-1
479,22,652.58,140.77,161.93,137.91,1,-1,-1,-1
479,24,683.13,63.64,134.56,112.36,1,-1,-1,-1
480,21,1305.87,129.00,261.48,149.66,1,-1,-1,-1
480,22,652.49,144.31,161.78,137.79,1,-1,-1,-1
480,24,682.90,64.64,134.88,113.07,1,-1,-1,-1
481,21,1305.35,129.07,262.24,150.06,1,-1,-1,-1
481,22,651.72,146.39,162.92,138.73,1,-1,-1,-1
481,24,683.57,66.86,134.00,112.57,1,-1,-1,-1
482,21,1306.16,129.55,261.22,149.38,1,-1,-1,-1
482,22,650.81,148.43,164.87,140.26,1,-1,-1,-1
482,24,682.35,67.84,135.46,113.95,1,-1,-1,-1
483,21,1305.88,129.59,261.46,149.46,1,-1,-1,-1
483,22,649.88,150.42,166.20,141.28,1,-1,-1,-1
483,24,682.33,68.67,136.28,114.83,1,-1,-1,-1
484,21,1305.83,129.65,261.71,149.60,1,-1,-1,-1
484,22,649.17,152.10,167.34,142.14,1,-1,-1,-1
484,24,682.24,69.90,136.69,115.32,1,-1,-1,-1
485,21,1306.06,129.65,261.50,149.49,1,-1,-1,-1
485,22,648.23,154.01,168.15,142.74,1,-1,-1,-1
485,24,682.65,70.91,137.02,115.82,1,-1,-1,-1
486,21,1305.81,129.51,261.87,149.70,1,-1,-1,-1
486,22,647.88,156.75,168.58,142.99,1,-1,-1,-1
486,24,682.63,71.86,137.63,116.53,1,-1,-1,-1
487,21,1306.03,129.59,261.43,149.37,1,-1,-1,-1
487,22,646.90,159.11,169.63,143.87,1,-1,-1,-1
487,24,683.03,72.70,137.95,117.06,1,-1,-1,-1
488,21,1306.02,129.59,261.35,149.26,1,-1,-1,-1
488,22,646.59,161.74,170.38,144.38,1,-1,-1,-1
488,24,682.68,72.99,138.09,117.40,1,-1,-1,-1
489,21,1306.02,129.47,261.57,149.38,1,-1,-1,-1
489,22,645.82,164.16,172.53,146.28,1,-1,-1,-1
489,24,682.52,73.84,138.46,117.92,1,-1,-1,-1
490,21,1305.93,129.43,261.88,149.60,1,-1,-1,-1
490,22,644.98,167.52,174.38,147.84,1,-1,-1,-1
490,24,681.97,75.04,139.28,118.82,1,-1,-1,-1
491,21,1306.07,129.33,262.02,149.77,1,-1,-1,-1
491,22,644.05,170.11,175.45,148.70,1,-1,-1,-1
491,24,681.40,76.58,139.69,119.36,1,-1,-1,-1
492,21,1306.26,129.31,261.98,149.83,1,-1,-1,-1
492,22,642.63,171.97,177.44,150.51,1,-1,-1,-1
492,24,681.13,79.01,139.06,118.90,1,-1,-1,-1
493,21,1305.76,129.14,262.36,150.06,1,-1,-1,-1
493,22,641.72,174.39,178.76,151.79,1,-1,-1,-1
493,24,680.88,80.22,139.28,119.26,1,-1,-1,-1
494,21,1305.39,129.28,262.34,150.00,1,-1,-1,-1
494,22,640.45,176.09,181.19,154.03,1,-1,-1,-1
494,24,680.75,82.06,139.61,119.78,1,-1,-1,-1
495,21,1305.25,129.15,262.68,150.18,1,-1,-1,-1
495,22,639.25,178.65,183.35,156.15,1,-1,-1,-1
495,24,679.24,81.83,141.00,121.21,1,-1,-1,-1
496,21,1305.12,129.14,262.97,150.32,1,-1,-1,-1
496,22,638.81,181.90,183.31,156.23,1,-1,-1,-1
496,24,678.29,83.42,141.04,121.51,1,-1,-1,-1
497,21,1304.75,128.76,263.54,150.70,1,-1,-1,-1
497,22,637.37,184.82,184.36,157.06,1,-1,-1,-1
497,24,677.20,85.55,142.06,122.60,1,-1,-1,-1
498,21,1304.14,128.52,264.10,151.08,1,-1,-1,-1
498,22,636.71,188.59,184.82,157.39,1,-1,-1,-1
498,24,676.10,86.63,143.12,123.65,1,-1,-1,-1
499,21,1304.20,128.51,263.89,151.02,1,-1,-1,-1
499,22,636.47,191.70,185.69,157.88,1,-1,-1,-1
499,24,674.40,87.87,144.42,124.96,1,-1,-1,-1
500,21,1304.33,128.58,263.71,150.98,1,-1,-1,-1
500,22,635.66,194.16,189.21,160.79,1,-1,-1,-1
500,24,673.11,89.69,144.69,125.37,1,-1,-1,-1
501,21,1304.68,128.50,263.50,151.01,1,-1,-1,-1
501,22,634.30,196.80,191.04,162.24,1,-1,-1,-1
501,24,672.45,91.08,145.32,126.00,1,-1,-1,-1
502,21,1304.84,128.59,263.22,150.92,1,-1,-1,-1
502,22,632.14,199.41,194.39,165.04,1,-1,-1,-1
502,24,672.23,93.29,144.59,125.41,1,-1,-1,-1
503,21,1304.90,128.75,262.90,150.83,1,-1,-1,-1
503,22,630.32,202.03,197.18,167.44,1,-1,-1,-1
503,24,672.64,96.58,142.95,124.01,1,-1,-1,-1
504,21,1305.40,128.81,262.46,150.65,1,-1,-1,-1
504,22,629.04,205.28,198.97,168.93,1,-1,-1,-1
504,24,671.58,97.82,143.50,124.64,1,-1,-1,-1
505,21,1305.18,129.11,262.59,150.74,1,-1,-1,-1
505,22,628.03,208.00,201.26,171.07,1,-1,-1,-1
505,24,670.54,100.08,143.40,124.54,1,-1,-1,-1
506,21,1305.10,129.32,262.51,150.70,1,-1,-1,-1
506,22,627.08,211.66,202.40,172.05,1,-1,-1,-1
506,24,668.44,102.43,144.84,125.81,1,-1,-1,-1
507,21,1304.97,129.39,262.66,150.82,1,-1,-1,-1
507,22,626.35,215.28,203.12,172.74,1,-1,-1,-1
507,24,666.77,104.00,146.63,127.39,1,-1,-1,-1
508,21,1304.98,129.39,262.64,150.84,1,-1,-1,-1
508,22,625.44,218.59,204.01,173.48,1,-1,-1,-1
508,24,666.03,105.54,146.93,127.78,1,-1,-1,-1
509,21,1305.31,129.42,262.35,150.72,1,-1,-1,-1
509,22,623.86,221.95,205.44,174.76,1,-1,-1,-1
509,24,665.53,107.65,146.75,127.62,1,-1,-1,-1
510,21,1305.42,129.36,262.29,150.72,1,-1,-1,-1
510,22,622.54,224.90,206.82,176.08,1,-1,-1,-1
510,24,664.67,110.59,146.66,127.39,1,-1,-1,-1
511,21,1306.33,129.07,261.70,150.47,1,-1,-1,-1
511,22,621.41,227.47,208.69,177.87,1,-1,-1,-1
511,24,663.84,112.15,147.91,128.51,1,-1,-1,-1
512,21,1306.24,128.91,261.36,150.24,1,-1,-1,-1
512,22,618.99,229.90,212.76,181.57,1,-1,-1,-1
512,24,662.66,113.69,148.60,129.18,1,-1,-1,-1
513,21,1306.12,128.78,261.33,150.17,1,-1,-1,-1
513,22,617.42,232.48,216.51,184.94,1,-1,-1,-1
513,24,661.90,115.61,148.87,129.46,1,-1,-1,-1
514,21,1306.01,128.68,261.58,150.29,1,-1,-1,-1
514,22,615.90,235.55,219.33,187.52,1,-1,-1,-1
514,24,660.68,118.35,148.35,129.00,1,-1,-1,-1
515,21,1306.10,128.64,261.43,150.16,1,-1,-1,-1
515,22,615.45,239.89,219.80,187.77,1,-1,-1,-1
515,24,659.54,120.65,148.35,128.99,1,-1,-1,-1
516,21,1305.71,128.36,262.11,150.54,1,-1,-1,-1
516,22,614.47,244.36,221.32,188.96,1,-1,-1,-1
516,24,658.69,122.77,148.98,129.59,1,-1,-1,-1
517,21,1305.93,128.30,261.82,150.27,1,-1,-1,-1
517,22,612.82,247.79,223.73,191.11,1,-1,-1,-1
517,24,657.10,123.97,151.15,131.65,1,-1,-1,-1
518,21,1305.68,128.24,262.12,150.38,1,-1,-1,-1
518,22,611.01,250.55,227.30,194.49,1,-1,-1,-1
518,24,655.24,125.25,154.25,134.59,1,-1,-1,-1
519,21,1305.48,128.28,262.31,150.44,1,-1,-1,-1
519,22,609.43,255.21,230.09,196.95,1,-1,-1,-1
519,24,653.67,126.53,155.92,136.42,1,-1,-1,-1
520,21,1305.27,128.25,262.55,150.54,1,-1,-1,-1
520,22,609.16,261.21,231.17,197.79,1,-1,-1,-1
520,24,652.31,128.27,157.50,138.14,1,-1,-1,-1
521,21,1305.69,127.84,262.62,150.64,1,-1,-1,-1
521,22,606.83,267.06,233.77,199.85,1,-1,-1,-1
521,24,652.13,130.84,157.63,138.23,1,-1,-1,-1
522,21,1305.12,127.68,263.30,151.07,1,-1,-1,-1
522,22,603.95,273.28,237.31,202.70,1,-1,-1,-1
522,24,653.12,134.25,156.94,137.48,1,-1,-1,-1
523,21,1305.26,127.68,263.18,151.09,1,-1,-1,-1
523,22,602.24,280.76,240.26,205.20,1,-1,-1,-1
523,24,653.24,137.09,156.95,137.34,1,-1,-1,-1
524,21,1305.64,128.15,262.62,150.73,1,-1,-1,-1
524,22,599.39,287.99,244.05,208.78,1,-1,-1,-1
524,24,653.99,140.47,156.82,136.94,1,-1,-1,-1
525,21,1306.90,128.86,261.13,149.90,1,-1,-1,-1
525,22,595.90,295.05,249.10,213.45,1,-1,-1,-1
525,24,653.09,146.74,158.88,138.16,1,-1,-1,-1
526,21,1307.34,129.34,260.16,149.42,1,-1,-1,-1
526,22,591.62,302.78,254.83,218.96,1,-1,-1,-1
526,24,652.56,149.68,160.91,139.42,1,-1,-1,-1
527,21,1308.69,129.63,258.72,148.75,1,-1,-1,-1
527,22,589.16,310.18,258.44,222.53,1,-1,-1,-1
527,24,652.24,152.08,162.46,140.41,1,-1,-1,-1
528,21,1307.93,129.85,258.53,148.66,1,-1,-1,-1
528,22,586.53,317.65,261.75,225.70,1,-1,-1,-1
528,24,651.65,154.52,163.63,141.20,1,-1,-1,-1
529,21,1307.03,130.24,258.53,148.50,1,-1,-1,-1
529,22,583.63,325.30,265.13,228.89,1,-1,-1,-1
529,24,651.26,156.52,164.37,141.63,1,-1,-1,-1
530,21,1306.98,130.62,258.04,148.14,1,-1,-1,-1
530,22,579.96,333.32,269.29,232.94,1,-1,-1,-1
530,24,651.28,158.74,163.95,140.91,1,-1,-1,-1
531,21,1307.40,130.96,257.73,148.05,1,-1,-1,-1
531,22,577.84,342.82,271.12,234.83,1,-1,-1,-1
531,24,650.60,161.11,164.66,141.15,1,-1,-1,-1
532,21,1306.08,131.32,258.07,148.32,1,-1,-1,-1
532,22,575.40,352.35,273.99,237.23,1,-1,-1,-1
532,24,649.40,163.42,167.30,143.05,1,-1,-1,-1
533,21,1305.28,131.88,257.83,148.24,1,-1,-1,-1
533,22,573.33,363.84,275.81,238.71,1,-1,-1,-1
533,24,648.46,165.91,169.50,144.61,1,-1,-1,-1
534,21,1301.45,132.78,258.81,148.69,1,-1,-1,-1
534,22,571.01,375.71,278.78,241.24,1,-1,-1,-1
534,24,648.17,168.50,171.82,146.25,1,-1,-1,-1
535,21,1299.35,132.44,259.87,149.52,1,-1,-1,-1
535,22,566.78,385.55,282.52,244.68,1,-1,-1,-1
535,24,647.99,170.96,173.69,147.72,1,-1,-1,-1
536,21,1293.80,131.93,262.57,151.34,1,-1,-1,-1
536,22,561.41,396.30,287.91,249.40,1,-1,-1,-1
536,24,647.75,173.05,175.29,148.96,1,-1,-1,-1
537,21,1288.46,132.98,262.57,151.32,1,-1,-1,-1
537,22,557.16,406.77,291.76,252.71,1,-1,-1,-1
537,24,646.78,175.15,177.52,150.79,1,-1,-1,-1
538,21,1282.65,134.47,261.39,150.41,1,-1,-1,-1
538,22,554.37,419.38,293.35,253.84,1,-1,-1,-1
538,24,644.95,177.02,180.93,153.72,1,-1,-1,-1
539,21,1275.47,135.58,260.94,149.69,1,-1,-1,-1
539,22,548.77,431.41,298.39,257.77,1,-1,-1,-1
539,24,645.24,179.74,182.40,155.04,1,-1,-1,-1
540,21,1268.06,136.89,260.63,148.91,1,-1,-1,-1
540,22,542.64,442.59,304.36,262.67,1,-1,-1,-1
540,24,645.27,183.10,183.56,156.00,1,-1,-1,-1
541,21,1261.30,136.55,261.53,149.24,1,-1,-1,-1
541,22,538.43,453.51,310.32,267.61,1,-1,-1,-1
541,24,645.03,186.89,184.15,156.12,1,-1,-1,-1
542,21,1254.05,138.66,259.30,147.50,1,-1,-1,-1
542,22,530.63,465.68,316.46,272.94,1,-1,-1,-1
542,24,645.19,190.29,185.46,156.79,1,-1,-1,-1
543,21,1242.54,139.43,260.47,147.65,1,-1,-1,-1
543,22,524.29,477.43,321.45,277.23,1,-1,-1,-1
543,24,644.33,192.84,188.55,159.26,1,-1,-1,-1
544,21,1229.60,140.95,262.32,148.11,1,-1,-1,-1
544,22,517.81,489.25,328.77,283.73,1,-1,-1,-1
544,24,644.34,195.85,191.02,161.24,1,-1,-1,-1
545,21,1215.85,143.04,263.76,148.22,1,-1,-1,-1
545,22,510.97,502.02,332.99,287.65,1,-1,-1,-1
545,24,644.03,198.68,193.68,163.42,1,-1,-1,-1
546,21,1201.14,145.35,266.27,149.32,1,-1,-1,-1
546,22,502.33,515.47,338.15,292.35,1,-1,-1,-1
546,24,643.59,201.84,195.17,164.52,1,-1,-1,-1
547,21,1187.99,146.01,268.73,150.54,1,-1,-1,-1
547,22,493.26,529.71,344.34,298.05,1,-1,-1,-1
547,24,643.11,204.95,196.93,165.88,1,-1,-1,-1
548,21,1175.11,147.03,269.96,150.86,1,-1,-1,-1
548,22,481.98,546.49,348.44,301.75,1,-1,-1,-1
548,24,641.68,207.79,200.68,168.91,1,-1,-1,-1
549,21,1163.36,149.06,267.23,149.06,1,-1,-1,-1
549,22,472.64,564.57,351.17,303.69,1,-1,-1,-1
549,24,641.73,211.31,202.42,170.20,1,-1,-1,-1
550,21,1148.76,150.62,268.27,149.15,1,-1,-1,-1
550,22,459.97,582.51,357.02,308.30,1,-1,-1,-1
550,24,641.40,214.97,203.67,171.02,1,-1,-1,-1
551,21,1128.12,151.91,270.42,150.48,1,-1,-1,-1
551,22,445.04,600.37,364.40,314.38,1,-1,-1,-1
551,24,640.65,218.26,205.76,172.74,1,-1,-1,-1
552,21,1107.04,154.14,266.08,148.64,1,-1,-1,-1
552,22,428.33,617.69,374.24,322.98,1,-1,-1,-1
552,24,639.41,221.87,207.54,174.13,1,-1,-1,-1
553,21,1091.90,154.94,267.16,149.09,1,-1,-1,-1
553,22,414.40,637.44,381.18,329.27,1,-1,-1,-1
553,24,638.99,224.98,210.35,176.42,1,-1,-1,-1
554,21,1077.05,156.36,267.65,149.17,1,-1,-1,-1
554,22,395.75,656.57,393.06,340.70,1,-1,-1,-1
554,24,637.02,228.05,213.70,179.33,1,-1,-1,-1
555,21,1061.10,157.56,269.23,149.96,1,-1,-1,-1
555,22,378.37,679.96,398.67,346.65,1,-1,-1,-1
555,24,633.99,229.79,218.91,184.04,1,-1,-1,-1
556,21,1043.87,158.66,270.53,150.47,1,-1,-1,-1
556,22,361.15,706.53,402.35,350.39,1,-1,-1,-1
556,24,632.04,233.01,221.89,186.83,1,-1,-1,-1
557,21,1028.69,159.74,271.40,151.04,1,-1,-1,-1
557,22,352.40,739.15,390.27,337.92,1,-1,-1,-1
557,24,630.85,236.68,223.40,188.23,1,-1,-1,-1
558,21,1009.71,161.13,272.38,151.85,1,-1,-1,-1
558,22,341.66,766.90,372.72,318.01,1,-1,-1,-1
558,24,629.94,240.80,224.75,189.26,1,-1,-1,-1
559,21,990.75,162.55,273.74,152.76,1,-1,-1,-1
559,22,334.15,794.07,352.34,293.75,1,-1,-1,-1
559,24,629.99,246.25,226.59,190.64,1,-1,-1,-1
560,21,971.91,163.26,277.09,155.09,1,-1,-1,-1
560,22,324.17,814.05,350.42,292.15,1,-1,-1,-1
560,24,628.91,251.44,229.21,192.81,1,-1,-1,-1
561,21,952.02,163.46,279.98,157.40,1,-1,-1,-1
561,24,627.63,256.74,232.42,195.49,1,-1,-1,-1
562,21,933.08,163.10,281.97,159.49,1,-1,-1,-1
562,24,626.27,262.80,234.20,197.03,1,-1,-1,-1
563,21,913.00,163.32,282.66,160.86,1,-1,-1,-1
563,24,624.97,270.62,234.70,197.03,1,-1,-1,-1
564,21,897.31,164.62,280.81,160.92,1,-1,-1,-1
564,24,623.92,278.22,238.70,200.27,1,-1,-1,-1
565,21,881.71,166.49,277.56,160.33,1,-1,-1,-1
565,24,621.50,285.89,243.06,204.05,1,-1,-1,-1
566,21,864.77,168.25,274.70,160.10,1,-1,-1,-1
566,24,619.24,294.18,247.24,208.09,1,-1,-1,-1
567,21,847.77,169.45,272.52,160.25,1,-1,-1,-1
567,24,616.43,301.88,252.34,212.90,1,-1,-1,-1
568,21,831.41,171.00,269.74,160.05,1,-1,-1,-1
568,24,615.47,310.82,254.62,215.10,1,-1,-1,-1
569,21,815.49,172.40,268.53,161.02,1,-1,-1,-1
569,24,611.52,317.43,260.39,220.64,1,-1,-1,-1
570,21,799.20,173.52,267.86,162.55,1,-1,-1,-1
570,24,609.03,326.41,263.98,224.31,1,-1,-1,-1
571,21,784.46,175.86,264.81,162.49,1,-1,-1,-1
571,24,606.26,334.97,268.27,228.30,1,-1,-1,-1
572,21,769.63,177.81,263.45,163.61,1,-1,-1,-1
572,24,605.20,347.35,269.73,229.50,1,-1,-1,-1
573,21,755.34,179.33,262.76,165.09,1,-1,-1,-1
573,24,601.35,357.32,274.88,233.57,1,-1,-1,-1
574,21,742.89,182.10,260.07,165.00,1,-1,-1,-1
574,24,598.32,369.64,278.39,236.24,1,-1,-1,-1
575,21,731.33,184.57,256.48,164.59,1,-1,-1,-1
575,24,594.24,380.95,283.52,240.56,1,-1,-1,-1
576,21,719.49,188.18,252.75,163.97,1,-1,-1,-1
576,24,587.33,393.71,290.46,246.60,1,-1,-1,-1
577,21,707.83,190.60,252.16,165.46,1,-1,-1,-1
577,24,581.20,406.03,294.82,250.42,1,-1,-1,-1
578,21,696.74,192.42,251.45,167.03,1,-1,-1,-1
578,24,575.49,419.18,297.77,252.92,1,-1,-1,-1
579,21,685.44,195.45,249.65,167.82,1,-1,-1,-1
579,24,568.98,432.83,303.33,257.84,1,-1,-1,-1
580,21,674.93,198.86,249.46,169.58,1,-1,-1,-1
580,24,561.82,446.69,307.92,261.58,1,-1,-1,-1
581,21,665.70,201.63,247.98,170.52,1,-1,-1,-1
581,24,551.94,459.01,315.95,268.54,1,-1,-1,-1
582,21,656.51,203.94,246.98,171.67,1,-1,-1,-1
582,24,541.09,470.91,324.01,275.52,1,-1,-1,-1
583,21,647.12,206.37,246.78,173.27,1,-1,-1,-1
583,24,532.31,484.27,328.50,279.23,1,-1,-1,-1
584,21,639.64,209.33,245.65,174.09,1,-1,-1,-1
584,24,522.54,497.97,336.09,285.81,1,-1,-1,-1
585,21,633.43,212.13,243.52,174.31,1,-1,-1,-1
585,24,511.94,511.67,343.10,292.09,1,-1,-1,-1
586,21,626.08,215.95,242.12,174.98,1,-1,-1,-1
586,24,500.66,526.68,349.56,297.98,1,-1,-1,-1
587,21,620.06,218.58,241.81,176.43,1,-1,-1,-1
587,24,487.58,543.84,355.05,303.03,1,-1,-1,-1
588,21,615.17,221.84,241.43,177.67,1,-1,-1,-1
588,24,476.50,564.02,357.55,305.15,1,-1,-1,-1
589,21,609.58,223.90,242.41,180.06,1,-1,-1,-1
589,24,459.65,582.28,364.03,310.65,1,-1,-1,-1
590,21,603.69,226.67,243.06,182.16,1,-1,-1,-1
590,24,444.14,601.66,372.37,317.94,1,-1,-1,-1
591,21,598.18,229.15,245.39,185.61,1,-1,-1,-1
591,24,426.63,620.92,380.74,325.26,1,-1,-1,-1
592,21,594.24,231.58,245.71,187.42,1,-1,-1,-1
592,24,409.17,641.97,390.76,334.20,1,-1,-1,-1
593,21,591.06,234.84,245.24,188.42,1,-1,-1,-1
593,24,388.30,664.03,400.31,343.37,1,-1,-1,-1
594,21,589.63,239.01,244.05,188.71,1,-1,-1,-1
594,24,367.51,690.75,408.11,351.02,1,-1,-1,-1
595,21,586.27,242.92,244.98,190.54,1,-1,-1,-1
595,24,352.43,720.04,407.11,349.60,1,-1,-1,-1
596,21,583.21,246.90,247.38,193.37,1,-1,-1,-1
596,24,341.49,751.08,390.11,331.42,1,-1,-1,-1
597,21,581.19,251.10,249.02,195.60,1,-1,-1,-1
597,24,333.33,782.53,367.14,305.26,1,-1,-1,-1
598,21,577.78,254.95,252.60,199.53,1,-1,-1,-1
598,24,324.13,813.35,342.88,275.75,1,-1,-1,-1
599,21,575.05,261.01,253.39,201.14,1,-1,-1,-1
599,24,313.45,835.06,338.60,272.31,1,-1,-1,-1
600,21,572.90,267.54,254.00,202.48,1,-1,-1,-1
601,21,569.55,275.09,258.11,206.65,1,-1,-1,-1
602,21,566.92,282.15,260.17,209.18,1,-1,-1,-1
603,21,563.14,290.29,263.67,213.21,1,-1,-1,-1
604,21,559.69,297.95,267.50,217.67,1,-1,-1,-1
605,21,555.46,305.61,271.62,222.34,1,-1,-1,-1
606,21,552.37,313.77,272.66,224.04,1,-1,-1,-1
607,21,548.20,321.17,275.24,227.05,1,-1,-1,-1
608,21,543.83,328.91,279.66,231.80,1,-1,-1,-1
609,21,541.02,339.02,280.90,233.89,1,-1,-1,-1
610,21,536.80,348.54,284.04,237.34,1,-1,-1,-1
611,21,531.98,359.60,287.64,240.86,1,-1,-1,-1
612,21,527.14,370.46,291.26,244.58,1,-1,-1,-1
613,21,523.31,382.53,293.32,246.97,1,-1,-1,-1
614,21,518.19,393.38,298.42,252.26,1,-1,-1,-1
615,21,512.86,405.57,302.60,256.39,1,-1,-1,-1
616,21,508.38,418.65,302.57,256.48,1,-1,-1,-1
617,21,502.62,431.32,306.16,259.62,1,-1,-1,-1
618,21,495.75,443.89,311.48,264.22,1,-1,-1,-1
619,21,488.04,456.22,317.93,269.77,1,-1,-1,-1
620,21,479.09,467.45,326.00,277.47,1,-1,-1,-1
621,21,470.87,478.78,331.59,283.03,1,-1,-1,-1
622,21,461.60,492.73,336.42,287.65,1,-1,-1,-1
623,21,451.16,505.69,342.48,293.50,1,-1,-1,-1
624,21,440.32,519.89,349.80,300.60,1,-1,-1,-1
625,21,429.51,534.78,356.17,307.04,1,-1,-1,-1
626,21,419.53,552.89,359.68,310.41,1,-1,-1,-1
627,21,409.17,570.95,364.17,314.38,1,-1,-1,-1
628,21,395.44,591.83,367.32,317.34,1,-1,-1,-1
629,21,380.32,609.64,378.72,327.76,1,-1,-1,-1
630,21,364.22,629.33,384.90,333.68,1,-1,-1,-1
631,21,346.80,650.19,394.92,343.43,1,-1,-1,-1
632,21,328.51,672.25,404.38,353.01,1,-1,-1,-1
633,21,314.04,698.53,408.89,357.57,1,-1,-1,-1
634,21,303.70,727.98,402.00,349.14,1,-1,-1,-1
635,21,297.91,758.08,383.17,327.35,1,-1,-1,-1
636,21,291.04,789.20,360.15,299.25,1,-1,-1,-1
637,21,281.31,809.62,358.42,297.83,1,-1,-1,-1
700,29,882.81,826.47,600.06,254.77,1,-1,-1,-1
701,29,863.54,803.50,647.53,277.43,1,-1,-1,-1
702,29,846.23,780.72,690.64,300.23,1,-1,-1,-1
703,29,830.52,757.79,727.88,322.72,1,-1,-1,-1
704,29,816.62,734.83,758.25,344.64,1,-1,-1,-1
705,29,807.58,712.91,782.50,366.18,1,-1,-1,-1
706,29,802.39,694.29,796.90,385.26,1,-1,-1,-1
707,29,801.14,675.58,805.72,403.60,1,-1,-1,-1
708,29,800.27,655.65,812.27,422.66,1,-1,-1,-1
709,29,803.93,637.47,807.35,437.29,1,-1,-1,-1
710,29,817.83,620.24,781.46,440.36,1,-1,-1,-1
711,29,835.46,604.39,743.29,435.67,1,-1,-1,-1
712,29,848.53,588.20,711.72,432.98,1,-1,-1,-1
713,29,864.65,573.09,679.34,428.72,1,-1,-1,-1
714,29,881.63,561.11,642.11,419.36,1,-1,-1,-1
715,29,895.59,544.74,610.41,412.07,1,-1,-1,-1
716,29,905.65,529.55,582.68,405.60,1,-1,-1,-1
717,29,915.72,515.51,556.03,398.02,1,-1,-1,-1
718,29,920.86,500.50,537.24,395.16,1,-1,-1,-1
719,29,924.01,489.35,516.97,389.46,1,-1,-1,-1
720,29,928.17,479.56,497.89,383.54,1,-1,-1,-1
721,29,930.33,468.42,480.94,378.08,1,-1,-1,-1
722,29,933.73,459.24,462.91,370.31,1,-1,-1,-1
723,29,934.71,447.58,450.55,366.52,1,-1,-1,-1
724,29,934.96,437.73,438.27,362.18,1,-1,-1,-1
725,29,936.27,426.70,426.06,356.74,1,-1,-1,-1
726,29,934.11,415.75,415.87,352.58,1,-1,-1,-1
727,29,932.74,405.64,407.31,349.58,1,-1,-1,-1
728,29,929.85,397.07,398.34,345.53,1,-1,-1,-1
729,29,927.43,389.78,388.76,339.87,1,-1,-1,-1
730,29,926.53,381.86,378.81,333.13,1,-1,-1,-1
731,29,921.90,373.28,371.77,328.95,1,-1,-1,-1
732,29,917.49,362.89,366.37,325.90,1,-1,-1,-1
733,29,914.10,354.06,359.53,321.35,1,-1,-1,-1
734,29,908.69,344.41,355.76,319.35,1,-1,-1,-1
735,29,906.06,335.23,350.87,316.10,1,-1,-1,-1
736,29,902.02,328.83,347.32,313.53,1,-1,-1,-1
737,29,896.78,321.33,343.45,310.70,1,-1,-1,-1
738,29,891.97,314.76,339.80,307.99,1,-1,-1,-1
739,29,890.76,309.33,331.39,300.07,1,-1,-1,-1
740,29,889.03,304.30,324.60,293.61,1,-1,-1,-1
741,29,885.90,297.65,320.52,289.78,1,-1,-1,-1
742,29,884.21,291.48,314.08,283.42,1,-1,-1,-1
743,29,881.70,285.26,310.93,280.20,1,-1,-1,-1
744,29,880.68,278.67,306.91,276.29,1,-1,-1,-1
745,29,878.41,271.27,305.30,275.00,1,-1,-1,-1
746,29,878.32,266.20,301.41,271.33,1,-1,-1,-1
747,29,879.03,261.83,295.87,265.95,1,-1,-1,-1
748,29,877.07,255.52,293.77,263.87,1,-1,-1,-1
749,29,876.06,250.75,290.55,261.28,1,-1,-1,-1
750,29,874.72,245.13,289.36,260.13,1,-1,-1,-1
751,29,872.66,239.89,287.51,258.05,1,-1,-1,-1
752,29,870.42,234.00,286.23,257.31,1,-1,-1,-1
753,29,869.36,229.73,282.37,253.84,1,-1,-1,-1
754,29,869.31,225.71,277.10,248.63,1,-1,-1,-1
755,29,867.58,222.66,273.23,245.03,1,-1,-1,-1
756,29,865.54,219.16,271.42,243.55,1,-1,-1,-1
757,29,864.75,216.33,267.62,239.63,1,-1,-1,-1
758,29,862.82,212.97,264.07,236.17,1,-1,-1,-1
759,29,860.59,210.44,260.87,232.86,1,-1,-1,-1
760,29,857.05,207.20,259.97,231.76,1,-1,-1,-1
761,29,853.05,203.82,259.34,230.81,1,-1,-1,-1
762,29,850.49,201.45,256.94,228.25,1,-1,-1,-1
763,29,849.41,199.99,252.92,224.18,1,-1,-1,-1
764,29,845.11,197.03,252.55,223.86,1,-1,-1,-1
765,29,840.83,194.00,250.53,222.20,1,-1,-1,-1
766,29,839.18,191.71,247.55,219.52,1,-1,-1,-1
767,29,836.57,187.38,246.20,218.40,1,-1,-1,-1
768,29,835.64,184.30,242.51,215.13,1,-1,-1,-1
769,29,833.81,181.69,240.25,212.96,1,-1,-1,-1
770,29,833.17,178.78,237.48,210.63,1,-1,-1,-1
771,29,831.82,176.24,236.26,209.87,1,-1,-1,-1
772,29,831.18,173.38,235.44,209.29,1,-1,-1,-1
773,29,830.23,170.51,234.14,208.33,1,-1,-1,-1
774,29,829.88,168.45,232.11,207.01,1,-1,-1,-1
775,29,829.46,166.42,230.79,206.17,1,-1,-1,-1
776,29,829.44,162.71,230.10,205.81,1,-1,-1,-1
777,29,830.65,161.20,226.68,203.00,1,-1,-1,-1
778,29,830.50,158.52,225.20,201.87,1,-1,-1,-1
779,29,831.28,157.09,222.64,199.56,1,-1,-1,-1
780,29,832.30,155.06,220.49,197.66,1,-1,-1,-1
781,29,832.55,152.83,218.59,196.01,1,-1,-1,-1
782,29,832.80,150.04,218.04,195.60,1,-1,-1,-1
783,29,833.06,146.71,217.17,195.04,1,-1,-1,-1
784,29,834.07,144.99,215.04,193.55,1,-1,-1,-1
785,29,834.58,143.03,212.53,191.54,1,-1,-1,-1
786,29,835.68,140.90,210.60,190.13,1,-1,-1,-1
787,29,836.56,140.18,207.99,187.91,1,-1,-1,-1
788,29,837.61,139.28,205.66,185.80,1,-1,-1,-1
789,29,838.22,137.24,203.49,183.99,1,-1,-1,-1
790,29,836.91,134.77,204.02,184.81,1,-1,-1,-1
791,29,838.02,132.44,202.12,183.25,1,-1,-1,-1
792,29,837.69,130.43,200.53,182.01,1,-1,-1,-1
793,29,839.01,128.87,197.85,179.50,1,-1,-1,-1
794,29,839.53,127.28,194.81,176.57,1,-1,-1,-1
795,29,839.44,123.91,194.36,176.21,1,-1,-1,-1
796,29,839.22,122.25,193.98,175.91,1,-1,-1,-1
797,29,839.71,121.48,191.05,173.21,1,-1,-1,-1
798,29,840.38,120.45,188.68,170.92,1,-1,-1,-1
799,29,841.11,120.11,186.39,168.49,1,-1,-1,-1
800,29,841.56,119.19,184.93,166.91,1,-1,-1,-1
801,29,841.89,118.39,183.39,165.39,1,-1,-1,-1
802,29,842.46,117.75,181.31,163.32,1,-1,-1,-1
803,29,843.48,116.92,179.69,161.83,1,-1,-1,-1
804,29,843.80,115.80,179.13,161.38,1,-1,-1,-1
805,29,843.86,115.07,178.26,160.62,1,-1,-1,-1
806,29,844.61,114.15,177.00,159.66,1,-1,-1,-1
807,29,845.20,111.60,176.36,159.37,1,-1,-1,-1
808,29,845.74,109.73,175.52,158.85,1,-1,-1,-1
809,29,845.86,106.90,175.99,159.60,1,-1,-1,-1
810,29,846.83,106.86,172.76,156.66,1,-1,-1,-1
811,29,848.48,107.19,168.84,152.82,1,-1,-1,-1
812,29,847.88,106.31,167.41,151.23,1,-1,-1,-1
813,29,846.75,104.47,167.32,150.92,1,-1,-1,-1
814,29,845.79,102.64,167.90,151.29,1,-1,-1,-1
815,29,844.51,100.84,168.23,151.37,1,-1,-1,-1
816,29,843.14,98.60,169.02,151.90,1,-1,-1,-1
817,29,843.26,97.55,167.86,150.71,1,-1,-1,-1
818,29,842.88,95.27,167.80,150.50,1,-1,-1,-1
819,29,841.70,92.03,168.42,150.98,1,-1,-1,-1
820,29,840.18,89.40,168.24,150.73,1,-1,-1,-1
821,29,840.01,88.34,166.82,149.32,1,-1,-1,-1
822,29,839.27,87.51,165.82,148.18,1,-1,-1,-1
823,29,838.66,87.45,163.85,145.84,1,-1,-1,-1
824,29,838.29,86.94,163.10,144.53,1,-1,-1,-1
825,29,837.37,86.21,162.38,143.22,1,-1,-1,-1
826,29,835.81,85.64,161.87,142.10,1,-1,-1,-1
827,29,834.81,85.04,161.34,141.12,1,-1,-1,-1
828,29,834.30,83.79,160.18,139.59,1,-1,-1,-1
829,29,833.81,82.75,158.81,137.99,1,-1,-1,-1
830,29,833.17,81.54,158.01,136.97,1,-1,-1,-1
831,29,832.02,78.01,158.85,137.62,1,-1,-1,-1
832,29,831.21,75.80,159.42,138.09,1,-1,-1,-1
833,29,830.07,73.94,159.81,138.48,1,-1,-1,-1
834,29,828.86,72.35,160.24,139.07,1,-1,-1,-1
835,29,826.83,70.13,161.46,140.48,1,-1,-1,-1
836,29,825.75,69.42,161.00,140.32,1,-1,-1,-1
837,29,824.67,67.01,161.48,141.12,1,-1,-1,-1
838,29,823.68,63.72,161.12,141.35,1,-1,-1,-1
839,29,823.14,61.79,159.94,140.80,1,-1,-1,-1
840,29,822.48,60.35,158.99,140.47,1,-1,-1,-1
841,29,822.05,59.44,156.81,139.09,1,-1,-1,-1
842,29,821.28,57.20,156.03,138.97,1,-1,-1,-1
842,36,16.36,223.37,446.61,255.84,1,-1,-1,-1
843,29,820.74,56.07,154.49,137.98,1,-1,-1,-1
843,36,22.17,224.72,454.46,259.46,1,-1,-1,-1
844,29,820.27,56.20,152.34,136.31,1,-1,-1,-1
844,36,31.73,227.65,454.81,258.02,1,-1,-1,-1
845,29,820.12,56.43,150.39,134.53,1,-1,-1,-1
845,36,37.88,226.73,466.81,263.09,1,-1,-1,-1
846,29,819.50,56.01,148.82,133.10,1,-1,-1,-1
846,36,49.90,230.17,465.23,259.75,1,-1,-1,-1
847,29,819.32,56.06,147.35,131.75,1,-1,-1,-1
847,36,66.44,232.72,465.14,257.16,1,-1,-1,-1
848,29,818.08,54.51,147.96,132.35,1,-1,-1,-1
848,36,85.96,232.31,469.70,257.86,1,-1,-1,-1
849,29,816.51,52.45,147.93,132.57,1,-1,-1,-1
849,36,105.62,232.17,472.83,258.12,1,-1,-1,-1
850,29,815.56,51.12,147.41,132.38,1,-1,-1,-1
850,36,122.20,232.00,478.31,259.72,1,-1,-1,-1
851,29,815.18,50.14,146.86,132.07,1,-1,-1,-1
851,36,137.78,232.70,482.88,261.12,1,-1,-1,-1
852,29,814.40,48.78,146.25,131.74,1,-1,-1,-1
852,36,157.12,235.43,483.96,260.47,1,-1,-1,-1
853,29,823.83,48.41,144.04,129.87,1,-1,-1,-1
853,36,176.89,236.77,485.80,260.50,1,-1,-1,-1
854,29,817.29,46.95,143.65,129.85,1,-1,-1,-1
854,36,194.64,237.69,490.14,262.21,1,-1,-1,-1
855,29,813.63,45.93,141.89,128.74,1,-1,-1,-1
855,36,211.05,238.57,494.18,264.37,1,-1,-1,-1
856,29,812.44,45.75,140.53,127.76,1,-1,-1,-1
856,36,227.48,239.58,497.54,266.70,1,-1,-1,-1
857,29,812.16,45.83,139.04,126.48,1,-1,-1,-1
857,36,242.18,241.51,499.83,268.63,1,-1,-1,-1
858,29,812.89,46.39,137.28,124.82,1,-1,-1,-1
858,36,260.61,244.11,499.53,269.63,1,-1,-1,-1
859,29,813.02,46.27,136.69,124.20,1,-1,-1,-1
859,36,277.93,245.40,500.68,272.15,1,-1,-1,-1
860,29,813.25,46.40,135.90,123.37,1,-1,-1,-1
860,36,295.26,247.71,499.91,273.73,1,-1,-1,-1
861,29,813.45,46.95,135.11,122.49,1,-1,-1,-1
861,36,312.47,250.11,498.71,275.42,1,-1,-1,-1
862,29,812.82,46.69,135.31,122.41,1,-1,-1,-1
862,36,330.68,253.09,496.78,276.82,1,-1,-1,-1
863,29,812.14,46.30,135.60,122.44,1,-1,-1,-1
863,36,349.06,256.26,492.61,276.90,1,-1,-1,-1
864,29,811.37,45.23,135.86,122.37,1,-1,-1,-1
864,36,367.20,258.93,490.75,278.55,1,-1,-1,-1
865,29,810.25,43.94,136.48,122.69,1,-1,-1,-1
865,36,380.94,260.83,488.13,279.67,1,-1,-1,-1
866,29,809.77,44.03,135.97,121.98,1,-1,-1,-1
866,36,394.68,263.25,486.20,281.70,1,-1,-1,-1
867,29,809.68,44.10,135.07,120.90,1,-1,-1,-1
867,36,407.95,265.61,483.08,283.23,1,-1,-1,-1
868,29,807.20,43.80,135.74,121.38,1,-1,-1,-1
868,36,419.68,267.50,481.45,285.95,1,-1,-1,-1
869,29,806.18,44.35,134.94,120.41,1,-1,-1,-1
869,36,433.09,270.43,476.38,286.56,1,-1,-1,-1
870,29,804.89,44.46,134.36,119.52,1,-1,-1,-1
870,36,443.86,272.96,474.64,289.36,1,-1,-1,-1
871,29,803.17,43.94,134.32,119.16,1,-1,-1,-1
871,36,457.49,276.66,469.20,289.76,1,-1,-1,-1
872,29,801.82,43.29,135.29,119.69,1,-1,-1,-1
872,36,470.08,280.04,463.98,290.57,1,-1,-1,-1
873,29,800.47,42.72,136.60,120.53,1,-1,-1,-1
873,36,483.03,284.96,456.98,290.21,1,-1,-1,-1
874,29,798.42,42.76,136.54,120.17,1,-1,-1,-1
874,36,494.50,289.32,449.92,289.84,1,-1,-1,-1
875,29,797.28,42.41,135.70,119.04,1,-1,-1,-1
875,36,503.06,292.22,446.36,292.28,1,-1,-1,-1
876,29,795.59,42.26,134.78,118.02,1,-1,-1,-1
876,36,512.11,295.59,442.05,294.07,1,-1,-1,-1
877,29,793.10,42.10,134.76,118.08,1,-1,-1,-1
877,36,519.41,298.15,439.27,296.70,1,-1,-1,-1
878,29,791.80,41.74,134.21,117.84,1,-1,-1,-1
878,36,527.00,301.43,436.69,299.87,1,-1,-1,-1
879,29,791.23,42.27,132.84,116.85,1,-1,-1,-1
879,36,535.70,305.70,431.98,301.44,1,-1,-1,-1
880,29,790.69,42.48,132.26,116.55,1,-1,-1,-1
880,36,543.16,309.32,428.93,304.26,1,-1,-1,-1
881,29,789.74,42.77,131.60,116.16,1,-1,-1,-1
881,36,550.67,312.62,424.81,306.20,1,-1,-1,-1
882,29,789.19,43.46,130.36,115.23,1,-1,-1,-1
882,36,555.63,314.60,424.85,311.74,1,-1,-1,-1
883,29,788.91,43.74,130.08,115.07,1,-1,-1,-1
883,36,559.54,317.13,424.27,316.82,1,-1,-1,-1
884,29,788.74,43.75,130.06,115.17,1,-1,-1,-1
884,36,565.16,320.81,420.34,319.26,1,-1,-1,-1
885,29,788.61,44.13,129.64,114.91,1,-1,-1,-1
885,36,569.64,323.92,417.42,322.19,1,-1,-1,-1
886,29,788.36,44.38,129.48,114.78,1,-1,-1,-1
886,36,574.63,328.09,412.64,323.45,1,-1,-1,-1
887,29,788.14,45.00,128.61,114.11,1,-1,-1,-1
887,36,579.84,331.52,408.88,325.21,1,-1,-1,-1
888,29,787.65,45.85,127.95,113.67,1,-1,-1,-1
888,36,585.36,336.29,403.92,325.52,1,-1,-1,-1
889,29,787.14,46.49,127.14,113.12,1,-1,-1,-1
889,36,589.71,341.27,401.82,327.86,1,-1,-1,-1
890,29,787.14,47.65,125.89,112.15,1,-1,-1,-1
890,36,594.52,347.06,399.73,330.12,1,-1,-1,-1
891,29,786.77,48.82,125.25,111.74,1,-1,-1,-1
891,36,597.75,351.32,400.29,334.85,1,-1,-1,-1
892,29,786.10,49.30,124.96,111.64,1,-1,-1,-1
892,36,600.01,356.47,398.78,337.44,1,-1,-1,-1
893,29,785.47,50.18,123.75,110.67,1,-1,-1,-1
893,36,603.39,364.19,394.00,336.61,1,-1,-1,-1
894,29,785.01,51.15,123.00,110.03,1,-1,-1,-1
894,36,606.70,372.34,388.40,334.19,1,-1,-1,-1
895,29,784.81,52.29,122.03,109.18,1,-1,-1,-1
895,36,607.79,379.53,387.58,336.12,1,-1,-1,-1
896,29,784.19,52.78,121.67,108.79,1,-1,-1,-1
896,36,607.72,385.48,389.32,340.87,1,-1,-1,-1
897,29,783.79,53.33,120.98,108.05,1,-1,-1,-1
897,36,608.61,391.64,388.85,343.44,1,-1,-1,-1
898,29,782.51,53.78,120.70,107.77,1,-1,-1,-1
898,36,607.10,393.97,393.57,350.90,1,-1,-1,-1
899,29,781.50,54.24,119.98,107.04,1,-1,-1,-1
899,36,605.40,397.17,393.96,354.03,1,-1,-1,-1
900,29,780.67,54.39,119.80,106.70,1,-1,-1,-1
900,36,605.17,401.36,392.91,355.67,1,-1,-1,-1
901,29,780.64,55.17,118.84,105.58,1,-1,-1,-1
901,36,602.33,408.03,393.73,358.74,1,-1,-1,-1
902,29,780.13,55.50,118.68,105.22,1,-1,-1,-1
902,36,598.71,416.11,394.29,360.89,1,-1,-1,-1
903,29,778.86,56.37,118.23,104.65,1,-1,-1,-1
903,36,596.43,424.69,392.47,361.07,1,-1,-1,-1
904,29,778.35,57.10,117.87,104.17,1,-1,-1,-1
904,36,594.04,432.55,390.66,360.76,1,-1,-1,-1
905,29,777.23,57.18,117.68,103.91,1,-1,-1,-1
905,36,588.74,437.98,393.91,365.03,1,-1,-1,-1
906,29,776.76,57.78,116.84,103.05,1,-1,-1,-1
906,36,582.58,444.52,396.59,368.64,1,-1,-1,-1
907,29,776.12,58.70,115.68,101.85,1,-1,-1,-1
907,36,576.21,453.25,398.69,371.01,1,-1,-1,-1
908,29,774.86,58.10,116.13,102.24,1,-1,-1,-1
908,36,568.76,462.05,400.21,372.66,1,-1,-1,-1
909,29,774.69,58.65,115.56,101.71,1,-1,-1,-1
909,36,560.15,470.66,404.86,376.74,1,-1,-1,-1
910,29,774.89,60.03,113.80,100.07,1,-1,-1,-1
910,36,550.59,476.80,412.65,384.46,1,-1,-1,-1
911,29,774.40,60.41,113.16,99.48,1,-1,-1,-1
911,36,540.30,482.41,417.89,389.41,1,-1,-1,-1
912,29,774.02,60.56,112.23,98.61,1,-1,-1,-1
912,36,531.63,489.10,422.73,393.76,1,-1,-1,-1
913,29,772.89,59.59,113.16,99.53,1,-1,-1,-1
913,36,518.38,498.60,429.39,399.60,1,-1,-1,-1
914,29,771.78,59.74,112.96,99.42,1,-1,-1,-1
914,36,508.28,509.14,433.54,403.18,1,-1,-1,-1
915,29,771.86,60.91,111.54,98.05,1,-1,-1,-1
915,36,497.69,519.29,438.19,407.52,1,-1,-1,-1
916,29,771.52,62.03,110.61,97.04,1,-1,-1,-1
916,36,488.59,530.27,442.86,411.64,1,-1,-1,-1
917,29,770.41,63.52,109.86,96.09,1,-1,-1,-1
917,36,478.26,542.29,446.78,414.59,1,-1,-1,-1
918,29,770.22,64.29,108.82,94.87,1,-1,-1,-1
918,36,468.03,553.88,451.87,419.10,1,-1,-1,-1
919,29,769.27,63.44,109.80,95.41,1,-1,-1,-1
919,36,453.39,564.15,458.61,425.19,1,-1,-1,-1
920,29,768.63,62.23,110.21,95.47,1,-1,-1,-1
920,36,443.07,576.92,463.29,428.92,1,-1,-1,-1
921,29,767.83,62.55,110.81,95.86,1,-1,-1,-1
921,36,431.11,589.18,466.06,430.13,1,-1,-1,-1
922,29,767.80,62.74,110.60,95.32,1,-1,-1,-1
922,36,417.72,599.48,472.33,435.23,1,-1,-1,-1
923,29,766.25,63.78,109.69,94.04,1,-1,-1,-1
923,36,404.25,612.23,477.84,439.90,1,-1,-1,-1
924,29,763.80,64.29,108.86,93.01,1,-1,-1,-1
924,36,389.03,623.64,484.17,444.62,1,-1,-1,-1
925,29,762.62,64.81,108.99,92.84,1,-1,-1,-1
925,36,378.73,635.12,483.82,443.09,1,-1,-1,-1
926,29,762.45,65.03,109.25,92.84,1,-1,-1,-1
926,36,369.66,650.50,475.51,431.78,1,-1,-1,-1
927,29,762.18,65.66,109.13,92.56,1,-1,-1,-1
927,36,359.95,667.21,462.80,416.07,1,-1,-1,-1
928,29,761.22,65.80,109.65,92.91,1,-1,-1,-1
928,36,347.72,683.41,450.85,400.16,1,-1,-1,-1
929,29,760.10,65.67,110.28,93.44,1,-1,-1,-1
929,36,337.34,702.08,438.85,381.67,1,-1,-1,-1
930,29,759.59,66.47,109.93,93.10,1,-1,-1,-1
930,36,326.66,717.81,431.12,366.09,1,-1,-1,-1
931,29,759.28,67.03,109.63,92.83,1,-1,-1,-1
931,36,313.54,735.93,421.04,347.39,1,-1,-1,-1
932,29,758.58,66.92,109.77,92.98,1,-1,-1,-1
932,36,300.39,754.75,409.57,327.36,1,-1,-1,-1
933,29,757.96,66.66,109.95,93.15,1,-1,-1,-1
933,36,290.35,771.47,403.45,310.42,1,-1,-1,-1
934,29,757.66,66.29,110.01,93.24,1,-1,-1,-1
934,36,283.50,786.25,390.50,300.45,1,-1,-1,-1
935,29,757.16,66.27,110.04,93.32,1,-1,-1,-1
936,29,756.31,66.35,109.99,93.25,1,-1,-1,-1
937,29,755.74,66.84,109.69,92.93,1,-1,-1,-1
938,29,755.50,67.80,108.97,92.13,1,-1,-1,-1
939,29,755.03,68.90,108.40,91.46,1,-1,-1,-1
940,29,754.45,69.66,108.50,91.36,1,-1,-1,-1
941,29,754.37,71.00,108.04,90.78,1,-1,-1,-1
942,29,753.91,71.50,108.08,90.67,1,-1,-1,-1
943,29,753.26,71.71,107.83,90.34,1,-1,-1,-1
944,29,752.41,72.35,107.40,89.84,1,-1,-1,-1
945,29,751.52,72.70,107.48,89.82,1,-1,-1,-1
946,29,750.49,73.09,107.31,89.55,1,-1,-1,-1
947,29,749.37,73.40,107.06,89.23,1,-1,-1,-1
948,29,748.53,73.96,106.85,88.98,1,-1,-1,-1
949,29,748.17,74.21,107.35,89.33,1,-1,-1,-1
950,29,747.88,74.21,107.29,89.27,1,-1,-1,-1
951,29,747.62,73.96,106.71,88.62,1,-1,-1,-1
952,29,746.91,74.53,106.68,88.49,1,-1,-1,-1
953,29,745.55,74.71,106.75,88.33,1,-1,-1,-1
954,29,744.67,74.30,106.91,88.31,1,-1,-1,-1
955,29,743.03,73.83,106.95,88.22,1,-1,-1,-1
956,29,741.79,73.63,106.23,87.35,1,-1,-1,-1
957,29,741.01,73.18,105.55,86.53,1,-1,-1,-1
958,29,739.59,72.84,106.53,87.07,1,-1,-1,-1
959,29,729.22,74.21,105.71,86.59,1,-1,-1,-1
960,29,723.38,73.68,106.22,87.18,1,-1,-1,-1
961,29,720.07,72.73,106.50,87.60,1,-1,-1,-1
962,29,717.31,72.16,106.79,88.04,1,-1,-1,-1
963,29,714.85,71.77,107.12,88.54,1,-1,-1,-1
964,29,712.94,71.27,107.38,88.98,1,-1,-1,-1
965,29,710.94,71.25,107.15,88.99,1,-1,-1,-1
966,29,708.96,70.69,107.99,89.93,1,-1,-1,-1
967,29,706.42,69.43,109.26,91.28,1,-1,-1,-1
968,29,704.98,68.35,109.25,91.53,1,-1,-1,-1
969,29,702.96,66.43,109.43,92.03,1,-1,-1,-1
970,29,700.97,64.62,109.64,92.55,1,-1,-1,-1
971,29,698.88,62.65,109.38,92.72,1,-1,-1,-1
972,29,697.38,61.50,109.22,92.88,1,-1,-1,-1
973,29,695.86,60.16,108.62,92.71,1,-1,-1,-1
974,29,694.06,58.19,109.30,93.78,1,-1,-1,-1
975,29,692.99,56.83,108.81,93.77,1,-1,-1,-1
976,29,691.96,55.73,108.23,93.61,1,-1,-1,-1
977,29,689.70,54.49,108.22,93.98,1,-1,-1,-1
978,29,687.69,52.73,108.48,94.75,1,-1,-1,-1
979,29,686.13,51.22,108.17,95.09,1,-1,-1,-1
980,29,684.12,50.00,107.01,94.56,1,-1,-1,-1
981,29,681.44,48.17,107.01,95.05,1,-1,-1,-1
982,29,679.82,47.02,106.20,94.75,1,-1,-1,-1
983,29,678.14,46.32,105.26,94.27,1,-1,-1,-1
984,29,676.31,45.36,104.50,93.91,1,-1,-1,-1
985,29,676.19,43.64,104.07,93.71,1,-1,-1,-1
986,29,672.88,42.36,103.93,93.66,1,-1,-1,-1
987,29,670.35,41.53,102.97,92.83,1,-1,-1,-1
988,29,668.41,41.39,102.15,92.08,1,-1,-1,-1
989,29,665.94,41.54,100.30,90.35,1,-1,-1,-1
990,29,663.99,40.72,98.84,88.79,1,-1,-1,-1
991,29,663.39,34.42,100.64,90.50,1,-1,-1,-1
992,29,660.13,31.79,101.24,91.02,1,-1,-1,-1
993,29,659.14,32.99,99.85,89.79,1,-1,-1,-1
994,29,657.19,31.64,99.57,89.54,1,-1,-1,-1
1080,47,676.70,73.43,109.87,88.84,1,-1,-1,-1
1081,47,678.05,72.89,111.25,90.01,1,-1,-1,-1
1082,47,679.04,72.26,112.76,91.28,1,-1,-1,-1
1083,47,680.91,72.95,113.40,91.85,1,-1,-1,-1
1084,47,683.31,73.85,112.99,91.52,1,-1,-1,-1
1085,47,685.69,74.22,113.25,91.72,1,-1,-1,-1
1086,47,686.80,74.14,113.32,91.83,1,-1,-1,-1
1087,47,688.18,73.64,113.67,92.30,1,-1,-1,-1
1088,47,690.05,73.40,113.18,92.01,1,-1,-1,-1
1089,47,690.81,72.93,113.63,92.54,1,-1,-1,-1
1090,47,694.45,72.54,113.85,92.97,1,-1,-1,-1
1091,47,699.67,71.58,113.42,92.85,1,-1,-1,-1
1092,47,705.41,70.71,113.13,92.70,1,-1,-1,-1
1093,47,711.22,70.59,113.50,93.06,1,-1,-1,-1
1094,47,716.25,70.70,113.07,92.85,1,-1,-1,-1
1095,47,719.07,69.89,113.60,93.41,1,-1,-1,-1
1096,47,721.07,69.72,114.33,94.00,1,-1,-1,-1
1097,47,721.26,69.15,114.82,94.51,1,-1,-1,-1
1098,47,721.49,68.66,115.72,95.43,1,-1,-1,-1
1099,47,721.95,68.06,116.24,96.10,1,-1,-1,-1
1100,47,722.33,66.95,116.79,96.87,1,-1,-1,-1
1101,47,722.12,66.29,117.09,97.45,1,-1,-1,-1
1102,47,722.40,65.78,116.97,97.68,1,-1,-1,-1
1103,47,723.12,65.53,117.17,98.08,1,-1,-1,-1
1104,47,723.36,65.21,117.48,98.53,1,-1,-1,-1
1105,47,724.29,64.57,117.71,98.94,1,-1,-1,-1
1106,47,724.85,63.98,117.59,99.04,1,-1,-1,-1
1107,47,724.49,63.32,118.20,99.80,1,-1,-1,-1
1108,47,723.16,62.49,119.35,100.81,1,-1,-1,-1
1109,47,721.97,61.81,120.51,101.81,1,-1,-1,-1
1110,47,721.40,61.74,121.39,102.59,1,-1,-1,-1
1111,47,718.75,61.56,123.77,104.64,1,-1,-1,-1
1112,47,716.42,62.28,125.72,106.24,1,-1,-1,-1
1113,47,714.91,63.25,126.76,107.03,1,-1,-1,-1
1114,47,712.87,63.58,128.38,108.30,1,-1,-1,-1
1115,47,710.76,64.66,130.26,109.73,1,-1,-1,-1
1116,47,709.10,65.97,132.47,111.47,1,-1,-1,-1
1117,47,706.99,68.49,133.08,111.75,1,-1,-1,-1
1118,47,706.13,70.38,133.75,112.23,1,-1,-1,-1
1119,47,706.55,72.67,132.69,111.19,1,-1,-1,-1
1120,47,706.48,73.67,133.64,111.96,1,-1,-1,-1
1121,47,705.87,74.85,135.10,113.10,1,-1,-1,-1
1122,47,705.47,75.76,136.59,114.37,1,-1,-1,-1
1123,47,705.07,76.73,137.88,115.50,1,-1,-1,-1
1124,47,703.75,77.37,140.41,117.71,1,-1,-1,-1
1125,47,703.59,78.93,141.15,118.37,1,-1,-1,-1
1126,47,702.59,80.65,143.22,120.07,1,-1,-1,-1
1127,47,702.48,82.56,143.80,120.52,1,-1,-1,-1
1128,47,702.97,84.24,143.47,120.20,1,-1,-1,-1
1129,47,702.68,85.87,144.41,121.03,1,-1,-1,-1
1130,47,702.64,87.68,144.47,121.08,1,-1,-1,-1
1131,47,702.60,93.01,144.38,120.77,1,-1,-1,-1
1132,47,702.12,96.70,145.32,121.27,1,-1,-1,-1
1133,47,701.44,99.60,147.03,122.50,1,-1,-1,-1
1134,47,700.66,101.45,147.92,122.95,1,-1,-1,-1
1135,47,699.71,103.43,149.44,124.12,1,-1,-1,-1
1136,47,698.63,105.05,151.05,125.51,1,-1,-1,-1
1137,47,697.41,107.22,152.80,127.07,1,-1,-1,-1
1138,47,697.07,109.25,152.98,127.20,1,-1,-1,-1
1139,47,695.60,111.20,154.61,128.73,1,-1,-1,-1
1140,47,694.48,113.18,155.24,129.44,1,-1,-1,-1
1141,47,693.03,114.99,155.29,129.57,1,-1,-1,-1
1142,47,691.01,116.97,156.27,130.55,1,-1,-1,-1
1143,47,689.75,120.45,156.53,130.57,1,-1,-1,-1
1144,47,688.46,123.75,156.58,130.54,1,-1,-1,-1
1145,47,687.11,126.85,156.60,130.41,1,-1,-1,-1
1146,47,685.74,129.17,157.89,131.41,1,-1,-1,-1
1146,50,882.95,762.21,516.21,317.83,1,-1,-1,-1
1147,47,683.69,131.87,159.28,132.54,1,-1,-1,-1
1147,50,864.95,737.50,550.72,342.27,1,-1,-1,-1
1148,47,681.84,134.33,161.55,134.46,1,-1,-1,-1
1148,50,848.82,711.92,582.21,366.90,1,-1,-1,-1
1149,47,679.20,137.06,165.13,137.47,1,-1,-1,-1
1149,50,835.90,686.37,606.19,388.84,1,-1,-1,-1
1150,47,677.78,139.83,166.21,138.34,1,-1,-1,-1
1150,50,835.66,664.04,600.43,392.40,1,-1,-1,-1
1151,47,676.78,143.51,166.41,138.46,1,-1,-1,-1
1151,50,840.57,640.48,587.41,391.65,1,-1,-1,-1
1152,47,675.02,147.74,166.52,138.45,1,-1,-1,-1
1152,50,846.64,619.63,568.93,387.10,1,-1,-1,-1
1153,47,673.16,151.04,167.26,139.04,1,-1,-1,-1
1153,50,857.36,599.93,544.31,377.74,1,-1,-1,-1
1154,47,670.69,154.10,168.65,140.20,1,-1,-1,-1
1154,50,864.99,582.84,524.02,370.91,1,-1,-1,-1
1155,47,668.52,157.79,169.62,140.91,1,-1,-1,-1
1155,50,870.91,565.23,504.90,364.72,1,-1,-1,-1
1156,47,666.48,160.89,172.10,142.90,1,-1,-1,-1
1156,50,877.18,548.00,489.65,360.87,1,-1,-1,-1
1157,47,664.21,164.12,175.25,145.63,1,-1,-1,-1
1157,50,882.87,531.50,472.46,355.00,1,-1,-1,-1
1158,47,662.82,167.96,176.59,146.75,1,-1,-1,-1
1158,50,887.89,516.29,459.73,351.90,1,-1,-1,-1
1159,47,660.97,171.57,177.98,147.83,1,-1,-1,-1
1159,50,894.43,503.84,441.06,343.38,1,-1,-1,-1
1160,47,658.96,175.29,178.99,148.63,1,-1,-1,-1
1160,50,899.72,490.77,427.42,338.02,1,-1,-1,-1
1161,47,657.05,178.35,180.09,149.61,1,-1,-1,-1
1161,50,904.92,478.68,412.24,330.55,1,-1,-1,-1
1162,47,655.41,181.65,181.52,150.77,1,-1,-1,-1
1162,50,908.06,466.94,400.06,324.96,1,-1,-1,-1
1163,47,653.51,185.24,183.82,152.51,1,-1,-1,-1
1163,50,909.16,454.35,389.60,320.37,1,-1,-1,-1
1164,47,650.16,188.99,186.20,154.26,1,-1,-1,-1
1164,50,911.24,442.69,378.58,314.53,1,-1,-1,-1
1165,47,647.27,192.88,188.90,156.45,1,-1,-1,-1
1165,50,912.66,431.55,369.97,309.85,1,-1,-1,-1
1166,47,644.63,197.69,192.24,159.18,1,-1,-1,-1
1166,50,915.20,419.96,359.29,303.25,1,-1,-1,-1
1167,47,642.77,202.16,193.56,160.07,1,-1,-1,-1
1167,50,914.76,409.36,350.01,297.39,1,-1,-1,-1
1168,47,639.75,206.71,195.31,161.44,1,-1,-1,-1
1168,50,912.41,398.23,346.68,296.88,1,-1,-1,-1
1169,47,635.17,210.11,199.28,164.92,1,-1,-1,-1
1169,50,912.69,388.73,338.20,291.49,1,-1,-1,-1
1170,47,632.93,215.12,200.73,166.02,1,-1,-1,-1
1170,50,913.32,378.37,329.51,285.81,1,-1,-1,-1
1171,47,630.65,219.86,201.47,166.37,1,-1,-1,-1
1171,50,912.76,367.84,322.58,281.54,1,-1,-1,-1
1172,47,626.72,224.50,204.08,168.26,1,-1,-1,-1
1172,50,911.15,356.90,320.06,281.41,1,-1,-1,-1
1173,47,622.39,228.31,208.43,171.84,1,-1,-1,-1
1173,50,911.21,346.48,314.07,277.55,1,-1,-1,-1
1174,47,618.90,231.91,212.39,175.37,1,-1,-1,-1
1174,50,912.61,336.80,308.61,273.74,1,-1,-1,-1
1175,47,615.13,235.55,216.77,179.41,1,-1,-1,-1
1175,50,912.92,327.58,304.47,271.28,1,-1,-1,-1
1176,47,612.16,239.92,218.79,181.14,1,-1,-1,-1
1176,50,913.30,318.79,299.33,267.69,1,-1,-1,-1
1177,47,608.99,245.25,220.54,182.54,1,-1,-1,-1
1177,50,915.23,311.51,292.42,262.40,1,-1,-1,-1
1178,47,606.24,250.91,223.83,185.21,1,-1,-1,-1
1178,50,918.09,307.06,284.39,255.04,1,-1,-1,-1
1179,47,601.29,254.97,230.94,191.18,1,-1,-1,-1
1179,50,918.86,300.47,282.78,253.58,1,-1,-1,-1
1180,47,597.65,261.49,234.94,194.49,1,-1,-1,-1
1180,50,920.51,294.44,279.17,250.60,1,-1,-1,-1
1181,47,593.68,268.98,237.99,197.15,1,-1,-1,-1
1181,50,921.39,288.56,275.15,247.15,1,-1,-1,-1
1182,47,587.97,276.39,243.06,201.64,1,-1,-1,-1
1182,50,921.83,281.01,272.62,244.80,1,-1,-1,-1
1183,47,584.76,286.38,246.89,205.41,1,-1,-1,-1
1183,50,923.46,274.06,269.83,242.48,1,-1,-1,-1
1184,47,581.67,297.48,248.81,207.53,1,-1,-1,-1
1184,50,923.92,268.32,267.36,240.86,1,-1,-1,-1
1185,47,577.63,308.04,253.96,212.57,1,-1,-1,-1
1185,50,924.28,262.02,263.62,238.26,1,-1,-1,-1
1186,47,573.05,316.90,259.97,218.56,1,-1,-1,-1
1186,50,924.01,255.33,260.52,236.23,1,-1,-1,-1
1187,47,568.51,328.02,263.92,222.58,1,-1,-1,-1
1187,50,925.21,250.02,256.78,233.35,1,-1,-1,-1
1188,47,563.30,340.14,268.59,227.20,1,-1,-1,-1
1188,50,927.44,244.02,252.12,229.29,1,-1,-1,-1
1189,47,559.10,353.84,272.39,230.79,1,-1,-1,-1
1189,50,929.48,238.88,248.62,226.34,1,-1,-1,-1
1190,47,555.02,369.85,274.46,232.53,1,-1,-1,-1
1190,50,930.16,234.63,246.28,224.44,1,-1,-1,-1
1191,47,547.64,382.76,281.52,239.18,1,-1,-1,-1
1191,50,931.54,229.80,244.21,222.66,1,-1,-1,-1
1192,47,543.05,397.40,287.37,244.87,1,-1,-1,-1
1192,50,932.85,226.38,240.36,219.15,1,-1,-1,-1
1193,47,537.39,413.55,291.07,248.28,1,-1,-1,-1
1193,50,932.87,222.51,238.52,217.42,1,-1,-1,-1
1194,47,530.83,428.39,298.04,254.83,1,-1,-1,-1
1194,50,932.62,218.85,235.59,214.70,1,-1,-1,-1
1195,47,526.28,445.46,303.25,259.68,1,-1,-1,-1
1195,50,932.83,215.49,232.78,212.26,1,-1,-1,-1
1196,47,520.19,461.56,310.95,266.56,1,-1,-1,-1
1196,50,933.60,212.68,229.85,209.46,1,-1,-1,-1
1197,47,513.93,477.24,316.98,272.21,1,-1,-1,-1
1197,50,933.15,210.32,228.89,208.67,1,-1,-1,-1
1198,47,506.60,493.23,324.83,279.29,1,-1,-1,-1
1198,50,933.29,207.90,226.72,206.81,1,-1,-1,-1
1199,47,498.73,508.87,333.46,287.33,1,-1,-1,-1
1199,50,932.85,205.23,223.65,203.73,1,-1,-1,-1
1200,47,489.31,526.84,341.59,294.96,1,-1,-1,-1
1200,50,932.19,201.99,222.34,202.27,1,-1,-1,-1
1201,47,480.03,549.16,346.99,300.02,1,-1,-1,-1
1201,50,930.74,198.19,221.93,201.75,1,-1,-1,-1
1202,47,469.66,572.13,351.81,303.80,1,-1,-1,-1
1202,50,929.78,195.26,220.00,199.77,1,-1,-1,-1
1203,47,454.25,595.31,361.53,312.20,1,-1,-1,-1
1203,50,928.85,192.21,217.89,197.67,1,-1,-1,-1
1204,47,438.34,618.70,371.66,320.76,1,-1,-1,-1
1204,50,927.59,189.16,217.01,196.73,1,-1,-1,-1
1205,47,419.71,644.09,384.93,332.49,1,-1,-1,-1
1205,50,926.77,186.28,215.30,195.13,1,-1,-1,-1
1206,47,401.16,671.21,395.43,342.49,1,-1,-1,-1
1206,50,926.52,183.93,213.53,193.55,1,-1,-1,-1
1207,47,381.30,703.81,402.52,349.02,1,-1,-1,-1
1207,50,926.51,181.06,211.35,191.57,1,-1,-1,-1
1208,47,370.27,742.06,390.41,335.63,1,-1,-1,-1
1208,50,926.01,177.99,209.35,189.57,1,-1,-1,-1
1209,47,361.25,779.71,365.44,307.94,1,-1,-1,-1
1209,50,925.47,175.52,208.05,188.22,1,-1,-1,-1
1210,47,350.89,802.50,367.40,309.58,1,-1,-1,-1
1210,50,923.80,171.94,207.23,187.22,1,-1,-1,-1
1211,50,921.49,168.44,206.34,186.40,1,-1,-1,-1
1212,50,921.51,167.38,201.51,181.90,1,-1,-1,-1
1213,50,921.45,164.73,199.43,179.82,1,-1,-1,-1
1214,50,919.71,162.66,198.47,178.76,1,-1,-1,-1
1215,50,917.72,160.77,196.22,176.41,1,-1,-1,-1
1216,50,916.16,157.85,195.92,176.01,1,-1,-1,-1
1217,50,914.08,155.52,195.67,175.48,1,-1,-1,-1
1218,50,912.64,153.62,195.12,174.73,1,-1,-1,-1
1219,50,911.37,152.02,193.43,172.83,1,-1,-1,-1
1220,50,910.35,150.60,192.30,171.44,1,-1,-1,-1
1221,50,908.02,147.37,192.03,171.00,1,-1,-1,-1
1222,50,906.26,143.66,191.90,170.80,1,-1,-1,-1
1223,50,904.43,141.52,190.01,169.11,1,-1,-1,-1
1224,50,903.84,140.45,186.52,165.75,1,-1,-1,-1
1225,50,903.57,138.80,184.62,163.80,1,-1,-1,-1
1226,50,902.10,136.20,183.89,163.12,1,-1,-1,-1
1227,50,899.44,133.88,182.43,161.71,1,-1,-1,-1
1228,50,896.89,132.24,181.01,160.31,1,-1,-1,-1
1229,50,895.18,130.82,180.07,159.24,1,-1,-1,-1
1230,50,894.27,130.46,178.23,157.35,1,-1,-1,-1
1231,50,892.69,129.42,177.38,156.30,1,-1,-1,-1
1232,50,891.03,128.08,177.31,156.07,1,-1,-1,-1
1233,50,889.90,126.99,176.90,155.63,1,-1,-1,-1
1234,50,889.07,126.47,175.64,154.33,1,-1,-1,-1
1235,50,886.78,124.97,175.80,154.39,1,-1,-1,-1
1236,50,884.64,123.46,174.83,153.69,1,-1,-1,-1
1237,50,883.37,121.94,174.34,153.42,1,-1,-1,-1
1238,50,882.01,120.25,173.17,152.45,1,-1,-1,-1
1239,50,880.98,119.07,171.61,151.04,1,-1,-1,-1
1240,50,879.30,117.45,170.52,150.06,1,-1,-1,-1
1241,50,877.70,116.14,169.84,149.49,1,-1,-1,-1
1242,50,876.82,115.17,168.01,147.72,1,-1,-1,-1
1243,50,876.36,114.12,166.06,145.78,1,-1,-1,-1
1244,50,874.79,112.02,165.60,145.34,1,-1,-1,-1
1245,50,873.15,109.69,165.55,145.32,1,-1,-1,-1
1246,50,871.89,108.61,164.59,144.54,1,-1,-1,-1
1247,50,871.66,107.77,162.60,142.78,1,-1,-1,-1
1248,50,869.83,105.42,162.87,142.95,1,-1,-1,-1
1249,50,867.89,103.29,163.64,143.51,1,-1,-1,-1
1250,50,866.55,102.35,162.50,142.36,1,-1,-1,-1
1251,50,865.15,100.64,162.39,142.13,1,-1,-1,-1
1252,50,864.75,99.70,160.46,140.29,1,-1,-1,-1
1253,50,863.75,98.79,159.28,138.93,1,-1,-1,-1
1254,50,862.34,97.82,158.87,138.13,1,-1,-1,-1
1255,50,859.91,95.76,159.15,138.02,1,-1,-1,-1
1256,50,857.40,93.52,159.52,138.11,1,-1,-1,-1
1257,50,855.15,91.10,160.06,138.47,1,-1,-1,-1
1258,50,854.13,89.87,159.47,137.76,1,-1,-1,-1
1259,50,852.81,88.60,159.34,137.54,1,-1,-1,-1
1260,50,852.11,88.01,157.94,136.28,1,-1,-1,-1
1261,50,851.43,87.66,155.73,134.27,1,-1,-1,-1
1262,50,849.97,86.99,154.76,133.45,1,-1,-1,-1
1263,50,849.00,86.55,153.93,132.73,1,-1,-1,-1
1264,50,847.91,85.50,153.37,132.35,1,-1,-1,-1
1265,50,847.25,84.79,152.64,131.71,1,-1,-1,-1
1266,50,846.85,84.90,150.60,129.59,1,-1,-1,-1
1267,50,844.74,83.63,150.62,129.43,1,-1,-1,-1
1268,50,844.04,83.30,149.38,128.20,1,-1,-1,-1
1269,50,842.65,80.88,149.65,128.37,1,-1,-1,-1
1270,50,841.66,78.55,149.11,127.85,1,-1,-1,-1
1271,50,839.79,74.99,150.05,128.84,1,-1,-1,-1
1272,50,838.45,72.56,150.32,129.23,1,-1,-1,-1
1273,50,837.50,70.48,150.75,129.83,1,-1,-1,-1
1274,50,837.21,69.41,149.57,129.10,1,-1,-1,-1
1275,50,836.22,68.44,148.53,128.40,1,-1,-1,-1
1276,50,835.25,66.38,148.47,128.57,1,-1,-1,-1
1277,50,833.95,65.32,148.19,128.51,1,-1,-1,-1
1278,50,833.35,64.72,147.28,127.94,1,-1,-1,-1
1279,50,833.08,63.66,146.48,127.42,1,-1,-1,-1
1280,50,832.36,62.42,145.71,127.04,1,-1,-1,-1
1281,50,831.07,61.35,145.14,126.87,1,-1,-1,-1
1282,50,829.92,61.00,144.24,126.30,1,-1,-1,-1
1283,50,829.30,60.84,143.45,125.79,1,-1,-1,-1
1284,50,828.49,60.19,142.55,125.22,1,-1,-1,-1
1285,50,828.00,58.98,142.29,125.05,1,-1,-1,-1
1286,50,828.40,58.38,141.12,124.14,1,-1,-1,-1
1287,50,828.08,57.14,140.42,123.64,1,-1,-1,-1
1288,50,827.08,56.16,139.89,123.18,1,-1,-1,-1
1289,50,826.38,55.40,138.83,122.36,1,-1,-1,-1
1290,50,825.74,55.75,136.74,120.44,1,-1,-1,-1
1291,50,825.16,55.03,135.69,119.60,1,-1,-1,-1
1292,50,825.76,56.42,132.88,117.12,1,-1,-1,-1
1293,50,825.69,55.61,132.08,116.52,1,-1,-1,-1
1294,50,825.46,54.92,131.56,116.10,1,-1,-1,-1
1295,50,825.15,54.62,131.36,115.99,1,-1,-1,-1
1296,50,824.30,54.16,131.38,116.16,1,-1,-1,-1
1297,50,823.18,53.62,130.93,116.01,1,-1,-1,-1
1298,50,822.00,52.60,130.73,116.17,1,-1,-1,-1
1299,50,820.75,51.74,130.56,116.38,1,-1,-1,-1
1300,50,819.89,51.58,130.26,116.31,1,-1,-1,-1
1301,50,819.71,52.09,129.56,115.76,1,-1,-1,-1
1302,50,819.41,51.87,129.36,115.69,1,-1,-1,-1
1303,50,818.96,51.51,129.16,115.68,1,-1,-1,-1
1304,50,818.52,51.29,128.89,115.61,1,-1,-1,-1
1305,50,818.56,51.44,128.19,115.07,1,-1,-1,-1
1306,50,817.64,51.22,128.23,115.21,1,-1,-1,-1
1307,50,817.00,50.89,127.94,114.95,1,-1,-1,-1
1420,61,905.50,782.91,506.01,296.31,1,-1,-1,-1
1421,61,886.11,751.96,550.58,326.10,1,-1,-1,-1
1422,61,876.36,717.78,575.97,346.46,1,-1,-1,-1
1423,61,879.38,687.98,574.32,351.78,1,-1,-1,-1
1424,61,886.47,659.91,561.95,351.11,1,-1,-1,-1
1425,61,897.80,633.87,536.31,341.95,1,-1,-1,-1
1426,61,908.38,609.30,512.73,333.73,1,-1,-1,-1
1427,61,919.11,588.34,489.09,324.99,1,-1,-1,-1
1428,61,927.42,569.25,466.68,316.46,1,-1,-1,-1
1429,61,934.13,552.04,450.62,311.79,1,-1,-1,-1
1430,61,938.89,531.87,437.74,308.93,1,-1,-1,-1
1431,61,943.91,514.99,422.38,303.80,1,-1,-1,-1
1432,61,948.71,497.26,408.43,299.12,1,-1,-1,-1
1433,61,954.68,482.86,392.44,292.09,1,-1,-1,-1
1434,61,959.49,469.42,376.99,284.75,1,-1,-1,-1
1435,61,962.23,456.09,362.68,277.52,1,-1,-1,-1
1436,61,964.81,442.39,349.76,270.67,1,-1,-1,-1
1437,61,962.72,428.36,342.38,268.12,1,-1,-1,-1
1438,61,960.77,414.38,333.88,264.01,1,-1,-1,-1
1439,61,959.58,401.34,324.90,259.09,1,-1,-1,-1
1440,61,959.21,390.45,316.50,254.47,1,-1,-1,-1
1441,61,956.89,377.86,310.12,251.24,1,-1,-1,-1
1442,61,956.93,366.40,302.10,245.80,1,-1,-1,-1
1443,61,957.26,355.51,293.16,239.39,1,-1,-1,-1
1444,61,955.06,344.50,288.67,236.82,1,-1,-1,-1
1445,61,951.97,334.37,283.48,233.45,1,-1,-1,-1
1446,61,949.70,323.72,279.32,230.98,1,-1,-1,-1
1447,61,948.39,314.50,276.08,229.05,1,-1,-1,-1
1448,61,946.34,306.80,270.94,225.30,1,-1,-1,-1
1449,61,944.22,299.55,266.19,221.87,1,-1,-1,-1
1450,61,943.21,293.92,260.65,217.42,1,-1,-1,-1
1451,61,941.91,287.72,254.97,212.68,1,-1,-1,-1
1452,61,939.92,280.76,250.09,208.56,1,-1,-1,-1
1453,61,936.59,272.86,246.72,205.97,1,-1,-1,-1
1454,61,935.41,265.52,240.67,200.93,1,-1,-1,-1
1455,61,932.73,260.17,237.74,198.68,1,-1,-1,-1
1456,61,930.02,254.72,234.52,196.13,1,-1,-1,-1
1457,61,927.52,248.96,233.11,194.98,1,-1,-1,-1
1458,61,925.87,242.85,232.59,194.74,1,-1,-1,-1
1459,61,923.07,236.91,231.04,193.76,1,-1,-1,-1
1460,61,922.41,231.73,227.48,191.06,1,-1,-1,-1
1461,61,920.29,226.62,225.26,189.64,1,-1,-1,-1
1462,61,917.78,221.86,223.29,188.46,1,-1,-1,-1
1463,61,916.18,218.24,220.04,186.25,1,-1,-1,-1
1464,61,914.73,214.73,217.33,184.44,1,-1,-1,-1
1465,61,912.71,211.52,213.98,181.95,1,-1,-1,-1
1466,61,910.89,207.60,211.79,180.37,1,-1,-1,-1
1467,61,909.68,204.76,208.69,177.89,1,-1,-1,-1
1468,61,908.53,201.92,205.82,175.76,1,-1,-1,-1
1469,61,907.27,199.14,202.80,173.18,1,-1,-1,-1
1470,61,906.71,195.22,200.50,171.06,1,-1,-1,-1
1471,61,905.99,191.94,197.20,168.24,1,-1,-1,-1
1472,61,904.80,187.75,195.34,166.82,1,-1,-1,-1
1473,61,902.99,184.99,192.50,164.69,1,-1,-1,-1
1474,61,902.72,182.19,188.77,161.65,1,-1,-1,-1
1475,61,900.78,178.88,186.94,160.28,1,-1,-1,-1
1476,61,898.57,175.13,186.45,159.81,1,-1,-1,-1
1477,61,896.41,171.21,184.73,158.40,1,-1,-1,-1
1478,61,894.89,168.59,181.97,155.94,1,-1,-1,-1
1479,61,893.96,166.04,179.97,154.02,1,-1,-1,-1
1480,61,892.79,163.81,178.46,152.58,1,-1,-1,-1
1481,61,891.98,161.31,175.64,149.98,1,-1,-1,-1
1482,61,890.12,158.01,175.01,149.32,1,-1,-1,-1
1483,61,887.86,153.88,175.00,149.08,1,-1,-1,-1
1484,61,884.56,150.14,175.35,149.42,1,-1,-1,-1
1485,61,882.84,147.77,173.08,147.47,1,-1,-1,-1
1486,61,882.77,146.36,170.57,145.16,1,-1,-1,-1
1487,61,881.99,144.92,167.81,142.68,1,-1,-1,-1
1488,61,879.58,143.15,166.92,141.88,1,-1,-1,-1
1489,61,877.26,140.03,167.06,142.08,1,-1,-1,-1
1490,61,875.84,137.43,166.26,141.24,1,-1,-1,-1
1491,61,874.06,135.42,166.07,140.94,1,-1,-1,-1
1492,61,871.37,132.91,166.19,140.90,1,-1,-1,-1
1493,61,869.24,130.47,165.78,140.51,1,-1,-1,-1
1494,61,868.85,129.29,163.39,138.26,1,-1,-1,-1
1495,61,868.21,128.60,160.36,135.45,1,-1,-1,-1
1496,61,866.59,126.93,158.94,134.08,1,-1,-1,-1
1497,61,865.10,125.26,157.75,133.10,1,-1,-1,-1
1498,61,863.66,123.94,156.84,132.16,1,-1,-1,-1
1499,61,862.18,122.34,155.57,130.93,1,-1,-1,-1
1500,61,860.82,120.08,154.89,130.32,1,-1,-1,-1
1501,61,859.04,118.20,153.96,129.45,1,-1,-1,-1
1502,61,857.39,116.22,153.43,129.14,1,-1,-1,-1
1503,61,855.99,114.27,152.24,128.15,1,-1,-1,-1
1504,61,854.75,112.66,151.44,127.47,1,-1,-1,-1
1505,61,853.80,111.39,149.70,125.98,1,-1,-1,-1
1506,61,852.93,109.67,148.81,125.13,1,-1,-1,-1
1507,61,851.80,106.94,148.66,124.97,1,-1,-1,-1
1508,61,850.58,104.22,148.32,124.59,1,-1,-1,-1
1509,61,848.87,101.79,148.51,124.81,1,-1,-1,-1
1510,61,846.54,99.04,149.17,125.48,1,-1,-1,-1
1511,61,845.12,95.99,149.34,125.76,1,-1,-1,-1
1512,61,844.00,93.89,149.04,125.54,1,-1,-1,-1
1513,61,843.78,92.24,148.49,125.06,1,-1,-1,-1
1514,61,842.97,90.66,147.91,124.47,1,-1,-1,-1
1515,61,841.65,89.08,147.63,124.12,1,-1,-1,-1
1516,61,840.13,87.29,147.31,123.82,1,-1,-1,-1
1517,61,838.92,86.19,145.91,122.63,1,-1,-1,-1
1518,61,838.85,83.64,144.75,121.96,1,-1,-1,-1
1519,61,837.85,80.62,144.38,122.12,1,-1,-1,-1
1520,61,837.80,78.22,142.74,121.10,1,-1,-1,-1
1521,61,837.45,76.15,141.19,119.95,1,-1,-1,-1
1522,61,836.46,74.01,140.49,119.35,1,-1,-1,-1
1537,78,664.10,60.42,112.11,99.66,1,-1,-1,-1
1538,78,670.17,60.92,111.70,99.21,1,-1,-1,-1
1539,78,671.77,61.23,112.24,99.48,1,-1,-1,-1
1540,78,670.87,56.65,117.10,103.77,1,-1,-1,-1
1541,78,674.52,57.52,116.17,102.72,1,-1,-1,-1
1542,78,676.96,57.87,115.26,101.75,1,-1,-1,-1
1543,78,677.47,56.83,116.48,102.81,1,-1,-1,-1
1544,78,679.40,58.27,115.07,101.37,1,-1,-1,-1
1545,78,680.23,58.76,114.94,101.06,1,-1,-1,-1
1546,78,681.28,57.87,115.75,101.72,1,-1,-1,-1
1547,78,682.70,57.90,116.18,102.10,1,-1,-1,-1
1548,78,683.32,56.86,117.15,103.03,1,-1,-1,-1
1549,78,683.40,56.24,118.03,103.88,1,-1,-1,-1
1550,78,683.26,55.27,119.17,104.97,1,-1,-1,-1
1551,78,683.46,54.36,119.77,105.58,1,-1,-1,-1
1552,78,683.86,54.05,119.88,105.73,1,-1,-1,-1
1553,78,684.63,53.85,120.12,105.98,1,-1,-1,-1
1554,78,685.53,53.42,120.86,106.65,1,-1,-1,-1
1555,78,685.94,52.50,121.68,107.41,1,-1,-1,-1
1556,78,686.79,52.01,122.33,108.02,1,-1,-1,-1
1557,78,688.36,52.29,122.25,108.04,1,-1,-1,-1
1558,78,689.34,52.60,122.09,108.00,1,-1,-1,-1
1559,78,689.67,52.60,122.32,108.26,1,-1,-1,-1
1560,78,691.05,52.48,121.96,107.90,1,-1,-1,-1
1561,78,692.06,52.25,121.47,107.52,1,-1,-1,-1
1562,78,693.63,52.33,120.74,106.93,1,-1,-1,-1
1563,78,695.00,52.63,120.11,106.39,1,-1,-1,-1
1564,78,695.70,52.48,120.13,106.49,1,-1,-1,-1
1565,78,696.66,52.39,120.20,106.67,1,-1,-1,-1
1566,78,697.44,52.21,120.50,107.18,1,-1,-1,-1
1567,78,698.80,52.42,119.74,106.76,1,-1,-1,-1
1568,78,699.97,52.43,118.86,106.22,1,-1,-1,-1
1569,78,701.59,52.29,118.47,106.03,1,-1,-1,-1
1570,78,702.10,52.02,118.69,106.27,1,-1,-1,-1
1571,78,702.40,51.87,118.78,106.40,1,-1,-1,-1
1571,82,930.37,776.93,524.08,303.06,1,-1,-1,-1
1572,78,703.52,51.73,118.40,106.20,1,-1,-1,-1
1572,82,905.71,743.49,572.71,335.20,1,-1,-1,-1
1573,78,704.32,50.74,119.34,107.24,1,-1,-1,-1
1573,82,881.37,708.88,618.48,368.37,1,-1,-1,-1
1574,78,704.98,49.68,119.81,107.87,1,-1,-1,-1
1574,82,874.01,680.78,630.49,383.29,1,-1,-1,-1
1575,78,705.70,49.65,119.73,108.02,1,-1,-1,-1
1575,82,874.22,650.53,624.01,388.20,1,-1,-1,-1
1576,78,705.72,49.47,119.90,108.49,1,-1,-1,-1
1576,82,881.18,625.24,605.01,385.66,1,-1,-1,-1
1577,78,706.51,49.29,119.73,108.62,1,-1,-1,-1
1577,82,892.01,600.18,577.99,377.63,1,-1,-1,-1
1578,78,707.34,49.67,118.13,107.47,1,-1,-1,-1
1578,82,902.58,576.97,548.87,367.56,1,-1,-1,-1
1579,78,707.82,49.87,117.50,107.21,1,-1,-1,-1
1579,82,908.24,555.70,527.79,362.50,1,-1,-1,-1
1580,78,707.53,49.40,117.74,107.76,1,-1,-1,-1
1580,82,915.52,533.54,505.75,356.31,1,-1,-1,-1
1581,78,707.22,49.14,118.51,108.67,1,-1,-1,-1
1581,82,918.93,513.57,488.52,353.16,1,-1,-1,-1
1582,78,707.38,49.44,118.80,108.95,1,-1,-1,-1
1582,82,922.43,497.15,468.72,347.01,1,-1,-1,-1
1583,78,706.65,48.34,120.61,110.74,1,-1,-1,-1
1583,82,926.70,480.79,447.64,338.47,1,-1,-1,-1
1584,78,706.80,47.93,121.87,111.90,1,-1,-1,-1
1584,82,930.27,466.94,427.43,329.46,1,-1,-1,-1
1585,78,707.80,48.09,123.37,113.16,1,-1,-1,-1
1585,82,933.56,453.13,408.57,320.46,1,-1,-1,-1
1586,78,708.90,48.02,124.93,114.36,1,-1,-1,-1
1586,82,933.32,438.65,394.32,314.58,1,-1,-1,-1
1587,78,710.58,48.11,126.27,115.14,1,-1,-1,-1
1587,82,933.24,424.83,381.15,308.76,1,-1,-1,-1
1588,78,710.90,48.30,127.43,115.90,1,-1,-1,-1
1588,82,933.80,411.22,366.20,300.85,1,-1,-1,-1
1589,78,711.69,48.52,128.44,116.47,1,-1,-1,-1
1589,82,930.98,397.34,358.43,298.27,1,-1,-1,-1
1590,78,712.39,49.11,128.80,116.49,1,-1,-1,-1
1590,82,928.89,385.62,347.23,292.63,1,-1,-1,-1
1591,78,713.88,49.69,129.26,116.41,1,-1,-1,-1
1591,82,929.27,374.38,334.54,285.00,1,-1,-1,-1
1592,78,714.95,50.41,129.59,116.18,1,-1,-1,-1
1592,82,925.80,360.06,329.14,283.31,1,-1,-1,-1
1593,78,715.01,50.13,130.84,116.87,1,-1,-1,-1
1593,82,922.59,347.16,321.92,279.52,1,-1,-1,-1
1594,78,715.72,51.00,130.56,116.10,1,-1,-1,-1
1594,82,920.29,334.49,315.54,276.22,1,-1,-1,-1
1595,78,715.17,51.30,131.19,116.31,1,-1,-1,-1
1595,82,919.79,323.75,306.09,269.52,1,-1,-1,-1
1596,78,714.60,50.95,132.73,117.34,1,-1,-1,-1
1596,82,919.03,313.92,298.90,264.79,1,-1,-1,-1
1597,78,713.37,50.25,135.11,119.32,1,-1,-1,-1
1597,82,919.35,306.72,290.63,258.51,1,-1,-1,-1
1598,78,712.63,50.35,136.23,120.20,1,-1,-1,-1
1598,82,919.56,299.61,282.88,252.71,1,-1,-1,-1
1599,78,712.94,52.01,136.41,120.28,1,-1,-1,-1
1599,82,918.35,292.40,276.93,248.28,1,-1,-1,-1
1600,78,711.97,51.64,137.51,121.26,1,-1,-1,-1
1600,82,917.39,285.17,271.29,243.84,1,-1,-1,-1
1601,78,710.33,52.19,138.00,121.59,1,-1,-1,-1
1601,82,915.87,275.64,268.76,241.81,1,-1,-1,-1
1602,78,709.95,53.12,137.94,121.41,1,-1,-1,-1
1602,82,916.02,267.99,265.06,238.78,1,-1,-1,-1
1603,78,709.09,53.46,138.85,122.21,1,-1,-1,-1
1603,82,915.06,259.69,261.76,236.33,1,-1,-1,-1
1604,78,708.74,54.20,139.12,122.48,1,-1,-1,-1
1604,82,914.76,251.82,258.41,233.71,1,-1,-1,-1
1605,78,708.05,54.85,139.94,123.16,1,-1,-1,-1
1605,82,916.54,244.70,251.89,227.84,1,-1,-1,-1
1606,78,707.12,54.79,140.68,123.82,1,-1,-1,-1
1606,82,916.48,237.75,249.50,225.96,1,-1,-1,-1
1607,78,706.32,54.87,142.06,125.02,1,-1,-1,-1
1607,82,916.95,231.05,247.29,224.34,1,-1,-1,-1
1608,78,705.99,56.62,141.82,124.76,1,-1,-1,-1
1608,82,917.87,225.78,243.72,221.59,1,-1,-1,-1
1609,78,704.97,58.02,142.41,125.30,1,-1,-1,-1
1609,82,918.32,221.46,240.63,219.18,1,-1,-1,-1
1610,78,705.00,59.32,142.25,125.10,1,-1,-1,-1
1610,82,918.74,217.27,237.51,216.82,1,-1,-1,-1
1611,78,704.61,60.20,142.56,125.35,1,-1,-1,-1
1611,82,919.70,213.61,232.87,212.92,1,-1,-1,-1
1612,78,702.54,60.52,144.34,126.98,1,-1,-1,-1
1612,82,920.35,210.43,228.84,209.78,1,-1,-1,-1
1613,78,700.04,60.69,146.13,128.77,1,-1,-1,-1
1613,82,920.84,207.68,225.66,207.24,1,-1,-1,-1
1614,78,698.77,60.71,147.28,129.98,1,-1,-1,-1
1614,82,921.59,204.11,222.75,204.82,1,-1,-1,-1
1615,78,696.47,62.14,146.96,129.79,1,-1,-1,-1
1615,82,921.42,200.88,220.22,202.55,1,-1,-1,-1
1616,78,694.51,63.46,147.07,130.05,1,-1,-1,-1
1616,82,920.92,196.98,218.64,201.16,1,-1,-1,-1
1617,78,692.53,64.64,147.26,130.42,1,-1,-1,-1
1617,82,920.13,192.29,217.24,199.99,1,-1,-1,-1
1618,78,690.44,65.86,146.83,130.20,1,-1,-1,-1
1618,82,919.93,187.72,215.87,198.88,1,-1,-1,-1
1619,78,688.80,66.42,147.59,131.00,1,-1,-1,-1
1619,82,920.59,184.93,212.87,196.27,1,-1,-1,-1
1620,78,687.11,68.43,147.00,130.57,1,-1,-1,-1
1620,82,919.66,182.63,210.40,193.98,1,-1,-1,-1
1621,78,684.54,69.65,147.88,131.57,1,-1,-1,-1
1621,82,919.97,179.86,207.91,191.68,1,-1,-1,-1
1622,78,682.42,71.13,148.21,131.95,1,-1,-1,-1
1622,82,921.58,176.78,203.69,187.78,1,-1,-1,-1
1623,78,680.91,72.49,148.23,131.96,1,-1,-1,-1
1623,82,920.65,172.16,202.68,186.88,1,-1,-1,-1
1624,78,679.29,74.90,147.64,131.50,1,-1,-1,-1
1624,82,920.09,168.10,200.90,185.18,1,-1,-1,-1
1625,78,677.68,77.11,147.36,131.31,1,-1,-1,-1
1625,82,918.79,164.74,199.29,183.58,1,-1,-1,-1
1626,78,675.73,78.33,147.66,131.67,1,-1,-1,-1
1626,82,918.12,161.12,197.52,181.68,1,-1,-1,-1
1627,78,673.86,79.21,148.32,132.27,1,-1,-1,-1
1627,82,917.55,158.34,195.03,179.28,1,-1,-1,-1
1628,78,672.41,81.06,148.36,132.23,1,-1,-1,-1
1628,82,916.89,157.15,191.55,175.67,1,-1,-1,-1
1629,78,670.68,82.23,149.37,133.20,1,-1,-1,-1
1629,82,915.15,154.39,190.59,174.49,1,-1,-1,-1
1630,78,669.22,83.69,149.48,133.24,1,-1,-1,-1
1630,82,914.26,151.99,188.39,172.27,1,-1,-1,-1
1631,78,667.50,85.19,149.51,133.24,1,-1,-1,-1
1631,82,913.16,149.16,186.72,170.64,1,-1,-1,-1
1632,78,665.47,86.13,150.76,134.20,1,-1,-1,-1
1632,82,911.16,146.04,186.14,169.99,1,-1,-1,-1
1633,78,662.85,86.30,152.79,136.08,1,-1,-1,-1
1633,82,909.82,142.83,183.85,167.83,1,-1,-1,-1
1634,78,660.59,86.49,154.39,137.65,1,-1,-1,-1
1634,82,908.36,139.81,182.07,166.14,1,-1,-1,-1
1635,78,658.60,87.73,155.06,138.40,1,-1,-1,-1
1635,82,906.76,136.81,179.43,163.44,1,-1,-1,-1
1636,78,657.15,89.66,155.31,138.78,1,-1,-1,-1
1636,82,904.90,135.53,176.85,160.80,1,-1,-1,-1
1637,78,655.91,90.88,155.29,138.99,1,-1,-1,-1
1637,82,901.55,133.30,176.98,160.91,1,-1,-1,-1
1638,78,654.17,91.66,156.40,140.27,1,-1,-1,-1
1638,82,899.72,131.75,174.62,158.62,1,-1,-1,-1
1639,78,652.13,92.96,157.37,141.25,1,-1,-1,-1
1639,82,898.32,131.11,172.39,156.43,1,-1,-1,-1
1640,78,650.09,94.26,157.95,141.82,1,-1,-1,-1
1640,82,896.66,130.47,171.08,154.95,1,-1,-1,-1
1641,78,648.47,95.50,158.69,142.76,1,-1,-1,-1
1641,82,896.09,130.46,168.19,152.07,1,-1,-1,-1
1642,78,646.55,97.05,159.19,143.42,1,-1,-1,-1
1642,82,894.92,129.47,165.71,149.53,1,-1,-1,-1
1643,78,645.98,98.96,159.00,143.45,1,-1,-1,-1
1643,82,893.43,127.95,164.38,148.08,1,-1,-1,-1
1644,78,644.07,99.49,159.75,144.48,1,-1,-1,-1
1644,82,891.79,125.88,163.88,147.55,1,-1,-1,-1
1645,78,642.95,101.16,159.77,144.79,1,-1,-1,-1
1645,82,889.46,123.30,163.36,147.11,1,-1,-1,-1
1646,78,641.95,103.02,159.80,145.17,1,-1,-1,-1
1646,82,887.07,122.15,162.49,146.48,1,-1,-1,-1
1647,78,641.53,105.07,159.17,144.78,1,-1,-1,-1
1647,82,885.88,120.85,160.66,144.77,1,-1,-1,-1
1648,78,640.90,106.26,159.36,145.18,1,-1,-1,-1
1648,82,883.91,118.53,160.38,144.38,1,-1,-1,-1
1649,78,640.85,107.69,159.36,145.28,1,-1,-1,-1
1649,82,882.47,116.72,158.45,142.55,1,-1,-1,-1
1650,78,639.71,108.40,161.26,147.08,1,-1,-1,-1
1650,82,880.73,114.92,156.80,141.01,1,-1,-1,-1
1651,78,638.76,110.00,161.82,147.65,1,-1,-1,-1
1651,82,878.31,111.98,157.06,141.27,1,-1,-1,-1
1652,78,637.59,110.61,163.96,149.76,1,-1,-1,-1
1652,82,876.05,110.21,156.40,140.56,1,-1,-1,-1
1653,78,636.93,111.84,165.07,151.00,1,-1,-1,-1
1653,82,875.27,109.87,154.07,138.16,1,-1,-1,-1
1654,78,637.11,113.86,164.84,150.87,1,-1,-1,-1
1654,82,873.50,108.28,153.19,137.16,1,-1,-1,-1
1655,78,635.76,114.88,167.56,153.54,1,-1,-1,-1
1655,82,872.02,106.13,152.74,136.56,1,-1,-1,-1
1656,78,635.04,116.75,169.19,155.05,1,-1,-1,-1
1656,82,870.91,104.65,151.81,135.54,1,-1,-1,-1
1657,78,634.48,118.45,169.93,155.78,1,-1,-1,-1
1657,82,869.17,102.21,151.81,135.44,1,-1,-1,-1
1658,78,635.04,120.27,170.23,156.08,1,-1,-1,-1
1658,82,866.85,99.43,151.85,135.38,1,-1,-1,-1
1659,78,634.61,121.47,171.93,157.79,1,-1,-1,-1
1659,82,864.73,97.59,151.50,135.02,1,-1,-1,-1
1660,78,634.38,123.17,173.12,158.86,1,-1,-1,-1
1660,82,863.34,96.19,149.66,133.27,1,-1,-1,-1
1661,78,634.99,125.36,172.74,158.59,1,-1,-1,-1
1661,82,861.53,93.00,149.39,132.99,1,-1,-1,-1
1662,78,634.10,126.56,174.20,160.04,1,-1,-1,-1
1662,82,860.14,90.91,149.04,132.65,1,-1,-1,-1
1663,78,632.64,127.33,176.42,162.20,1,-1,-1,-1
1663,82,859.58,90.62,147.17,131.07,1,-1,-1,-1
1664,78,630.96,127.60,179.33,165.11,1,-1,-1,-1
1664,82,857.96,88.81,147.56,131.65,1,-1,-1,-1
1665,78,630.70,129.36,179.79,165.63,1,-1,-1,-1
1665,82,856.40,87.56,147.03,131.41,1,-1,-1,-1
1666,78,629.49,131.12,180.76,166.66,1,-1,-1,-1
1666,82,854.82,86.07,146.76,131.38,1,-1,-1,-1
1667,78,628.47,132.64,181.90,167.90,1,-1,-1,-1
1667,82,853.86,85.44,145.72,130.57,1,-1,-1,-1
1668,78,627.99,135.08,181.71,167.83,1,-1,-1,-1
1668,82,851.94,83.64,146.30,131.27,1,-1,-1,-1
1669,78,627.84,137.83,181.35,167.58,1,-1,-1,-1
1669,82,851.31,83.38,144.11,129.33,1,-1,-1,-1
1670,78,627.05,140.58,181.37,167.62,1,-1,-1,-1
1670,82,850.03,80.42,143.77,129.13,1,-1,-1,-1
1671,78,625.54,142.34,183.69,169.91,1,-1,-1,-1
1671,82,848.66,76.85,143.78,129.20,1,-1,-1,-1
1672,78,623.68,144.08,186.50,172.62,1,-1,-1,-1
1672,82,847.61,74.33,143.05,128.70,1,-1,-1,-1
1673,78,622.89,146.27,187.54,173.63,1,-1,-1,-1
1673,82,847.02,72.58,142.19,127.86,1,-1,-1,-1
1674,78,621.52,147.84,189.74,175.66,1,-1,-1,-1
1674,82,846.13,70.44,141.80,127.48,1,-1,-1,-1
1675,78,621.55,149.94,190.22,176.08,1,-1,-1,-1
1675,82,845.18,68.76,141.46,127.15,1,-1,-1,-1
1676,78,619.93,150.79,193.17,178.97,1,-1,-1,-1
1676,82,845.39,68.88,139.42,125.16,1,-1,-1,-1
1677,78,619.21,152.50,194.30,180.16,1,-1,-1,-1
1677,82,845.28,69.40,137.17,123.00,1,-1,-1,-1
1678,78,618.13,153.61,196.18,182.11,1,-1,-1,-1
1678,82,844.55,68.85,137.20,122.92,1,-1,-1,-1
1679,78,617.66,156.42,196.62,182.64,1,-1,-1,-1
1679,82,842.83,65.74,139.51,124.99,1,-1,-1,-1
1680,78,616.75,158.88,197.23,183.27,1,-1,-1,-1
1680,82,840.55,63.84,139.61,125.26,1,-1,-1,-1
1681,78,616.66,161.39,197.27,183.23,1,-1,-1,-1
1681,82,838.57,61.33,139.62,125.61,1,-1,-1,-1
1682,78,615.48,163.24,199.46,185.19,1,-1,-1,-1
1682,82,837.58,60.27,138.33,124.67,1,-1,-1,-1
1683,78,615.02,165.08,201.19,186.91,1,-1,-1,-1
1683,82,837.51,59.54,136.65,123.15,1,-1,-1,-1
1684,78,613.89,166.60,203.12,188.94,1,-1,-1,-1
1684,82,837.64,58.21,136.38,122.83,1,-1,-1,-1
1685,78,612.97,168.48,204.71,190.53,1,-1,-1,-1
1685,82,837.79,57.21,135.80,122.25,1,-1,-1,-1
1686,78,611.36,169.35,207.24,193.21,1,-1,-1,-1
1686,82,837.90,56.09,135.90,122.31,1,-1,-1,-1
1687,78,610.09,171.75,208.54,194.53,1,-1,-1,-1
1687,82,839.52,56.32,133.81,120.26,1,-1,-1,-1
1688,78,609.59,174.42,210.25,196.04,1,-1,-1,-1
1688,82,839.86,55.72,132.80,119.13,1,-1,-1,-1
1689,78,609.44,176.73,212.03,197.97,1,-1,-1,-1
1689,82,840.26,54.75,131.62,118.04,1,-1,-1,-1
1690,78,609.13,179.96,212.52,198.71,1,-1,-1,-1
1690,82,842.04,55.15,130.66,116.82,1,-1,-1,-1
1691,78,608.32,182.26,213.70,199.96,1,-1,-1,-1
1691,82,843.14,55.14,130.43,116.26,1,-1,-1,-1
1692,78,608.89,185.65,213.32,199.63,1,-1,-1,-1
1692,82,841.03,54.63,130.15,116.07,1,-1,-1,-1
1693,78,608.15,187.50,214.44,200.75,1,-1,-1,-1
1693,82,839.92,53.57,129.89,115.96,1,-1,-1,-1
1694,78,607.88,188.88,215.71,201.91,1,-1,-1,-1
1694,82,840.51,53.17,129.36,115.71,1,-1,-1,-1
1695,78,607.16,190.37,218.04,204.12,1,-1,-1,-1
1695,82,841.56,53.87,127.78,114.43,1,-1,-1,-1
1696,78,607.10,192.59,218.91,204.78,1,-1,-1,-1
1696,82,841.53,53.26,127.05,113.77,1,-1,-1,-1
1697,78,607.85,194.79,219.57,205.15,1,-1,-1,-1
1698,78,608.72,197.47,220.50,205.81,1,-1,-1,-1
1699,78,609.16,199.21,221.68,206.70,1,-1,-1,-1
1700,78,608.61,200.27,225.25,210.28,1,-1,-1,-1
1701,78,608.90,202.40,228.02,213.28,1,-1,-1,-1
1702,78,609.79,204.19,229.39,214.84,1,-1,-1,-1
1703,78,611.49,207.59,230.30,215.76,1,-1,-1,-1
1704,78,611.81,209.53,232.18,217.74,1,-1,-1,-1
1705,78,612.84,210.90,235.70,221.50,1,-1,-1,-1
1706,78,613.58,213.18,238.98,225.09,1,-1,-1,-1
1707,78,613.31,214.54,243.12,229.71,1,-1,-1,-1
1708,78,615.46,217.21,244.89,231.65,1,-1,-1,-1
1709,78,615.68,219.51,247.82,234.87,1,-1,-1,-1
1710,78,616.16,223.22,250.23,237.08,1,-1,-1,-1
1711,78,616.64,227.48,252.66,239.51,1,-1,-1,-1
1712,78,617.73,231.67,254.85,241.71,1,-1,-1,-1
1713,78,618.86,236.32,256.81,243.98,1,-1,-1,-1
1714,78,618.98,239.98,261.46,248.72,1,-1,-1,-1
1715,78,618.27,243.66,265.69,253.02,1,-1,-1,-1
1716,78,618.21,248.66,267.01,254.33,1,-1,-1,-1
1717,78,618.12,254.34,268.93,256.11,1,-1,-1,-1
1718,78,617.28,262.24,270.45,257.46,1,-1,-1,-1
1719,78,616.95,269.76,271.81,258.87,1,-1,-1,-1
1720,78,615.58,276.61,273.93,260.94,1,-1,-1,-1
1721,78,614.81,283.63,275.00,261.58,1,-1,-1,-1
1722,78,612.42,289.02,278.69,265.03,1,-1,-1,-1
1723,78,610.71,295.28,280.65,266.99,1,-1,-1,-1
1724,78,608.17,301.54,284.81,271.35,1,-1,-1,-1
1725,78,606.12,308.36,287.53,274.04,1,-1,-1,-1
1726,78,603.80,314.88,291.54,278.04,1,-1,-1,-1
1727,78,599.95,320.50,298.05,284.87,1,-1,-1,-1
1728,78,597.19,325.82,302.03,289.68,1,-1,-1,-1
1729,78,593.15,331.83,307.61,296.28,1,-1,-1,-1
1730,78,590.06,337.44,311.62,301.32,1,-1,-1,-1
1731,78,588.97,344.79,313.54,304.09,1,-1,-1,-1
1732,78,588.79,354.71,312.77,303.70,1,-1,-1,-1
1733,78,586.25,364.12,314.20,305.59,1,-1,-1,-1
1734,78,584.66,374.72,315.38,306.77,1,-1,-1,-1
1735,78,582.66,385.48,317.51,308.74,1,-1,-1,-1
1736,78,581.25,394.41,321.32,312.21,1,-1,-1,-1
1737,78,579.35,402.28,325.81,316.90,1,-1,-1,-1
1738,78,576.84,410.10,330.83,322.35,1,-1,-1,-1
1739,78,572.56,418.25,334.94,326.76,1,-1,-1,-1
1740,78,570.78,428.41,335.83,327.53,1,-1,-1,-1
1741,78,567.51,438.16,337.96,330.01,1,-1,-1,-1
1742,78,565.08,447.81,342.44,334.67,1,-1,-1,-1
1743,78,560.04,455.70,348.39,340.82,1,-1,-1,-1
1744,78,555.82,465.03,353.31,346.11,1,-1,-1,-1
1745,78,551.73,475.13,357.00,350.22,1,-1,-1,-1
1746,78,546.50,484.85,362.33,355.77,1,-1,-1,-1
1747,78,538.65,493.62,370.85,364.73,1,-1,-1,-1
1748,78,531.19,504.04,376.65,370.76,1,-1,-1,-1
1749,78,525.14,517.10,380.33,374.36,1,-1,-1,-1
1750,78,518.04,529.05,387.36,381.61,1,-1,-1,-1
1751,78,511.75,542.61,391.20,385.77,1,-1,-1,-1
1752,78,505.72,555.40,395.71,389.98,1,-1,-1,-1
1753,78,498.75,569.18,402.71,396.88,1,-1,-1,-1
1754,78,490.64,583.28,408.55,402.52,1,-1,-1,-1
1755,78,481.99,596.98,414.21,408.28,1,-1,-1,-1
1756,78,474.57,610.06,418.84,412.78,1,-1,-1,-1
1757,78,465.16,624.93,424.73,418.98,1,-1,-1,-1
1758,78,457.47,639.76,427.73,421.83,1,-1,-1,-1
1759,78,450.18,656.10,428.45,420.99,1,-1,-1,-1
1760,78,447.56,673.06,420.00,409.42,1,-1,-1,-1
1761,78,446.90,689.96,409.63,394.21,1,-1,-1,-1
1762,78,444.11,707.55,399.68,377.41,1,-1,-1,-1
1763,78,443.13,725.40,388.43,358.32,1,-1,-1,-1
1764,78,443.06,747.81,375.16,335.41,1,-1,-1,-1
1764,99,1137.91,637.61,508.60,442.10,1,-1,-1,-1
1765,78,439.30,766.36,366.22,316.28,1,-1,-1,-1
1765,99,1115.27,616.62,525.41,459.07,1,-1,-1,-1
1766,78,432.49,784.24,359.09,298.65,1,-1,-1,-1
1766,99,1095.54,598.69,536.70,472.44,1,-1,-1,-1
1767,78,430.25,803.60,350.22,279.33,1,-1,-1,-1
1767,99,1083.64,584.56,527.13,467.60,1,-1,-1,-1
1768,78,430.41,820.14,337.02,268.79,1,-1,-1,-1
1768,99,1076.89,567.82,515.66,461.17,1,-1,-1,-1
1769,99,1064.42,549.73,507.70,458.24,1,-1,-1,-1
1770,99,1055.00,530.56,500.11,455.68,1,-1,-1,-1
1771,99,1048.71,512.82,490.22,450.76,1,-1,-1,-1
1772,99,1043.72,497.71,474.52,439.93,1,-1,-1,-1
1773,99,1038.55,481.09,459.97,429.46,1,-1,-1,-1
1774,99,1030.71,467.40,449.29,423.19,1,-1,-1,-1
1775,99,1023.33,456.98,438.34,415.86,1,-1,-1,-1
1776,99,1016.91,444.53,429.79,411.47,1,-1,-1,-1
1777,99,1011.64,433.25,415.77,401.05,1,-1,-1,-1
1778,99,1008.73,420.92,404.85,393.58,1,-1,-1,-1
1779,99,1000.34,407.81,397.70,389.55,1,-1,-1,-1
1780,99,990.94,391.35,394.24,389.60,1,-1,-1,-1
1781,99,986.07,380.16,386.47,384.96,1,-1,-1,-1
1782,99,982.96,371.27,377.46,378.79,1,-1,-1,-1
1783,99,977.49,360.01,371.66,376.32,1,-1,-1,-1
1784,99,971.12,347.40,364.85,372.33,1,-1,-1,-1
1785,99,967.86,337.27,355.80,364.86,1,-1,-1,-1
1786,99,964.51,327.90,348.39,359.20,1,-1,-1,-1
1787,99,960.46,320.00,341.63,353.73,1,-1,-1,-1
1788,99,958.12,313.91,333.71,347.14,1,-1,-1,-1
1789,99,952.10,304.78,330.24,344.45,1,-1,-1,-1
1790,99,949.07,298.96,324.18,338.98,1,-1,-1,-1
1791,99,947.85,293.18,320.32,335.47,1,-1,-1,-1
1792,99,948.41,288.64,313.49,328.15,1,-1,-1,-1
1793,99,949.48,283.96,305.91,319.86,1,-1,-1,-1
1794,99,948.13,275.32,301.63,314.76,1,-1,-1,-1
1795,99,944.95,265.29,299.71,312.37,1,-1,-1,-1
1796,99,944.07,258.82,293.65,305.79,1,-1,-1,-1
1797,99,944.34,252.07,289.32,300.73,1,-1,-1,-1
1798,99,944.24,246.30,285.37,296.21,1,-1,-1,-1
1799,99,943.74,240.57,283.33,293.51,1,-1,-1,-1
1800,99,943.29,233.93,282.38,292.38,1,-1,-1,-1
1801,99,943.16,226.95,279.63,289.43,1,-1,-1,-1
1802,99,944.01,221.44,277.27,286.55,1,-1,-1,-1
1803,99,945.55,216.55,274.30,283.18,1,-1,-1,-1
1804,99,945.30,211.07,273.65,282.24,1,-1,-1,-1
1805,99,945.13,207.00,271.30,279.13,1,-1,-1,-1
1806,99,948.16,204.03,266.60,273.38,1,-1,-1,-1
1807,99,950.50,201.69,261.51,267.23,1,-1,-1,-1
1808,99,951.98,197.88,260.41,264.89,1,-1,-1,-1
1809,99,952.04,195.01,260.21,263.39,1,-1,-1,-1
1810,99,952.05,192.14,259.69,261.92,1,-1,-1,-1
1811,99,951.86,187.89,260.24,261.80,1,-1,-1,-1
1812,99,951.80,185.21,258.64,259.67,1,-1,-1,-1
1813,99,952.16,182.40,257.25,257.65,1,-1,-1,-1
1814,99,954.60,181.54,253.61,253.57,1,-1,-1,-1
1815,99,954.73,177.95,252.88,252.52,1,-1,-1,-1
1816,99,955.38,174.26,252.51,252.19,1,-1,-1,-1
1817,99,955.93,172.25,252.21,252.13,1,-1,-1,-1
1818,99,956.09,169.31,251.03,250.88,1,-1,-1,-1
1819,99,956.38,166.33,249.49,249.43,1,-1,-1,-1
1820,99,958.70,164.10,247.26,246.96,1,-1,-1,-1
1821,99,960.61,161.38,246.68,246.29,1,-1,-1,-1
1822,99,963.80,158.23,245.03,244.45,1,-1,-1,-1
1823,99,966.56,155.97,244.00,242.87,1,-1,-1,-1
1824,99,971.13,154.28,242.16,240.35,1,-1,-1,-1
1825,99,976.52,153.09,238.83,236.13,1,-1,-1,-1
1826,99,983.46,151.90,236.67,232.71,1,-1,-1,-1
1827,99,990.11,149.29,238.32,233.15,1,-1,-1,-1
1828,99,997.52,146.81,239.61,232.66,1,-1,-1,-1
1829,99,1004.38,145.53,240.01,231.61,1,-1,-1,-1
1830,99,1015.49,142.89,241.60,231.49,1,-1,-1,-1
1831,99,1029.06,142.31,239.25,227.79,1,-1,-1,-1
1832,99,1040.68,140.56,239.47,226.13,1,-1,-1,-1
1833,99,1052.81,137.83,240.72,225.85,1,-1,-1,-1
1834,99,1065.83,136.27,239.33,223.11,1,-1,-1,-1
1835,99,1079.56,135.24,238.16,220.47,1,-1,-1,-1
1836,99,1096.15,134.64,236.79,217.62,1,-1,-1,-1
1837,99,1113.62,133.10,236.32,216.04,1,-1,-1,-1
1838,99,1132.26,132.78,233.82,212.51,1,-1,-1,-1
1839,99,1148.89,131.19,235.81,213.78,1,-1,-1,-1
1840,99,1168.49,130.14,238.69,215.04,1,-1,-1,-1
1841,99,1185.75,128.16,239.31,214.51,1,-1,-1,-1
1842,99,1202.69,127.07,240.31,214.11,1,-1,-1,-1
1843,99,1220.32,125.59,239.37,211.43,1,-1,-1,-1
1843,104,661.77,74.42,105.34,88.60,1,-1,-1,-1
1844,99,1242.84,124.66,237.41,208.13,1,-1,-1,-1
1844,104,663.35,74.15,105.74,88.94,1,-1,-1,-1
1845,99,1262.86,119.92,236.72,206.51,1,-1,-1,-1
1845,104,664.85,74.05,105.77,88.97,1,-1,-1,-1
1846,99,1282.59,117.70,238.27,207.06,1,-1,-1,-1
1846,104,666.32,73.70,105.72,88.87,1,-1,-1,-1
1847,99,1302.26,115.43,238.50,206.62,1,-1,-1,-1
1847,104,667.48,73.32,106.09,89.10,1,-1,-1,-1
1848,99,1323.00,113.34,238.27,206.72,1,-1,-1,-1
1848,104,668.19,73.09,106.60,89.45,1,-1,-1,-1
1849,99,1335.88,107.99,240.10,207.49,1,-1,-1,-1
1849,104,669.81,72.35,106.92,89.75,1,-1,-1,-1
1850,99,1353.03,103.83,237.82,204.70,1,-1,-1,-1
1850,104,670.77,71.70,107.62,90.42,1,-1,-1,-1
1851,99,1376.36,101.24,232.15,200.07,1,-1,-1,-1
1851,104,672.32,72.16,106.72,89.67,1,-1,-1,-1
1852,99,1394.02,97.22,229.57,198.96,1,-1,-1,-1
1852,104,672.94,72.27,106.45,89.44,1,-1,-1,-1
1853,99,1410.31,91.94,225.89,198.85,1,-1,-1,-1
1853,104,673.38,72.26,106.29,89.29,1,-1,-1,-1
1854,99,1427.70,88.92,224.44,197.57,1,-1,-1,-1
1854,104,673.22,72.42,106.46,89.45,1,-1,-1,-1
1855,104,672.76,72.62,106.82,89.75,1,-1,-1,-1
1856,104,672.38,72.88,106.80,89.66,1,-1,-1,-1
1857,104,672.14,73.32,106.73,89.53,1,-1,-1,-1
1858,104,671.91,73.52,106.69,89.41,1,-1,-1,-1
1859,104,671.38,73.06,107.13,89.81,1,-1,-1,-1
1860,104,671.08,72.91,107.22,89.88,1,-1,-1,-1
1861,104,670.45,72.72,107.26,89.95,1,-1,-1,-1
1862,104,669.98,72.44,107.57,90.24,1,-1,-1,-1
1863,104,669.48,72.60,107.66,90.30,1,-1,-1,-1
1864,104,667.75,71.35,109.49,91.84,1,-1,-1,-1
1865,104,668.25,70.84,109.62,91.97,1,-1,-1,-1
1866,104,667.79,70.27,110.18,92.39,1,-1,-1,-1
1867,104,667.18,69.65,110.55,92.65,1,-1,-1,-1
1868,104,667.20,68.81,110.86,92.87,1,-1,-1,-1
1869,104,667.98,67.52,110.80,92.82,1,-1,-1,-1
1870,104,669.02,67.08,110.93,92.91,1,-1,-1,-1
1871,104,670.12,66.91,111.17,92.87,1,-1,-1,-1
1872,104,670.40,65.89,112.64,94.06,1,-1,-1,-1
1873,104,671.05,65.10,113.31,94.73,1,-1,-1,-1
1874,104,672.00,64.87,114.18,95.57,1,-1,-1,-1
1875,104,673.27,64.18,114.54,96.00,1,-1,-1,-1
1876,104,674.17,63.93,114.91,96.36,1,-1,-1,-1
1877,104,675.06,63.60,115.40,96.81,1,-1,-1,-1
1878,104,675.83,63.19,116.59,97.87,1,-1,-1,-1
1879,104,676.44,62.04,118.27,99.45,1,-1,-1,-1
1880,104,677.99,61.64,118.91,100.19,1,-1,-1,-1
1881,104,678.82,61.42,119.64,100.98,1,-1,-1,-1
1882,104,678.89,60.39,120.76,102.14,1,-1,-1,-1
1883,104,679.18,59.61,121.67,103.13,1,-1,-1,-1
1884,104,680.38,59.45,122.54,104.00,1,-1,-1,-1
1885,104,681.12,58.47,123.79,105.11,1,-1,-1,-1
1886,104,681.37,57.15,125.60,106.68,1,-1,-1,-1
1887,104,683.91,57.75,124.53,105.61,1,-1,-1,-1
1888,104,686.63,57.97,123.65,104.81,1,-1,-1,-1
1889,104,688.84,57.70,123.50,104.70,1,-1,-1,-1
1890,104,690.83,57.83,123.10,104.36,1,-1,-1,-1
1891,104,692.18,57.92,122.71,103.98,1,-1,-1,-1
1892,104,692.70,57.79,123.35,104.52,1,-1,-1,-1
1893,104,693.20,57.40,123.96,105.07,1,-1,-1,-1
1894,104,694.49,56.67,124.14,105.40,1,-1,-1,-1
1895,104,696.07,57.09,122.99,104.51,1,-1,-1,-1
1896,104,695.87,56.38,123.49,105.03,1,-1,-1,-1
1897,104,696.43,56.92,123.04,104.80,1,-1,-1,-1
1898,104,697.30,56.21,123.00,104.87,1,-1,-1,-1
1899,104,698.23,55.64,123.34,105.37,1,-1,-1,-1
1900,104,697.47,55.87,124.08,105.93,1,-1,-1,-1
1901,104,698.50,56.73,123.95,105.74,1,-1,-1,-1
1902,104,698.78,56.69,124.45,106.17,1,-1,-1,-1
1903,104,699.55,57.00,124.71,106.43,1,-1,-1,-1
1904,104,700.11,57.26,125.12,106.73,1,-1,-1,-1
1905,104,701.08,57.51,125.29,106.88,1,-1,-1,-1
1906,104,702.39,57.83,125.56,107.13,1,-1,-1,-1
1907,104,703.13,57.90,126.30,107.75,1,-1,-1,-1
1908,104,703.47,57.77,127.58,108.92,1,-1,-1,-1
1909,104,703.19,57.45,129.58,110.75,1,-1,-1,-1
1910,104,703.25,57.70,131.28,112.41,1,-1,-1,-1
1911,104,704.19,58.72,132.29,113.46,1,-1,-1,-1
1912,104,705.35,59.97,132.68,113.98,1,-1,-1,-1
1913,104,705.57,60.81,133.36,114.72,1,-1,-1,-1
1914,104,705.59,62.02,133.31,114.91,1,-1,-1,-1
1915,104,705.27,63.89,133.39,114.94,1,-1,-1,-1
1916,104,704.41,64.96,134.02,115.55,1,-1,-1,-1
1917,104,703.52,65.56,135.61,117.02,1,-1,-1,-1
1918,104,703.53,67.79,135.34,116.71,1,-1,-1,-1
1919,104,703.41,69.13,136.19,117.24,1,-1,-1,-1
1920,104,701.65,69.89,137.76,118.38,1,-1,-1,-1
1921,104,700.97,70.77,137.75,118.30,1,-1,-1,-1
1922,104,700.47,71.71,138.08,118.58,1,-1,-1,-1
1923,104,699.74,72.81,138.44,118.84,1,-1,-1,-1
1924,104,699.28,74.29,138.39,118.66,1,-1,-1,-1
1925,104,698.66,76.01,138.98,119.04,1,-1,-1,-1
1926,104,697.69,77.94,139.16,119.12,1,-1,-1,-1
1927,104,697.05,79.78,139.66,119.38,1,-1,-1,-1
1928,104,696.43,81.13,139.86,119.50,1,-1,-1,-1
1929,104,695.29,82.81,140.94,120.32,1,-1,-1,-1
1930,104,694.40,84.39,142.42,121.57,1,-1,-1,-1
1931,104,692.37,86.14,144.06,122.91,1,-1,-1,-1
1932,104,690.12,87.21,145.87,124.59,1,-1,-1,-1
1933,104,688.63,89.02,146.20,124.95,1,-1,-1,-1
1934,104,687.04,90.70,146.53,125.25,1,-1,-1,-1
1935,104,686.14,93.26,146.13,124.81,1,-1,-1,-1
1936,104,685.56,95.69,146.33,124.86,1,-1,-1,-1
1937,104,683.68,97.08,147.77,125.98,1,-1,-1,-1
1938,104,681.42,98.20,149.97,127.75,1,-1,-1,-1
1939,104,679.79,100.07,151.48,128.91,1,-1,-1,-1
1940,104,678.85,101.64,152.47,129.82,1,-1,-1,-1
1941,104,678.01,103.79,152.91,130.27,1,-1,-1,-1
1942,104,677.56,106.00,152.48,129.83,1,-1,-1,-1
1943,104,676.23,108.10,152.67,129.98,1,-1,-1,-1
1944,104,674.43,109.90,153.64,130.80,1,-1,-1,-1
1945,104,673.25,112.33,153.89,130.97,1,-1,-1,-1
1946,104,671.86,115.05,152.56,129.62,1,-1,-1,-1
1947,104,670.39,117.38,152.81,129.55,1,-1,-1,-1
1948,104,668.57,119.95,153.37,129.80,1,-1,-1,-1
1949,104,666.16,121.17,155.58,131.56,1,-1,-1,-1
1950,104,663.48,121.99,157.73,133.24,1,-1,-1,-1
1951,104,660.24,123.26,160.62,135.59,1,-1,-1,-1
1952,104,657.06,125.05,162.96,137.54,1,-1,-1,-1
1953,104,654.26,127.76,164.21,138.75,1,-1,-1,-1
1954,104,651.44,130.04,165.70,140.19,1,-1,-1,-1
1955,104,648.67,132.70,166.93,141.46,1,-1,-1,-1
1956,104,646.31,136.04,167.01,141.65,1,-1,-1,-1
1957,104,643.79,138.70,168.46,142.85,1,-1,-1,-1
1958,104,641.63,141.43,169.10,143.51,1,-1,-1,-1
1959,104,638.90,144.44,170.26,144.49,1,-1,-1,-1
1960,104,636.11,147.95,170.68,144.71,1,-1,-1,-1
1961,104,632.60,151.10,170.97,144.86,1,-1,-1,-1
1962,104,628.69,153.18,171.82,145.55,1,-1,-1,-1
1963,104,625.62,155.58,172.91,146.35,1,-1,-1,-1
1964,104,622.28,158.99,173.92,146.96,1,-1,-1,-1
1965,104,619.26,161.88,175.77,148.25,1,-1,-1,-1
1966,104,616.46,164.33,177.85,149.83,1,-1,-1,-1
1967,104,613.92,166.81,180.39,151.76,1,-1,-1,-1
1968,104,612.55,169.91,181.49,152.44,1,-1,-1,-1
1969,104,609.85,172.16,184.10,154.47,1,-1,-1,-1
1970,104,607.86,175.07,186.05,155.99,1,-1,-1,-1
1971,104,606.15,178.22,187.98,157.51,1,-1,-1,-1
1972,104,603.84,180.91,190.60,159.63,1,-1,-1,-1
1973,104,603.51,184.97,190.79,159.57,1,-1,-1,-1
1974,104,601.19,187.85,193.44,161.63,1,-1,-1,-1
1975,104,598.43,190.72,197.28,164.75,1,-1,-1,-1
1976,104,597.31,194.05,199.78,166.76,1,-1,-1,-1
1977,104,596.40,197.84,201.81,168.16,1,-1,-1,-1
1978,104,595.53,202.04,203.94,169.79,1,-1,-1,-1
1979,104,593.50,205.31,207.86,172.91,1,-1,-1,-1
1980,104,592.02,208.09,211.00,175.49,1,-1,-1,-1
1981,104,590.49,212.31,212.06,175.95,1,-1,-1,-1
1982,104,588.41,215.64,213.82,177.11,1,-1,-1,-1
1983,104,585.53,218.47,217.51,180.09,1,-1,-1,-1
1984,104,584.07,221.48,220.10,182.23,1,-1,-1,-1
1985,104,583.28,224.57,221.61,183.47,1,-1,-1,-1
1986,104,581.30,227.77,224.41,185.91,1,-1,-1,-1
1987,104,579.38,231.96,226.31,187.46,1,-1,-1,-1
1988,104,577.31,235.95,228.10,188.76,1,-1,-1,-1
1989,104,574.75,240.11,230.34,190.38,1,-1,-1,-1
1990,104,572.22,244.06,233.81,193.11,1,-1,-1,-1
1991,104,569.93,248.88,237.18,195.89,1,-1,-1,-1
1992,104,567.97,254.81,239.91,198.09,1,-1,-1,-1
1993,104,565.32,260.82,242.24,200.01,1,-1,-1,-1
1994,104,563.47,268.02,244.79,202.14,1,-1,-1,-1
1995,104,559.75,275.43,249.92,206.49,1,-1,-1,-1
1996,104,556.55,284.38,253.66,209.89,1,-1,-1,-1
1997,104,552.09,295.02,258.30,214.15,1,-1,-1,-1
1998,104,548.54,303.82,261.49,217.46,1,-1,-1,-1
1999,104,544.18,312.43,265.98,222.16,1,-1,-1,-1
2000,104,539.64,320.80,269.89,226.09,1,-1,-1,-1
2001,104,535.72,331.97,271.75,228.17,1,-1,-1,-1
2002,104,530.77,342.13,275.34,231.76,1,-1,-1,-1
2003,104,527.46,354.30,277.74,234.17,1,-1,-1,-1
2004,104,524.19,367.36,281.31,237.61,1,-1,-1,-1
2005,104,520.11,381.02,284.59,240.59,1,-1,-1,-1
2006,104,514.57,392.98,291.70,247.32,1,-1,-1,-1
2007,104,511.38,405.81,295.41,250.66,1,-1,-1,-1
2008,104,507.62,420.54,298.02,252.89,1,-1,-1,-1
2009,104,503.17,433.31,303.78,258.04,1,-1,-1,-1
2010,104,499.18,447.85,309.26,262.62,1,-1,-1,-1
2011,104,493.99,460.70,318.37,270.75,1,-1,-1,-1
2012,104,488.20,472.93,324.83,276.83,1,-1,-1,-1
2013,104,482.85,486.46,331.07,282.71,1,-1,-1,-1
2014,104,476.91,500.59,337.49,288.94,1,-1,-1,-1
2015,104,470.23,516.09,344.57,295.95,1,-1,-1,-1
2016,104,462.71,532.29,351.82,303.19,1,-1,-1,-1
2017,104,455.43,551.46,356.91,308.23,1,-1,-1,-1
2018,104,448.22,571.99,361.83,312.84,1,-1,-1,-1
2019,104,437.21,593.88,369.42,319.58,1,-1,-1,-1
2020,104,425.25,613.65,379.22,328.73,1,-1,-1,-1
2021,104,411.11,636.52,388.83,337.82,1,-1,-1,-1
2022,104,395.76,660.01,397.73,346.60,1,-1,-1,-1
2023,104,379.11,686.56,405.81,354.64,1,-1,-1,-1
2024,104,363.25,717.65,406.25,354.32,1,-1,-1,-1
2025,104,354.43,753.51,384.81,330.74,1,-1,-1,-1
2026,104,346.99,787.87,359.01,300.64,1,-1,-1,-1
2027,104,335.06,819.96,335.31,269.55,1,-1,-1,-1
2028,104,326.99,842.92,330.12,265.37,1,-1,-1,-1
2048,109,1080.59,807.12,504.35,273.02,1,-1,-1,-1
2049,109,1053.55,778.21,549.67,301.37,1,-1,-1,-1
2050,109,1026.78,748.64,590.44,329.61,1,-1,-1,-1
2051,109,1017.64,716.09,601.29,342.98,1,-1,-1,-1
2052,109,1015.40,686.37,592.79,345.77,1,-1,-1,-1
2053,109,1022.78,660.62,567.73,339.02,1,-1,-1,-1
2054,109,1031.11,635.33,538.98,329.33,1,-1,-1,-1
2055,109,1035.28,611.85,516.23,323.06,1,-1,-1,-1
2056,109,1040.38,591.63,492.89,315.67,1,-1,-1,-1
2057,109,1042.03,573.49,470.23,308.29,1,-1,-1,-1
2058,109,1040.97,557.28,452.50,303.37,1,-1,-1,-1
2059,109,1039.38,538.67,433.77,297.39,1,-1,-1,-1
2060,109,1035.97,521.02,419.44,293.81,1,-1,-1,-1
2061,109,1030.74,503.96,404.50,288.91,1,-1,-1,-1
2062,109,1026.35,489.20,390.13,283.71,1,-1,-1,-1
2063,109,1023.82,476.50,372.62,275.50,1,-1,-1,-1
2064,109,1017.32,461.92,361.22,271.36,1,-1,-1,-1
2065,109,1012.12,448.12,350.31,267.05,1,-1,-1,-1
2066,109,1008.86,436.01,338.01,260.93,1,-1,-1,-1
2067,109,1001.20,421.00,330.65,258.63,1,-1,-1,-1
2068,109,996.35,409.22,318.47,251.53,1,-1,-1,-1
2069,109,990.57,397.34,311.90,248.64,1,-1,-1,-1
2070,109,984.10,384.45,304.81,245.07,1,-1,-1,-1
2071,109,979.07,373.28,295.98,239.62,1,-1,-1,-1
2072,109,974.46,361.93,289.08,235.25,1,-1,-1,-1
2073,109,970.51,351.82,282.29,230.88,1,-1,-1,-1
2074,109,966.54,342.46,276.65,227.57,1,-1,-1,-1
2075,109,965.27,333.25,270.21,223.62,1,-1,-1,-1
2076,109,962.70,324.26,264.89,220.38,1,-1,-1,-1
2077,109,959.60,314.40,263.80,220.88,1,-1,-1,-1
2078,109,956.73,306.72,258.72,217.64,1,-1,-1,-1
2079,109,955.57,299.81,253.60,214.55,1,-1,-1,-1
2080,109,956.41,294.26,245.84,208.79,1,-1,-1,-1
2081,109,957.09,289.95,238.44,202.91,1,-1,-1,-1
2082,109,957.74,284.17,233.96,199.33,1,-1,-1,-1
2083,109,956.78,276.40,230.67,196.58,1,-1,-1,-1
2084,109,955.51,269.08,227.73,194.21,1,-1,-1,-1
2085,109,956.69,264.07,223.31,190.64,1,-1,-1,-1
2086,109,956.82,259.13,221.29,189.19,1,-1,-1,-1
2087,109,955.74,253.48,219.83,188.17,1,-1,-1,-1
2088,109,956.17,248.55,216.65,185.45,1,-1,-1,-1
2089,109,956.94,244.16,212.62,182.39,1,-1,-1,-1
2090,109,957.16,239.41,210.06,180.60,1,-1,-1,-1
2091,109,956.57,232.92,209.42,180.77,1,-1,-1,-1
2092,109,956.96,228.31,207.96,180.05,1,-1,-1,-1
2093,109,957.01,223.89,205.97,178.88,1,-1,-1,-1
2094,109,957.22,219.81,203.45,177.27,1,-1,-1,-1
2095,109,958.10,217.01,199.42,174.37,1,-1,-1,-1
2096,109,959.34,213.31,196.52,172.33,1,-1,-1,-1
2097,109,960.63,210.77,193.80,170.44,1,-1,-1,-1
2098,109,961.42,208.04,191.11,168.31,1,-1,-1,-1
2099,109,961.64,205.03,189.41,166.94,1,-1,-1,-1
2100,109,962.43,201.69,186.42,164.44,1,-1,-1,-1
2101,109,961.64,197.68,184.68,163.11,1,-1,-1,-1
2102,109,960.79,193.51,183.25,161.84,1,-1,-1,-1
2103,109,959.93,190.05,180.99,159.66,1,-1,-1,-1
2104,109,960.03,187.00,178.09,157.02,1,-1,-1,-1
2105,109,959.19,183.36,177.69,156.68,1,-1,-1,-1
2106,109,957.43,179.54,177.35,156.47,1,-1,-1,-1
2107,109,956.29,176.22,175.65,154.91,1,-1,-1,-1
2108,109,955.09,173.57,173.93,153.10,1,-1,-1,-1
2109,109,952.85,170.63,173.32,152.47,1,-1,-1,-1
2110,109,951.48,168.69,171.26,150.60,1,-1,-1,-1
2111,109,949.95,165.98,168.20,147.79,1,-1,-1,-1
2112,109,947.73,163.25,166.28,145.94,1,-1,-1,-1
2113,109,946.32,160.48,163.59,143.40,1,-1,-1,-1
2114,109,944.87,157.80,161.94,141.89,1,-1,-1,-1
2115,109,941.63,154.03,162.46,142.39,1,-1,-1,-1
2116,109,940.30,152.27,160.23,140.22,1,-1,-1,-1
2117,109,937.89,150.26,159.51,139.32,1,-1,-1,-1
2118,109,934.90,147.56,159.51,139.15,1,-1,-1,-1
2119,109,931.51,145.11,160.00,139.55,1,-1,-1,-1
2120,109,928.82,143.18,159.39,138.95,1,-1,-1,-1
2121,109,926.44,141.18,158.83,138.45,1,-1,-1,-1
2122,109,924.04,139.54,157.69,137.25,1,-1,-1,-1
2123,109,922.44,137.62,156.53,136.21,1,-1,-1,-1
2124,109,921.33,135.94,154.47,134.56,1,-1,-1,-1
2125,109,919.90,134.17,153.13,133.34,1,-1,-1,-1
2126,109,919.16,133.18,150.91,131.31,1,-1,-1,-1
2127,109,918.26,131.24,149.07,129.52,1,-1,-1,-1
2128,109,916.33,129.55,148.53,129.00,1,-1,-1,-1
2129,109,915.35,129.17,147.05,127.55,1,-1,-1,-1
2130,109,913.47,127.92,146.76,127.24,1,-1,-1,-1
2131,109,911.69,126.77,146.01,126.50,1,-1,-1,-1
2132,109,910.12,124.81,145.57,126.16,1,-1,-1,-1
2133,109,908.33,122.26,145.48,126.30,1,-1,-1,-1
2134,109,907.31,120.92,143.96,125.14,1,-1,-1,-1
2135,109,906.26,118.44,142.86,124.51,1,-1,-1,-1
2136,109,904.20,115.92,142.14,124.17,1,-1,-1,-1
2137,109,902.08,113.28,141.45,123.76,1,-1,-1,-1
2138,109,900.10,110.89,140.93,123.44,1,-1,-1,-1
2139,109,898.39,108.37,140.95,123.68,1,-1,-1,-1
2140,109,897.14,106.52,139.88,122.99,1,-1,-1,-1
