192,1,349.03,1120.94,588.68,526.95,1,-1,-1,-1
193,1,603.35,1116.03,516.64,455.01,1,-1,-1,-1
194,1,798.92,1106.22,473.63,411.22,1,-1,-1,-1
195,1,960.59,1103.04,431.14,369.26,1,-1,-1,-1
196,1,1087.01,1103.85,392.14,331.33,1,-1,-1,-1
197,1,1192.69,1102.15,354.42,295.21,1,-1,-1,-1
198,1,1273.90,1101.86,324.07,267.31,1,-1,-1,-1
199,1,1342.87,1096.80,304.33,249.16,1,-1,-1,-1
200,1,1403.85,1091.75,284.54,231.98,1,-1,-1,-1
201,1,1454.07,1085.89,273.84,223.21,1,-1,-1,-1
202,1,1498.00,1083.80,259.43,211.97,1,-1,-1,-1
203,1,1535.00,1080.48,248.95,204.33,1,-1,-1,-1
204,1,1569.22,1078.78,231.33,190.81,1,-1,-1,-1
205,1,1594.56,1072.39,222.31,184.42,1,-1,-1,-1
206,1,1617.06,1067.25,214.19,179.16,1,-1,-1,-1
207,1,1636.03,1063.49,202.55,170.67,1,-1,-1,-1
208,1,1653.87,1061.15,192.73,163.52,1,-1,-1,-1
209,1,1668.04,1056.41,187.06,159.48,1,-1,-1,-1
210,1,1681.40,1050.71,180.23,154.48,1,-1,-1,-1
211,1,1691.96,1045.35,175.21,151.09,1,-1,-1,-1
212,1,1700.06,1040.08,170.07,147.62,1,-1,-1,-1
213,1,1709.64,1036.07,163.37,142.64,1,-1,-1,-1
214,1,1718.51,1031.20,157.84,139.04,1,-1,-1,-1
215,1,1724.45,1025.60,154.26,137.21,1,-1,-1,-1
216,1,1730.40,1021.91,150.68,135.11,1,-1,-1,-1
217,1,1733.87,1017.71,148.46,134.24,1,-1,-1,-1
218,1,1736.99,1014.08,145.01,132.00,1,-1,-1,-1
219,1,1739.73,1010.60,140.62,128.54,1,-1,-1,-1
220,1,1741.04,1007.68,137.70,126.27,1,-1,-1,-1
221,1,1744.61,1005.09,133.14,122.47,1,-1,-1,-1
222,1,1747.35,1001.48,129.89,119.77,1,-1,-1,-1
223,1,1749.16,998.19,128.33,118.79,1,-1,-1,-1
224,1,1750.59,995.53,125.72,116.71,1,-1,-1,-1
225,1,1751.59,992.18,122.27,113.70,1,-1,-1,-1
226,1,1752.74,988.65,119.96,111.76,1,-1,-1,-1
227,1,1753.66,985.90,115.83,107.85,1,-1,-1,-1
228,1,1752.44,982.13,114.61,106.70,1,-1,-1,-1
229,1,1752.64,978.89,113.51,105.60,1,-1,-1,-1
230,1,1752.50,975.72,112.75,104.65,1,-1,-1,-1
231,1,1752.31,972.71,113.21,104.79,1,-1,-1,-1
232,1,1751.03,970.19,114.09,105.21,1,-1,-1,-1
233,1,1751.07,968.08,114.43,105.01,1,-1,-1,-1
234,1,1749.51,965.56,115.40,105.56,1,-1,-1,-1
235,1,1751.26,962.49,113.84,104.13,1,-1,-1,-1
584,2,1633.49,926.23,122.98,112.62,1,-1,-1,-1
585,2,1630.89,927.34,123.87,113.46,1,-1,-1,-1
586,2,1627.57,928.39,125.05,114.54,1,-1,-1,-1
587,2,1624.27,930.19,126.03,115.45,1,-1,-1,-1
588,2,1622.26,932.02,125.77,115.14,1,-1,-1,-1
589,2,1621.16,934.89,124.80,114.17,1,-1,-1,-1
590,2,1619.08,937.05,125.64,114.84,1,-1,-1,-1
591,2,1616.26,938.86,126.36,115.41,1,-1,-1,-1
592,2,1613.38,940.63,126.27,115.14,1,-1,-1,-1
593,2,1610.10,943.46,125.49,114.10,1,-1,-1,-1
594,2,1606.22,945.42,126.97,115.16,1,-1,-1,-1
595,2,1600.89,946.81,129.05,116.65,1,-1,-1,-1
596,2,1594.56,948.25,130.41,117.36,1,-1,-1,-1
597,2,1588.72,949.50,132.85,119.14,1,-1,-1,-1
598,2,1581.77,950.33,135.76,121.45,1,-1,-1,-1
599,2,1575.49,951.20,138.27,123.32,1,-1,-1,-1
600,2,1566.82,951.23,142.54,126.62,1,-1,-1,-1
601,2,1558.13,951.99,145.49,128.55,1,-1,-1,-1
602,2,1548.89,953.06,148.36,130.57,1,-1,-1,-1
603,2,1539.51,953.47,151.89,133.44,1,-1,-1,-1
604,2,1528.98,953.76,155.91,137.01,1,-1,-1,-1
605,2,1517.80,954.61,159.05,139.84,1,-1,-1,-1
606,2,1507.08,955.30,162.22,142.44,1,-1,-1,-1
607,2,1493.83,956.45,166.37,145.75,1,-1,-1,-1
608,2,1480.48,957.71,170.23,148.86,1,-1,-1,-1
609,2,1466.10,958.46,172.16,150.07,1,-1,-1,-1
610,2,1449.35,958.18,177.12,154.12,1,-1,-1,-1
611,2,1431.74,958.67,181.41,157.44,1,-1,-1,-1
612,2,1409.32,959.66,187.61,162.33,1,-1,-1,-1
613,2,1386.80,958.16,196.02,169.23,1,-1,-1,-1
614,2,1365.36,958.21,202.20,173.69,1,-1,-1,-1
615,2,1340.73,958.22,209.42,179.07,1,-1,-1,-1
616,2,1314.74,956.67,216.28,184.34,1,-1,-1,-1
617,2,1283.87,956.69,223.43,188.66,1,-1,-1,-1
618,2,1248.21,954.87,233.05,194.72,1,-1,-1,-1
619,2,1212.50,954.86,239.54,197.54,1,-1,-1,-1
619,3,1641.66,920.92,123.52,109.56,1,-1,-1,-1
620,2,1168.87,953.82,249.12,202.57,1,-1,-1,-1
620,3,1638.46,922.29,124.92,110.82,1,-1,-1,-1
621,2,1122.13,951.98,259.96,208.07,1,-1,-1,-1
621,3,1638.91,924.02,125.93,111.70,1,-1,-1,-1
622,2,1073.86,949.42,271.59,213.42,1,-1,-1,-1
622,3,1637.35,925.10,128.00,113.60,1,-1,-1,-1
623,2,1020.29,943.62,289.59,223.38,1,-1,-1,-1
623,3,1634.54,925.70,130.11,115.58,1,-1,-1,-1
624,2,961.28,938.32,307.88,233.17,1,-1,-1,-1
624,3,1631.70,927.15,130.04,115.55,1,-1,-1,-1
625,2,887.07,931.44,331.06,245.96,1,-1,-1,-1
625,3,1628.71,927.22,132.43,117.80,1,-1,-1,-1
626,2,805.46,925.13,356.27,259.15,1,-1,-1,-1
626,3,1625.84,927.98,133.31,118.78,1,-1,-1,-1
627,2,711.42,915.38,388.73,277.72,1,-1,-1,-1
627,3,1623.31,929.65,132.91,118.61,1,-1,-1,-1
628,2,605.09,907.97,414.46,290.58,1,-1,-1,-1
628,3,1620.75,931.49,132.63,118.50,1,-1,-1,-1
629,2,486.13,897.39,446.08,306.52,1,-1,-1,-1
629,3,1617.53,933.94,133.25,119.25,1,-1,-1,-1
630,2,345.26,886.56,489.03,328.76,1,-1,-1,-1
630,3,1614.62,937.19,133.29,119.31,1,-1,-1,-1
631,2,190.17,875.43,528.70,347.18,1,-1,-1,-1
631,3,1610.03,940.43,133.28,119.34,1,-1,-1,-1
632,2,59.44,860.94,566.95,369.92,1,-1,-1,-1
632,3,1605.55,942.65,132.93,118.89,1,-1,-1,-1
633,2,-11.24,855.47,583.96,381.01,1,-1,-1,-1
633,3,1599.69,943.61,134.96,120.72,1,-1,-1,-1
634,3,1593.05,945.58,136.01,121.18,1,-1,-1,-1
635,3,1586.63,946.99,137.21,122.01,1,-1,-1,-1
636,3,1580.82,947.64,140.38,124.74,1,-1,-1,-1
637,3,1573.76,948.24,142.97,126.75,1,-1,-1,-1
638,3,1566.20,949.40,145.43,128.57,1,-1,-1,-1
639,3,1558.26,950.14,148.11,130.44,1,-1,-1,-1
640,3,1549.16,950.75,150.70,132.40,1,-1,-1,-1
641,3,1538.65,951.19,154.77,135.82,1,-1,-1,-1
642,3,1527.87,950.61,158.48,139.10,1,-1,-1,-1
643,3,1516.36,951.77,162.73,142.85,1,-1,-1,-1
644,3,1504.66,953.66,165.14,144.65,1,-1,-1,-1
645,3,1491.05,954.83,168.75,147.71,1,-1,-1,-1
646,3,1476.29,956.08,172.70,150.67,1,-1,-1,-1
647,3,1462.26,956.53,173.86,151.19,1,-1,-1,-1
648,3,1444.18,956.62,179.09,155.35,1,-1,-1,-1
649,3,1425.43,957.46,184.19,159.09,1,-1,-1,-1
650,3,1404.13,958.89,188.04,161.70,1,-1,-1,-1
651,3,1380.13,958.82,196.24,167.54,1,-1,-1,-1
652,3,1356.12,958.92,202.28,171.16,1,-1,-1,-1
653,3,1329.08,957.76,212.47,178.20,1,-1,-1,-1
654,3,1298.23,957.34,221.88,184.36,1,-1,-1,-1
655,3,1260.81,954.21,234.51,192.62,1,-1,-1,-1
656,3,1223.43,952.96,245.81,198.91,1,-1,-1,-1
657,3,1180.69,952.79,253.99,202.04,1,-1,-1,-1
657,4,1628.70,918.66,120.14,109.30,1,-1,-1,-1
658,3,1131.14,950.71,264.20,206.05,1,-1,-1,-1
658,4,1630.26,920.40,120.18,109.21,1,-1,-1,-1
659,3,1078.32,946.86,279.74,213.54,1,-1,-1,-1
659,4,1628.51,921.40,121.83,110.56,1,-1,-1,-1
660,3,1023.45,943.02,296.34,220.86,1,-1,-1,-1
660,4,1626.18,922.25,123.47,112.00,1,-1,-1,-1
661,3,963.39,938.58,315.01,228.90,1,-1,-1,-1
661,4,1623.54,924.15,124.82,113.25,1,-1,-1,-1
662,3,889.14,931.86,339.25,239.82,1,-1,-1,-1
662,4,1620.85,925.98,125.92,114.13,1,-1,-1,-1
663,3,799.84,924.04,370.32,255.03,1,-1,-1,-1
663,4,1618.42,927.04,127.30,115.27,1,-1,-1,-1
664,3,702.84,916.18,401.39,268.94,1,-1,-1,-1
664,4,1616.16,928.65,127.73,115.45,1,-1,-1,-1
665,3,588.07,908.76,434.23,283.03,1,-1,-1,-1
665,4,1612.75,929.66,128.42,115.83,1,-1,-1,-1
666,3,461.92,897.02,470.87,298.04,1,-1,-1,-1
666,4,1610.10,930.73,128.61,115.76,1,-1,-1,-1
667,3,315.64,885.36,513.68,315.30,1,-1,-1,-1
667,4,1607.00,932.47,129.65,116.53,1,-1,-1,-1
668,3,153.65,872.86,568.87,339.42,1,-1,-1,-1
668,4,1604.75,933.90,130.56,117.22,1,-1,-1,-1
669,3,40.98,855.07,608.12,361.57,1,-1,-1,-1
669,4,1601.78,935.62,130.72,117.25,1,-1,-1,-1
670,3,-28.46,862.09,587.02,353.30,1,-1,-1,-1
670,4,1598.47,937.21,131.75,118.03,1,-1,-1,-1
671,3,-100.30,857.16,602.75,362.76,1,-1,-1,-1
671,4,1593.97,939.28,132.59,118.65,1,-1,-1,-1
672,4,1588.91,941.89,134.48,120.19,1,-1,-1,-1
673,4,1584.27,943.83,136.39,121.76,1,-1,-1,-1
674,4,1578.47,944.09,138.99,124.00,1,-1,-1,-1
675,4,1570.94,942.90,143.04,127.50,1,-1,-1,-1
676,4,1563.67,943.27,146.22,130.18,1,-1,-1,-1
677,4,1553.82,944.12,149.18,132.59,1,-1,-1,-1
678,4,1545.80,945.58,151.58,134.34,1,-1,-1,-1
679,4,1536.71,946.85,155.81,137.93,1,-1,-1,-1
680,4,1526.08,947.47,158.40,139.77,1,-1,-1,-1
681,4,1514.26,948.56,161.03,141.85,1,-1,-1,-1
682,4,1504.42,951.38,162.00,142.12,1,-1,-1,-1
683,4,1491.53,952.69,166.00,144.94,1,-1,-1,-1
684,4,1476.77,952.58,170.62,148.31,1,-1,-1,-1
685,4,1462.59,952.88,173.55,150.37,1,-1,-1,-1
686,4,1446.36,952.40,179.60,155.15,1,-1,-1,-1
687,4,1428.73,951.80,185.61,159.66,1,-1,-1,-1
688,4,1407.59,952.40,189.87,162.87,1,-1,-1,-1
689,4,1382.69,952.30,199.20,170.01,1,-1,-1,-1
690,4,1359.43,953.62,205.28,173.82,1,-1,-1,-1
691,4,1333.88,953.35,213.03,178.91,1,-1,-1,-1
692,4,1307.44,951.85,220.48,183.56,1,-1,-1,-1
693,4,1277.58,950.64,227.32,187.07,1,-1,-1,-1
694,4,1241.29,948.23,236.81,192.16,1,-1,-1,-1
695,4,1204.67,945.39,248.60,198.76,1,-1,-1,-1
696,4,1164.42,944.01,256.44,201.73,1,-1,-1,-1
697,4,1115.49,939.52,270.34,209.62,1,-1,-1,-1
698,4,1064.64,936.45,284.06,216.03,1,-1,-1,-1
699,4,1012.02,934.33,298.93,222.28,1,-1,-1,-1
700,4,953.56,930.54,317.81,230.98,1,-1,-1,-1
701,4,885.21,925.72,340.30,240.98,1,-1,-1,-1
702,4,803.75,917.45,369.97,256.45,1,-1,-1,-1
703,4,713.05,908.23,403.16,273.48,1,-1,-1,-1
704,4,610.44,899.23,436.02,288.97,1,-1,-1,-1
705,4,493.55,888.37,470.57,304.80,1,-1,-1,-1
706,4,364.16,878.01,511.40,322.39,1,-1,-1,-1
707,4,214.86,867.87,554.81,341.09,1,-1,-1,-1
708,4,82.40,852.41,603.72,366.48,1,-1,-1,-1
709,4,-11.14,835.41,629.75,386.27,1,-1,-1,-1
710,4,-71.67,841.44,598.08,376.51,1,-1,-1,-1
711,4,-141.99,835.94,614.08,386.58,1,-1,-1,-1
741,5,88.03,957.24,798.61,716.30,1,-1,-1,-1
742,5,156.76,969.80,748.29,659.12,1,-1,-1,-1
743,5,288.97,976.28,693.92,597.41,1,-1,-1,-1
744,5,422.22,976.85,670.03,565.28,1,-1,-1,-1
745,5,543.82,970.97,646.08,534.97,1,-1,-1,-1
746,5,655.06,978.29,616.44,502.56,1,-1,-1,-1
747,5,753.44,984.71,590.15,474.47,1,-1,-1,-1
748,5,844.67,987.33,569.74,453.59,1,-1,-1,-1
749,5,922.89,991.48,548.62,433.29,1,-1,-1,-1
750,5,992.46,997.91,525.86,411.73,1,-1,-1,-1
751,5,1060.23,1003.56,501.03,389.35,1,-1,-1,-1
752,5,1118.29,1005.96,482.49,372.83,1,-1,-1,-1
753,5,1172.52,1010.53,453.44,348.40,1,-1,-1,-1
754,5,1221.43,1014.49,430.10,329.65,1,-1,-1,-1
755,5,1267.92,1016.89,406.99,311.00,1,-1,-1,-1
756,5,1308.50,1019.35,388.24,296.64,1,-1,-1,-1
757,5,1343.62,1019.17,375.53,287.74,1,-1,-1,-1
758,5,1376.55,1019.15,360.23,277.12,1,-1,-1,-1
759,5,1404.91,1020.00,346.95,268.41,1,-1,-1,-1
760,5,1432.34,1020.58,334.70,260.30,1,-1,-1,-1
761,5,1458.93,1020.69,317.66,248.49,1,-1,-1,-1
762,5,1481.28,1019.77,309.17,243.73,1,-1,-1,-1
763,5,1506.99,1020.12,294.66,234.23,1,-1,-1,-1
764,5,1527.69,1018.29,285.48,228.94,1,-1,-1,-1
765,5,1544.98,1016.44,276.26,223.85,1,-1,-1,-1
766,5,1564.92,1019.55,260.94,213.06,1,-1,-1,-1
767,5,1574.34,1016.57,258.98,213.86,1,-1,-1,-1
768,5,1586.98,1014.82,250.41,209.24,1,-1,-1,-1
769,5,1600.05,1014.10,240.24,203.16,1,-1,-1,-1
770,5,1609.44,1011.98,233.27,199.65,1,-1,-1,-1
771,5,1622.09,1011.96,221.77,191.67,1,-1,-1,-1
772,5,1631.56,1010.58,214.21,186.98,1,-1,-1,-1
773,5,1641.13,1008.70,207.52,182.81,1,-1,-1,-1
774,5,1650.67,1007.58,199.46,176.97,1,-1,-1,-1
775,5,1658.11,1006.50,193.17,172.37,1,-1,-1,-1
776,5,1666.00,1005.66,187.83,168.44,1,-1,-1,-1
777,5,1671.88,1004.86,184.09,165.90,1,-1,-1,-1
778,5,1677.85,1003.14,180.34,162.94,1,-1,-1,-1
779,5,1682.92,1000.72,176.41,159.86,1,-1,-1,-1
780,5,1688.26,998.46,173.36,157.72,1,-1,-1,-1
781,5,1692.33,995.95,170.85,156.16,1,-1,-1,-1
782,5,1697.12,994.71,167.57,153.74,1,-1,-1,-1
783,5,1700.04,992.33,166.80,153.58,1,-1,-1,-1
784,5,1703.78,990.68,163.95,151.34,1,-1,-1,-1
785,5,1706.50,988.72,161.12,149.22,1,-1,-1,-1
786,5,1709.79,987.11,157.60,146.45,1,-1,-1,-1
787,5,1713.37,986.14,154.19,143.70,1,-1,-1,-1
788,5,1715.47,985.39,152.25,142.26,1,-1,-1,-1
789,5,1717.21,982.21,152.09,142.70,1,-1,-1,-1
790,5,1719.55,980.18,150.28,141.38,1,-1,-1,-1
791,5,1721.37,978.21,148.33,139.93,1,-1,-1,-1
792,5,1722.19,977.14,145.80,137.66,1,-1,-1,-1
793,5,1722.83,975.92,144.33,136.44,1,-1,-1,-1
794,5,1724.04,975.57,142.66,135.11,1,-1,-1,-1
795,5,1725.61,974.65,141.47,134.13,1,-1,-1,-1
796,5,1727.32,972.75,139.78,132.61,1,-1,-1,-1
797,5,1729.15,972.22,136.27,129.25,1,-1,-1,-1
798,5,1730.82,972.68,132.05,125.01,1,-1,-1,-1
799,5,1732.08,971.60,131.10,123.96,1,-1,-1,-1
800,5,1733.28,970.71,129.38,122.00,1,-1,-1,-1
801,5,1733.15,969.01,128.87,121.05,1,-1,-1,-1
802,5,1733.69,967.53,127.53,118.96,1,-1,-1,-1
803,5,1734.43,966.29,126.20,116.97,1,-1,-1,-1
804,5,1733.71,964.46,126.62,116.73,1,-1,-1,-1
805,5,1733.50,962.69,126.84,116.54,1,-1,-1,-1
806,5,1732.26,960.75,126.34,116.05,1,-1,-1,-1
807,5,1731.78,960.83,123.45,113.33,1,-1,-1,-1
808,5,1730.18,958.74,123.28,113.27,1,-1,-1,-1
809,5,1730.75,957.40,121.74,111.85,1,-1,-1,-1
940,6,97.08,1212.21,695.94,712.19,1,-1,-1,-1
941,6,158.62,1223.66,699.30,702.19,1,-1,-1,-1
942,6,217.06,1236.87,706.17,687.71,1,-1,-1,-1
943,6,273.37,1248.84,718.95,672.07,1,-1,-1,-1
944,6,391.06,1255.62,730.46,656.62,1,-1,-1,-1
945,6,517.76,1260.34,735.19,634.18,1,-1,-1,-1
946,6,646.20,1267.89,734.52,608.18,1,-1,-1,-1
947,6,774.82,1277.73,728.14,580.09,1,-1,-1,-1
948,6,895.14,1295.23,721.95,555.06,1,-1,-1,-1
949,6,1010.02,1315.45,712.75,530.61,1,-1,-1,-1
950,6,1109.63,1331.48,706.96,511.57,1,-1,-1,-1
951,6,1203.65,1350.89,704.34,497.30,1,-1,-1,-1
952,6,1299.31,1371.46,700.00,484.22,1,-1,-1,-1
953,6,1395.32,1390.61,696.30,473.15,1,-1,-1,-1
954,6,1479.08,1405.63,701.86,469.53,1,-1,-1,-1
955,6,1564.13,1420.77,703.84,464.89,1,-1,-1,-1
956,6,1656.48,1436.86,704.15,459.28,1,-1,-1,-1
957,6,1740.73,1448.67,709.96,458.64,1,-1,-1,-1
958,6,1818.15,1463.09,713.85,457.73,1,-1,-1,-1
959,6,1879.88,1481.28,696.15,446.63,1,-1,-1,-1
960,6,1938.65,1504.15,662.77,428.20,1,-1,-1,-1
961,6,1996.34,1527.67,620.54,405.99,1,-1,-1,-1
962,6,2048.72,1550.21,576.25,383.33,1,-1,-1,-1
963,6,2105.94,1573.77,528.08,359.35,1,-1,-1,-1
964,6,2181.18,1592.22,506.05,344.36,1,-1,-1,-1
976,9,1657.86,919.24,127.03,116.71,1,-1,-1,-1
977,9,1659.03,921.35,126.33,116.06,1,-1,-1,-1
978,9,1660.02,921.88,127.08,116.79,1,-1,-1,-1
979,9,1660.87,922.35,127.33,117.13,1,-1,-1,-1
980,9,1662.02,923.45,127.46,117.32,1,-1,-1,-1
981,9,1662.35,924.83,127.02,116.95,1,-1,-1,-1
982,9,1662.36,925.38,127.15,117.19,1,-1,-1,-1
983,9,1662.24,926.02,127.53,117.65,1,-1,-1,-1
984,9,1661.99,926.69,127.56,117.67,1,-1,-1,-1
985,9,1661.32,926.84,128.29,118.34,1,-1,-1,-1
986,9,1660.69,927.47,128.42,118.36,1,-1,-1,-1
987,9,1659.73,928.15,128.99,118.57,1,-1,-1,-1
988,9,1658.92,928.53,129.80,118.98,1,-1,-1,-1
989,9,1657.09,927.71,131.63,120.61,1,-1,-1,-1
990,9,1655.87,928.10,132.30,121.23,1,-1,-1,-1
991,9,1654.19,928.00,133.65,122.53,1,-1,-1,-1
992,9,1652.90,928.36,135.28,124.00,1,-1,-1,-1
993,9,1650.98,927.86,136.99,125.50,1,-1,-1,-1
994,9,1649.22,928.01,138.25,126.52,1,-1,-1,-1
995,9,1647.02,928.38,139.17,127.23,1,-1,-1,-1
996,9,1644.65,929.94,139.15,126.95,1,-1,-1,-1
997,9,1641.96,929.83,141.09,128.78,1,-1,-1,-1
998,9,1638.14,929.41,142.67,130.31,1,-1,-1,-1
999,9,1634.99,930.80,141.19,128.92,1,-1,-1,-1
1000,9,1631.80,933.02,139.64,127.27,1,-1,-1,-1
1001,9,1629.88,934.28,139.68,126.99,1,-1,-1,-1
1002,9,1627.53,934.86,140.31,127.36,1,-1,-1,-1
1003,9,1624.15,937.78,140.12,126.90,1,-1,-1,-1
1004,9,1621.18,939.37,141.29,127.75,1,-1,-1,-1
1005,9,1616.88,939.16,144.11,130.27,1,-1,-1,-1
1006,9,1613.67,939.32,145.64,131.73,1,-1,-1,-1
1007,9,1609.81,939.06,147.49,133.56,1,-1,-1,-1
1008,9,1605.97,937.50,149.98,136.14,1,-1,-1,-1
1009,9,1602.65,937.79,150.25,136.50,1,-1,-1,-1
1010,9,1599.05,937.94,151.15,137.45,1,-1,-1,-1
1011,9,1595.77,939.46,151.15,137.24,1,-1,-1,-1
1012,9,1592.13,939.61,151.80,137.64,1,-1,-1,-1
1013,9,1587.21,939.75,154.21,139.74,1,-1,-1,-1
1014,9,1582.38,940.52,155.72,140.92,1,-1,-1,-1
1015,9,1575.44,939.45,160.35,145.36,1,-1,-1,-1
1016,9,1569.07,937.76,164.26,149.22,1,-1,-1,-1
1017,9,1563.04,936.09,166.42,151.47,1,-1,-1,-1
1018,9,1558.78,936.62,166.15,151.15,1,-1,-1,-1
1019,9,1553.03,936.92,168.74,153.30,1,-1,-1,-1
1020,9,1546.49,935.86,172.67,156.84,1,-1,-1,-1
1021,9,1540.85,936.46,174.74,158.49,1,-1,-1,-1
1022,9,1535.11,937.22,176.45,159.73,1,-1,-1,-1
1023,9,1529.39,938.97,177.14,160.02,1,-1,-1,-1
1024,9,1523.25,940.37,177.42,159.66,1,-1,-1,-1
1025,9,1515.29,942.06,179.30,160.68,1,-1,-1,-1
1026,9,1505.31,940.79,184.75,165.02,1,-1,-1,-1
1027,9,1496.02,940.75,187.79,167.23,1,-1,-1,-1
1028,9,1485.17,939.67,192.39,171.14,1,-1,-1,-1
1029,9,1475.64,940.91,194.74,173.02,1,-1,-1,-1
1030,9,1464.37,939.11,200.30,177.85,1,-1,-1,-1
1031,9,1455.99,939.74,202.18,178.93,1,-1,-1,-1
1032,9,1446.34,941.16,203.50,178.86,1,-1,-1,-1
1033,9,1432.78,940.27,209.17,183.01,1,-1,-1,-1
1034,9,1417.49,938.20,216.69,188.91,1,-1,-1,-1
1035,9,1404.43,939.36,220.43,190.99,1,-1,-1,-1
1036,9,1389.88,937.99,227.03,195.62,1,-1,-1,-1
1037,9,1371.17,934.21,236.58,203.35,1,-1,-1,-1
1038,9,1353.51,933.59,242.70,208.16,1,-1,-1,-1
1039,9,1336.30,932.76,247.71,211.45,1,-1,-1,-1
1040,9,1321.22,932.62,251.60,213.69,1,-1,-1,-1
1041,9,1300.04,932.57,258.81,217.58,1,-1,-1,-1
1042,9,1277.56,931.22,266.22,221.16,1,-1,-1,-1
1043,9,1252.79,929.92,276.25,226.54,1,-1,-1,-1
1044,9,1226.89,926.58,289.45,235.34,1,-1,-1,-1
1045,9,1199.76,924.14,298.76,240.30,1,-1,-1,-1
1046,9,1171.04,921.27,311.69,247.94,1,-1,-1,-1
1047,9,1136.95,917.97,324.64,254.69,1,-1,-1,-1
1048,9,1099.74,915.47,337.28,261.31,1,-1,-1,-1
1049,9,1064.68,913.92,350.70,268.05,1,-1,-1,-1
1050,9,1023.23,911.63,368.33,277.47,1,-1,-1,-1
1051,9,980.52,906.57,389.93,289.77,1,-1,-1,-1
1052,9,939.16,902.35,408.97,299.36,1,-1,-1,-1
1053,9,885.32,897.51,433.81,312.70,1,-1,-1,-1
1054,9,829.03,891.16,459.32,326.61,1,-1,-1,-1
1055,9,766.33,882.40,489.43,343.67,1,-1,-1,-1
1056,9,699.21,873.02,519.20,359.74,1,-1,-1,-1
1057,9,623.58,863.08,548.34,373.95,1,-1,-1,-1
1058,9,543.96,852.12,577.45,388.05,1,-1,-1,-1
1059,9,452.33,840.69,607.38,401.52,1,-1,-1,-1
1060,9,351.62,831.17,644.32,418.29,1,-1,-1,-1
1061,9,242.74,823.85,680.65,432.65,1,-1,-1,-1
1062,9,56.80,790.60,758.98,485.48,1,-1,-1,-1
1063,9,-8.23,782.56,781.47,499.86,1,-1,-1,-1
1081,10,2155.96,1456.04,388.01,358.88,1,-1,-1,-1
1082,10,2134.84,1440.89,397.59,366.09,1,-1,-1,-1
1083,10,2112.88,1428.82,405.90,370.57,1,-1,-1,-1
1084,10,2093.29,1411.92,407.76,366.68,1,-1,-1,-1
1085,10,2067.12,1394.57,421.09,371.45,1,-1,-1,-1
1086,10,2035.77,1373.66,436.51,375.10,1,-1,-1,-1
1087,10,2004.62,1357.33,435.35,360.60,1,-1,-1,-1
1088,10,1956.47,1334.86,444.60,356.19,1,-1,-1,-1
1089,10,1898.22,1313.42,449.09,348.20,1,-1,-1,-1
1090,10,1837.10,1294.13,450.86,338.68,1,-1,-1,-1
1091,10,1775.19,1275.98,457.96,334.29,1,-1,-1,-1
1092,10,1704.88,1253.88,472.84,336.86,1,-1,-1,-1
1093,10,1637.35,1232.17,484.15,336.78,1,-1,-1,-1
1094,10,1571.00,1209.92,496.72,337.86,1,-1,-1,-1
1095,10,1506.70,1189.02,500.89,333.31,1,-1,-1,-1
1096,10,1441.06,1169.62,506.12,329.42,1,-1,-1,-1
1097,10,1371.04,1152.89,514.29,327.62,1,-1,-1,-1
1098,10,1296.45,1131.64,533.57,333.78,1,-1,-1,-1
1099,10,1223.10,1116.91,545.51,334.53,1,-1,-1,-1
1100,10,1149.27,1099.58,556.28,334.69,1,-1,-1,-1
1101,10,1069.62,1079.87,576.07,341.10,1,-1,-1,-1
1102,10,991.97,1067.25,590.97,344.64,1,-1,-1,-1
1103,10,910.24,1052.49,603.58,347.68,1,-1,-1,-1
1104,10,826.07,1037.88,612.40,348.25,1,-1,-1,-1
1105,10,738.24,1023.28,623.13,349.76,1,-1,-1,-1
1106,10,647.80,1008.10,636.66,352.62,1,-1,-1,-1
1107,10,551.77,992.12,660.86,361.06,1,-1,-1,-1
1108,10,447.52,978.70,683.71,368.48,1,-1,-1,-1
1109,10,334.37,965.55,708.52,377.06,1,-1,-1,-1
1110,10,212.52,953.54,732.93,384.52,1,-1,-1,-1
1111,10,87.64,940.27,767.53,397.78,1,-1,-1,-1
1112,10,-1.93,924.76,800.34,415.80,1,-1,-1,-1
1113,10,-67.44,912.75,813.17,429.37,1,-1,-1,-1
1114,10,-117.09,904.45,798.69,433.54,1,-1,-1,-1
1115,10,-156.59,906.58,760.51,429.48,1,-1,-1,-1
1116,10,-235.68,893.64,769.98,434.83,1,-1,-1,-1
1264,19,139.08,1051.33,692.31,770.79,1,-1,-1,-1
1265,19,237.84,1057.02,638.42,690.73,1,-1,-1,-1
1266,19,413.85,1054.64,588.22,617.01,1,-1,-1,-1
1267,19,583.41,1049.58,552.67,562.65,1,-1,-1,-1
1268,19,724.95,1047.13,520.85,515.67,1,-1,-1,-1
1269,19,844.55,1046.94,500.67,484.35,1,-1,-1,-1
1270,19,951.46,1048.36,475.28,450.58,1,-1,-1,-1
1271,19,1038.69,1051.11,452.50,421.00,1,-1,-1,-1
1272,19,1115.85,1050.05,432.56,395.22,1,-1,-1,-1
1273,19,1183.52,1048.83,410.36,369.74,1,-1,-1,-1
1274,19,1245.30,1053.41,385.57,342.86,1,-1,-1,-1
1275,19,1295.13,1052.96,368.74,324.58,1,-1,-1,-1
1276,19,1341.04,1053.33,350.67,306.02,1,-1,-1,-1
1277,19,1382.58,1050.91,333.68,289.25,1,-1,-1,-1
1278,19,1415.55,1048.96,320.13,276.11,1,-1,-1,-1
1279,19,1444.29,1046.45,311.09,268.27,1,-1,-1,-1
1280,19,1474.37,1045.60,301.38,260.57,1,-1,-1,-1
1281,19,1501.72,1044.98,289.47,251.13,1,-1,-1,-1
1282,19,1526.36,1042.29,279.57,243.86,1,-1,-1,-1
1283,19,1548.28,1041.73,266.50,233.84,1,-1,-1,-1
1284,19,1569.54,1040.56,253.12,223.22,1,-1,-1,-1
1285,19,1586.36,1037.79,244.66,216.63,1,-1,-1,-1
1286,19,1601.28,1035.92,235.21,209.27,1,-1,-1,-1
1287,19,1611.67,1031.18,229.62,206.05,1,-1,-1,-1
1288,19,1622.90,1029.21,220.68,199.48,1,-1,-1,-1
1289,19,1635.43,1027.16,210.65,191.68,1,-1,-1,-1
1290,19,1643.83,1024.30,204.24,187.03,1,-1,-1,-1
1291,19,1651.95,1019.18,200.26,184.79,1,-1,-1,-1
1292,19,1660.03,1014.75,196.81,182.81,1,-1,-1,-1
1293,19,1667.62,1012.26,190.43,177.64,1,-1,-1,-1
1294,19,1675.44,1010.23,182.97,171.33,1,-1,-1,-1
1295,19,1681.41,1006.90,176.87,166.20,1,-1,-1,-1
1296,19,1685.77,1004.48,172.34,162.26,1,-1,-1,-1
1297,19,1689.24,1002.13,167.80,158.12,1,-1,-1,-1
1298,19,1692.34,999.41,165.22,156.02,1,-1,-1,-1
1299,19,1693.58,997.09,163.59,154.52,1,-1,-1,-1
1300,19,1695.92,993.05,162.23,153.47,1,-1,-1,-1
1301,19,1698.54,990.68,159.42,150.97,1,-1,-1,-1
1302,19,1700.95,988.14,156.73,148.65,1,-1,-1,-1
1303,19,1703.75,986.13,153.56,145.71,1,-1,-1,-1
1304,19,1705.19,984.13,151.09,143.54,1,-1,-1,-1
1305,19,1707.51,981.49,148.53,141.35,1,-1,-1,-1
1306,19,1710.22,979.39,145.89,139.03,1,-1,-1,-1
1307,19,1711.99,977.19,144.53,138.03,1,-1,-1,-1
1308,19,1713.21,975.41,142.07,135.80,1,-1,-1,-1
1309,19,1715.34,973.98,139.81,133.66,1,-1,-1,-1
1310,19,1717.70,972.51,135.23,129.26,1,-1,-1,-1
1311,19,1719.35,971.44,132.34,126.54,1,-1,-1,-1
1312,19,1720.51,970.64,129.68,124.05,1,-1,-1,-1
1313,19,1721.87,968.87,127.86,122.43,1,-1,-1,-1
1314,19,1722.44,965.83,127.42,122.23,1,-1,-1,-1
1315,19,1722.56,963.43,126.60,121.63,1,-1,-1,-1
1316,19,1722.94,961.46,125.53,120.66,1,-1,-1,-1
1317,19,1723.31,959.59,125.70,120.72,1,-1,-1,-1
1318,19,1723.98,958.73,124.30,119.19,1,-1,-1,-1
1319,19,1724.09,958.10,123.46,118.25,1,-1,-1,-1
1320,19,1725.81,957.66,121.33,116.00,1,-1,-1,-1
1321,19,1726.96,956.77,119.75,114.42,1,-1,-1,-1
1322,19,1728.41,956.29,117.79,112.39,1,-1,-1,-1
1323,19,1729.58,956.09,116.13,110.45,1,-1,-1,-1
1324,19,1729.25,955.01,115.20,109.20,1,-1,-1,-1
1325,19,1729.76,953.49,114.97,108.70,1,-1,-1,-1
1326,19,1728.94,952.40,114.94,108.27,1,-1,-1,-1
1327,19,1729.46,951.08,114.51,107.52,1,-1,-1,-1
1328,19,1724.78,948.99,115.19,107.89,1,-1,-1,-1
1329,19,1725.10,947.64,113.97,106.75,1,-1,-1,-1
1359,20,1628.99,930.02,124.88,108.75,1,-1,-1,-1
1360,20,1626.97,932.10,127.22,110.85,1,-1,-1,-1
1361,20,1624.74,934.42,127.55,111.16,1,-1,-1,-1
1362,20,1620.95,935.99,128.56,112.08,1,-1,-1,-1
1363,20,1618.90,938.81,128.81,112.27,1,-1,-1,-1
1364,20,1616.09,940.99,131.08,114.32,1,-1,-1,-1
1365,20,1611.27,943.51,133.19,116.18,1,-1,-1,-1
1366,20,1605.54,945.09,135.93,118.65,1,-1,-1,-1
1367,20,1598.84,945.56,139.36,121.87,1,-1,-1,-1
1368,20,1592.37,947.24,141.39,123.90,1,-1,-1,-1
1369,20,1584.74,948.86,144.19,126.61,1,-1,-1,-1
1370,20,1575.82,949.23,148.57,130.87,1,-1,-1,-1
1371,20,1567.29,950.15,151.86,134.14,1,-1,-1,-1
1372,20,1559.86,950.63,154.51,136.70,1,-1,-1,-1
1373,20,1550.35,952.17,156.76,138.62,1,-1,-1,-1
1374,20,1538.61,953.64,160.88,142.27,1,-1,-1,-1
1375,20,1526.34,954.28,165.72,146.70,1,-1,-1,-1
1376,20,1512.07,955.04,170.01,150.58,1,-1,-1,-1
1377,20,1497.90,957.59,173.16,153.13,1,-1,-1,-1
1378,20,1480.74,959.26,178.12,156.96,1,-1,-1,-1
1379,20,1461.03,959.47,185.82,163.22,1,-1,-1,-1
1380,20,1441.28,959.42,191.73,167.67,1,-1,-1,-1
1381,20,1416.97,960.20,197.63,172.13,1,-1,-1,-1
1382,20,1391.26,961.45,202.41,175.34,1,-1,-1,-1
1383,20,1361.08,962.19,210.63,180.79,1,-1,-1,-1
1384,20,1330.62,960.29,222.42,189.18,1,-1,-1,-1
1385,20,1297.80,961.01,228.16,191.91,1,-1,-1,-1
1386,20,1258.19,959.37,237.87,197.36,1,-1,-1,-1
1387,20,1217.06,958.99,247.41,201.61,1,-1,-1,-1
1388,20,1168.03,956.68,259.58,207.86,1,-1,-1,-1
1389,20,1115.12,954.02,273.25,214.57,1,-1,-1,-1
1390,20,1058.80,950.96,288.40,221.17,1,-1,-1,-1
1391,20,996.32,946.63,309.70,232.11,1,-1,-1,-1
1392,20,924.65,939.76,336.10,245.80,1,-1,-1,-1
1393,20,846.17,934.22,360.67,257.54,1,-1,-1,-1
1394,20,752.48,924.73,396.82,277.34,1,-1,-1,-1
1395,20,649.73,917.20,432.64,296.12,1,-1,-1,-1
1396,20,534.54,910.43,463.21,310.61,1,-1,-1,-1
1397,20,406.81,899.74,507.25,332.52,1,-1,-1,-1
1398,20,260.24,892.30,547.44,349.91,1,-1,-1,-1
1399,20,114.48,881.77,598.48,374.21,1,-1,-1,-1
1400,20,13.19,869.14,637.88,400.32,1,-1,-1,-1
1401,20,-61.93,858.17,645.11,414.42,1,-1,-1,-1
1402,20,-134.00,852.86,664.69,427.00,1,-1,-1,-1
1637,31,279.52,1041.41,635.98,554.92,1,-1,-1,-1
1638,31,504.88,1045.06,570.36,491.18,1,-1,-1,-1
1639,31,699.96,1051.33,515.88,438.69,1,-1,-1,-1
1640,31,854.64,1048.93,480.23,403.58,1,-1,-1,-1
1641,31,981.36,1051.90,440.06,365.45,1,-1,-1,-1
1642,31,1088.83,1056.55,402.17,330.25,1,-1,-1,-1
1643,31,1174.87,1057.65,375.70,305.79,1,-1,-1,-1
1644,31,1249.47,1055.17,347.50,281.02,1,-1,-1,-1
1645,31,1309.63,1054.31,326.36,263.31,1,-1,-1,-1
1646,31,1363.41,1052.62,309.22,249.14,1,-1,-1,-1
1647,31,1408.69,1052.41,293.26,236.92,1,-1,-1,-1
1648,31,1448.52,1050.19,279.25,226.61,1,-1,-1,-1
1649,31,1483.79,1045.90,267.95,218.86,1,-1,-1,-1
1650,31,1514.11,1042.44,255.09,209.86,1,-1,-1,-1
1651,31,1541.71,1041.50,241.85,200.63,1,-1,-1,-1
1652,31,1566.67,1038.43,229.58,192.13,1,-1,-1,-1
1653,31,1585.98,1036.13,218.09,183.72,1,-1,-1,-1
1654,31,1603.33,1031.52,212.02,179.85,1,-1,-1,-1
1655,31,1618.11,1028.96,203.75,174.30,1,-1,-1,-1
1656,31,1632.41,1026.24,194.49,167.85,1,-1,-1,-1
1657,31,1642.34,1022.12,187.87,163.78,1,-1,-1,-1
1658,31,1654.00,1018.71,180.55,158.58,1,-1,-1,-1
1659,31,1662.55,1014.08,175.78,155.65,1,-1,-1,-1
1660,31,1671.34,1010.55,170.36,152.13,1,-1,-1,-1
1661,31,1678.63,1007.44,165.07,148.33,1,-1,-1,-1
1662,31,1686.20,1006.09,158.77,143.37,1,-1,-1,-1
1663,31,1690.50,1004.77,152.91,138.43,1,-1,-1,-1
1664,31,1697.04,1001.58,148.99,135.05,1,-1,-1,-1
1665,31,1701.09,998.03,147.36,133.84,1,-1,-1,-1
1666,31,1705.66,995.81,144.45,131.42,1,-1,-1,-1
1667,31,1708.10,993.16,143.55,130.86,1,-1,-1,-1
1668,31,1712.35,990.37,141.05,128.85,1,-1,-1,-1
1669,31,1716.20,988.31,138.84,127.10,1,-1,-1,-1
1670,31,1720.36,986.29,134.03,122.89,1,-1,-1,-1
1671,31,1721.73,983.96,130.01,119.33,1,-1,-1,-1
1672,31,1724.64,981.88,127.70,117.30,1,-1,-1,-1
1673,31,1725.74,979.29,127.05,116.83,1,-1,-1,-1
1674,31,1725.80,976.10,125.82,115.86,1,-1,-1,-1
1675,31,1727.13,973.34,123.27,113.60,1,-1,-1,-1
1676,31,1728.68,971.17,121.57,111.85,1,-1,-1,-1
1677,31,1729.97,969.31,119.96,110.07,1,-1,-1,-1
1678,31,1730.13,967.09,119.72,109.85,1,-1,-1,-1
1679,31,1732.56,965.31,119.25,109.47,1,-1,-1,-1
1680,31,1734.16,962.68,120.26,110.54,1,-1,-1,-1
1681,31,1737.39,960.29,118.44,108.88,1,-1,-1,-1
1789,35,300.12,1052.86,663.59,633.15,1,-1,-1,-1
1790,35,540.21,1048.14,596.69,562.02,1,-1,-1,-1
1791,35,742.57,1046.87,534.24,497.22,1,-1,-1,-1
1792,35,903.71,1047.57,491.65,453.42,1,-1,-1,-1
1793,35,1025.99,1051.42,451.39,412.43,1,-1,-1,-1
1794,35,1134.56,1054.27,414.37,375.66,1,-1,-1,-1
1795,35,1223.14,1056.37,380.09,342.27,1,-1,-1,-1
1796,35,1294.11,1054.76,354.19,317.31,1,-1,-1,-1
1797,35,1354.57,1051.77,333.63,298.26,1,-1,-1,-1
1798,35,1407.36,1048.43,313.71,280.05,1,-1,-1,-1
1799,35,1452.52,1045.36,297.35,266.06,1,-1,-1,-1
1800,35,1490.47,1045.36,281.22,252.87,1,-1,-1,-1
1801,35,1521.42,1042.46,268.08,242.30,1,-1,-1,-1
1802,35,1550.68,1040.08,252.60,229.93,1,-1,-1,-1
1803,35,1577.24,1039.41,235.49,215.56,1,-1,-1,-1
1804,35,1595.57,1034.90,226.49,208.69,1,-1,-1,-1
1805,35,1615.36,1034.44,213.95,198.09,1,-1,-1,-1
1806,35,1629.21,1030.58,204.37,190.43,1,-1,-1,-1
1807,35,1642.92,1029.77,192.19,179.88,1,-1,-1,-1
1808,35,1652.48,1025.52,187.34,176.38,1,-1,-1,-1
1809,35,1662.20,1020.23,181.04,171.29,1,-1,-1,-1
1810,35,1673.59,1015.74,173.90,165.02,1,-1,-1,-1
1811,35,1682.79,1011.25,167.98,159.79,1,-1,-1,-1
1812,35,1688.65,1006.31,164.45,157.05,1,-1,-1,-1
1813,35,1695.08,1003.57,160.47,153.61,1,-1,-1,-1
1814,35,1699.84,1001.66,156.17,149.72,1,-1,-1,-1
1815,35,1704.27,999.98,152.76,146.46,1,-1,-1,-1
1816,35,1709.33,997.22,149.93,143.61,1,-1,-1,-1
1817,35,1713.82,994.33,147.11,141.01,1,-1,-1,-1
1818,35,1718.03,991.44,144.32,138.45,1,-1,-1,-1
1819,35,1720.54,988.70,142.44,136.57,1,-1,-1,-1
1820,35,1723.82,987.04,139.27,133.28,1,-1,-1,-1
1821,35,1725.70,985.04,136.88,130.76,1,-1,-1,-1
1822,35,1727.69,982.30,135.40,129.27,1,-1,-1,-1
1823,35,1729.67,979.93,133.35,127.09,1,-1,-1,-1
1824,35,1730.08,977.51,131.28,124.79,1,-1,-1,-1
1825,35,1731.45,975.68,128.66,121.95,1,-1,-1,-1
1826,35,1732.29,973.69,127.12,120.13,1,-1,-1,-1
1827,35,1733.35,970.94,126.20,118.84,1,-1,-1,-1
1828,35,1736.29,969.30,123.70,115.74,1,-1,-1,-1
1829,35,1737.91,967.23,123.25,114.45,1,-1,-1,-1
1830,35,1735.15,964.12,124.64,115.16,1,-1,-1,-1
1831,35,1733.83,961.79,124.68,114.85,1,-1,-1,-1
1832,35,1736.50,959.38,122.36,112.72,1,-1,-1,-1
1902,40,8.13,474.53,426.71,347.90,1,-1,-1,-1
1903,40,14.10,475.29,436.26,354.82,1,-1,-1,-1
1904,40,22.95,482.24,441.60,357.47,1,-1,-1,-1
1905,40,31.43,488.11,445.97,358.41,1,-1,-1,-1
1906,40,37.74,494.54,452.63,360.33,1,-1,-1,-1
1907,40,40.40,496.26,463.54,365.55,1,-1,-1,-1
1908,40,44.98,498.26,472.36,369.00,1,-1,-1,-1
1909,40,53.94,504.45,477.73,369.45,1,-1,-1,-1
1910,40,68.34,511.03,480.12,367.61,1,-1,-1,-1
1911,40,80.51,512.36,488.24,370.65,1,-1,-1,-1
1912,40,89.55,512.49,499.09,377.05,1,-1,-1,-1
1913,40,100.86,517.58,502.13,377.49,1,-1,-1,-1
1914,40,115.48,522.62,505.33,378.58,1,-1,-1,-1
1915,40,127.82,529.09,508.00,379.52,1,-1,-1,-1
1916,40,138.33,535.94,513.72,383.48,1,-1,-1,-1
1917,40,151.50,543.68,512.65,381.96,1,-1,-1,-1
1918,40,159.43,546.50,514.64,383.44,1,-1,-1,-1
1919,40,169.02,549.66,512.67,382.07,1,-1,-1,-1
1920,40,176.37,551.94,512.94,382.74,1,-1,-1,-1
1921,40,184.53,558.93,507.86,378.65,1,-1,-1,-1
1922,40,191.40,564.18,504.98,375.91,1,-1,-1,-1
1923,40,197.01,565.63,508.39,378.71,1,-1,-1,-1
1924,40,203.91,567.60,510.61,380.92,1,-1,-1,-1
1925,40,209.45,568.25,512.40,383.02,1,-1,-1,-1
1926,40,213.61,568.52,515.51,386.63,1,-1,-1,-1
1927,40,215.34,568.28,518.47,390.47,1,-1,-1,-1
1928,40,219.56,569.33,518.77,392.35,1,-1,-1,-1
1929,40,223.88,569.73,519.04,394.02,1,-1,-1,-1
1930,40,225.99,569.92,521.88,397.61,1,-1,-1,-1
1931,40,228.82,570.52,523.83,400.94,1,-1,-1,-1
1932,40,234.68,573.99,520.76,399.94,1,-1,-1,-1
1933,40,238.66,578.94,519.79,400.25,1,-1,-1,-1
1934,40,240.84,583.41,521.72,403.18,1,-1,-1,-1
1935,40,245.37,584.28,527.63,410.08,1,-1,-1,-1
1936,40,251.52,586.77,531.37,415.06,1,-1,-1,-1
1937,40,258.75,590.76,531.23,417.41,1,-1,-1,-1
1938,40,270.99,600.91,525.53,415.06,1,-1,-1,-1
1939,40,283.21,610.43,525.50,417.20,1,-1,-1,-1
1940,40,303.42,623.83,520.23,415.28,1,-1,-1,-1
1941,40,323.54,636.03,514.50,412.30,1,-1,-1,-1
1942,40,336.52,640.13,525.55,423.77,1,-1,-1,-1
1943,40,358.67,653.72,518.55,419.61,1,-1,-1,-1
1944,40,377.99,666.26,518.52,420.66,1,-1,-1,-1
1945,40,397.42,677.92,519.23,421.96,1,-1,-1,-1
1946,40,417.11,684.63,521.79,424.28,1,-1,-1,-1
1947,40,437.98,695.39,522.77,424.48,1,-1,-1,-1
1948,40,460.58,710.50,527.58,427.65,1,-1,-1,-1
1949,40,490.15,734.50,527.32,425.52,1,-1,-1,-1
1950,40,518.12,751.84,531.33,426.64,1,-1,-1,-1
1951,40,552.96,767.33,532.29,424.67,1,-1,-1,-1
1952,40,586.01,778.76,540.79,428.62,1,-1,-1,-1
1953,40,612.62,785.30,556.85,439.89,1,-1,-1,-1
1954,40,649.27,798.93,560.03,440.70,1,-1,-1,-1
1955,40,685.19,813.64,567.79,445.82,1,-1,-1,-1
1956,40,722.24,828.17,569.86,447.07,1,-1,-1,-1
1957,40,762.18,840.90,571.86,448.54,1,-1,-1,-1
1958,40,804.58,852.70,573.30,450.43,1,-1,-1,-1
1959,40,852.83,861.37,575.33,452.65,1,-1,-1,-1
1960,40,903.23,878.45,565.05,444.85,1,-1,-1,-1
1961,40,947.66,888.91,560.80,441.70,1,-1,-1,-1
1962,40,993.91,901.03,556.22,437.67,1,-1,-1,-1
1963,40,1038.25,912.77,550.88,432.11,1,-1,-1,-1
1964,40,1080.46,926.41,540.62,422.40,1,-1,-1,-1
1965,40,1125.11,938.61,529.10,411.90,1,-1,-1,-1
1966,40,1165.79,948.73,521.74,404.93,1,-1,-1,-1
1967,40,1205.57,958.29,508.81,393.30,1,-1,-1,-1
1968,40,1243.96,969.68,494.12,380.49,1,-1,-1,-1
1969,40,1281.31,976.52,484.86,372.74,1,-1,-1,-1
1970,40,1320.48,990.81,466.20,357.11,1,-1,-1,-1
1971,40,1353.05,997.77,453.42,346.81,1,-1,-1,-1
1972,40,1382.95,1004.59,443.42,339.29,1,-1,-1,-1
1973,40,1413.68,1009.02,430.91,329.99,1,-1,-1,-1
1974,40,1440.15,1015.72,420.37,322.63,1,-1,-1,-1
1975,40,1466.62,1020.17,408.89,315.04,1,-1,-1,-1
1976,40,1493.46,1025.52,395.96,306.40,1,-1,-1,-1
1977,40,1520.84,1028.13,387.98,303.19,1,-1,-1,-1
1978,40,1543.46,1032.36,375.45,295.51,1,-1,-1,-1
1979,40,1565.06,1035.38,362.80,288.04,1,-1,-1,-1
1980,40,1587.02,1039.39,351.50,281.56,1,-1,-1,-1
1981,40,1605.94,1042.14,338.93,274.43,1,-1,-1,-1
1982,40,1622.65,1044.29,326.33,266.96,1,-1,-1,-1
1983,40,1634.45,1043.66,319.95,264.70,1,-1,-1,-1
1984,40,1645.82,1043.35,309.77,259.42,1,-1,-1,-1
1985,40,1658.26,1043.16,298.74,253.29,1,-1,-1,-1
1986,40,1672.76,1042.54,287.50,246.74,1,-1,-1,-1
1987,40,1681.78,1039.77,281.75,245.39,1,-1,-1,-1
1988,40,1690.20,1034.05,275.93,243.60,1,-1,-1,-1
1989,40,1699.77,1032.87,265.39,237.18,1,-1,-1,-1
1990,40,1709.34,1031.98,254.82,230.32,1,-1,-1,-1
1991,40,1717.04,1028.16,248.90,227.35,1,-1,-1,-1
1992,40,1725.45,1026.98,240.23,221.27,1,-1,-1,-1
1993,40,1733.15,1025.91,228.34,212.09,1,-1,-1,-1
1994,40,1739.04,1022.82,222.00,207.62,1,-1,-1,-1
1995,40,1741.20,1019.12,220.94,208.19,1,-1,-1,-1
1996,40,1745.86,1016.91,216.82,205.68,1,-1,-1,-1
1997,40,1752.91,1015.27,209.24,199.60,1,-1,-1,-1
1998,40,1757.22,1013.37,203.10,194.64,1,-1,-1,-1
1999,40,1758.90,1010.59,198.98,191.77,1,-1,-1,-1
2000,40,1762.38,1008.07,193.06,186.67,1,-1,-1,-1
2001,40,1766.73,1006.48,185.91,180.06,1,-1,-1,-1
2002,40,1770.54,1001.11,181.63,176.05,1,-1,-1,-1
2003,40,1771.70,996.63,179.75,174.77,1,-1,-1,-1
2004,40,1772.75,992.11,177.90,173.46,1,-1,-1,-1
2005,40,1773.65,990.18,174.19,170.41,1,-1,-1,-1
2006,40,1773.93,989.20,172.53,169.46,1,-1,-1,-1
2007,40,1772.84,986.03,172.43,169.91,1,-1,-1,-1
2008,40,1772.87,985.74,166.75,164.75,1,-1,-1,-1
2009,40,1773.17,982.97,166.22,164.72,1,-1,-1,-1
2010,40,1771.79,981.57,164.65,163.54,1,-1,-1,-1
2011,40,1769.20,979.66,161.87,161.03,1,-1,-1,-1
2012,40,1767.84,978.29,160.21,159.88,1,-1,-1,-1
2013,40,1767.49,978.14,155.52,155.73,1,-1,-1,-1
2014,40,1765.98,975.39,154.18,154.95,1,-1,-1,-1
2015,40,1763.35,972.72,153.10,153.98,1,-1,-1,-1
2016,40,1759.79,969.56,153.80,155.04,1,-1,-1,-1
2017,40,1755.88,967.47,153.54,154.87,1,-1,-1,-1
2018,40,1754.73,967.63,148.79,150.20,1,-1,-1,-1
2019,40,1754.31,967.69,144.92,146.34,1,-1,-1,-1
2020,40,1752.54,966.31,142.02,143.57,1,-1,-1,-1
2021,40,1753.09,965.22,139.22,140.79,1,-1,-1,-1
2022,40,1753.40,964.86,135.67,137.43,1,-1,-1,-1
2023,40,1754.62,964.22,132.70,134.43,1,-1,-1,-1
2024,40,1754.14,962.28,132.26,133.61,1,-1,-1,-1
2025,40,1754.90,961.34,130.89,131.47,1,-1,-1,-1
2026,40,1754.62,960.71,130.14,130.00,1,-1,-1,-1
2027,40,1754.45,959.46,127.94,127.81,1,-1,-1,-1
2029,47,1342.12,951.62,256.17,216.11,1,-1,-1,-1
2030,47,1319.19,948.32,263.49,222.01,1,-1,-1,-1
2031,47,1296.65,947.13,269.92,226.82,1,-1,-1,-1
2032,47,1270.45,947.01,275.32,230.11,1,-1,-1,-1
2033,47,1241.78,947.27,281.50,233.55,1,-1,-1,-1
2034,47,1211.06,946.19,289.99,238.64,1,-1,-1,-1
2035,47,1182.21,946.66,295.29,240.28,1,-1,-1,-1
2036,47,1145.44,944.91,304.26,244.41,1,-1,-1,-1
2037,47,1104.57,942.89,317.35,251.54,1,-1,-1,-1
2038,47,1061.26,938.75,334.93,261.93,1,-1,-1,-1
2039,47,1013.62,935.09,354.54,273.43,1,-1,-1,-1
2040,47,966.64,929.17,374.19,284.16,1,-1,-1,-1
2041,47,914.91,923.05,394.44,295.41,1,-1,-1,-1
2042,47,852.72,916.29,420.16,310.46,1,-1,-1,-1
2043,47,784.99,908.97,446.29,325.16,1,-1,-1,-1
2044,47,716.98,901.76,469.25,337.29,1,-1,-1,-1
2045,47,642.07,891.60,494.06,349.80,1,-1,-1,-1
2046,47,558.32,881.87,520.96,363.16,1,-1,-1,-1
2047,47,468.53,871.78,544.58,374.76,1,-1,-1,-1
2048,47,368.77,859.73,575.22,389.72,1,-1,-1,-1
2049,47,259.43,849.75,605.07,402.23,1,-1,-1,-1
2050,47,138.67,840.43,640.61,416.97,1,-1,-1,-1
2051,47,44.71,827.08,678.15,438.36,1,-1,-1,-1
2052,47,-22.44,811.29,702.41,457.91,1,-1,-1,-1
2053,47,-88.32,803.63,720.83,469.92,1,-1,-1,-1
2182,53,968.74,1114.82,528.25,388.34,1,-1,-1,-1
2182,54,1616.38,934.62,131.70,116.15,1,-1,-1,-1
2183,53,1088.85,1112.36,473.44,348.60,1,-1,-1,-1
2183,54,1613.89,937.33,131.82,116.33,1,-1,-1,-1
2184,53,1184.74,1105.45,438.82,324.41,1,-1,-1,-1
2184,54,1611.06,939.54,131.93,116.52,1,-1,-1,-1
2185,53,1264.99,1100.67,402.05,298.56,1,-1,-1,-1
2185,54,1606.19,941.84,133.51,118.10,1,-1,-1,-1
2186,53,1336.51,1099.22,369.18,275.57,1,-1,-1,-1
2186,54,1600.82,944.04,135.28,119.96,1,-1,-1,-1
2187,53,1392.28,1094.15,343.12,257.70,1,-1,-1,-1
2187,54,1595.65,945.53,135.82,120.52,1,-1,-1,-1
2188,53,1443.37,1091.94,317.48,240.35,1,-1,-1,-1
2188,54,1588.09,946.24,137.96,122.34,1,-1,-1,-1
2189,53,1484.92,1088.97,296.94,226.87,1,-1,-1,-1
2189,54,1581.02,946.73,140.59,124.55,1,-1,-1,-1
2190,53,1515.93,1083.48,286.67,221.23,1,-1,-1,-1
2190,54,1573.51,946.25,143.94,127.07,1,-1,-1,-1
2191,53,1546.68,1080.56,275.62,215.20,1,-1,-1,-1
2191,54,1563.32,946.23,149.18,131.25,1,-1,-1,-1
2192,53,1574.39,1076.19,263.11,207.93,1,-1,-1,-1
2192,54,1554.06,947.92,151.96,133.40,1,-1,-1,-1
2193,53,1598.51,1072.64,250.06,200.66,1,-1,-1,-1
2193,54,1545.32,948.36,155.35,136.39,1,-1,-1,-1
2194,53,1623.35,1068.13,234.02,190.33,1,-1,-1,-1
2194,54,1532.14,948.83,160.05,140.40,1,-1,-1,-1
2195,53,1646.79,1062.83,221.02,182.41,1,-1,-1,-1
2195,54,1518.73,949.86,164.65,144.55,1,-1,-1,-1
2196,53,1665.66,1059.62,207.76,173.72,1,-1,-1,-1
2196,54,1506.01,952.55,167.29,146.81,1,-1,-1,-1
2197,53,1678.85,1056.06,197.68,167.34,1,-1,-1,-1
2197,54,1491.87,954.36,171.67,150.95,1,-1,-1,-1
2198,53,1690.95,1053.33,189.63,162.29,1,-1,-1,-1
2198,54,1475.65,956.21,175.87,154.44,1,-1,-1,-1
2199,53,1701.79,1050.31,180.08,155.73,1,-1,-1,-1
2199,54,1458.56,958.28,178.62,156.48,1,-1,-1,-1
2200,53,1709.77,1044.24,173.94,151.80,1,-1,-1,-1
2200,54,1437.54,958.74,185.17,161.70,1,-1,-1,-1
2201,53,1716.78,1040.83,167.32,147.44,1,-1,-1,-1
2201,54,1413.84,958.42,190.34,165.34,1,-1,-1,-1
2202,53,1722.09,1035.90,163.52,145.56,1,-1,-1,-1
2202,54,1388.80,958.97,197.39,170.88,1,-1,-1,-1
2203,53,1728.62,1032.82,156.84,140.73,1,-1,-1,-1
2203,54,1361.78,959.88,202.74,173.59,1,-1,-1,-1
2204,53,1735.07,1028.01,150.82,136.14,1,-1,-1,-1
2204,54,1330.12,956.98,214.39,182.04,1,-1,-1,-1
2205,53,1739.61,1023.32,147.11,133.53,1,-1,-1,-1
2205,54,1294.40,955.91,224.08,188.10,1,-1,-1,-1
2206,53,1742.11,1019.24,145.80,132.72,1,-1,-1,-1
2206,54,1255.53,956.00,232.36,191.91,1,-1,-1,-1
2207,53,1745.26,1015.79,143.67,131.31,1,-1,-1,-1
2207,54,1211.86,952.73,247.06,200.42,1,-1,-1,-1
2208,53,1746.53,1012.28,143.99,132.44,1,-1,-1,-1
2208,54,1161.86,950.90,258.78,206.04,1,-1,-1,-1
2209,53,1748.46,1008.48,143.43,132.70,1,-1,-1,-1
2209,54,1103.99,945.26,275.70,215.21,1,-1,-1,-1
2210,53,1752.74,1005.71,139.57,129.74,1,-1,-1,-1
2210,54,1043.87,939.69,293.25,223.50,1,-1,-1,-1
2211,53,1755.82,1003.04,135.62,126.46,1,-1,-1,-1
2211,54,978.39,934.88,313.30,232.78,1,-1,-1,-1
2212,53,1756.24,999.66,131.36,122.74,1,-1,-1,-1
2212,54,896.01,927.90,340.32,246.27,1,-1,-1,-1
2213,53,1755.72,997.49,128.21,119.69,1,-1,-1,-1
2213,54,805.02,917.75,371.21,262.34,1,-1,-1,-1
2214,53,1753.92,992.84,128.61,120.02,1,-1,-1,-1
2214,54,700.05,908.23,404.03,278.46,1,-1,-1,-1
2215,53,1755.21,989.72,125.88,117.45,1,-1,-1,-1
2215,54,575.01,898.69,433.72,290.97,1,-1,-1,-1
2216,53,1759.25,986.19,122.85,114.62,1,-1,-1,-1
2216,54,436.06,886.36,476.03,310.13,1,-1,-1,-1
2217,54,269.07,870.27,524.11,331.23,1,-1,-1,-1
2218,54,113.47,854.95,574.22,355.58,1,-1,-1,-1
2219,54,4.60,838.02,600.36,374.71,1,-1,-1,-1
2220,54,-69.95,831.40,618.72,386.17,1,-1,-1,-1
