213,6,575.39,1004.43,1061.02,723.72,1,-1,-1,-1
214,6,1051.00,1047.10,1085.09,728.32,1,-1,-1,-1
215,6,1416.25,1077.86,1081.10,723.81,1,-1,-1,-1
216,6,1715.57,1106.60,1039.95,710.10,1,-1,-1,-1
217,6,2022.04,1134.52,1038.30,708.97,1,-1,-1,-1
662,23,1795.69,769.75,538.62,448.49,1,-1,-1,-1
663,23,1560.87,757.12,543.37,441.36,1,-1,-1,-1
664,23,1285.41,732.99,566.97,448.28,1,-1,-1,-1
665,23,1021.82,718.32,582.96,447.45,1,-1,-1,-1
666,23,761.37,699.36,589.04,438.26,1,-1,-1,-1
667,23,522.38,682.66,579.96,416.96,1,-1,-1,-1
668,23,295.23,673.48,573.30,397.98,1,-1,-1,-1
669,23,91.53,660.60,578.17,391.49,1,-1,-1,-1
670,23,-32.20,646.49,563.07,381.15,1,-1,-1,-1
671,23,-223.38,632.34,552.29,373.85,1,-1,-1,-1
699,26,1711.93,758.12,640.21,437.85,1,-1,-1,-1
700,26,1491.45,752.21,638.80,426.44,1,-1,-1,-1
701,26,1231.59,733.54,661.42,430.21,1,-1,-1,-1
702,26,977.40,717.01,668.51,422.18,1,-1,-1,-1
703,26,725.46,696.36,675.05,413.64,1,-1,-1,-1
704,26,504.49,682.31,668.85,397.25,1,-1,-1,-1
705,26,276.10,668.46,668.39,385.89,1,-1,-1,-1
706,26,88.54,653.97,667.80,377.47,1,-1,-1,-1
707,26,-30.01,637.15,656.87,371.40,1,-1,-1,-1
708,26,-117.44,620.24,631.93,365.12,1,-1,-1,-1
709,26,-286.47,605.53,620.51,358.53,1,-1,-1,-1
738,32,1858.47,759.85,523.43,453.03,1,-1,-1,-1
739,32,1674.36,747.17,541.07,452.47,1,-1,-1,-1
740,32,1440.51,746.74,550.02,441.05,1,-1,-1,-1
741,32,1175.81,725.86,585.29,451.03,1,-1,-1,-1
742,32,922.40,715.64,591.69,435.00,1,-1,-1,-1
743,32,665.74,691.54,608.96,428.07,1,-1,-1,-1
744,32,439.18,678.72,600.46,402.98,1,-1,-1,-1
745,32,203.41,664.16,614.44,396.33,1,-1,-1,-1
746,32,51.80,646.66,618.08,391.23,1,-1,-1,-1
747,32,-49.64,627.43,606.22,385.25,1,-1,-1,-1
748,32,-225.02,612.90,597.24,379.54,1,-1,-1,-1
757,36,196.14,818.89,989.78,831.90,1,-1,-1,-1
758,36,332.11,823.04,1009.63,823.62,1,-1,-1,-1
759,36,490.88,837.90,1049.76,823.97,1,-1,-1,-1
760,36,702.59,844.72,1107.50,836.81,1,-1,-1,-1
761,36,937.66,832.82,1192.18,868.32,1,-1,-1,-1
762,36,1109.69,840.55,1238.53,880.82,1,-1,-1,-1
763,36,1299.56,873.99,1177.07,825.14,1,-1,-1,-1
764,36,1460.82,891.16,1154.81,815.40,1,-1,-1,-1
765,36,1604.45,912.28,1121.02,809.59,1,-1,-1,-1
766,36,1768.29,923.35,1118.24,807.58,1,-1,-1,-1
954,53,119.19,992.21,910.37,790.75,1,-1,-1,-1
955,53,202.06,1001.49,929.98,793.40,1,-1,-1,-1
956,53,298.13,1015.51,944.03,778.85,1,-1,-1,-1
957,53,410.14,1039.41,980.06,773.24,1,-1,-1,-1
958,53,810.40,1074.64,1055.11,799.07,1,-1,-1,-1
959,53,1065.10,1092.55,1113.52,809.32,1,-1,-1,-1
960,53,1225.34,1110.67,1130.15,797.22,1,-1,-1,-1
961,53,1345.42,1137.32,1118.93,774.56,1,-1,-1,-1
962,53,1467.03,1160.00,1095.94,756.19,1,-1,-1,-1
963,53,1589.55,1179.44,1068.20,746.55,1,-1,-1,-1
964,53,1723.92,1209.90,1007.14,722.87,1,-1,-1,-1
965,53,1873.60,1230.17,997.79,716.17,1,-1,-1,-1
1089,55,1773.69,692.26,654.58,593.65,1,-1,-1,-1
1090,55,1663.07,676.15,681.96,602.30,1,-1,-1,-1
1091,55,1553.56,666.62,703.76,594.19,1,-1,-1,-1
1092,55,1370.34,652.09,736.36,595.74,1,-1,-1,-1
1093,55,1161.52,636.36,784.59,608.59,1,-1,-1,-1
1094,55,959.86,630.38,794.82,588.71,1,-1,-1,-1
1095,55,752.92,618.41,819.70,581.12,1,-1,-1,-1
1096,55,556.25,598.76,845.85,577.36,1,-1,-1,-1
1097,55,371.87,585.14,856.16,565.73,1,-1,-1,-1
1098,55,180.07,571.81,884.20,568.59,1,-1,-1,-1
1099,55,52.35,560.26,887.22,563.22,1,-1,-1,-1
1100,55,-21.99,554.42,856.41,542.63,1,-1,-1,-1
1101,55,-85.97,541.05,833.01,534.78,1,-1,-1,-1
1102,55,-214.79,529.09,825.97,530.26,1,-1,-1,-1
1140,58,1794.93,833.77,631.41,512.70,1,-1,-1,-1
1141,58,1700.47,814.46,642.93,507.64,1,-1,-1,-1
1142,58,1547.40,800.39,645.23,492.43,1,-1,-1,-1
1143,58,1377.45,792.94,649.43,476.80,1,-1,-1,-1
1144,58,1185.91,773.06,673.44,476.64,1,-1,-1,-1
1145,58,993.47,756.27,690.91,471.10,1,-1,-1,-1
1146,58,799.40,739.80,706.64,464.12,1,-1,-1,-1
1147,58,618.22,727.80,717.26,454.14,1,-1,-1,-1
1148,58,451.60,719.03,707.22,431.94,1,-1,-1,-1
1149,58,282.01,706.96,701.66,414.00,1,-1,-1,-1
1150,58,122.20,691.33,707.97,406.21,1,-1,-1,-1
1151,58,24.94,678.82,700.26,397.17,1,-1,-1,-1
1152,58,-47.71,661.47,687.31,392.28,1,-1,-1,-1
1153,58,-105.58,646.09,659.32,385.00,1,-1,-1,-1
1154,58,-225.54,632.14,644.44,376.31,1,-1,-1,-1
1208,63,1895.09,731.03,549.72,498.44,1,-1,-1,-1
1209,63,1823.19,722.96,564.27,499.17,1,-1,-1,-1
1210,63,1736.63,712.35,586.34,500.87,1,-1,-1,-1
1211,63,1598.64,708.26,603.37,496.02,1,-1,-1,-1
1212,63,1452.92,706.54,625.50,494.14,1,-1,-1,-1
1213,63,1292.51,699.02,656.30,498.32,1,-1,-1,-1
1214,63,1128.85,692.89,681.94,497.87,1,-1,-1,-1
1215,63,970.20,685.60,701.50,493.10,1,-1,-1,-1
1216,63,800.20,674.83,729.81,495.92,1,-1,-1,-1
1217,63,639.64,665.02,748.91,493.19,1,-1,-1,-1
1218,63,489.31,651.33,754.83,483.10,1,-1,-1,-1
1219,63,343.65,641.25,744.88,463.59,1,-1,-1,-1
1220,63,194.71,633.74,751.60,456.93,1,-1,-1,-1
1221,63,68.10,625.93,753.12,450.41,1,-1,-1,-1
1222,63,-13.86,615.27,743.20,444.19,1,-1,-1,-1
1223,63,-75.19,603.79,724.22,439.11,1,-1,-1,-1
1224,63,-128.59,588.49,701.83,438.56,1,-1,-1,-1
1225,63,-235.57,579.06,694.99,434.28,1,-1,-1,-1
1317,65,242.55,857.05,986.46,901.63,1,-1,-1,-1
1318,65,468.78,887.79,1025.07,910.10,1,-1,-1,-1
1319,65,758.94,912.66,1060.70,910.98,1,-1,-1,-1
1320,65,1074.72,935.91,1100.57,913.17,1,-1,-1,-1
1321,65,1311.89,964.38,1085.89,883.31,1,-1,-1,-1
1322,65,1529.46,996.67,1049.97,855.36,1,-1,-1,-1
1323,65,1725.92,1024.53,1009.65,842.41,1,-1,-1,-1
1324,65,1936.57,1045.53,1004.33,837.97,1,-1,-1,-1
1463,67,1952.20,810.68,434.83,464.35,1,-1,-1,-1
1464,67,1824.23,797.07,463.13,470.72,1,-1,-1,-1
1465,67,1636.46,787.22,485.97,465.85,1,-1,-1,-1
1466,67,1416.39,774.25,516.37,465.87,1,-1,-1,-1
1467,67,1199.94,770.15,544.15,462.51,1,-1,-1,-1
1468,67,970.01,758.94,573.61,458.33,1,-1,-1,-1
1469,67,746.45,745.80,603.17,454.79,1,-1,-1,-1
1470,67,539.54,738.09,624.64,446.18,1,-1,-1,-1
1471,67,177.26,722.69,622.66,434.68,1,-1,-1,-1
1472,67,1.03,714.89,613.11,427.28,1,-1,-1,-1
1473,67,-188.26,704.53,608.56,424.11,1,-1,-1,-1
1689,77,441.30,898.40,1024.49,725.60,1,-1,-1,-1
1690,77,836.81,940.15,1053.04,733.56,1,-1,-1,-1
1691,77,1219.37,959.90,1090.79,747.34,1,-1,-1,-1
1692,77,1515.47,986.80,1057.19,725.27,1,-1,-1,-1
1693,77,1751.40,1008.37,1024.55,719.74,1,-1,-1,-1
1694,77,2020.41,1030.54,1023.44,718.96,1,-1,-1,-1
1842,80,581.91,905.67,1232.22,876.38,1,-1,-1,-1
1843,80,1043.35,941.33,1245.98,875.33,1,-1,-1,-1
1844,80,1385.26,977.03,1186.46,834.79,1,-1,-1,-1
1845,80,1659.83,1015.96,1140.57,820.50,1,-1,-1,-1
1846,80,1948.66,1044.42,1131.34,813.86,1,-1,-1,-1
1894,82,1527.24,354.56,278.04,252.47,1,-1,-1,-1
1895,82,1530.56,356.66,277.24,251.31,1,-1,-1,-1
1896,82,1531.77,357.13,277.31,251.07,1,-1,-1,-1
1897,82,1533.35,356.55,277.87,251.11,1,-1,-1,-1
1898,82,1536.50,358.98,277.67,250.15,1,-1,-1,-1
1899,82,1536.37,359.18,280.68,252.00,1,-1,-1,-1
1900,82,1537.34,359.76,283.62,253.61,1,-1,-1,-1
1901,82,1537.15,358.49,288.82,257.42,1,-1,-1,-1
1902,82,1540.40,359.41,291.85,259.00,1,-1,-1,-1
1903,82,1543.66,359.43,296.21,261.56,1,-1,-1,-1
1904,82,1547.49,360.87,298.79,262.12,1,-1,-1,-1
1905,82,1550.26,362.63,300.11,261.46,1,-1,-1,-1
1906,82,1550.36,363.17,306.31,265.29,1,-1,-1,-1
1907,82,1553.46,365.56,310.21,266.54,1,-1,-1,-1
1908,82,1556.53,366.79,315.51,268.65,1,-1,-1,-1
1909,82,1560.74,366.91,320.79,270.31,1,-1,-1,-1
1910,82,1564.20,365.48,329.84,275.12,1,-1,-1,-1
1911,82,1569.59,366.12,337.04,278.54,1,-1,-1,-1
1912,82,1576.11,367.98,341.46,278.77,1,-1,-1,-1
1913,82,1582.44,366.21,351.47,282.84,1,-1,-1,-1
1914,82,1588.39,366.48,358.87,284.60,1,-1,-1,-1
1915,82,1598.35,366.98,365.60,285.35,1,-1,-1,-1
1916,82,1605.96,366.39,376.14,289.91,1,-1,-1,-1
1917,82,1612.48,367.16,381.28,289.87,1,-1,-1,-1
1918,82,1618.94,366.45,393.17,295.22,1,-1,-1,-1
1919,82,1628.58,367.46,398.77,295.59,1,-1,-1,-1
1920,82,1637.28,368.60,404.17,295.62,1,-1,-1,-1
1921,82,1646.26,369.42,413.25,298.49,1,-1,-1,-1
1922,82,1655.71,370.70,420.23,299.24,1,-1,-1,-1
1923,82,1666.02,371.53,429.19,301.96,1,-1,-1,-1
1924,82,1677.60,371.13,439.60,305.51,1,-1,-1,-1
1925,82,1690.50,372.90,446.10,306.23,1,-1,-1,-1
1926,82,1705.41,378.33,448.60,303.54,1,-1,-1,-1
1927,82,1719.44,379.49,457.49,305.90,1,-1,-1,-1
1928,82,1736.54,380.66,463.36,306.28,1,-1,-1,-1
1929,82,1751.47,382.14,470.22,307.85,1,-1,-1,-1
1930,82,1767.76,382.16,479.75,311.58,1,-1,-1,-1
1931,82,1785.09,383.72,484.50,311.82,1,-1,-1,-1
1932,82,1808.45,386.82,485.44,310.34,1,-1,-1,-1
1933,82,1830.90,392.09,484.19,307.37,1,-1,-1,-1
1934,82,1856.41,396.70,482.84,304.77,1,-1,-1,-1
1935,82,1879.52,401.09,481.90,302.66,1,-1,-1,-1
1936,82,1904.06,402.01,489.04,306.52,1,-1,-1,-1
1937,82,1927.18,401.44,494.61,309.65,1,-1,-1,-1
1938,82,1951.66,400.96,497.61,311.00,1,-1,-1,-1
1939,82,1978.29,402.94,500.30,312.65,1,-1,-1,-1
1940,82,2005.49,406.14,500.48,312.24,1,-1,-1,-1
1941,82,2029.97,408.32,499.17,310.74,1,-1,-1,-1
1942,82,2049.98,410.06,501.85,312.12,1,-1,-1,-1
1943,82,2065.85,413.00,501.20,312.75,1,-1,-1,-1
1944,82,2073.41,411.38,504.76,317.26,1,-1,-1,-1
1945,82,2092.07,417.60,494.11,313.75,1,-1,-1,-1
1946,82,2107.47,422.03,487.27,313.85,1,-1,-1,-1
1947,82,2125.93,422.73,478.86,314.49,1,-1,-1,-1
1948,82,2145.00,424.25,464.37,311.46,1,-1,-1,-1
1949,82,2161.32,430.11,449.24,307.93,1,-1,-1,-1
1950,82,2175.04,428.59,443.94,312.79,1,-1,-1,-1
1951,82,2193.64,430.29,429.30,311.62,1,-1,-1,-1
1952,82,2212.15,431.69,414.04,310.43,1,-1,-1,-1
1953,82,2227.02,433.63,414.05,310.43,1,-1,-1,-1
2125,94,1652.07,709.95,776.39,546.28,1,-1,-1,-1
2126,94,1490.23,698.22,776.83,539.12,1,-1,-1,-1
2127,94,1313.11,690.52,775.09,528.69,1,-1,-1,-1
2128,94,1128.37,678.60,779.11,521.51,1,-1,-1,-1
2129,94,944.41,671.17,782.48,512.67,1,-1,-1,-1
2130,94,740.96,648.03,811.49,522.13,1,-1,-1,-1
2131,94,558.42,627.22,827.71,523.34,1,-1,-1,-1
2132,94,402.94,612.98,818.29,507.77,1,-1,-1,-1
2133,94,240.94,612.96,803.16,488.98,1,-1,-1,-1
2134,94,85.63,606.23,792.38,474.78,1,-1,-1,-1
2135,94,-13.88,592.67,785.30,470.00,1,-1,-1,-1
2136,94,-82.21,578.83,764.51,463.48,1,-1,-1,-1
2137,94,-133.18,569.69,732.17,455.63,1,-1,-1,-1
2138,94,-256.93,558.55,721.35,448.90,1,-1,-1,-1
2315,95,669.83,1065.94,1123.17,773.43,1,-1,-1,-1
2316,95,1137.53,1097.23,1141.24,776.17,1,-1,-1,-1
2317,95,1482.32,1126.24,1097.85,748.56,1,-1,-1,-1
2318,95,1744.92,1160.99,1064.19,743.19,1,-1,-1,-1
2319,95,2042.16,1188.13,1053.46,735.70,1,-1,-1,-1
2364,98,1792.92,759.26,546.72,436.09,1,-1,-1,-1
2365,98,1551.90,756.43,543.46,419.04,1,-1,-1,-1
2366,98,1254.49,739.68,569.27,422.83,1,-1,-1,-1
2367,98,961.46,723.64,587.63,419.12,1,-1,-1,-1
2368,98,670.38,693.80,606.61,415.16,1,-1,-1,-1
2369,98,406.18,678.32,611.13,401.28,1,-1,-1,-1
2370,98,155.83,665.90,615.23,390.43,1,-1,-1,-1
2371,98,-0.98,646.31,610.39,384.87,1,-1,-1,-1
2372,98,-119.07,622.91,596.96,384.81,1,-1,-1,-1
2373,98,-317.74,606.33,589.74,380.16,1,-1,-1,-1
