663,59,1306.21,468.21,541.59,240.93,1,-1,-1,-1
664,59,1258.86,473.54,540.71,240.40,1,-1,-1,-1
665,59,1200.36,477.59,537.16,238.57,1,-1,-1,-1
666,59,1145.35,482.78,531.29,235.47,1,-1,-1,-1
667,59,1096.51,485.67,531.02,234.96,1,-1,-1,-1
668,59,1045.21,488.89,526.76,232.53,1,-1,-1,-1
669,59,993.95,490.79,525.42,231.13,1,-1,-1,-1
670,59,935.11,491.19,526.83,230.95,1,-1,-1,-1
671,59,884.34,489.84,531.60,232.64,1,-1,-1,-1
672,59,833.21,487.94,535.25,234.07,1,-1,-1,-1
673,59,779.44,485.89,534.35,233.77,1,-1,-1,-1
674,59,728.68,483.57,530.41,232.98,1,-1,-1,-1
675,59,690.27,479.01,529.09,234.08,1,-1,-1,-1
676,59,650.71,473.08,521.12,232.96,1,-1,-1,-1
677,59,619.72,467.90,507.71,229.85,1,-1,-1,-1
678,59,587.88,464.01,492.53,226.48,1,-1,-1,-1
679,59,566.82,461.79,473.23,221.28,1,-1,-1,-1
680,59,549.69,458.39,454.69,216.56,1,-1,-1,-1
681,59,534.56,454.87,438.74,213.30,1,-1,-1,-1
682,59,521.42,450.86,420.67,209.12,1,-1,-1,-1
683,59,511.66,447.54,405.85,206.54,1,-1,-1,-1
684,59,503.38,444.98,386.55,201.33,1,-1,-1,-1
685,59,498.48,441.47,366.94,196.05,1,-1,-1,-1
686,59,495.10,437.88,350.09,192.30,1,-1,-1,-1
687,59,494.97,433.81,335.14,189.30,1,-1,-1,-1
688,59,495.67,430.72,321.17,186.39,1,-1,-1,-1
689,59,497.28,426.91,304.15,181.22,1,-1,-1,-1
690,59,499.26,423.71,291.84,178.25,1,-1,-1,-1
691,59,500.95,420.38,282.71,176.84,1,-1,-1,-1
692,59,502.57,415.98,275.58,176.65,1,-1,-1,-1
693,59,505.21,410.97,264.40,173.45,1,-1,-1,-1
694,59,508.09,405.48,255.77,171.50,1,-1,-1,-1
695,59,510.63,402.75,247.33,169.17,1,-1,-1,-1
696,59,513.63,398.95,240.03,167.26,1,-1,-1,-1
697,59,517.64,394.67,232.34,164.76,1,-1,-1,-1
698,59,521.89,391.04,224.30,161.41,1,-1,-1,-1
699,59,524.04,387.89,218.60,159.60,1,-1,-1,-1
700,59,524.80,384.15,214.10,158.41,1,-1,-1,-1
701,59,526.50,380.94,208.15,155.86,1,-1,-1,-1
702,59,526.92,376.30,206.06,156.03,1,-1,-1,-1
703,59,528.71,373.75,200.75,153.33,1,-1,-1,-1
704,59,529.98,371.86,195.72,150.59,1,-1,-1,-1
705,59,530.93,368.92,192.54,149.26,1,-1,-1,-1
706,59,532.41,365.53,189.40,147.95,1,-1,-1,-1
707,59,534.51,363.04,185.67,146.02,1,-1,-1,-1
708,59,535.63,358.84,183.44,145.32,1,-1,-1,-1
709,59,537.54,355.40,181.30,144.57,1,-1,-1,-1
710,59,540.51,352.82,176.55,141.55,1,-1,-1,-1
711,59,543.07,350.96,172.61,139.01,1,-1,-1,-1
712,59,545.18,348.27,169.71,137.07,1,-1,-1,-1
713,59,547.46,344.67,167.37,135.58,1,-1,-1,-1
714,59,548.75,341.80,165.79,134.78,1,-1,-1,-1
715,59,550.98,339.71,162.55,132.42,1,-1,-1,-1
716,59,551.54,336.56,161.95,132.38,1,-1,-1,-1
717,59,552.67,334.58,160.60,131.52,1,-1,-1,-1
718,59,554.00,332.61,158.61,130.05,1,-1,-1,-1
719,59,555.34,331.87,156.48,128.35,1,-1,-1,-1
720,59,555.71,328.53,156.19,128.33,1,-1,-1,-1
721,59,556.93,325.61,155.22,127.81,1,-1,-1,-1
722,59,557.73,322.67,154.24,127.37,1,-1,-1,-1
723,59,558.26,320.73,152.88,126.50,1,-1,-1,-1
724,59,558.86,319.30,151.76,125.81,1,-1,-1,-1
725,59,559.51,317.00,151.07,125.54,1,-1,-1,-1
726,59,560.06,315.31,150.18,125.03,1,-1,-1,-1
727,59,560.63,314.06,148.78,124.05,1,-1,-1,-1
728,59,561.45,312.74,147.06,122.82,1,-1,-1,-1
729,59,561.82,310.23,145.87,122.13,1,-1,-1,-1
730,59,562.96,307.28,143.96,120.66,1,-1,-1,-1
731,59,563.58,305.56,141.84,119.00,1,-1,-1,-1
732,59,564.11,303.80,140.80,118.23,1,-1,-1,-1
733,59,564.34,301.93,140.46,118.14,1,-1,-1,-1
734,59,564.38,300.64,139.73,117.87,1,-1,-1,-1
735,59,564.82,299.17,139.45,117.91,1,-1,-1,-1
736,59,564.70,297.46,138.24,117.19,1,-1,-1,-1
737,59,565.43,296.29,136.99,116.41,1,-1,-1,-1
738,59,565.80,294.40,135.97,115.93,1,-1,-1,-1
739,59,566.11,293.68,134.90,115.33,1,-1,-1,-1
740,59,566.25,292.19,135.10,115.85,1,-1,-1,-1
741,59,567.15,291.31,133.78,114.91,1,-1,-1,-1
742,59,567.53,289.94,132.74,114.25,1,-1,-1,-1
743,59,567.78,288.97,131.71,113.38,1,-1,-1,-1
744,59,567.41,287.50,131.28,113.08,1,-1,-1,-1
745,59,566.80,286.14,131.01,112.93,1,-1,-1,-1
746,59,567.31,284.92,130.24,112.35,1,-1,-1,-1
747,59,567.53,284.02,130.23,112.38,1,-1,-1,-1
748,59,567.78,282.89,129.93,112.15,1,-1,-1,-1
749,59,568.02,281.34,128.95,111.43,1,-1,-1,-1
750,59,569.42,280.27,126.90,109.69,1,-1,-1,-1
751,59,570.30,279.76,126.11,109.03,1,-1,-1,-1
752,59,571.36,278.27,125.04,108.14,1,-1,-1,-1
753,59,572.35,276.57,124.84,108.02,1,-1,-1,-1
754,59,574.22,275.73,123.31,106.61,1,-1,-1,-1
755,59,575.44,274.61,122.91,106.28,1,-1,-1,-1
756,59,576.52,273.66,122.55,105.95,1,-1,-1,-1
757,59,577.71,272.21,121.42,104.92,1,-1,-1,-1
758,59,578.12,272.07,120.41,103.88,1,-1,-1,-1
759,59,576.79,271.89,120.47,103.75,1,-1,-1,-1
760,59,574.39,270.85,120.74,103.79,1,-1,-1,-1
761,59,570.44,269.30,121.01,103.79,1,-1,-1,-1
762,59,563.86,267.58,122.93,105.20,1,-1,-1,-1
763,59,560.04,267.18,123.27,105.19,1,-1,-1,-1
764,59,554.38,266.85,123.41,104.81,1,-1,-1,-1
765,59,552.68,265.87,123.10,104.55,1,-1,-1,-1
949,89,772.42,796.14,639.83,284.05,1,-1,-1,-1
950,89,731.57,771.14,685.30,307.94,1,-1,-1,-1
951,89,702.18,749.89,717.70,328.09,1,-1,-1,-1
952,89,678.84,724.77,742.58,347.10,1,-1,-1,-1
953,89,673.52,701.56,737.87,353.95,1,-1,-1,-1
954,89,682.32,683.72,709.06,349.73,1,-1,-1,-1
955,89,701.01,669.07,675.01,342.61,1,-1,-1,-1
956,89,727.33,652.50,641.60,334.96,1,-1,-1,-1
957,89,761.39,638.87,607.09,325.10,1,-1,-1,-1
958,89,798.16,625.07,581.60,318.36,1,-1,-1,-1
959,89,835.88,614.97,561.35,313.23,1,-1,-1,-1
960,89,883.44,605.32,540.37,305.77,1,-1,-1,-1
961,89,938.09,596.58,519.80,297.07,1,-1,-1,-1
962,89,998.49,587.36,510.15,293.49,1,-1,-1,-1
963,89,1052.53,580.39,500.04,289.13,1,-1,-1,-1
964,89,1119.85,571.88,489.95,284.08,1,-1,-1,-1
965,89,1188.92,562.20,483.61,280.35,1,-1,-1,-1
966,89,1269.78,546.77,477.83,276.23,1,-1,-1,-1
967,89,1337.50,534.75,473.27,272.13,1,-1,-1,-1
968,89,1410.67,520.08,471.04,269.03,1,-1,-1,-1
969,89,1471.01,506.62,459.18,264.33,1,-1,-1,-1
970,89,1519.44,493.81,454.67,261.74,1,-1,-1,-1
1110,103,240.14,539.55,392.49,282.69,1,-1,-1,-1
1111,103,267.44,538.26,400.05,285.49,1,-1,-1,-1
1112,103,297.63,536.91,411.76,288.80,1,-1,-1,-1
1113,103,348.74,537.46,420.47,287.25,1,-1,-1,-1
1114,103,409.27,536.22,436.38,289.27,1,-1,-1,-1
1115,103,457.37,536.97,452.36,290.39,1,-1,-1,-1
1116,103,525.47,539.44,466.66,289.44,1,-1,-1,-1
1117,103,602.97,541.29,484.31,290.36,1,-1,-1,-1
1118,103,691.86,548.31,492.58,285.43,1,-1,-1,-1
1119,103,764.36,552.82,503.46,282.64,1,-1,-1,-1
1120,103,846.42,558.00,512.59,279.26,1,-1,-1,-1
1121,103,933.78,560.18,523.08,278.11,1,-1,-1,-1
1122,103,1025.43,558.33,532.16,276.98,1,-1,-1,-1
1123,103,1100.89,555.50,545.11,279.41,1,-1,-1,-1
1124,103,1188.82,548.98,554.92,281.64,1,-1,-1,-1
1125,103,1285.45,541.78,549.25,276.56,1,-1,-1,-1
1126,103,1369.72,530.75,545.49,275.00,1,-1,-1,-1
1127,103,1426.76,520.06,533.22,271.88,1,-1,-1,-1
1128,103,1487.78,511.21,510.84,267.59,1,-1,-1,-1
1129,103,1560.85,507.58,508.28,266.25,1,-1,-1,-1
1487,130,545.61,123.75,100.27,88.87,1,-1,-1,-1
1488,130,545.58,124.80,100.82,89.39,1,-1,-1,-1
1489,130,545.84,127.27,100.06,88.62,1,-1,-1,-1
1490,130,546.11,129.82,100.36,88.77,1,-1,-1,-1
1491,130,546.10,131.71,100.66,88.94,1,-1,-1,-1
1492,130,543.90,133.15,102.20,90.32,1,-1,-1,-1
1493,130,542.80,135.50,103.00,91.04,1,-1,-1,-1
1494,130,541.85,139.06,103.08,91.20,1,-1,-1,-1
1495,130,541.04,141.76,102.68,90.90,1,-1,-1,-1
1496,130,540.35,144.39,103.65,91.85,1,-1,-1,-1
1497,130,540.08,147.79,104.05,92.28,1,-1,-1,-1
1498,130,539.45,151.04,104.62,93.02,1,-1,-1,-1
1499,130,538.86,153.84,105.77,94.20,1,-1,-1,-1
1500,130,538.05,156.40,106.79,95.22,1,-1,-1,-1
1501,130,535.75,159.53,107.40,96.12,1,-1,-1,-1
1502,130,534.97,163.08,107.30,96.33,1,-1,-1,-1
1503,130,534.64,165.88,107.52,96.76,1,-1,-1,-1
1504,130,534.44,170.55,106.70,96.22,1,-1,-1,-1
1505,130,533.85,173.73,106.60,96.39,1,-1,-1,-1
1506,130,532.85,175.76,109.47,99.28,1,-1,-1,-1
1507,130,532.27,177.63,110.18,100.26,1,-1,-1,-1
1508,130,532.10,181.00,109.78,100.20,1,-1,-1,-1
1509,130,531.90,184.74,110.57,101.17,1,-1,-1,-1
1510,130,531.67,187.45,111.27,102.03,1,-1,-1,-1
1511,130,531.71,191.19,110.72,101.77,1,-1,-1,-1
1512,130,531.89,194.04,111.46,102.78,1,-1,-1,-1
1513,130,532.05,197.19,111.64,103.21,1,-1,-1,-1
1514,130,532.34,200.51,111.01,103.07,1,-1,-1,-1
1515,130,532.39,202.81,112.07,104.43,1,-1,-1,-1
1516,130,533.35,204.88,112.58,105.08,1,-1,-1,-1
1517,130,534.39,206.94,113.08,105.82,1,-1,-1,-1
1518,130,534.58,209.46,113.53,106.50,1,-1,-1,-1
1519,130,534.66,210.64,114.51,107.75,1,-1,-1,-1
1520,130,534.57,212.43,115.28,108.73,1,-1,-1,-1
1521,130,535.04,215.55,114.53,108.17,1,-1,-1,-1
1522,130,535.57,218.05,115.09,108.77,1,-1,-1,-1
1523,130,535.50,220.78,114.40,108.06,1,-1,-1,-1
1524,130,534.74,222.99,115.12,108.83,1,-1,-1,-1
1525,130,534.80,226.54,114.87,108.62,1,-1,-1,-1
1526,130,533.61,228.64,116.11,110.03,1,-1,-1,-1
1527,130,532.93,230.85,116.29,110.23,1,-1,-1,-1
1528,130,532.61,233.25,116.30,110.53,1,-1,-1,-1
1529,130,532.94,236.17,115.99,110.32,1,-1,-1,-1
1530,130,532.26,238.82,117.05,111.38,1,-1,-1,-1
1531,130,531.68,240.48,117.89,112.00,1,-1,-1,-1
1532,130,530.16,243.31,118.65,112.60,1,-1,-1,-1
1533,130,528.93,245.97,119.36,113.22,1,-1,-1,-1
1534,130,527.87,249.49,119.51,113.25,1,-1,-1,-1
1535,130,527.07,251.22,119.65,113.35,1,-1,-1,-1
1536,130,526.16,253.31,119.98,113.67,1,-1,-1,-1
1537,130,525.94,255.50,120.43,113.90,1,-1,-1,-1
1538,130,524.40,256.93,122.05,115.27,1,-1,-1,-1
1539,130,523.89,258.43,122.78,115.66,1,-1,-1,-1
1540,130,522.15,260.26,123.48,115.92,1,-1,-1,-1
1541,130,520.94,262.10,124.38,116.42,1,-1,-1,-1
1542,130,519.48,263.67,125.65,117.32,1,-1,-1,-1
1543,130,518.61,264.84,126.25,117.62,1,-1,-1,-1
1544,130,517.83,266.87,126.37,117.49,1,-1,-1,-1
1545,130,517.11,269.27,127.25,118.22,1,-1,-1,-1
1546,130,516.49,270.91,128.21,119.02,1,-1,-1,-1
1547,130,515.84,272.34,129.24,119.86,1,-1,-1,-1
1548,130,513.50,274.77,131.34,121.67,1,-1,-1,-1
1549,130,512.54,276.51,132.38,122.52,1,-1,-1,-1
1550,130,511.73,278.22,133.47,123.32,1,-1,-1,-1
1551,130,511.15,279.46,134.00,123.60,1,-1,-1,-1
1552,130,510.81,281.40,134.93,124.14,1,-1,-1,-1
1553,130,510.29,283.73,135.61,124.41,1,-1,-1,-1
1554,130,510.20,285.92,136.10,124.46,1,-1,-1,-1
1555,130,510.01,288.12,136.28,124.16,1,-1,-1,-1
1556,130,509.15,290.05,138.00,125.35,1,-1,-1,-1
1557,130,507.21,292.00,140.04,126.87,1,-1,-1,-1
1558,130,506.14,293.71,141.89,128.36,1,-1,-1,-1
1559,130,505.29,295.16,143.82,129.74,1,-1,-1,-1
1560,130,504.84,296.61,145.29,130.73,1,-1,-1,-1
1561,130,503.17,298.41,147.32,132.30,1,-1,-1,-1
1562,130,502.00,300.63,148.46,133.03,1,-1,-1,-1
1563,130,500.23,301.68,151.59,135.69,1,-1,-1,-1
1564,130,498.03,303.20,155.05,138.87,1,-1,-1,-1
1565,130,496.92,305.72,156.77,140.40,1,-1,-1,-1
1566,130,495.72,308.11,158.09,141.73,1,-1,-1,-1
1567,130,494.48,309.90,158.83,142.42,1,-1,-1,-1
1568,130,492.98,312.92,159.29,142.83,1,-1,-1,-1
1569,130,490.63,315.82,162.27,145.67,1,-1,-1,-1
1570,130,488.70,318.41,164.95,147.98,1,-1,-1,-1
1571,130,487.84,319.77,166.04,148.66,1,-1,-1,-1
1572,130,485.34,322.23,168.62,150.68,1,-1,-1,-1
1573,130,482.99,324.81,172.86,154.11,1,-1,-1,-1
1574,130,479.89,327.06,177.39,157.97,1,-1,-1,-1
1575,130,477.29,329.89,178.90,159.41,1,-1,-1,-1
1576,130,474.57,332.80,180.57,161.05,1,-1,-1,-1
1577,130,470.70,335.37,183.92,164.19,1,-1,-1,-1
1578,130,468.52,338.64,186.78,166.66,1,-1,-1,-1
1579,130,465.99,341.07,189.63,169.11,1,-1,-1,-1
1580,130,463.79,345.16,189.71,168.81,1,-1,-1,-1
1581,130,458.36,348.33,194.52,173.34,1,-1,-1,-1
1582,130,453.34,351.26,199.26,178.30,1,-1,-1,-1
1583,130,450.33,353.36,202.48,181.78,1,-1,-1,-1
1584,130,447.42,355.66,206.81,186.17,1,-1,-1,-1
1585,130,444.18,359.43,210.68,190.35,1,-1,-1,-1
1586,130,441.11,363.98,212.14,192.33,1,-1,-1,-1
1587,130,440.65,367.56,212.86,193.18,1,-1,-1,-1
1588,130,438.80,371.56,212.81,193.29,1,-1,-1,-1
1589,130,435.65,375.20,214.48,194.95,1,-1,-1,-1
1590,130,432.28,379.27,218.15,198.47,1,-1,-1,-1
1591,130,429.24,381.74,221.17,201.38,1,-1,-1,-1
1592,130,425.55,384.71,226.39,206.34,1,-1,-1,-1
1593,130,422.34,388.76,229.18,209.27,1,-1,-1,-1
1594,130,420.00,393.39,230.92,211.18,1,-1,-1,-1
1595,130,419.69,396.60,232.48,212.75,1,-1,-1,-1
1596,130,419.40,399.52,236.04,216.22,1,-1,-1,-1
1597,130,420.80,402.80,240.81,220.67,1,-1,-1,-1
1598,130,423.57,407.18,245.40,224.12,1,-1,-1,-1
1599,130,426.82,410.97,249.10,226.32,1,-1,-1,-1
1600,130,430.29,415.84,253.09,229.16,1,-1,-1,-1
1601,130,437.71,419.55,256.84,231.13,1,-1,-1,-1
1602,130,448.60,422.70,261.48,232.91,1,-1,-1,-1
1603,130,458.77,424.93,266.54,234.28,1,-1,-1,-1
1604,130,468.90,426.90,274.78,238.30,1,-1,-1,-1
1605,130,483.33,428.80,287.18,244.72,1,-1,-1,-1
1606,130,505.01,430.87,300.09,249.51,1,-1,-1,-1
1607,130,524.66,433.90,309.28,251.02,1,-1,-1,-1
1608,130,547.92,435.78,326.68,258.38,1,-1,-1,-1
1609,130,576.69,437.51,344.22,265.02,1,-1,-1,-1
1610,130,609.99,440.17,363.22,272.10,1,-1,-1,-1
1611,130,644.97,444.69,379.00,275.59,1,-1,-1,-1
1612,130,690.12,449.32,394.36,277.61,1,-1,-1,-1
1613,130,742.88,451.82,414.70,282.42,1,-1,-1,-1
1614,130,799.74,454.88,432.90,284.49,1,-1,-1,-1
1615,130,853.67,459.78,445.57,282.46,1,-1,-1,-1
1616,130,916.26,465.02,453.64,277.41,1,-1,-1,-1
1617,130,988.83,469.21,460.95,271.61,1,-1,-1,-1
1618,130,1066.05,471.76,470.05,267.43,1,-1,-1,-1
1619,130,1125.11,470.79,483.32,266.35,1,-1,-1,-1
1620,130,1197.72,466.96,496.52,265.72,1,-1,-1,-1
1621,130,1270.81,461.11,508.89,266.17,1,-1,-1,-1
1622,130,1341.88,455.97,518.99,266.64,1,-1,-1,-1
1623,130,1387.55,451.22,521.15,266.40,1,-1,-1,-1
1624,130,1442.93,451.14,522.00,266.82,1,-1,-1,-1
