3,1,293.20,548.34,273.26,217.74,1,-1,-1,-1
3,2,950.45,199.23,139.94,135.74,1,-1,-1,-1
4,1,284.25,553.30,275.91,219.88,1,-1,-1,-1
4,2,951.65,196.97,139.04,134.85,1,-1,-1,-1
5,1,275.11,559.82,279.11,222.43,1,-1,-1,-1
5,2,952.89,194.48,138.31,134.08,1,-1,-1,-1
6,1,265.81,564.09,283.42,225.83,1,-1,-1,-1
6,2,954.56,192.39,137.02,132.73,1,-1,-1,-1
7,1,257.73,567.69,287.74,229.14,1,-1,-1,-1
7,2,955.96,189.69,135.95,131.51,1,-1,-1,-1
8,1,249.78,571.36,291.57,232.00,1,-1,-1,-1
8,2,957.04,187.46,135.37,130.70,1,-1,-1,-1
9,1,243.51,576.87,292.72,232.63,1,-1,-1,-1
9,2,957.41,185.11,135.55,130.67,1,-1,-1,-1
10,1,236.01,582.56,295.17,234.18,1,-1,-1,-1
10,2,957.40,181.95,136.30,131.24,1,-1,-1,-1
11,1,227.94,586.89,300.32,238.00,1,-1,-1,-1
11,2,958.53,180.37,135.36,130.14,1,-1,-1,-1
12,1,219.32,590.80,306.26,242.71,1,-1,-1,-1
12,2,959.77,177.84,135.23,129.82,1,-1,-1,-1
13,1,210.60,594.32,312.18,247.51,1,-1,-1,-1
13,2,962.11,175.79,133.96,128.18,1,-1,-1,-1
14,1,202.13,598.19,317.80,252.16,1,-1,-1,-1
14,2,963.73,172.85,134.55,128.50,1,-1,-1,-1
15,1,193.17,602.47,321.84,255.37,1,-1,-1,-1
15,2,965.27,170.10,134.98,128.72,1,-1,-1,-1
16,1,185.22,606.10,325.75,258.61,1,-1,-1,-1
16,2,966.50,167.29,135.29,128.85,1,-1,-1,-1
17,1,177.11,611.82,327.84,260.14,1,-1,-1,-1
17,2,967.79,164.49,135.39,128.68,1,-1,-1,-1
18,1,169.82,616.39,330.37,262.08,1,-1,-1,-1
18,2,969.81,162.17,134.89,127.88,1,-1,-1,-1
19,1,164.33,622.80,331.13,262.34,1,-1,-1,-1
19,2,972.43,159.97,135.11,127.74,1,-1,-1,-1
20,1,156.81,626.28,333.50,264.08,1,-1,-1,-1
20,2,975.27,157.96,134.70,126.95,1,-1,-1,-1
21,1,148.64,629.67,335.08,265.05,1,-1,-1,-1
21,2,978.27,156.40,133.52,125.54,1,-1,-1,-1
22,1,140.32,632.92,338.01,266.93,1,-1,-1,-1
22,2,981.53,153.96,133.80,125.42,1,-1,-1,-1
23,1,131.62,635.43,341.73,269.26,1,-1,-1,-1
23,2,985.57,152.23,133.67,124.83,1,-1,-1,-1
24,1,121.38,637.59,348.07,274.09,1,-1,-1,-1
24,2,990.32,150.05,133.80,124.59,1,-1,-1,-1
25,1,112.51,640.46,349.70,275.23,1,-1,-1,-1
25,2,995.11,147.99,133.92,124.38,1,-1,-1,-1
26,1,105.65,645.99,349.18,274.29,1,-1,-1,-1
26,2,999.48,145.04,134.79,125.00,1,-1,-1,-1
27,1,99.16,650.98,350.71,275.01,1,-1,-1,-1
27,2,1004.34,142.22,135.63,125.56,1,-1,-1,-1
28,1,90.62,654.48,353.19,276.61,1,-1,-1,-1
28,2,1008.64,140.15,135.93,125.49,1,-1,-1,-1
29,1,83.12,658.55,354.31,277.04,1,-1,-1,-1
29,2,1013.99,137.60,136.42,125.45,1,-1,-1,-1
30,1,76.28,662.07,355.70,277.57,1,-1,-1,-1
30,2,1019.95,135.80,136.25,124.72,1,-1,-1,-1
31,1,68.68,665.02,359.04,279.93,1,-1,-1,-1
31,2,1026.26,134.55,135.44,123.30,1,-1,-1,-1
32,1,60.92,668.38,361.91,281.85,1,-1,-1,-1
32,2,1032.48,133.26,135.05,122.31,1,-1,-1,-1
33,1,52.39,671.65,366.06,284.70,1,-1,-1,-1
33,2,1039.55,132.12,134.96,121.73,1,-1,-1,-1
34,1,43.57,675.77,372.81,289.96,1,-1,-1,-1
34,2,1046.20,130.75,135.05,121.49,1,-1,-1,-1
35,1,33.67,678.62,376.99,292.86,1,-1,-1,-1
35,2,1052.16,128.39,136.16,121.96,1,-1,-1,-1
36,1,22.72,681.86,379.84,294.26,1,-1,-1,-1
36,2,1058.61,126.40,136.64,121.87,1,-1,-1,-1
37,1,14.49,685.50,382.64,296.43,1,-1,-1,-1
37,2,1065.04,124.60,137.27,122.18,1,-1,-1,-1
38,2,1071.46,123.19,137.58,122.28,1,-1,-1,-1
39,2,1078.60,121.24,137.75,122.19,1,-1,-1,-1
40,2,1086.82,119.17,137.46,121.84,1,-1,-1,-1
41,2,1094.06,117.65,136.79,120.98,1,-1,-1,-1
42,2,1101.47,116.39,136.31,120.22,1,-1,-1,-1
43,2,1109.82,115.35,134.88,118.75,1,-1,-1,-1
44,2,1116.07,113.94,135.31,119.02,1,-1,-1,-1
45,2,1122.65,112.58,135.07,118.59,1,-1,-1,-1
46,2,1130.58,111.45,133.93,117.21,1,-1,-1,-1
47,2,1139.37,110.07,133.29,116.15,1,-1,-1,-1
48,2,1146.85,108.69,133.35,115.84,1,-1,-1,-1
49,2,1154.17,106.47,133.30,115.54,1,-1,-1,-1
50,2,1160.49,104.84,133.30,115.38,1,-1,-1,-1
51,2,1168.95,103.73,132.92,114.97,1,-1,-1,-1
52,2,1176.61,102.74,131.94,113.93,1,-1,-1,-1
53,2,1185.01,101.28,129.73,111.73,1,-1,-1,-1
54,2,1193.78,99.99,128.21,110.13,1,-1,-1,-1
55,2,1202.36,98.17,128.42,110.12,1,-1,-1,-1
56,2,1209.07,96.18,128.18,109.95,1,-1,-1,-1
57,2,1215.38,94.97,127.53,109.41,1,-1,-1,-1
58,2,1221.77,94.17,127.08,109.02,1,-1,-1,-1
59,2,1229.11,92.73,126.36,108.41,1,-1,-1,-1
61,3,1641.88,748.26,275.98,330.60,1,-1,-1,-1
62,3,1635.50,738.57,281.95,337.83,1,-1,-1,-1
63,3,1629.52,728.30,285.43,341.81,1,-1,-1,-1
64,3,1623.74,719.67,285.66,341.01,1,-1,-1,-1
65,3,1620.83,707.44,281.53,333.68,1,-1,-1,-1
66,3,1617.38,697.77,277.15,324.50,1,-1,-1,-1
67,3,1611.37,687.77,273.45,314.21,1,-1,-1,-1
68,3,1604.65,679.98,271.41,304.30,1,-1,-1,-1
69,3,1597.59,674.69,267.46,290.46,1,-1,-1,-1
70,3,1585.11,667.44,269.00,283.21,1,-1,-1,-1
71,3,1568.45,658.45,272.38,278.13,1,-1,-1,-1
72,3,1548.75,646.76,276.68,274.79,1,-1,-1,-1
73,3,1527.89,637.87,280.07,271.51,1,-1,-1,-1
74,3,1509.49,630.09,281.81,267.01,1,-1,-1,-1
75,3,1492.45,622.72,284.35,264.08,1,-1,-1,-1
76,3,1474.01,614.83,287.04,262.33,1,-1,-1,-1
77,3,1457.49,605.22,290.28,261.82,1,-1,-1,-1
78,3,1441.57,597.74,288.73,256.48,1,-1,-1,-1
79,3,1426.55,590.84,286.76,251.20,1,-1,-1,-1
80,3,1414.19,584.11,285.02,246.54,1,-1,-1,-1
81,3,1400.34,576.65,283.36,242.72,1,-1,-1,-1
82,3,1390.35,568.41,280.34,238.72,1,-1,-1,-1
83,3,1380.69,559.53,276.86,234.02,1,-1,-1,-1
84,3,1369.72,551.48,275.01,231.00,1,-1,-1,-1
85,3,1357.88,543.83,273.56,228.23,1,-1,-1,-1
86,3,1347.76,536.67,270.86,224.62,1,-1,-1,-1
87,3,1338.45,530.33,267.84,220.57,1,-1,-1,-1
88,3,1328.72,521.20,264.24,216.50,1,-1,-1,-1
89,3,1320.38,514.10,261.30,212.70,1,-1,-1,-1
90,3,1311.83,508.46,259.79,210.50,1,-1,-1,-1
91,3,1302.75,502.40,256.53,207.19,1,-1,-1,-1
92,3,1293.93,496.05,254.13,204.45,1,-1,-1,-1
93,3,1282.74,488.58,252.09,202.46,1,-1,-1,-1
94,3,1273.65,480.81,251.37,202.00,1,-1,-1,-1
95,3,1266.74,473.86,249.48,200.68,1,-1,-1,-1
96,3,1259.96,466.08,247.48,199.25,1,-1,-1,-1
97,3,1254.23,458.62,243.74,196.39,1,-1,-1,-1
98,3,1247.65,450.14,241.49,194.86,1,-1,-1,-1
99,3,1242.17,443.74,238.06,192.64,1,-1,-1,-1
100,3,1235.74,435.96,237.36,192.81,1,-1,-1,-1
101,3,1232.31,429.52,232.68,189.40,1,-1,-1,-1
102,3,1230.22,423.23,227.98,186.26,1,-1,-1,-1
103,3,1225.44,415.30,225.39,184.31,1,-1,-1,-1
104,3,1218.79,406.44,223.00,182.65,1,-1,-1,-1
105,3,1211.00,398.73,222.34,182.76,1,-1,-1,-1
106,3,1203.30,391.79,218.64,179.73,1,-1,-1,-1
106,5,1452.78,642.21,448.06,412.47,1,-1,-1,-1
107,3,1192.70,384.55,215.39,177.12,1,-1,-1,-1
107,5,1447.41,636.05,442.35,405.94,1,-1,-1,-1
108,3,1183.22,377.42,211.71,173.81,1,-1,-1,-1
108,5,1433.98,626.34,436.24,398.68,1,-1,-1,-1
109,3,1171.96,369.35,210.89,172.83,1,-1,-1,-1
109,5,1418.33,615.63,427.14,388.10,1,-1,-1,-1
110,3,1160.72,361.87,208.50,170.54,1,-1,-1,-1
110,5,1401.85,606.66,418.52,377.86,1,-1,-1,-1
111,3,1148.99,354.08,205.65,168.19,1,-1,-1,-1
111,5,1384.82,597.55,409.64,367.48,1,-1,-1,-1
112,3,1134.94,345.90,203.80,166.34,1,-1,-1,-1
112,5,1368.55,588.84,407.00,363.11,1,-1,-1,-1
113,3,1122.89,339.73,201.15,164.06,1,-1,-1,-1
113,5,1355.49,578.86,400.68,355.77,1,-1,-1,-1
114,3,1111.73,334.21,197.80,161.32,1,-1,-1,-1
114,5,1343.85,569.30,394.55,348.58,1,-1,-1,-1
115,3,1100.27,327.36,196.61,160.44,1,-1,-1,-1
115,5,1331.93,558.62,393.36,346.48,1,-1,-1,-1
116,3,1090.68,321.38,193.63,157.93,1,-1,-1,-1
116,5,1321.26,550.31,388.65,341.21,1,-1,-1,-1
117,3,1080.90,315.50,192.23,156.87,1,-1,-1,-1
117,5,1311.11,541.51,386.79,339.12,1,-1,-1,-1
118,3,1071.81,309.15,189.72,154.96,1,-1,-1,-1
118,5,1301.37,534.14,383.85,336.32,1,-1,-1,-1
119,3,1060.96,302.63,188.99,154.48,1,-1,-1,-1
119,5,1293.78,525.77,378.16,331.10,1,-1,-1,-1
120,3,1051.16,298.11,186.82,152.69,1,-1,-1,-1
120,5,1286.91,518.28,369.05,322.62,1,-1,-1,-1
121,3,1041.17,293.21,185.09,151.36,1,-1,-1,-1
121,5,1279.00,511.33,363.52,317.51,1,-1,-1,-1
122,3,1031.63,288.20,184.53,150.97,1,-1,-1,-1
122,5,1273.33,504.12,359.12,313.25,1,-1,-1,-1
123,3,1022.85,282.68,182.76,149.81,1,-1,-1,-1
123,5,1268.46,498.49,351.08,305.76,1,-1,-1,-1
124,3,1016.28,277.73,179.62,147.36,1,-1,-1,-1
124,5,1262.70,492.59,343.50,298.70,1,-1,-1,-1
125,3,1010.77,273.46,174.92,143.61,1,-1,-1,-1
125,5,1257.96,487.26,337.08,292.61,1,-1,-1,-1
126,3,1005.96,268.32,173.03,142.25,1,-1,-1,-1
126,5,1254.92,481.27,332.54,288.31,1,-1,-1,-1
127,3,997.59,263.01,172.39,142.14,1,-1,-1,-1
127,5,1250.90,475.15,324.98,281.08,1,-1,-1,-1
128,3,990.40,259.02,170.17,140.87,1,-1,-1,-1
128,5,1243.26,467.57,323.00,279.37,1,-1,-1,-1
129,3,985.80,254.54,165.97,137.79,1,-1,-1,-1
129,5,1237.38,461.00,319.82,277.05,1,-1,-1,-1
130,3,981.66,251.02,162.34,135.27,1,-1,-1,-1
130,5,1234.04,454.71,314.13,272.31,1,-1,-1,-1
131,3,978.69,247.66,159.39,133.50,1,-1,-1,-1
131,5,1233.76,449.40,306.38,265.50,1,-1,-1,-1
132,3,975.98,243.38,158.11,133.22,1,-1,-1,-1
132,5,1229.79,442.09,302.76,262.44,1,-1,-1,-1
133,3,973.56,239.22,155.60,131.80,1,-1,-1,-1
133,5,1225.30,435.79,299.56,260.01,1,-1,-1,-1
134,3,973.17,235.78,153.16,130.43,1,-1,-1,-1
134,5,1222.35,429.92,291.33,253.04,1,-1,-1,-1
135,3,972.65,232.28,151.78,130.05,1,-1,-1,-1
135,5,1219.35,423.50,287.94,250.36,1,-1,-1,-1
136,3,971.34,227.52,151.50,130.69,1,-1,-1,-1
136,5,1219.09,417.05,285.09,248.31,1,-1,-1,-1
137,3,971.29,223.07,150.17,130.31,1,-1,-1,-1
137,5,1216.63,410.50,278.90,243.56,1,-1,-1,-1
138,3,971.68,220.39,147.85,128.90,1,-1,-1,-1
138,5,1213.58,403.97,273.76,239.75,1,-1,-1,-1
139,3,971.87,216.46,146.87,128.58,1,-1,-1,-1
139,5,1209.59,396.35,269.81,236.91,1,-1,-1,-1
140,3,972.22,213.01,145.83,128.32,1,-1,-1,-1
140,5,1205.84,389.55,265.99,234.48,1,-1,-1,-1
141,3,972.57,210.75,143.44,126.71,1,-1,-1,-1
141,5,1202.66,381.52,261.74,231.37,1,-1,-1,-1
142,3,972.42,207.28,141.87,125.72,1,-1,-1,-1
142,5,1200.49,373.91,257.12,227.57,1,-1,-1,-1
143,3,972.66,204.25,140.05,124.31,1,-1,-1,-1
143,5,1195.69,367.46,253.64,225.00,1,-1,-1,-1
144,3,973.23,202.31,138.36,123.03,1,-1,-1,-1
144,5,1191.14,360.15,251.01,223.47,1,-1,-1,-1
145,3,973.73,198.79,138.58,123.50,1,-1,-1,-1
145,5,1187.37,353.98,249.20,222.54,1,-1,-1,-1
146,3,974.54,195.68,138.12,123.35,1,-1,-1,-1
146,5,1184.43,349.22,244.37,219.17,1,-1,-1,-1
147,3,975.61,193.74,136.44,121.84,1,-1,-1,-1
147,5,1180.69,340.64,241.59,217.78,1,-1,-1,-1
148,3,975.86,191.18,135.62,120.92,1,-1,-1,-1
148,5,1179.09,334.34,236.80,214.15,1,-1,-1,-1
149,3,976.42,187.56,135.30,120.51,1,-1,-1,-1
149,5,1177.02,328.93,231.48,210.07,1,-1,-1,-1
150,3,977.31,184.10,135.39,120.51,1,-1,-1,-1
150,5,1174.97,321.43,227.97,207.69,1,-1,-1,-1
151,3,979.50,181.26,134.79,120.28,1,-1,-1,-1
151,5,1174.12,314.68,225.03,205.87,1,-1,-1,-1
152,3,981.97,178.42,134.11,119.88,1,-1,-1,-1
152,5,1173.95,309.32,220.71,202.38,1,-1,-1,-1
153,3,984.37,175.13,133.77,119.71,1,-1,-1,-1
153,5,1172.90,303.58,214.69,197.03,1,-1,-1,-1
154,3,987.10,172.23,133.01,119.05,1,-1,-1,-1
154,5,1167.67,297.51,212.25,195.18,1,-1,-1,-1
155,3,991.04,170.19,131.06,117.07,1,-1,-1,-1
155,5,1163.87,292.91,208.95,192.48,1,-1,-1,-1
156,3,995.24,168.16,129.54,115.44,1,-1,-1,-1
156,5,1162.20,286.57,204.05,188.22,1,-1,-1,-1
157,3,999.05,165.24,129.18,114.90,1,-1,-1,-1
157,5,1159.24,279.40,202.99,187.29,1,-1,-1,-1
158,3,1003.60,163.08,129.23,114.74,1,-1,-1,-1
158,5,1157.47,274.80,198.69,183.34,1,-1,-1,-1
159,3,1007.85,160.62,129.61,114.85,1,-1,-1,-1
159,5,1151.83,269.13,197.99,182.92,1,-1,-1,-1
160,3,1011.98,157.96,128.97,114.01,1,-1,-1,-1
160,5,1149.38,264.80,194.93,180.31,1,-1,-1,-1
161,3,1016.65,155.71,129.04,113.90,1,-1,-1,-1
161,5,1145.43,259.40,191.18,177.51,1,-1,-1,-1
162,3,1022.42,153.87,128.32,112.91,1,-1,-1,-1
162,5,1142.73,255.03,187.51,174.95,1,-1,-1,-1
163,3,1029.17,152.27,127.49,111.76,1,-1,-1,-1
163,5,1139.73,250.54,185.01,173.28,1,-1,-1,-1
164,3,1035.00,149.97,127.52,111.33,1,-1,-1,-1
164,5,1136.84,245.30,182.87,171.82,1,-1,-1,-1
165,3,1041.14,148.17,127.55,111.02,1,-1,-1,-1
165,5,1133.84,239.42,181.96,171.66,1,-1,-1,-1
166,3,1048.13,146.51,126.99,110.09,1,-1,-1,-1
166,5,1131.32,234.24,179.47,169.76,1,-1,-1,-1
167,3,1054.35,144.04,126.81,109.52,1,-1,-1,-1
167,5,1129.14,229.97,175.80,166.88,1,-1,-1,-1
168,3,1061.77,141.96,126.81,109.09,1,-1,-1,-1
168,5,1128.92,225.96,172.02,163.50,1,-1,-1,-1
169,3,1069.26,139.79,127.32,109.15,1,-1,-1,-1
169,5,1127.57,222.59,167.24,159.15,1,-1,-1,-1
170,3,1075.80,137.60,127.67,108.93,1,-1,-1,-1
170,5,1127.24,218.16,165.49,157.48,1,-1,-1,-1
171,3,1084.00,135.55,126.87,107.94,1,-1,-1,-1
171,5,1124.92,213.01,166.27,158.01,1,-1,-1,-1
172,3,1091.86,133.34,127.47,108.30,1,-1,-1,-1
172,5,1122.24,208.06,165.64,157.61,1,-1,-1,-1
173,3,1098.82,131.06,127.85,108.51,1,-1,-1,-1
173,5,1121.08,205.29,162.43,154.17,1,-1,-1,-1
174,3,1104.60,128.96,129.12,109.45,1,-1,-1,-1
174,5,1120.39,200.95,162.56,153.57,1,-1,-1,-1
175,3,1112.47,127.32,127.46,107.82,1,-1,-1,-1
175,5,1119.49,198.17,159.89,150.63,1,-1,-1,-1
176,3,1119.59,125.53,123.94,104.56,1,-1,-1,-1
176,5,1118.90,196.31,155.79,146.30,1,-1,-1,-1
177,3,1125.40,122.72,125.05,105.50,1,-1,-1,-1
177,5,1117.15,193.73,154.11,144.34,1,-1,-1,-1
178,3,1132.95,121.89,124.12,104.18,1,-1,-1,-1
178,5,1118.61,190.88,152.86,142.37,1,-1,-1,-1
179,3,1140.63,119.50,122.48,102.17,1,-1,-1,-1
179,5,1116.18,186.81,151.15,140.51,1,-1,-1,-1
180,3,1146.97,115.60,124.24,103.12,1,-1,-1,-1
180,5,1114.80,184.74,149.63,138.85,1,-1,-1,-1
181,3,1155.53,113.55,123.23,101.50,1,-1,-1,-1
181,5,1114.54,180.31,150.70,139.59,1,-1,-1,-1
182,3,1162.54,111.28,122.39,100.81,1,-1,-1,-1
182,5,1113.43,176.64,151.15,140.18,1,-1,-1,-1
183,5,1112.71,173.58,149.47,138.68,1,-1,-1,-1
184,5,1112.92,169.72,150.18,139.13,1,-1,-1,-1
185,5,1112.70,165.82,150.92,139.84,1,-1,-1,-1
186,5,1113.64,162.55,149.17,138.00,1,-1,-1,-1
187,5,1115.70,159.93,147.50,135.99,1,-1,-1,-1
187,8,1576.89,703.60,341.51,372.46,1,-1,-1,-1
188,5,1116.80,156.50,147.46,135.74,1,-1,-1,-1
188,8,1572.63,698.55,343.83,375.00,1,-1,-1,-1
189,5,1120.87,152.74,145.65,133.66,1,-1,-1,-1
189,8,1567.82,689.00,345.38,376.43,1,-1,-1,-1
190,5,1124.90,148.76,145.75,133.41,1,-1,-1,-1
190,8,1565.40,679.44,344.97,375.42,1,-1,-1,-1
191,5,1128.64,145.04,147.17,134.67,1,-1,-1,-1
191,8,1563.09,668.35,342.69,371.62,1,-1,-1,-1
192,5,1133.53,143.11,147.07,134.44,1,-1,-1,-1
192,8,1563.30,659.50,335.84,361.61,1,-1,-1,-1
193,5,1137.56,140.21,148.91,136.29,1,-1,-1,-1
193,8,1561.15,648.77,330.33,351.76,1,-1,-1,-1
194,5,1143.67,137.63,149.15,136.81,1,-1,-1,-1
194,8,1556.36,641.06,326.08,341.82,1,-1,-1,-1
195,5,1150.06,135.06,148.56,136.38,1,-1,-1,-1
195,8,1548.86,635.35,321.84,331.51,1,-1,-1,-1
196,5,1156.63,132.09,148.38,136.26,1,-1,-1,-1
196,8,1538.94,628.95,318.95,322.34,1,-1,-1,-1
197,5,1163.67,130.24,147.64,135.66,1,-1,-1,-1
197,8,1527.08,621.41,318.75,316.17,1,-1,-1,-1
198,5,1173.60,128.36,146.32,134.21,1,-1,-1,-1
198,8,1512.39,612.79,318.56,310.42,1,-1,-1,-1
199,5,1181.36,124.96,145.91,133.75,1,-1,-1,-1
199,8,1499.77,603.31,317.93,304.52,1,-1,-1,-1
200,5,1189.81,122.62,146.28,134.22,1,-1,-1,-1
200,8,1487.16,595.81,318.19,299.86,1,-1,-1,-1
201,5,1194.93,119.74,145.87,133.84,1,-1,-1,-1
201,8,1474.45,588.76,318.95,296.53,1,-1,-1,-1
202,8,1460.01,581.17,320.17,294.66,1,-1,-1,-1
203,8,1445.79,572.66,320.51,292.59,1,-1,-1,-1
204,8,1434.10,562.96,320.43,290.02,1,-1,-1,-1
205,8,1424.98,555.03,316.45,283.63,1,-1,-1,-1
206,8,1413.09,550.16,312.11,277.21,1,-1,-1,-1
207,8,1403.08,543.12,309.35,272.72,1,-1,-1,-1
207,11,1259.75,106.31,144.11,127.88,1,-1,-1,-1
208,8,1396.28,537.14,303.70,265.33,1,-1,-1,-1
208,11,1269.66,102.61,144.62,128.43,1,-1,-1,-1
209,8,1386.68,530.20,298.66,258.60,1,-1,-1,-1
209,11,1280.87,99.72,144.18,128.09,1,-1,-1,-1
210,8,1375.75,520.22,299.18,257.65,1,-1,-1,-1
210,11,1289.52,97.60,143.56,127.54,1,-1,-1,-1
211,8,1369.14,513.81,294.44,251.59,1,-1,-1,-1
212,8,1363.54,509.01,288.73,244.89,1,-1,-1,-1
213,8,1356.26,504.39,282.82,238.07,1,-1,-1,-1
214,8,1348.16,498.94,279.04,232.88,1,-1,-1,-1
215,8,1339.63,492.64,276.82,229.29,1,-1,-1,-1
216,8,1328.47,484.35,277.52,228.79,1,-1,-1,-1
217,8,1318.42,477.16,277.53,227.94,1,-1,-1,-1
218,8,1308.63,471.27,275.73,225.46,1,-1,-1,-1
219,8,1297.97,465.65,275.55,224.39,1,-1,-1,-1
220,8,1291.21,459.52,270.73,219.73,1,-1,-1,-1
221,8,1282.72,451.90,270.44,219.57,1,-1,-1,-1
222,8,1273.59,445.62,269.39,218.70,1,-1,-1,-1
223,8,1268.42,437.59,264.98,215.61,1,-1,-1,-1
223,16,672.18,65.38,237.55,192.61,1,-1,-1,-1
224,8,1263.81,431.30,261.72,213.41,1,-1,-1,-1
224,16,662.86,64.15,241.23,196.16,1,-1,-1,-1
225,8,1259.52,424.77,256.65,209.76,1,-1,-1,-1
225,16,649.45,54.90,253.36,207.18,1,-1,-1,-1
226,8,1253.30,416.89,255.76,209.67,1,-1,-1,-1
226,16,645.77,61.21,247.38,203.26,1,-1,-1,-1
227,8,1248.49,410.19,252.02,207.24,1,-1,-1,-1
227,16,635.06,57.29,252.99,209.49,1,-1,-1,-1
228,8,1242.62,401.98,249.49,205.93,1,-1,-1,-1
228,16,629.76,61.99,249.22,207.83,1,-1,-1,-1
229,8,1238.79,395.79,244.55,202.31,1,-1,-1,-1
229,16,628.29,73.12,239.10,200.66,1,-1,-1,-1
230,8,1233.36,389.29,241.14,200.67,1,-1,-1,-1
230,16,621.19,74.19,240.75,202.05,1,-1,-1,-1
231,8,1229.82,382.95,236.98,198.59,1,-1,-1,-1
232,8,1225.60,376.62,233.52,196.91,1,-1,-1,-1
233,8,1222.10,370.84,229.53,194.82,1,-1,-1,-1
234,8,1220.02,365.77,224.31,191.39,1,-1,-1,-1
235,8,1217.96,359.73,218.86,187.11,1,-1,-1,-1
235,17,606.88,86.73,216.78,211.52,1,-1,-1,-1
236,8,1214.07,352.12,216.65,185.90,1,-1,-1,-1
236,17,604.09,88.56,217.09,211.82,1,-1,-1,-1
237,8,1210.05,345.27,213.07,183.43,1,-1,-1,-1
238,8,1206.10,338.74,211.24,182.81,1,-1,-1,-1
239,8,1205.54,332.68,208.27,180.85,1,-1,-1,-1
240,8,1204.29,327.17,203.13,176.71,1,-1,-1,-1
241,8,1201.42,320.46,200.73,175.00,1,-1,-1,-1
242,8,1198.97,314.06,199.60,174.49,1,-1,-1,-1
243,8,1197.82,307.99,196.29,172.11,1,-1,-1,-1
244,8,1194.35,301.72,193.52,170.22,1,-1,-1,-1
245,8,1190.36,296.59,192.03,169.56,1,-1,-1,-1
246,8,1187.74,291.15,189.30,168.03,1,-1,-1,-1
247,8,1186.04,286.16,187.02,166.24,1,-1,-1,-1
247,20,562.61,112.46,213.38,232.51,1,-1,-1,-1
248,8,1182.21,280.81,185.95,166.06,1,-1,-1,-1
248,20,559.33,117.30,213.64,232.94,1,-1,-1,-1
249,8,1180.52,276.89,182.29,163.17,1,-1,-1,-1
249,20,558.45,123.76,211.72,230.93,1,-1,-1,-1
250,8,1178.92,271.61,179.42,160.64,1,-1,-1,-1
250,20,553.32,124.40,216.58,236.62,1,-1,-1,-1
251,8,1173.75,266.40,177.50,159.60,1,-1,-1,-1
251,20,551.27,125.87,218.47,239.09,1,-1,-1,-1
252,8,1169.22,261.79,175.67,158.57,1,-1,-1,-1
252,20,549.69,129.45,218.32,239.31,1,-1,-1,-1
252,21,958.42,772.85,571.00,310.91,1,-1,-1,-1
253,8,1167.44,257.04,174.32,158.15,1,-1,-1,-1
253,20,548.16,132.55,218.17,239.59,1,-1,-1,-1
253,21,956.40,762.74,585.03,320.50,1,-1,-1,-1
254,8,1164.57,252.86,172.23,156.93,1,-1,-1,-1
254,20,545.63,134.92,219.63,241.20,1,-1,-1,-1
254,21,954.68,751.64,598.68,331.07,1,-1,-1,-1
255,8,1163.03,248.25,169.02,154.40,1,-1,-1,-1
255,21,956.19,739.94,608.09,340.71,1,-1,-1,-1
256,8,1160.59,243.95,166.90,152.76,1,-1,-1,-1
256,21,958.56,730.44,608.48,346.15,1,-1,-1,-1
257,8,1158.26,239.20,164.38,150.63,1,-1,-1,-1
257,21,965.49,719.69,600.18,347.41,1,-1,-1,-1
258,8,1155.28,234.76,162.40,149.03,1,-1,-1,-1
258,21,976.16,708.25,584.17,344.59,1,-1,-1,-1
259,8,1152.31,230.19,161.65,148.62,1,-1,-1,-1
259,21,986.52,698.49,561.79,337.37,1,-1,-1,-1
259,23,529.26,143.07,230.11,252.45,1,-1,-1,-1
260,8,1150.30,225.71,160.07,147.46,1,-1,-1,-1
260,21,999.76,689.35,533.83,326.08,1,-1,-1,-1
260,23,524.24,145.43,235.55,258.63,1,-1,-1,-1
261,8,1148.18,222.03,157.88,145.91,1,-1,-1,-1
261,21,1006.90,677.94,511.38,317.35,1,-1,-1,-1
261,23,521.21,148.62,238.07,261.45,1,-1,-1,-1
262,8,1146.12,218.34,155.41,144.03,1,-1,-1,-1
262,21,1014.91,670.78,488.03,307.16,1,-1,-1,-1
262,23,517.97,150.71,241.05,264.73,1,-1,-1,-1
263,8,1143.70,214.69,152.87,142.00,1,-1,-1,-1
263,21,1020.86,663.23,468.42,298.82,1,-1,-1,-1
264,8,1140.80,210.11,153.42,142.99,1,-1,-1,-1
264,21,1023.89,654.07,452.48,292.38,1,-1,-1,-1
265,8,1138.23,206.50,153.24,143.10,1,-1,-1,-1
265,21,1027.59,645.39,436.12,284.93,1,-1,-1,-1
266,8,1136.89,203.05,151.26,141.69,1,-1,-1,-1
266,21,1026.76,636.56,425.80,281.31,1,-1,-1,-1
267,8,1135.97,200.39,148.34,139.05,1,-1,-1,-1
267,21,1028.49,629.58,412.66,275.23,1,-1,-1,-1
268,8,1134.10,197.15,146.51,137.27,1,-1,-1,-1
268,21,1026.79,620.70,407.26,274.47,1,-1,-1,-1
269,8,1131.71,193.72,146.11,136.97,1,-1,-1,-1
269,21,1024.10,613.25,400.94,272.74,1,-1,-1,-1
270,8,1130.04,190.36,144.26,135.00,1,-1,-1,-1
270,21,1022.06,603.95,393.36,269.97,1,-1,-1,-1
271,8,1128.24,187.09,143.96,134.42,1,-1,-1,-1
271,21,1020.43,596.46,385.13,266.73,1,-1,-1,-1
272,8,1125.84,184.49,143.21,133.81,1,-1,-1,-1
272,21,1021.18,590.27,371.63,259.10,1,-1,-1,-1
273,8,1123.06,181.74,143.14,133.90,1,-1,-1,-1
273,21,1021.06,583.15,361.44,253.23,1,-1,-1,-1
273,27,458.94,178.79,281.85,306.71,1,-1,-1,-1
274,8,1121.76,179.64,142.04,132.85,1,-1,-1,-1
274,21,1021.68,574.74,351.32,247.34,1,-1,-1,-1
274,27,454.74,182.95,284.32,309.37,1,-1,-1,-1
275,8,1122.20,176.67,142.00,132.43,1,-1,-1,-1
275,21,1019.13,567.13,345.97,244.73,1,-1,-1,-1
275,27,450.74,184.11,287.92,313.27,1,-1,-1,-1
276,8,1122.53,173.42,141.63,131.78,1,-1,-1,-1
276,21,1016.42,560.24,338.90,240.50,1,-1,-1,-1
276,27,436.18,184.62,302.66,329.93,1,-1,-1,-1
277,8,1123.22,169.34,141.36,131.20,1,-1,-1,-1
277,21,1016.35,556.18,328.03,233.40,1,-1,-1,-1
277,27,430.53,187.85,307.64,336.00,1,-1,-1,-1
278,8,1124.14,166.58,141.17,130.69,1,-1,-1,-1
278,21,1016.74,549.95,318.98,227.46,1,-1,-1,-1
278,27,426.81,191.51,307.47,336.58,1,-1,-1,-1
279,8,1124.30,162.83,141.52,131.14,1,-1,-1,-1
279,21,1015.02,542.06,313.80,224.36,1,-1,-1,-1
279,27,419.96,196.22,308.72,338.64,1,-1,-1,-1
280,8,1125.46,159.91,140.42,130.33,1,-1,-1,-1
280,21,1012.67,532.80,311.00,223.14,1,-1,-1,-1
280,27,418.10,200.67,304.92,334.74,1,-1,-1,-1
281,8,1128.01,157.63,138.86,129.18,1,-1,-1,-1
281,21,1009.44,523.20,308.25,222.36,1,-1,-1,-1
281,27,417.38,205.14,300.46,329.71,1,-1,-1,-1
282,8,1131.09,155.71,137.21,127.80,1,-1,-1,-1
282,21,1007.79,516.76,303.13,219.69,1,-1,-1,-1
282,27,410.42,206.51,305.27,335.55,1,-1,-1,-1
283,8,1134.95,153.84,136.10,126.71,1,-1,-1,-1
283,21,1008.03,512.12,294.74,214.52,1,-1,-1,-1
283,27,399.44,208.40,315.30,346.95,1,-1,-1,-1
284,8,1138.47,150.50,136.07,126.80,1,-1,-1,-1
284,21,1008.21,507.55,287.57,210.24,1,-1,-1,-1
284,27,391.10,212.24,320.65,353.13,1,-1,-1,-1
285,8,1142.91,147.81,135.96,126.74,1,-1,-1,-1
285,21,1006.09,500.45,284.28,208.60,1,-1,-1,-1
285,27,379.54,212.60,330.01,364.40,1,-1,-1,-1
286,8,1148.61,145.93,135.40,126.31,1,-1,-1,-1
286,21,1004.64,493.44,281.39,207.42,1,-1,-1,-1
286,27,370.66,213.19,337.29,373.59,1,-1,-1,-1
287,8,1153.48,144.38,134.89,125.91,1,-1,-1,-1
287,21,1004.11,486.32,278.00,206.25,1,-1,-1,-1
287,27,368.87,216.61,334.11,370.20,1,-1,-1,-1
288,8,1159.34,142.89,133.79,124.69,1,-1,-1,-1
288,21,1003.23,478.94,274.59,205.06,1,-1,-1,-1
288,27,363.92,218.90,336.41,373.39,1,-1,-1,-1
289,8,1165.53,140.92,133.23,123.93,1,-1,-1,-1
289,21,1003.50,474.60,268.85,201.66,1,-1,-1,-1
289,27,354.60,219.25,346.58,386.15,1,-1,-1,-1
290,8,1172.26,138.48,132.81,123.06,1,-1,-1,-1
290,21,1002.68,467.93,266.40,200.89,1,-1,-1,-1
290,27,353.32,226.32,343.01,382.73,1,-1,-1,-1
291,8,1180.48,135.62,132.06,122.06,1,-1,-1,-1
291,21,1003.69,463.73,260.83,197.41,1,-1,-1,-1
291,27,353.40,235.15,340.79,381.26,1,-1,-1,-1
292,8,1190.19,133.18,131.98,121.84,1,-1,-1,-1
292,21,1003.97,457.89,256.66,195.04,1,-1,-1,-1
292,27,348.45,238.57,344.26,385.93,1,-1,-1,-1
293,8,1199.50,129.22,133.33,123.05,1,-1,-1,-1
293,21,1004.46,449.48,254.61,194.71,1,-1,-1,-1
293,27,348.26,243.67,341.93,383.58,1,-1,-1,-1
294,8,1204.70,126.55,132.82,122.58,1,-1,-1,-1
294,21,1004.77,440.51,251.68,193.53,1,-1,-1,-1
294,27,343.05,247.63,347.04,389.74,1,-1,-1,-1
295,21,1005.63,433.93,248.53,192.17,1,-1,-1,-1
295,27,336.71,250.43,352.43,396.36,1,-1,-1,-1
296,21,1009.93,430.21,242.73,188.37,1,-1,-1,-1
296,27,337.50,254.83,351.06,395.66,1,-1,-1,-1
297,21,1014.02,425.51,237.50,184.87,1,-1,-1,-1
297,27,336.40,260.58,349.23,394.00,1,-1,-1,-1
297,29,1031.10,88.96,116.59,107.14,1,-1,-1,-1
297,30,1236.65,119.51,133.55,124.14,1,-1,-1,-1
298,21,1018.78,419.93,234.33,183.14,1,-1,-1,-1
298,27,333.84,266.38,347.13,390.83,1,-1,-1,-1
298,29,1015.57,93.12,115.01,105.17,1,-1,-1,-1
298,30,1242.42,115.79,134.83,125.43,1,-1,-1,-1
299,21,1023.35,414.81,231.71,181.76,1,-1,-1,-1
299,27,329.58,272.10,346.76,388.82,1,-1,-1,-1
299,29,998.20,95.83,116.49,105.92,1,-1,-1,-1
299,30,1253.47,111.11,134.46,125.13,1,-1,-1,-1
300,21,1028.83,407.86,228.34,179.44,1,-1,-1,-1
300,27,326.34,275.18,349.91,392.00,1,-1,-1,-1
300,29,981.90,97.08,118.52,107.04,1,-1,-1,-1
300,30,1264.23,110.34,133.28,123.96,1,-1,-1,-1
301,21,1034.04,399.63,227.66,179.42,1,-1,-1,-1
301,27,318.37,282.11,355.77,398.81,1,-1,-1,-1
301,29,965.67,97.94,119.49,107.18,1,-1,-1,-1
301,30,1275.83,107.91,132.11,122.81,1,-1,-1,-1
302,21,1040.77,394.41,224.55,177.37,1,-1,-1,-1
302,27,318.26,291.26,352.05,393.96,1,-1,-1,-1
302,29,949.65,98.96,121.68,108.52,1,-1,-1,-1
302,30,1284.09,105.57,131.77,122.49,1,-1,-1,-1
303,21,1048.01,387.72,222.54,176.06,1,-1,-1,-1
303,27,315.17,295.44,355.32,397.29,1,-1,-1,-1
303,29,933.05,101.34,122.89,108.90,1,-1,-1,-1
304,21,1056.18,383.48,218.52,172.81,1,-1,-1,-1
304,27,309.03,297.94,360.19,402.40,1,-1,-1,-1
304,29,916.09,104.23,123.88,109.13,1,-1,-1,-1
305,21,1064.81,379.07,215.24,170.00,1,-1,-1,-1
305,27,301.03,299.92,365.95,407.72,1,-1,-1,-1
305,29,900.64,106.37,125.28,109.83,1,-1,-1,-1
306,21,1073.18,373.41,213.24,168.02,1,-1,-1,-1
306,27,290.16,301.02,376.37,418.19,1,-1,-1,-1
306,29,884.76,108.15,126.14,109.98,1,-1,-1,-1
306,31,1059.86,66.20,119.76,113.84,1,-1,-1,-1
307,21,1080.42,367.26,212.78,167.48,1,-1,-1,-1
307,27,280.73,303.45,386.32,428.96,1,-1,-1,-1
307,29,869.67,110.79,126.54,109.80,1,-1,-1,-1
307,31,1058.31,67.41,119.47,113.52,1,-1,-1,-1
308,21,1089.18,360.79,210.75,165.67,1,-1,-1,-1
308,27,271.71,306.87,394.10,437.09,1,-1,-1,-1
308,29,854.84,112.60,128.32,111.01,1,-1,-1,-1
308,31,1055.06,68.19,120.12,114.09,1,-1,-1,-1
308,32,1339.46,103.48,130.29,113.87,1,-1,-1,-1
309,21,1099.07,355.50,207.59,163.06,1,-1,-1,-1
309,27,265.25,311.25,397.01,439.21,1,-1,-1,-1
309,29,839.45,114.41,130.88,112.94,1,-1,-1,-1
309,31,1051.07,68.70,121.09,114.95,1,-1,-1,-1
309,32,1343.55,102.93,128.85,112.61,1,-1,-1,-1
