3,1,315.34,491.38,803.66,578.06,1,-1,-1,-1
3,2,1427.02,317.69,309.64,207.24,1,-1,-1,-1
4,1,315.13,491.15,803.82,578.34,1,-1,-1,-1
4,2,1426.81,317.78,309.50,207.07,1,-1,-1,-1
5,1,315.26,491.24,803.40,578.22,1,-1,-1,-1
5,2,1426.91,317.91,309.36,206.89,1,-1,-1,-1
6,1,315.30,490.94,803.38,578.41,1,-1,-1,-1
6,2,1426.76,317.83,309.65,206.99,1,-1,-1,-1
7,1,315.61,491.10,802.89,578.26,1,-1,-1,-1
7,2,1426.76,317.93,309.77,206.96,1,-1,-1,-1
8,1,315.80,490.78,802.85,578.48,1,-1,-1,-1
8,2,1426.77,317.99,309.92,206.98,1,-1,-1,-1
9,1,316.16,490.61,802.64,578.62,1,-1,-1,-1
9,2,1426.59,317.76,310.49,207.29,1,-1,-1,-1
10,1,316.59,490.71,802.17,578.58,1,-1,-1,-1
10,2,1426.60,317.81,310.72,207.38,1,-1,-1,-1
11,1,316.86,490.72,801.82,578.62,1,-1,-1,-1
11,2,1426.49,317.74,310.97,207.49,1,-1,-1,-1
12,1,317.62,491.01,801.15,578.39,1,-1,-1,-1
12,2,1426.43,317.62,311.07,207.52,1,-1,-1,-1
13,1,317.14,491.03,800.69,578.29,1,-1,-1,-1
13,2,1426.57,317.70,310.72,207.23,1,-1,-1,-1
14,1,316.47,491.09,800.42,578.33,1,-1,-1,-1
14,2,1426.61,317.83,310.46,206.99,1,-1,-1,-1
15,1,316.87,491.15,799.99,578.21,1,-1,-1,-1
15,2,1426.71,317.86,310.49,206.99,1,-1,-1,-1
16,1,317.18,491.41,799.49,577.96,1,-1,-1,-1
16,2,1426.66,317.79,310.59,207.00,1,-1,-1,-1
17,1,317.47,491.49,799.14,577.87,1,-1,-1,-1
17,2,1426.70,317.82,310.67,207.00,1,-1,-1,-1
18,1,317.41,491.43,799.09,577.90,1,-1,-1,-1
18,2,1426.77,317.91,310.62,206.91,1,-1,-1,-1
19,1,317.79,491.77,798.60,577.59,1,-1,-1,-1
19,2,1426.73,318.02,310.48,206.76,1,-1,-1,-1
20,1,317.45,491.71,798.61,577.64,1,-1,-1,-1
20,2,1426.62,317.90,310.79,206.93,1,-1,-1,-1
21,1,317.59,492.34,797.49,576.80,1,-1,-1,-1
21,2,1426.11,317.79,310.94,206.88,1,-1,-1,-1
22,1,317.32,492.15,797.39,576.85,1,-1,-1,-1
22,2,1424.80,317.58,311.33,207.04,1,-1,-1,-1
23,1,316.96,492.03,797.40,576.89,1,-1,-1,-1
23,2,1424.40,317.54,311.49,207.07,1,-1,-1,-1
24,1,316.51,492.09,797.34,576.88,1,-1,-1,-1
24,2,1424.14,317.79,311.61,207.19,1,-1,-1,-1
25,1,317.36,491.68,797.51,577.32,1,-1,-1,-1
25,2,1424.43,318.34,311.07,206.95,1,-1,-1,-1
26,1,317.82,491.90,796.61,576.99,1,-1,-1,-1
26,2,1424.92,319.17,310.78,206.89,1,-1,-1,-1
27,1,318.79,491.79,796.26,577.17,1,-1,-1,-1
27,2,1424.84,319.32,310.74,206.87,1,-1,-1,-1
28,1,319.60,491.66,795.91,577.48,1,-1,-1,-1
28,3,1588.17,399.09,278.67,383.31,1,-1,-1,-1
29,1,319.09,491.20,796.24,578.12,1,-1,-1,-1
29,3,1566.09,386.05,277.12,372.67,1,-1,-1,-1
30,1,318.59,490.91,796.72,578.77,1,-1,-1,-1
30,3,1545.13,373.41,280.64,365.66,1,-1,-1,-1
31,1,318.95,491.02,796.53,578.83,1,-1,-1,-1
31,3,1512.61,350.66,289.17,363.19,1,-1,-1,-1
32,1,319.26,491.19,796.26,578.85,1,-1,-1,-1
32,3,1472.99,337.46,293.96,356.04,1,-1,-1,-1
33,1,319.30,491.42,795.59,578.59,1,-1,-1,-1
33,3,1433.17,331.39,294.94,343.86,1,-1,-1,-1
34,1,319.78,491.45,795.28,578.50,1,-1,-1,-1
34,3,1396.02,328.68,294.66,330.75,1,-1,-1,-1
35,1,320.63,491.52,794.86,578.43,1,-1,-1,-1
35,3,1364.53,329.97,291.32,314.44,1,-1,-1,-1
36,1,321.17,491.95,794.03,578.02,1,-1,-1,-1
36,3,1340.13,328.14,291.97,302.21,1,-1,-1,-1
37,1,320.21,492.30,793.51,577.53,1,-1,-1,-1
37,3,1319.66,325.76,297.57,293.55,1,-1,-1,-1
38,1,319.93,492.92,792.79,576.91,1,-1,-1,-1
38,3,1298.64,321.52,303.62,285.06,1,-1,-1,-1
39,1,319.95,493.39,792.32,576.47,1,-1,-1,-1
39,3,1243.36,318.04,302.24,275.85,1,-1,-1,-1
40,1,319.74,493.55,791.98,576.16,1,-1,-1,-1
40,3,1207.41,316.04,298.93,266.45,1,-1,-1,-1
41,1,320.80,492.05,793.27,577.52,1,-1,-1,-1
41,3,1177.26,312.91,298.81,260.91,1,-1,-1,-1
42,1,321.26,491.32,793.61,578.13,1,-1,-1,-1
42,3,1154.42,311.02,295.57,253.14,1,-1,-1,-1
43,1,322.62,491.17,793.16,578.27,1,-1,-1,-1
43,3,1131.39,307.64,294.50,248.25,1,-1,-1,-1
44,1,323.59,490.86,792.83,578.57,1,-1,-1,-1
44,3,1112.50,303.69,293.10,243.77,1,-1,-1,-1
45,1,323.62,490.17,793.20,579.32,1,-1,-1,-1
45,3,1095.81,299.34,289.56,238.16,1,-1,-1,-1
46,1,323.65,489.95,793.01,579.60,1,-1,-1,-1
46,3,1078.46,295.06,287.74,234.68,1,-1,-1,-1
47,1,324.03,490.05,792.37,579.51,1,-1,-1,-1
47,3,1064.51,291.89,283.68,229.78,1,-1,-1,-1
48,1,324.22,489.99,791.98,579.57,1,-1,-1,-1
48,3,1051.92,288.17,279.94,225.65,1,-1,-1,-1
49,1,326.24,490.97,790.32,578.71,1,-1,-1,-1
49,3,1041.82,283.82,275.80,221.60,1,-1,-1,-1
50,1,327.34,491.27,789.52,578.45,1,-1,-1,-1
50,3,1035.25,279.43,271.25,217.72,1,-1,-1,-1
51,1,328.90,493.11,786.83,576.59,1,-1,-1,-1
51,3,1031.98,275.84,265.39,213.00,1,-1,-1,-1
52,1,329.69,493.80,785.70,575.79,1,-1,-1,-1
52,3,1031.36,272.25,257.00,206.49,1,-1,-1,-1
53,1,329.74,493.51,785.75,575.94,1,-1,-1,-1
53,3,1030.05,266.21,253.09,204.27,1,-1,-1,-1
53,5,1428.81,316.78,308.58,207.00,1,-1,-1,-1
54,1,329.99,493.35,785.76,576.04,1,-1,-1,-1
54,3,1029.33,261.40,248.12,201.41,1,-1,-1,-1
54,5,1428.25,316.39,309.66,207.68,1,-1,-1,-1
55,1,330.32,492.92,786.04,576.37,1,-1,-1,-1
55,3,1031.77,258.47,241.78,197.37,1,-1,-1,-1
55,5,1428.90,316.75,309.36,207.47,1,-1,-1,-1
56,1,329.92,492.59,786.36,576.71,1,-1,-1,-1
56,3,1034.99,255.36,236.45,194.00,1,-1,-1,-1
56,5,1429.09,316.89,309.25,207.37,1,-1,-1,-1
57,1,329.99,491.94,786.90,577.33,1,-1,-1,-1
57,3,1039.06,252.69,233.19,192.33,1,-1,-1,-1
57,5,1429.45,316.57,309.55,207.61,1,-1,-1,-1
58,1,329.91,491.64,787.24,577.66,1,-1,-1,-1
58,3,1045.30,250.13,229.25,189.51,1,-1,-1,-1
58,5,1429.35,316.21,309.97,207.91,1,-1,-1,-1
59,1,330.09,491.71,787.06,577.68,1,-1,-1,-1
59,3,1052.89,246.95,226.47,187.47,1,-1,-1,-1
59,5,1429.66,316.00,309.68,207.76,1,-1,-1,-1
60,1,330.36,491.70,786.97,577.71,1,-1,-1,-1
60,3,1062.06,244.76,223.62,185.19,1,-1,-1,-1
60,5,1429.90,316.03,309.37,207.64,1,-1,-1,-1
61,1,328.59,492.42,786.42,576.96,1,-1,-1,-1
61,3,1073.35,241.97,221.33,183.24,1,-1,-1,-1
61,5,1430.18,316.37,308.93,207.37,1,-1,-1,-1
62,1,327.70,492.73,786.48,576.67,1,-1,-1,-1
62,3,1085.54,237.71,221.80,183.49,1,-1,-1,-1
62,5,1430.31,316.61,308.82,207.33,1,-1,-1,-1
63,1,327.04,492.72,786.92,576.66,1,-1,-1,-1
63,3,1100.73,235.42,219.39,180.93,1,-1,-1,-1
63,5,1430.65,317.45,307.80,206.54,1,-1,-1,-1
64,1,326.90,492.68,787.43,576.78,1,-1,-1,-1
64,3,1116.42,231.79,219.27,180.48,1,-1,-1,-1
64,5,1430.58,317.94,307.69,206.35,1,-1,-1,-1
65,1,326.52,492.84,787.73,576.65,1,-1,-1,-1
65,3,1132.22,228.98,216.64,177.61,1,-1,-1,-1
65,5,1430.61,318.46,307.34,205.95,1,-1,-1,-1
66,1,325.68,492.69,788.27,576.73,1,-1,-1,-1
66,3,1149.43,226.62,214.79,175.13,1,-1,-1,-1
66,5,1430.62,318.76,307.03,205.57,1,-1,-1,-1
67,1,324.93,492.52,788.82,576.84,1,-1,-1,-1
67,3,1170.13,225.36,210.50,170.40,1,-1,-1,-1
67,5,1430.51,318.85,307.08,205.47,1,-1,-1,-1
68,1,324.57,492.39,789.35,576.94,1,-1,-1,-1
68,3,1188.30,223.53,210.39,168.71,1,-1,-1,-1
68,5,1430.67,319.13,306.73,205.07,1,-1,-1,-1
69,1,324.74,492.39,789.77,576.97,1,-1,-1,-1
69,3,1205.98,222.03,209.82,166.73,1,-1,-1,-1
69,5,1431.08,319.33,306.59,204.85,1,-1,-1,-1
70,1,324.43,492.30,790.26,577.02,1,-1,-1,-1
70,3,1224.63,220.82,209.39,165.24,1,-1,-1,-1
70,5,1431.62,319.52,306.42,204.68,1,-1,-1,-1
71,1,324.82,492.09,790.59,577.07,1,-1,-1,-1
71,3,1244.66,219.67,207.67,162.94,1,-1,-1,-1
71,5,1431.66,319.86,305.78,204.12,1,-1,-1,-1
72,1,324.95,492.04,790.81,577.06,1,-1,-1,-1
72,3,1264.07,217.91,207.15,161.77,1,-1,-1,-1
72,5,1431.85,320.29,305.16,203.65,1,-1,-1,-1
73,1,325.52,491.55,791.46,577.54,1,-1,-1,-1
73,3,1281.62,217.86,205.83,160.37,1,-1,-1,-1
73,5,1432.29,320.66,304.09,202.91,1,-1,-1,-1
74,1,325.94,491.43,791.61,577.65,1,-1,-1,-1
74,3,1298.12,215.79,205.13,159.35,1,-1,-1,-1
74,5,1431.39,319.89,305.05,203.63,1,-1,-1,-1
75,1,326.21,491.51,791.48,577.54,1,-1,-1,-1
75,3,1314.79,214.93,205.07,158.90,1,-1,-1,-1
75,5,1430.81,319.59,305.52,204.03,1,-1,-1,-1
76,1,325.96,491.47,791.56,577.54,1,-1,-1,-1
76,3,1329.96,213.06,202.65,157.02,1,-1,-1,-1
76,5,1430.54,318.79,306.50,204.86,1,-1,-1,-1
77,1,325.73,491.35,791.77,577.65,1,-1,-1,-1
77,5,1430.41,319.88,305.54,204.12,1,-1,-1,-1
78,1,325.82,491.81,791.28,577.17,1,-1,-1,-1
78,5,1429.40,319.35,306.78,204.90,1,-1,-1,-1
79,1,325.54,491.52,791.78,577.43,1,-1,-1,-1
79,5,1429.59,319.66,306.56,204.62,1,-1,-1,-1
80,1,325.71,491.54,791.87,577.38,1,-1,-1,-1
80,5,1429.10,319.30,307.11,204.89,1,-1,-1,-1
81,1,325.60,491.52,792.14,577.43,1,-1,-1,-1
81,5,1429.00,319.83,306.81,204.47,1,-1,-1,-1
82,1,324.53,490.86,792.96,577.94,1,-1,-1,-1
82,5,1429.46,321.85,306.72,204.43,1,-1,-1,-1
83,1,324.09,491.13,792.89,577.71,1,-1,-1,-1
83,5,1430.90,321.72,305.00,203.03,1,-1,-1,-1
84,1,323.66,490.91,793.27,577.89,1,-1,-1,-1
84,5,1430.97,321.59,304.96,202.76,1,-1,-1,-1
85,1,322.78,490.69,794.03,578.17,1,-1,-1,-1
85,5,1430.72,321.76,305.06,202.47,1,-1,-1,-1
86,1,322.63,490.35,794.58,578.51,1,-1,-1,-1
86,5,1429.91,321.13,306.65,203.35,1,-1,-1,-1
87,1,322.33,490.29,794.77,578.54,1,-1,-1,-1
87,5,1429.26,320.87,307.90,204.04,1,-1,-1,-1
87,6,839.97,147.60,215.89,114.83,1,-1,-1,-1
88,1,321.61,490.09,795.29,578.79,1,-1,-1,-1
88,5,1427.85,319.47,310.07,205.51,1,-1,-1,-1
88,6,855.53,146.74,216.52,115.17,1,-1,-1,-1
89,1,321.40,489.96,795.52,578.93,1,-1,-1,-1
89,5,1427.30,318.65,311.16,206.29,1,-1,-1,-1
90,1,321.74,489.84,795.67,579.06,1,-1,-1,-1
90,5,1427.00,318.15,311.82,206.79,1,-1,-1,-1
91,1,322.38,490.00,794.95,578.68,1,-1,-1,-1
91,5,1427.19,318.09,311.61,206.69,1,-1,-1,-1
91,7,988.19,149.79,231.26,110.40,1,-1,-1,-1
92,1,322.56,489.99,794.75,578.66,1,-1,-1,-1
92,5,1427.13,317.98,311.73,206.80,1,-1,-1,-1
92,7,1030.47,148.70,231.36,110.21,1,-1,-1,-1
93,1,322.90,490.42,794.10,578.25,1,-1,-1,-1
93,5,1427.24,318.02,311.67,206.79,1,-1,-1,-1
93,7,1069.60,148.88,231.92,110.28,1,-1,-1,-1
94,1,322.97,490.67,793.80,578.03,1,-1,-1,-1
94,5,1427.36,318.16,311.36,206.60,1,-1,-1,-1
94,7,1113.01,148.42,231.61,109.83,1,-1,-1,-1
95,1,322.96,490.60,793.92,578.15,1,-1,-1,-1
95,5,1427.39,318.14,311.42,206.70,1,-1,-1,-1
95,7,1159.45,146.95,233.74,110.51,1,-1,-1,-1
96,1,322.70,490.49,794.01,578.23,1,-1,-1,-1
96,5,1427.44,318.42,311.28,206.59,1,-1,-1,-1
96,7,1195.91,146.48,234.01,110.64,1,-1,-1,-1
97,1,324.95,490.99,793.03,577.68,1,-1,-1,-1
97,5,1427.70,318.35,311.13,206.54,1,-1,-1,-1
98,1,325.71,491.16,792.52,577.47,1,-1,-1,-1
98,5,1427.68,318.25,311.10,206.59,1,-1,-1,-1
99,1,326.23,491.38,792.14,577.28,1,-1,-1,-1
99,5,1427.74,318.44,310.73,206.34,1,-1,-1,-1
100,1,326.40,491.21,792.31,577.50,1,-1,-1,-1
100,5,1427.51,318.40,310.81,206.38,1,-1,-1,-1
101,1,326.88,491.35,792.02,577.41,1,-1,-1,-1
101,5,1427.92,318.75,310.10,205.84,1,-1,-1,-1
102,1,326.57,491.34,792.13,577.54,1,-1,-1,-1
102,5,1426.95,318.16,310.85,206.37,1,-1,-1,-1
103,1,325.87,491.52,792.05,577.45,1,-1,-1,-1
103,5,1426.36,317.85,311.46,206.82,1,-1,-1,-1
104,1,325.60,491.44,792.11,577.47,1,-1,-1,-1
104,5,1426.47,317.90,311.41,206.85,1,-1,-1,-1
105,1,325.22,491.39,792.28,577.54,1,-1,-1,-1
105,5,1426.55,317.85,311.34,206.88,1,-1,-1,-1
106,1,324.81,491.50,792.38,577.46,1,-1,-1,-1
106,5,1426.74,318.05,310.89,206.57,1,-1,-1,-1
107,1,324.80,491.38,792.54,577.43,1,-1,-1,-1
107,5,1427.33,318.15,310.66,206.44,1,-1,-1,-1
108,1,324.46,491.17,792.90,577.52,1,-1,-1,-1
108,5,1427.64,318.36,310.43,206.30,1,-1,-1,-1
109,1,323.21,490.74,793.51,577.86,1,-1,-1,-1
109,5,1427.69,318.36,310.10,206.10,1,-1,-1,-1
110,1,323.15,490.57,793.54,577.99,1,-1,-1,-1
110,5,1428.24,318.26,310.10,206.07,1,-1,-1,-1
111,1,323.03,490.78,793.21,577.86,1,-1,-1,-1
111,5,1428.38,318.36,310.12,206.05,1,-1,-1,-1
112,1,323.12,490.82,792.93,577.83,1,-1,-1,-1
112,5,1428.43,318.47,309.97,205.99,1,-1,-1,-1
113,1,323.25,490.94,792.76,577.80,1,-1,-1,-1
113,5,1428.49,318.33,310.26,206.26,1,-1,-1,-1
114,1,323.61,491.14,792.55,577.66,1,-1,-1,-1
114,5,1428.68,318.39,310.22,206.32,1,-1,-1,-1
114,9,855.56,159.48,192.51,126.69,1,-1,-1,-1
115,1,324.22,491.19,792.42,577.63,1,-1,-1,-1
115,5,1429.55,318.39,309.95,206.16,1,-1,-1,-1
115,9,861.14,159.88,201.47,131.56,1,-1,-1,-1
116,1,324.81,490.94,792.52,577.82,1,-1,-1,-1
116,5,1429.63,318.57,310.01,206.33,1,-1,-1,-1
116,9,876.93,159.90,208.24,135.04,1,-1,-1,-1
116,10,1313.01,158.28,169.98,123.15,1,-1,-1,-1
117,1,324.69,490.69,792.69,578.04,1,-1,-1,-1
117,5,1429.52,318.62,309.85,206.33,1,-1,-1,-1
117,9,907.55,161.63,210.50,135.98,1,-1,-1,-1
117,10,1291.46,156.65,171.18,123.70,1,-1,-1,-1
118,1,324.84,491.04,792.27,577.79,1,-1,-1,-1
118,5,1429.24,318.61,309.87,206.42,1,-1,-1,-1
118,9,919.98,161.78,215.18,137.54,1,-1,-1,-1
118,10,1266.97,154.96,171.68,123.64,1,-1,-1,-1
119,1,325.20,491.28,791.74,577.52,1,-1,-1,-1
119,5,1429.31,318.51,309.89,206.48,1,-1,-1,-1
119,9,942.21,162.64,219.20,138.94,1,-1,-1,-1
119,10,1241.44,152.95,174.03,124.89,1,-1,-1,-1
120,1,325.62,491.63,791.07,577.12,1,-1,-1,-1
120,5,1429.62,318.67,309.62,206.33,1,-1,-1,-1
120,9,958.84,163.69,224.73,141.42,1,-1,-1,-1
120,10,1218.87,152.70,172.90,123.47,1,-1,-1,-1
121,1,325.86,491.09,791.36,577.54,1,-1,-1,-1
121,5,1429.62,318.55,310.00,206.56,1,-1,-1,-1
121,9,976.40,164.48,225.20,140.94,1,-1,-1,-1
121,10,1194.13,152.69,172.42,122.57,1,-1,-1,-1
122,1,325.63,491.03,791.41,577.60,1,-1,-1,-1
122,5,1429.64,318.78,309.80,206.36,1,-1,-1,-1
122,9,988.05,163.54,229.92,142.74,1,-1,-1,-1
122,10,1172.85,151.32,171.65,122.17,1,-1,-1,-1
123,1,324.93,490.86,791.69,577.83,1,-1,-1,-1
123,5,1428.90,318.44,310.17,206.57,1,-1,-1,-1
123,9,1003.80,164.13,232.77,144.51,1,-1,-1,-1
123,10,1152.57,150.22,171.23,121.88,1,-1,-1,-1
124,1,324.66,490.58,792.10,578.15,1,-1,-1,-1
124,5,1428.54,318.48,310.34,206.59,1,-1,-1,-1
125,1,324.40,490.43,792.37,578.40,1,-1,-1,-1
125,5,1428.36,318.56,310.32,206.46,1,-1,-1,-1
126,1,324.59,490.26,792.36,578.52,1,-1,-1,-1
126,5,1428.45,318.57,310.23,206.30,1,-1,-1,-1
126,11,1050.74,153.08,238.42,155.15,1,-1,-1,-1
127,1,324.82,490.23,792.26,578.48,1,-1,-1,-1
127,5,1428.48,318.54,310.33,206.31,1,-1,-1,-1
127,11,1055.54,156.61,234.65,152.10,1,-1,-1,-1
128,1,324.72,490.17,792.33,578.57,1,-1,-1,-1
128,5,1428.76,318.59,310.46,206.33,1,-1,-1,-1
128,11,1058.54,156.71,235.09,152.38,1,-1,-1,-1
129,1,325.22,490.28,791.99,578.38,1,-1,-1,-1
129,5,1429.52,319.03,310.19,206.08,1,-1,-1,-1
130,1,325.58,490.41,791.72,578.25,1,-1,-1,-1
130,5,1429.65,319.33,310.36,206.15,1,-1,-1,-1
131,1,325.78,490.81,791.35,577.93,1,-1,-1,-1
131,5,1429.51,319.45,310.46,206.24,1,-1,-1,-1
131,12,1151.30,165.57,205.46,147.86,1,-1,-1,-1
132,1,325.97,490.47,791.73,578.28,1,-1,-1,-1
132,5,1429.02,319.12,310.97,206.69,1,-1,-1,-1
132,12,1157.98,165.86,205.80,148.21,1,-1,-1,-1
133,1,327.69,490.89,790.87,577.98,1,-1,-1,-1
133,5,1428.85,318.97,310.99,206.80,1,-1,-1,-1
133,12,1166.82,166.63,206.47,149.04,1,-1,-1,-1
134,1,328.00,491.35,790.19,577.65,1,-1,-1,-1
134,5,1428.57,318.81,311.15,207.00,1,-1,-1,-1
134,12,1175.25,167.80,206.93,149.84,1,-1,-1,-1
135,1,328.18,491.25,790.09,577.78,1,-1,-1,-1
135,5,1428.69,318.69,311.12,207.07,1,-1,-1,-1
135,12,1182.03,167.88,207.88,151.29,1,-1,-1,-1
135,14,817.27,134.14,185.28,124.06,1,-1,-1,-1
136,1,328.08,491.16,789.98,577.85,1,-1,-1,-1
136,5,1428.61,318.19,311.54,207.50,1,-1,-1,-1
136,12,1187.32,168.22,208.00,152.25,1,-1,-1,-1
136,14,802.99,132.29,188.44,126.18,1,-1,-1,-1
137,1,328.18,491.05,789.77,577.89,1,-1,-1,-1
137,5,1428.65,317.93,311.66,207.71,1,-1,-1,-1
137,12,1191.49,169.51,206.82,152.52,1,-1,-1,-1
138,1,328.74,491.33,789.15,577.66,1,-1,-1,-1
138,5,1429.08,318.05,311.34,207.61,1,-1,-1,-1
138,12,1194.51,170.88,206.32,153.76,1,-1,-1,-1
139,1,329.19,491.57,788.80,577.53,1,-1,-1,-1
139,5,1429.44,318.17,310.69,207.28,1,-1,-1,-1
139,12,1195.09,171.68,206.55,155.94,1,-1,-1,-1
140,1,329.10,491.64,788.61,577.49,1,-1,-1,-1
140,5,1429.44,318.03,310.99,207.57,1,-1,-1,-1
140,12,1194.31,171.54,205.84,157.24,1,-1,-1,-1
141,1,328.73,491.56,788.77,577.66,1,-1,-1,-1
141,5,1429.46,318.14,310.61,207.38,1,-1,-1,-1
141,12,1192.21,171.55,204.90,158.44,1,-1,-1,-1
142,1,328.38,491.18,789.06,577.99,1,-1,-1,-1
142,5,1429.41,318.06,310.40,207.31,1,-1,-1,-1
142,12,1188.66,172.11,204.28,159.76,1,-1,-1,-1
143,1,328.35,491.07,789.06,578.05,1,-1,-1,-1
143,5,1429.32,317.89,310.27,207.30,1,-1,-1,-1
143,12,1185.14,173.76,203.66,160.55,1,-1,-1,-1
144,1,328.89,491.21,788.72,577.87,1,-1,-1,-1
144,5,1429.59,317.94,309.88,207.12,1,-1,-1,-1
144,12,1180.42,175.99,201.42,159.87,1,-1,-1,-1
145,1,327.81,492.00,788.17,577.12,1,-1,-1,-1
145,5,1429.75,318.00,309.30,206.81,1,-1,-1,-1
145,12,1175.61,178.55,198.65,158.67,1,-1,-1,-1
146,1,327.28,492.29,788.28,576.87,1,-1,-1,-1
146,5,1429.60,318.12,309.24,206.83,1,-1,-1,-1
146,12,1168.51,181.39,197.75,158.33,1,-1,-1,-1
147,1,327.01,492.15,788.68,577.00,1,-1,-1,-1
147,5,1429.71,318.18,309.19,206.84,1,-1,-1,-1
147,12,1157.50,180.64,201.34,161.62,1,-1,-1,-1
148,1,326.99,491.91,789.11,577.26,1,-1,-1,-1
148,5,1429.98,318.22,309.10,206.79,1,-1,-1,-1
148,12,1145.59,180.46,204.97,164.52,1,-1,-1,-1
149,1,326.91,491.87,789.23,577.30,1,-1,-1,-1
149,5,1429.96,318.19,309.13,206.75,1,-1,-1,-1
149,12,1134.16,180.09,209.01,167.75,1,-1,-1,-1
150,1,326.74,491.89,789.29,577.30,1,-1,-1,-1
150,5,1429.91,318.20,309.37,206.86,1,-1,-1,-1
150,12,1122.88,180.72,211.21,169.68,1,-1,-1,-1
151,1,326.64,491.38,789.88,577.76,1,-1,-1,-1
151,5,1429.75,318.18,309.68,207.05,1,-1,-1,-1
151,12,1112.11,182.71,211.40,169.60,1,-1,-1,-1
152,1,328.05,490.74,790.17,578.33,1,-1,-1,-1
152,5,1429.20,318.37,309.52,206.76,1,-1,-1,-1
152,12,1099.59,184.93,211.58,169.35,1,-1,-1,-1
153,1,329.69,491.29,789.02,577.78,1,-1,-1,-1
153,5,1428.85,318.32,309.80,206.82,1,-1,-1,-1
153,12,1086.39,184.38,214.77,171.74,1,-1,-1,-1
154,1,329.90,491.33,788.61,577.61,1,-1,-1,-1
154,5,1428.64,318.32,309.62,206.59,1,-1,-1,-1
154,12,1074.62,186.07,216.42,172.69,1,-1,-1,-1
155,1,330.01,491.71,787.86,577.15,1,-1,-1,-1
155,5,1428.79,318.57,309.35,206.32,1,-1,-1,-1
155,12,1062.15,188.14,218.17,173.54,1,-1,-1,-1
156,1,329.34,491.50,787.92,577.27,1,-1,-1,-1
156,5,1428.64,318.60,309.60,206.34,1,-1,-1,-1
156,12,1049.48,188.77,220.82,174.91,1,-1,-1,-1
157,1,326.50,490.92,788.83,577.57,1,-1,-1,-1
157,5,1428.38,318.75,309.96,206.42,1,-1,-1,-1
157,12,1036.14,191.07,223.74,176.25,1,-1,-1,-1
158,1,325.25,490.69,789.51,577.70,1,-1,-1,-1
158,5,1428.10,318.59,310.42,206.61,1,-1,-1,-1
158,12,1021.79,191.31,227.89,178.96,1,-1,-1,-1
159,1,324.66,490.56,790.15,577.85,1,-1,-1,-1
159,5,1427.95,318.39,310.84,206.82,1,-1,-1,-1
159,12,1006.23,192.76,230.87,180.31,1,-1,-1,-1
160,1,324.00,490.33,790.81,578.09,1,-1,-1,-1
160,5,1427.65,318.31,310.94,206.78,1,-1,-1,-1
160,12,990.76,193.81,235.49,183.07,1,-1,-1,-1
161,1,324.02,490.43,791.07,578.06,1,-1,-1,-1
161,5,1427.57,318.30,310.95,206.78,1,-1,-1,-1
161,12,977.07,195.10,238.95,185.23,1,-1,-1,-1
162,1,323.79,490.27,791.77,578.37,1,-1,-1,-1
162,12,960.67,196.85,242.41,187.13,1,-1,-1,-1
163,1,323.64,490.44,792.00,578.33,1,-1,-1,-1
163,12,943.81,198.84,245.81,188.94,1,-1,-1,-1
164,1,323.84,490.40,792.16,578.35,1,-1,-1,-1
164,12,927.55,199.89,249.76,191.59,1,-1,-1,-1
165,1,323.34,490.10,792.71,578.70,1,-1,-1,-1
165,12,911.89,201.03,254.49,194.61,1,-1,-1,-1
166,1,323.04,490.13,792.67,578.63,1,-1,-1,-1
166,12,898.22,203.08,258.25,197.13,1,-1,-1,-1
167,1,322.95,490.09,792.76,578.70,1,-1,-1,-1
167,12,884.17,203.98,262.47,200.47,1,-1,-1,-1
168,1,322.86,489.84,793.07,579.02,1,-1,-1,-1
168,12,871.16,205.87,263.68,201.49,1,-1,-1,-1
169,1,322.30,489.17,793.54,579.54,1,-1,-1,-1
169,12,857.37,207.21,267.94,205.11,1,-1,-1,-1
170,1,322.38,488.88,793.71,579.81,1,-1,-1,-1
170,12,844.23,208.17,271.30,208.21,1,-1,-1,-1
171,1,322.09,488.85,793.68,579.93,1,-1,-1,-1
171,12,834.06,210.54,273.27,210.35,1,-1,-1,-1
172,1,326.06,488.47,793.26,580.46,1,-1,-1,-1
172,12,821.95,211.92,277.71,214.85,1,-1,-1,-1
173,1,327.07,488.43,792.58,580.53,1,-1,-1,-1
173,12,810.31,212.90,283.46,220.27,1,-1,-1,-1
174,1,328.01,488.33,791.82,580.60,1,-1,-1,-1
174,12,801.12,215.65,285.30,222.38,1,-1,-1,-1
175,1,328.90,488.30,790.87,580.50,1,-1,-1,-1
175,12,792.81,218.80,287.30,224.71,1,-1,-1,-1
176,1,329.65,488.37,790.00,580.48,1,-1,-1,-1
176,12,784.23,220.90,291.24,228.94,1,-1,-1,-1
177,1,330.68,488.98,788.47,579.92,1,-1,-1,-1
177,12,775.17,223.27,296.03,233.98,1,-1,-1,-1
178,1,331.29,489.52,787.33,579.40,1,-1,-1,-1
178,12,766.58,226.06,298.28,237.03,1,-1,-1,-1
179,1,331.04,490.07,786.31,578.84,1,-1,-1,-1
179,12,757.01,227.64,304.42,243.73,1,-1,-1,-1
180,1,332.06,490.94,784.91,578.07,1,-1,-1,-1
180,12,747.65,231.62,308.85,248.71,1,-1,-1,-1
181,1,331.82,490.37,784.95,578.63,1,-1,-1,-1
181,12,741.54,236.14,310.70,251.34,1,-1,-1,-1
182,1,327.58,491.49,783.72,577.31,1,-1,-1,-1
182,12,737.22,240.98,310.83,252.66,1,-1,-1,-1
183,1,327.57,494.33,781.04,574.73,1,-1,-1,-1
183,12,734.91,245.47,313.28,255.91,1,-1,-1,-1
184,1,327.72,495.04,780.59,574.02,1,-1,-1,-1
184,12,733.64,249.82,314.94,258.46,1,-1,-1,-1
185,1,327.00,494.48,781.48,574.44,1,-1,-1,-1
185,12,733.01,254.66,317.14,261.29,1,-1,-1,-1
186,1,325.56,493.18,783.15,575.64,1,-1,-1,-1
186,12,731.68,258.46,322.76,267.02,1,-1,-1,-1
187,1,324.70,492.19,784.48,576.66,1,-1,-1,-1
187,12,731.14,261.72,327.66,272.00,1,-1,-1,-1
187,19,1573.87,383.13,305.02,359.60,1,-1,-1,-1
188,1,323.74,491.10,785.81,577.75,1,-1,-1,-1
188,12,729.99,264.21,334.28,278.32,1,-1,-1,-1
188,19,1556.97,375.20,301.72,349.81,1,-1,-1,-1
189,1,323.46,490.63,786.76,578.38,1,-1,-1,-1
189,12,730.47,269.51,336.56,279.96,1,-1,-1,-1
189,19,1545.43,370.15,296.96,335.74,1,-1,-1,-1
190,1,323.53,491.54,786.14,577.67,1,-1,-1,-1
190,12,731.54,274.45,341.40,283.36,1,-1,-1,-1
190,19,1524.09,360.54,298.35,326.71,1,-1,-1,-1
191,1,323.33,492.80,785.18,576.47,1,-1,-1,-1
191,12,735.19,278.98,346.38,286.60,1,-1,-1,-1
191,19,1489.30,347.07,305.78,324.78,1,-1,-1,-1
192,1,323.05,494.61,784.03,574.90,1,-1,-1,-1
192,12,736.48,282.53,354.14,292.36,1,-1,-1,-1
192,19,1452.85,336.00,312.78,322.50,1,-1,-1,-1
193,1,323.38,495.04,784.17,574.46,1,-1,-1,-1
193,12,736.22,284.87,363.88,299.77,1,-1,-1,-1
193,19,1418.21,331.49,312.94,312.85,1,-1,-1,-1
194,1,323.60,495.94,783.88,573.66,1,-1,-1,-1
194,12,738.55,289.06,368.73,302.94,1,-1,-1,-1
194,19,1388.52,333.20,307.79,297.75,1,-1,-1,-1
195,1,324.00,496.44,783.94,573.15,1,-1,-1,-1
195,12,742.36,293.80,377.06,308.92,1,-1,-1,-1
195,19,1357.12,329.69,309.95,290.93,1,-1,-1,-1
196,1,324.02,495.78,785.59,573.80,1,-1,-1,-1
196,12,748.12,297.89,385.81,315.06,1,-1,-1,-1
196,19,1332.52,326.77,310.38,282.24,1,-1,-1,-1
197,1,325.17,497.25,784.97,572.61,1,-1,-1,-1
197,12,752.38,301.19,399.38,325.22,1,-1,-1,-1
197,19,1308.18,323.18,313.07,276.29,1,-1,-1,-1
198,1,326.58,499.16,784.00,570.80,1,-1,-1,-1
198,12,760.23,305.00,409.85,332.55,1,-1,-1,-1
198,19,1283.51,320.11,317.89,271.60,1,-1,-1,-1
199,1,327.41,498.65,786.42,571.25,1,-1,-1,-1
199,12,767.45,308.74,420.80,340.40,1,-1,-1,-1
199,19,1248.00,315.74,321.19,268.52,1,-1,-1,-1
200,1,332.08,496.33,792.37,573.27,1,-1,-1,-1
200,12,779.26,311.41,433.21,349.30,1,-1,-1,-1
200,19,1217.36,312.34,319.45,262.96,1,-1,-1,-1
201,1,349.82,492.61,803.82,575.44,1,-1,-1,-1
201,12,792.74,314.25,448.31,358.37,1,-1,-1,-1
201,19,1194.51,307.60,311.53,256.43,1,-1,-1,-1
202,1,341.79,497.56,800.21,571.48,1,-1,-1,-1
202,12,808.43,317.65,463.27,366.85,1,-1,-1,-1
203,1,335.03,506.64,789.53,563.79,1,-1,-1,-1
203,12,833.34,321.57,486.02,379.38,1,-1,-1,-1
204,1,370.22,496.70,814.14,571.42,1,-1,-1,-1
204,12,837.28,325.58,510.95,397.00,1,-1,-1,-1
205,1,338.05,496.52,815.98,572.85,1,-1,-1,-1
205,12,837.16,333.62,535.64,414.99,1,-1,-1,-1
206,1,326.70,501.51,808.40,568.84,1,-1,-1,-1
206,12,855.29,342.99,546.87,422.40,1,-1,-1,-1
207,1,323.15,503.01,805.04,567.48,1,-1,-1,-1
207,12,874.66,350.41,563.60,433.14,1,-1,-1,-1
208,1,320.76,500.42,806.81,569.85,1,-1,-1,-1
208,12,900.56,356.75,582.15,447.00,1,-1,-1,-1
209,1,319.51,498.86,806.83,571.16,1,-1,-1,-1
209,12,928.36,367.16,598.58,458.89,1,-1,-1,-1
210,1,318.54,496.27,807.43,573.18,1,-1,-1,-1
210,12,957.44,377.17,617.80,472.66,1,-1,-1,-1
210,21,408.24,427.90,1064.49,631.65,1,-1,-1,-1
211,1,318.75,494.62,807.34,574.40,1,-1,-1,-1
211,12,989.18,385.83,637.57,486.22,1,-1,-1,-1
211,21,434.92,441.54,1053.91,619.59,1,-1,-1,-1
212,1,317.82,494.25,807.77,574.70,1,-1,-1,-1
212,12,1030.47,396.01,651.47,495.41,1,-1,-1,-1
212,21,454.24,442.04,1066.75,619.19,1,-1,-1,-1
213,12,1069.69,403.10,674.88,511.47,1,-1,-1,-1
213,21,464.43,441.62,1085.15,619.66,1,-1,-1,-1
213,23,332.83,486.94,793.15,581.93,1,-1,-1,-1
214,12,1113.72,415.41,702.72,532.00,1,-1,-1,-1
214,21,485.50,444.84,1080.37,616.93,1,-1,-1,-1
214,23,330.63,485.90,794.92,583.34,1,-1,-1,-1
215,12,1151.04,425.65,737.13,557.53,1,-1,-1,-1
215,23,327.60,486.40,793.59,582.38,1,-1,-1,-1
216,12,1171.33,438.64,764.01,582.28,1,-1,-1,-1
216,23,325.27,487.55,792.07,581.54,1,-1,-1,-1
216,25,1075.53,254.97,229.58,196.78,1,-1,-1,-1
217,12,1194.04,460.66,767.46,592.12,1,-1,-1,-1
217,23,324.19,489.01,790.12,580.19,1,-1,-1,-1
217,25,1077.65,251.85,227.73,195.30,1,-1,-1,-1
218,12,1225.54,477.24,751.22,588.52,1,-1,-1,-1
218,23,324.39,489.33,789.35,579.84,1,-1,-1,-1
218,25,1083.30,248.27,225.20,193.13,1,-1,-1,-1
219,12,1248.18,486.85,766.53,600.52,1,-1,-1,-1
219,23,325.83,489.50,788.68,579.71,1,-1,-1,-1
219,25,1091.18,247.29,220.53,188.77,1,-1,-1,-1
220,23,328.08,490.44,787.54,579.01,1,-1,-1,-1
220,25,1099.48,244.63,219.35,187.38,1,-1,-1,-1
221,23,327.97,491.12,786.83,578.44,1,-1,-1,-1
221,25,1108.92,243.23,216.21,184.02,1,-1,-1,-1
222,23,327.25,490.29,788.46,579.37,1,-1,-1,-1
222,25,1119.86,240.30,214.49,181.77,1,-1,-1,-1
223,23,327.23,490.67,788.41,579.02,1,-1,-1,-1
223,25,1131.64,237.74,212.52,179.31,1,-1,-1,-1
224,23,326.33,490.44,789.14,579.32,1,-1,-1,-1
224,25,1144.01,233.32,214.11,179.51,1,-1,-1,-1
225,23,327.14,490.80,789.17,579.01,1,-1,-1,-1
225,25,1159.85,231.79,212.30,176.72,1,-1,-1,-1
225,26,1428.10,317.75,308.01,207.03,1,-1,-1,-1
226,23,327.45,490.63,789.51,578.98,1,-1,-1,-1
226,25,1176.37,229.09,210.52,173.62,1,-1,-1,-1
226,26,1428.91,318.08,307.49,206.56,1,-1,-1,-1
227,23,326.49,490.59,789.95,579.02,1,-1,-1,-1
227,25,1191.80,223.63,211.89,173.03,1,-1,-1,-1
227,26,1429.80,318.58,306.64,205.86,1,-1,-1,-1
228,23,326.37,490.88,789.98,578.80,1,-1,-1,-1
228,25,1208.83,224.45,208.27,168.10,1,-1,-1,-1
228,26,1430.62,318.78,306.13,205.41,1,-1,-1,-1
229,23,325.60,491.68,789.42,577.92,1,-1,-1,-1
229,25,1225.39,222.39,209.69,167.61,1,-1,-1,-1
229,26,1431.23,318.71,306.23,205.43,1,-1,-1,-1
230,23,325.71,491.36,790.16,578.17,1,-1,-1,-1
230,25,1242.20,220.58,210.96,167.31,1,-1,-1,-1
230,26,1432.02,318.95,305.32,204.79,1,-1,-1,-1
231,23,326.07,491.51,790.25,578.01,1,-1,-1,-1
231,25,1260.71,218.53,210.65,166.07,1,-1,-1,-1
231,26,1433.31,319.83,303.45,203.49,1,-1,-1,-1
232,23,326.82,491.35,790.77,578.22,1,-1,-1,-1
232,25,1277.35,217.03,210.48,165.29,1,-1,-1,-1
232,26,1433.50,320.33,302.65,202.99,1,-1,-1,-1
233,23,327.16,491.45,790.99,578.19,1,-1,-1,-1
233,25,1294.99,216.56,209.04,163.53,1,-1,-1,-1
233,26,1433.06,319.96,302.78,203.15,1,-1,-1,-1
234,23,327.50,491.78,790.87,577.86,1,-1,-1,-1
234,25,1309.97,214.61,206.84,161.81,1,-1,-1,-1
234,26,1432.86,319.87,303.19,203.43,1,-1,-1,-1
235,23,327.48,492.54,790.44,577.23,1,-1,-1,-1
235,26,1431.98,318.52,305.15,204.92,1,-1,-1,-1
236,23,327.49,492.44,790.96,577.35,1,-1,-1,-1
236,26,1432.70,319.40,303.93,204.11,1,-1,-1,-1
237,23,327.24,492.53,791.22,577.22,1,-1,-1,-1
237,26,1432.15,319.82,303.97,204.10,1,-1,-1,-1
238,23,326.07,492.06,792.16,577.61,1,-1,-1,-1
238,26,1432.42,319.98,303.97,203.98,1,-1,-1,-1
238,27,1220.17,184.69,170.00,143.70,1,-1,-1,-1
239,23,325.22,491.73,792.89,577.91,1,-1,-1,-1
239,26,1433.25,320.86,302.97,203.11,1,-1,-1,-1
239,27,1220.20,184.84,171.13,144.96,1,-1,-1,-1
240,23,325.09,491.74,793.12,577.86,1,-1,-1,-1
240,26,1434.04,321.72,301.94,202.18,1,-1,-1,-1
240,27,1218.07,187.38,170.73,144.87,1,-1,-1,-1
241,23,326.03,491.42,793.22,578.01,1,-1,-1,-1
241,26,1434.07,321.49,301.97,202.10,1,-1,-1,-1
241,27,1214.84,189.53,171.29,145.36,1,-1,-1,-1
242,23,327.95,490.85,793.30,578.51,1,-1,-1,-1
242,26,1433.90,321.28,302.51,202.24,1,-1,-1,-1
242,27,1210.40,190.56,172.54,146.16,1,-1,-1,-1
243,23,328.45,490.50,793.23,578.81,1,-1,-1,-1
243,26,1433.78,321.23,302.92,202.30,1,-1,-1,-1
243,27,1204.45,190.88,174.38,147.32,1,-1,-1,-1
244,23,328.38,490.23,793.23,579.06,1,-1,-1,-1
244,26,1433.48,321.23,303.81,202.64,1,-1,-1,-1
244,27,1194.88,190.67,176.68,148.61,1,-1,-1,-1
245,23,328.63,490.29,792.95,578.99,1,-1,-1,-1
245,26,1432.69,321.04,304.76,202.98,1,-1,-1,-1
245,27,1182.74,190.77,181.18,151.98,1,-1,-1,-1
246,23,328.54,490.76,792.34,578.55,1,-1,-1,-1
246,26,1432.08,320.76,305.72,203.38,1,-1,-1,-1
246,27,1170.43,191.72,184.29,153.74,1,-1,-1,-1
247,23,327.80,490.84,792.30,578.42,1,-1,-1,-1
247,26,1430.63,319.55,308.45,205.14,1,-1,-1,-1
247,27,1156.67,192.53,188.32,155.88,1,-1,-1,-1
248,23,327.36,490.38,792.78,578.80,1,-1,-1,-1
248,26,1429.78,319.27,309.31,205.59,1,-1,-1,-1
248,27,1143.56,192.65,192.72,158.66,1,-1,-1,-1
249,23,327.37,490.52,792.56,578.63,1,-1,-1,-1
249,26,1429.26,319.01,309.66,205.74,1,-1,-1,-1
249,27,1129.96,193.56,195.37,160.07,1,-1,-1,-1
250,23,327.06,490.59,792.46,578.54,1,-1,-1,-1
250,26,1428.94,318.76,309.97,205.84,1,-1,-1,-1
250,27,1115.45,194.87,196.38,160.06,1,-1,-1,-1
251,23,326.44,490.50,792.57,578.65,1,-1,-1,-1
251,26,1428.26,318.27,310.90,206.41,1,-1,-1,-1
251,27,1100.16,196.96,197.46,159.97,1,-1,-1,-1
252,23,326.35,490.59,792.44,578.58,1,-1,-1,-1
252,26,1427.98,318.01,311.21,206.53,1,-1,-1,-1
252,27,1086.29,198.08,200.88,161.77,1,-1,-1,-1
253,23,328.33,489.88,792.63,579.30,1,-1,-1,-1
253,26,1427.44,317.67,311.92,206.93,1,-1,-1,-1
253,27,1070.92,199.86,203.80,162.94,1,-1,-1,-1
254,23,328.98,489.37,792.62,579.88,1,-1,-1,-1
254,26,1426.97,317.51,312.42,207.17,1,-1,-1,-1
254,27,1055.39,200.20,208.29,165.55,1,-1,-1,-1
255,23,329.36,489.43,791.81,579.82,1,-1,-1,-1
255,26,1426.99,317.46,312.51,207.15,1,-1,-1,-1
255,27,1039.21,200.44,212.61,168.25,1,-1,-1,-1
256,23,328.99,489.37,791.31,579.82,1,-1,-1,-1
256,26,1427.01,317.46,312.65,207.16,1,-1,-1,-1
256,27,1023.28,202.22,215.26,169.52,1,-1,-1,-1
257,23,328.85,489.42,790.78,579.76,1,-1,-1,-1
257,26,1427.05,317.54,312.58,207.03,1,-1,-1,-1
257,27,1006.67,203.63,217.96,170.89,1,-1,-1,-1
258,23,328.75,489.46,790.28,579.71,1,-1,-1,-1
258,26,1426.84,317.44,312.79,207.05,1,-1,-1,-1
258,27,990.68,205.42,222.22,173.44,1,-1,-1,-1
259,23,328.68,489.33,790.01,579.82,1,-1,-1,-1
259,26,1426.99,317.65,312.71,206.89,1,-1,-1,-1
259,27,974.87,207.49,224.86,174.75,1,-1,-1,-1
260,23,328.43,488.99,789.97,580.12,1,-1,-1,-1
260,26,1427.02,317.47,312.88,206.96,1,-1,-1,-1
260,27,958.69,209.17,228.10,176.14,1,-1,-1,-1
261,23,328.69,488.81,789.62,580.23,1,-1,-1,-1
261,26,1427.11,317.44,312.85,206.94,1,-1,-1,-1
261,27,940.36,210.72,232.46,178.63,1,-1,-1,-1
262,23,327.88,489.64,788.71,579.36,1,-1,-1,-1
262,26,1427.29,317.08,312.75,206.93,1,-1,-1,-1
262,27,922.29,211.89,237.07,181.25,1,-1,-1,-1
263,23,327.26,489.93,788.61,579.08,1,-1,-1,-1
263,26,1427.16,316.64,313.38,207.48,1,-1,-1,-1
263,27,904.25,213.23,241.21,184.07,1,-1,-1,-1
264,23,326.87,489.98,788.77,579.03,1,-1,-1,-1
264,26,1427.10,316.41,313.76,207.85,1,-1,-1,-1
264,27,886.43,214.55,245.82,187.49,1,-1,-1,-1
265,23,327.96,491.14,787.90,578.21,1,-1,-1,-1
265,26,1426.94,316.31,314.00,208.10,1,-1,-1,-1
265,27,869.54,216.58,248.22,189.20,1,-1,-1,-1
266,23,328.39,491.41,787.75,578.00,1,-1,-1,-1
266,26,1426.84,316.16,314.25,208.26,1,-1,-1,-1
266,27,853.25,217.95,251.79,192.00,1,-1,-1,-1
267,23,328.44,491.24,788.08,578.22,1,-1,-1,-1
267,27,838.19,219.09,256.59,195.99,1,-1,-1,-1
268,23,328.40,491.04,788.36,578.34,1,-1,-1,-1
268,27,824.04,221.56,261.04,199.65,1,-1,-1,-1
269,23,328.62,490.75,788.58,578.54,1,-1,-1,-1
269,27,809.60,223.90,264.01,202.61,1,-1,-1,-1
270,23,328.26,490.79,788.63,578.48,1,-1,-1,-1
270,27,795.74,225.83,267.29,206.03,1,-1,-1,-1
271,23,329.20,491.22,787.94,578.02,1,-1,-1,-1
271,27,782.97,229.09,268.09,207.36,1,-1,-1,-1
272,23,330.00,491.98,786.93,577.22,1,-1,-1,-1
272,27,771.88,234.09,268.04,207.63,1,-1,-1,-1
273,23,330.06,492.96,785.87,576.29,1,-1,-1,-1
273,27,757.57,237.38,271.63,210.88,1,-1,-1,-1
273,28,1428.12,316.44,312.27,208.69,1,-1,-1,-1
274,23,329.85,493.66,785.24,575.60,1,-1,-1,-1
274,27,745.34,241.20,273.28,212.63,1,-1,-1,-1
274,28,1427.71,316.22,312.25,208.68,1,-1,-1,-1
275,23,330.14,494.09,785.00,575.25,1,-1,-1,-1
275,27,734.92,243.57,276.41,216.02,1,-1,-1,-1
275,28,1427.34,316.07,312.40,208.78,1,-1,-1,-1
276,23,330.51,494.96,784.14,574.41,1,-1,-1,-1
276,27,722.36,245.12,281.54,220.92,1,-1,-1,-1
276,28,1427.44,315.90,312.84,209.12,1,-1,-1,-1
277,23,329.78,495.54,783.95,573.94,1,-1,-1,-1
277,27,710.79,246.93,288.01,227.35,1,-1,-1,-1
277,28,1427.49,316.31,312.31,208.79,1,-1,-1,-1
278,23,329.70,496.99,782.84,572.65,1,-1,-1,-1
278,27,700.34,251.18,292.58,232.17,1,-1,-1,-1
278,28,1427.50,316.44,312.46,208.89,1,-1,-1,-1
279,23,329.93,498.84,781.38,570.94,1,-1,-1,-1
279,27,694.29,255.49,295.22,235.70,1,-1,-1,-1
279,28,1427.18,316.22,312.51,208.97,1,-1,-1,-1
280,23,329.87,500.20,780.53,569.56,1,-1,-1,-1
280,27,689.73,260.25,296.56,238.07,1,-1,-1,-1
280,28,1426.89,316.16,312.46,208.92,1,-1,-1,-1
