3,1,307.72,680.40,260.48,163.31,1,-1,-1,-1
3,2,1693.90,1149.95,264.73,174.76,1,-1,-1,-1
3,3,1546.04,1359.56,566.10,530.29,1,-1,-1,-1
4,1,306.51,679.82,262.22,164.38,1,-1,-1,-1
4,2,1693.69,1149.93,265.09,174.91,1,-1,-1,-1
4,3,1545.58,1359.41,566.25,530.38,1,-1,-1,-1
5,1,306.93,680.28,261.73,164.03,1,-1,-1,-1
5,2,1693.85,1149.99,265.11,174.82,1,-1,-1,-1
5,3,1545.77,1359.57,565.95,530.08,1,-1,-1,-1
6,1,308.43,680.93,260.48,163.26,1,-1,-1,-1
6,2,1694.29,1149.89,265.19,174.82,1,-1,-1,-1
6,3,1546.30,1359.72,566.09,530.31,1,-1,-1,-1
7,1,307.84,680.64,260.96,163.54,1,-1,-1,-1
7,2,1694.40,1149.98,265.17,174.72,1,-1,-1,-1
7,3,1546.56,1359.73,565.76,530.00,1,-1,-1,-1
8,1,307.60,680.62,261.09,163.60,1,-1,-1,-1
8,2,1694.37,1149.92,265.19,174.63,1,-1,-1,-1
8,3,1546.59,1359.69,565.87,530.10,1,-1,-1,-1
9,1,307.34,680.29,261.75,163.99,1,-1,-1,-1
9,2,1694.25,1150.05,265.37,174.63,1,-1,-1,-1
9,3,1546.28,1359.65,566.28,530.47,1,-1,-1,-1
10,1,307.57,680.67,261.03,163.48,1,-1,-1,-1
10,2,1693.82,1149.98,265.71,174.70,1,-1,-1,-1
10,3,1546.08,1359.57,565.95,530.10,1,-1,-1,-1
11,1,307.36,680.80,260.93,163.33,1,-1,-1,-1
11,2,1693.38,1149.95,266.08,174.76,1,-1,-1,-1
11,3,1545.79,1359.58,566.23,530.28,1,-1,-1,-1
12,1,308.22,681.22,260.30,162.90,1,-1,-1,-1
12,2,1693.28,1149.82,266.46,174.91,1,-1,-1,-1
12,3,1545.56,1359.49,566.29,530.31,1,-1,-1,-1
13,1,309.01,681.31,259.67,162.51,1,-1,-1,-1
13,2,1693.26,1149.67,266.41,174.74,1,-1,-1,-1
13,3,1545.67,1359.54,566.30,530.46,1,-1,-1,-1
14,1,309.07,681.14,259.84,162.64,1,-1,-1,-1
14,2,1693.27,1149.65,266.46,174.64,1,-1,-1,-1
14,3,1546.01,1359.65,566.33,530.52,1,-1,-1,-1
15,1,309.33,681.25,259.64,162.55,1,-1,-1,-1
15,2,1693.25,1149.62,266.63,174.68,1,-1,-1,-1
15,3,1546.21,1359.72,566.18,530.44,1,-1,-1,-1
16,1,309.34,681.29,259.33,162.32,1,-1,-1,-1
16,2,1693.02,1149.54,266.87,174.73,1,-1,-1,-1
16,3,1546.36,1359.81,565.60,529.85,1,-1,-1,-1
17,1,309.19,681.32,259.34,162.28,1,-1,-1,-1
17,2,1692.88,1149.50,267.11,174.77,1,-1,-1,-1
17,3,1546.18,1359.77,565.42,529.60,1,-1,-1,-1
18,1,309.20,681.42,259.28,162.19,1,-1,-1,-1
18,2,1692.80,1149.51,267.18,174.70,1,-1,-1,-1
18,3,1546.11,1359.76,565.45,529.57,1,-1,-1,-1
19,1,309.19,681.42,259.37,162.20,1,-1,-1,-1
19,2,1692.69,1149.48,267.35,174.70,1,-1,-1,-1
19,3,1545.99,1359.80,565.50,529.60,1,-1,-1,-1
20,1,309.21,681.44,259.43,162.19,1,-1,-1,-1
20,2,1692.57,1149.45,267.60,174.77,1,-1,-1,-1
20,3,1545.82,1359.73,565.66,529.70,1,-1,-1,-1
21,1,309.21,681.39,259.57,162.24,1,-1,-1,-1
21,2,1692.40,1149.33,267.94,174.93,1,-1,-1,-1
21,3,1545.89,1359.87,565.52,529.56,1,-1,-1,-1
22,1,309.14,681.31,259.76,162.33,1,-1,-1,-1
22,2,1692.29,1149.30,268.14,174.99,1,-1,-1,-1
22,3,1545.94,1359.94,565.48,529.54,1,-1,-1,-1
23,1,309.07,681.30,259.83,162.35,1,-1,-1,-1
23,2,1692.27,1149.31,268.15,174.93,1,-1,-1,-1
23,3,1546.00,1359.92,565.59,529.71,1,-1,-1,-1
24,1,309.11,681.35,259.79,162.30,1,-1,-1,-1
24,2,1692.33,1149.36,268.10,174.84,1,-1,-1,-1
24,3,1545.98,1360.01,565.55,529.71,1,-1,-1,-1
25,1,309.32,681.42,259.69,162.22,1,-1,-1,-1
25,2,1691.96,1149.18,268.68,175.16,1,-1,-1,-1
25,3,1545.82,1359.40,565.27,529.42,1,-1,-1,-1
26,1,309.40,681.45,259.65,162.17,1,-1,-1,-1
26,2,1691.85,1149.14,268.82,175.20,1,-1,-1,-1
26,3,1545.46,1359.05,565.45,529.63,1,-1,-1,-1
27,1,309.38,681.47,259.60,162.12,1,-1,-1,-1
27,2,1691.79,1149.10,268.86,175.17,1,-1,-1,-1
27,3,1545.49,1359.09,565.31,529.47,1,-1,-1,-1
28,1,309.39,681.41,259.68,162.15,1,-1,-1,-1
28,2,1691.72,1149.08,269.01,175.22,1,-1,-1,-1
28,3,1545.49,1359.08,565.38,529.50,1,-1,-1,-1
29,1,309.41,681.41,259.70,162.16,1,-1,-1,-1
29,2,1691.78,1149.10,268.97,175.16,1,-1,-1,-1
29,3,1545.47,1359.19,565.40,529.51,1,-1,-1,-1
30,1,309.41,681.44,259.68,162.13,1,-1,-1,-1
30,2,1691.79,1149.09,269.01,175.16,1,-1,-1,-1
30,3,1545.48,1359.34,565.25,529.38,1,-1,-1,-1
31,1,309.53,681.51,259.51,162.00,1,-1,-1,-1
31,2,1691.98,1149.23,268.79,174.98,1,-1,-1,-1
31,3,1545.61,1359.37,565.19,529.36,1,-1,-1,-1
32,1,309.53,681.52,259.51,161.98,1,-1,-1,-1
32,2,1691.97,1149.28,268.78,174.94,1,-1,-1,-1
32,3,1545.80,1359.48,565.08,529.25,1,-1,-1,-1
33,1,309.53,681.47,259.42,161.89,1,-1,-1,-1
33,2,1691.91,1149.27,268.90,174.98,1,-1,-1,-1
33,3,1545.88,1359.56,564.93,529.15,1,-1,-1,-1
34,1,309.57,681.52,259.34,161.81,1,-1,-1,-1
34,2,1691.88,1149.26,269.06,175.07,1,-1,-1,-1
34,3,1545.95,1359.66,565.02,529.25,1,-1,-1,-1
35,1,309.57,681.57,259.40,161.81,1,-1,-1,-1
35,2,1691.86,1149.26,269.11,175.07,1,-1,-1,-1
35,3,1545.97,1359.65,565.08,529.32,1,-1,-1,-1
36,1,309.49,681.50,259.53,161.85,1,-1,-1,-1
36,2,1691.78,1149.24,269.13,175.07,1,-1,-1,-1
36,3,1546.05,1359.74,564.82,529.05,1,-1,-1,-1
37,1,309.41,681.57,259.58,161.88,1,-1,-1,-1
37,2,1691.98,1149.40,268.84,174.82,1,-1,-1,-1
37,3,1546.29,1359.89,564.95,529.16,1,-1,-1,-1
38,1,309.32,681.60,259.63,161.92,1,-1,-1,-1
38,2,1692.03,1149.46,268.70,174.69,1,-1,-1,-1
38,3,1546.47,1360.05,564.86,529.03,1,-1,-1,-1
39,1,309.28,681.60,259.70,161.96,1,-1,-1,-1
39,2,1692.02,1149.50,268.64,174.61,1,-1,-1,-1
39,3,1546.37,1360.04,564.75,528.94,1,-1,-1,-1
40,1,309.30,681.61,259.77,162.00,1,-1,-1,-1
40,2,1691.98,1149.50,268.68,174.60,1,-1,-1,-1
40,3,1546.32,1360.09,564.65,528.81,1,-1,-1,-1
41,1,309.19,681.58,259.90,162.08,1,-1,-1,-1
41,2,1691.91,1149.52,268.69,174.58,1,-1,-1,-1
41,3,1546.20,1360.09,564.57,528.67,1,-1,-1,-1
42,1,309.20,681.62,259.87,162.06,1,-1,-1,-1
42,2,1691.78,1149.48,268.73,174.58,1,-1,-1,-1
42,3,1546.22,1360.10,564.28,528.32,1,-1,-1,-1
43,1,309.18,681.59,259.90,162.08,1,-1,-1,-1
43,2,1691.73,1149.44,268.78,174.59,1,-1,-1,-1
43,3,1545.90,1359.95,564.50,528.52,1,-1,-1,-1
44,1,309.16,681.54,260.00,162.14,1,-1,-1,-1
44,2,1691.68,1149.40,268.81,174.59,1,-1,-1,-1
44,3,1545.94,1359.78,564.47,528.48,1,-1,-1,-1
45,1,309.12,681.53,260.07,162.19,1,-1,-1,-1
45,2,1691.52,1149.36,268.94,174.65,1,-1,-1,-1
45,3,1545.93,1359.66,564.41,528.40,1,-1,-1,-1
46,1,309.20,681.58,259.94,162.10,1,-1,-1,-1
46,2,1691.41,1149.34,269.02,174.69,1,-1,-1,-1
46,3,1545.95,1359.57,564.39,528.37,1,-1,-1,-1
47,1,309.19,681.56,259.95,162.10,1,-1,-1,-1
47,2,1691.34,1149.32,269.13,174.76,1,-1,-1,-1
47,3,1546.05,1359.68,564.25,528.19,1,-1,-1,-1
48,1,309.18,681.57,259.99,162.11,1,-1,-1,-1
48,2,1691.31,1149.32,269.21,174.81,1,-1,-1,-1
48,3,1546.10,1359.61,564.04,527.93,1,-1,-1,-1
49,1,309.13,681.62,260.15,162.21,1,-1,-1,-1
49,2,1691.23,1149.41,269.14,174.76,1,-1,-1,-1
49,3,1545.92,1359.90,564.13,528.01,1,-1,-1,-1
50,1,308.91,681.41,260.51,162.46,1,-1,-1,-1
50,2,1691.23,1149.41,269.25,174.84,1,-1,-1,-1
50,3,1545.97,1360.08,564.14,527.99,1,-1,-1,-1
51,1,309.03,681.40,260.40,162.39,1,-1,-1,-1
51,2,1691.31,1149.41,269.27,174.85,1,-1,-1,-1
51,3,1545.92,1360.04,564.40,528.20,1,-1,-1,-1
52,1,309.15,681.46,260.25,162.29,1,-1,-1,-1
52,2,1691.44,1149.44,269.27,174.85,1,-1,-1,-1
52,3,1545.89,1360.08,564.48,528.29,1,-1,-1,-1
53,1,309.27,681.55,260.06,162.16,1,-1,-1,-1
53,2,1691.57,1149.50,269.15,174.76,1,-1,-1,-1
53,3,1545.74,1360.01,564.82,528.62,1,-1,-1,-1
54,1,309.31,681.48,260.08,162.17,1,-1,-1,-1
54,2,1691.66,1149.50,269.08,174.71,1,-1,-1,-1
54,3,1545.69,1359.92,565.09,528.94,1,-1,-1,-1
55,1,309.25,681.38,260.19,162.24,1,-1,-1,-1
55,2,1691.72,1149.48,269.02,174.65,1,-1,-1,-1
55,3,1545.61,1359.73,565.14,529.02,1,-1,-1,-1
56,1,309.20,681.32,260.23,162.27,1,-1,-1,-1
56,2,1691.72,1149.51,268.98,174.60,1,-1,-1,-1
56,3,1545.55,1359.63,565.28,529.21,1,-1,-1,-1
57,1,309.20,681.33,260.20,162.26,1,-1,-1,-1
57,2,1691.76,1149.51,268.99,174.58,1,-1,-1,-1
57,3,1545.62,1359.52,565.25,529.21,1,-1,-1,-1
58,1,309.19,681.36,260.18,162.25,1,-1,-1,-1
58,2,1691.70,1149.50,269.09,174.62,1,-1,-1,-1
58,3,1545.63,1359.45,565.10,529.08,1,-1,-1,-1
59,1,309.14,681.33,260.24,162.29,1,-1,-1,-1
59,2,1691.56,1149.46,269.26,174.71,1,-1,-1,-1
59,3,1545.48,1359.48,565.03,529.03,1,-1,-1,-1
60,1,309.15,681.36,260.20,162.27,1,-1,-1,-1
60,2,1691.50,1149.43,269.33,174.75,1,-1,-1,-1
60,3,1545.45,1359.59,564.91,528.95,1,-1,-1,-1
61,1,309.29,681.42,260.08,162.21,1,-1,-1,-1
61,2,1691.51,1149.52,269.30,174.72,1,-1,-1,-1
61,3,1545.62,1359.42,564.90,528.98,1,-1,-1,-1
62,1,309.41,681.48,259.83,162.06,1,-1,-1,-1
62,2,1691.55,1149.55,269.18,174.62,1,-1,-1,-1
62,3,1545.81,1359.56,564.69,528.78,1,-1,-1,-1
63,1,309.39,681.38,259.81,162.07,1,-1,-1,-1
63,2,1691.56,1149.59,269.11,174.55,1,-1,-1,-1
63,3,1545.83,1359.51,564.58,528.66,1,-1,-1,-1
64,1,309.43,681.37,259.77,162.05,1,-1,-1,-1
64,2,1691.54,1149.61,269.10,174.51,1,-1,-1,-1
64,3,1545.87,1359.59,564.48,528.52,1,-1,-1,-1
65,1,309.46,681.33,259.73,162.03,1,-1,-1,-1
65,2,1691.50,1149.60,269.15,174.53,1,-1,-1,-1
65,3,1545.80,1359.54,564.67,528.71,1,-1,-1,-1
66,1,309.43,681.29,259.84,162.10,1,-1,-1,-1
66,2,1691.44,1149.58,269.23,174.57,1,-1,-1,-1
66,3,1545.71,1359.55,564.82,528.89,1,-1,-1,-1
67,1,309.47,681.31,259.86,162.13,1,-1,-1,-1
67,2,1691.45,1149.58,269.25,174.58,1,-1,-1,-1
67,3,1545.86,1359.75,564.68,528.79,1,-1,-1,-1
68,1,309.39,681.27,259.99,162.23,1,-1,-1,-1
68,2,1691.50,1149.61,269.17,174.52,1,-1,-1,-1
68,3,1546.08,1359.98,564.44,528.62,1,-1,-1,-1
69,1,309.24,681.07,260.28,162.44,1,-1,-1,-1
69,2,1691.41,1149.59,269.17,174.53,1,-1,-1,-1
69,3,1546.06,1360.14,564.18,528.43,1,-1,-1,-1
70,1,309.21,681.03,260.24,162.43,1,-1,-1,-1
70,2,1691.43,1149.62,268.92,174.35,1,-1,-1,-1
70,3,1546.02,1360.21,564.00,528.29,1,-1,-1,-1
71,1,308.64,681.05,260.12,162.15,1,-1,-1,-1
71,2,1693.05,1150.36,266.84,172.82,1,-1,-1,-1
71,3,1546.81,1360.65,563.54,527.52,1,-1,-1,-1
72,1,308.26,680.99,260.32,162.09,1,-1,-1,-1
72,2,1693.90,1150.71,265.98,172.11,1,-1,-1,-1
72,3,1547.07,1360.92,563.81,527.50,1,-1,-1,-1
73,1,308.77,681.36,259.56,161.41,1,-1,-1,-1
73,2,1693.97,1150.62,267.06,172.78,1,-1,-1,-1
73,3,1546.38,1360.46,564.98,528.66,1,-1,-1,-1
74,1,308.82,681.46,259.46,161.18,1,-1,-1,-1
74,2,1693.78,1150.55,267.61,173.11,1,-1,-1,-1
74,3,1545.84,1360.01,565.54,529.23,1,-1,-1,-1
75,1,308.89,681.54,259.47,161.03,1,-1,-1,-1
75,2,1693.70,1150.52,267.90,173.29,1,-1,-1,-1
75,3,1545.47,1359.69,565.94,529.69,1,-1,-1,-1
76,1,308.95,681.64,259.62,160.98,1,-1,-1,-1
76,2,1693.67,1150.51,268.18,173.49,1,-1,-1,-1
76,3,1545.62,1359.57,566.03,529.85,1,-1,-1,-1
77,1,308.87,681.58,259.82,160.98,1,-1,-1,-1
77,2,1693.63,1150.40,268.31,173.58,1,-1,-1,-1
77,3,1545.65,1359.37,566.00,529.95,1,-1,-1,-1
78,1,308.82,681.61,260.00,160.97,1,-1,-1,-1
78,2,1693.46,1150.28,268.41,173.65,1,-1,-1,-1
78,3,1545.67,1359.29,565.88,529.92,1,-1,-1,-1
79,1,308.72,681.52,260.35,161.09,1,-1,-1,-1
79,2,1693.42,1150.21,268.49,173.70,1,-1,-1,-1
79,3,1545.97,1359.19,565.70,529.84,1,-1,-1,-1
80,1,308.56,681.38,260.63,161.19,1,-1,-1,-1
80,2,1693.45,1150.15,268.53,173.73,1,-1,-1,-1
80,3,1546.22,1359.09,565.34,529.57,1,-1,-1,-1
81,1,308.33,681.30,260.94,161.32,1,-1,-1,-1
81,2,1693.38,1150.16,268.42,173.65,1,-1,-1,-1
81,3,1546.20,1359.09,565.31,529.62,1,-1,-1,-1
82,1,308.16,681.43,261.12,161.37,1,-1,-1,-1
82,2,1693.39,1150.37,268.24,173.53,1,-1,-1,-1
82,3,1546.28,1359.16,565.40,529.78,1,-1,-1,-1
83,1,308.11,681.61,261.20,161.35,1,-1,-1,-1
83,2,1693.13,1150.49,268.47,173.66,1,-1,-1,-1
83,3,1546.43,1359.04,564.89,529.28,1,-1,-1,-1
84,1,307.89,681.54,261.49,161.46,1,-1,-1,-1
84,2,1692.76,1150.35,268.76,173.82,1,-1,-1,-1
84,3,1546.24,1358.83,565.35,529.66,1,-1,-1,-1
85,1,307.58,681.35,262.00,161.72,1,-1,-1,-1
85,2,1692.45,1150.06,269.25,174.14,1,-1,-1,-1
85,3,1547.34,1362.53,562.05,525.98,1,-1,-1,-1
86,1,307.34,681.22,262.33,161.89,1,-1,-1,-1
86,2,1692.39,1149.82,269.48,174.33,1,-1,-1,-1
86,3,1547.76,1362.78,561.45,525.00,1,-1,-1,-1
87,1,307.33,681.25,262.30,161.82,1,-1,-1,-1
87,2,1692.58,1149.86,269.58,174.44,1,-1,-1,-1
87,3,1548.49,1363.59,560.65,523.70,1,-1,-1,-1
88,1,307.23,681.23,262.37,161.82,1,-1,-1,-1
88,2,1692.59,1149.79,269.73,174.55,1,-1,-1,-1
88,3,1548.28,1363.41,561.26,523.81,1,-1,-1,-1
89,1,307.19,681.27,262.51,161.87,1,-1,-1,-1
89,2,1692.45,1149.70,269.94,174.69,1,-1,-1,-1
89,3,1547.81,1363.03,561.84,523.96,1,-1,-1,-1
90,1,307.10,681.35,262.69,161.95,1,-1,-1,-1
90,2,1692.67,1149.61,269.77,174.54,1,-1,-1,-1
90,3,1547.32,1362.63,562.53,524.26,1,-1,-1,-1
91,1,307.18,681.44,262.57,161.82,1,-1,-1,-1
91,2,1689.53,1149.75,270.83,175.24,1,-1,-1,-1
91,3,1547.04,1362.26,563.11,524.48,1,-1,-1,-1
92,1,307.22,681.43,262.71,161.86,1,-1,-1,-1
92,2,1688.19,1149.38,272.12,176.02,1,-1,-1,-1
92,3,1546.43,1361.75,563.93,524.99,1,-1,-1,-1
93,1,307.25,681.43,262.68,161.78,1,-1,-1,-1
93,2,1687.54,1149.30,272.56,176.28,1,-1,-1,-1
93,3,1546.60,1361.57,564.22,524.96,1,-1,-1,-1
94,1,307.25,681.48,262.68,161.72,1,-1,-1,-1
94,2,1687.33,1149.30,272.77,176.36,1,-1,-1,-1
94,3,1546.41,1361.65,564.33,524.74,1,-1,-1,-1
95,1,307.14,681.38,263.03,161.90,1,-1,-1,-1
95,2,1687.53,1149.38,272.77,176.30,1,-1,-1,-1
95,3,1545.42,1361.10,565.38,525.56,1,-1,-1,-1
96,1,307.10,681.22,263.20,161.97,1,-1,-1,-1
96,2,1687.27,1149.40,272.92,176.32,1,-1,-1,-1
96,3,1545.14,1361.10,565.87,525.84,1,-1,-1,-1
97,1,307.16,681.29,263.06,161.83,1,-1,-1,-1
97,2,1686.86,1149.32,272.94,176.36,1,-1,-1,-1
97,3,1544.63,1360.91,566.46,526.29,1,-1,-1,-1
98,1,307.18,681.29,263.00,161.79,1,-1,-1,-1
98,2,1686.57,1149.37,272.48,176.16,1,-1,-1,-1
98,3,1544.86,1361.27,566.22,526.01,1,-1,-1,-1
99,1,307.15,681.24,262.92,161.73,1,-1,-1,-1
99,2,1686.35,1149.15,272.46,176.28,1,-1,-1,-1
99,3,1545.29,1361.74,565.98,525.67,1,-1,-1,-1
100,1,307.07,681.15,263.08,161.81,1,-1,-1,-1
100,2,1686.62,1149.25,271.40,175.60,1,-1,-1,-1
100,3,1545.59,1362.20,565.67,525.20,1,-1,-1,-1
101,1,306.80,680.61,264.06,162.48,1,-1,-1,-1
101,2,1686.97,1149.25,269.63,174.35,1,-1,-1,-1
101,3,1546.06,1363.30,566.27,525.76,1,-1,-1,-1
102,1,306.82,680.49,264.32,162.71,1,-1,-1,-1
102,2,1686.61,1149.01,268.46,173.63,1,-1,-1,-1
102,3,1547.09,1364.23,565.98,525.30,1,-1,-1,-1
102,7,1961.64,1222.02,232.67,176.99,1,-1,-1,-1
103,1,306.70,680.42,264.57,162.94,1,-1,-1,-1
103,2,1685.76,1148.31,269.81,174.43,1,-1,-1,-1
103,3,1547.09,1364.46,566.59,525.77,1,-1,-1,-1
103,7,1933.10,1216.47,235.37,178.34,1,-1,-1,-1
104,1,306.91,680.63,264.34,162.84,1,-1,-1,-1
104,2,1685.47,1148.18,269.69,174.35,1,-1,-1,-1
104,3,1548.00,1366.09,565.31,523.95,1,-1,-1,-1
104,7,1903.45,1208.38,245.19,184.38,1,-1,-1,-1
105,1,307.10,680.65,264.13,162.75,1,-1,-1,-1
105,3,1548.45,1364.86,567.46,525.73,1,-1,-1,-1
105,7,1870.80,1203.34,251.37,187.19,1,-1,-1,-1
106,1,307.02,679.59,267.07,164.52,1,-1,-1,-1
106,3,1545.39,1363.89,570.84,529.17,1,-1,-1,-1
106,7,1829.73,1195.66,257.34,189.79,1,-1,-1,-1
107,1,303.13,677.48,270.84,167.00,1,-1,-1,-1
107,3,1544.72,1361.97,572.40,531.21,1,-1,-1,-1
107,7,1785.37,1179.16,276.95,202.22,1,-1,-1,-1
108,1,302.49,676.85,274.42,169.27,1,-1,-1,-1
108,3,1543.45,1361.09,574.28,533.97,1,-1,-1,-1
108,7,1736.20,1160.31,298.58,215.37,1,-1,-1,-1
109,1,303.95,677.00,275.25,170.03,1,-1,-1,-1
109,3,1542.45,1359.13,575.81,536.63,1,-1,-1,-1
109,7,1703.99,1152.20,305.06,217.29,1,-1,-1,-1
109,8,135.14,1249.20,712.62,670.61,1,-1,-1,-1
110,1,303.66,676.66,276.38,170.72,1,-1,-1,-1
110,3,1541.75,1358.22,573.67,535.30,1,-1,-1,-1
110,7,1660.50,1142.93,315.74,221.52,1,-1,-1,-1
110,8,261.68,1235.88,684.10,629.10,1,-1,-1,-1
111,3,1542.04,1358.47,570.99,533.01,1,-1,-1,-1
111,7,1615.88,1133.48,327.21,225.67,1,-1,-1,-1
111,8,475.18,1229.64,615.89,550.91,1,-1,-1,-1
111,9,305.09,677.28,265.31,169.55,1,-1,-1,-1
112,3,1541.88,1357.63,571.06,533.13,1,-1,-1,-1
112,7,1569.70,1122.11,345.13,233.03,1,-1,-1,-1
112,8,674.10,1231.39,552.73,480.97,1,-1,-1,-1
112,9,306.93,678.36,262.43,167.70,1,-1,-1,-1
113,3,1542.65,1357.95,570.98,533.06,1,-1,-1,-1
113,7,1529.93,1111.36,365.79,240.09,1,-1,-1,-1
113,8,834.71,1233.25,512.40,433.71,1,-1,-1,-1
113,9,308.13,679.21,260.21,166.19,1,-1,-1,-1
114,3,1543.48,1358.11,570.76,533.04,1,-1,-1,-1
114,7,1494.58,1102.43,388.51,246.73,1,-1,-1,-1
114,8,968.04,1233.15,486.82,401.12,1,-1,-1,-1
114,9,308.81,679.75,259.07,165.35,1,-1,-1,-1
115,3,1543.69,1357.44,571.99,534.86,1,-1,-1,-1
115,7,1453.70,1093.22,417.14,255.91,1,-1,-1,-1
115,8,1073.79,1231.46,471.49,378.52,1,-1,-1,-1
115,9,309.14,679.93,258.31,164.69,1,-1,-1,-1
116,3,1543.28,1357.68,571.18,534.92,1,-1,-1,-1
116,7,1370.34,1084.44,436.31,263.42,1,-1,-1,-1
116,8,1165.29,1227.97,460.15,362.30,1,-1,-1,-1
116,9,309.66,680.32,257.41,163.92,1,-1,-1,-1
117,3,1541.65,1357.56,571.36,535.89,1,-1,-1,-1
117,7,1289.08,1071.53,445.81,267.34,1,-1,-1,-1
117,8,1248.42,1231.95,442.84,342.71,1,-1,-1,-1
117,9,309.71,680.32,257.43,163.74,1,-1,-1,-1
118,3,1542.03,1359.67,569.20,533.86,1,-1,-1,-1
118,7,1220.34,1059.08,469.70,281.00,1,-1,-1,-1
118,8,1315.76,1239.02,418.95,317.45,1,-1,-1,-1
118,9,309.83,680.61,257.47,163.57,1,-1,-1,-1
119,3,1539.36,1361.01,569.79,533.96,1,-1,-1,-1
119,7,1156.05,1051.81,491.49,292.43,1,-1,-1,-1
119,8,1427.57,1238.67,382.34,289.71,1,-1,-1,-1
119,9,309.81,680.68,257.66,163.51,1,-1,-1,-1
119,10,1695.35,1146.21,260.92,179.40,1,-1,-1,-1
120,3,1539.73,1364.37,567.62,530.94,1,-1,-1,-1
120,7,1088.24,1045.98,511.58,302.33,1,-1,-1,-1
120,9,309.75,680.75,258.00,163.53,1,-1,-1,-1
120,10,1693.64,1148.42,263.32,180.95,1,-1,-1,-1
121,3,1539.63,1364.82,568.28,530.83,1,-1,-1,-1
121,7,1006.56,1037.67,538.59,316.75,1,-1,-1,-1
121,9,308.22,679.75,260.91,165.26,1,-1,-1,-1
121,10,1686.61,1147.41,276.43,190.05,1,-1,-1,-1
122,3,1543.97,1363.94,568.04,531.16,1,-1,-1,-1
122,7,915.38,1023.43,575.97,337.95,1,-1,-1,-1
122,9,307.52,679.15,262.30,166.05,1,-1,-1,-1
122,10,1675.99,1145.22,289.61,199.21,1,-1,-1,-1
123,3,1547.77,1364.64,565.82,529.85,1,-1,-1,-1
123,7,818.42,1008.99,618.89,362.22,1,-1,-1,-1
123,9,307.13,678.98,262.97,166.38,1,-1,-1,-1
123,10,1675.58,1145.06,293.28,202.25,1,-1,-1,-1
124,3,1551.44,1367.65,561.58,526.19,1,-1,-1,-1
124,7,713.97,997.99,659.31,384.52,1,-1,-1,-1
124,9,306.72,678.91,263.87,166.90,1,-1,-1,-1
124,10,1679.83,1145.55,287.92,198.70,1,-1,-1,-1
125,3,1551.23,1365.73,561.53,526.54,1,-1,-1,-1
125,7,594.99,987.31,705.49,410.09,1,-1,-1,-1
125,9,305.98,678.64,264.97,167.59,1,-1,-1,-1
125,10,1686.65,1144.63,280.16,193.40,1,-1,-1,-1
126,3,1549.33,1362.66,564.03,529.73,1,-1,-1,-1
126,7,460.99,974.38,761.80,440.31,1,-1,-1,-1
126,9,305.23,678.61,265.69,168.10,1,-1,-1,-1
126,10,1692.21,1145.40,276.04,190.18,1,-1,-1,-1
127,3,1549.68,1362.66,563.93,529.64,1,-1,-1,-1
127,7,300.95,957.33,830.62,476.45,1,-1,-1,-1
127,9,303.86,678.36,267.05,169.11,1,-1,-1,-1
127,10,1694.21,1145.96,272.82,187.46,1,-1,-1,-1
128,7,112.53,938.29,918.91,523.50,1,-1,-1,-1
128,9,303.20,676.83,270.77,171.72,1,-1,-1,-1
128,10,1694.89,1144.62,268.68,184.32,1,-1,-1,-1
129,7,-20.77,923.08,991.60,571.92,1,-1,-1,-1
129,9,301.58,675.62,274.21,173.91,1,-1,-1,-1
129,10,1693.80,1145.33,266.43,182.38,1,-1,-1,-1
130,7,-94.74,904.58,975.45,574.79,1,-1,-1,-1
130,9,300.85,674.76,275.26,174.48,1,-1,-1,-1
130,10,1691.67,1146.61,263.65,179.80,1,-1,-1,-1
130,12,1547.90,1359.01,568.43,532.93,1,-1,-1,-1
131,7,-171.33,898.15,961.65,589.27,1,-1,-1,-1
131,9,303.65,675.24,272.41,172.41,1,-1,-1,-1
131,10,1690.33,1147.27,261.58,177.47,1,-1,-1,-1
131,12,1548.29,1356.37,567.63,532.00,1,-1,-1,-1
131,13,1908.70,1292.11,274.13,190.37,1,-1,-1,-1
132,7,-201.08,972.77,854.68,549.48,1,-1,-1,-1
132,9,306.05,676.50,268.30,169.72,1,-1,-1,-1
132,10,1690.31,1147.29,261.13,176.33,1,-1,-1,-1
132,12,1548.21,1355.64,568.48,532.69,1,-1,-1,-1
132,13,1940.37,1294.71,266.01,184.74,1,-1,-1,-1
133,7,-285.46,967.32,876.41,563.45,1,-1,-1,-1
133,9,308.74,678.94,262.21,165.44,1,-1,-1,-1
133,10,1690.77,1147.62,261.15,175.47,1,-1,-1,-1
133,12,1548.25,1354.39,568.83,533.02,1,-1,-1,-1
133,13,1974.96,1296.70,260.71,181.38,1,-1,-1,-1
134,9,309.79,680.12,259.01,163.05,1,-1,-1,-1
134,10,1690.89,1147.94,261.64,175.12,1,-1,-1,-1
134,13,2002.01,1299.73,254.64,177.99,1,-1,-1,-1
135,9,310.08,680.47,258.26,162.25,1,-1,-1,-1
135,10,1690.78,1147.81,262.64,175.16,1,-1,-1,-1
135,13,2031.14,1301.60,259.68,182.36,1,-1,-1,-1
136,9,309.79,680.51,258.46,162.07,1,-1,-1,-1
136,10,1690.91,1148.04,263.38,175.03,1,-1,-1,-1
136,13,2058.31,1305.02,255.03,180.02,1,-1,-1,-1
137,9,309.54,680.67,258.66,161.89,1,-1,-1,-1
137,10,1690.60,1148.24,264.27,175.04,1,-1,-1,-1
137,13,2088.63,1309.86,247.89,175.58,1,-1,-1,-1
138,9,309.21,680.65,259.20,161.96,1,-1,-1,-1
138,10,1690.23,1148.29,265.19,175.08,1,-1,-1,-1
138,13,2120.43,1315.93,238.55,169.72,1,-1,-1,-1
139,9,308.91,680.60,259.73,162.06,1,-1,-1,-1
139,10,1690.12,1148.69,265.48,174.74,1,-1,-1,-1
139,13,2151.06,1320.04,234.54,168.72,1,-1,-1,-1
140,9,308.78,680.61,259.99,162.00,1,-1,-1,-1
140,10,1689.91,1148.70,266.08,174.68,1,-1,-1,-1
140,13,2184.30,1323.53,231.08,168.87,1,-1,-1,-1
141,9,308.40,680.45,261.17,162.54,1,-1,-1,-1
141,10,1689.02,1148.99,267.03,174.83,1,-1,-1,-1
141,13,2204.21,1325.87,229.31,169.59,1,-1,-1,-1
142,9,308.28,680.70,261.39,162.45,1,-1,-1,-1
142,10,1688.82,1149.66,266.87,174.27,1,-1,-1,-1
142,13,2222.85,1330.28,224.85,167.13,1,-1,-1,-1
143,9,307.98,681.34,261.47,162.24,1,-1,-1,-1
143,10,1691.96,1150.30,265.85,173.12,1,-1,-1,-1
143,13,2246.36,1336.09,216.16,161.85,1,-1,-1,-1
144,9,307.36,682.12,261.50,161.96,1,-1,-1,-1
144,10,1692.05,1150.94,266.69,173.25,1,-1,-1,-1
144,13,2266.52,1341.37,213.74,160.87,1,-1,-1,-1
145,9,307.14,682.47,261.85,161.91,1,-1,-1,-1
145,10,1692.21,1151.31,266.98,173.00,1,-1,-1,-1
145,13,2284.00,1344.93,212.42,161.23,1,-1,-1,-1
146,9,306.69,682.38,262.48,162.09,1,-1,-1,-1
146,10,1691.85,1151.09,267.37,172.89,1,-1,-1,-1
146,13,2301.77,1347.66,211.91,162.14,1,-1,-1,-1
146,15,1543.07,1363.77,571.58,527.32,1,-1,-1,-1
147,9,306.16,682.11,263.45,162.53,1,-1,-1,-1
147,10,1691.34,1150.81,268.11,173.07,1,-1,-1,-1
147,13,2318.09,1351.65,209.61,161.79,1,-1,-1,-1
147,15,1542.13,1363.19,573.69,529.39,1,-1,-1,-1
148,9,305.55,681.66,264.65,163.15,1,-1,-1,-1
148,10,1690.91,1150.60,268.95,173.37,1,-1,-1,-1
148,13,2334.30,1354.78,209.15,163.16,1,-1,-1,-1
148,15,1540.73,1363.51,577.62,533.33,1,-1,-1,-1
149,9,304.84,680.89,265.93,163.78,1,-1,-1,-1
149,10,1690.06,1149.55,270.26,173.96,1,-1,-1,-1
149,13,2347.26,1354.60,210.56,166.65,1,-1,-1,-1
149,15,1539.96,1363.39,579.61,535.16,1,-1,-1,-1
150,9,304.66,680.24,267.01,164.39,1,-1,-1,-1
150,10,1689.58,1148.73,271.35,174.52,1,-1,-1,-1
150,13,2360.92,1356.39,209.65,169.39,1,-1,-1,-1
151,9,304.62,679.97,267.45,164.62,1,-1,-1,-1
151,10,1689.53,1149.30,270.87,174.17,1,-1,-1,-1
151,13,2371.50,1357.19,207.49,171.36,1,-1,-1,-1
152,9,304.96,679.78,267.55,164.70,1,-1,-1,-1
152,10,1689.56,1149.68,270.53,173.95,1,-1,-1,-1
152,13,2389.39,1360.03,207.57,171.43,1,-1,-1,-1
152,16,1541.85,1360.59,572.90,533.26,1,-1,-1,-1
153,9,304.44,679.30,268.63,165.36,1,-1,-1,-1
153,10,1689.70,1149.90,270.36,173.75,1,-1,-1,-1
153,16,1541.34,1359.85,574.00,534.53,1,-1,-1,-1
154,9,304.39,679.03,269.10,165.70,1,-1,-1,-1
154,10,1689.95,1150.09,270.17,173.60,1,-1,-1,-1
154,16,1541.08,1359.52,574.13,535.03,1,-1,-1,-1
155,9,304.97,679.38,268.40,165.23,1,-1,-1,-1
155,10,1690.55,1150.42,269.50,173.08,1,-1,-1,-1
155,16,1541.61,1359.39,572.59,533.96,1,-1,-1,-1
156,9,305.38,679.78,267.48,164.45,1,-1,-1,-1
156,10,1690.61,1150.93,268.92,172.41,1,-1,-1,-1
156,16,1541.92,1359.35,571.38,533.05,1,-1,-1,-1
157,9,306.22,680.26,266.31,163.71,1,-1,-1,-1
157,10,1690.34,1150.92,269.94,173.06,1,-1,-1,-1
157,16,1541.60,1359.47,572.66,534.68,1,-1,-1,-1
158,9,307.12,680.37,265.98,163.42,1,-1,-1,-1
158,10,1690.63,1150.94,269.73,172.78,1,-1,-1,-1
158,16,1542.01,1359.39,571.94,534.35,1,-1,-1,-1
159,9,306.29,680.72,265.38,162.55,1,-1,-1,-1
159,10,1689.34,1151.23,269.89,172.20,1,-1,-1,-1
159,16,1541.39,1360.04,570.84,532.92,1,-1,-1,-1
160,9,306.80,680.79,264.55,162.07,1,-1,-1,-1
160,10,1690.66,1151.60,269.28,171.81,1,-1,-1,-1
160,16,1542.29,1360.10,570.97,533.48,1,-1,-1,-1
161,9,306.60,680.73,264.59,162.25,1,-1,-1,-1
161,10,1691.33,1151.51,269.59,171.98,1,-1,-1,-1
161,16,1543.80,1361.42,571.22,534.15,1,-1,-1,-1
162,9,306.55,680.65,264.70,162.47,1,-1,-1,-1
162,10,1691.82,1151.32,269.82,172.13,1,-1,-1,-1
162,16,1544.28,1361.32,571.26,534.67,1,-1,-1,-1
163,9,306.58,680.57,264.64,162.58,1,-1,-1,-1
163,10,1691.82,1151.14,270.13,172.35,1,-1,-1,-1
163,16,1544.63,1361.35,570.94,534.85,1,-1,-1,-1
164,9,306.64,680.52,264.60,162.67,1,-1,-1,-1
164,10,1691.72,1151.04,270.37,172.49,1,-1,-1,-1
164,16,1544.80,1361.12,570.62,535.01,1,-1,-1,-1
165,9,306.76,680.53,264.42,162.66,1,-1,-1,-1
165,10,1691.54,1150.97,270.72,172.71,1,-1,-1,-1
165,16,1544.77,1360.98,570.58,535.43,1,-1,-1,-1
166,9,307.02,680.65,264.00,162.52,1,-1,-1,-1
166,10,1691.56,1151.11,270.47,172.55,1,-1,-1,-1
166,16,1545.15,1361.13,569.91,535.19,1,-1,-1,-1
167,9,307.07,680.68,263.77,162.46,1,-1,-1,-1
167,10,1691.59,1151.02,270.47,172.56,1,-1,-1,-1
167,16,1545.46,1361.14,569.25,534.92,1,-1,-1,-1
168,9,307.12,680.68,263.58,162.41,1,-1,-1,-1
168,10,1691.68,1150.96,270.40,172.52,1,-1,-1,-1
168,16,1545.63,1361.01,568.72,534.76,1,-1,-1,-1
169,9,306.74,680.46,264.31,162.96,1,-1,-1,-1
169,10,1691.15,1151.00,270.84,172.88,1,-1,-1,-1
169,16,1546.28,1360.98,567.67,533.71,1,-1,-1,-1
170,9,306.72,680.40,264.36,163.09,1,-1,-1,-1
170,10,1691.23,1151.04,270.67,172.84,1,-1,-1,-1
170,16,1546.96,1361.23,566.85,532.92,1,-1,-1,-1
171,9,306.88,680.61,263.99,162.87,1,-1,-1,-1
171,10,1692.31,1151.46,268.98,171.71,1,-1,-1,-1
171,16,1546.45,1361.06,565.98,531.91,1,-1,-1,-1
172,9,307.13,680.75,263.55,162.61,1,-1,-1,-1
172,10,1692.76,1151.54,268.36,171.29,1,-1,-1,-1
172,16,1546.24,1360.91,565.88,531.68,1,-1,-1,-1
173,9,307.03,680.85,263.63,162.66,1,-1,-1,-1
173,10,1692.77,1151.64,268.23,171.16,1,-1,-1,-1
173,16,1545.66,1360.60,566.34,531.95,1,-1,-1,-1
174,9,306.97,680.88,263.87,162.83,1,-1,-1,-1
174,10,1692.17,1151.49,268.79,171.49,1,-1,-1,-1
174,16,1544.98,1359.84,566.73,532.14,1,-1,-1,-1
175,9,306.86,680.72,264.31,163.14,1,-1,-1,-1
175,10,1692.00,1151.49,268.98,171.62,1,-1,-1,-1
175,16,1544.43,1359.29,567.55,532.77,1,-1,-1,-1
176,9,306.81,680.63,264.37,163.20,1,-1,-1,-1
176,10,1692.40,1151.70,268.62,171.38,1,-1,-1,-1
176,16,1544.53,1359.62,567.96,533.14,1,-1,-1,-1
177,9,306.68,680.59,264.42,163.26,1,-1,-1,-1
177,10,1692.35,1151.68,268.72,171.44,1,-1,-1,-1
177,16,1544.25,1359.49,568.24,533.38,1,-1,-1,-1
178,9,306.64,680.57,264.51,163.32,1,-1,-1,-1
178,10,1692.10,1151.58,268.80,171.47,1,-1,-1,-1
178,16,1543.82,1359.15,568.73,533.81,1,-1,-1,-1
179,9,306.61,680.52,264.55,163.34,1,-1,-1,-1
179,10,1692.09,1151.51,268.98,171.57,1,-1,-1,-1
179,16,1543.62,1358.99,569.36,534.43,1,-1,-1,-1
180,9,306.55,680.42,264.60,163.35,1,-1,-1,-1
180,10,1691.78,1151.31,269.24,171.73,1,-1,-1,-1
180,16,1543.21,1358.72,569.88,534.94,1,-1,-1,-1
181,9,306.91,680.60,264.45,163.25,1,-1,-1,-1
181,10,1691.79,1150.94,269.80,172.14,1,-1,-1,-1
181,16,1543.13,1358.86,569.79,534.63,1,-1,-1,-1
182,9,306.99,680.74,264.36,163.19,1,-1,-1,-1
182,10,1691.77,1150.93,270.00,172.29,1,-1,-1,-1
182,16,1543.27,1359.09,569.59,534.17,1,-1,-1,-1
183,9,306.99,680.75,264.27,163.14,1,-1,-1,-1
183,10,1691.73,1150.91,270.14,172.40,1,-1,-1,-1
183,16,1543.41,1359.24,569.51,533.84,1,-1,-1,-1
184,9,306.93,680.80,264.34,163.18,1,-1,-1,-1
184,10,1691.61,1150.89,270.19,172.45,1,-1,-1,-1
184,16,1543.49,1360.15,568.49,532.37,1,-1,-1,-1
185,9,306.71,680.57,264.83,163.50,1,-1,-1,-1
185,10,1691.42,1150.55,270.62,172.77,1,-1,-1,-1
185,16,1545.29,1362.19,565.43,528.90,1,-1,-1,-1
186,9,306.58,680.45,264.93,163.58,1,-1,-1,-1
186,10,1691.38,1150.40,270.56,172.80,1,-1,-1,-1
186,16,1545.52,1362.81,565.01,528.04,1,-1,-1,-1
187,9,306.68,680.57,264.89,163.55,1,-1,-1,-1
187,10,1691.26,1150.34,270.71,172.94,1,-1,-1,-1
187,16,1545.02,1362.63,565.80,528.42,1,-1,-1,-1
188,9,306.62,680.60,264.90,163.56,1,-1,-1,-1
188,10,1691.05,1150.18,271.19,173.28,1,-1,-1,-1
188,16,1544.30,1362.14,566.90,529.13,1,-1,-1,-1
189,9,306.63,680.52,264.72,163.46,1,-1,-1,-1
189,10,1691.59,1150.34,270.75,173.03,1,-1,-1,-1
189,16,1544.69,1362.73,566.67,528.64,1,-1,-1,-1
190,9,306.63,680.54,264.56,163.35,1,-1,-1,-1
190,10,1691.88,1150.40,270.42,172.82,1,-1,-1,-1
190,16,1544.48,1362.61,566.85,528.55,1,-1,-1,-1
191,9,306.56,680.50,264.69,163.43,1,-1,-1,-1
191,10,1688.42,1150.33,272.03,173.96,1,-1,-1,-1
191,16,1543.38,1361.77,567.83,529.37,1,-1,-1,-1
192,9,306.70,680.62,264.59,163.35,1,-1,-1,-1
192,10,1687.28,1150.39,272.10,173.99,1,-1,-1,-1
192,16,1542.80,1361.17,568.49,529.90,1,-1,-1,-1
193,9,306.69,680.72,264.92,163.54,1,-1,-1,-1
193,10,1686.81,1150.12,272.80,174.41,1,-1,-1,-1
193,16,1542.13,1360.85,569.26,530.51,1,-1,-1,-1
194,9,306.63,680.72,264.78,163.42,1,-1,-1,-1
194,10,1686.80,1149.97,272.83,174.39,1,-1,-1,-1
194,16,1542.41,1361.28,568.94,530.16,1,-1,-1,-1
195,9,306.66,680.75,264.81,163.42,1,-1,-1,-1
195,10,1690.27,1150.23,271.85,174.14,1,-1,-1,-1
195,16,1542.79,1361.77,568.13,529.23,1,-1,-1,-1
196,9,306.69,680.79,264.82,163.42,1,-1,-1,-1
196,10,1687.49,1149.92,273.79,175.67,1,-1,-1,-1
196,16,1543.45,1362.68,567.21,528.17,1,-1,-1,-1
197,9,306.61,680.73,265.00,163.52,1,-1,-1,-1
197,10,1687.24,1150.18,272.67,174.88,1,-1,-1,-1
197,16,1543.07,1362.39,567.83,528.71,1,-1,-1,-1
198,9,306.63,680.67,264.91,163.48,1,-1,-1,-1
198,10,1686.92,1150.29,272.10,174.46,1,-1,-1,-1
198,16,1542.89,1362.14,567.99,528.81,1,-1,-1,-1
199,9,306.64,680.60,264.82,163.45,1,-1,-1,-1
199,10,1686.65,1150.26,271.69,174.23,1,-1,-1,-1
199,16,1543.05,1362.08,567.62,528.43,1,-1,-1,-1
200,9,306.65,680.56,264.87,163.50,1,-1,-1,-1
200,10,1686.48,1150.32,271.66,174.24,1,-1,-1,-1
200,16,1542.98,1361.96,567.87,528.57,1,-1,-1,-1
201,9,307.15,680.38,263.90,162.85,1,-1,-1,-1
201,10,1686.70,1150.80,270.32,173.38,1,-1,-1,-1
201,16,1544.91,1363.71,567.08,527.60,1,-1,-1,-1
202,9,307.32,680.37,263.44,162.53,1,-1,-1,-1
202,10,1686.68,1151.01,269.38,172.72,1,-1,-1,-1
202,16,1545.81,1364.80,566.90,527.16,1,-1,-1,-1
203,9,307.44,680.30,263.19,162.36,1,-1,-1,-1
203,10,1686.56,1150.99,269.14,172.50,1,-1,-1,-1
203,16,1546.10,1364.47,567.70,527.67,1,-1,-1,-1
204,9,307.46,680.34,263.05,162.26,1,-1,-1,-1
204,10,1685.67,1150.66,269.52,172.78,1,-1,-1,-1
204,16,1546.05,1363.90,568.60,528.23,1,-1,-1,-1
205,9,307.03,680.30,263.35,162.41,1,-1,-1,-1
205,10,1685.19,1150.19,270.10,173.17,1,-1,-1,-1
205,16,1546.94,1364.66,568.16,527.24,1,-1,-1,-1
205,20,1928.63,1231.27,245.38,165.03,1,-1,-1,-1
206,9,306.68,680.24,263.69,162.58,1,-1,-1,-1
206,10,1682.76,1149.37,272.77,175.02,1,-1,-1,-1
206,16,1547.14,1364.85,568.44,526.87,1,-1,-1,-1
206,20,1895.94,1221.78,255.92,172.16,1,-1,-1,-1
207,9,306.61,680.23,263.93,162.69,1,-1,-1,-1
207,10,1682.21,1149.24,273.05,175.20,1,-1,-1,-1
207,16,1546.18,1364.41,569.43,527.26,1,-1,-1,-1
207,20,1868.82,1216.98,255.88,172.08,1,-1,-1,-1
208,9,306.81,680.40,263.61,162.43,1,-1,-1,-1
208,16,1546.52,1365.22,568.85,526.22,1,-1,-1,-1
208,20,1837.26,1214.05,256.48,172.23,1,-1,-1,-1
209,9,306.60,680.47,263.50,162.31,1,-1,-1,-1
209,16,1546.39,1365.89,568.73,525.79,1,-1,-1,-1
209,20,1800.03,1205.00,266.01,178.23,1,-1,-1,-1
210,9,306.51,680.46,263.70,162.39,1,-1,-1,-1
210,16,1546.65,1366.78,567.95,524.77,1,-1,-1,-1
210,20,1765.31,1198.76,274.86,183.91,1,-1,-1,-1
211,9,306.26,680.24,264.15,162.66,1,-1,-1,-1
211,16,1547.01,1367.47,567.58,524.23,1,-1,-1,-1
211,20,1723.08,1185.80,288.32,192.16,1,-1,-1,-1
212,9,306.19,680.05,264.35,162.82,1,-1,-1,-1
212,16,1546.23,1367.08,569.49,526.17,1,-1,-1,-1
212,20,1681.70,1168.74,303.45,201.78,1,-1,-1,-1
213,9,306.35,680.26,263.82,162.51,1,-1,-1,-1
213,16,1545.67,1366.12,570.61,527.40,1,-1,-1,-1
213,20,1641.75,1156.77,313.86,207.07,1,-1,-1,-1
214,9,306.14,680.24,263.90,162.56,1,-1,-1,-1
214,16,1544.66,1364.45,572.38,529.33,1,-1,-1,-1
214,20,1602.97,1148.92,322.54,209.71,1,-1,-1,-1
215,9,306.19,680.39,263.81,162.49,1,-1,-1,-1
215,16,1543.87,1363.62,572.95,529.97,1,-1,-1,-1
215,20,1570.79,1142.44,335.00,211.89,1,-1,-1,-1
216,9,306.21,680.44,263.90,162.54,1,-1,-1,-1
216,16,1541.99,1363.04,574.45,531.40,1,-1,-1,-1
216,20,1534.58,1133.72,353.98,216.37,1,-1,-1,-1
217,9,306.04,680.35,264.33,162.84,1,-1,-1,-1
217,16,1539.67,1362.94,575.33,532.31,1,-1,-1,-1
217,20,1466.64,1126.91,361.59,217.43,1,-1,-1,-1
218,9,305.91,680.27,264.43,163.00,1,-1,-1,-1
218,16,1539.13,1362.69,575.47,532.73,1,-1,-1,-1
218,20,1403.09,1118.85,372.98,221.83,1,-1,-1,-1
219,9,305.72,680.07,264.80,163.40,1,-1,-1,-1
219,16,1538.84,1361.36,577.17,535.15,1,-1,-1,-1
219,20,1341.52,1110.97,381.41,224.90,1,-1,-1,-1
220,9,305.40,679.92,265.11,163.75,1,-1,-1,-1
220,16,1539.42,1360.39,577.90,536.67,1,-1,-1,-1
220,20,1280.41,1102.73,394.38,230.81,1,-1,-1,-1
220,21,1710.09,1149.56,234.63,175.25,1,-1,-1,-1
221,9,305.23,679.45,265.81,164.41,1,-1,-1,-1
221,16,1539.10,1358.16,578.75,538.63,1,-1,-1,-1
221,20,1216.88,1094.25,410.32,238.43,1,-1,-1,-1
221,21,1708.87,1148.78,236.27,175.57,1,-1,-1,-1
222,9,305.14,679.19,266.23,164.89,1,-1,-1,-1
222,16,1538.55,1357.58,579.71,539.53,1,-1,-1,-1
222,20,1147.51,1083.44,432.69,250.20,1,-1,-1,-1
222,21,1707.74,1148.30,238.46,176.11,1,-1,-1,-1
223,9,304.96,679.00,266.54,165.31,1,-1,-1,-1
223,20,1075.06,1073.98,457.67,262.99,1,-1,-1,-1
223,21,1706.72,1148.14,240.49,176.38,1,-1,-1,-1
224,9,304.93,678.88,266.66,165.63,1,-1,-1,-1
224,20,991.89,1063.34,483.38,276.56,1,-1,-1,-1
224,21,1705.47,1148.18,242.30,176.36,1,-1,-1,-1
225,9,304.70,678.76,266.85,165.98,1,-1,-1,-1
225,20,904.61,1049.81,513.79,292.70,1,-1,-1,-1
225,21,1704.29,1148.28,244.28,176.37,1,-1,-1,-1
226,9,304.52,678.55,267.21,166.48,1,-1,-1,-1
226,20,806.40,1037.83,544.72,308.78,1,-1,-1,-1
226,21,1703.45,1148.45,245.96,176.14,1,-1,-1,-1
227,9,304.45,678.63,267.48,166.92,1,-1,-1,-1
227,20,702.97,1025.88,580.61,327.84,1,-1,-1,-1
227,21,1702.79,1148.58,247.57,175.87,1,-1,-1,-1
227,22,1545.38,1358.75,566.25,533.53,1,-1,-1,-1
228,9,304.38,678.70,267.77,167.39,1,-1,-1,-1
228,20,586.76,1015.05,621.12,349.03,1,-1,-1,-1
228,21,1701.84,1148.49,249.48,175.81,1,-1,-1,-1
228,22,1545.44,1358.62,566.07,533.26,1,-1,-1,-1
229,9,304.43,678.61,268.53,168.23,1,-1,-1,-1
229,20,443.17,1002.28,673.55,376.05,1,-1,-1,-1
229,21,1701.56,1148.47,251.22,175.74,1,-1,-1,-1
229,22,1545.84,1357.61,565.54,532.64,1,-1,-1,-1
230,9,303.34,677.88,270.24,169.78,1,-1,-1,-1
230,20,276.92,986.98,732.46,406.55,1,-1,-1,-1
230,21,1701.13,1148.23,253.14,175.95,1,-1,-1,-1
230,22,1546.11,1357.22,565.59,532.63,1,-1,-1,-1
231,9,302.00,676.33,273.84,172.42,1,-1,-1,-1
231,20,98.46,974.67,798.58,440.66,1,-1,-1,-1
231,21,1701.04,1148.60,253.84,175.25,1,-1,-1,-1
231,22,1547.04,1357.44,566.96,533.91,1,-1,-1,-1
232,9,301.46,675.04,275.05,173.43,1,-1,-1,-1
232,20,-28.61,958.06,841.62,471.90,1,-1,-1,-1
232,21,1700.45,1148.87,254.62,174.57,1,-1,-1,-1
232,22,1547.49,1358.28,566.46,533.22,1,-1,-1,-1
233,9,302.03,674.17,273.86,172.68,1,-1,-1,-1
233,20,-115.72,952.27,834.14,482.79,1,-1,-1,-1
233,21,1699.93,1149.32,255.54,174.15,1,-1,-1,-1
233,22,1547.40,1358.11,566.98,533.52,1,-1,-1,-1
234,9,301.61,673.71,274.81,173.27,1,-1,-1,-1
234,20,-188.22,943.58,821.36,499.14,1,-1,-1,-1
234,21,1699.46,1149.73,256.30,173.66,1,-1,-1,-1
234,22,1547.15,1358.59,567.26,533.59,1,-1,-1,-1
235,20,-276.96,933.24,846.16,514.21,1,-1,-1,-1
235,21,1698.64,1150.47,256.82,172.84,1,-1,-1,-1
235,22,1546.28,1358.82,567.73,533.51,1,-1,-1,-1
235,23,308.54,677.90,262.98,166.74,1,-1,-1,-1
236,21,1698.62,1151.66,256.75,171.83,1,-1,-1,-1
236,22,1546.04,1358.72,568.07,533.71,1,-1,-1,-1
236,23,310.00,679.57,258.12,163.48,1,-1,-1,-1
237,21,1698.00,1152.02,257.74,171.65,1,-1,-1,-1
237,22,1545.60,1358.40,568.42,533.90,1,-1,-1,-1
237,23,310.36,680.19,257.11,162.64,1,-1,-1,-1
238,21,1697.43,1152.17,258.77,171.58,1,-1,-1,-1
238,22,1545.46,1358.22,568.44,533.75,1,-1,-1,-1
238,23,310.15,680.37,257.27,162.52,1,-1,-1,-1
239,21,1697.07,1152.15,259.77,171.56,1,-1,-1,-1
239,22,1545.30,1358.15,568.84,534.04,1,-1,-1,-1
239,23,309.81,680.24,257.91,162.69,1,-1,-1,-1
240,21,1696.77,1152.28,260.45,171.36,1,-1,-1,-1
240,22,1545.14,1358.05,569.21,534.33,1,-1,-1,-1
240,23,309.50,680.28,258.38,162.74,1,-1,-1,-1
241,21,1696.34,1152.15,261.31,171.35,1,-1,-1,-1
241,22,1545.74,1358.25,568.89,534.05,1,-1,-1,-1
241,23,308.80,680.38,258.87,162.89,1,-1,-1,-1
242,21,1695.98,1152.04,262.13,171.36,1,-1,-1,-1
242,22,1545.93,1358.35,568.88,534.10,1,-1,-1,-1
242,23,308.41,680.28,259.34,163.03,1,-1,-1,-1
243,21,1695.65,1152.02,262.85,171.35,1,-1,-1,-1
243,22,1546.08,1358.30,568.97,534.24,1,-1,-1,-1
243,23,308.15,680.26,259.72,163.11,1,-1,-1,-1
244,21,1695.30,1152.02,263.50,171.36,1,-1,-1,-1
244,22,1546.22,1358.28,568.98,534.34,1,-1,-1,-1
244,23,307.95,680.28,260.02,163.14,1,-1,-1,-1
245,21,1694.99,1152.05,264.09,171.35,1,-1,-1,-1
245,22,1546.38,1358.24,568.69,534.08,1,-1,-1,-1
245,23,307.74,680.36,260.15,163.07,1,-1,-1,-1
246,21,1694.74,1152.08,264.59,171.31,1,-1,-1,-1
246,22,1546.65,1358.38,568.41,533.79,1,-1,-1,-1
246,23,307.68,680.42,260.29,163.01,1,-1,-1,-1
247,21,1694.48,1152.10,265.06,171.30,1,-1,-1,-1
247,22,1546.87,1358.51,568.00,533.35,1,-1,-1,-1
247,23,307.48,680.35,260.62,163.09,1,-1,-1,-1
248,21,1694.17,1152.07,265.59,171.37,1,-1,-1,-1
248,22,1546.93,1358.61,567.86,533.15,1,-1,-1,-1
248,23,307.33,680.33,260.82,163.10,1,-1,-1,-1
249,21,1693.96,1152.07,265.94,171.34,1,-1,-1,-1
249,22,1547.03,1358.68,567.54,532.79,1,-1,-1,-1
249,23,307.15,680.26,261.06,163.15,1,-1,-1,-1
250,21,1693.76,1152.07,266.32,171.38,1,-1,-1,-1
250,22,1546.88,1358.51,567.66,532.88,1,-1,-1,-1
250,23,307.04,680.24,261.32,163.22,1,-1,-1,-1
251,21,1693.94,1152.22,266.42,171.28,1,-1,-1,-1
251,22,1546.52,1357.96,567.67,532.82,1,-1,-1,-1
251,23,307.22,680.15,261.55,163.23,1,-1,-1,-1
252,21,1693.90,1152.30,266.59,171.24,1,-1,-1,-1
252,22,1546.36,1357.82,567.69,532.74,1,-1,-1,-1
252,23,307.11,680.13,261.81,163.27,1,-1,-1,-1
253,21,1693.43,1152.09,267.21,171.54,1,-1,-1,-1
253,22,1545.96,1357.73,568.51,533.49,1,-1,-1,-1
253,23,306.58,680.19,261.78,163.13,1,-1,-1,-1
254,21,1693.13,1151.98,267.58,171.67,1,-1,-1,-1
254,22,1545.71,1357.91,568.61,533.61,1,-1,-1,-1
254,23,306.32,680.18,261.79,163.03,1,-1,-1,-1
255,21,1692.87,1151.84,267.98,171.84,1,-1,-1,-1
255,22,1545.53,1357.72,568.60,533.60,1,-1,-1,-1
255,23,306.14,680.11,262.03,163.08,1,-1,-1,-1
256,21,1692.82,1151.81,268.02,171.79,1,-1,-1,-1
256,22,1545.46,1357.76,568.65,533.70,1,-1,-1,-1
256,23,306.11,680.08,262.16,163.07,1,-1,-1,-1
257,21,1692.79,1151.83,267.95,171.69,1,-1,-1,-1
257,22,1545.52,1358.04,568.58,533.68,1,-1,-1,-1
257,23,306.13,680.09,262.15,162.97,1,-1,-1,-1
258,21,1692.76,1151.89,267.85,171.55,1,-1,-1,-1
258,22,1545.52,1358.22,568.66,533.86,1,-1,-1,-1
258,23,306.12,680.12,262.18,162.91,1,-1,-1,-1
259,21,1692.77,1151.86,267.97,171.58,1,-1,-1,-1
259,22,1545.89,1358.34,568.19,533.50,1,-1,-1,-1
259,23,306.12,680.08,262.24,162.88,1,-1,-1,-1
260,21,1692.66,1151.77,268.12,171.63,1,-1,-1,-1
260,22,1545.81,1358.31,568.09,533.48,1,-1,-1,-1
260,23,306.12,680.06,262.36,162.89,1,-1,-1,-1
261,21,1692.70,1151.76,268.14,171.60,1,-1,-1,-1
261,22,1545.96,1358.25,567.99,533.47,1,-1,-1,-1
261,23,306.29,680.08,262.20,162.74,1,-1,-1,-1
262,21,1692.56,1151.74,268.23,171.62,1,-1,-1,-1
262,22,1545.75,1358.14,568.03,533.57,1,-1,-1,-1
262,23,306.33,680.08,262.19,162.68,1,-1,-1,-1
263,21,1692.30,1151.68,268.49,171.77,1,-1,-1,-1
263,22,1545.47,1357.99,568.11,533.67,1,-1,-1,-1
263,23,306.23,680.08,262.40,162.76,1,-1,-1,-1
264,21,1692.02,1151.72,268.60,171.83,1,-1,-1,-1
264,22,1545.33,1357.84,567.99,533.55,1,-1,-1,-1
264,23,306.18,680.12,262.58,162.82,1,-1,-1,-1
265,21,1692.42,1151.88,268.30,171.60,1,-1,-1,-1
265,22,1545.13,1357.40,568.57,534.18,1,-1,-1,-1
265,23,305.97,680.05,262.71,162.88,1,-1,-1,-1
266,21,1692.45,1151.85,268.46,171.69,1,-1,-1,-1
266,22,1545.15,1357.14,568.88,534.52,1,-1,-1,-1
266,23,305.84,679.89,263.03,163.06,1,-1,-1,-1
267,21,1692.52,1151.90,268.37,171.61,1,-1,-1,-1
267,22,1545.23,1357.10,569.08,534.78,1,-1,-1,-1
267,23,305.71,679.71,263.30,163.21,1,-1,-1,-1
268,21,1692.70,1152.00,268.20,171.48,1,-1,-1,-1
268,22,1545.37,1357.07,569.08,534.86,1,-1,-1,-1
268,23,305.72,679.68,263.35,163.23,1,-1,-1,-1
269,21,1692.37,1151.81,268.45,171.64,1,-1,-1,-1
269,22,1545.12,1356.78,569.36,535.22,1,-1,-1,-1
269,23,305.75,679.63,263.46,163.30,1,-1,-1,-1
270,21,1692.20,1151.74,268.59,171.75,1,-1,-1,-1
270,22,1544.97,1356.63,569.44,535.39,1,-1,-1,-1
270,23,305.84,679.73,263.32,163.21,1,-1,-1,-1
271,21,1691.94,1151.24,268.93,171.94,1,-1,-1,-1
271,22,1544.77,1357.52,568.04,534.13,1,-1,-1,-1
271,23,306.40,680.22,262.78,162.81,1,-1,-1,-1
272,21,1691.78,1151.09,269.26,172.13,1,-1,-1,-1
272,22,1544.60,1357.56,568.02,534.13,1,-1,-1,-1
272,23,306.56,680.35,262.78,162.73,1,-1,-1,-1
273,21,1691.78,1150.99,269.38,172.19,1,-1,-1,-1
273,22,1544.97,1357.82,567.58,533.64,1,-1,-1,-1
273,23,306.72,680.32,262.82,162.71,1,-1,-1,-1
274,21,1691.71,1150.96,269.40,172.19,1,-1,-1,-1
274,22,1544.79,1359.38,566.51,532.26,1,-1,-1,-1
274,23,306.56,680.24,263.07,162.82,1,-1,-1,-1
275,21,1691.71,1150.83,269.46,172.23,1,-1,-1,-1
275,22,1546.84,1362.34,563.31,528.85,1,-1,-1,-1
275,23,306.46,679.98,263.49,163.05,1,-1,-1,-1
276,21,1691.54,1150.52,269.79,172.48,1,-1,-1,-1
276,22,1547.53,1363.09,562.31,527.57,1,-1,-1,-1
276,23,306.32,679.69,263.78,163.22,1,-1,-1,-1
277,21,1691.55,1150.75,269.63,172.38,1,-1,-1,-1
277,22,1547.00,1363.49,563.80,528.81,1,-1,-1,-1
277,23,306.27,679.75,263.96,163.35,1,-1,-1,-1
278,21,1691.53,1150.79,269.62,172.37,1,-1,-1,-1
278,22,1546.34,1363.28,565.06,529.93,1,-1,-1,-1
278,23,306.28,679.78,264.05,163.43,1,-1,-1,-1
279,21,1691.69,1150.94,269.34,172.16,1,-1,-1,-1
279,22,1546.14,1363.38,565.33,530.15,1,-1,-1,-1
279,23,306.44,679.87,263.71,163.24,1,-1,-1,-1
280,21,1688.41,1150.80,271.24,173.43,1,-1,-1,-1
280,22,1545.17,1362.87,566.17,531.01,1,-1,-1,-1
280,23,306.30,679.77,264.02,163.47,1,-1,-1,-1
281,21,1686.93,1150.26,271.90,173.75,1,-1,-1,-1
281,22,1544.55,1362.16,567.24,532.13,1,-1,-1,-1
281,23,306.19,679.87,264.17,163.56,1,-1,-1,-1
282,21,1686.77,1150.01,272.33,173.92,1,-1,-1,-1
282,22,1544.31,1361.73,567.48,532.45,1,-1,-1,-1
282,23,306.14,680.00,264.18,163.56,1,-1,-1,-1
283,21,1686.68,1150.02,272.50,173.93,1,-1,-1,-1
283,22,1544.44,1361.69,567.24,532.29,1,-1,-1,-1
283,23,306.14,680.09,264.05,163.48,1,-1,-1,-1
283,24,2220.22,1290.54,179.59,155.27,1,-1,-1,-1
284,21,1686.40,1150.07,272.77,174.02,1,-1,-1,-1
284,22,1544.65,1361.76,567.14,532.18,1,-1,-1,-1
284,23,306.23,680.22,263.85,163.35,1,-1,-1,-1
284,24,2212.89,1288.50,180.08,155.70,1,-1,-1,-1
285,21,1686.64,1150.26,272.87,173.99,1,-1,-1,-1
285,22,1544.63,1362.11,566.87,531.88,1,-1,-1,-1
285,23,306.33,680.28,263.70,163.23,1,-1,-1,-1
286,21,1686.62,1150.38,273.15,174.09,1,-1,-1,-1
286,22,1544.33,1361.79,566.97,531.92,1,-1,-1,-1
286,23,306.40,680.23,263.71,163.24,1,-1,-1,-1
287,21,1686.59,1150.48,273.06,173.91,1,-1,-1,-1
287,22,1543.97,1361.51,567.28,532.16,1,-1,-1,-1
287,23,306.37,680.22,263.75,163.28,1,-1,-1,-1
288,21,1686.44,1150.61,272.61,173.58,1,-1,-1,-1
288,22,1544.50,1361.92,566.61,531.42,1,-1,-1,-1
288,23,306.35,680.30,263.61,163.19,1,-1,-1,-1
289,21,1685.92,1150.60,272.64,173.61,1,-1,-1,-1
289,22,1545.13,1361.90,566.36,531.02,1,-1,-1,-1
289,23,306.55,680.54,263.23,162.91,1,-1,-1,-1
290,21,1685.63,1150.62,272.59,173.59,1,-1,-1,-1
290,22,1545.42,1362.21,566.11,530.58,1,-1,-1,-1
290,23,306.50,680.58,263.33,162.95,1,-1,-1,-1
291,21,1685.61,1150.70,272.10,173.25,1,-1,-1,-1
291,22,1545.48,1362.21,566.49,530.85,1,-1,-1,-1
291,23,306.50,680.56,263.41,162.98,1,-1,-1,-1
292,21,1683.64,1149.99,273.35,173.91,1,-1,-1,-1
292,22,1545.10,1362.24,567.29,531.25,1,-1,-1,-1
292,23,306.44,679.71,265.92,164.39,1,-1,-1,-1
293,21,1682.21,1149.88,273.83,174.23,1,-1,-1,-1
293,22,1544.69,1360.43,568.59,532.39,1,-1,-1,-1
293,23,303.75,677.60,270.13,167.11,1,-1,-1,-1
293,26,1968.26,1244.10,220.33,157.17,1,-1,-1,-1
294,21,1681.09,1149.07,275.82,175.54,1,-1,-1,-1
294,22,1545.10,1359.10,568.24,531.59,1,-1,-1,-1
294,23,300.38,675.81,274.29,169.61,1,-1,-1,-1
294,26,1942.11,1237.99,221.95,158.01,1,-1,-1,-1
295,21,1680.26,1148.43,278.39,177.44,1,-1,-1,-1
295,22,1544.25,1360.13,570.56,534.08,1,-1,-1,-1
295,23,299.14,675.26,277.11,171.61,1,-1,-1,-1
295,26,1910.36,1227.88,228.88,162.46,1,-1,-1,-1
296,21,1674.40,1146.71,275.28,177.66,1,-1,-1,-1
296,22,1545.63,1357.73,570.77,534.43,1,-1,-1,-1
296,23,297.87,675.18,276.83,171.87,1,-1,-1,-1
296,26,1885.95,1224.88,229.79,162.56,1,-1,-1,-1
296,27,140.60,1222.20,805.92,688.42,1,-1,-1,-1
297,21,1673.01,1146.33,275.88,178.05,1,-1,-1,-1
297,22,1546.29,1357.61,567.02,530.87,1,-1,-1,-1
297,23,299.62,675.99,274.88,171.10,1,-1,-1,-1
297,26,1857.54,1219.20,233.75,164.98,1,-1,-1,-1
297,27,305.34,1214.13,748.26,628.74,1,-1,-1,-1
298,22,1546.89,1358.17,564.45,528.39,1,-1,-1,-1
298,23,301.79,676.88,271.85,169.57,1,-1,-1,-1
298,26,1822.92,1210.27,243.28,171.43,1,-1,-1,-1
298,27,518.09,1211.88,664.52,547.99,1,-1,-1,-1
299,22,1548.27,1358.54,562.83,526.88,1,-1,-1,-1
299,23,303.72,677.81,268.86,167.90,1,-1,-1,-1
299,26,1785.80,1200.19,252.71,177.18,1,-1,-1,-1
299,27,703.16,1216.11,599.64,485.43,1,-1,-1,-1
300,22,1549.25,1360.08,561.91,525.98,1,-1,-1,-1
300,23,305.15,678.79,266.33,166.40,1,-1,-1,-1
300,26,1740.18,1187.26,266.29,185.48,1,-1,-1,-1
300,27,842.58,1216.29,564.00,448.10,1,-1,-1,-1
301,22,1550.02,1359.58,561.91,526.05,1,-1,-1,-1
301,23,305.78,678.89,265.36,165.82,1,-1,-1,-1
301,26,1700.06,1168.45,284.05,197.88,1,-1,-1,-1
301,27,956.23,1214.89,539.92,421.88,1,-1,-1,-1
302,22,1550.99,1360.03,562.47,526.59,1,-1,-1,-1
302,23,306.14,678.94,264.88,165.51,1,-1,-1,-1
302,26,1668.90,1161.12,287.95,199.99,1,-1,-1,-1
302,27,1056.29,1213.03,517.13,397.58,1,-1,-1,-1
303,22,1550.22,1361.15,563.69,528.03,1,-1,-1,-1
303,23,306.27,679.22,264.36,165.18,1,-1,-1,-1
303,26,1635.67,1152.60,297.68,203.87,1,-1,-1,-1
303,27,1143.22,1212.60,501.59,380.61,1,-1,-1,-1
304,22,1548.67,1361.18,563.97,528.66,1,-1,-1,-1
304,23,306.56,679.68,263.72,164.72,1,-1,-1,-1
304,26,1594.38,1149.44,307.37,206.66,1,-1,-1,-1
304,27,1227.26,1216.22,484.32,363.07,1,-1,-1,-1
305,22,1544.23,1360.16,565.32,529.62,1,-1,-1,-1
305,23,306.99,680.18,262.96,164.15,1,-1,-1,-1
305,26,1557.02,1147.55,310.59,205.93,1,-1,-1,-1
305,27,1321.27,1224.51,465.88,341.43,1,-1,-1,-1
306,22,1544.36,1362.60,564.25,528.28,1,-1,-1,-1
306,23,307.44,680.47,262.44,163.65,1,-1,-1,-1
306,26,1525.42,1140.17,316.25,209.68,1,-1,-1,-1
306,27,1377.82,1226.61,445.97,323.09,1,-1,-1,-1
307,22,1542.18,1364.57,564.32,527.39,1,-1,-1,-1
307,23,307.71,680.65,262.35,163.48,1,-1,-1,-1
307,27,1432.45,1227.61,427.19,306.61,1,-1,-1,-1
308,22,1541.90,1365.67,564.48,526.61,1,-1,-1,-1
308,23,308.00,681.03,261.65,162.89,1,-1,-1,-1
308,27,1528.14,1229.07,393.08,282.13,1,-1,-1,-1
309,22,1545.33,1366.89,563.22,525.28,1,-1,-1,-1
309,23,307.87,680.94,262.20,163.13,1,-1,-1,-1
310,22,1549.85,1369.66,560.47,522.76,1,-1,-1,-1
310,23,307.48,680.53,262.94,163.49,1,-1,-1,-1
310,29,1276.21,1114.48,388.87,212.08,1,-1,-1,-1
310,30,1672.21,1147.43,293.34,206.24,1,-1,-1,-1
311,22,1550.40,1370.51,559.80,522.14,1,-1,-1,-1
311,23,307.24,680.36,263.43,163.66,1,-1,-1,-1
311,29,1220.45,1110.75,397.19,216.25,1,-1,-1,-1
311,30,1678.02,1143.93,282.79,198.89,1,-1,-1,-1
312,23,306.88,680.08,264.13,163.99,1,-1,-1,-1
312,29,1159.97,1105.12,409.60,222.18,1,-1,-1,-1
312,30,1686.60,1144.27,273.00,191.87,1,-1,-1,-1
313,23,307.00,680.31,263.76,163.80,1,-1,-1,-1
313,29,1096.56,1099.06,424.55,228.95,1,-1,-1,-1
313,30,1690.30,1143.90,267.61,187.84,1,-1,-1,-1
314,23,306.50,680.11,264.31,164.22,1,-1,-1,-1
314,29,1019.11,1089.57,449.66,241.31,1,-1,-1,-1
314,30,1693.26,1144.32,264.27,184.77,1,-1,-1,-1
315,23,306.17,680.10,264.64,164.50,1,-1,-1,-1
315,29,938.55,1079.17,476.06,254.04,1,-1,-1,-1
315,30,1693.97,1143.29,263.27,183.47,1,-1,-1,-1
316,23,306.26,680.12,264.82,164.72,1,-1,-1,-1
316,29,853.18,1069.30,504.08,267.41,1,-1,-1,-1
316,30,1693.55,1143.83,262.42,182.24,1,-1,-1,-1
317,23,306.49,680.25,264.90,164.87,1,-1,-1,-1
317,29,758.61,1058.58,534.83,281.91,1,-1,-1,-1
317,30,1693.14,1146.13,260.54,180.50,1,-1,-1,-1
317,31,1546.82,1355.66,568.42,531.57,1,-1,-1,-1
318,23,306.14,680.12,265.60,165.44,1,-1,-1,-1
318,29,659.84,1052.27,562.04,293.60,1,-1,-1,-1
318,30,1695.39,1146.11,256.91,177.99,1,-1,-1,-1
318,31,1546.10,1355.45,570.01,532.96,1,-1,-1,-1
319,23,305.68,679.94,266.47,166.16,1,-1,-1,-1
319,29,547.37,1043.79,599.16,309.74,1,-1,-1,-1
319,31,1544.63,1354.47,571.56,534.44,1,-1,-1,-1
319,32,1683.50,1145.56,272.80,180.35,1,-1,-1,-1
319,33,1947.88,1293.85,299.98,210.86,1,-1,-1,-1
320,23,304.91,679.67,267.26,166.87,1,-1,-1,-1
320,29,407.48,1030.39,656.41,336.41,1,-1,-1,-1
320,31,1543.62,1355.08,570.28,533.27,1,-1,-1,-1
320,32,1683.81,1146.13,271.86,179.64,1,-1,-1,-1
320,33,1967.14,1299.46,296.23,208.51,1,-1,-1,-1
321,23,303.06,678.89,268.87,168.17,1,-1,-1,-1
321,29,237.74,1015.75,727.02,369.91,1,-1,-1,-1
321,31,1543.00,1355.34,569.69,532.93,1,-1,-1,-1
321,32,1684.51,1145.99,271.68,179.44,1,-1,-1,-1
321,33,1976.62,1292.87,320.68,226.98,1,-1,-1,-1
322,23,303.12,677.48,272.26,170.56,1,-1,-1,-1
322,29,75.53,1007.15,791.37,400.84,1,-1,-1,-1
322,31,1542.80,1355.35,569.97,533.55,1,-1,-1,-1
322,32,1684.31,1145.29,272.58,180.01,1,-1,-1,-1
322,33,1989.37,1287.19,334.50,239.11,1,-1,-1,-1
323,23,302.38,675.94,275.55,172.76,1,-1,-1,-1
323,29,-37.54,995.75,831.65,427.23,1,-1,-1,-1
323,31,1544.02,1356.63,568.98,532.43,1,-1,-1,-1
323,32,1685.36,1146.13,271.92,179.48,1,-1,-1,-1
323,33,2021.75,1295.57,310.36,223.61,1,-1,-1,-1
324,23,300.83,675.57,274.28,172.07,1,-1,-1,-1
324,29,-121.33,984.65,837.61,443.20,1,-1,-1,-1
324,31,1545.06,1357.64,567.93,531.08,1,-1,-1,-1
324,32,1686.33,1147.28,270.03,178.03,1,-1,-1,-1
324,33,2057.48,1306.12,291.58,211.56,1,-1,-1,-1
325,23,303.33,676.49,271.94,170.72,1,-1,-1,-1
325,29,-187.77,976.53,828.36,458.21,1,-1,-1,-1
325,31,1546.34,1358.33,566.40,529.20,1,-1,-1,-1
325,32,1685.94,1147.84,269.88,177.70,1,-1,-1,-1
325,33,2084.48,1312.58,276.99,202.48,1,-1,-1,-1
326,23,305.47,678.10,268.51,168.33,1,-1,-1,-1
326,29,-279.44,967.90,856.06,473.53,1,-1,-1,-1
326,31,1545.39,1359.39,566.84,528.89,1,-1,-1,-1
326,32,1685.57,1147.57,270.27,177.64,1,-1,-1,-1
326,33,2116.35,1320.01,260.18,191.68,1,-1,-1,-1
327,23,307.14,679.91,263.68,165.02,1,-1,-1,-1
327,31,1545.96,1361.28,564.88,526.26,1,-1,-1,-1
327,32,1685.78,1148.14,270.47,177.47,1,-1,-1,-1
327,33,2144.69,1326.19,248.66,184.82,1,-1,-1,-1
328,23,307.62,680.62,262.24,163.88,1,-1,-1,-1
328,31,1546.34,1363.55,563.33,523.71,1,-1,-1,-1
328,32,1678.89,1147.23,268.00,177.02,1,-1,-1,-1
328,33,2175.98,1329.11,240.56,181.21,1,-1,-1,-1
329,23,307.69,680.87,262.06,163.57,1,-1,-1,-1
329,31,1546.53,1364.41,562.59,521.99,1,-1,-1,-1
329,32,1678.16,1147.33,267.49,176.69,1,-1,-1,-1
329,33,2191.12,1330.49,238.11,181.13,1,-1,-1,-1
329,34,1852.90,1223.42,228.45,160.15,1,-1,-1,-1
330,23,307.53,680.86,262.21,163.50,1,-1,-1,-1
330,31,1546.58,1365.03,562.58,521.08,1,-1,-1,-1
330,33,2204.31,1333.03,234.26,179.27,1,-1,-1,-1
330,34,1814.52,1214.21,239.21,167.64,1,-1,-1,-1
331,23,307.22,680.69,262.68,163.66,1,-1,-1,-1
331,31,1546.65,1364.89,563.60,521.57,1,-1,-1,-1
331,33,2220.75,1338.55,225.20,173.01,1,-1,-1,-1
331,34,1773.47,1205.45,247.51,173.42,1,-1,-1,-1
332,23,306.99,680.46,263.03,163.77,1,-1,-1,-1
332,31,1546.89,1365.13,564.49,522.11,1,-1,-1,-1
332,33,2237.91,1341.80,217.38,167.97,1,-1,-1,-1
332,34,1728.36,1193.55,260.30,182.26,1,-1,-1,-1
333,23,307.37,680.24,262.88,163.56,1,-1,-1,-1
333,31,1544.74,1363.83,567.60,525.63,1,-1,-1,-1
333,33,2256.26,1343.65,216.07,167.77,1,-1,-1,-1
333,34,1685.06,1176.52,274.97,192.56,1,-1,-1,-1
334,23,307.41,680.33,262.88,163.42,1,-1,-1,-1
334,31,1544.56,1363.90,567.66,526.02,1,-1,-1,-1
334,33,2269.63,1345.44,217.08,169.85,1,-1,-1,-1
334,34,1642.50,1168.31,280.09,194.72,1,-1,-1,-1
335,23,307.44,680.46,263.00,163.38,1,-1,-1,-1
335,31,1544.39,1363.96,567.39,526.05,1,-1,-1,-1
335,33,2283.39,1348.19,214.58,169.15,1,-1,-1,-1
335,34,1597.13,1160.23,287.20,197.28,1,-1,-1,-1
336,23,307.29,680.48,263.19,163.42,1,-1,-1,-1
336,31,1543.44,1363.56,568.15,527.06,1,-1,-1,-1
336,33,2295.29,1348.74,217.04,172.33,1,-1,-1,-1
336,34,1546.28,1153.64,292.36,198.29,1,-1,-1,-1
337,23,306.43,680.33,264.10,164.02,1,-1,-1,-1
337,31,1541.41,1363.56,569.69,528.69,1,-1,-1,-1
337,33,2306.28,1349.75,216.21,173.06,1,-1,-1,-1
337,34,1490.52,1145.21,300.73,201.20,1,-1,-1,-1
338,23,305.62,679.93,265.17,164.78,1,-1,-1,-1
338,31,1539.44,1362.74,571.67,530.77,1,-1,-1,-1
338,33,2317.56,1351.62,213.21,172.49,1,-1,-1,-1
338,34,1434.96,1138.05,310.54,204.20,1,-1,-1,-1
339,23,305.34,679.59,265.90,165.36,1,-1,-1,-1
339,31,1538.18,1361.15,574.07,533.65,1,-1,-1,-1
339,33,2328.69,1354.41,208.88,171.01,1,-1,-1,-1
339,34,1372.29,1129.69,323.38,209.89,1,-1,-1,-1
340,23,305.02,679.34,266.19,165.65,1,-1,-1,-1
340,31,1537.51,1361.09,574.79,534.32,1,-1,-1,-1
340,33,2339.44,1355.92,207.09,171.40,1,-1,-1,-1
340,34,1308.05,1124.01,334.64,214.16,1,-1,-1,-1
340,35,1700.03,1150.39,252.79,175.04,1,-1,-1,-1
341,23,305.09,679.37,265.96,165.61,1,-1,-1,-1
341,33,2350.29,1356.63,203.31,170.07,1,-1,-1,-1
341,34,1241.76,1118.05,349.17,220.59,1,-1,-1,-1
341,35,1699.20,1149.69,253.75,175.29,1,-1,-1,-1
342,23,304.93,679.17,266.16,165.85,1,-1,-1,-1
342,33,2357.25,1357.67,203.20,172.18,1,-1,-1,-1
342,34,1170.68,1111.81,368.00,229.00,1,-1,-1,-1
342,35,1698.54,1149.47,255.00,175.65,1,-1,-1,-1
343,23,305.78,679.69,264.96,165.11,1,-1,-1,-1
343,33,2367.58,1358.24,201.80,174.21,1,-1,-1,-1
343,34,1088.11,1103.27,395.26,242.77,1,-1,-1,-1
343,35,1698.21,1149.12,255.40,175.35,1,-1,-1,-1
344,23,305.93,679.68,264.67,164.95,1,-1,-1,-1
344,33,2375.45,1359.16,199.75,175.69,1,-1,-1,-1
344,34,997.40,1093.20,423.51,256.66,1,-1,-1,-1
344,35,1697.69,1149.05,256.20,175.28,1,-1,-1,-1
345,23,305.95,679.71,264.92,165.14,1,-1,-1,-1
345,33,2383.65,1360.43,195.59,175.66,1,-1,-1,-1
345,34,900.04,1082.01,454.52,272.07,1,-1,-1,-1
345,35,1697.13,1149.07,257.11,175.20,1,-1,-1,-1
345,36,1544.05,1354.93,566.90,533.25,1,-1,-1,-1
346,23,305.84,679.65,265.51,165.60,1,-1,-1,-1
346,33,2394.84,1362.19,195.37,175.46,1,-1,-1,-1
346,34,789.58,1075.44,483.67,285.17,1,-1,-1,-1
346,35,1696.79,1149.13,258.01,175.10,1,-1,-1,-1
346,36,1543.64,1354.88,566.98,533.34,1,-1,-1,-1
347,23,305.54,679.52,266.16,166.13,1,-1,-1,-1
347,34,659.51,1063.67,529.56,307.96,1,-1,-1,-1
347,35,1696.48,1149.09,258.93,175.00,1,-1,-1,-1
347,36,1543.89,1354.97,566.59,532.97,1,-1,-1,-1
348,23,304.72,679.10,267.47,167.15,1,-1,-1,-1
348,34,503.06,1052.97,583.69,334.79,1,-1,-1,-1
348,35,1696.16,1148.96,259.86,174.90,1,-1,-1,-1
348,36,1544.57,1354.59,566.27,532.63,1,-1,-1,-1
349,23,302.98,678.52,269.63,168.84,1,-1,-1,-1
349,34,318.83,1041.68,646.64,365.52,1,-1,-1,-1
349,35,1695.74,1148.50,261.74,175.58,1,-1,-1,-1
349,36,1545.50,1355.42,564.12,530.51,1,-1,-1,-1
350,23,302.84,677.17,273.05,171.39,1,-1,-1,-1
350,34,115.69,1028.25,724.79,405.79,1,-1,-1,-1
350,35,1695.90,1148.23,262.64,175.75,1,-1,-1,-1
350,36,1546.19,1355.21,564.57,531.01,1,-1,-1,-1
351,23,303.75,676.34,273.52,171.92,1,-1,-1,-1
351,34,-30.12,1014.49,774.99,442.45,1,-1,-1,-1
351,35,1695.97,1148.29,262.73,175.30,1,-1,-1,-1
351,36,1546.54,1355.69,564.52,530.83,1,-1,-1,-1
352,23,304.08,676.77,270.59,170.21,1,-1,-1,-1
352,34,-120.60,1019.42,754.43,446.60,1,-1,-1,-1
352,35,1696.15,1148.83,262.48,174.63,1,-1,-1,-1
352,36,1546.69,1356.41,564.33,530.48,1,-1,-1,-1
353,23,307.09,678.26,266.52,167.59,1,-1,-1,-1
353,34,-215.70,1010.90,779.04,461.17,1,-1,-1,-1
353,35,1696.28,1149.45,261.57,173.49,1,-1,-1,-1
353,36,1545.04,1357.79,567.11,532.78,1,-1,-1,-1
354,23,308.66,680.00,261.38,164.04,1,-1,-1,-1
354,35,1696.28,1150.70,260.47,172.21,1,-1,-1,-1
354,36,1544.04,1358.47,568.68,534.12,1,-1,-1,-1
355,23,309.16,680.70,259.66,162.67,1,-1,-1,-1
355,35,1696.15,1151.36,260.37,171.61,1,-1,-1,-1
355,36,1543.53,1358.82,569.55,534.80,1,-1,-1,-1
356,23,309.15,680.98,259.25,162.15,1,-1,-1,-1
356,35,1696.13,1151.74,260.47,171.15,1,-1,-1,-1
356,36,1543.38,1359.10,570.04,535.06,1,-1,-1,-1
357,23,308.93,680.99,259.42,162.01,1,-1,-1,-1
357,35,1696.02,1151.93,260.87,170.92,1,-1,-1,-1
357,36,1543.64,1359.12,570.24,535.08,1,-1,-1,-1
358,23,308.69,681.02,259.67,161.94,1,-1,-1,-1
358,35,1695.94,1152.07,261.34,170.76,1,-1,-1,-1
358,36,1544.18,1359.53,569.83,534.54,1,-1,-1,-1
359,23,308.47,681.05,259.78,161.80,1,-1,-1,-1
359,35,1695.79,1152.33,261.58,170.48,1,-1,-1,-1
359,36,1544.47,1360.11,569.82,534.43,1,-1,-1,-1
360,23,308.32,681.06,260.07,161.79,1,-1,-1,-1
360,35,1695.54,1152.45,262.07,170.43,1,-1,-1,-1
360,36,1544.50,1360.29,570.16,534.73,1,-1,-1,-1
361,23,308.40,681.09,260.41,161.81,1,-1,-1,-1
361,35,1694.76,1151.82,264.17,171.56,1,-1,-1,-1
361,36,1544.10,1359.50,571.26,535.86,1,-1,-1,-1
362,23,308.26,680.97,260.97,161.99,1,-1,-1,-1
362,35,1694.34,1151.54,265.26,172.05,1,-1,-1,-1
362,36,1543.62,1359.05,571.70,536.30,1,-1,-1,-1
363,23,308.13,680.91,261.33,162.05,1,-1,-1,-1
363,35,1694.06,1151.39,265.94,172.30,1,-1,-1,-1
363,36,1543.63,1358.92,571.74,536.34,1,-1,-1,-1
364,23,307.95,680.88,261.65,162.11,1,-1,-1,-1
364,35,1693.81,1151.34,266.32,172.37,1,-1,-1,-1
364,36,1543.52,1358.74,571.81,536.40,1,-1,-1,-1
365,23,307.81,680.88,261.87,162.11,1,-1,-1,-1
365,35,1693.69,1151.32,266.58,172.39,1,-1,-1,-1
365,36,1543.60,1358.74,571.72,536.29,1,-1,-1,-1
366,23,307.68,680.86,262.14,162.15,1,-1,-1,-1
366,35,1693.56,1151.27,266.84,172.43,1,-1,-1,-1
366,36,1543.58,1358.80,571.79,536.37,1,-1,-1,-1
367,23,307.58,680.81,262.39,162.20,1,-1,-1,-1
367,35,1693.41,1151.22,267.06,172.45,1,-1,-1,-1
367,36,1543.58,1358.82,571.74,536.33,1,-1,-1,-1
368,23,307.50,680.78,262.59,162.24,1,-1,-1,-1
368,35,1693.32,1151.19,267.25,172.46,1,-1,-1,-1
368,36,1543.48,1358.68,571.78,536.38,1,-1,-1,-1
369,23,307.34,680.69,262.86,162.33,1,-1,-1,-1
369,35,1693.12,1151.11,267.53,172.54,1,-1,-1,-1
369,36,1543.43,1358.66,571.56,536.14,1,-1,-1,-1
370,23,307.27,680.67,263.03,162.36,1,-1,-1,-1
370,35,1692.99,1151.07,267.76,172.59,1,-1,-1,-1
370,36,1543.37,1358.59,571.59,536.17,1,-1,-1,-1
371,23,307.24,680.71,263.08,162.33,1,-1,-1,-1
371,35,1692.90,1151.06,267.87,172.58,1,-1,-1,-1
371,36,1543.34,1358.50,571.54,536.09,1,-1,-1,-1
372,23,307.25,680.78,263.12,162.29,1,-1,-1,-1
372,35,1692.87,1151.06,268.02,172.60,1,-1,-1,-1
372,36,1543.43,1358.52,571.45,535.98,1,-1,-1,-1
373,23,307.34,680.78,263.23,162.29,1,-1,-1,-1
373,35,1692.87,1151.10,268.25,172.67,1,-1,-1,-1
373,36,1543.41,1358.87,571.31,535.73,1,-1,-1,-1
374,23,307.34,680.77,263.34,162.29,1,-1,-1,-1
374,35,1692.84,1151.10,268.41,172.70,1,-1,-1,-1
374,36,1543.41,1359.04,571.33,535.62,1,-1,-1,-1
375,23,307.31,680.75,263.42,162.28,1,-1,-1,-1
375,35,1692.75,1151.08,268.55,172.72,1,-1,-1,-1
375,36,1543.21,1359.14,571.45,535.62,1,-1,-1,-1
376,23,307.31,680.22,265.04,163.26,1,-1,-1,-1
376,35,1692.51,1150.54,269.27,173.08,1,-1,-1,-1
376,36,1543.06,1359.30,572.06,535.90,1,-1,-1,-1
377,23,306.99,679.63,267.11,164.67,1,-1,-1,-1
377,35,1692.64,1150.16,269.66,173.32,1,-1,-1,-1
377,36,1542.65,1359.13,572.98,536.71,1,-1,-1,-1
378,23,306.58,679.28,268.90,165.94,1,-1,-1,-1
378,35,1692.86,1150.02,269.93,173.48,1,-1,-1,-1
378,36,1543.05,1359.38,572.94,536.45,1,-1,-1,-1
379,23,305.40,677.93,271.64,168.04,1,-1,-1,-1
379,35,1694.02,1150.03,268.83,172.82,1,-1,-1,-1
379,36,1544.06,1360.21,571.45,534.86,1,-1,-1,-1
380,23,304.31,676.92,273.30,169.55,1,-1,-1,-1
380,35,1693.93,1149.85,269.07,173.01,1,-1,-1,-1
380,36,1543.88,1360.34,570.91,534.13,1,-1,-1,-1
381,23,295.20,676.89,277.93,173.00,1,-1,-1,-1
381,35,1693.66,1149.88,269.12,172.98,1,-1,-1,-1
381,36,1543.59,1360.48,571.13,534.06,1,-1,-1,-1
382,23,298.70,675.73,276.37,172.08,1,-1,-1,-1
382,35,1693.62,1149.61,269.14,172.95,1,-1,-1,-1
382,36,1543.44,1360.58,571.23,533.98,1,-1,-1,-1
382,37,50.83,807.32,444.64,506.63,1,-1,-1,-1
383,23,300.76,675.37,276.49,172.29,1,-1,-1,-1
383,35,1693.65,1150.00,268.54,172.50,1,-1,-1,-1
383,36,1541.76,1359.37,572.64,535.10,1,-1,-1,-1
383,37,77.92,815.47,462.77,520.46,1,-1,-1,-1
384,23,300.43,675.48,276.14,172.15,1,-1,-1,-1
384,35,1693.10,1149.41,269.64,173.13,1,-1,-1,-1
384,36,1541.65,1359.37,572.63,535.09,1,-1,-1,-1
384,37,115.06,833.33,470.20,516.23,1,-1,-1,-1
385,23,300.99,676.47,275.08,171.59,1,-1,-1,-1
385,35,1693.33,1149.06,270.25,173.57,1,-1,-1,-1
385,37,150.20,843.97,484.49,513.44,1,-1,-1,-1
386,23,301.98,676.76,274.53,171.32,1,-1,-1,-1
386,35,1693.45,1148.82,270.45,173.68,1,-1,-1,-1
386,37,187.62,866.46,493.84,497.65,1,-1,-1,-1
387,23,301.91,676.82,273.85,171.07,1,-1,-1,-1
387,35,1693.37,1148.54,270.82,173.99,1,-1,-1,-1
387,37,218.04,875.95,513.25,487.47,1,-1,-1,-1
387,39,1545.47,1361.14,571.46,529.85,1,-1,-1,-1
388,23,301.46,676.89,272.87,170.64,1,-1,-1,-1
388,35,1692.92,1148.50,270.90,173.97,1,-1,-1,-1
388,37,270.98,885.03,537.30,482.30,1,-1,-1,-1
388,39,1544.37,1360.97,571.42,529.75,1,-1,-1,-1
389,23,301.85,677.75,270.13,168.99,1,-1,-1,-1
389,35,1691.98,1148.71,270.91,173.91,1,-1,-1,-1
389,37,347.87,899.29,549.18,466.02,1,-1,-1,-1
389,39,1543.92,1360.85,571.34,529.68,1,-1,-1,-1
390,23,303.87,678.63,268.17,167.82,1,-1,-1,-1
390,35,1691.32,1148.78,271.64,174.36,1,-1,-1,-1
390,37,425.57,911.79,561.89,454.08,1,-1,-1,-1
391,23,304.90,679.11,267.00,167.18,1,-1,-1,-1
391,35,1690.58,1148.96,272.47,174.96,1,-1,-1,-1
391,37,507.14,928.71,569.53,440.71,1,-1,-1,-1
392,23,305.39,679.39,266.21,166.71,1,-1,-1,-1
392,35,1690.36,1149.05,272.79,175.24,1,-1,-1,-1
392,37,584.87,945.97,572.25,425.60,1,-1,-1,-1
393,23,305.99,679.76,265.35,166.13,1,-1,-1,-1
393,35,1690.26,1149.24,272.81,175.28,1,-1,-1,-1
393,37,660.77,963.60,570.77,410.62,1,-1,-1,-1
393,40,1543.24,1358.10,571.32,535.92,1,-1,-1,-1
394,23,306.57,680.15,264.17,165.31,1,-1,-1,-1
394,35,1690.44,1149.43,272.58,175.16,1,-1,-1,-1
394,37,735.09,981.26,567.06,396.09,1,-1,-1,-1
394,40,1543.32,1357.83,571.81,536.38,1,-1,-1,-1
395,23,306.97,680.29,263.42,164.72,1,-1,-1,-1
395,35,1690.42,1149.60,272.58,175.24,1,-1,-1,-1
395,37,799.02,992.79,568.55,387.79,1,-1,-1,-1
396,23,307.25,680.23,263.27,164.53,1,-1,-1,-1
396,35,1690.48,1149.58,272.92,175.61,1,-1,-1,-1
396,37,863.38,1003.83,571.09,382.27,1,-1,-1,-1
397,23,307.64,680.31,262.33,163.76,1,-1,-1,-1
397,35,1691.17,1149.64,272.20,175.28,1,-1,-1,-1
397,37,932.36,1027.48,550.22,360.70,1,-1,-1,-1
398,23,307.73,680.34,262.04,163.40,1,-1,-1,-1
398,35,1691.95,1149.58,271.65,175.10,1,-1,-1,-1
398,37,995.74,1042.13,538.68,346.83,1,-1,-1,-1
399,23,306.21,679.40,264.40,164.87,1,-1,-1,-1
399,35,1692.21,1149.53,272.26,175.63,1,-1,-1,-1
399,37,1058.68,1056.47,527.45,334.54,1,-1,-1,-1
400,23,305.80,679.12,264.96,165.19,1,-1,-1,-1
400,35,1692.69,1149.57,272.38,175.91,1,-1,-1,-1
400,37,1117.91,1066.68,523.19,328.20,1,-1,-1,-1
401,23,305.78,679.10,264.75,165.04,1,-1,-1,-1
401,35,1692.03,1149.30,274.29,177.78,1,-1,-1,-1
401,37,1176.97,1077.60,520.29,324.30,1,-1,-1,-1
401,41,1546.95,1356.95,564.99,540.62,1,-1,-1,-1
402,23,306.10,679.25,264.28,164.70,1,-1,-1,-1
402,35,1688.99,1148.43,280.41,182.81,1,-1,-1,-1
402,37,1232.39,1088.82,512.17,317.81,1,-1,-1,-1
402,41,1546.06,1357.44,564.81,540.34,1,-1,-1,-1
403,23,306.25,679.31,264.10,164.54,1,-1,-1,-1
403,35,1681.09,1146.12,291.72,191.84,1,-1,-1,-1
403,37,1286.88,1098.74,503.31,310.36,1,-1,-1,-1
403,41,1546.07,1359.71,562.98,538.31,1,-1,-1,-1
404,23,306.56,679.75,263.68,164.20,1,-1,-1,-1
404,35,1679.70,1145.77,294.31,193.54,1,-1,-1,-1
404,37,1344.79,1111.60,490.21,299.57,1,-1,-1,-1
404,41,1546.71,1361.98,560.36,535.33,1,-1,-1,-1
405,23,306.87,679.77,263.51,164.02,1,-1,-1,-1
405,37,1397.07,1120.40,483.61,294.76,1,-1,-1,-1
405,41,1547.85,1365.18,557.35,531.60,1,-1,-1,-1
406,23,306.81,679.44,263.88,164.19,1,-1,-1,-1
406,37,1449.89,1128.59,477.45,290.02,1,-1,-1,-1
406,41,1547.20,1366.85,556.15,529.54,1,-1,-1,-1
407,23,306.81,679.44,263.96,164.14,1,-1,-1,-1
407,37,1491.49,1135.89,471.31,286.57,1,-1,-1,-1
407,41,1548.13,1367.45,555.19,527.84,1,-1,-1,-1
408,23,306.91,679.56,263.97,164.07,1,-1,-1,-1
408,37,1534.27,1145.17,459.28,280.18,1,-1,-1,-1
408,41,1549.12,1367.83,554.94,526.98,1,-1,-1,-1
409,23,307.46,680.01,262.91,163.38,1,-1,-1,-1
409,37,1580.15,1154.37,447.94,275.49,1,-1,-1,-1
409,41,1551.18,1368.44,554.18,525.32,1,-1,-1,-1
410,23,307.80,680.28,262.24,162.93,1,-1,-1,-1
410,37,1614.84,1155.95,454.09,282.91,1,-1,-1,-1
410,41,1551.77,1368.38,554.32,524.56,1,-1,-1,-1
411,23,307.82,680.24,262.40,163.02,1,-1,-1,-1
411,37,1651.91,1161.81,450.71,285.08,1,-1,-1,-1
411,41,1551.05,1368.56,555.08,524.38,1,-1,-1,-1
412,23,307.68,680.39,262.38,162.96,1,-1,-1,-1
412,37,1699.22,1177.97,423.29,269.16,1,-1,-1,-1
412,41,1550.23,1366.87,558.70,526.87,1,-1,-1,-1
413,23,307.48,680.38,262.70,163.17,1,-1,-1,-1
413,37,1752.68,1203.66,390.75,249.65,1,-1,-1,-1
413,41,1549.51,1364.03,562.45,529.59,1,-1,-1,-1
414,23,307.46,680.25,262.87,163.30,1,-1,-1,-1
414,37,1796.10,1219.73,369.25,237.40,1,-1,-1,-1
414,41,1549.00,1362.55,565.14,531.40,1,-1,-1,-1
415,23,307.31,680.21,263.01,163.39,1,-1,-1,-1
415,37,1838.87,1229.98,352.07,228.09,1,-1,-1,-1
415,41,1549.18,1362.54,565.86,531.16,1,-1,-1,-1
416,23,307.07,680.16,263.16,163.48,1,-1,-1,-1
416,37,1877.64,1242.87,334.38,218.45,1,-1,-1,-1
416,41,1547.75,1361.10,567.75,532.18,1,-1,-1,-1
417,23,306.98,680.16,263.11,163.45,1,-1,-1,-1
417,37,1909.13,1250.71,319.56,209.83,1,-1,-1,-1
417,41,1545.71,1359.87,570.11,534.13,1,-1,-1,-1
417,42,1700.70,1147.20,237.45,177.61,1,-1,-1,-1
