3,1,1881.22,385.29,231.79,136.92,1,-1,-1,-1
4,1,1881.25,385.30,231.86,136.92,1,-1,-1,-1
5,1,1881.26,385.30,231.98,136.95,1,-1,-1,-1
6,1,1881.26,385.29,232.07,136.94,1,-1,-1,-1
7,1,1881.27,385.29,232.16,136.94,1,-1,-1,-1
8,1,1881.25,385.30,232.26,136.94,1,-1,-1,-1
9,1,1881.22,385.29,232.35,136.93,1,-1,-1,-1
10,1,1881.15,385.27,232.49,136.96,1,-1,-1,-1
11,1,1881.19,385.25,232.56,136.95,1,-1,-1,-1
12,1,1881.24,385.22,232.69,136.98,1,-1,-1,-1
13,1,1881.57,385.56,232.34,136.71,1,-1,-1,-1
14,1,1881.67,385.71,232.24,136.60,1,-1,-1,-1
15,1,1881.67,385.76,232.26,136.56,1,-1,-1,-1
16,1,1881.68,385.80,232.29,136.53,1,-1,-1,-1
17,1,1881.66,385.79,232.35,136.53,1,-1,-1,-1
18,1,1881.63,385.79,232.42,136.54,1,-1,-1,-1
19,1,1881.64,385.81,232.43,136.51,1,-1,-1,-1
20,1,1881.61,385.81,232.48,136.52,1,-1,-1,-1
21,1,1881.52,385.80,232.52,136.51,1,-1,-1,-1
22,1,1881.43,385.79,232.60,136.52,1,-1,-1,-1
23,1,1881.35,385.81,232.69,136.53,1,-1,-1,-1
24,1,1881.30,385.81,232.80,136.55,1,-1,-1,-1
25,1,1881.22,385.81,232.89,136.56,1,-1,-1,-1
26,1,1881.17,385.80,232.94,136.55,1,-1,-1,-1
27,1,1881.14,385.75,233.01,136.57,1,-1,-1,-1
28,1,1881.11,385.72,233.02,136.56,1,-1,-1,-1
29,1,1881.14,385.74,233.01,136.53,1,-1,-1,-1
30,1,1881.11,385.76,233.06,136.53,1,-1,-1,-1
31,1,1881.04,385.70,233.20,136.59,1,-1,-1,-1
32,1,1881.00,385.69,233.24,136.59,1,-1,-1,-1
33,1,1880.93,385.62,233.29,136.60,1,-1,-1,-1
34,1,1880.92,385.58,233.32,136.60,1,-1,-1,-1
35,1,1880.94,385.59,233.32,136.58,1,-1,-1,-1
36,1,1880.58,385.63,233.31,136.52,1,-1,-1,-1
37,1,1880.18,385.88,233.20,136.31,1,-1,-1,-1
38,1,1880.13,385.94,233.36,136.28,1,-1,-1,-1
39,1,1880.04,385.97,233.57,136.33,1,-1,-1,-1
40,1,1880.16,386.01,233.67,136.35,1,-1,-1,-1
41,1,1880.12,385.84,233.90,136.49,1,-1,-1,-1
42,1,1880.16,385.85,233.75,136.41,1,-1,-1,-1
43,1,1879.99,385.72,233.86,136.50,1,-1,-1,-1
44,1,1880.11,385.89,233.81,136.45,1,-1,-1,-1
45,1,1880.09,385.90,233.80,136.45,1,-1,-1,-1
55,3,2062.69,394.13,305.26,159.30,1,-1,-1,-1
56,3,2035.37,390.89,305.49,159.84,1,-1,-1,-1
57,3,2003.05,388.40,300.86,157.71,1,-1,-1,-1
58,3,1973.48,385.38,302.82,158.61,1,-1,-1,-1
59,3,1948.75,383.16,303.25,158.80,1,-1,-1,-1
60,3,1930.19,381.68,303.66,159.02,1,-1,-1,-1
61,3,1912.03,379.04,301.24,157.39,1,-1,-1,-1
62,3,1896.42,378.29,297.95,155.42,1,-1,-1,-1
63,3,1879.04,377.73,299.55,156.36,1,-1,-1,-1
64,3,1864.10,375.50,300.67,157.25,1,-1,-1,-1
65,3,1839.69,371.76,304.64,159.36,1,-1,-1,-1
66,3,1816.44,370.30,303.22,158.39,1,-1,-1,-1
67,3,1797.67,367.90,304.97,159.72,1,-1,-1,-1
68,3,1790.92,367.36,298.61,156.38,1,-1,-1,-1
69,3,1783.71,367.30,298.96,155.57,1,-1,-1,-1
70,3,1774.02,364.98,309.08,160.06,1,-1,-1,-1
71,3,1762.72,364.58,313.93,161.06,1,-1,-1,-1
72,3,1741.54,361.73,323.37,164.31,1,-1,-1,-1
73,3,1725.49,357.41,330.23,166.19,1,-1,-1,-1
74,3,1709.28,355.37,331.84,167.00,1,-1,-1,-1
78,4,1637.82,346.01,292.33,162.07,1,-1,-1,-1
79,4,1624.60,345.24,292.12,161.68,1,-1,-1,-1
80,4,1612.98,346.90,289.90,160.23,1,-1,-1,-1
81,4,1604.31,349.36,283.44,156.29,1,-1,-1,-1
82,4,1591.62,349.20,282.29,155.33,1,-1,-1,-1
83,4,1582.58,346.89,285.89,156.84,1,-1,-1,-1
84,4,1575.49,345.10,287.82,157.29,1,-1,-1,-1
85,4,1566.99,344.15,286.96,156.36,1,-1,-1,-1
86,4,1558.69,342.77,288.51,156.96,1,-1,-1,-1
87,4,1551.50,341.40,287.30,155.84,1,-1,-1,-1
88,4,1544.50,340.95,288.67,155.77,1,-1,-1,-1
89,4,1533.88,340.09,294.90,158.27,1,-1,-1,-1
90,4,1525.41,340.30,298.91,159.45,1,-1,-1,-1
91,4,1517.55,341.55,298.41,158.65,1,-1,-1,-1
92,4,1510.38,341.62,299.89,159.08,1,-1,-1,-1
93,4,1502.53,341.02,301.97,159.44,1,-1,-1,-1
94,4,1493.94,340.64,304.53,160.42,1,-1,-1,-1
95,4,1484.65,340.16,306.72,161.34,1,-1,-1,-1
96,4,1475.10,340.84,303.50,159.29,1,-1,-1,-1
97,4,1464.03,340.55,301.41,157.65,1,-1,-1,-1
98,4,1454.04,338.94,304.15,158.69,1,-1,-1,-1
99,4,1444.70,338.58,305.93,159.50,1,-1,-1,-1
100,4,1435.65,338.56,307.43,159.86,1,-1,-1,-1
101,4,1425.35,340.15,307.12,159.82,1,-1,-1,-1
102,4,1416.27,342.00,304.42,158.85,1,-1,-1,-1
103,4,1407.05,342.56,303.82,159.15,1,-1,-1,-1
104,4,1399.68,341.82,305.68,160.99,1,-1,-1,-1
105,4,1392.04,341.55,304.98,161.58,1,-1,-1,-1
106,4,1386.24,342.60,301.37,160.27,1,-1,-1,-1
107,4,1380.30,343.32,298.35,159.07,1,-1,-1,-1
108,4,1371.52,343.90,297.27,159.28,1,-1,-1,-1
109,4,1362.25,344.96,296.77,160.10,1,-1,-1,-1
110,4,1356.18,345.58,296.61,160.90,1,-1,-1,-1
111,4,1349.51,345.68,296.59,162.13,1,-1,-1,-1
112,4,1342.47,346.88,295.04,163.05,1,-1,-1,-1
113,4,1336.26,347.77,294.25,165.01,1,-1,-1,-1
114,4,1333.31,349.21,291.51,165.83,1,-1,-1,-1
115,4,1331.36,350.31,287.75,166.20,1,-1,-1,-1
116,4,1329.51,350.84,285.88,167.80,1,-1,-1,-1
117,4,1324.93,352.59,282.41,168.85,1,-1,-1,-1
118,4,1320.41,352.14,281.22,171.81,1,-1,-1,-1
119,4,1317.57,352.38,278.11,174.05,1,-1,-1,-1
120,4,1316.48,351.91,275.52,176.89,1,-1,-1,-1
121,4,1316.80,353.49,269.85,177.57,1,-1,-1,-1
122,4,1316.98,354.89,265.35,179.16,1,-1,-1,-1
123,4,1317.13,355.82,261.15,181.06,1,-1,-1,-1
124,4,1319.25,357.78,256.62,182.67,1,-1,-1,-1
125,4,1321.30,359.88,251.07,183.29,1,-1,-1,-1
126,4,1324.03,362.67,246.13,184.35,1,-1,-1,-1
127,4,1327.40,365.83,240.27,184.46,1,-1,-1,-1
128,4,1330.34,368.08,235.87,185.77,1,-1,-1,-1
129,4,1334.18,371.45,230.66,186.19,1,-1,-1,-1
130,4,1337.28,373.77,227.42,187.89,1,-1,-1,-1
131,4,1339.82,374.67,226.76,191.59,1,-1,-1,-1
132,4,1343.64,376.45,223.99,193.06,1,-1,-1,-1
133,4,1346.93,378.58,222.05,195.01,1,-1,-1,-1
133,5,386.17,1078.46,855.63,833.80,1,-1,-1,-1
134,4,1350.44,381.30,219.72,196.28,1,-1,-1,-1
134,5,695.38,1121.28,858.97,790.52,1,-1,-1,-1
135,4,1352.75,381.37,220.01,200.11,1,-1,-1,-1
135,5,1083.24,1149.96,883.49,767.73,1,-1,-1,-1
136,4,1357.41,383.36,217.60,201.05,1,-1,-1,-1
136,5,1392.75,1186.34,874.73,734.64,1,-1,-1,-1
137,4,1362.25,386.87,214.12,200.44,1,-1,-1,-1
137,5,1659.70,1233.27,829.61,689.47,1,-1,-1,-1
138,4,1367.76,390.51,210.92,199.43,1,-1,-1,-1
138,5,1928.16,1262.84,800.43,665.22,1,-1,-1,-1
139,4,1369.58,391.41,211.77,202.40,1,-1,-1,-1
140,4,1372.49,393.51,212.56,205.07,1,-1,-1,-1
141,4,1374.07,395.57,213.11,207.33,1,-1,-1,-1
142,4,1374.89,397.71,213.91,209.72,1,-1,-1,-1
143,4,1376.06,400.00,214.95,212.40,1,-1,-1,-1
144,4,1378.23,403.34,214.51,213.44,1,-1,-1,-1
145,4,1378.89,406.31,215.28,215.67,1,-1,-1,-1
146,4,1379.99,410.15,215.22,216.55,1,-1,-1,-1
147,4,1380.99,414.95,216.20,218.12,1,-1,-1,-1
148,4,1381.70,417.35,218.22,220.82,1,-1,-1,-1
149,4,1382.78,420.01,219.83,222.95,1,-1,-1,-1
150,4,1384.39,425.05,219.60,223.02,1,-1,-1,-1
151,4,1386.19,429.79,219.47,222.95,1,-1,-1,-1
152,4,1387.74,433.27,220.33,224.04,1,-1,-1,-1
153,4,1388.82,436.43,221.19,224.70,1,-1,-1,-1
154,4,1390.55,439.13,223.66,227.31,1,-1,-1,-1
155,4,1391.03,440.19,228.21,232.25,1,-1,-1,-1
156,4,1392.47,442.62,232.60,237.14,1,-1,-1,-1
157,4,1394.44,444.65,238.41,243.17,1,-1,-1,-1
158,4,1396.77,446.34,242.80,247.47,1,-1,-1,-1
159,4,1399.01,450.19,245.52,249.93,1,-1,-1,-1
160,4,1399.96,453.39,250.36,254.72,1,-1,-1,-1
161,4,1402.41,456.06,255.20,259.79,1,-1,-1,-1
162,4,1404.39,459.76,258.51,263.34,1,-1,-1,-1
162,6,1536.77,815.99,757.67,710.34,1,-1,-1,-1
163,4,1405.66,462.05,263.12,268.17,1,-1,-1,-1
163,6,1332.45,804.28,794.33,710.38,1,-1,-1,-1
164,4,1407.05,463.25,268.01,273.37,1,-1,-1,-1
164,6,1034.71,798.32,807.31,678.04,1,-1,-1,-1
165,4,1408.44,465.51,271.02,276.30,1,-1,-1,-1
165,6,660.19,760.50,863.23,683.48,1,-1,-1,-1
166,4,1411.06,468.08,272.76,277.38,1,-1,-1,-1
166,6,342.32,716.87,933.33,711.70,1,-1,-1,-1
167,4,1413.24,470.99,275.82,279.41,1,-1,-1,-1
167,6,103.83,684.98,949.22,714.02,1,-1,-1,-1
168,4,1413.87,471.31,282.24,285.67,1,-1,-1,-1
168,6,-80.28,667.21,926.23,704.51,1,-1,-1,-1
169,4,1415.45,473.63,286.75,290.08,1,-1,-1,-1
169,6,-301.80,643.04,933.40,709.96,1,-1,-1,-1
170,4,1416.59,476.08,291.01,293.77,1,-1,-1,-1
171,4,1417.61,477.57,296.02,297.86,1,-1,-1,-1
172,4,1418.43,480.10,300.35,301.04,1,-1,-1,-1
173,4,1420.65,484.17,304.02,303.60,1,-1,-1,-1
174,4,1422.14,488.82,307.65,305.82,1,-1,-1,-1
175,4,1423.48,492.82,311.32,308.37,1,-1,-1,-1
176,4,1425.25,497.17,315.31,310.93,1,-1,-1,-1
177,4,1428.12,500.72,319.98,314.14,1,-1,-1,-1
178,4,1429.46,504.55,324.84,317.38,1,-1,-1,-1
179,4,1430.70,508.56,330.21,320.97,1,-1,-1,-1
180,4,1432.26,512.76,335.64,324.19,1,-1,-1,-1
181,4,1431.84,514.43,343.34,329.99,1,-1,-1,-1
182,4,1431.63,515.96,351.24,335.82,1,-1,-1,-1
183,4,1433.79,518.48,357.14,339.85,1,-1,-1,-1
184,4,1436.04,520.89,363.34,343.89,1,-1,-1,-1
185,4,1438.61,522.93,369.30,348.05,1,-1,-1,-1
186,4,1440.97,524.61,374.54,351.45,1,-1,-1,-1
187,4,1443.47,526.49,379.34,354.47,1,-1,-1,-1
188,4,1447.32,529.21,383.76,356.79,1,-1,-1,-1
189,4,1448.80,531.55,391.85,362.55,1,-1,-1,-1
190,4,1451.33,534.71,400.96,369.53,1,-1,-1,-1
191,4,1452.12,537.50,409.70,376.32,1,-1,-1,-1
192,4,1453.98,540.36,416.79,381.71,1,-1,-1,-1
192,7,516.42,1056.86,1718.32,830.33,1,-1,-1,-1
193,4,1455.25,543.63,423.56,386.69,1,-1,-1,-1
193,7,376.82,1016.68,1663.35,807.70,1,-1,-1,-1
194,4,1458.18,545.33,427.70,389.33,1,-1,-1,-1
194,7,272.82,984.97,1546.37,753.63,1,-1,-1,-1
195,4,1460.98,547.81,430.70,390.48,1,-1,-1,-1
195,7,149.76,951.20,1463.19,715.90,1,-1,-1,-1
196,4,1463.56,550.81,433.17,390.99,1,-1,-1,-1
196,7,28.04,928.65,1378.56,677.02,1,-1,-1,-1
197,4,1464.54,553.46,438.16,393.58,1,-1,-1,-1
197,7,-70.44,902.66,1324.41,656.00,1,-1,-1,-1
198,4,1465.00,555.48,443.55,396.12,1,-1,-1,-1
198,7,-126.04,889.87,1243.04,624.16,1,-1,-1,-1
199,4,1463.16,556.84,450.88,400.69,1,-1,-1,-1
199,7,-168.12,873.33,1160.57,595.01,1,-1,-1,-1
200,4,1463.92,558.10,455.50,402.60,1,-1,-1,-1
200,7,-207.88,855.33,1070.44,565.85,1,-1,-1,-1
201,4,1465.55,558.91,459.65,404.45,1,-1,-1,-1
201,7,-245.90,827.40,994.76,547.43,1,-1,-1,-1
202,4,1467.82,560.87,460.97,403.41,1,-1,-1,-1
202,7,-332.02,804.40,948.12,521.76,1,-1,-1,-1
203,4,1468.42,562.55,463.60,403.64,1,-1,-1,-1
204,4,1468.80,563.42,466.63,404.38,1,-1,-1,-1
205,4,1469.04,564.14,470.17,405.59,1,-1,-1,-1
206,4,1469.25,565.01,472.58,405.78,1,-1,-1,-1
207,4,1468.83,565.17,475.33,406.51,1,-1,-1,-1
208,4,1468.66,565.26,477.30,406.55,1,-1,-1,-1
209,4,1468.04,565.58,479.28,406.72,1,-1,-1,-1
210,4,1467.07,565.93,480.79,406.63,1,-1,-1,-1
211,4,1467.12,567.22,481.29,405.63,1,-1,-1,-1
212,4,1466.61,567.32,482.36,405.27,1,-1,-1,-1
213,4,1465.85,567.07,483.43,405.04,1,-1,-1,-1
214,4,1465.25,566.95,484.46,404.87,1,-1,-1,-1
215,4,1464.70,566.97,485.36,404.67,1,-1,-1,-1
216,4,1464.46,567.09,486.14,404.48,1,-1,-1,-1
217,4,1463.95,566.80,487.42,404.81,1,-1,-1,-1
218,4,1463.51,566.82,488.14,404.71,1,-1,-1,-1
219,4,1463.25,566.89,488.67,404.51,1,-1,-1,-1
220,4,1462.93,566.85,489.24,404.39,1,-1,-1,-1
221,4,1462.09,566.52,490.46,404.99,1,-1,-1,-1
222,4,1461.72,566.44,491.06,405.11,1,-1,-1,-1
223,4,1461.54,566.42,491.41,405.07,1,-1,-1,-1
224,4,1461.29,566.40,491.79,405.06,1,-1,-1,-1
225,4,1461.04,566.43,492.19,405.07,1,-1,-1,-1
226,4,1460.96,566.57,492.45,404.97,1,-1,-1,-1
227,4,1460.71,566.59,492.77,404.95,1,-1,-1,-1
228,4,1460.48,566.61,493.02,404.91,1,-1,-1,-1
229,4,1460.06,566.50,493.35,404.94,1,-1,-1,-1
230,4,1459.76,566.42,493.72,405.05,1,-1,-1,-1
231,4,1460.47,566.47,492.95,404.11,1,-1,-1,-1
232,4,1460.44,566.30,493.08,403.96,1,-1,-1,-1
233,4,1460.38,566.30,493.27,403.87,1,-1,-1,-1
234,4,1460.20,566.34,493.47,403.82,1,-1,-1,-1
235,4,1460.13,566.38,493.66,403.78,1,-1,-1,-1
236,4,1460.04,566.43,493.87,403.79,1,-1,-1,-1
237,4,1460.01,566.51,493.94,403.69,1,-1,-1,-1
238,4,1459.89,566.52,494.14,403.69,1,-1,-1,-1
239,4,1459.74,566.48,494.38,403.75,1,-1,-1,-1
240,4,1459.63,566.55,494.52,403.74,1,-1,-1,-1
241,4,1458.88,566.60,495.52,404.52,1,-1,-1,-1
242,4,1458.67,566.70,495.79,404.72,1,-1,-1,-1
243,4,1458.43,566.53,496.11,404.98,1,-1,-1,-1
244,4,1458.34,566.55,496.17,405.01,1,-1,-1,-1
245,4,1458.41,566.66,496.09,404.91,1,-1,-1,-1
246,4,1458.39,566.64,496.18,404.98,1,-1,-1,-1
247,4,1458.38,566.61,496.23,405.03,1,-1,-1,-1
248,4,1458.32,566.45,496.39,405.17,1,-1,-1,-1
249,4,1458.35,566.40,496.42,405.20,1,-1,-1,-1
250,4,1458.45,566.49,496.24,405.04,1,-1,-1,-1
251,4,1458.49,566.66,496.17,405.01,1,-1,-1,-1
252,4,1458.68,566.67,495.96,404.83,1,-1,-1,-1
253,4,1458.88,567.05,495.32,404.26,1,-1,-1,-1
254,4,1458.97,567.26,495.05,403.99,1,-1,-1,-1
255,4,1458.92,567.24,495.09,404.00,1,-1,-1,-1
256,4,1458.92,567.29,495.03,403.90,1,-1,-1,-1
257,4,1458.81,567.15,495.23,404.06,1,-1,-1,-1
258,4,1458.69,567.05,495.34,404.15,1,-1,-1,-1
259,4,1458.59,567.05,495.57,404.36,1,-1,-1,-1
260,4,1458.78,567.15,495.26,404.08,1,-1,-1,-1
261,4,1458.69,567.20,495.34,403.99,1,-1,-1,-1
262,4,1458.53,567.33,495.85,404.51,1,-1,-1,-1
263,4,1462.27,568.79,494.46,403.48,1,-1,-1,-1
264,4,1464.23,569.70,496.19,405.35,1,-1,-1,-1
264,8,1962.34,886.41,379.24,564.19,1,-1,-1,-1
265,4,1461.31,571.80,501.22,410.76,1,-1,-1,-1
265,8,1788.79,864.07,419.96,581.70,1,-1,-1,-1
266,4,1475.23,571.97,466.35,379.86,1,-1,-1,-1
266,8,1562.79,842.17,460.29,578.35,1,-1,-1,-1
267,4,1476.96,572.41,463.01,377.14,1,-1,-1,-1
267,8,1238.67,820.23,501.26,571.88,1,-1,-1,-1
268,8,906.59,794.88,544.43,563.59,1,-1,-1,-1
269,8,554.75,771.52,592.00,562.27,1,-1,-1,-1
270,8,280.84,748.40,622.83,555.85,1,-1,-1,-1
270,9,1457.23,565.83,497.55,406.18,1,-1,-1,-1
271,8,88.26,737.04,622.17,541.06,1,-1,-1,-1
271,9,1458.30,565.11,495.11,404.11,1,-1,-1,-1
272,8,-55.98,719.12,591.33,518.28,1,-1,-1,-1
272,9,1459.37,565.32,494.40,403.48,1,-1,-1,-1
273,8,-261.31,699.07,586.23,513.81,1,-1,-1,-1
273,9,1460.11,565.98,493.05,402.06,1,-1,-1,-1
274,9,1460.18,566.62,493.69,402.51,1,-1,-1,-1
275,9,1460.02,566.81,494.19,402.85,1,-1,-1,-1
276,9,1459.86,566.94,494.43,402.97,1,-1,-1,-1
277,9,1459.90,567.03,494.88,403.24,1,-1,-1,-1
278,9,1459.89,567.17,495.13,403.34,1,-1,-1,-1
279,9,1459.87,567.23,495.31,403.39,1,-1,-1,-1
280,9,1459.82,567.16,495.52,403.48,1,-1,-1,-1
281,9,1459.80,567.21,495.58,403.44,1,-1,-1,-1
282,9,1459.71,567.28,495.62,403.39,1,-1,-1,-1
283,9,1459.02,566.39,496.72,404.37,1,-1,-1,-1
284,9,1458.89,566.08,496.98,404.64,1,-1,-1,-1
285,9,1458.97,566.26,496.71,404.45,1,-1,-1,-1
286,9,1459.06,566.38,496.58,404.35,1,-1,-1,-1
287,9,1459.03,566.35,496.56,404.35,1,-1,-1,-1
288,9,1459.04,566.37,496.51,404.33,1,-1,-1,-1
289,9,1459.70,566.62,495.88,403.77,1,-1,-1,-1
290,9,1459.85,566.62,495.81,403.69,1,-1,-1,-1
291,9,1459.93,566.62,495.68,403.55,1,-1,-1,-1
292,9,1459.90,566.62,495.67,403.51,1,-1,-1,-1
293,9,1459.75,566.54,495.81,403.61,1,-1,-1,-1
294,9,1459.70,566.53,495.84,403.63,1,-1,-1,-1
295,9,1459.67,566.55,495.84,403.60,1,-1,-1,-1
296,9,1459.52,566.43,496.01,403.74,1,-1,-1,-1
297,9,1459.54,566.37,496.08,403.79,1,-1,-1,-1
298,9,1459.58,566.37,496.09,403.79,1,-1,-1,-1
299,9,1459.67,566.47,495.93,403.65,1,-1,-1,-1
300,9,1459.63,566.45,496.02,403.72,1,-1,-1,-1
301,9,1459.35,566.25,496.23,403.84,1,-1,-1,-1
302,9,1459.18,566.08,496.48,404.04,1,-1,-1,-1
303,9,1459.15,566.03,496.52,404.06,1,-1,-1,-1
304,9,1459.16,566.03,496.50,404.04,1,-1,-1,-1
305,9,1459.17,566.06,496.42,403.96,1,-1,-1,-1
306,9,1459.20,566.10,496.39,403.91,1,-1,-1,-1
307,9,1459.22,566.13,496.45,403.92,1,-1,-1,-1
308,9,1459.21,566.17,496.46,403.88,1,-1,-1,-1
309,9,1459.09,566.03,496.70,404.08,1,-1,-1,-1
310,9,1459.10,566.05,496.67,404.05,1,-1,-1,-1
311,9,1459.10,566.15,496.61,403.96,1,-1,-1,-1
312,9,1459.07,566.16,496.64,403.97,1,-1,-1,-1
313,9,1459.20,566.15,496.67,403.97,1,-1,-1,-1
314,9,1459.17,566.09,496.77,404.03,1,-1,-1,-1
315,9,1459.15,566.13,496.79,404.04,1,-1,-1,-1
316,9,1457.60,566.46,497.51,404.41,1,-1,-1,-1
317,9,1456.12,566.15,499.54,406.03,1,-1,-1,-1
318,9,1455.36,566.83,500.74,406.95,1,-1,-1,-1
319,9,1455.42,567.97,502.38,408.95,1,-1,-1,-1
319,10,394.01,1059.12,779.02,859.22,1,-1,-1,-1
320,9,1456.72,567.72,502.05,408.53,1,-1,-1,-1
320,10,635.88,1095.84,799.45,822.15,1,-1,-1,-1
321,9,1456.95,567.35,503.56,410.25,1,-1,-1,-1
321,10,991.66,1120.40,838.90,800.15,1,-1,-1,-1
322,9,1458.62,567.45,502.85,409.96,1,-1,-1,-1
322,10,1285.62,1150.55,850.51,769.25,1,-1,-1,-1
323,9,1459.99,568.09,499.92,407.47,1,-1,-1,-1
323,10,1547.77,1189.82,829.00,730.69,1,-1,-1,-1
324,9,1459.70,567.91,497.39,405.23,1,-1,-1,-1
324,10,1802.31,1212.59,804.41,709.02,1,-1,-1,-1
325,9,1457.37,567.65,497.38,405.07,1,-1,-1,-1
326,9,1457.08,567.05,496.98,404.73,1,-1,-1,-1
327,9,1457.72,566.87,496.70,404.54,1,-1,-1,-1
328,9,1458.05,566.82,496.59,404.51,1,-1,-1,-1
329,9,1458.00,566.99,496.81,404.78,1,-1,-1,-1
330,9,1457.95,566.80,497.01,405.04,1,-1,-1,-1
331,9,1458.01,566.82,496.98,405.11,1,-1,-1,-1
332,9,1458.08,566.54,497.18,405.38,1,-1,-1,-1
333,9,1457.97,566.19,497.43,405.67,1,-1,-1,-1
334,9,1457.51,565.58,498.09,406.32,1,-1,-1,-1
335,9,1457.37,564.98,498.68,407.01,1,-1,-1,-1
336,9,1457.46,564.89,498.48,406.99,1,-1,-1,-1
337,9,1458.24,565.58,496.39,405.20,1,-1,-1,-1
338,9,1458.53,565.73,495.72,404.58,1,-1,-1,-1
339,9,1458.58,565.72,495.56,404.38,1,-1,-1,-1
340,9,1458.53,565.74,495.60,404.35,1,-1,-1,-1
341,9,1458.55,565.75,495.64,404.31,1,-1,-1,-1
342,9,1458.53,565.73,495.77,404.36,1,-1,-1,-1
343,9,1458.45,565.83,495.84,404.34,1,-1,-1,-1
344,9,1458.42,565.90,495.92,404.34,1,-1,-1,-1
345,9,1458.42,565.93,496.06,404.40,1,-1,-1,-1
346,9,1458.39,565.88,496.18,404.45,1,-1,-1,-1
347,9,1458.57,565.79,495.85,404.16,1,-1,-1,-1
348,9,1458.64,565.74,495.67,403.99,1,-1,-1,-1
349,9,1458.42,565.80,496.09,404.34,1,-1,-1,-1
350,9,1458.35,565.77,496.28,404.53,1,-1,-1,-1
351,9,1458.28,565.78,496.38,404.65,1,-1,-1,-1
352,9,1457.71,565.98,496.88,404.99,1,-1,-1,-1
353,9,1457.46,566.09,497.95,406.00,1,-1,-1,-1
354,9,1461.61,567.20,495.91,404.51,1,-1,-1,-1
355,9,1464.06,568.24,496.76,405.63,1,-1,-1,-1
356,9,1462.94,569.79,499.68,408.71,1,-1,-1,-1
356,11,1677.15,907.19,670.52,535.78,1,-1,-1,-1
357,9,1460.75,569.72,502.16,411.17,1,-1,-1,-1
357,11,1506.75,890.40,691.58,530.29,1,-1,-1,-1
358,9,1457.47,569.66,500.93,409.92,1,-1,-1,-1
358,11,1212.41,876.83,705.21,515.04,1,-1,-1,-1
359,9,1450.88,568.06,503.21,412.24,1,-1,-1,-1
359,11,888.77,855.37,727.94,505.02,1,-1,-1,-1
360,9,1452.11,566.91,501.45,411.13,1,-1,-1,-1
360,11,556.55,830.32,776.08,511.96,1,-1,-1,-1
361,9,1456.31,565.53,497.97,408.74,1,-1,-1,-1
361,11,262.94,798.07,821.43,522.89,1,-1,-1,-1
362,9,1457.23,564.87,495.93,407.12,1,-1,-1,-1
362,11,74.28,785.58,809.54,506.67,1,-1,-1,-1
363,9,1458.12,564.60,494.83,406.11,1,-1,-1,-1
363,11,-72.38,765.06,782.95,494.92,1,-1,-1,-1
364,9,1459.19,564.58,494.50,405.90,1,-1,-1,-1
364,11,-278.28,745.71,778.96,492.39,1,-1,-1,-1
365,9,1459.17,564.59,494.34,405.69,1,-1,-1,-1
366,9,1459.34,564.87,493.97,405.33,1,-1,-1,-1
367,9,1459.88,565.08,494.12,405.24,1,-1,-1,-1
368,9,1459.79,565.05,494.60,405.46,1,-1,-1,-1
369,9,1459.72,565.09,494.83,405.50,1,-1,-1,-1
370,9,1459.72,565.19,495.01,405.52,1,-1,-1,-1
371,9,1459.63,565.18,495.22,405.59,1,-1,-1,-1
372,9,1459.59,565.25,495.43,405.68,1,-1,-1,-1
373,9,1459.24,565.37,495.57,405.68,1,-1,-1,-1
374,9,1459.13,565.42,495.63,405.62,1,-1,-1,-1
375,9,1458.94,565.39,495.86,405.73,1,-1,-1,-1
376,9,1458.89,565.41,495.99,405.76,1,-1,-1,-1
377,9,1459.20,565.61,495.78,405.66,1,-1,-1,-1
378,9,1459.07,565.55,495.97,405.90,1,-1,-1,-1
379,9,1459.13,565.53,495.91,405.93,1,-1,-1,-1
380,9,1459.14,565.64,496.09,406.08,1,-1,-1,-1
381,9,1458.70,565.92,497.12,407.16,1,-1,-1,-1
382,9,1461.98,566.82,496.46,406.80,1,-1,-1,-1
383,9,1463.87,568.70,499.55,409.89,1,-1,-1,-1
383,12,1825.32,936.68,469.85,550.73,1,-1,-1,-1
384,9,1458.04,569.19,508.67,418.02,1,-1,-1,-1
384,12,1598.82,912.60,493.57,540.96,1,-1,-1,-1
385,9,1456.03,569.14,509.81,418.93,1,-1,-1,-1
385,12,1232.55,888.05,523.26,533.12,1,-1,-1,-1
386,9,1455.62,568.74,507.65,417.10,1,-1,-1,-1
386,12,859.11,862.98,553.11,520.57,1,-1,-1,-1
387,9,1459.30,568.74,504.25,413.82,1,-1,-1,-1
387,12,469.47,831.02,603.08,530.73,1,-1,-1,-1
388,9,1462.03,569.15,502.99,411.60,1,-1,-1,-1
388,12,195.73,811.88,610.62,514.41,1,-1,-1,-1
389,9,1465.25,570.35,506.02,412.59,1,-1,-1,-1
389,12,-0.24,792.43,590.74,495.01,1,-1,-1,-1
390,9,1469.08,572.47,508.21,412.00,1,-1,-1,-1
390,12,-243.70,768.98,586.30,491.29,1,-1,-1,-1
391,9,1472.31,573.68,516.13,416.14,1,-1,-1,-1
392,9,1477.11,575.10,525.25,421.20,1,-1,-1,-1
393,9,1480.67,575.67,536.72,427.36,1,-1,-1,-1
394,9,1484.85,577.47,549.87,434.64,1,-1,-1,-1
395,9,1493.69,581.23,561.73,439.30,1,-1,-1,-1
396,9,1504.66,584.81,575.32,444.93,1,-1,-1,-1
397,9,1518.16,590.41,590.85,450.60,1,-1,-1,-1
398,9,1534.57,599.29,605.48,454.76,1,-1,-1,-1
399,9,1549.75,605.30,625.98,462.57,1,-1,-1,-1
400,9,1570.77,613.46,648.68,470.82,1,-1,-1,-1
401,9,1594.16,621.33,674.15,479.22,1,-1,-1,-1
402,9,1624.10,629.66,701.92,489.07,1,-1,-1,-1
403,9,1661.36,644.41,723.74,493.81,1,-1,-1,-1
404,9,1696.74,651.68,760.52,507.99,1,-1,-1,-1
405,9,1712.67,662.60,792.95,523.24,1,-1,-1,-1
406,9,1726.72,677.81,814.63,535.23,1,-1,-1,-1
407,9,1740.99,691.25,829.09,546.01,1,-1,-1,-1
408,9,1761.08,709.47,835.75,555.47,1,-1,-1,-1
409,9,1792.95,729.21,819.81,551.84,1,-1,-1,-1
410,9,1837.03,746.13,789.51,540.76,1,-1,-1,-1
411,9,1882.79,758.87,764.62,536.85,1,-1,-1,-1
412,9,1950.31,773.95,696.09,500.71,1,-1,-1,-1
413,9,1977.14,784.99,695.91,500.58,1,-1,-1,-1
418,13,1877.76,387.44,238.00,135.23,1,-1,-1,-1
419,13,1877.82,387.36,237.99,135.25,1,-1,-1,-1
420,13,1877.54,387.34,238.12,135.36,1,-1,-1,-1
421,13,1878.05,387.48,238.26,135.47,1,-1,-1,-1
422,13,1878.37,387.72,238.35,135.59,1,-1,-1,-1
423,13,1878.20,387.71,238.28,135.65,1,-1,-1,-1
424,13,1878.24,387.67,238.41,135.72,1,-1,-1,-1
429,14,1879.61,387.01,235.39,136.43,1,-1,-1,-1
430,14,1879.62,387.09,235.33,136.39,1,-1,-1,-1
431,14,1879.67,387.21,235.20,136.31,1,-1,-1,-1
432,14,1879.58,387.20,235.09,136.24,1,-1,-1,-1
433,14,1879.67,387.30,234.86,136.07,1,-1,-1,-1
434,14,1879.65,387.32,234.81,136.01,1,-1,-1,-1
435,14,1879.64,387.31,234.87,136.01,1,-1,-1,-1
436,14,1879.60,387.33,234.88,135.97,1,-1,-1,-1
437,14,1879.25,386.81,235.59,136.31,1,-1,-1,-1
438,14,1879.11,386.66,235.96,136.46,1,-1,-1,-1
439,14,1878.99,386.62,236.02,136.43,1,-1,-1,-1
440,14,1878.87,386.63,236.17,136.46,1,-1,-1,-1
441,14,1878.74,386.71,236.21,136.42,1,-1,-1,-1
442,14,1878.64,386.75,236.23,136.39,1,-1,-1,-1
443,14,1878.55,386.75,236.26,136.37,1,-1,-1,-1
444,14,1878.52,386.74,236.29,136.34,1,-1,-1,-1
445,14,1878.66,386.47,236.84,136.67,1,-1,-1,-1
446,14,1878.72,386.34,237.12,136.83,1,-1,-1,-1
447,14,1878.73,386.33,237.15,136.86,1,-1,-1,-1
448,14,1878.73,386.32,237.12,136.86,1,-1,-1,-1
449,14,1878.72,386.35,237.07,136.83,1,-1,-1,-1
450,14,1878.70,386.36,237.03,136.81,1,-1,-1,-1
451,14,1878.72,386.27,237.09,136.84,1,-1,-1,-1
452,14,1878.70,386.25,237.17,136.88,1,-1,-1,-1
453,14,1878.68,386.23,237.20,136.91,1,-1,-1,-1
454,14,1878.69,386.23,237.21,136.92,1,-1,-1,-1
455,14,1878.72,386.21,237.20,136.91,1,-1,-1,-1
456,14,1878.72,386.20,237.19,136.92,1,-1,-1,-1
457,14,1878.68,386.08,237.17,136.93,1,-1,-1,-1
458,14,1878.65,386.00,237.17,136.95,1,-1,-1,-1
459,14,1878.60,385.97,237.20,136.99,1,-1,-1,-1
