3,1,1180.41,673.24,412.33,210.82,1,-1,-1,-1
3,2,733.24,688.51,178.68,127.97,1,-1,-1,-1
3,3,246.70,833.95,208.92,193.61,1,-1,-1,-1
4,1,1180.50,673.38,412.07,210.61,1,-1,-1,-1
4,2,733.24,688.64,178.55,127.88,1,-1,-1,-1
4,3,246.53,833.85,208.90,193.57,1,-1,-1,-1
5,1,1180.45,673.41,412.06,210.52,1,-1,-1,-1
5,2,733.17,688.62,178.58,127.89,1,-1,-1,-1
5,3,246.07,833.72,209.09,193.73,1,-1,-1,-1
6,1,1180.36,673.44,412.20,210.50,1,-1,-1,-1
6,2,733.04,688.54,178.65,127.94,1,-1,-1,-1
6,3,246.21,833.88,209.00,193.62,1,-1,-1,-1
7,1,1180.26,673.43,412.44,210.52,1,-1,-1,-1
7,2,733.00,688.47,178.72,128.00,1,-1,-1,-1
7,3,246.72,834.12,208.67,193.25,1,-1,-1,-1
8,1,1180.20,673.47,412.57,210.49,1,-1,-1,-1
8,2,732.97,688.41,178.77,128.04,1,-1,-1,-1
8,3,246.85,834.09,208.61,193.14,1,-1,-1,-1
9,1,1180.11,673.40,412.91,210.57,1,-1,-1,-1
9,2,732.94,688.37,178.82,128.09,1,-1,-1,-1
9,3,246.70,833.85,208.95,193.42,1,-1,-1,-1
10,1,1180.01,673.38,413.16,210.61,1,-1,-1,-1
10,2,732.97,688.38,178.80,128.10,1,-1,-1,-1
10,3,246.88,833.93,209.04,193.50,1,-1,-1,-1
11,1,1179.98,673.41,413.24,210.56,1,-1,-1,-1
11,2,732.94,688.38,178.84,128.14,1,-1,-1,-1
11,3,247.44,834.02,208.90,193.39,1,-1,-1,-1
12,1,1179.96,673.41,413.32,210.52,1,-1,-1,-1
12,2,732.99,688.39,178.82,128.13,1,-1,-1,-1
12,3,247.70,834.27,208.71,193.20,1,-1,-1,-1
13,1,1179.86,673.30,413.44,210.50,1,-1,-1,-1
13,2,733.41,688.59,178.36,127.75,1,-1,-1,-1
13,3,249.32,835.58,206.89,191.60,1,-1,-1,-1
14,1,1179.84,673.31,413.39,210.39,1,-1,-1,-1
14,2,733.51,688.65,178.23,127.62,1,-1,-1,-1
14,3,249.46,835.74,206.73,191.51,1,-1,-1,-1
15,1,1179.81,673.38,413.43,210.31,1,-1,-1,-1
15,2,733.59,688.70,178.19,127.56,1,-1,-1,-1
15,3,249.44,835.80,206.56,191.40,1,-1,-1,-1
16,1,1179.75,673.40,413.53,210.27,1,-1,-1,-1
16,2,733.53,688.58,178.35,127.65,1,-1,-1,-1
16,3,249.10,835.69,206.76,191.66,1,-1,-1,-1
17,1,1179.63,673.37,413.75,210.30,1,-1,-1,-1
17,2,733.44,688.53,178.52,127.77,1,-1,-1,-1
17,3,249.40,835.96,206.36,191.32,1,-1,-1,-1
18,1,1179.57,673.42,413.84,210.25,1,-1,-1,-1
18,2,733.41,688.50,178.62,127.82,1,-1,-1,-1
18,3,249.50,836.10,206.15,191.15,1,-1,-1,-1
19,1,1179.56,673.46,413.87,210.18,1,-1,-1,-1
19,2,733.42,688.50,178.66,127.83,1,-1,-1,-1
19,3,249.66,836.18,206.03,191.06,1,-1,-1,-1
20,1,1179.48,673.47,414.02,210.18,1,-1,-1,-1
20,2,733.40,688.51,178.68,127.83,1,-1,-1,-1
20,3,249.97,836.44,205.65,190.72,1,-1,-1,-1
21,1,1179.42,673.49,414.16,210.16,1,-1,-1,-1
21,2,733.38,688.53,178.71,127.83,1,-1,-1,-1
21,3,250.39,836.50,205.41,190.55,1,-1,-1,-1
22,1,1179.29,673.47,414.41,210.23,1,-1,-1,-1
22,2,733.34,688.50,178.77,127.86,1,-1,-1,-1
22,3,250.34,836.45,205.66,190.85,1,-1,-1,-1
23,1,1179.22,673.48,414.56,210.24,1,-1,-1,-1
23,2,733.33,688.52,178.78,127.85,1,-1,-1,-1
23,3,250.09,836.22,205.78,191.05,1,-1,-1,-1
24,1,1179.14,673.51,414.64,210.21,1,-1,-1,-1
24,2,733.38,688.60,178.65,127.73,1,-1,-1,-1
24,3,250.38,836.28,205.59,190.92,1,-1,-1,-1
25,1,1179.29,673.65,414.53,210.07,1,-1,-1,-1
25,2,733.19,688.53,178.80,127.83,1,-1,-1,-1
25,3,250.55,836.07,205.63,191.03,1,-1,-1,-1
26,1,1179.32,673.70,414.54,209.99,1,-1,-1,-1
26,2,733.07,688.51,178.93,127.91,1,-1,-1,-1
26,3,250.23,835.65,205.91,191.34,1,-1,-1,-1
27,1,1179.24,673.65,414.72,210.01,1,-1,-1,-1
27,2,733.01,688.48,178.93,127.90,1,-1,-1,-1
27,3,249.86,835.27,206.26,191.71,1,-1,-1,-1
28,1,1179.14,673.62,414.91,210.05,1,-1,-1,-1
28,2,733.03,688.47,178.92,127.88,1,-1,-1,-1
28,3,249.67,834.97,206.66,192.17,1,-1,-1,-1
29,1,1179.09,673.56,415.07,210.08,1,-1,-1,-1
29,2,733.10,688.53,178.83,127.81,1,-1,-1,-1
29,3,249.51,834.95,206.88,192.43,1,-1,-1,-1
30,1,1179.08,673.58,415.08,210.04,1,-1,-1,-1
30,2,733.15,688.57,178.72,127.72,1,-1,-1,-1
30,3,249.74,835.25,206.65,192.24,1,-1,-1,-1
31,1,1179.02,673.60,415.17,210.04,1,-1,-1,-1
31,2,733.16,688.57,178.74,127.71,1,-1,-1,-1
31,3,249.83,835.29,206.59,192.22,1,-1,-1,-1
32,1,1178.97,673.64,415.21,210.01,1,-1,-1,-1
32,2,733.17,688.62,178.72,127.69,1,-1,-1,-1
32,3,250.17,835.64,206.00,191.65,1,-1,-1,-1
33,1,1178.93,673.66,415.27,209.99,1,-1,-1,-1
33,2,733.14,688.61,178.77,127.72,1,-1,-1,-1
33,3,250.65,836.06,205.47,191.13,1,-1,-1,-1
34,1,1178.92,673.70,415.29,209.96,1,-1,-1,-1
34,2,733.13,688.61,178.78,127.71,1,-1,-1,-1
34,3,250.77,836.22,205.28,190.98,1,-1,-1,-1
35,1,1178.91,673.70,415.31,209.93,1,-1,-1,-1
35,2,733.12,688.59,178.79,127.73,1,-1,-1,-1
35,3,250.80,836.11,205.33,191.06,1,-1,-1,-1
36,1,1178.89,673.71,415.35,209.92,1,-1,-1,-1
36,2,733.13,688.61,178.79,127.73,1,-1,-1,-1
36,3,250.75,836.10,205.33,191.08,1,-1,-1,-1
37,1,1178.74,673.60,415.58,210.03,1,-1,-1,-1
37,2,733.01,688.51,178.95,127.82,1,-1,-1,-1
37,3,250.55,835.92,205.31,191.06,1,-1,-1,-1
38,1,1178.66,673.55,415.73,210.11,1,-1,-1,-1
38,2,733.01,688.55,178.94,127.80,1,-1,-1,-1
38,3,250.27,835.75,205.50,191.19,1,-1,-1,-1
39,1,1178.60,673.53,415.85,210.17,1,-1,-1,-1
39,2,732.93,688.50,179.04,127.86,1,-1,-1,-1
39,3,250.44,835.98,205.26,190.86,1,-1,-1,-1
40,1,1178.51,673.47,415.97,210.24,1,-1,-1,-1
40,2,732.93,688.53,179.04,127.85,1,-1,-1,-1
40,3,250.13,835.77,205.57,191.07,1,-1,-1,-1
41,1,1178.47,673.43,416.07,210.30,1,-1,-1,-1
41,2,732.88,688.53,179.10,127.89,1,-1,-1,-1
41,3,250.49,836.16,205.05,190.45,1,-1,-1,-1
42,1,1178.46,673.41,416.09,210.32,1,-1,-1,-1
42,2,732.83,688.50,179.16,127.93,1,-1,-1,-1
42,3,250.54,836.35,204.88,190.15,1,-1,-1,-1
43,1,1178.45,673.41,416.13,210.34,1,-1,-1,-1
43,2,732.82,688.49,179.22,127.97,1,-1,-1,-1
43,3,249.60,835.77,205.74,190.87,1,-1,-1,-1
44,1,1178.43,673.40,416.22,210.39,1,-1,-1,-1
44,2,732.84,688.48,179.24,127.99,1,-1,-1,-1
44,3,249.70,836.12,205.49,190.52,1,-1,-1,-1
45,1,1178.36,673.36,416.35,210.48,1,-1,-1,-1
45,2,732.83,688.47,179.28,128.03,1,-1,-1,-1
45,3,249.20,835.73,205.99,190.91,1,-1,-1,-1
46,1,1178.34,673.33,416.37,210.52,1,-1,-1,-1
46,2,732.83,688.49,179.25,128.01,1,-1,-1,-1
46,3,248.77,835.57,206.41,191.21,1,-1,-1,-1
47,1,1178.34,673.30,416.34,210.53,1,-1,-1,-1
47,2,732.84,688.50,179.20,127.98,1,-1,-1,-1
47,3,248.36,835.35,206.89,191.61,1,-1,-1,-1
48,1,1178.37,673.32,416.19,210.47,1,-1,-1,-1
48,2,732.83,688.47,179.21,128.00,1,-1,-1,-1
48,3,247.73,835.00,207.36,192.01,1,-1,-1,-1
49,1,1178.42,673.27,416.33,210.58,1,-1,-1,-1
49,2,732.79,688.35,179.42,128.18,1,-1,-1,-1
49,3,246.62,834.13,208.36,192.94,1,-1,-1,-1
50,1,1178.44,673.28,416.33,210.61,1,-1,-1,-1
50,2,732.78,688.33,179.48,128.24,1,-1,-1,-1
50,3,246.16,834.24,208.50,192.99,1,-1,-1,-1
51,1,1178.50,673.35,416.22,210.57,1,-1,-1,-1
51,2,732.77,688.34,179.47,128.25,1,-1,-1,-1
51,3,245.81,834.35,208.71,193.07,1,-1,-1,-1
52,1,1178.56,673.42,416.10,210.51,1,-1,-1,-1
52,2,732.80,688.37,179.42,128.23,1,-1,-1,-1
52,3,246.06,834.64,208.59,192.85,1,-1,-1,-1
53,1,1178.57,673.41,416.08,210.51,1,-1,-1,-1
53,2,732.80,688.41,179.37,128.21,1,-1,-1,-1
53,3,246.16,834.81,208.52,192.67,1,-1,-1,-1
54,1,1178.54,673.41,416.07,210.51,1,-1,-1,-1
54,2,732.80,688.40,179.34,128.22,1,-1,-1,-1
54,3,246.37,835.15,208.45,192.48,1,-1,-1,-1
55,1,1178.55,673.41,416.05,210.50,1,-1,-1,-1
55,2,732.83,688.38,179.32,128.23,1,-1,-1,-1
55,3,246.61,835.39,208.13,192.05,1,-1,-1,-1
56,1,1178.51,673.42,416.11,210.52,1,-1,-1,-1
56,2,732.86,688.35,179.31,128.24,1,-1,-1,-1
56,3,247.09,835.92,207.62,191.44,1,-1,-1,-1
57,1,1178.52,673.40,416.15,210.54,1,-1,-1,-1
57,2,732.84,688.35,179.30,128.25,1,-1,-1,-1
57,3,246.63,835.38,208.26,191.96,1,-1,-1,-1
58,1,1178.49,673.43,416.20,210.56,1,-1,-1,-1
58,2,732.87,688.31,179.32,128.27,1,-1,-1,-1
58,3,247.06,835.74,207.98,191.61,1,-1,-1,-1
59,1,1178.43,673.40,416.29,210.61,1,-1,-1,-1
59,2,732.90,688.32,179.27,128.25,1,-1,-1,-1
59,3,247.78,836.31,207.21,190.76,1,-1,-1,-1
60,1,1178.39,673.37,416.38,210.66,1,-1,-1,-1
60,2,732.92,688.28,179.27,128.27,1,-1,-1,-1
60,3,248.40,836.79,206.65,190.11,1,-1,-1,-1
61,1,1178.40,673.33,416.34,210.65,1,-1,-1,-1
61,2,732.90,688.49,179.11,128.17,1,-1,-1,-1
61,3,247.59,836.20,207.40,190.78,1,-1,-1,-1
62,1,1178.46,673.40,416.17,210.55,1,-1,-1,-1
62,2,732.86,688.41,179.28,128.29,1,-1,-1,-1
62,3,247.00,835.70,207.96,191.28,1,-1,-1,-1
63,1,1178.45,673.41,416.15,210.54,1,-1,-1,-1
63,2,732.90,688.49,179.22,128.24,1,-1,-1,-1
63,3,246.40,835.14,208.63,191.90,1,-1,-1,-1
64,1,1178.42,673.47,416.18,210.55,1,-1,-1,-1
64,2,732.94,688.52,179.21,128.23,1,-1,-1,-1
64,3,246.64,835.26,208.32,191.58,1,-1,-1,-1
65,1,1178.40,673.49,416.21,210.56,1,-1,-1,-1
65,2,732.96,688.53,179.28,128.26,1,-1,-1,-1
65,3,246.80,835.20,208.27,191.50,1,-1,-1,-1
66,1,1178.43,673.49,416.18,210.55,1,-1,-1,-1
66,2,732.95,688.51,179.34,128.29,1,-1,-1,-1
66,3,246.89,835.21,208.11,191.32,1,-1,-1,-1
67,1,1178.48,673.52,416.12,210.52,1,-1,-1,-1
67,2,732.95,688.58,179.26,128.23,1,-1,-1,-1
67,3,246.45,834.77,208.59,191.76,1,-1,-1,-1
68,1,1178.49,673.49,416.10,210.51,1,-1,-1,-1
68,2,732.94,688.58,179.29,128.24,1,-1,-1,-1
68,3,246.30,834.73,208.61,191.79,1,-1,-1,-1
69,1,1178.53,673.47,416.07,210.51,1,-1,-1,-1
69,2,732.95,688.62,179.24,128.20,1,-1,-1,-1
69,3,246.18,834.78,208.67,191.77,1,-1,-1,-1
70,1,1178.56,673.48,416.04,210.49,1,-1,-1,-1
70,2,732.98,688.64,179.19,128.16,1,-1,-1,-1
70,3,246.13,834.95,208.40,191.42,1,-1,-1,-1
71,1,1178.65,673.54,415.84,210.39,1,-1,-1,-1
71,2,733.06,688.67,179.09,128.08,1,-1,-1,-1
71,3,246.81,835.55,207.81,190.76,1,-1,-1,-1
72,1,1178.71,673.59,415.72,210.31,1,-1,-1,-1
72,2,733.08,688.68,179.05,128.04,1,-1,-1,-1
72,3,246.62,835.55,207.98,190.83,1,-1,-1,-1
73,1,1178.76,673.61,415.68,210.29,1,-1,-1,-1
73,2,733.02,688.62,179.12,128.09,1,-1,-1,-1
73,3,246.41,835.03,208.21,190.98,1,-1,-1,-1
74,1,1178.78,673.61,415.65,210.26,1,-1,-1,-1
74,2,732.96,688.62,179.12,128.08,1,-1,-1,-1
74,3,245.55,834.15,209.04,191.68,1,-1,-1,-1
75,1,1178.81,673.64,415.57,210.20,1,-1,-1,-1
75,2,732.95,688.65,179.09,128.05,1,-1,-1,-1
75,3,245.40,834.36,208.75,191.30,1,-1,-1,-1
76,1,1177.47,672.94,417.00,211.00,1,-1,-1,-1
76,2,733.20,688.19,179.07,128.17,1,-1,-1,-1
76,3,246.66,834.92,207.83,190.34,1,-1,-1,-1
77,1,1176.85,672.60,417.75,211.48,1,-1,-1,-1
77,2,733.31,688.04,179.09,128.29,1,-1,-1,-1
77,3,247.42,835.65,207.02,189.44,1,-1,-1,-1
78,1,1176.79,672.51,417.74,211.54,1,-1,-1,-1
78,2,733.16,687.77,179.24,128.51,1,-1,-1,-1
78,3,247.52,835.34,207.33,189.66,1,-1,-1,-1
79,1,1176.86,672.56,417.56,211.48,1,-1,-1,-1
79,2,733.18,687.72,179.11,128.51,1,-1,-1,-1
79,3,247.82,835.04,207.40,189.61,1,-1,-1,-1
80,1,1176.93,672.61,417.40,211.43,1,-1,-1,-1
80,2,733.22,687.75,178.85,128.42,1,-1,-1,-1
80,3,247.52,834.62,207.93,190.03,1,-1,-1,-1
81,1,1176.97,672.71,417.24,211.37,1,-1,-1,-1
81,2,733.42,687.67,178.81,128.44,1,-1,-1,-1
81,3,247.30,834.21,208.40,190.29,1,-1,-1,-1
82,1,1177.05,672.76,417.02,211.25,1,-1,-1,-1
82,2,733.44,687.56,178.83,128.48,1,-1,-1,-1
82,3,247.28,833.82,208.66,190.38,1,-1,-1,-1
83,1,1177.17,672.86,416.74,211.09,1,-1,-1,-1
83,2,733.45,687.51,178.82,128.50,1,-1,-1,-1
83,3,247.34,833.88,208.66,190.26,1,-1,-1,-1
84,1,1177.03,672.89,416.85,211.13,1,-1,-1,-1
84,2,733.52,687.38,178.95,128.64,1,-1,-1,-1
84,3,248.22,834.67,207.68,189.12,1,-1,-1,-1
85,1,1177.19,672.92,416.79,211.06,1,-1,-1,-1
85,2,733.39,687.16,178.89,128.69,1,-1,-1,-1
85,3,247.36,833.38,208.37,189.69,1,-1,-1,-1
86,1,1177.06,672.90,417.02,211.15,1,-1,-1,-1
86,2,733.35,687.04,178.86,128.79,1,-1,-1,-1
86,3,247.39,833.93,208.05,189.20,1,-1,-1,-1
87,1,1177.03,672.88,417.14,211.19,1,-1,-1,-1
87,2,733.41,687.09,178.64,128.73,1,-1,-1,-1
87,3,247.70,834.19,207.63,188.63,1,-1,-1,-1
88,1,1176.95,672.87,417.31,211.26,1,-1,-1,-1
88,2,733.48,687.11,178.53,128.75,1,-1,-1,-1
88,3,248.11,834.88,206.94,187.69,1,-1,-1,-1
89,1,1176.87,672.97,417.39,211.29,1,-1,-1,-1
89,2,733.53,687.15,178.50,128.82,1,-1,-1,-1
89,3,247.72,835.29,207.02,187.42,1,-1,-1,-1
90,1,1176.78,673.03,417.45,211.31,1,-1,-1,-1
90,2,733.49,687.07,178.68,129.04,1,-1,-1,-1
90,3,248.39,836.38,206.37,186.45,1,-1,-1,-1
91,1,1176.71,673.02,417.58,211.36,1,-1,-1,-1
91,2,733.51,687.07,178.71,129.13,1,-1,-1,-1
91,3,249.08,837.06,206.16,185.96,1,-1,-1,-1
92,1,1176.69,673.04,417.62,211.36,1,-1,-1,-1
92,2,733.59,687.07,178.72,129.19,1,-1,-1,-1
92,3,248.62,836.72,206.92,186.38,1,-1,-1,-1
93,1,1176.63,673.03,417.68,211.39,1,-1,-1,-1
93,2,733.66,687.07,178.68,129.21,1,-1,-1,-1
93,3,248.61,836.70,207.15,186.33,1,-1,-1,-1
94,1,1176.59,673.07,417.70,211.39,1,-1,-1,-1
94,2,733.75,687.16,178.57,129.18,1,-1,-1,-1
94,3,248.73,837.01,207.04,185.96,1,-1,-1,-1
95,1,1176.57,673.14,417.70,211.39,1,-1,-1,-1
95,2,733.82,687.32,178.40,129.09,1,-1,-1,-1
95,3,249.33,837.13,206.81,185.49,1,-1,-1,-1
96,1,1176.53,673.19,417.80,211.44,1,-1,-1,-1
96,2,733.87,687.46,178.30,129.05,1,-1,-1,-1
96,3,249.71,837.58,206.38,184.78,1,-1,-1,-1
97,1,1176.21,673.03,418.17,211.66,1,-1,-1,-1
97,2,733.89,687.46,178.21,129.03,1,-1,-1,-1
97,3,249.79,837.76,206.31,184.37,1,-1,-1,-1
98,1,1176.12,672.94,418.39,211.82,1,-1,-1,-1
98,2,733.93,687.46,178.10,129.02,1,-1,-1,-1
98,3,249.27,836.35,207.35,185.03,1,-1,-1,-1
99,1,1175.97,672.81,418.73,212.05,1,-1,-1,-1
99,2,733.39,687.49,178.21,129.14,1,-1,-1,-1
99,3,251.16,837.53,205.54,183.02,1,-1,-1,-1
100,1,1175.97,672.74,418.79,212.15,1,-1,-1,-1
100,2,733.11,687.47,178.36,129.30,1,-1,-1,-1
100,3,254.10,838.13,204.47,181.94,1,-1,-1,-1
100,4,344.53,752.20,146.96,119.56,1,-1,-1,-1
101,1,1175.99,672.72,418.78,212.20,1,-1,-1,-1
101,2,732.84,687.69,178.20,129.22,1,-1,-1,-1
101,3,254.95,837.93,204.36,181.74,1,-1,-1,-1
101,4,349.95,751.38,149.07,121.03,1,-1,-1,-1
102,1,1175.99,672.71,418.73,212.23,1,-1,-1,-1
102,2,732.73,687.72,178.24,129.25,1,-1,-1,-1
102,3,256.05,838.65,203.98,181.37,1,-1,-1,-1
102,4,356.62,751.76,150.64,121.97,1,-1,-1,-1
103,1,1175.94,672.70,418.76,212.31,1,-1,-1,-1
103,3,256.50,838.58,204.31,181.73,1,-1,-1,-1
103,4,358.72,754.25,152.60,123.34,1,-1,-1,-1
103,5,735.50,686.60,175.21,128.85,1,-1,-1,-1
104,1,1176.05,672.77,418.55,212.25,1,-1,-1,-1
104,3,257.08,838.94,205.10,182.53,1,-1,-1,-1
104,4,362.15,755.86,153.63,123.71,1,-1,-1,-1
104,5,735.25,686.71,175.22,128.83,1,-1,-1,-1
105,1,1176.06,672.83,418.44,212.24,1,-1,-1,-1
105,3,251.09,834.38,209.26,186.72,1,-1,-1,-1
105,4,365.60,756.73,155.97,125.19,1,-1,-1,-1
105,5,734.93,686.75,175.51,129.03,1,-1,-1,-1
106,1,1175.96,672.79,418.60,212.39,1,-1,-1,-1
106,3,249.62,833.07,210.11,187.94,1,-1,-1,-1
106,4,370.29,758.03,156.57,125.19,1,-1,-1,-1
106,5,734.67,686.62,175.81,129.23,1,-1,-1,-1
107,1,1175.96,672.78,418.64,212.47,1,-1,-1,-1
107,3,250.53,834.21,208.65,187.03,1,-1,-1,-1
107,4,375.98,759.70,157.24,124.99,1,-1,-1,-1
107,5,734.51,686.58,175.99,129.35,1,-1,-1,-1
108,1,1175.99,672.73,418.67,212.56,1,-1,-1,-1
108,3,252.22,836.11,206.49,185.27,1,-1,-1,-1
108,4,382.08,761.77,159.55,126.15,1,-1,-1,-1
108,5,734.45,686.63,176.04,129.36,1,-1,-1,-1
109,1,1175.90,672.67,418.74,212.67,1,-1,-1,-1
109,3,254.20,837.85,204.52,183.65,1,-1,-1,-1
109,4,391.25,763.12,161.98,127.40,1,-1,-1,-1
109,5,734.43,686.70,176.10,129.42,1,-1,-1,-1
110,1,1175.89,672.65,418.72,212.74,1,-1,-1,-1
110,3,255.31,839.00,202.81,182.22,1,-1,-1,-1
110,4,399.10,763.93,166.67,130.42,1,-1,-1,-1
110,5,734.32,686.72,176.26,129.55,1,-1,-1,-1
111,1,1175.91,672.59,418.68,212.81,1,-1,-1,-1
111,3,255.85,838.85,202.18,181.74,1,-1,-1,-1
111,4,408.79,765.20,170.08,132.64,1,-1,-1,-1
111,5,734.43,686.77,176.35,129.63,1,-1,-1,-1
112,1,1175.91,672.50,418.71,212.94,1,-1,-1,-1
112,3,255.12,837.54,203.44,183.05,1,-1,-1,-1
112,4,416.52,766.45,173.54,134.55,1,-1,-1,-1
112,5,734.48,686.73,176.46,129.74,1,-1,-1,-1
113,1,1175.60,672.22,419.33,213.42,1,-1,-1,-1
113,3,255.53,836.77,203.96,183.76,1,-1,-1,-1
113,4,425.39,768.61,176.67,136.46,1,-1,-1,-1
113,5,734.63,686.60,176.63,129.95,1,-1,-1,-1
114,1,1175.80,672.22,419.07,213.40,1,-1,-1,-1
114,3,255.07,836.70,203.81,183.86,1,-1,-1,-1
114,4,434.83,771.58,179.27,138.09,1,-1,-1,-1
114,5,734.80,686.59,176.39,129.84,1,-1,-1,-1
115,1,1176.33,672.54,418.10,212.94,1,-1,-1,-1
115,3,255.21,836.66,203.78,183.83,1,-1,-1,-1
115,4,445.96,774.06,182.97,140.77,1,-1,-1,-1
115,5,735.25,686.86,175.83,129.47,1,-1,-1,-1
116,1,1176.82,672.66,417.46,212.76,1,-1,-1,-1
116,4,457.93,776.80,184.77,141.68,1,-1,-1,-1
116,5,735.93,686.98,175.68,129.40,1,-1,-1,-1
117,1,1177.13,672.72,417.14,212.76,1,-1,-1,-1
117,4,469.98,780.57,186.41,142.20,1,-1,-1,-1
117,5,736.21,686.90,175.97,129.71,1,-1,-1,-1
118,1,1177.29,672.72,416.84,212.76,1,-1,-1,-1
118,4,482.72,783.00,191.95,145.73,1,-1,-1,-1
118,5,736.42,686.76,176.04,129.89,1,-1,-1,-1
119,1,1177.32,672.65,416.82,212.91,1,-1,-1,-1
119,4,494.59,785.15,198.85,150.41,1,-1,-1,-1
119,5,736.83,686.57,175.93,130.02,1,-1,-1,-1
119,7,255.28,833.57,206.07,190.98,1,-1,-1,-1
120,1,1177.27,672.42,417.05,213.22,1,-1,-1,-1
120,4,507.41,786.16,205.51,154.92,1,-1,-1,-1
120,5,737.04,686.39,175.77,130.12,1,-1,-1,-1
120,7,254.60,833.09,206.88,191.81,1,-1,-1,-1
121,1,1177.82,672.45,416.48,213.03,1,-1,-1,-1
121,4,521.63,788.57,214.26,160.97,1,-1,-1,-1
121,5,737.55,685.98,175.81,130.46,1,-1,-1,-1
121,7,252.68,831.23,208.84,193.79,1,-1,-1,-1
122,1,1177.99,672.40,416.39,213.10,1,-1,-1,-1
122,4,537.76,791.28,222.04,165.95,1,-1,-1,-1
122,5,736.95,685.58,175.93,130.81,1,-1,-1,-1
122,7,251.95,830.56,210.03,195.13,1,-1,-1,-1
123,1,1178.07,672.32,416.46,213.29,1,-1,-1,-1
123,4,553.03,794.78,231.34,172.06,1,-1,-1,-1
123,5,736.13,685.37,175.72,130.96,1,-1,-1,-1
123,7,252.06,830.35,210.60,195.97,1,-1,-1,-1
124,1,1178.68,672.63,415.41,212.85,1,-1,-1,-1
124,4,568.21,798.47,241.05,178.38,1,-1,-1,-1
124,5,735.75,685.73,175.03,130.63,1,-1,-1,-1
124,7,251.17,829.82,211.11,196.75,1,-1,-1,-1
125,1,1179.18,672.94,414.74,212.60,1,-1,-1,-1
125,4,582.85,800.10,252.98,186.27,1,-1,-1,-1
125,5,734.92,685.97,174.79,130.69,1,-1,-1,-1
125,7,252.31,830.60,211.63,197.61,1,-1,-1,-1
126,1,1179.75,673.17,413.96,212.29,1,-1,-1,-1
126,4,601.63,803.09,266.74,195.07,1,-1,-1,-1
126,5,734.31,685.73,174.47,130.54,1,-1,-1,-1
126,7,251.91,830.00,212.34,198.65,1,-1,-1,-1
127,1,1180.20,673.49,413.36,212.05,1,-1,-1,-1
127,4,623.53,803.89,285.20,207.31,1,-1,-1,-1
127,5,732.26,685.06,176.20,131.76,1,-1,-1,-1
127,7,250.15,828.73,212.53,199.07,1,-1,-1,-1
128,1,1180.50,673.65,412.98,211.92,1,-1,-1,-1
128,4,646.62,804.60,306.34,220.77,1,-1,-1,-1
128,5,730.79,685.00,177.54,132.62,1,-1,-1,-1
128,7,249.52,827.45,213.06,199.78,1,-1,-1,-1
129,1,1180.73,673.43,413.04,212.02,1,-1,-1,-1
129,4,674.16,805.91,330.49,236.45,1,-1,-1,-1
129,5,731.24,685.00,177.87,132.70,1,-1,-1,-1
129,7,249.61,830.59,211.41,198.45,1,-1,-1,-1
130,1,1181.63,673.53,411.95,211.53,1,-1,-1,-1
130,4,702.43,808.80,357.32,253.53,1,-1,-1,-1
130,5,732.68,685.65,177.00,131.80,1,-1,-1,-1
130,7,250.02,831.85,210.57,197.82,1,-1,-1,-1
131,1,1184.72,674.55,408.97,209.83,1,-1,-1,-1
131,4,736.34,813.61,383.07,268.57,1,-1,-1,-1
131,5,733.11,686.45,175.99,130.86,1,-1,-1,-1
131,7,250.81,832.61,209.30,196.72,1,-1,-1,-1
132,1,1186.05,674.64,407.79,209.13,1,-1,-1,-1
132,4,771.78,814.38,417.65,289.77,1,-1,-1,-1
132,5,733.72,686.89,175.66,130.53,1,-1,-1,-1
132,7,251.16,832.58,208.89,196.42,1,-1,-1,-1
133,1,1182.19,672.61,410.80,210.75,1,-1,-1,-1
133,4,808.62,819.32,456.51,313.15,1,-1,-1,-1
133,5,735.64,687.29,174.62,129.77,1,-1,-1,-1
133,7,252.81,833.96,206.65,194.29,1,-1,-1,-1
134,1,1178.82,671.76,413.49,212.07,1,-1,-1,-1
134,4,860.38,828.36,491.89,332.73,1,-1,-1,-1
134,5,736.84,687.49,174.03,129.32,1,-1,-1,-1
134,7,253.19,834.62,205.57,193.18,1,-1,-1,-1
135,1,1179.04,671.04,417.29,214.24,1,-1,-1,-1
135,4,912.85,838.46,543.19,362.98,1,-1,-1,-1
135,5,737.37,687.47,174.80,129.85,1,-1,-1,-1
135,7,253.85,835.07,205.01,192.61,1,-1,-1,-1
136,1,1175.78,668.38,427.10,219.91,1,-1,-1,-1
136,4,971.48,849.43,599.89,396.42,1,-1,-1,-1
136,5,737.70,687.38,175.00,129.96,1,-1,-1,-1
136,7,254.04,835.18,204.92,192.47,1,-1,-1,-1
137,1,1176.07,668.50,426.43,219.64,1,-1,-1,-1
137,4,1042.92,866.22,673.24,439.46,1,-1,-1,-1
137,5,737.18,687.29,175.33,130.13,1,-1,-1,-1
137,7,254.44,835.74,204.59,192.11,1,-1,-1,-1
138,1,1179.24,670.02,420.96,216.53,1,-1,-1,-1
138,4,1134.12,883.44,762.99,492.02,1,-1,-1,-1
138,5,736.61,687.11,175.57,130.24,1,-1,-1,-1
138,7,254.38,835.48,204.77,192.32,1,-1,-1,-1
139,1,1180.05,670.70,420.41,216.11,1,-1,-1,-1
139,4,1240.27,902.00,882.97,562.63,1,-1,-1,-1
139,5,736.21,686.83,176.09,130.58,1,-1,-1,-1
139,7,254.16,834.90,205.46,193.05,1,-1,-1,-1
140,1,1178.97,670.81,421.48,216.68,1,-1,-1,-1
140,4,1367.36,917.38,1015.65,641.90,1,-1,-1,-1
140,5,735.73,686.55,176.62,131.02,1,-1,-1,-1
140,7,253.32,833.99,206.57,194.30,1,-1,-1,-1
141,1,1176.24,669.87,422.68,217.50,1,-1,-1,-1
141,4,1432.70,950.29,1148.34,740.44,1,-1,-1,-1
141,5,735.64,686.45,176.46,130.94,1,-1,-1,-1
141,7,253.10,833.53,206.86,194.76,1,-1,-1,-1
142,1,1174.96,669.87,421.51,216.97,1,-1,-1,-1
142,4,1545.13,984.82,1147.59,763.26,1,-1,-1,-1
142,5,735.00,686.36,176.38,130.87,1,-1,-1,-1
142,7,253.43,833.64,206.24,194.25,1,-1,-1,-1
143,1,1176.48,670.89,418.14,215.07,1,-1,-1,-1
143,4,1736.15,1051.73,1025.17,713.93,1,-1,-1,-1
143,5,734.94,686.86,175.41,130.04,1,-1,-1,-1
143,7,253.83,833.20,205.67,193.81,1,-1,-1,-1
144,1,1178.71,672.33,414.03,212.53,1,-1,-1,-1
144,4,1790.30,1063.96,1058.56,737.18,1,-1,-1,-1
144,5,735.07,687.41,174.83,129.37,1,-1,-1,-1
144,7,253.85,833.61,204.33,192.37,1,-1,-1,-1
145,1,1180.57,673.09,410.94,210.64,1,-1,-1,-1
145,5,735.14,688.02,174.11,128.61,1,-1,-1,-1
145,7,251.85,834.83,203.21,190.99,1,-1,-1,-1
146,1,1181.17,673.44,409.92,209.82,1,-1,-1,-1
146,5,735.10,688.29,173.96,128.29,1,-1,-1,-1
146,7,251.03,835.25,202.92,190.43,1,-1,-1,-1
147,1,1181.18,673.56,409.92,209.55,1,-1,-1,-1
147,5,735.02,688.39,174.05,128.17,1,-1,-1,-1
147,7,250.69,835.50,202.91,190.16,1,-1,-1,-1
148,1,1181.03,673.60,410.26,209.47,1,-1,-1,-1
148,5,734.92,688.42,174.21,128.13,1,-1,-1,-1
148,7,250.60,835.70,202.93,189.93,1,-1,-1,-1
149,1,1180.79,673.56,410.73,209.51,1,-1,-1,-1
149,5,734.81,688.43,174.39,128.12,1,-1,-1,-1
149,7,250.50,835.86,203.03,189.76,1,-1,-1,-1
150,1,1180.59,673.53,411.14,209.54,1,-1,-1,-1
150,5,734.77,688.42,174.55,128.10,1,-1,-1,-1
150,7,250.39,835.87,203.22,189.68,1,-1,-1,-1
151,1,1180.41,673.56,411.49,209.56,1,-1,-1,-1
151,5,734.72,688.37,174.78,128.14,1,-1,-1,-1
151,7,250.44,836.00,203.25,189.49,1,-1,-1,-1
152,1,1180.23,673.56,411.83,209.58,1,-1,-1,-1
152,5,734.70,688.32,174.92,128.15,1,-1,-1,-1
152,7,250.54,836.10,203.28,189.34,1,-1,-1,-1
153,1,1180.12,673.55,412.13,209.59,1,-1,-1,-1
153,5,734.72,688.33,175.00,128.10,1,-1,-1,-1
153,7,250.28,836.07,203.54,189.42,1,-1,-1,-1
154,1,1180.00,673.54,412.35,209.59,1,-1,-1,-1
154,5,734.71,688.31,175.06,128.05,1,-1,-1,-1
154,7,249.97,835.92,203.93,189.61,1,-1,-1,-1
155,1,1179.92,673.56,412.51,209.56,1,-1,-1,-1
155,5,734.74,688.35,175.09,127.98,1,-1,-1,-1
155,7,249.81,835.88,204.15,189.64,1,-1,-1,-1
156,1,1179.76,673.53,412.79,209.61,1,-1,-1,-1
156,5,734.73,688.36,175.15,127.96,1,-1,-1,-1
156,7,249.66,835.81,204.40,189.72,1,-1,-1,-1
157,1,1179.75,673.58,413.04,209.67,1,-1,-1,-1
157,5,734.65,688.28,175.46,128.10,1,-1,-1,-1
157,7,249.08,835.20,205.54,190.60,1,-1,-1,-1
158,1,1179.74,673.61,413.15,209.66,1,-1,-1,-1
158,5,734.64,688.28,175.59,128.11,1,-1,-1,-1
158,7,248.77,834.86,206.23,191.11,1,-1,-1,-1
159,1,1179.65,673.56,413.34,209.71,1,-1,-1,-1
159,5,734.59,688.28,175.69,128.11,1,-1,-1,-1
159,7,248.75,834.81,206.46,191.19,1,-1,-1,-1
160,1,1179.61,673.56,413.40,209.69,1,-1,-1,-1
160,5,734.53,688.31,175.75,128.09,1,-1,-1,-1
160,7,248.45,834.72,206.73,191.31,1,-1,-1,-1
161,1,1179.56,673.54,413.53,209.71,1,-1,-1,-1
161,5,734.49,688.29,175.85,128.11,1,-1,-1,-1
161,7,248.28,834.66,206.94,191.39,1,-1,-1,-1
162,1,1179.56,673.59,413.50,209.64,1,-1,-1,-1
162,5,734.50,688.33,175.89,128.08,1,-1,-1,-1
162,7,248.31,834.93,206.79,191.12,1,-1,-1,-1
163,1,1179.52,673.64,413.57,209.62,1,-1,-1,-1
163,5,734.47,688.37,175.97,128.08,1,-1,-1,-1
163,7,248.64,835.49,206.30,190.49,1,-1,-1,-1
164,1,1179.44,673.65,413.69,209.63,1,-1,-1,-1
164,5,734.42,688.37,176.03,128.06,1,-1,-1,-1
164,7,248.71,835.96,206.04,190.05,1,-1,-1,-1
165,1,1179.41,673.66,413.80,209.63,1,-1,-1,-1
165,5,734.34,688.39,176.11,128.07,1,-1,-1,-1
165,7,248.46,835.96,206.27,190.09,1,-1,-1,-1
166,1,1179.34,673.65,413.95,209.66,1,-1,-1,-1
166,5,734.30,688.40,176.16,128.06,1,-1,-1,-1
166,7,247.84,835.64,206.86,190.50,1,-1,-1,-1
167,1,1179.29,673.63,414.06,209.68,1,-1,-1,-1
167,5,734.34,688.45,176.13,128.00,1,-1,-1,-1
167,7,247.82,835.69,206.91,190.43,1,-1,-1,-1
168,1,1179.21,673.65,414.12,209.66,1,-1,-1,-1
168,5,734.35,688.49,176.14,127.97,1,-1,-1,-1
168,7,248.01,836.16,206.49,189.91,1,-1,-1,-1
169,1,1179.30,673.70,413.93,209.53,1,-1,-1,-1
169,5,734.21,688.44,176.20,127.98,1,-1,-1,-1
169,7,246.90,835.55,207.47,190.74,1,-1,-1,-1
170,1,1179.32,673.74,413.89,209.48,1,-1,-1,-1
170,5,734.23,688.43,176.21,127.96,1,-1,-1,-1
170,7,246.62,835.50,207.65,190.83,1,-1,-1,-1
171,1,1179.28,673.71,413.98,209.50,1,-1,-1,-1
171,5,734.23,688.40,176.32,128.02,1,-1,-1,-1
171,7,246.96,835.99,207.22,190.34,1,-1,-1,-1
172,1,1179.23,673.67,414.06,209.52,1,-1,-1,-1
172,5,734.32,688.35,176.39,128.06,1,-1,-1,-1
172,7,247.14,836.20,207.07,190.11,1,-1,-1,-1
173,1,1179.23,673.71,414.07,209.50,1,-1,-1,-1
173,5,734.34,688.30,176.45,128.09,1,-1,-1,-1
173,7,247.23,836.25,207.14,190.10,1,-1,-1,-1
174,1,1179.28,673.73,413.97,209.43,1,-1,-1,-1
174,5,734.36,688.30,176.43,128.07,1,-1,-1,-1
174,7,246.95,836.00,207.65,190.54,1,-1,-1,-1
175,1,1179.29,673.78,413.93,209.38,1,-1,-1,-1
175,5,734.38,688.32,176.42,128.06,1,-1,-1,-1
175,7,246.71,835.91,207.77,190.59,1,-1,-1,-1
176,1,1179.27,673.76,414.02,209.40,1,-1,-1,-1
176,5,734.36,688.33,176.41,128.03,1,-1,-1,-1
176,7,246.76,835.97,207.86,190.67,1,-1,-1,-1
177,1,1177.76,672.47,417.46,211.24,1,-1,-1,-1
177,5,734.28,687.54,176.96,128.53,1,-1,-1,-1
177,7,247.11,834.65,208.92,191.71,1,-1,-1,-1
178,1,1175.16,671.13,420.87,213.22,1,-1,-1,-1
178,5,734.35,687.66,176.37,128.15,1,-1,-1,-1
178,7,246.19,832.58,212.49,195.53,1,-1,-1,-1
179,1,1174.51,670.28,422.76,214.42,1,-1,-1,-1
179,5,734.56,687.51,176.49,128.30,1,-1,-1,-1
179,7,245.56,831.74,213.68,197.06,1,-1,-1,-1
180,1,1174.04,669.54,425.53,216.14,1,-1,-1,-1
180,5,734.93,687.31,176.46,128.37,1,-1,-1,-1
180,7,245.69,831.54,213.88,197.77,1,-1,-1,-1
180,8,1776.01,664.79,645.90,646.13,1,-1,-1,-1
181,1,1176.10,670.44,423.52,215.34,1,-1,-1,-1
181,5,734.95,687.28,176.27,128.28,1,-1,-1,-1
181,7,246.62,832.98,211.40,195.50,1,-1,-1,-1
181,8,1716.08,671.57,606.36,585.29,1,-1,-1,-1
182,1,1175.83,670.21,424.40,215.79,1,-1,-1,-1
182,5,735.58,687.65,175.63,127.75,1,-1,-1,-1
182,7,247.68,834.63,208.71,192.87,1,-1,-1,-1
182,8,1600.92,681.98,559.09,514.01,1,-1,-1,-1
183,5,735.83,687.47,175.89,127.86,1,-1,-1,-1
183,7,248.38,835.23,207.88,192.00,1,-1,-1,-1
183,8,1438.98,682.84,526.42,461.53,1,-1,-1,-1
184,5,736.12,686.99,176.55,128.26,1,-1,-1,-1
184,7,248.62,834.47,208.60,192.58,1,-1,-1,-1
184,8,1294.55,671.32,509.81,429.75,1,-1,-1,-1
185,5,736.55,687.04,176.19,127.95,1,-1,-1,-1
185,7,248.87,834.43,208.64,192.61,1,-1,-1,-1
185,8,1182.17,672.00,485.76,395.17,1,-1,-1,-1
186,5,736.59,686.83,176.57,128.24,1,-1,-1,-1
186,7,248.41,833.44,209.32,193.24,1,-1,-1,-1
186,8,1091.84,669.31,469.86,370.64,1,-1,-1,-1
187,5,735.93,687.10,176.50,128.28,1,-1,-1,-1
187,7,247.51,832.93,209.59,193.47,1,-1,-1,-1
187,8,1021.18,672.07,451.74,346.56,1,-1,-1,-1
188,5,735.21,687.29,176.13,128.36,1,-1,-1,-1
188,7,247.00,833.32,209.44,193.14,1,-1,-1,-1
188,8,982.47,674.66,446.51,330.28,1,-1,-1,-1
189,5,735.17,687.26,176.16,128.39,1,-1,-1,-1
189,7,247.26,833.33,209.50,193.14,1,-1,-1,-1
189,8,903.46,677.86,423.08,307.89,1,-1,-1,-1
190,7,246.15,832.55,210.65,194.12,1,-1,-1,-1
190,8,843.33,678.76,405.40,291.25,1,-1,-1,-1
191,7,245.87,831.66,211.39,194.70,1,-1,-1,-1
191,8,804.48,683.79,384.50,273.52,1,-1,-1,-1
191,10,1228.48,672.72,332.32,212.29,1,-1,-1,-1
192,7,244.59,831.36,212.26,195.36,1,-1,-1,-1
192,8,767.42,683.91,369.80,261.45,1,-1,-1,-1
192,10,1221.65,673.04,334.36,211.80,1,-1,-1,-1
193,7,243.72,831.74,212.46,195.35,1,-1,-1,-1
193,8,733.89,686.40,354.57,249.87,1,-1,-1,-1
193,10,1218.15,673.49,336.75,211.06,1,-1,-1,-1
194,7,242.80,831.56,212.91,195.58,1,-1,-1,-1
194,8,707.98,686.30,339.08,238.85,1,-1,-1,-1
194,10,1215.61,673.48,340.34,210.80,1,-1,-1,-1
195,7,242.09,830.78,213.97,196.45,1,-1,-1,-1
195,8,685.74,690.01,323.64,228.37,1,-1,-1,-1
195,10,1213.43,673.35,344.37,210.62,1,-1,-1,-1
196,7,243.46,831.57,213.30,195.80,1,-1,-1,-1
196,8,669.45,695.67,301.64,212.77,1,-1,-1,-1
196,10,1211.00,673.18,348.94,210.71,1,-1,-1,-1
197,7,242.93,831.32,213.23,195.54,1,-1,-1,-1
197,8,653.02,698.75,284.80,200.68,1,-1,-1,-1
197,10,1209.07,673.15,353.08,210.45,1,-1,-1,-1
198,7,249.08,833.91,210.95,193.63,1,-1,-1,-1
198,8,631.01,696.33,278.71,197.37,1,-1,-1,-1
198,10,1206.35,673.19,358.04,210.70,1,-1,-1,-1
199,7,249.53,834.06,210.85,193.55,1,-1,-1,-1
199,8,615.75,698.90,265.22,188.15,1,-1,-1,-1
199,10,1204.27,673.31,362.12,210.43,1,-1,-1,-1
200,8,603.42,706.61,248.00,175.94,1,-1,-1,-1
200,10,1202.29,673.50,366.11,210.23,1,-1,-1,-1
201,8,587.46,706.87,239.45,170.00,1,-1,-1,-1
201,10,1200.45,673.66,369.97,210.10,1,-1,-1,-1
202,8,573.39,708.71,234.51,166.82,1,-1,-1,-1
202,10,1198.75,673.62,373.81,210.10,1,-1,-1,-1
202,11,245.47,828.00,213.47,195.03,1,-1,-1,-1
203,8,560.68,706.24,229.09,163.26,1,-1,-1,-1
203,10,1197.19,673.74,377.19,209.97,1,-1,-1,-1
203,11,244.06,827.37,213.36,194.96,1,-1,-1,-1
204,8,550.05,705.08,223.17,159.80,1,-1,-1,-1
204,10,1195.62,673.96,380.34,209.84,1,-1,-1,-1
204,11,243.87,827.73,212.96,194.62,1,-1,-1,-1
205,8,537.95,703.11,219.42,158.15,1,-1,-1,-1
205,10,1193.68,673.96,383.78,210.05,1,-1,-1,-1
205,11,243.92,827.34,213.92,195.62,1,-1,-1,-1
206,8,528.34,701.05,216.85,157.96,1,-1,-1,-1
206,10,1191.92,673.91,386.99,210.27,1,-1,-1,-1
206,11,244.67,827.27,214.05,195.90,1,-1,-1,-1
207,8,522.68,703.61,208.41,152.49,1,-1,-1,-1
207,10,1190.70,673.87,389.59,210.21,1,-1,-1,-1
207,11,244.82,826.92,213.97,195.94,1,-1,-1,-1
207,12,738.71,686.95,173.38,131.40,1,-1,-1,-1
208,8,514.80,705.98,199.37,145.90,1,-1,-1,-1
208,10,1188.97,673.26,393.16,210.79,1,-1,-1,-1
208,11,245.79,826.14,214.04,196.12,1,-1,-1,-1
208,12,739.94,686.71,172.06,130.29,1,-1,-1,-1
209,8,505.08,708.52,189.82,139.17,1,-1,-1,-1
209,10,1187.35,672.87,396.31,211.34,1,-1,-1,-1
209,11,246.78,826.47,213.44,195.82,1,-1,-1,-1
209,12,740.49,686.84,171.16,129.44,1,-1,-1,-1
210,8,492.77,709.73,186.88,138.02,1,-1,-1,-1
210,10,1185.26,672.22,400.11,212.43,1,-1,-1,-1
210,11,246.94,827.64,212.20,194.98,1,-1,-1,-1
210,12,740.39,687.14,170.46,128.72,1,-1,-1,-1
211,8,485.57,709.79,183.86,136.68,1,-1,-1,-1
211,10,1184.04,671.81,402.71,213.04,1,-1,-1,-1
211,11,246.70,827.67,211.58,194.72,1,-1,-1,-1
211,12,739.43,687.21,170.70,128.65,1,-1,-1,-1
212,8,477.47,709.78,180.41,134.67,1,-1,-1,-1
212,10,1182.98,671.58,404.85,213.49,1,-1,-1,-1
212,11,247.10,827.88,211.28,194.79,1,-1,-1,-1
212,12,738.59,687.01,171.12,128.67,1,-1,-1,-1
213,8,467.61,708.39,180.42,135.41,1,-1,-1,-1
213,10,1182.11,671.34,406.81,213.95,1,-1,-1,-1
213,11,247.15,827.71,211.31,195.22,1,-1,-1,-1
213,12,737.68,686.77,171.73,128.81,1,-1,-1,-1
214,8,457.47,706.25,180.07,135.74,1,-1,-1,-1
214,10,1180.98,671.05,408.96,214.59,1,-1,-1,-1
214,11,247.20,827.69,211.29,195.20,1,-1,-1,-1
214,12,737.42,686.30,172.36,129.03,1,-1,-1,-1
214,13,1913.52,799.49,541.30,490.65,1,-1,-1,-1
215,8,447.90,705.17,177.24,134.63,1,-1,-1,-1
215,10,1180.13,670.96,410.65,215.03,1,-1,-1,-1
215,12,736.81,686.23,172.93,129.20,1,-1,-1,-1
215,13,1877.11,780.70,524.14,463.37,1,-1,-1,-1
216,8,439.21,704.43,175.26,134.19,1,-1,-1,-1
216,10,1180.12,671.03,411.41,214.99,1,-1,-1,-1
216,12,737.21,686.39,173.04,129.00,1,-1,-1,-1
216,13,1830.60,773.30,502.65,428.09,1,-1,-1,-1
217,8,427.24,704.37,171.54,131.35,1,-1,-1,-1
217,10,1180.46,670.55,412.79,215.40,1,-1,-1,-1
217,12,736.34,686.76,174.09,129.52,1,-1,-1,-1
217,13,1745.50,769.20,485.90,397.62,1,-1,-1,-1
217,14,245.15,828.14,208.82,196.63,1,-1,-1,-1
218,10,1183.99,672.16,408.63,212.81,1,-1,-1,-1
218,12,735.47,687.26,174.36,129.42,1,-1,-1,-1
218,13,1648.89,762.01,471.91,370.80,1,-1,-1,-1
218,14,243.17,828.13,209.49,197.05,1,-1,-1,-1
219,10,1182.11,671.78,412.62,214.68,1,-1,-1,-1
219,12,735.69,687.31,174.42,129.19,1,-1,-1,-1
219,13,1561.16,754.82,462.84,349.96,1,-1,-1,-1
219,14,251.52,835.61,202.76,190.57,1,-1,-1,-1
220,10,1180.44,671.07,416.69,216.85,1,-1,-1,-1
220,12,735.28,687.82,174.74,129.28,1,-1,-1,-1
220,13,1478.38,750.59,453.43,330.90,1,-1,-1,-1
220,14,255.96,839.07,199.26,187.16,1,-1,-1,-1
221,10,1180.96,670.64,414.72,215.65,1,-1,-1,-1
221,12,735.18,687.93,175.01,129.28,1,-1,-1,-1
221,13,1405.22,744.58,447.50,316.13,1,-1,-1,-1
221,14,257.20,840.32,198.11,185.89,1,-1,-1,-1
222,10,1180.81,670.52,415.13,215.87,1,-1,-1,-1
222,12,735.31,688.01,175.19,129.22,1,-1,-1,-1
222,13,1338.75,733.66,446.10,306.74,1,-1,-1,-1
222,14,257.19,840.19,198.27,185.74,1,-1,-1,-1
223,12,735.51,687.86,175.48,129.20,1,-1,-1,-1
223,13,1278.41,729.20,441.18,296.46,1,-1,-1,-1
223,14,257.44,840.03,198.35,185.48,1,-1,-1,-1
224,12,735.65,687.31,175.92,129.26,1,-1,-1,-1
224,13,1226.84,724.16,435.38,287.44,1,-1,-1,-1
224,14,258.11,837.20,199.27,185.93,1,-1,-1,-1
225,12,735.72,686.94,176.28,129.30,1,-1,-1,-1
225,13,1172.56,706.67,445.50,291.89,1,-1,-1,-1
225,14,258.59,835.37,200.16,186.39,1,-1,-1,-1
226,12,735.70,686.96,176.25,129.04,1,-1,-1,-1
226,13,1124.66,697.06,444.77,290.17,1,-1,-1,-1
226,14,256.26,835.30,201.45,187.18,1,-1,-1,-1
227,12,735.34,687.28,176.11,128.73,1,-1,-1,-1
227,13,1092.41,710.02,415.27,268.12,1,-1,-1,-1
227,14,254.68,837.39,201.67,186.75,1,-1,-1,-1
228,12,735.15,687.64,175.88,128.44,1,-1,-1,-1
228,13,1062.05,719.92,389.14,248.68,1,-1,-1,-1
228,14,253.45,838.70,202.08,186.49,1,-1,-1,-1
229,12,734.65,687.81,175.98,128.43,1,-1,-1,-1
229,13,1032.50,724.76,371.19,234.93,1,-1,-1,-1
229,14,251.39,839.04,203.65,187.32,1,-1,-1,-1
230,12,733.85,688.19,175.73,128.41,1,-1,-1,-1
230,13,1003.83,726.66,355.95,222.83,1,-1,-1,-1
230,14,250.20,837.50,205.78,189.16,1,-1,-1,-1
231,12,733.24,688.41,175.62,128.61,1,-1,-1,-1
231,13,973.78,728.88,338.87,210.98,1,-1,-1,-1
231,14,250.08,837.15,206.59,189.80,1,-1,-1,-1
232,12,732.72,688.33,175.81,129.09,1,-1,-1,-1
232,13,946.73,729.03,327.28,203.03,1,-1,-1,-1
232,14,249.58,836.94,207.44,190.49,1,-1,-1,-1
233,12,732.40,688.29,175.78,129.41,1,-1,-1,-1
233,13,920.84,728.62,313.17,194.11,1,-1,-1,-1
233,14,248.87,836.71,208.15,190.95,1,-1,-1,-1
233,17,1204.56,673.56,372.38,212.97,1,-1,-1,-1
234,12,731.47,687.66,175.39,129.61,1,-1,-1,-1
234,13,896.95,728.46,305.26,189.14,1,-1,-1,-1
234,14,247.81,836.15,209.20,191.80,1,-1,-1,-1
234,17,1203.82,674.77,370.69,211.09,1,-1,-1,-1
235,12,731.07,687.66,175.45,129.65,1,-1,-1,-1
235,13,870.28,728.11,296.42,183.93,1,-1,-1,-1
235,14,246.91,835.86,209.79,192.23,1,-1,-1,-1
235,17,1203.64,675.24,370.24,209.77,1,-1,-1,-1
236,13,846.11,727.28,289.82,180.09,1,-1,-1,-1
236,14,246.31,835.39,210.38,192.66,1,-1,-1,-1
236,17,1202.66,675.48,371.24,209.09,1,-1,-1,-1
237,13,824.77,728.01,281.46,175.25,1,-1,-1,-1
237,14,245.68,834.41,211.31,193.37,1,-1,-1,-1
237,17,1199.61,674.58,374.69,209.83,1,-1,-1,-1
238,13,805.27,727.96,274.28,171.77,1,-1,-1,-1
238,14,245.37,834.16,211.92,193.79,1,-1,-1,-1
238,17,1197.41,674.06,378.11,210.52,1,-1,-1,-1
239,13,788.56,728.91,265.56,167.12,1,-1,-1,-1
239,14,245.74,834.36,211.76,193.53,1,-1,-1,-1
239,17,1195.36,673.55,381.27,210.99,1,-1,-1,-1
240,13,772.62,728.73,257.39,162.71,1,-1,-1,-1
240,14,244.56,833.86,212.31,193.90,1,-1,-1,-1
240,17,1193.88,673.47,383.67,210.97,1,-1,-1,-1
241,13,756.35,729.33,246.79,156.90,1,-1,-1,-1
241,14,243.37,832.63,213.48,194.86,1,-1,-1,-1
241,17,1192.54,673.16,386.56,211.23,1,-1,-1,-1
242,13,731.35,719.50,252.02,161.67,1,-1,-1,-1
242,14,242.12,831.98,214.36,195.62,1,-1,-1,-1
242,17,1191.00,672.53,389.68,211.69,1,-1,-1,-1
243,13,711.09,713.60,254.46,165.22,1,-1,-1,-1
243,14,241.38,831.60,214.96,196.13,1,-1,-1,-1
243,17,1189.62,672.14,392.41,212.05,1,-1,-1,-1
244,13,697.55,711.70,246.44,161.47,1,-1,-1,-1
244,14,240.56,831.71,214.81,195.82,1,-1,-1,-1
244,17,1188.78,672.27,394.04,211.86,1,-1,-1,-1
245,13,685.21,710.86,240.81,159.45,1,-1,-1,-1
245,14,241.31,832.33,213.67,194.64,1,-1,-1,-1
245,17,1187.96,672.42,395.51,211.64,1,-1,-1,-1
246,13,674.77,715.96,228.27,151.91,1,-1,-1,-1
246,14,239.86,829.47,216.00,196.40,1,-1,-1,-1
246,17,1187.32,672.58,396.79,211.31,1,-1,-1,-1
247,13,663.39,719.61,218.80,145.69,1,-1,-1,-1
247,14,246.11,833.41,212.06,193.14,1,-1,-1,-1
247,17,1186.71,672.68,398.07,211.02,1,-1,-1,-1
248,13,652.73,723.06,209.37,140.23,1,-1,-1,-1
248,14,241.71,829.30,215.07,195.71,1,-1,-1,-1
248,17,1185.96,672.67,399.58,210.97,1,-1,-1,-1
249,13,641.84,722.25,205.04,138.35,1,-1,-1,-1
249,14,236.55,826.38,218.92,198.85,1,-1,-1,-1
249,17,1185.36,672.75,400.81,210.85,1,-1,-1,-1
250,13,630.77,722.84,200.36,136.15,1,-1,-1,-1
250,14,246.13,832.37,212.95,193.81,1,-1,-1,-1
250,17,1184.89,672.85,401.90,210.70,1,-1,-1,-1
251,13,620.88,723.58,195.72,134.10,1,-1,-1,-1
251,14,249.44,835.03,209.71,191.18,1,-1,-1,-1
251,17,1184.76,673.05,402.46,210.27,1,-1,-1,-1
252,13,607.46,720.56,195.12,134.68,1,-1,-1,-1
252,14,250.62,835.65,208.37,190.25,1,-1,-1,-1
252,17,1184.42,673.13,403.45,210.12,1,-1,-1,-1
253,13,595.68,717.10,192.78,134.15,1,-1,-1,-1
253,14,240.29,828.99,214.43,195.47,1,-1,-1,-1
253,17,1184.26,673.19,404.26,209.84,1,-1,-1,-1
254,13,584.33,714.53,190.91,134.43,1,-1,-1,-1
254,14,238.31,827.38,215.16,196.01,1,-1,-1,-1
254,17,1183.74,673.32,405.28,209.76,1,-1,-1,-1
255,13,574.80,711.97,189.56,135.19,1,-1,-1,-1
255,14,235.88,826.11,217.55,198.00,1,-1,-1,-1
255,17,1183.01,673.23,406.71,209.96,1,-1,-1,-1
256,13,568.94,712.58,184.16,132.57,1,-1,-1,-1
256,14,244.83,831.45,212.61,194.02,1,-1,-1,-1
256,17,1182.53,673.26,407.61,209.91,1,-1,-1,-1
257,13,564.38,715.09,177.04,128.34,1,-1,-1,-1
257,14,249.32,834.03,210.11,192.20,1,-1,-1,-1
257,17,1181.97,673.31,408.61,209.96,1,-1,-1,-1
257,19,744.01,690.01,162.89,127.52,1,-1,-1,-1
258,13,560.03,717.79,171.12,124.60,1,-1,-1,-1
258,14,241.39,829.73,213.12,194.58,1,-1,-1,-1
258,17,1181.68,673.51,409.11,209.75,1,-1,-1,-1
258,19,742.59,689.70,162.78,127.22,1,-1,-1,-1
259,13,551.00,715.07,170.63,125.08,1,-1,-1,-1
259,14,238.14,827.49,214.83,195.82,1,-1,-1,-1
259,17,1181.45,673.61,409.52,209.52,1,-1,-1,-1
259,19,742.12,688.94,163.56,127.59,1,-1,-1,-1
260,13,540.87,714.98,167.26,123.75,1,-1,-1,-1
260,14,239.26,826.86,214.94,195.92,1,-1,-1,-1
260,17,1181.12,673.63,410.14,209.44,1,-1,-1,-1
260,19,741.72,688.93,164.25,127.79,1,-1,-1,-1
261,13,532.63,714.57,165.51,123.55,1,-1,-1,-1
261,14,241.37,827.69,213.90,195.03,1,-1,-1,-1
261,17,1180.59,673.45,411.14,209.64,1,-1,-1,-1
261,19,741.34,689.09,164.71,127.78,1,-1,-1,-1
262,13,525.58,714.47,164.15,123.76,1,-1,-1,-1
262,14,242.74,828.56,212.98,194.27,1,-1,-1,-1
262,17,1180.19,673.30,411.97,209.80,1,-1,-1,-1
262,19,740.86,689.08,165.19,127.75,1,-1,-1,-1
263,13,519.23,713.54,162.38,123.58,1,-1,-1,-1
263,14,243.90,829.79,211.65,193.15,1,-1,-1,-1
263,17,1179.94,673.28,412.43,209.80,1,-1,-1,-1
263,19,740.44,688.88,165.83,127.82,1,-1,-1,-1
264,13,511.19,713.51,160.44,123.05,1,-1,-1,-1
264,14,244.22,830.45,210.95,192.57,1,-1,-1,-1
264,17,1179.69,673.24,412.92,209.84,1,-1,-1,-1
264,19,740.09,688.69,166.42,127.87,1,-1,-1,-1
265,13,505.49,713.27,158.38,122.21,1,-1,-1,-1
265,14,243.55,830.74,210.89,192.59,1,-1,-1,-1
265,17,1179.58,673.29,413.18,209.76,1,-1,-1,-1
265,19,739.33,688.35,167.21,128.03,1,-1,-1,-1
266,13,500.05,712.61,157.34,122.03,1,-1,-1,-1
266,14,242.88,831.13,210.89,192.54,1,-1,-1,-1
266,17,1179.33,673.30,413.65,209.83,1,-1,-1,-1
266,19,738.57,688.12,167.98,128.18,1,-1,-1,-1
267,13,495.58,712.11,155.78,121.03,1,-1,-1,-1
267,14,242.35,830.51,211.12,192.73,1,-1,-1,-1
267,17,1179.23,673.39,413.88,209.76,1,-1,-1,-1
267,19,738.11,688.00,168.55,128.17,1,-1,-1,-1
268,13,491.84,713.00,152.97,118.85,1,-1,-1,-1
268,14,242.00,831.55,210.70,192.04,1,-1,-1,-1
268,17,1179.21,673.52,413.95,209.64,1,-1,-1,-1
268,19,737.72,687.95,168.90,127.99,1,-1,-1,-1
269,13,484.12,712.03,151.36,117.86,1,-1,-1,-1
269,14,238.39,831.08,211.98,192.84,1,-1,-1,-1
269,17,1179.32,673.68,413.84,209.41,1,-1,-1,-1
269,19,737.26,687.73,169.44,127.97,1,-1,-1,-1
270,13,475.21,712.37,149.47,116.64,1,-1,-1,-1
270,14,247.81,837.44,205.42,186.80,1,-1,-1,-1
270,17,1179.00,674.23,413.85,209.23,1,-1,-1,-1
270,19,738.05,687.81,169.77,127.67,1,-1,-1,-1
271,13,464.85,712.27,148.21,116.03,1,-1,-1,-1
271,14,251.23,839.03,203.78,185.30,1,-1,-1,-1
271,17,1178.73,674.41,414.13,209.19,1,-1,-1,-1
271,19,738.16,687.86,170.19,127.49,1,-1,-1,-1
272,13,455.69,712.88,146.60,115.26,1,-1,-1,-1
272,14,252.02,838.91,203.85,185.39,1,-1,-1,-1
272,17,1178.39,674.39,414.65,209.30,1,-1,-1,-1
272,19,738.27,687.85,170.61,127.35,1,-1,-1,-1
273,13,447.20,711.47,147.02,116.00,1,-1,-1,-1
273,14,252.26,839.12,203.37,184.78,1,-1,-1,-1
273,17,1178.22,674.36,415.04,209.38,1,-1,-1,-1
273,19,737.45,688.49,171.74,127.74,1,-1,-1,-1
274,13,441.16,711.94,145.73,115.59,1,-1,-1,-1
274,14,251.85,838.63,204.11,185.28,1,-1,-1,-1
274,17,1178.02,674.30,415.49,209.51,1,-1,-1,-1
274,19,737.02,688.63,172.49,127.90,1,-1,-1,-1
275,13,432.76,711.73,144.68,114.76,1,-1,-1,-1
275,14,252.52,839.05,204.43,185.40,1,-1,-1,-1
275,17,1177.94,674.39,415.54,209.42,1,-1,-1,-1
275,19,737.18,688.63,173.13,127.98,1,-1,-1,-1
276,14,252.77,838.85,205.32,186.17,1,-1,-1,-1
276,17,1177.81,674.34,415.80,209.47,1,-1,-1,-1
276,19,737.02,688.57,173.75,128.10,1,-1,-1,-1
277,14,249.47,838.50,206.29,186.56,1,-1,-1,-1
277,17,1177.52,674.47,416.00,209.52,1,-1,-1,-1
277,19,736.91,688.35,174.17,128.13,1,-1,-1,-1
278,14,247.66,837.83,207.15,186.92,1,-1,-1,-1
278,17,1177.38,674.51,416.08,209.53,1,-1,-1,-1
278,19,736.70,688.25,174.55,128.17,1,-1,-1,-1
279,14,247.70,838.46,206.24,185.47,1,-1,-1,-1
279,17,1177.20,674.54,416.33,209.63,1,-1,-1,-1
279,19,736.47,688.20,174.80,128.13,1,-1,-1,-1
280,14,247.08,837.42,206.81,185.48,1,-1,-1,-1
280,17,1177.13,674.63,416.41,209.64,1,-1,-1,-1
280,19,736.46,688.32,174.98,128.06,1,-1,-1,-1
281,14,247.76,835.75,207.40,185.61,1,-1,-1,-1
281,17,1176.04,673.74,418.65,210.80,1,-1,-1,-1
281,19,737.22,687.49,174.73,127.80,1,-1,-1,-1
282,14,248.18,834.95,207.89,185.87,1,-1,-1,-1
282,17,1174.34,672.80,420.84,212.12,1,-1,-1,-1
282,19,736.92,686.97,174.79,127.92,1,-1,-1,-1
283,14,249.30,834.90,207.06,184.83,1,-1,-1,-1
283,17,1173.01,671.57,424.23,214.22,1,-1,-1,-1
283,19,734.26,687.23,176.23,129.09,1,-1,-1,-1
283,21,316.12,751.09,146.55,126.39,1,-1,-1,-1
284,14,244.87,837.86,209.61,187.19,1,-1,-1,-1
284,17,1172.81,670.88,425.63,215.36,1,-1,-1,-1
284,19,733.89,686.82,176.99,129.80,1,-1,-1,-1
284,21,319.69,750.13,149.82,129.06,1,-1,-1,-1
284,22,1916.44,720.85,486.08,483.03,1,-1,-1,-1
285,14,244.64,838.07,209.62,187.20,1,-1,-1,-1
285,17,1173.77,670.31,426.66,216.22,1,-1,-1,-1
285,19,734.36,686.67,177.31,130.15,1,-1,-1,-1
285,21,324.28,750.44,151.12,130.08,1,-1,-1,-1
285,22,1839.66,698.18,476.18,453.81,1,-1,-1,-1
286,17,1175.13,670.30,425.86,216.21,1,-1,-1,-1
286,19,734.40,686.63,177.41,130.28,1,-1,-1,-1
286,21,331.71,752.71,149.90,128.69,1,-1,-1,-1
286,22,1684.00,693.25,455.05,415.18,1,-1,-1,-1
286,23,256.75,834.30,201.96,185.55,1,-1,-1,-1
287,17,1174.87,670.00,426.86,216.72,1,-1,-1,-1
287,19,735.18,686.40,176.45,129.62,1,-1,-1,-1
287,21,330.29,759.18,152.39,130.25,1,-1,-1,-1
287,22,1501.98,687.32,437.38,380.27,1,-1,-1,-1
287,23,255.34,842.33,201.63,185.25,1,-1,-1,-1
288,19,735.61,686.37,175.81,129.16,1,-1,-1,-1
288,21,334.37,762.23,152.91,129.99,1,-1,-1,-1
288,22,1371.79,682.47,424.41,354.36,1,-1,-1,-1
289,19,735.84,685.52,176.44,129.57,1,-1,-1,-1
289,21,341.15,762.36,155.15,131.11,1,-1,-1,-1
289,22,1263.66,673.63,425.22,344.40,1,-1,-1,-1
290,19,735.92,685.36,176.62,129.70,1,-1,-1,-1
290,21,348.41,760.07,158.36,133.31,1,-1,-1,-1
290,22,1179.79,675.17,413.60,326.45,1,-1,-1,-1
290,24,252.64,837.61,208.64,185.04,1,-1,-1,-1
291,19,735.67,685.54,176.24,129.47,1,-1,-1,-1
291,21,352.70,761.09,159.48,134.26,1,-1,-1,-1
291,22,1107.60,674.92,401.85,309.83,1,-1,-1,-1
291,24,252.76,835.98,209.00,185.46,1,-1,-1,-1
292,19,735.48,686.14,175.73,129.21,1,-1,-1,-1
292,22,1050.73,680.41,384.57,288.58,1,-1,-1,-1
292,24,253.71,835.90,209.10,185.70,1,-1,-1,-1
292,25,351.55,760.12,168.25,132.88,1,-1,-1,-1
293,19,735.24,686.84,175.49,129.19,1,-1,-1,-1
293,22,1042.03,675.98,390.64,278.48,1,-1,-1,-1
293,24,248.94,833.07,213.24,189.56,1,-1,-1,-1
293,25,351.80,762.04,172.54,136.48,1,-1,-1,-1
294,19,734.04,686.61,176.07,129.93,1,-1,-1,-1
294,22,950.83,684.07,365.68,258.13,1,-1,-1,-1
294,24,248.24,831.18,214.77,190.93,1,-1,-1,-1
294,25,359.92,764.63,173.89,137.54,1,-1,-1,-1
295,19,733.07,686.84,176.51,130.71,1,-1,-1,-1
295,22,896.60,690.81,344.16,240.70,1,-1,-1,-1
295,25,365.59,764.86,178.02,140.85,1,-1,-1,-1
296,19,732.73,686.84,176.74,130.88,1,-1,-1,-1
296,22,852.79,695.10,329.18,228.70,1,-1,-1,-1
296,25,375.27,765.75,178.93,141.58,1,-1,-1,-1
296,26,1220.60,674.24,341.73,212.17,1,-1,-1,-1
297,22,815.35,699.29,315.11,218.21,1,-1,-1,-1
297,25,381.45,767.72,183.19,144.98,1,-1,-1,-1
297,26,1217.59,674.89,342.28,210.87,1,-1,-1,-1
297,27,252.47,834.13,207.58,189.61,1,-1,-1,-1
298,22,787.01,701.47,301.06,208.31,1,-1,-1,-1
298,25,388.36,768.58,189.44,150.17,1,-1,-1,-1
298,26,1212.72,673.84,346.91,211.86,1,-1,-1,-1
298,27,252.92,833.45,208.14,190.07,1,-1,-1,-1
299,22,755.14,700.87,293.92,203.58,1,-1,-1,-1
299,25,395.76,768.93,194.52,154.44,1,-1,-1,-1
299,26,1209.68,673.33,351.07,212.36,1,-1,-1,-1
299,27,252.07,831.81,210.08,191.84,1,-1,-1,-1
300,22,728.11,697.48,287.31,199.88,1,-1,-1,-1
300,25,405.29,770.47,197.72,157.03,1,-1,-1,-1
300,26,1207.43,673.14,355.00,212.59,1,-1,-1,-1
300,27,250.98,831.03,211.15,192.88,1,-1,-1,-1
301,22,705.42,697.52,278.18,195.01,1,-1,-1,-1
301,25,414.00,772.91,201.38,160.00,1,-1,-1,-1
301,26,1205.50,672.63,359.36,212.99,1,-1,-1,-1
301,27,250.77,830.33,211.86,193.53,1,-1,-1,-1
302,22,684.77,695.41,271.57,192.37,1,-1,-1,-1
302,25,422.10,774.81,205.34,163.31,1,-1,-1,-1
302,26,1203.46,672.40,363.40,213.18,1,-1,-1,-1
303,22,668.65,696.12,262.96,188.23,1,-1,-1,-1
303,25,430.92,777.76,211.61,168.69,1,-1,-1,-1
303,26,1201.62,672.59,366.57,212.82,1,-1,-1,-1
304,22,654.52,701.79,248.25,178.99,1,-1,-1,-1
304,25,443.66,781.32,213.51,170.17,1,-1,-1,-1
304,26,1199.98,672.70,369.82,212.51,1,-1,-1,-1
305,22,638.82,703.29,240.96,175.65,1,-1,-1,-1
305,25,459.16,785.28,216.79,172.32,1,-1,-1,-1
305,26,1198.74,672.86,372.66,212.04,1,-1,-1,-1
306,22,606.93,704.17,229.94,167.62,1,-1,-1,-1
306,25,473.98,788.35,222.49,176.45,1,-1,-1,-1
306,26,1197.74,673.02,375.05,211.39,1,-1,-1,-1
307,25,487.07,792.26,228.28,180.33,1,-1,-1,-1
307,26,1196.46,672.98,378.04,211.20,1,-1,-1,-1
308,25,500.76,796.81,236.49,186.27,1,-1,-1,-1
308,26,1195.12,672.93,381.17,211.22,1,-1,-1,-1
309,25,515.33,799.97,244.06,191.50,1,-1,-1,-1
309,26,1194.01,673.04,383.71,211.02,1,-1,-1,-1
310,25,530.83,804.14,250.63,195.25,1,-1,-1,-1
310,26,1193.14,673.24,385.70,210.61,1,-1,-1,-1
311,25,544.43,807.51,261.37,202.18,1,-1,-1,-1
311,26,1192.06,673.48,387.99,210.45,1,-1,-1,-1
312,25,560.29,809.42,273.79,210.30,1,-1,-1,-1
312,26,1190.44,673.35,391.40,211.13,1,-1,-1,-1
313,25,576.24,810.48,294.05,223.87,1,-1,-1,-1
313,26,1188.86,673.18,395.32,212.26,1,-1,-1,-1
314,25,594.28,812.08,318.37,241.02,1,-1,-1,-1
314,26,1187.80,672.82,397.97,212.82,1,-1,-1,-1
314,30,736.34,687.31,170.36,130.55,1,-1,-1,-1
315,25,617.69,812.34,342.87,257.60,1,-1,-1,-1
315,26,1187.14,672.72,399.59,212.91,1,-1,-1,-1
315,30,736.11,686.99,171.01,130.85,1,-1,-1,-1
315,31,531.64,707.69,170.36,142.74,1,-1,-1,-1
316,25,646.11,815.37,366.15,271.97,1,-1,-1,-1
316,26,1187.21,672.87,400.33,212.60,1,-1,-1,-1
316,30,735.66,687.54,171.46,130.90,1,-1,-1,-1
316,31,521.03,708.97,163.66,137.17,1,-1,-1,-1
317,25,676.19,819.51,392.83,288.04,1,-1,-1,-1
317,26,1189.53,673.82,398.52,210.81,1,-1,-1,-1
317,30,736.42,687.89,171.47,130.57,1,-1,-1,-1
317,31,509.53,708.14,161.64,135.57,1,-1,-1,-1
318,25,707.87,821.21,428.74,311.62,1,-1,-1,-1
318,26,1189.94,673.95,399.53,210.67,1,-1,-1,-1
318,30,737.10,688.32,171.31,130.12,1,-1,-1,-1
318,31,503.80,708.11,157.79,132.26,1,-1,-1,-1
319,25,744.61,825.22,463.67,333.58,1,-1,-1,-1
319,26,1189.28,673.52,401.23,211.04,1,-1,-1,-1
319,30,737.92,688.87,170.93,129.56,1,-1,-1,-1
319,31,498.78,709.49,155.76,130.64,1,-1,-1,-1
320,25,785.56,832.29,500.81,356.16,1,-1,-1,-1
320,26,1188.03,673.14,402.70,211.35,1,-1,-1,-1
320,30,738.41,689.15,170.44,128.99,1,-1,-1,-1
320,31,492.21,708.88,154.62,129.35,1,-1,-1,-1
321,25,837.02,841.06,550.49,386.96,1,-1,-1,-1
321,26,1187.05,673.20,403.98,211.55,1,-1,-1,-1
321,30,738.79,688.88,170.45,128.84,1,-1,-1,-1
321,31,483.94,710.18,151.44,126.32,1,-1,-1,-1
322,25,892.34,853.23,609.16,423.27,1,-1,-1,-1
322,26,1185.23,672.06,409.15,214.02,1,-1,-1,-1
322,30,738.64,688.26,170.76,128.88,1,-1,-1,-1
322,31,470.51,707.87,151.62,126.33,1,-1,-1,-1
323,25,955.48,865.80,679.48,466.00,1,-1,-1,-1
323,26,1181.93,669.98,417.04,218.11,1,-1,-1,-1
323,30,738.55,687.46,171.73,129.47,1,-1,-1,-1
323,31,459.95,708.00,149.38,124.40,1,-1,-1,-1
324,25,1037.13,880.88,767.03,518.48,1,-1,-1,-1
324,26,1181.98,669.77,416.84,217.62,1,-1,-1,-1
324,30,738.06,686.92,172.60,129.99,1,-1,-1,-1
324,31,453.69,706.39,149.70,124.39,1,-1,-1,-1
325,25,1141.22,898.62,884.39,589.37,1,-1,-1,-1
325,26,1182.36,670.27,416.79,217.25,1,-1,-1,-1
325,30,736.31,687.37,173.96,130.84,1,-1,-1,-1
325,31,447.03,705.42,149.97,124.55,1,-1,-1,-1
326,25,1285.09,913.52,1018.24,664.37,1,-1,-1,-1
326,26,1182.44,670.37,417.90,217.70,1,-1,-1,-1
326,30,736.30,687.04,174.82,131.39,1,-1,-1,-1
326,31,439.02,705.10,148.12,123.02,1,-1,-1,-1
327,25,1342.21,939.87,1183.04,781.75,1,-1,-1,-1
327,26,1182.20,670.50,417.30,217.25,1,-1,-1,-1
327,30,736.01,686.92,174.95,131.41,1,-1,-1,-1
328,25,1436.07,986.87,1212.83,820.11,1,-1,-1,-1
328,26,1179.70,670.09,416.77,216.91,1,-1,-1,-1
328,30,735.56,687.18,174.44,130.86,1,-1,-1,-1
329,25,1585.68,1030.55,1153.38,810.27,1,-1,-1,-1
329,26,1179.26,670.30,415.73,216.17,1,-1,-1,-1
329,30,735.52,686.96,174.67,130.85,1,-1,-1,-1
330,25,1635.48,1041.60,1192.72,837.91,1,-1,-1,-1
330,26,1179.48,671.18,413.19,214.47,1,-1,-1,-1
330,30,735.64,687.09,174.50,130.49,1,-1,-1,-1
330,32,242.38,822.70,215.35,202.35,1,-1,-1,-1
331,26,1182.32,672.84,407.90,211.15,1,-1,-1,-1
331,30,736.15,687.82,173.48,129.38,1,-1,-1,-1
331,32,247.02,830.53,208.42,195.69,1,-1,-1,-1
332,26,1183.07,673.45,406.54,209.92,1,-1,-1,-1
332,30,736.09,687.98,173.49,129.06,1,-1,-1,-1
332,32,248.37,832.72,206.77,194.00,1,-1,-1,-1
333,26,1182.07,673.45,407.66,210.05,1,-1,-1,-1
333,30,735.60,688.03,173.68,128.93,1,-1,-1,-1
333,32,249.75,832.35,206.02,193.17,1,-1,-1,-1
334,26,1181.51,673.47,408.46,210.04,1,-1,-1,-1
334,30,735.22,688.00,174.04,128.93,1,-1,-1,-1
334,32,249.60,831.50,206.79,193.79,1,-1,-1,-1
335,26,1181.11,673.46,409.18,210.02,1,-1,-1,-1
335,30,735.08,687.97,174.29,128.86,1,-1,-1,-1
335,32,247.66,831.01,207.56,194.31,1,-1,-1,-1
336,26,1180.63,673.40,410.10,210.15,1,-1,-1,-1
336,30,734.91,688.02,174.54,128.81,1,-1,-1,-1
336,32,246.76,830.68,208.08,194.61,1,-1,-1,-1
337,26,1180.68,673.38,410.33,209.93,1,-1,-1,-1
337,30,734.63,688.11,174.56,128.58,1,-1,-1,-1
337,32,247.07,831.18,207.92,194.30,1,-1,-1,-1
338,26,1180.46,673.36,410.83,209.88,1,-1,-1,-1
338,30,734.35,688.14,174.81,128.54,1,-1,-1,-1
338,32,247.03,831.43,208.09,194.27,1,-1,-1,-1
339,26,1180.20,673.30,411.38,209.89,1,-1,-1,-1
339,30,734.15,688.13,175.06,128.51,1,-1,-1,-1
339,32,246.86,831.35,208.61,194.62,1,-1,-1,-1
340,26,1180.05,673.35,411.72,209.80,1,-1,-1,-1
340,30,734.11,688.20,175.20,128.42,1,-1,-1,-1
340,32,246.98,831.77,208.49,194.38,1,-1,-1,-1
341,26,1179.97,673.40,411.99,209.71,1,-1,-1,-1
341,30,734.20,688.39,175.16,128.22,1,-1,-1,-1
341,32,246.96,832.17,208.36,194.14,1,-1,-1,-1
342,26,1179.89,673.37,412.31,209.68,1,-1,-1,-1
342,30,734.22,688.50,175.23,128.10,1,-1,-1,-1
342,32,246.55,832.16,208.73,194.31,1,-1,-1,-1
343,26,1179.80,673.39,412.53,209.62,1,-1,-1,-1
343,30,734.15,688.52,175.38,128.06,1,-1,-1,-1
343,32,246.56,832.02,209.07,194.54,1,-1,-1,-1
344,26,1179.62,673.30,413.01,209.74,1,-1,-1,-1
344,30,734.04,688.44,175.62,128.12,1,-1,-1,-1
344,32,246.53,831.74,209.37,194.74,1,-1,-1,-1
345,26,1179.59,673.36,413.07,209.62,1,-1,-1,-1
345,30,733.96,688.46,175.72,128.08,1,-1,-1,-1
345,32,246.35,831.64,209.61,194.90,1,-1,-1,-1
346,26,1179.56,673.36,413.24,209.58,1,-1,-1,-1
346,30,733.99,688.44,175.84,128.08,1,-1,-1,-1
346,32,246.52,831.85,209.45,194.68,1,-1,-1,-1
347,26,1179.54,673.38,413.39,209.53,1,-1,-1,-1
347,30,733.98,688.45,175.94,128.08,1,-1,-1,-1
347,32,246.54,832.02,209.45,194.62,1,-1,-1,-1
348,26,1179.45,673.41,413.58,209.51,1,-1,-1,-1
348,30,733.94,688.40,176.09,128.12,1,-1,-1,-1
348,32,246.64,831.91,209.57,194.62,1,-1,-1,-1
349,26,1179.14,673.35,413.92,209.56,1,-1,-1,-1
349,30,733.87,688.26,176.14,128.05,1,-1,-1,-1
349,32,246.81,832.22,209.82,194.82,1,-1,-1,-1
350,26,1179.02,673.43,414.04,209.50,1,-1,-1,-1
350,30,733.81,688.16,176.21,127.99,1,-1,-1,-1
350,32,247.06,832.61,209.61,194.56,1,-1,-1,-1
351,26,1178.87,673.44,414.29,209.51,1,-1,-1,-1
351,30,733.71,688.21,176.33,127.97,1,-1,-1,-1
351,32,247.10,832.84,209.47,194.37,1,-1,-1,-1
352,26,1178.85,673.49,414.30,209.40,1,-1,-1,-1
352,30,733.69,688.33,176.26,127.81,1,-1,-1,-1
352,32,247.15,833.43,209.04,193.91,1,-1,-1,-1
353,26,1178.77,673.47,414.41,209.35,1,-1,-1,-1
353,30,733.67,688.33,176.32,127.78,1,-1,-1,-1
353,32,247.06,833.61,209.04,193.94,1,-1,-1,-1
354,26,1178.76,673.48,414.49,209.30,1,-1,-1,-1
354,30,733.63,688.33,176.40,127.77,1,-1,-1,-1
354,32,246.84,833.59,209.19,194.10,1,-1,-1,-1
355,26,1178.69,673.46,414.65,209.30,1,-1,-1,-1
355,30,733.58,688.32,176.49,127.78,1,-1,-1,-1
355,32,246.98,833.68,209.20,194.13,1,-1,-1,-1
356,26,1178.58,673.42,414.87,209.35,1,-1,-1,-1
356,30,733.53,688.30,176.64,127.84,1,-1,-1,-1
356,32,247.16,833.64,209.27,194.27,1,-1,-1,-1
357,26,1178.48,673.37,415.08,209.41,1,-1,-1,-1
357,30,733.49,688.32,176.69,127.82,1,-1,-1,-1
357,32,247.24,833.68,209.23,194.30,1,-1,-1,-1
358,26,1178.34,673.32,415.35,209.51,1,-1,-1,-1
358,30,733.46,688.31,176.80,127.86,1,-1,-1,-1
358,32,246.88,833.62,209.23,194.32,1,-1,-1,-1
359,26,1178.31,673.34,415.40,209.50,1,-1,-1,-1
359,30,733.45,688.29,176.87,127.87,1,-1,-1,-1
359,32,246.90,833.54,209.10,194.24,1,-1,-1,-1
360,26,1178.25,673.31,415.52,209.53,1,-1,-1,-1
360,30,733.31,688.32,176.93,127.90,1,-1,-1,-1
360,32,246.92,833.53,209.03,194.19,1,-1,-1,-1
361,26,1178.21,673.21,415.82,209.69,1,-1,-1,-1
361,30,733.10,688.39,177.08,128.06,1,-1,-1,-1
361,32,247.67,834.01,208.17,193.43,1,-1,-1,-1
362,26,1178.24,673.25,415.85,209.68,1,-1,-1,-1
362,30,733.01,688.33,177.19,128.18,1,-1,-1,-1
362,32,248.00,834.29,207.66,192.91,1,-1,-1,-1
363,26,1178.27,673.26,415.88,209.67,1,-1,-1,-1
363,30,733.04,688.34,177.14,128.18,1,-1,-1,-1
363,32,248.36,834.75,207.11,192.37,1,-1,-1,-1
364,26,1178.31,673.30,415.83,209.62,1,-1,-1,-1
364,30,733.05,688.31,177.16,128.21,1,-1,-1,-1
364,32,248.41,834.91,207.01,192.24,1,-1,-1,-1
365,26,1178.32,673.37,415.76,209.56,1,-1,-1,-1
365,30,733.08,688.40,177.12,128.21,1,-1,-1,-1
365,32,250.38,835.03,206.73,192.14,1,-1,-1,-1
366,26,1178.36,673.40,415.77,209.55,1,-1,-1,-1
366,30,733.08,688.44,177.09,128.21,1,-1,-1,-1
366,32,250.62,834.71,207.11,192.67,1,-1,-1,-1
367,26,1178.36,673.40,415.80,209.55,1,-1,-1,-1
367,30,733.08,688.46,177.04,128.20,1,-1,-1,-1
367,32,250.59,834.67,207.15,192.86,1,-1,-1,-1
368,26,1178.34,673.39,415.86,209.56,1,-1,-1,-1
368,30,733.08,688.44,177.03,128.21,1,-1,-1,-1
368,32,250.66,834.59,207.15,193.00,1,-1,-1,-1
369,26,1178.30,673.34,415.94,209.59,1,-1,-1,-1
369,30,733.08,688.44,176.95,128.17,1,-1,-1,-1
369,32,250.35,834.31,207.30,193.24,1,-1,-1,-1
370,26,1178.32,673.34,415.92,209.58,1,-1,-1,-1
370,30,733.09,688.45,176.88,128.13,1,-1,-1,-1
370,32,249.77,833.89,207.78,193.80,1,-1,-1,-1
371,26,1178.31,673.34,415.98,209.60,1,-1,-1,-1
371,30,733.12,688.43,176.87,128.14,1,-1,-1,-1
371,32,249.88,833.94,207.63,193.77,1,-1,-1,-1
372,26,1177.53,672.61,417.64,210.42,1,-1,-1,-1
372,30,732.84,687.77,177.18,128.39,1,-1,-1,-1
372,32,247.96,832.92,208.65,194.53,1,-1,-1,-1
373,26,1176.42,671.90,419.09,211.32,1,-1,-1,-1
373,30,732.54,687.43,177.42,128.73,1,-1,-1,-1
373,32,247.94,833.14,208.46,194.30,1,-1,-1,-1
374,26,1175.52,671.44,420.75,212.38,1,-1,-1,-1
374,30,732.41,687.49,177.33,128.88,1,-1,-1,-1
374,32,248.89,832.14,209.48,195.58,1,-1,-1,-1
375,26,1175.11,671.09,421.92,213.27,1,-1,-1,-1
375,30,732.31,687.12,177.50,129.31,1,-1,-1,-1
375,32,249.04,831.33,210.42,196.89,1,-1,-1,-1
376,26,1175.26,671.13,421.92,213.62,1,-1,-1,-1
376,30,732.78,687.22,177.10,129.27,1,-1,-1,-1
376,32,249.01,831.09,210.77,197.22,1,-1,-1,-1
376,33,1812.82,752.54,581.39,440.09,1,-1,-1,-1
377,26,1176.30,670.53,422.69,214.35,1,-1,-1,-1
377,30,733.23,687.61,176.57,129.06,1,-1,-1,-1
377,33,1730.64,750.84,528.59,386.92,1,-1,-1,-1
378,26,1177.24,669.94,423.19,215.45,1,-1,-1,-1
378,30,733.40,687.94,176.25,128.99,1,-1,-1,-1
378,33,1570.53,742.70,505.08,357.65,1,-1,-1,-1
379,26,1177.06,669.68,424.10,215.91,1,-1,-1,-1
379,30,733.62,688.19,175.71,128.72,1,-1,-1,-1
379,33,1429.43,737.88,479.58,328.39,1,-1,-1,-1
380,30,734.14,688.22,175.21,128.44,1,-1,-1,-1
380,33,1310.19,727.90,464.47,308.96,1,-1,-1,-1
381,30,735.05,687.65,175.37,128.59,1,-1,-1,-1
381,33,1190.08,690.00,497.25,326.46,1,-1,-1,-1
382,30,735.31,687.40,175.26,128.52,1,-1,-1,-1
382,33,1100.36,679.90,489.98,318.45,1,-1,-1,-1
382,34,250.12,831.28,207.53,196.28,1,-1,-1,-1
383,30,734.93,688.27,174.35,127.90,1,-1,-1,-1
383,33,1047.26,697.09,447.93,287.08,1,-1,-1,-1
383,34,251.71,833.18,206.24,195.00,1,-1,-1,-1
384,30,734.08,688.31,174.53,128.13,1,-1,-1,-1
384,33,999.64,718.64,404.64,254.78,1,-1,-1,-1
384,34,254.36,835.37,204.72,193.56,1,-1,-1,-1
385,30,734.30,688.59,174.41,128.13,1,-1,-1,-1
385,33,955.95,726.51,376.98,233.63,1,-1,-1,-1
385,34,253.40,835.41,205.04,193.89,1,-1,-1,-1
386,30,733.98,688.55,174.50,128.40,1,-1,-1,-1
386,33,913.43,728.71,356.46,218.70,1,-1,-1,-1
386,34,253.69,835.72,204.65,193.52,1,-1,-1,-1
387,30,732.67,688.16,174.30,128.56,1,-1,-1,-1
387,33,876.29,729.48,336.82,205.09,1,-1,-1,-1
387,34,253.27,835.77,204.47,193.33,1,-1,-1,-1
387,35,1207.08,675.21,370.14,210.55,1,-1,-1,-1
388,30,732.45,688.17,174.32,128.58,1,-1,-1,-1
388,33,839.19,730.30,322.59,195.14,1,-1,-1,-1
388,34,250.63,836.01,204.85,193.55,1,-1,-1,-1
388,35,1207.29,676.11,367.69,208.28,1,-1,-1,-1
389,33,805.85,730.80,311.53,188.22,1,-1,-1,-1
389,34,248.69,834.98,206.14,194.51,1,-1,-1,-1
389,35,1203.49,675.20,369.97,208.58,1,-1,-1,-1
390,33,778.68,730.09,301.52,182.53,1,-1,-1,-1
390,34,247.85,834.11,207.02,195.08,1,-1,-1,-1
390,35,1200.88,674.54,373.32,209.34,1,-1,-1,-1
391,33,753.15,729.32,291.46,177.14,1,-1,-1,-1
391,34,247.34,833.50,208.13,195.97,1,-1,-1,-1
391,35,1198.31,673.79,376.81,210.06,1,-1,-1,-1
392,33,729.54,726.11,283.37,173.55,1,-1,-1,-1
392,34,246.91,833.73,208.14,195.73,1,-1,-1,-1
392,35,1196.52,673.57,379.53,210.24,1,-1,-1,-1
393,33,707.76,725.47,269.91,166.73,1,-1,-1,-1
393,34,246.45,833.41,208.52,195.85,1,-1,-1,-1
393,35,1194.99,673.15,382.61,210.65,1,-1,-1,-1
394,33,687.12,723.45,262.37,163.77,1,-1,-1,-1
394,34,249.52,832.65,209.48,196.92,1,-1,-1,-1
394,35,1193.22,672.79,385.49,211.01,1,-1,-1,-1
395,33,671.35,724.75,247.16,155.36,1,-1,-1,-1
395,34,251.38,833.52,208.52,196.19,1,-1,-1,-1
395,35,1191.73,672.70,388.01,211.23,1,-1,-1,-1
396,33,656.92,730.67,232.78,146.81,1,-1,-1,-1
396,34,245.88,829.46,211.57,198.85,1,-1,-1,-1
396,35,1190.52,672.71,390.07,211.20,1,-1,-1,-1
397,33,642.66,730.99,223.13,141.23,1,-1,-1,-1
397,34,247.53,829.57,211.01,198.29,1,-1,-1,-1
397,35,1189.73,672.52,392.49,211.45,1,-1,-1,-1
398,33,628.69,730.43,217.46,138.38,1,-1,-1,-1
398,34,249.17,830.10,210.11,197.39,1,-1,-1,-1
398,35,1188.89,672.21,394.91,211.73,1,-1,-1,-1
399,33,613.76,729.23,214.31,137.39,1,-1,-1,-1
399,34,249.29,829.10,210.35,197.56,1,-1,-1,-1
399,35,1186.98,671.60,398.40,212.74,1,-1,-1,-1
400,33,597.55,727.09,211.22,136.51,1,-1,-1,-1
400,34,248.49,827.66,211.00,198.37,1,-1,-1,-1
400,35,1185.40,671.13,401.08,213.44,1,-1,-1,-1
401,33,581.53,720.88,211.14,138.15,1,-1,-1,-1
401,34,249.16,827.72,210.77,198.62,1,-1,-1,-1
401,35,1184.25,670.65,403.80,214.31,1,-1,-1,-1
402,33,570.24,717.87,208.28,138.05,1,-1,-1,-1
402,34,249.14,827.29,211.01,198.84,1,-1,-1,-1
402,35,1183.89,670.51,405.46,214.66,1,-1,-1,-1
402,36,1830.29,774.20,538.65,408.33,1,-1,-1,-1
403,33,559.63,715.81,204.61,137.46,1,-1,-1,-1
403,35,1187.62,671.93,403.00,212.84,1,-1,-1,-1
403,36,1656.18,761.06,492.01,363.05,1,-1,-1,-1
404,33,553.76,719.12,194.34,131.97,1,-1,-1,-1
404,35,1182.36,670.22,410.76,216.96,1,-1,-1,-1
404,36,1482.29,749.73,463.43,333.43,1,-1,-1,-1
405,33,544.69,716.83,192.78,132.34,1,-1,-1,-1
405,35,1181.63,669.97,411.72,217.46,1,-1,-1,-1
405,36,1345.92,743.33,435.10,305.25,1,-1,-1,-1
406,33,535.97,712.31,194.18,134.96,1,-1,-1,-1
406,36,1229.40,728.05,428.08,295.08,1,-1,-1,-1
406,37,741.37,688.41,170.05,128.32,1,-1,-1,-1
406,38,250.53,828.12,204.78,197.16,1,-1,-1,-1
407,33,530.86,713.47,186.40,130.72,1,-1,-1,-1
407,36,1128.48,709.54,426.56,290.99,1,-1,-1,-1
407,37,741.97,687.96,169.47,127.80,1,-1,-1,-1
407,38,249.90,826.95,205.76,198.04,1,-1,-1,-1
408,33,523.10,719.28,175.33,123.94,1,-1,-1,-1
408,36,1055.43,715.61,397.58,267.92,1,-1,-1,-1
408,37,741.49,688.81,168.46,126.93,1,-1,-1,-1
408,38,251.14,827.88,205.52,197.80,1,-1,-1,-1
409,33,513.56,718.75,172.86,123.27,1,-1,-1,-1
409,36,1005.10,718.52,376.08,249.41,1,-1,-1,-1
409,37,740.28,689.00,168.90,127.19,1,-1,-1,-1
409,38,250.46,828.40,205.67,197.88,1,-1,-1,-1
410,33,504.21,719.66,169.26,121.40,1,-1,-1,-1
410,36,948.65,725.51,344.36,226.55,1,-1,-1,-1
410,37,738.91,689.03,169.78,127.77,1,-1,-1,-1
410,38,250.18,828.60,205.67,197.79,1,-1,-1,-1
411,33,496.04,720.40,166.51,120.22,1,-1,-1,-1
411,36,905.30,725.75,321.70,210.26,1,-1,-1,-1
411,37,737.67,688.98,170.50,128.33,1,-1,-1,-1
411,38,250.33,829.13,205.37,197.36,1,-1,-1,-1
412,33,489.14,719.01,166.24,120.92,1,-1,-1,-1
412,36,863.23,727.52,304.67,197.93,1,-1,-1,-1
412,37,735.99,688.80,171.71,129.33,1,-1,-1,-1
412,38,249.74,828.59,205.85,197.71,1,-1,-1,-1
412,39,1203.58,674.18,369.98,212.30,1,-1,-1,-1
413,33,484.79,718.17,164.19,120.10,1,-1,-1,-1
413,36,823.28,728.43,290.70,188.43,1,-1,-1,-1
413,37,735.26,688.76,171.98,129.54,1,-1,-1,-1
413,38,249.29,828.14,206.36,198.09,1,-1,-1,-1
413,39,1204.39,674.86,368.50,210.53,1,-1,-1,-1
414,33,479.28,717.32,162.95,119.81,1,-1,-1,-1
414,36,791.94,728.51,277.83,180.20,1,-1,-1,-1
414,38,250.56,828.06,205.37,197.11,1,-1,-1,-1
414,39,1201.87,674.05,371.23,211.12,1,-1,-1,-1
415,33,469.52,716.50,161.37,119.25,1,-1,-1,-1
415,36,763.35,730.33,266.15,172.80,1,-1,-1,-1
415,38,251.18,827.28,206.35,198.08,1,-1,-1,-1
415,39,1199.49,673.24,374.34,211.76,1,-1,-1,-1
416,33,457.14,718.39,158.56,117.60,1,-1,-1,-1
416,36,736.84,730.83,252.12,164.39,1,-1,-1,-1
416,38,251.24,827.09,206.51,198.24,1,-1,-1,-1
416,39,1198.02,672.89,376.69,211.87,1,-1,-1,-1
417,33,445.52,717.02,158.82,118.74,1,-1,-1,-1
417,36,708.35,726.87,247.36,162.32,1,-1,-1,-1
417,39,1196.70,672.48,379.16,212.00,1,-1,-1,-1
418,33,437.85,717.21,157.82,118.84,1,-1,-1,-1
418,36,684.94,724.13,239.91,158.40,1,-1,-1,-1
418,39,1195.37,672.34,381.41,211.98,1,-1,-1,-1
419,33,427.03,716.97,156.24,117.65,1,-1,-1,-1
419,36,663.94,726.14,228.44,151.21,1,-1,-1,-1
419,39,1194.37,672.74,382.99,211.50,1,-1,-1,-1
420,36,645.79,730.32,216.44,143.35,1,-1,-1,-1
420,39,1193.46,672.80,384.84,211.20,1,-1,-1,-1
421,36,632.20,732.17,208.05,138.12,1,-1,-1,-1
421,39,1192.34,673.06,386.76,210.96,1,-1,-1,-1
421,42,258.79,837.38,199.98,189.52,1,-1,-1,-1
422,36,615.68,730.62,204.26,136.45,1,-1,-1,-1
422,39,1191.30,673.21,388.80,210.82,1,-1,-1,-1
422,42,259.29,838.00,199.14,188.68,1,-1,-1,-1
423,36,595.08,725.74,204.87,137.70,1,-1,-1,-1
423,39,1190.51,673.31,390.69,210.66,1,-1,-1,-1
423,42,258.62,837.71,198.67,188.12,1,-1,-1,-1
424,36,578.74,720.80,203.03,137.91,1,-1,-1,-1
424,39,1189.52,673.15,392.93,210.80,1,-1,-1,-1
424,42,257.71,836.96,199.47,188.82,1,-1,-1,-1
425,36,564.69,717.49,199.94,137.56,1,-1,-1,-1
425,39,1188.22,673.02,395.34,211.16,1,-1,-1,-1
425,42,257.52,836.98,199.80,189.12,1,-1,-1,-1
426,36,558.29,722.21,188.40,130.92,1,-1,-1,-1
426,39,1187.31,673.02,397.17,211.26,1,-1,-1,-1
426,42,257.99,837.48,199.45,188.77,1,-1,-1,-1
427,36,551.42,724.52,180.99,127.02,1,-1,-1,-1
427,39,1186.77,673.30,398.21,210.93,1,-1,-1,-1
427,42,257.99,838.16,198.76,188.05,1,-1,-1,-1
427,43,740.61,688.76,166.62,128.83,1,-1,-1,-1
428,36,537.52,721.09,179.79,127.60,1,-1,-1,-1
428,39,1186.13,673.39,399.41,210.74,1,-1,-1,-1
428,42,256.43,837.50,199.23,188.45,1,-1,-1,-1
428,43,740.53,688.33,166.81,128.83,1,-1,-1,-1
429,36,525.90,719.85,175.90,126.09,1,-1,-1,-1
429,39,1185.53,673.37,400.67,210.64,1,-1,-1,-1
429,42,256.24,836.85,199.73,188.89,1,-1,-1,-1
429,43,740.45,688.12,166.92,128.73,1,-1,-1,-1
430,36,515.93,720.91,170.34,123.19,1,-1,-1,-1
430,39,1184.78,673.23,402.19,210.78,1,-1,-1,-1
430,42,251.63,832.36,203.33,192.10,1,-1,-1,-1
430,43,740.07,688.13,167.17,128.67,1,-1,-1,-1
431,36,504.81,720.74,167.69,122.28,1,-1,-1,-1
431,39,1184.14,673.16,403.47,210.85,1,-1,-1,-1
431,42,246.81,829.96,206.68,195.00,1,-1,-1,-1
431,43,739.53,688.03,167.70,128.78,1,-1,-1,-1
432,36,494.92,720.02,165.81,121.83,1,-1,-1,-1
432,39,1183.62,673.13,404.57,210.88,1,-1,-1,-1
432,42,246.58,829.61,207.19,195.24,1,-1,-1,-1
432,43,738.78,687.82,168.14,128.74,1,-1,-1,-1
433,36,488.29,719.51,164.87,121.99,1,-1,-1,-1
433,39,1183.21,673.17,405.45,210.83,1,-1,-1,-1
433,42,247.13,830.30,206.35,194.27,1,-1,-1,-1
433,43,738.43,687.85,168.34,128.49,1,-1,-1,-1
434,36,484.29,719.91,162.05,120.48,1,-1,-1,-1
434,39,1182.82,673.18,406.26,210.79,1,-1,-1,-1
434,42,247.39,830.52,206.22,194.02,1,-1,-1,-1
434,43,738.16,687.94,168.48,128.19,1,-1,-1,-1
435,36,479.01,721.38,158.05,117.70,1,-1,-1,-1
435,39,1182.57,673.28,406.83,210.66,1,-1,-1,-1
435,42,248.45,830.56,205.86,193.55,1,-1,-1,-1
435,43,737.85,687.87,168.85,128.04,1,-1,-1,-1
436,36,466.96,723.13,154.52,115.47,1,-1,-1,-1
436,39,1182.32,673.37,407.39,210.56,1,-1,-1,-1
436,42,249.27,830.55,205.83,193.38,1,-1,-1,-1
436,43,737.34,687.71,169.32,127.98,1,-1,-1,-1
437,36,457.94,723.59,152.38,114.31,1,-1,-1,-1
437,39,1182.12,673.48,407.80,210.39,1,-1,-1,-1
437,42,249.61,830.38,205.82,193.23,1,-1,-1,-1
437,43,736.70,687.43,170.04,128.11,1,-1,-1,-1
438,36,448.14,722.74,151.60,114.09,1,-1,-1,-1
438,39,1181.87,673.52,408.32,210.31,1,-1,-1,-1
438,42,250.06,830.38,205.87,193.08,1,-1,-1,-1
438,43,736.17,687.15,170.79,128.28,1,-1,-1,-1
439,36,439.92,721.03,151.13,114.37,1,-1,-1,-1
439,39,1181.66,673.56,408.79,210.22,1,-1,-1,-1
439,42,254.91,834.89,202.48,189.79,1,-1,-1,-1
439,43,735.83,686.95,171.44,128.41,1,-1,-1,-1
440,36,427.96,720.78,148.79,112.60,1,-1,-1,-1
440,39,1181.50,673.63,409.18,210.11,1,-1,-1,-1
440,42,256.21,836.81,200.77,187.84,1,-1,-1,-1
440,43,735.31,687.24,172.45,128.81,1,-1,-1,-1
441,39,1181.29,673.67,409.65,210.06,1,-1,-1,-1
441,42,256.36,837.35,200.47,187.18,1,-1,-1,-1
441,43,735.24,687.38,173.15,128.99,1,-1,-1,-1
442,39,1180.91,673.60,410.40,210.19,1,-1,-1,-1
442,42,256.62,837.40,200.47,186.82,1,-1,-1,-1
442,43,735.03,687.36,173.74,129.15,1,-1,-1,-1
443,39,1180.66,673.61,410.87,210.19,1,-1,-1,-1
443,42,256.58,836.88,201.14,187.11,1,-1,-1,-1
443,43,735.07,687.45,174.05,129.11,1,-1,-1,-1
444,39,1180.51,673.64,411.10,210.08,1,-1,-1,-1
444,42,256.30,836.58,201.75,187.34,1,-1,-1,-1
444,43,735.00,687.55,174.26,129.01,1,-1,-1,-1
445,39,1180.31,673.66,411.34,209.97,1,-1,-1,-1
445,42,256.01,836.70,202.36,187.69,1,-1,-1,-1
445,43,734.88,687.71,174.38,128.90,1,-1,-1,-1
446,39,1180.07,673.63,411.79,209.99,1,-1,-1,-1
446,42,253.13,836.92,203.30,188.13,1,-1,-1,-1
446,43,734.73,687.64,174.63,128.90,1,-1,-1,-1
447,39,1179.96,673.67,411.99,209.89,1,-1,-1,-1
447,42,251.77,837.20,203.84,188.20,1,-1,-1,-1
447,43,734.57,687.64,174.77,128.81,1,-1,-1,-1
448,39,1179.78,673.67,412.34,209.88,1,-1,-1,-1
448,42,251.18,837.15,204.41,188.34,1,-1,-1,-1
448,43,734.46,687.61,174.95,128.77,1,-1,-1,-1
449,39,1179.66,673.70,412.60,209.85,1,-1,-1,-1
449,42,250.74,837.23,204.89,188.40,1,-1,-1,-1
449,43,734.39,687.63,175.06,128.70,1,-1,-1,-1
450,39,1179.60,673.77,412.71,209.74,1,-1,-1,-1
450,42,250.26,836.83,205.57,188.72,1,-1,-1,-1
450,43,734.33,687.62,175.16,128.65,1,-1,-1,-1
451,39,1179.46,673.84,412.97,209.72,1,-1,-1,-1
451,42,250.04,836.73,205.84,188.63,1,-1,-1,-1
451,43,734.23,687.67,175.24,128.59,1,-1,-1,-1
452,39,1179.34,673.90,413.15,209.66,1,-1,-1,-1
452,42,249.80,836.78,206.23,188.72,1,-1,-1,-1
452,43,734.14,687.73,175.31,128.52,1,-1,-1,-1
453,39,1179.30,673.88,413.26,209.60,1,-1,-1,-1
453,42,249.48,837.01,206.34,188.61,1,-1,-1,-1
453,43,734.13,687.85,175.25,128.36,1,-1,-1,-1
454,39,1179.25,673.87,413.46,209.59,1,-1,-1,-1
454,42,249.33,837.31,206.49,188.57,1,-1,-1,-1
454,43,734.10,687.97,175.21,128.23,1,-1,-1,-1
455,39,1179.20,673.84,413.58,209.56,1,-1,-1,-1
455,42,249.57,837.82,206.33,188.25,1,-1,-1,-1
455,43,734.05,687.99,175.26,128.16,1,-1,-1,-1
456,39,1179.07,673.79,413.83,209.61,1,-1,-1,-1
456,42,249.69,837.84,206.51,188.27,1,-1,-1,-1
456,43,734.01,687.95,175.41,128.17,1,-1,-1,-1
457,39,1178.98,673.76,414.02,209.64,1,-1,-1,-1
457,42,249.58,837.91,206.83,188.47,1,-1,-1,-1
457,43,733.75,687.80,175.67,128.29,1,-1,-1,-1
458,39,1178.93,673.74,414.11,209.63,1,-1,-1,-1
458,42,249.40,837.98,206.91,188.46,1,-1,-1,-1
458,43,733.63,687.74,175.79,128.30,1,-1,-1,-1
459,39,1178.91,673.79,414.21,209.61,1,-1,-1,-1
459,42,249.48,838.16,206.79,188.24,1,-1,-1,-1
459,43,733.56,687.72,175.88,128.30,1,-1,-1,-1
460,39,1178.91,673.87,414.22,209.53,1,-1,-1,-1
460,42,249.39,838.05,206.92,188.27,1,-1,-1,-1
460,43,733.51,687.68,176.00,128.32,1,-1,-1,-1
461,39,1178.92,673.90,414.21,209.45,1,-1,-1,-1
461,42,249.19,837.76,207.34,188.66,1,-1,-1,-1
461,43,733.46,687.72,176.01,128.27,1,-1,-1,-1
462,39,1178.88,673.87,414.28,209.42,1,-1,-1,-1
462,42,249.04,837.71,207.53,188.88,1,-1,-1,-1
462,43,733.41,687.76,176.02,128.21,1,-1,-1,-1
463,39,1178.87,673.89,414.31,209.36,1,-1,-1,-1
463,42,248.99,837.86,207.46,188.83,1,-1,-1,-1
463,43,733.38,687.81,176.04,128.16,1,-1,-1,-1
464,39,1178.82,673.84,414.41,209.36,1,-1,-1,-1
464,42,248.99,838.06,207.35,188.78,1,-1,-1,-1
464,43,733.35,687.84,176.04,128.10,1,-1,-1,-1
465,39,1178.79,673.82,414.48,209.34,1,-1,-1,-1
465,42,248.98,838.29,207.25,188.73,1,-1,-1,-1
465,43,733.32,687.86,176.07,128.06,1,-1,-1,-1
466,39,1178.82,673.83,414.43,209.27,1,-1,-1,-1
466,42,248.84,838.66,207.00,188.54,1,-1,-1,-1
466,43,733.28,687.95,176.04,127.99,1,-1,-1,-1
467,39,1178.79,673.82,414.44,209.22,1,-1,-1,-1
467,42,248.62,838.65,207.10,188.62,1,-1,-1,-1
467,43,733.26,687.96,176.07,127.97,1,-1,-1,-1
468,39,1178.74,673.82,414.54,209.23,1,-1,-1,-1
468,42,248.36,838.50,207.25,188.75,1,-1,-1,-1
468,43,733.26,687.97,176.08,127.94,1,-1,-1,-1
469,39,1178.75,673.80,414.53,209.20,1,-1,-1,-1
469,42,248.54,839.04,206.56,188.13,1,-1,-1,-1
469,43,733.26,688.08,176.05,127.88,1,-1,-1,-1
470,39,1178.78,673.85,414.45,209.14,1,-1,-1,-1
470,42,248.21,839.00,206.63,188.23,1,-1,-1,-1
470,43,733.27,688.19,175.95,127.77,1,-1,-1,-1
471,39,1178.78,673.87,414.46,209.11,1,-1,-1,-1
471,42,248.21,839.28,206.29,187.88,1,-1,-1,-1
471,43,733.30,688.25,175.94,127.72,1,-1,-1,-1
472,39,1178.75,673.90,414.52,209.11,1,-1,-1,-1
472,42,248.17,839.40,206.17,187.76,1,-1,-1,-1
472,43,733.28,688.28,175.98,127.73,1,-1,-1,-1
