3,1,342.78,334.35,384.69,303.46,1,-1,-1,-1
3,2,1162.68,126.18,206.83,174.60,1,-1,-1,-1
3,4,1429.12,233.88,282.17,222.90,1,-1,-1,-1
4,1,342.91,334.31,384.57,303.36,1,-1,-1,-1
4,2,1162.86,126.11,206.71,174.46,1,-1,-1,-1
4,4,1429.33,234.03,281.82,222.56,1,-1,-1,-1
4,5,355.83,627.15,541.48,453.46,1,-1,-1,-1
5,1,342.84,334.17,384.67,303.45,1,-1,-1,-1
5,2,1162.89,125.98,206.78,174.48,1,-1,-1,-1
5,4,1429.32,234.02,282.14,222.73,1,-1,-1,-1
5,5,355.88,627.49,541.05,453.09,1,-1,-1,-1
6,1,342.82,334.08,384.72,303.52,1,-1,-1,-1
6,2,1162.95,125.92,206.95,174.58,1,-1,-1,-1
6,4,1429.06,233.86,282.84,223.22,1,-1,-1,-1
6,5,355.96,628.20,540.29,452.49,1,-1,-1,-1
7,1,342.77,334.10,384.66,303.49,1,-1,-1,-1
7,2,1163.09,126.30,206.53,174.18,1,-1,-1,-1
7,4,1428.86,233.79,283.63,223.79,1,-1,-1,-1
7,5,355.83,628.44,539.98,452.27,1,-1,-1,-1
8,1,342.63,334.11,384.72,303.56,1,-1,-1,-1
8,2,1162.98,126.45,206.68,174.23,1,-1,-1,-1
8,4,1428.75,233.77,284.29,224.24,1,-1,-1,-1
8,5,355.96,628.81,539.59,451.94,1,-1,-1,-1
9,1,342.52,334.07,384.80,303.68,1,-1,-1,-1
9,2,1162.96,126.68,206.50,173.99,1,-1,-1,-1
9,4,1428.38,233.50,285.15,224.92,1,-1,-1,-1
9,5,356.16,629.07,539.38,451.59,1,-1,-1,-1
10,1,342.49,334.16,384.72,303.63,1,-1,-1,-1
10,2,1163.05,126.85,206.41,173.82,1,-1,-1,-1
10,4,1428.11,233.33,285.57,225.25,1,-1,-1,-1
10,5,356.03,628.89,539.66,451.72,1,-1,-1,-1
11,1,342.57,333.72,385.14,304.11,1,-1,-1,-1
11,2,1163.20,126.66,206.61,173.90,1,-1,-1,-1
11,4,1427.90,233.03,286.33,225.75,1,-1,-1,-1
11,5,356.53,628.97,539.73,451.67,1,-1,-1,-1
12,1,342.65,333.72,385.12,304.23,1,-1,-1,-1
12,2,1163.33,127.00,206.53,173.69,1,-1,-1,-1
12,4,1428.42,233.12,285.13,224.59,1,-1,-1,-1
12,5,356.90,628.97,539.76,451.69,1,-1,-1,-1
13,1,342.88,333.92,385.02,304.23,1,-1,-1,-1
13,2,1163.53,127.79,206.02,173.11,1,-1,-1,-1
13,4,1428.42,233.08,285.25,224.69,1,-1,-1,-1
13,5,356.21,628.46,540.37,452.28,1,-1,-1,-1
14,1,342.92,334.02,384.85,304.18,1,-1,-1,-1
14,2,1163.49,127.91,206.02,173.03,1,-1,-1,-1
14,5,356.00,628.36,540.46,452.39,1,-1,-1,-1
15,1,342.92,334.03,384.89,304.31,1,-1,-1,-1
15,2,1163.45,127.91,206.12,173.06,1,-1,-1,-1
15,5,355.75,627.94,540.90,452.80,1,-1,-1,-1
16,1,342.96,334.01,384.87,304.39,1,-1,-1,-1
16,2,1163.18,128.21,205.95,172.91,1,-1,-1,-1
16,5,355.55,627.98,540.77,452.83,1,-1,-1,-1
17,1,343.02,334.01,384.90,304.52,1,-1,-1,-1
17,2,1163.01,128.09,206.05,172.98,1,-1,-1,-1
17,5,355.57,627.89,540.78,452.91,1,-1,-1,-1
18,1,343.27,334.16,384.64,304.41,1,-1,-1,-1
18,2,1163.04,127.99,206.14,173.05,1,-1,-1,-1
18,5,355.57,627.70,540.98,453.02,1,-1,-1,-1
19,1,343.57,334.31,384.19,304.10,1,-1,-1,-1
19,2,1163.15,128.04,206.05,172.99,1,-1,-1,-1
19,5,355.71,627.79,540.89,452.98,1,-1,-1,-1
20,1,343.78,334.31,383.99,304.00,1,-1,-1,-1
20,2,1163.19,127.75,206.12,173.08,1,-1,-1,-1
20,5,355.87,627.96,540.59,452.82,1,-1,-1,-1
21,1,344.02,334.42,383.23,303.35,1,-1,-1,-1
21,2,1163.59,128.00,205.61,172.63,1,-1,-1,-1
21,5,355.99,627.55,540.93,453.21,1,-1,-1,-1
22,1,344.04,334.57,383.06,303.18,1,-1,-1,-1
22,2,1163.48,128.25,205.41,172.43,1,-1,-1,-1
22,5,356.08,627.41,540.98,453.34,1,-1,-1,-1
23,1,343.73,334.69,383.21,303.31,1,-1,-1,-1
23,2,1163.40,128.47,205.13,172.14,1,-1,-1,-1
23,5,356.37,627.70,540.62,453.09,1,-1,-1,-1
24,1,343.85,334.77,382.99,303.10,1,-1,-1,-1
24,2,1163.01,128.24,205.33,172.29,1,-1,-1,-1
24,5,356.60,627.78,540.47,453.03,1,-1,-1,-1
25,1,344.04,334.93,382.65,302.73,1,-1,-1,-1
25,2,1162.59,127.97,205.62,172.46,1,-1,-1,-1
25,5,356.35,627.84,540.40,452.92,1,-1,-1,-1
25,9,1426.94,233.63,288.21,223.36,1,-1,-1,-1
26,1,344.07,334.97,382.65,302.64,1,-1,-1,-1
26,2,1162.38,127.89,205.89,172.63,1,-1,-1,-1
26,5,356.09,628.22,539.93,452.60,1,-1,-1,-1
26,9,1426.85,233.48,288.67,223.75,1,-1,-1,-1
27,1,343.97,334.86,382.71,302.60,1,-1,-1,-1
27,2,1162.19,127.72,206.23,172.86,1,-1,-1,-1
27,5,355.99,628.23,539.82,452.57,1,-1,-1,-1
27,9,1427.09,233.37,287.92,223.19,1,-1,-1,-1
28,1,343.65,334.72,383.05,302.81,1,-1,-1,-1
28,2,1162.29,127.78,206.26,172.87,1,-1,-1,-1
28,5,355.81,627.84,540.12,452.92,1,-1,-1,-1
28,9,1427.19,233.38,287.57,222.96,1,-1,-1,-1
29,1,343.60,334.91,383.03,302.68,1,-1,-1,-1
29,2,1162.34,127.86,206.32,172.89,1,-1,-1,-1
29,5,355.89,627.83,540.08,452.94,1,-1,-1,-1
29,9,1427.20,233.47,287.52,222.97,1,-1,-1,-1
30,1,343.43,334.88,383.26,302.79,1,-1,-1,-1
30,2,1162.10,127.77,206.50,173.04,1,-1,-1,-1
30,5,355.95,627.98,539.86,452.82,1,-1,-1,-1
30,9,1427.16,233.52,287.77,223.24,1,-1,-1,-1
31,1,343.45,334.38,383.89,303.32,1,-1,-1,-1
31,2,1162.20,127.59,206.57,173.16,1,-1,-1,-1
31,5,355.95,627.76,539.80,452.96,1,-1,-1,-1
31,9,1427.17,233.47,287.93,223.36,1,-1,-1,-1
32,1,343.50,334.16,384.15,303.57,1,-1,-1,-1
32,2,1162.36,127.64,206.42,173.04,1,-1,-1,-1
32,5,355.89,627.79,539.56,452.92,1,-1,-1,-1
33,1,343.44,334.05,384.12,303.60,1,-1,-1,-1
33,2,1162.04,127.52,206.94,173.48,1,-1,-1,-1
33,5,355.91,627.87,539.34,452.85,1,-1,-1,-1
34,1,343.49,334.11,383.89,303.44,1,-1,-1,-1
34,2,1161.93,127.49,207.16,173.65,1,-1,-1,-1
34,5,356.01,627.89,539.24,452.86,1,-1,-1,-1
34,10,881.44,47.43,248.52,131.73,1,-1,-1,-1
35,1,343.62,334.24,383.58,303.19,1,-1,-1,-1
35,2,1162.04,127.69,207.03,173.53,1,-1,-1,-1
35,5,356.09,627.87,539.20,452.91,1,-1,-1,-1
35,10,865.90,46.49,251.77,133.48,1,-1,-1,-1
36,1,343.75,334.52,383.25,302.91,1,-1,-1,-1
36,2,1162.04,127.66,207.09,173.60,1,-1,-1,-1
36,5,356.16,628.24,538.82,452.60,1,-1,-1,-1
36,10,852.95,46.45,252.09,133.69,1,-1,-1,-1
37,1,343.48,334.42,383.89,303.55,1,-1,-1,-1
37,2,1162.10,127.66,207.18,173.74,1,-1,-1,-1
37,5,356.24,629.10,537.96,451.85,1,-1,-1,-1
37,10,836.56,45.14,254.91,135.48,1,-1,-1,-1
38,1,343.49,334.51,383.98,303.73,1,-1,-1,-1
38,2,1162.15,127.77,207.11,173.69,1,-1,-1,-1
38,5,356.22,629.37,537.69,451.61,1,-1,-1,-1
38,10,821.75,44.76,256.37,136.71,1,-1,-1,-1
39,1,343.56,334.55,383.91,303.76,1,-1,-1,-1
39,2,1162.14,127.74,207.11,173.67,1,-1,-1,-1
39,5,356.26,629.46,537.61,451.54,1,-1,-1,-1
39,10,808.45,43.90,257.54,138.07,1,-1,-1,-1
40,1,343.59,334.63,383.70,303.67,1,-1,-1,-1
40,2,1162.22,127.70,207.11,173.68,1,-1,-1,-1
40,5,356.35,629.36,537.70,451.60,1,-1,-1,-1
40,10,798.42,45.24,253.69,136.76,1,-1,-1,-1
41,1,343.88,334.97,383.17,303.34,1,-1,-1,-1
41,2,1162.15,127.85,207.04,173.57,1,-1,-1,-1
41,5,356.38,628.48,538.71,452.42,1,-1,-1,-1
41,10,787.94,47.28,249.42,135.39,1,-1,-1,-1
42,1,343.99,335.18,382.98,303.29,1,-1,-1,-1
42,2,1162.13,127.91,206.93,173.45,1,-1,-1,-1
42,5,356.14,628.04,539.20,452.82,1,-1,-1,-1
42,10,779.99,48.84,243.85,133.53,1,-1,-1,-1
43,1,344.11,335.22,382.95,303.34,1,-1,-1,-1
43,2,1162.16,127.94,206.96,173.47,1,-1,-1,-1
43,5,356.19,628.02,539.37,452.82,1,-1,-1,-1
43,10,770.83,48.68,243.68,135.10,1,-1,-1,-1
44,1,344.24,335.25,382.80,303.28,1,-1,-1,-1
44,2,1162.33,127.92,206.90,173.41,1,-1,-1,-1
44,5,356.20,628.38,539.06,452.48,1,-1,-1,-1
44,10,763.79,50.23,239.77,134.40,1,-1,-1,-1
45,1,344.11,334.96,383.00,303.52,1,-1,-1,-1
45,2,1162.34,127.84,207.01,173.50,1,-1,-1,-1
45,5,356.29,628.29,539.34,452.58,1,-1,-1,-1
45,10,757.47,52.19,234.27,132.91,1,-1,-1,-1
46,1,343.92,334.77,383.20,303.78,1,-1,-1,-1
46,2,1162.26,127.80,207.07,173.58,1,-1,-1,-1
46,5,356.07,627.76,540.06,453.09,1,-1,-1,-1
46,10,750.09,52.99,230.29,132.32,1,-1,-1,-1
47,1,343.67,334.58,383.48,304.14,1,-1,-1,-1
47,2,1162.32,127.84,207.01,173.55,1,-1,-1,-1
47,5,355.75,627.09,540.88,453.80,1,-1,-1,-1
47,10,742.03,53.14,226.24,131.99,1,-1,-1,-1
48,1,343.57,334.37,383.68,304.44,1,-1,-1,-1
48,2,1162.27,127.81,207.09,173.66,1,-1,-1,-1
48,5,355.82,627.03,540.92,453.88,1,-1,-1,-1
48,10,736.14,53.79,222.31,131.59,1,-1,-1,-1
49,1,343.60,334.46,383.54,304.48,1,-1,-1,-1
49,2,1162.25,128.13,206.68,173.25,1,-1,-1,-1
49,5,356.14,627.74,540.11,453.19,1,-1,-1,-1
49,10,729.47,54.61,219.83,132.16,1,-1,-1,-1
50,1,343.70,334.44,383.36,304.44,1,-1,-1,-1
50,2,1162.21,128.20,206.75,173.27,1,-1,-1,-1
50,5,356.43,628.46,539.39,452.49,1,-1,-1,-1
50,10,723.65,55.34,216.85,132.33,1,-1,-1,-1
51,1,343.79,334.26,383.08,304.38,1,-1,-1,-1
51,2,1161.95,128.12,206.71,173.23,1,-1,-1,-1
51,5,356.36,628.12,539.49,452.74,1,-1,-1,-1
51,10,719.67,55.63,213.18,131.83,1,-1,-1,-1
52,1,343.71,334.05,383.11,304.60,1,-1,-1,-1
52,2,1161.05,128.21,206.73,173.21,1,-1,-1,-1
52,5,355.42,626.84,540.58,453.96,1,-1,-1,-1
52,10,715.17,56.34,209.44,131.49,1,-1,-1,-1
53,1,343.70,333.96,383.15,304.77,1,-1,-1,-1
53,2,1160.72,128.44,206.74,173.14,1,-1,-1,-1
53,5,356.83,627.91,539.35,452.48,1,-1,-1,-1
53,10,711.00,57.40,205.60,131.00,1,-1,-1,-1
54,1,344.01,334.26,382.39,304.18,1,-1,-1,-1
54,2,1160.34,128.47,206.72,173.06,1,-1,-1,-1
54,5,356.53,628.08,539.18,452.34,1,-1,-1,-1
54,10,705.97,57.94,203.61,131.62,1,-1,-1,-1
54,12,1423.26,234.21,293.90,230.90,1,-1,-1,-1
55,1,343.92,334.53,382.02,303.90,1,-1,-1,-1
55,2,1159.99,128.79,206.55,172.88,1,-1,-1,-1
55,5,355.98,628.20,538.89,452.16,1,-1,-1,-1
55,10,700.84,58.12,201.03,131.76,1,-1,-1,-1
55,12,1422.42,234.77,294.58,231.53,1,-1,-1,-1
56,1,344.45,334.94,381.39,303.31,1,-1,-1,-1
56,2,1160.46,129.00,206.43,172.75,1,-1,-1,-1
56,5,356.30,628.72,538.40,451.69,1,-1,-1,-1
56,10,697.41,58.81,197.46,131.28,1,-1,-1,-1
56,12,1423.26,235.53,296.79,233.33,1,-1,-1,-1
57,1,344.46,335.04,381.62,303.47,1,-1,-1,-1
57,2,1161.11,129.01,206.51,172.82,1,-1,-1,-1
57,5,356.27,628.55,538.80,451.85,1,-1,-1,-1
57,10,693.05,59.30,195.44,131.80,1,-1,-1,-1
57,12,1423.13,235.94,298.24,234.73,1,-1,-1,-1
58,1,344.18,335.03,382.09,303.91,1,-1,-1,-1
58,2,1161.20,128.93,206.49,172.88,1,-1,-1,-1
58,5,354.45,626.18,541.48,454.29,1,-1,-1,-1
58,10,688.99,59.40,193.89,132.51,1,-1,-1,-1
58,12,1422.85,236.35,299.64,235.83,1,-1,-1,-1
59,1,343.79,334.72,382.50,304.39,1,-1,-1,-1
59,2,1160.78,128.88,206.65,173.10,1,-1,-1,-1
59,5,354.34,625.48,542.20,454.95,1,-1,-1,-1
59,10,683.82,59.07,191.99,132.83,1,-1,-1,-1
60,1,343.90,334.61,382.17,304.24,1,-1,-1,-1
60,2,1160.90,128.86,206.46,173.03,1,-1,-1,-1
60,5,353.67,626.52,540.98,454.16,1,-1,-1,-1
60,10,679.06,59.28,190.12,133.15,1,-1,-1,-1
61,1,343.89,333.66,383.10,305.25,1,-1,-1,-1
61,2,1161.52,128.14,206.32,172.84,1,-1,-1,-1
61,5,353.15,625.71,541.60,455.10,1,-1,-1,-1
61,10,674.66,59.47,188.51,133.61,1,-1,-1,-1
61,14,1450.33,344.79,442.16,513.35,1,-1,-1,-1
62,1,344.00,333.29,383.09,305.54,1,-1,-1,-1
62,2,1161.51,127.93,206.30,172.83,1,-1,-1,-1
62,5,352.92,625.77,541.26,455.01,1,-1,-1,-1
62,10,671.25,59.51,187.16,134.06,1,-1,-1,-1
62,14,1427.81,308.18,455.33,525.47,1,-1,-1,-1
63,1,344.24,333.06,383.04,305.74,1,-1,-1,-1
63,2,1162.26,127.83,206.41,172.94,1,-1,-1,-1
63,5,353.18,626.29,540.52,454.63,1,-1,-1,-1
63,10,668.20,60.02,185.63,134.29,1,-1,-1,-1
63,14,1412.54,291.13,453.06,516.52,1,-1,-1,-1
64,1,344.21,332.85,383.11,306.02,1,-1,-1,-1
64,2,1161.99,127.85,206.74,173.28,1,-1,-1,-1
64,5,353.03,626.48,540.15,454.56,1,-1,-1,-1
64,10,664.36,60.46,183.90,134.28,1,-1,-1,-1
64,14,1396.69,279.96,448.17,501.04,1,-1,-1,-1
65,1,344.49,332.83,382.91,306.09,1,-1,-1,-1
65,2,1162.36,128.01,206.77,173.37,1,-1,-1,-1
65,5,352.80,626.08,540.21,454.97,1,-1,-1,-1
65,10,660.73,61.15,182.37,134.37,1,-1,-1,-1
65,14,1371.68,273.00,439.72,480.88,1,-1,-1,-1
66,1,344.79,332.71,382.50,306.00,1,-1,-1,-1
66,2,1162.75,128.17,206.66,173.38,1,-1,-1,-1
66,5,352.98,626.29,539.59,454.76,1,-1,-1,-1
66,10,657.49,61.72,180.40,133.95,1,-1,-1,-1
66,14,1342.67,266.36,426.75,455.66,1,-1,-1,-1
67,1,344.84,332.68,382.14,305.95,1,-1,-1,-1
67,2,1162.87,128.16,206.70,173.41,1,-1,-1,-1
67,5,353.45,626.56,538.97,454.49,1,-1,-1,-1
67,10,654.78,62.34,178.30,133.33,1,-1,-1,-1
67,14,1316.44,256.46,421.42,438.32,1,-1,-1,-1
68,1,345.20,332.81,381.54,305.65,1,-1,-1,-1
68,5,353.90,627.05,538.12,453.94,1,-1,-1,-1
68,10,651.00,62.49,177.59,133.63,1,-1,-1,-1
68,14,1284.18,249.76,410.57,416.76,1,-1,-1,-1
69,1,345.67,333.02,380.84,305.24,1,-1,-1,-1
69,5,354.02,626.83,538.19,454.13,1,-1,-1,-1
69,10,646.57,61.90,177.08,134.04,1,-1,-1,-1
69,14,1243.08,239.06,403.67,401.27,1,-1,-1,-1
70,1,346.07,333.05,380.64,305.27,1,-1,-1,-1
70,5,354.64,626.98,537.91,453.97,1,-1,-1,-1
70,10,641.46,61.80,177.48,135.11,1,-1,-1,-1
70,14,1205.64,233.08,391.30,380.58,1,-1,-1,-1
71,1,346.64,333.27,380.23,305.01,1,-1,-1,-1
71,5,355.40,626.11,539.17,454.68,1,-1,-1,-1
71,10,638.04,62.22,176.98,135.42,1,-1,-1,-1
71,14,1181.24,225.20,379.58,361.91,1,-1,-1,-1
72,1,346.78,333.42,380.10,304.94,1,-1,-1,-1
72,5,355.18,623.69,541.76,456.84,1,-1,-1,-1
72,10,633.95,62.59,176.40,135.59,1,-1,-1,-1
72,14,1154.32,215.22,375.17,352.28,1,-1,-1,-1
73,1,346.79,333.59,379.87,304.56,1,-1,-1,-1
73,5,355.22,623.01,542.47,457.36,1,-1,-1,-1
73,10,629.07,62.89,176.35,136.01,1,-1,-1,-1
73,14,1129.69,205.61,371.77,343.92,1,-1,-1,-1
74,1,346.71,333.64,380.00,304.50,1,-1,-1,-1
74,5,354.86,622.42,543.18,457.93,1,-1,-1,-1
74,10,624.03,63.84,175.46,135.72,1,-1,-1,-1
74,14,1108.12,196.01,366.75,334.83,1,-1,-1,-1
75,1,346.80,333.65,380.11,304.39,1,-1,-1,-1
75,5,354.87,622.03,543.59,458.28,1,-1,-1,-1
75,10,618.84,64.24,175.27,136.18,1,-1,-1,-1
75,14,1085.66,186.72,365.05,329.98,1,-1,-1,-1
76,1,346.65,333.65,380.39,304.37,1,-1,-1,-1
76,10,614.32,64.80,174.80,136.62,1,-1,-1,-1
76,14,1068.26,180.07,353.22,315.26,1,-1,-1,-1
76,15,354.69,625.65,542.63,454.87,1,-1,-1,-1
77,1,346.29,333.46,380.95,304.62,1,-1,-1,-1
77,10,609.55,65.06,174.04,136.82,1,-1,-1,-1
77,14,1046.57,172.27,348.78,309.04,1,-1,-1,-1
77,15,354.94,625.57,542.69,455.00,1,-1,-1,-1
78,1,346.58,333.65,380.68,304.16,1,-1,-1,-1
78,10,605.66,64.93,173.72,137.26,1,-1,-1,-1
78,14,1025.62,165.88,347.32,306.15,1,-1,-1,-1
78,15,353.84,622.80,545.52,457.48,1,-1,-1,-1
79,1,346.39,333.71,380.78,304.00,1,-1,-1,-1
79,10,600.74,65.26,173.45,137.52,1,-1,-1,-1
79,14,1006.92,156.88,346.51,304.89,1,-1,-1,-1
79,15,353.61,621.92,546.10,458.16,1,-1,-1,-1
80,1,346.21,333.75,381.23,304.19,1,-1,-1,-1
80,10,596.24,65.66,173.56,137.89,1,-1,-1,-1
80,14,994.01,148.74,341.46,299.77,1,-1,-1,-1
80,15,353.59,621.81,545.94,458.22,1,-1,-1,-1
81,1,345.24,333.51,382.05,304.81,1,-1,-1,-1
81,10,591.15,66.18,173.96,138.45,1,-1,-1,-1
81,14,982.77,144.81,332.91,291.84,1,-1,-1,-1
81,15,353.52,622.10,545.34,457.95,1,-1,-1,-1
82,1,344.66,333.28,382.83,305.42,1,-1,-1,-1
82,10,588.93,67.69,173.10,138.01,1,-1,-1,-1
82,14,972.26,140.78,324.26,284.00,1,-1,-1,-1
82,15,353.71,622.26,544.92,457.79,1,-1,-1,-1
83,1,344.39,333.14,383.30,305.79,1,-1,-1,-1
83,10,583.49,68.22,173.75,138.68,1,-1,-1,-1
83,14,961.00,135.41,316.33,276.69,1,-1,-1,-1
83,15,353.26,622.06,544.87,458.05,1,-1,-1,-1
84,1,344.28,333.09,383.36,305.84,1,-1,-1,-1
84,10,577.97,68.42,174.59,139.31,1,-1,-1,-1
84,14,950.39,130.68,307.09,267.90,1,-1,-1,-1
84,15,353.35,622.11,544.45,457.99,1,-1,-1,-1
85,1,344.46,333.58,382.97,305.29,1,-1,-1,-1
85,10,573.68,69.23,175.78,140.32,1,-1,-1,-1
85,14,938.78,125.97,301.09,262.11,1,-1,-1,-1
85,15,354.24,623.05,543.26,457.07,1,-1,-1,-1
86,1,344.40,333.73,382.81,304.99,1,-1,-1,-1
86,10,569.74,69.46,177.22,141.63,1,-1,-1,-1
86,14,928.42,119.49,298.76,260.13,1,-1,-1,-1
86,15,355.41,625.78,540.38,454.64,1,-1,-1,-1
87,1,344.35,333.66,383.02,305.04,1,-1,-1,-1
87,10,566.24,71.81,177.76,142.18,1,-1,-1,-1
87,14,917.18,114.76,293.32,255.61,1,-1,-1,-1
87,15,355.68,626.47,539.66,454.00,1,-1,-1,-1
88,1,344.32,333.80,382.99,304.89,1,-1,-1,-1
88,10,562.78,73.30,178.84,143.12,1,-1,-1,-1
88,14,908.01,109.96,286.28,249.62,1,-1,-1,-1
88,15,355.15,625.22,540.88,455.10,1,-1,-1,-1
89,1,344.31,333.96,382.85,304.64,1,-1,-1,-1
89,10,558.90,74.19,180.32,144.50,1,-1,-1,-1
89,14,899.87,105.15,277.67,241.82,1,-1,-1,-1
89,15,354.47,624.50,541.69,455.86,1,-1,-1,-1
89,17,1176.42,128.07,186.44,175.31,1,-1,-1,-1
90,1,344.28,333.80,382.92,304.65,1,-1,-1,-1
90,10,554.84,75.71,180.88,145.15,1,-1,-1,-1
90,14,894.36,102.99,268.66,233.67,1,-1,-1,-1
90,15,354.02,623.80,542.32,456.59,1,-1,-1,-1
90,17,1174.34,127.79,186.84,175.21,1,-1,-1,-1
91,1,343.96,333.65,383.21,305.00,1,-1,-1,-1
91,10,551.64,77.76,180.84,145.20,1,-1,-1,-1
91,14,887.63,101.01,262.14,227.42,1,-1,-1,-1
91,15,353.89,623.71,542.43,456.68,1,-1,-1,-1
91,17,1172.93,127.65,187.48,175.12,1,-1,-1,-1
91,19,355.48,626.66,539.24,454.03,1,-1,-1,-1
92,1,343.88,333.48,383.34,305.17,1,-1,-1,-1
92,10,549.03,79.69,181.48,145.98,1,-1,-1,-1
92,14,880.79,99.59,256.10,221.83,1,-1,-1,-1
92,17,1171.87,127.59,188.36,175.13,1,-1,-1,-1
92,19,355.58,626.85,538.99,453.85,1,-1,-1,-1
93,1,343.90,333.54,383.13,305.07,1,-1,-1,-1
93,10,545.86,81.42,182.29,146.75,1,-1,-1,-1
93,14,874.12,97.89,252.02,217.90,1,-1,-1,-1
93,17,1170.58,127.09,189.96,175.72,1,-1,-1,-1
93,19,355.55,626.66,539.19,454.05,1,-1,-1,-1
94,1,343.84,333.57,382.97,305.04,1,-1,-1,-1
94,10,542.73,83.37,184.70,148.97,1,-1,-1,-1
94,14,866.94,94.15,248.32,214.40,1,-1,-1,-1
94,17,1169.64,126.68,190.80,175.47,1,-1,-1,-1
94,19,355.53,626.83,538.99,453.89,1,-1,-1,-1
95,1,343.86,333.54,382.89,305.06,1,-1,-1,-1
95,10,540.21,85.43,186.24,150.50,1,-1,-1,-1
95,14,860.70,90.17,245.64,212.02,1,-1,-1,-1
95,17,1168.81,126.52,191.90,175.43,1,-1,-1,-1
95,19,355.36,626.69,539.07,454.00,1,-1,-1,-1
96,1,343.90,333.51,382.85,305.13,1,-1,-1,-1
96,10,538.56,88.02,187.21,151.74,1,-1,-1,-1
96,14,855.55,86.26,242.61,209.35,1,-1,-1,-1
96,17,1168.55,126.53,192.90,175.35,1,-1,-1,-1
96,19,355.46,626.57,539.11,454.10,1,-1,-1,-1
97,1,344.10,333.50,382.18,304.62,1,-1,-1,-1
97,10,538.09,90.93,186.87,151.43,1,-1,-1,-1
97,14,849.71,81.92,241.27,208.38,1,-1,-1,-1
97,17,1168.50,126.74,193.53,174.83,1,-1,-1,-1
97,19,355.57,626.65,539.05,454.08,1,-1,-1,-1
98,1,344.09,333.52,382.07,304.63,1,-1,-1,-1
98,10,536.92,94.18,187.10,151.56,1,-1,-1,-1
98,14,844.55,78.83,237.86,205.61,1,-1,-1,-1
98,17,1168.85,126.91,194.09,174.35,1,-1,-1,-1
98,19,355.61,626.73,538.94,454.02,1,-1,-1,-1
99,1,344.20,333.47,381.88,304.58,1,-1,-1,-1
99,10,536.50,97.51,187.59,151.91,1,-1,-1,-1
99,14,841.02,75.99,233.74,202.34,1,-1,-1,-1
99,17,1168.96,127.33,194.68,173.94,1,-1,-1,-1
99,19,355.70,626.74,538.88,454.02,1,-1,-1,-1
100,1,344.33,333.77,381.68,304.47,1,-1,-1,-1
100,10,536.98,100.83,187.92,151.97,1,-1,-1,-1
100,14,838.39,74.41,229.77,199.18,1,-1,-1,-1
100,17,1168.34,127.39,195.84,174.05,1,-1,-1,-1
100,19,355.80,626.55,539.06,454.22,1,-1,-1,-1
101,1,344.52,334.02,381.10,303.99,1,-1,-1,-1
101,10,536.40,104.10,189.79,153.28,1,-1,-1,-1
101,14,837.13,74.68,221.70,192.48,1,-1,-1,-1
101,17,1168.80,128.08,195.73,173.14,1,-1,-1,-1
101,19,356.08,626.57,539.04,454.20,1,-1,-1,-1
102,1,344.37,333.90,381.12,304.02,1,-1,-1,-1
102,10,535.85,106.79,192.39,155.38,1,-1,-1,-1
102,14,835.74,74.16,215.25,187.01,1,-1,-1,-1
102,17,1168.43,128.46,196.12,172.70,1,-1,-1,-1
102,19,355.94,626.72,538.77,454.01,1,-1,-1,-1
103,1,344.26,333.78,381.15,304.12,1,-1,-1,-1
103,10,535.99,108.90,194.15,156.80,1,-1,-1,-1
103,14,834.67,72.16,211.01,183.76,1,-1,-1,-1
103,17,1167.89,128.62,196.88,172.70,1,-1,-1,-1
103,19,355.55,626.38,539.01,454.34,1,-1,-1,-1
104,1,344.34,333.78,380.92,303.95,1,-1,-1,-1
104,10,536.92,111.72,195.14,157.65,1,-1,-1,-1
104,14,833.76,69.56,207.74,181.14,1,-1,-1,-1
104,17,1167.14,128.63,197.76,172.81,1,-1,-1,-1
104,19,355.09,624.34,540.91,455.95,1,-1,-1,-1
105,1,344.33,333.69,381.12,304.14,1,-1,-1,-1
105,10,537.55,113.82,197.35,159.51,1,-1,-1,-1
105,14,832.26,65.99,204.57,178.77,1,-1,-1,-1
105,17,1166.07,128.34,198.78,173.14,1,-1,-1,-1
105,19,354.54,623.04,542.18,457.10,1,-1,-1,-1
106,1,344.39,333.75,381.18,304.20,1,-1,-1,-1
106,10,537.81,115.24,200.49,162.08,1,-1,-1,-1
106,14,833.12,64.38,199.52,174.75,1,-1,-1,-1
106,17,1165.36,128.25,199.42,173.02,1,-1,-1,-1
106,19,353.88,623.73,541.36,456.63,1,-1,-1,-1
107,1,344.34,333.74,381.34,304.40,1,-1,-1,-1
107,10,538.13,116.28,204.40,165.40,1,-1,-1,-1
107,14,832.64,60.23,198.05,173.97,1,-1,-1,-1
107,17,1164.88,128.32,200.03,172.97,1,-1,-1,-1
107,19,353.53,622.87,542.23,457.42,1,-1,-1,-1
108,1,344.62,333.95,380.80,304.00,1,-1,-1,-1
108,10,538.98,117.92,208.13,168.83,1,-1,-1,-1
108,14,832.84,56.52,197.88,174.35,1,-1,-1,-1
108,17,1165.08,128.42,200.41,172.78,1,-1,-1,-1
108,19,353.47,622.79,542.41,457.59,1,-1,-1,-1
109,1,344.47,334.09,381.29,304.53,1,-1,-1,-1
109,10,541.06,120.67,209.13,169.75,1,-1,-1,-1
109,14,834.75,54.75,194.68,171.76,1,-1,-1,-1
109,17,1164.81,128.70,200.82,172.64,1,-1,-1,-1
109,19,353.26,622.50,542.74,457.87,1,-1,-1,-1
110,1,344.51,334.12,381.18,304.56,1,-1,-1,-1
110,10,542.36,123.25,211.32,171.55,1,-1,-1,-1
110,14,837.00,52.32,192.34,169.78,1,-1,-1,-1
110,17,1164.66,128.48,201.67,172.98,1,-1,-1,-1
110,20,355.06,626.56,538.58,454.18,1,-1,-1,-1
111,1,343.98,333.62,382.13,305.46,1,-1,-1,-1
111,10,543.69,126.56,213.63,173.37,1,-1,-1,-1
111,14,839.85,51.63,189.09,166.83,1,-1,-1,-1
111,17,1164.56,128.23,202.18,173.07,1,-1,-1,-1
111,20,354.54,626.04,539.12,454.70,1,-1,-1,-1
112,1,343.91,333.43,382.32,305.78,1,-1,-1,-1
112,10,545.04,129.28,217.03,176.15,1,-1,-1,-1
112,14,843.69,51.83,184.91,162.70,1,-1,-1,-1
112,17,1164.55,128.14,202.61,173.16,1,-1,-1,-1
112,20,354.67,626.07,539.03,454.69,1,-1,-1,-1
113,1,344.02,333.58,382.12,305.77,1,-1,-1,-1
113,10,545.94,131.92,220.86,179.40,1,-1,-1,-1
113,14,846.72,50.47,183.08,160.68,1,-1,-1,-1
113,17,1164.37,128.15,203.00,173.19,1,-1,-1,-1
113,20,354.90,626.34,538.67,454.45,1,-1,-1,-1
114,1,344.44,333.82,381.65,305.48,1,-1,-1,-1
114,10,549.11,135.41,221.93,180.47,1,-1,-1,-1
114,14,850.84,49.99,181.39,158.76,1,-1,-1,-1
114,17,1164.81,128.33,203.05,172.91,1,-1,-1,-1
114,20,355.40,626.78,538.21,454.07,1,-1,-1,-1
114,21,1506.50,390.76,382.72,333.35,1,-1,-1,-1
115,1,344.78,334.04,381.19,305.21,1,-1,-1,-1
115,10,551.60,139.76,223.68,182.05,1,-1,-1,-1
115,14,856.11,48.85,179.62,156.93,1,-1,-1,-1
115,17,1164.67,128.49,203.32,172.82,1,-1,-1,-1
115,20,355.63,626.71,538.34,454.22,1,-1,-1,-1
115,21,1489.71,373.76,379.33,327.64,1,-1,-1,-1
116,1,344.76,334.09,381.16,305.29,1,-1,-1,-1
116,10,554.75,145.13,224.74,182.95,1,-1,-1,-1
116,14,861.80,47.09,178.65,155.92,1,-1,-1,-1
116,17,1164.34,128.57,203.85,172.99,1,-1,-1,-1
116,20,355.95,626.65,538.36,454.30,1,-1,-1,-1
116,21,1468.18,366.80,365.18,311.82,1,-1,-1,-1
117,1,344.84,334.21,380.83,305.08,1,-1,-1,-1
117,10,557.88,151.29,225.18,183.29,1,-1,-1,-1
117,14,867.43,45.51,178.69,155.96,1,-1,-1,-1
117,17,1163.85,128.63,204.66,173.47,1,-1,-1,-1
117,20,355.71,626.69,538.28,454.25,1,-1,-1,-1
117,21,1437.08,352.63,367.19,310.00,1,-1,-1,-1
118,1,345.04,334.21,380.50,304.85,1,-1,-1,-1
118,10,560.32,155.48,226.93,184.57,1,-1,-1,-1
118,14,872.70,44.56,177.34,154.63,1,-1,-1,-1
118,17,1163.71,128.88,204.82,173.49,1,-1,-1,-1
118,20,355.40,626.55,538.32,454.39,1,-1,-1,-1
118,21,1405.40,340.33,367.72,306.89,1,-1,-1,-1
119,1,345.26,334.20,380.43,304.83,1,-1,-1,-1
119,10,561.73,158.55,230.37,187.42,1,-1,-1,-1
119,14,878.80,44.23,175.54,153.19,1,-1,-1,-1
119,17,1163.30,128.81,205.32,173.85,1,-1,-1,-1
119,20,355.26,626.25,538.54,454.68,1,-1,-1,-1
119,21,1378.00,330.20,361.27,298.04,1,-1,-1,-1
120,1,345.50,334.37,380.04,304.52,1,-1,-1,-1
120,10,564.24,161.97,235.31,191.51,1,-1,-1,-1
120,14,884.74,43.63,175.07,152.91,1,-1,-1,-1
120,17,1163.21,128.97,205.48,173.98,1,-1,-1,-1
120,20,355.41,626.26,538.40,454.67,1,-1,-1,-1
120,21,1352.29,322.59,355.43,290.04,1,-1,-1,-1
121,1,345.57,334.44,379.88,304.25,1,-1,-1,-1
121,10,568.70,165.50,238.12,193.66,1,-1,-1,-1
121,14,889.58,42.14,176.93,154.57,1,-1,-1,-1
121,17,1163.41,129.33,205.15,173.48,1,-1,-1,-1
121,20,355.93,626.43,538.05,454.38,1,-1,-1,-1
121,21,1326.82,312.15,351.43,284.23,1,-1,-1,-1
122,1,345.66,334.37,380.01,304.25,1,-1,-1,-1
122,10,572.69,169.18,241.20,196.18,1,-1,-1,-1
122,14,894.63,41.82,177.26,154.78,1,-1,-1,-1
122,17,1163.28,129.74,205.15,173.33,1,-1,-1,-1
122,20,356.31,626.63,537.84,454.19,1,-1,-1,-1
122,21,1303.61,304.10,347.54,278.46,1,-1,-1,-1
123,1,345.55,334.40,380.22,304.37,1,-1,-1,-1
123,10,577.54,172.69,244.07,198.44,1,-1,-1,-1
123,14,900.59,41.21,176.42,153.84,1,-1,-1,-1
123,17,1163.20,129.85,205.29,173.29,1,-1,-1,-1
123,20,356.45,626.51,538.01,454.34,1,-1,-1,-1
123,21,1281.74,297.59,340.33,270.43,1,-1,-1,-1
124,1,345.32,334.08,380.44,304.51,1,-1,-1,-1
124,10,581.74,176.86,249.04,202.46,1,-1,-1,-1
124,14,908.35,40.70,174.79,152.33,1,-1,-1,-1
124,17,1163.42,129.75,205.08,173.00,1,-1,-1,-1
124,20,356.36,626.32,538.23,454.56,1,-1,-1,-1
124,21,1258.77,289.76,335.55,264.51,1,-1,-1,-1
125,1,345.29,334.38,380.04,304.19,1,-1,-1,-1
125,10,588.31,182.01,250.96,203.84,1,-1,-1,-1
125,14,914.53,40.43,173.19,150.64,1,-1,-1,-1
125,17,1163.42,129.85,205.03,172.96,1,-1,-1,-1
125,20,356.53,626.32,538.19,454.56,1,-1,-1,-1
125,21,1237.85,282.07,333.14,260.89,1,-1,-1,-1
126,1,344.98,334.36,379.86,304.10,1,-1,-1,-1
126,10,592.83,186.04,256.77,208.47,1,-1,-1,-1
126,14,921.68,39.91,172.23,149.40,1,-1,-1,-1
126,20,356.73,626.35,538.15,454.53,1,-1,-1,-1
126,21,1217.27,274.66,326.88,254.58,1,-1,-1,-1
127,1,344.53,334.03,379.86,304.17,1,-1,-1,-1
127,10,598.89,190.72,260.42,211.23,1,-1,-1,-1
127,14,926.60,38.94,170.78,148.14,1,-1,-1,-1
127,20,356.85,626.37,538.16,454.51,1,-1,-1,-1
127,21,1199.22,266.31,321.68,249.40,1,-1,-1,-1
128,1,344.23,333.96,379.47,303.97,1,-1,-1,-1
128,10,604.51,195.12,265.43,215.06,1,-1,-1,-1
128,20,356.79,626.22,538.31,454.63,1,-1,-1,-1
128,21,1181.29,256.87,317.42,244.97,1,-1,-1,-1
129,1,344.26,334.05,378.94,303.68,1,-1,-1,-1
129,10,609.86,199.99,270.58,218.60,1,-1,-1,-1
129,20,356.66,625.94,538.57,454.94,1,-1,-1,-1
129,21,1161.81,249.51,313.60,241.35,1,-1,-1,-1
130,1,343.96,334.22,378.51,303.53,1,-1,-1,-1
130,10,614.56,204.82,277.28,223.48,1,-1,-1,-1
130,20,356.50,625.69,538.75,455.19,1,-1,-1,-1
130,21,1148.21,243.46,307.84,236.32,1,-1,-1,-1
131,1,344.47,334.62,377.48,302.85,1,-1,-1,-1
131,10,620.31,209.95,283.80,228.20,1,-1,-1,-1
131,20,356.58,625.08,539.18,455.84,1,-1,-1,-1
131,21,1134.95,237.61,301.43,230.87,1,-1,-1,-1
132,1,344.32,334.59,377.34,302.95,1,-1,-1,-1
132,10,626.96,214.15,290.63,233.17,1,-1,-1,-1
132,20,356.77,625.02,539.05,455.86,1,-1,-1,-1
132,21,1121.65,230.58,294.03,225.09,1,-1,-1,-1
133,1,344.65,334.52,377.00,302.80,1,-1,-1,-1
133,10,634.44,218.37,297.44,238.10,1,-1,-1,-1
133,20,357.28,624.72,539.14,456.04,1,-1,-1,-1
133,21,1104.96,222.73,290.61,222.65,1,-1,-1,-1
134,1,344.87,334.72,376.41,302.50,1,-1,-1,-1
134,10,643.49,224.78,302.44,241.24,1,-1,-1,-1
134,20,357.31,624.34,539.32,456.39,1,-1,-1,-1
134,21,1089.36,216.66,285.61,218.95,1,-1,-1,-1
135,1,344.97,334.60,376.42,302.69,1,-1,-1,-1
135,10,651.77,231.45,309.06,245.72,1,-1,-1,-1
135,20,357.32,624.22,539.35,456.57,1,-1,-1,-1
135,21,1074.72,209.86,281.93,216.50,1,-1,-1,-1
136,1,344.98,334.55,376.55,303.00,1,-1,-1,-1
136,10,658.76,238.09,317.61,251.67,1,-1,-1,-1
136,20,357.40,624.03,539.67,456.76,1,-1,-1,-1
136,21,1060.77,203.82,277.00,213.07,1,-1,-1,-1
137,1,345.04,334.39,376.65,303.29,1,-1,-1,-1
137,10,669.44,245.68,322.45,254.34,1,-1,-1,-1
137,20,357.45,623.87,539.86,456.92,1,-1,-1,-1
137,21,1047.74,199.16,270.98,208.65,1,-1,-1,-1
138,1,345.15,334.26,376.52,303.40,1,-1,-1,-1
138,10,679.27,252.99,329.71,259.08,1,-1,-1,-1
138,21,1039.59,195.12,261.76,201.40,1,-1,-1,-1
138,22,356.49,623.27,540.80,457.39,1,-1,-1,-1
139,1,345.44,334.20,376.41,303.51,1,-1,-1,-1
139,10,687.04,260.05,339.11,265.69,1,-1,-1,-1
139,21,1029.92,190.07,256.82,197.69,1,-1,-1,-1
139,22,356.13,623.65,540.36,457.14,1,-1,-1,-1
140,1,345.43,334.15,376.51,303.76,1,-1,-1,-1
140,10,696.46,270.55,345.47,269.70,1,-1,-1,-1
140,21,1017.26,184.56,253.25,195.27,1,-1,-1,-1
140,22,356.11,624.29,539.64,456.60,1,-1,-1,-1
141,1,344.77,334.01,376.75,304.23,1,-1,-1,-1
141,10,705.52,279.97,352.88,274.71,1,-1,-1,-1
141,21,1004.50,178.66,250.00,193.01,1,-1,-1,-1
141,22,356.31,625.43,538.37,455.51,1,-1,-1,-1
142,1,345.09,333.92,376.51,304.25,1,-1,-1,-1
142,10,714.44,289.28,359.65,279.25,1,-1,-1,-1
142,21,993.59,174.14,246.60,191.02,1,-1,-1,-1
142,22,356.10,625.76,537.98,455.19,1,-1,-1,-1
143,1,345.35,333.97,376.26,304.22,1,-1,-1,-1
143,10,725.55,298.72,366.57,283.77,1,-1,-1,-1
143,21,983.51,168.93,242.93,188.84,1,-1,-1,-1
143,22,356.54,626.65,537.00,454.32,1,-1,-1,-1
144,1,345.30,334.16,375.98,304.16,1,-1,-1,-1
144,10,735.26,307.40,373.58,288.69,1,-1,-1,-1
144,21,973.90,165.03,238.07,185.10,1,-1,-1,-1
144,22,356.46,627.13,536.59,453.88,1,-1,-1,-1
145,1,346.21,334.62,375.49,303.66,1,-1,-1,-1
145,10,744.42,315.65,382.25,294.90,1,-1,-1,-1
145,21,964.77,160.87,234.01,181.85,1,-1,-1,-1
145,22,356.43,628.73,535.15,452.42,1,-1,-1,-1
146,1,346.64,334.66,375.58,303.57,1,-1,-1,-1
146,10,754.93,324.28,392.48,302.48,1,-1,-1,-1
146,21,952.04,156.81,230.70,179.37,1,-1,-1,-1
146,22,356.39,629.70,534.43,451.55,1,-1,-1,-1
147,1,346.78,334.63,376.17,303.93,1,-1,-1,-1
147,10,764.76,331.89,405.23,312.35,1,-1,-1,-1
147,21,941.62,153.99,225.46,175.02,1,-1,-1,-1
147,22,356.48,630.53,533.83,450.71,1,-1,-1,-1
148,1,346.76,334.63,377.03,304.56,1,-1,-1,-1
148,10,775.85,342.94,413.62,318.47,1,-1,-1,-1
148,21,930.57,148.81,223.25,173.12,1,-1,-1,-1
148,22,356.51,630.47,534.18,450.72,1,-1,-1,-1
149,1,346.68,334.91,377.14,304.62,1,-1,-1,-1
149,10,784.40,354.27,424.88,326.91,1,-1,-1,-1
149,21,922.02,144.91,219.77,170.29,1,-1,-1,-1
149,22,356.08,631.08,533.90,450.12,1,-1,-1,-1
149,23,1166.46,130.66,200.90,171.55,1,-1,-1,-1
150,1,346.64,335.03,377.77,305.18,1,-1,-1,-1
150,10,791.57,364.84,440.48,339.06,1,-1,-1,-1
150,21,913.72,139.74,219.09,169.96,1,-1,-1,-1
150,22,355.47,630.75,534.49,450.38,1,-1,-1,-1
150,23,1165.09,129.99,201.41,171.89,1,-1,-1,-1
151,1,346.49,334.62,378.01,305.40,1,-1,-1,-1
151,10,803.53,378.76,453.92,349.55,1,-1,-1,-1
151,21,906.36,135.03,215.42,167.43,1,-1,-1,-1
151,22,354.39,629.25,535.99,451.78,1,-1,-1,-1
151,23,1164.87,129.68,201.30,171.62,1,-1,-1,-1
152,1,346.57,334.42,377.96,305.34,1,-1,-1,-1
152,10,817.50,392.11,468.93,361.20,1,-1,-1,-1
152,21,897.26,129.49,213.55,166.42,1,-1,-1,-1
152,22,353.47,627.93,537.24,453.13,1,-1,-1,-1
152,23,1164.92,129.44,201.33,171.48,1,-1,-1,-1
153,1,346.83,334.56,377.21,304.75,1,-1,-1,-1
153,10,829.92,406.01,481.97,371.73,1,-1,-1,-1
153,21,889.93,126.40,208.97,163.40,1,-1,-1,-1
153,22,352.33,626.51,538.34,454.54,1,-1,-1,-1
153,23,1164.86,129.33,201.37,171.28,1,-1,-1,-1
154,1,347.04,334.86,376.81,304.39,1,-1,-1,-1
154,10,844.48,425.24,493.24,380.71,1,-1,-1,-1
154,21,884.38,123.42,205.29,160.93,1,-1,-1,-1
154,22,351.53,625.47,538.70,455.51,1,-1,-1,-1
154,23,1164.91,129.28,201.42,171.11,1,-1,-1,-1
155,1,346.95,335.03,376.81,304.33,1,-1,-1,-1
155,10,857.99,443.20,510.31,394.72,1,-1,-1,-1
155,21,880.01,121.26,200.37,157.29,1,-1,-1,-1
155,22,350.38,623.57,539.88,457.35,1,-1,-1,-1
155,23,1165.34,129.37,201.31,170.85,1,-1,-1,-1
156,1,346.89,334.99,376.95,304.42,1,-1,-1,-1
156,10,875.25,462.29,524.68,406.76,1,-1,-1,-1
156,21,875.41,117.77,197.70,155.71,1,-1,-1,-1
156,22,349.66,621.66,541.39,459.30,1,-1,-1,-1
156,23,1165.11,129.05,201.94,171.23,1,-1,-1,-1
157,1,345.92,334.72,378.00,305.27,1,-1,-1,-1
157,10,895.23,482.01,532.01,412.72,1,-1,-1,-1
157,21,872.25,116.17,193.47,152.97,1,-1,-1,-1
157,22,348.99,621.16,542.00,459.81,1,-1,-1,-1
157,23,1165.12,128.79,202.44,171.56,1,-1,-1,-1
158,1,345.52,334.53,378.26,305.38,1,-1,-1,-1
158,10,917.43,502.92,546.22,424.61,1,-1,-1,-1
158,21,869.05,113.73,190.73,151.52,1,-1,-1,-1
158,23,1164.79,128.86,202.76,171.71,1,-1,-1,-1
158,24,351.49,616.69,540.08,463.67,1,-1,-1,-1
159,1,344.82,334.24,378.85,305.80,1,-1,-1,-1
159,10,937.76,526.26,568.38,443.45,1,-1,-1,-1
159,21,867.75,112.09,185.26,147.75,1,-1,-1,-1
159,23,1164.50,129.00,202.65,171.54,1,-1,-1,-1
159,24,350.71,615.47,541.14,464.82,1,-1,-1,-1
160,1,344.60,334.08,379.15,305.95,1,-1,-1,-1
160,10,959.36,552.17,591.76,463.94,1,-1,-1,-1
160,21,867.47,109.51,180.27,144.13,1,-1,-1,-1
160,23,1164.19,128.95,202.53,171.35,1,-1,-1,-1
160,24,351.20,615.82,540.44,464.40,1,-1,-1,-1
161,1,344.78,334.51,378.54,305.29,1,-1,-1,-1
161,10,987.39,581.08,605.11,474.34,1,-1,-1,-1
161,21,867.33,107.73,176.50,141.37,1,-1,-1,-1
161,23,1163.50,128.69,202.86,171.56,1,-1,-1,-1
161,24,351.88,615.97,539.90,464.01,1,-1,-1,-1
162,1,344.84,334.68,378.23,304.84,1,-1,-1,-1
162,10,1029.07,609.42,603.12,468.70,1,-1,-1,-1
162,21,866.61,103.91,174.28,139.91,1,-1,-1,-1
162,23,1162.91,128.51,203.36,171.91,1,-1,-1,-1
162,24,352.21,616.81,538.93,463.22,1,-1,-1,-1
163,1,344.83,334.62,378.04,304.48,1,-1,-1,-1
163,10,1083.45,637.12,588.68,449.01,1,-1,-1,-1
163,21,866.55,99.75,173.63,139.83,1,-1,-1,-1
163,23,1162.15,127.88,204.42,172.68,1,-1,-1,-1
163,24,352.22,616.66,539.08,463.34,1,-1,-1,-1
164,1,344.98,334.97,377.88,304.13,1,-1,-1,-1
164,10,1145.64,669.14,567.03,420.05,1,-1,-1,-1
164,21,867.03,96.87,171.82,138.68,1,-1,-1,-1
164,23,1162.64,128.64,204.01,172.10,1,-1,-1,-1
164,24,352.71,617.85,538.02,462.23,1,-1,-1,-1
165,1,345.22,334.91,377.91,303.90,1,-1,-1,-1
165,10,1171.77,688.85,571.00,422.99,1,-1,-1,-1
165,21,867.61,93.50,170.51,138.07,1,-1,-1,-1
165,23,1162.33,128.59,204.11,171.98,1,-1,-1,-1
165,24,353.28,618.55,537.63,461.65,1,-1,-1,-1
166,1,345.04,334.97,378.13,303.85,1,-1,-1,-1
166,21,869.16,91.12,167.82,136.24,1,-1,-1,-1
166,23,1162.60,128.96,203.83,171.59,1,-1,-1,-1
166,24,354.01,619.97,536.55,460.36,1,-1,-1,-1
167,1,344.75,334.72,378.53,304.05,1,-1,-1,-1
167,21,871.42,88.67,165.44,134.73,1,-1,-1,-1
167,23,1162.36,129.13,203.59,171.33,1,-1,-1,-1
167,24,354.16,620.19,536.59,460.14,1,-1,-1,-1
168,1,344.99,334.57,378.74,304.03,1,-1,-1,-1
168,21,873.37,85.29,164.37,134.33,1,-1,-1,-1
168,23,1161.98,128.58,204.02,171.68,1,-1,-1,-1
168,24,354.97,621.49,535.73,458.98,1,-1,-1,-1
168,25,1480.72,345.14,414.12,449.88,1,-1,-1,-1
169,1,345.69,335.25,378.12,303.27,1,-1,-1,-1
169,21,877.28,83.83,161.57,132.46,1,-1,-1,-1
169,23,1162.09,128.83,204.38,171.99,1,-1,-1,-1
169,24,355.93,622.55,535.15,457.99,1,-1,-1,-1
169,25,1467.29,323.50,410.31,441.98,1,-1,-1,-1
170,1,345.85,335.48,377.97,302.93,1,-1,-1,-1
170,21,881.15,81.19,159.51,131.14,1,-1,-1,-1
170,23,1162.49,129.38,204.26,171.86,1,-1,-1,-1
170,24,356.48,622.66,535.58,457.81,1,-1,-1,-1
170,25,1456.84,314.55,399.16,423.13,1,-1,-1,-1
171,1,346.30,335.52,377.65,302.53,1,-1,-1,-1
171,21,885.24,79.17,157.62,129.96,1,-1,-1,-1
171,23,1163.20,129.52,204.00,171.57,1,-1,-1,-1
171,24,358.22,626.61,532.01,454.18,1,-1,-1,-1
171,25,1435.04,296.49,403.87,419.82,1,-1,-1,-1
172,1,346.16,335.26,377.87,302.59,1,-1,-1,-1
172,21,889.15,76.86,156.78,129.70,1,-1,-1,-1
172,23,1163.21,129.21,204.68,172.16,1,-1,-1,-1
172,24,358.60,628.50,530.71,452.45,1,-1,-1,-1
172,25,1406.90,288.44,393.30,399.50,1,-1,-1,-1
173,1,346.00,335.04,378.06,302.70,1,-1,-1,-1
173,21,892.88,75.39,156.05,129.54,1,-1,-1,-1
173,23,1163.32,128.99,205.08,172.53,1,-1,-1,-1
173,24,358.64,629.21,530.59,451.77,1,-1,-1,-1
173,25,1381.62,281.46,383.92,380.28,1,-1,-1,-1
174,1,346.14,334.96,378.14,302.76,1,-1,-1,-1
174,21,896.83,73.64,155.71,129.70,1,-1,-1,-1
174,23,1163.62,129.13,205.12,172.62,1,-1,-1,-1
174,24,358.97,629.61,530.78,451.33,1,-1,-1,-1
174,25,1345.05,269.22,382.61,371.41,1,-1,-1,-1
175,1,346.30,335.24,377.89,302.59,1,-1,-1,-1
175,21,901.46,71.61,155.97,130.28,1,-1,-1,-1
175,23,1163.65,129.14,205.25,172.83,1,-1,-1,-1
175,24,359.06,630.33,530.62,450.62,1,-1,-1,-1
175,25,1316.34,265.38,372.18,354.15,1,-1,-1,-1
176,1,346.66,335.18,377.64,302.40,1,-1,-1,-1
176,21,907.03,70.97,154.87,129.50,1,-1,-1,-1
176,23,1163.69,129.13,205.37,172.93,1,-1,-1,-1
176,24,359.06,631.01,530.55,449.91,1,-1,-1,-1
176,25,1279.07,262.71,356.22,333.04,1,-1,-1,-1
177,1,346.88,335.13,377.49,302.31,1,-1,-1,-1
177,21,913.16,70.57,153.96,128.73,1,-1,-1,-1
177,24,358.85,630.60,531.50,450.25,1,-1,-1,-1
177,25,1248.14,255.62,350.83,322.35,1,-1,-1,-1
178,1,347.02,335.40,377.25,301.99,1,-1,-1,-1
178,21,918.32,69.57,153.89,128.93,1,-1,-1,-1
178,24,358.63,630.78,531.94,450.09,1,-1,-1,-1
178,25,1218.63,245.22,348.23,315.57,1,-1,-1,-1
179,1,346.97,335.44,377.20,301.85,1,-1,-1,-1
179,21,924.18,68.52,153.10,128.46,1,-1,-1,-1
179,24,358.37,630.78,532.56,450.12,1,-1,-1,-1
179,25,1197.57,238.53,340.62,303.76,1,-1,-1,-1
180,1,346.85,335.36,377.33,301.87,1,-1,-1,-1
180,21,932.27,70.04,149.83,125.73,1,-1,-1,-1
180,24,358.06,630.81,533.04,450.08,1,-1,-1,-1
180,25,1171.72,231.84,335.18,295.51,1,-1,-1,-1
181,1,345.85,334.74,379.09,303.22,1,-1,-1,-1
181,21,938.82,70.32,148.39,124.55,1,-1,-1,-1
181,24,357.66,628.02,536.47,452.81,1,-1,-1,-1
181,25,1149.52,225.11,328.30,287.13,1,-1,-1,-1
182,1,345.39,334.40,379.94,303.84,1,-1,-1,-1
182,21,945.63,70.26,146.92,123.49,1,-1,-1,-1
182,24,357.44,627.14,537.69,453.69,1,-1,-1,-1
182,25,1127.95,215.75,324.87,282.20,1,-1,-1,-1
183,1,345.16,334.18,380.41,304.16,1,-1,-1,-1
183,21,952.69,70.12,145.08,121.92,1,-1,-1,-1
183,24,357.53,626.84,538.28,453.96,1,-1,-1,-1
183,25,1108.21,207.06,323.22,279.40,1,-1,-1,-1
184,1,345.32,334.12,380.32,304.01,1,-1,-1,-1
184,21,959.77,69.02,145.21,122.06,1,-1,-1,-1
184,24,357.24,626.64,538.56,454.12,1,-1,-1,-1
184,25,1087.37,198.77,323.24,278.49,1,-1,-1,-1
185,1,345.10,333.83,380.84,304.37,1,-1,-1,-1
185,21,966.86,66.89,145.69,122.54,1,-1,-1,-1
185,24,356.88,626.26,539.01,454.46,1,-1,-1,-1
185,25,1072.16,189.67,316.69,272.28,1,-1,-1,-1
186,1,344.96,333.69,380.99,304.45,1,-1,-1,-1
186,21,974.21,65.59,145.46,122.29,1,-1,-1,-1
186,24,356.80,626.12,539.21,454.56,1,-1,-1,-1
186,25,1058.15,183.63,309.40,265.57,1,-1,-1,-1
187,1,345.02,333.71,381.20,304.58,1,-1,-1,-1
187,21,980.13,63.55,146.13,123.08,1,-1,-1,-1
187,24,356.76,625.98,539.49,454.68,1,-1,-1,-1
187,25,1040.50,178.05,304.64,261.43,1,-1,-1,-1
188,1,345.26,334.08,380.76,304.12,1,-1,-1,-1
188,21,987.16,62.69,145.00,122.16,1,-1,-1,-1
188,24,356.75,626.20,539.41,454.51,1,-1,-1,-1
188,25,1029.58,172.06,298.07,255.64,1,-1,-1,-1
189,1,345.18,334.21,380.66,303.93,1,-1,-1,-1
189,21,994.01,61.43,143.97,121.41,1,-1,-1,-1
189,24,356.87,626.16,539.58,454.57,1,-1,-1,-1
189,25,1018.72,166.66,290.30,248.57,1,-1,-1,-1
190,1,345.12,334.17,380.77,303.97,1,-1,-1,-1
190,21,999.77,60.22,143.27,120.81,1,-1,-1,-1
190,24,356.84,625.97,539.75,454.69,1,-1,-1,-1
190,25,1008.57,160.12,284.83,243.50,1,-1,-1,-1
191,1,344.90,334.47,380.63,303.90,1,-1,-1,-1
191,24,356.31,625.59,540.07,455.06,1,-1,-1,-1
191,25,999.02,151.72,282.66,241.00,1,-1,-1,-1
192,1,344.66,334.47,380.91,304.19,1,-1,-1,-1
192,24,356.02,625.31,540.30,455.34,1,-1,-1,-1
192,25,987.78,147.81,276.00,235.34,1,-1,-1,-1
193,1,344.75,334.39,380.97,304.25,1,-1,-1,-1
193,24,356.28,625.38,540.14,455.29,1,-1,-1,-1
193,25,975.38,143.06,271.45,231.29,1,-1,-1,-1
193,26,1424.94,231.67,289.45,225.25,1,-1,-1,-1
194,1,344.72,334.27,381.10,304.37,1,-1,-1,-1
194,24,356.28,625.38,539.99,455.23,1,-1,-1,-1
194,25,964.75,141.43,263.69,224.74,1,-1,-1,-1
194,26,1424.11,231.70,291.50,227.09,1,-1,-1,-1
195,1,344.63,334.19,381.14,304.45,1,-1,-1,-1
195,24,356.24,625.48,539.79,455.13,1,-1,-1,-1
195,25,954.74,136.47,260.42,222.10,1,-1,-1,-1
195,26,1424.65,232.03,291.25,227.17,1,-1,-1,-1
196,1,344.63,334.28,381.11,304.45,1,-1,-1,-1
196,24,356.14,625.19,540.02,455.43,1,-1,-1,-1
196,25,945.33,132.38,255.45,217.59,1,-1,-1,-1
196,26,1424.49,231.96,292.13,228.20,1,-1,-1,-1
197,1,344.71,334.30,380.94,304.31,1,-1,-1,-1
197,24,356.27,625.54,539.48,455.09,1,-1,-1,-1
197,25,936.18,129.10,247.76,210.85,1,-1,-1,-1
197,26,1425.83,232.40,290.21,226.98,1,-1,-1,-1
197,27,1177.97,129.92,185.88,173.99,1,-1,-1,-1
198,1,344.82,334.45,380.71,304.12,1,-1,-1,-1
198,24,356.27,625.38,539.56,455.29,1,-1,-1,-1
198,25,929.24,126.27,241.79,205.43,1,-1,-1,-1
198,26,1426.71,232.59,287.69,225.20,1,-1,-1,-1
198,27,1174.01,129.20,187.05,174.58,1,-1,-1,-1
199,1,345.03,334.74,380.47,303.93,1,-1,-1,-1
199,24,356.24,625.18,539.70,455.55,1,-1,-1,-1
199,25,920.43,122.50,237.11,200.73,1,-1,-1,-1
199,26,1427.11,232.97,285.53,223.64,1,-1,-1,-1
199,27,1172.87,128.72,187.56,174.43,1,-1,-1,-1
200,1,345.20,334.93,380.12,303.60,1,-1,-1,-1
200,24,356.34,624.88,540.03,455.86,1,-1,-1,-1
200,25,912.17,118.46,235.46,199.09,1,-1,-1,-1
200,26,1427.41,233.06,285.04,223.39,1,-1,-1,-1
200,27,1172.10,128.41,188.28,174.36,1,-1,-1,-1
201,1,344.44,334.17,381.06,304.50,1,-1,-1,-1
201,24,356.58,626.01,538.71,454.76,1,-1,-1,-1
201,25,905.27,115.65,231.03,195.29,1,-1,-1,-1
201,26,1427.24,233.15,285.79,224.14,1,-1,-1,-1
201,27,1171.40,127.83,189.13,174.32,1,-1,-1,-1
202,1,344.25,333.88,381.36,304.86,1,-1,-1,-1
202,24,356.57,626.28,538.36,454.48,1,-1,-1,-1
202,25,897.46,111.53,228.53,193.37,1,-1,-1,-1
202,26,1427.16,233.12,286.19,224.63,1,-1,-1,-1
202,27,1171.00,127.64,189.54,173.75,1,-1,-1,-1
203,1,344.26,333.82,381.36,304.96,1,-1,-1,-1
203,24,356.58,626.17,538.38,454.56,1,-1,-1,-1
203,25,891.04,108.43,224.59,190.12,1,-1,-1,-1
203,26,1427.37,233.19,285.64,224.38,1,-1,-1,-1
203,27,1170.38,127.30,190.27,173.42,1,-1,-1,-1
204,1,344.39,333.94,381.10,304.82,1,-1,-1,-1
204,24,356.43,625.61,538.85,455.08,1,-1,-1,-1
204,25,884.79,105.62,220.15,186.14,1,-1,-1,-1
204,26,1427.43,233.26,285.67,224.55,1,-1,-1,-1
204,27,1169.67,127.27,191.14,173.18,1,-1,-1,-1
205,1,344.42,334.09,380.75,304.57,1,-1,-1,-1
205,24,356.66,625.20,539.19,455.46,1,-1,-1,-1
205,25,878.40,103.43,216.26,182.98,1,-1,-1,-1
205,26,1427.43,233.37,285.72,224.59,1,-1,-1,-1
205,27,1169.56,127.26,192.17,173.12,1,-1,-1,-1
206,1,344.65,334.29,380.38,304.25,1,-1,-1,-1
206,24,356.88,625.42,538.96,455.27,1,-1,-1,-1
206,25,872.24,100.66,213.93,181.11,1,-1,-1,-1
206,27,1169.48,127.28,193.12,173.02,1,-1,-1,-1
207,1,344.69,334.60,380.05,303.96,1,-1,-1,-1
207,24,356.91,625.24,539.24,455.49,1,-1,-1,-1
207,25,865.89,96.91,210.91,178.84,1,-1,-1,-1
207,27,1168.54,127.12,194.44,173.28,1,-1,-1,-1
208,1,344.69,334.67,379.99,303.86,1,-1,-1,-1
208,24,356.94,625.35,539.18,455.39,1,-1,-1,-1
208,25,858.81,90.95,210.23,178.57,1,-1,-1,-1
208,27,1167.86,127.09,195.60,173.41,1,-1,-1,-1
209,1,344.86,334.62,379.73,303.60,1,-1,-1,-1
209,24,356.90,625.50,539.01,455.20,1,-1,-1,-1
209,25,851.87,86.91,208.43,177.21,1,-1,-1,-1
209,27,1167.76,127.31,196.30,173.23,1,-1,-1,-1
210,1,344.89,334.59,379.71,303.54,1,-1,-1,-1
210,24,356.74,625.17,539.32,455.50,1,-1,-1,-1
210,25,846.35,84.20,203.60,173.31,1,-1,-1,-1
210,27,1168.30,127.89,196.48,172.65,1,-1,-1,-1
211,1,344.85,334.48,379.88,303.64,1,-1,-1,-1
211,24,356.90,625.34,539.04,455.38,1,-1,-1,-1
211,25,841.58,80.68,200.56,171.03,1,-1,-1,-1
211,27,1168.38,127.98,196.90,172.41,1,-1,-1,-1
212,1,344.77,334.38,380.04,303.72,1,-1,-1,-1
212,24,356.89,625.26,539.04,455.46,1,-1,-1,-1
212,25,836.93,77.06,197.62,169.01,1,-1,-1,-1
212,27,1167.59,127.66,198.02,172.83,1,-1,-1,-1
213,1,344.73,334.38,380.07,303.70,1,-1,-1,-1
213,24,356.82,625.13,539.10,455.59,1,-1,-1,-1
213,25,833.57,74.43,195.05,167.11,1,-1,-1,-1
213,27,1166.73,127.37,199.16,173.35,1,-1,-1,-1
214,1,344.65,334.26,380.23,303.81,1,-1,-1,-1
214,24,356.72,624.89,539.26,455.83,1,-1,-1,-1
214,25,831.22,72.65,192.16,164.92,1,-1,-1,-1
214,27,1166.33,127.45,199.60,173.23,1,-1,-1,-1
215,1,344.57,334.24,380.40,303.96,1,-1,-1,-1
215,24,356.77,625.03,539.05,455.69,1,-1,-1,-1
215,25,829.02,69.94,189.80,163.16,1,-1,-1,-1
215,27,1166.25,127.68,199.83,172.94,1,-1,-1,-1
216,1,344.51,334.27,380.43,303.98,1,-1,-1,-1
216,24,356.72,625.00,539.06,455.73,1,-1,-1,-1
216,25,826.03,66.88,187.24,161.46,1,-1,-1,-1
216,27,1166.08,127.95,200.09,172.66,1,-1,-1,-1
217,1,344.72,333.94,381.00,304.45,1,-1,-1,-1
217,24,356.95,626.03,538.03,454.74,1,-1,-1,-1
217,25,824.57,64.46,184.90,159.78,1,-1,-1,-1
217,27,1166.04,128.02,200.80,172.88,1,-1,-1,-1
218,1,344.90,333.90,381.13,304.55,1,-1,-1,-1
218,24,357.00,626.39,537.76,454.40,1,-1,-1,-1
218,25,823.43,62.06,183.77,159.13,1,-1,-1,-1
218,27,1165.73,128.00,201.54,173.18,1,-1,-1,-1
219,1,345.04,333.98,381.10,304.54,1,-1,-1,-1
219,24,357.04,626.87,537.37,453.96,1,-1,-1,-1
219,25,822.53,58.91,183.14,159.15,1,-1,-1,-1
219,27,1165.60,128.09,201.94,173.23,1,-1,-1,-1
220,1,345.13,334.02,380.93,304.40,1,-1,-1,-1
220,24,357.00,627.21,537.12,453.62,1,-1,-1,-1
220,25,824.52,57.47,179.81,156.74,1,-1,-1,-1
220,27,1165.43,128.14,202.17,173.15,1,-1,-1,-1
221,1,345.26,334.29,380.06,303.66,1,-1,-1,-1
221,24,357.21,626.35,538.00,454.38,1,-1,-1,-1
221,25,826.38,56.96,176.15,153.93,1,-1,-1,-1
221,27,1165.59,128.58,201.76,172.54,1,-1,-1,-1
222,1,345.17,334.41,379.87,303.46,1,-1,-1,-1
222,24,357.22,626.10,538.26,454.59,1,-1,-1,-1
222,25,829.08,56.26,172.68,151.06,1,-1,-1,-1
222,27,1165.37,128.74,201.89,172.38,1,-1,-1,-1
223,1,345.19,334.54,379.68,303.25,1,-1,-1,-1
223,24,357.25,626.01,538.35,454.65,1,-1,-1,-1
223,25,831.21,54.61,171.17,149.95,1,-1,-1,-1
223,27,1165.15,128.68,202.27,172.48,1,-1,-1,-1
224,1,344.98,334.48,380.02,303.53,1,-1,-1,-1
224,24,357.30,626.18,538.22,454.47,1,-1,-1,-1
224,25,833.82,52.55,170.27,149.36,1,-1,-1,-1
224,27,1164.92,128.66,202.59,172.51,1,-1,-1,-1
225,1,344.99,334.64,379.89,303.39,1,-1,-1,-1
225,24,357.29,626.09,538.39,454.57,1,-1,-1,-1
225,25,837.23,51.33,169.78,149.26,1,-1,-1,-1
225,27,1164.70,128.65,202.94,172.60,1,-1,-1,-1
226,1,345.17,334.71,379.73,303.17,1,-1,-1,-1
226,24,357.33,626.27,538.26,454.41,1,-1,-1,-1
226,25,841.43,50.53,168.41,148.32,1,-1,-1,-1
226,27,1164.56,128.58,203.21,172.64,1,-1,-1,-1
227,1,345.27,334.73,379.67,303.02,1,-1,-1,-1
227,24,357.17,626.11,538.43,454.60,1,-1,-1,-1
227,25,846.37,49.70,167.47,147.59,1,-1,-1,-1
227,27,1164.37,128.56,203.38,172.60,1,-1,-1,-1
228,1,345.28,334.67,379.74,302.98,1,-1,-1,-1
228,24,357.17,626.13,538.37,454.58,1,-1,-1,-1
228,25,851.97,49.08,166.64,146.86,1,-1,-1,-1
228,27,1164.29,128.55,203.48,172.52,1,-1,-1,-1
229,1,345.28,334.80,379.63,302.76,1,-1,-1,-1
229,24,356.93,625.90,538.52,454.77,1,-1,-1,-1
229,25,857.89,48.73,165.90,146.12,1,-1,-1,-1
229,27,1164.09,128.60,203.77,172.62,1,-1,-1,-1
230,1,345.13,334.91,379.72,302.72,1,-1,-1,-1
230,24,356.79,625.55,538.82,455.11,1,-1,-1,-1
230,25,863.11,48.20,165.94,146.12,1,-1,-1,-1
230,27,1163.88,128.61,204.06,172.74,1,-1,-1,-1
231,1,344.92,334.53,380.30,303.16,1,-1,-1,-1
231,24,356.64,625.97,538.46,454.74,1,-1,-1,-1
231,25,869.42,47.07,164.99,145.37,1,-1,-1,-1
231,27,1163.93,128.99,203.66,172.27,1,-1,-1,-1
232,1,344.73,334.21,380.76,303.52,1,-1,-1,-1
232,24,356.34,625.61,538.90,455.08,1,-1,-1,-1
232,25,876.97,45.79,164.83,145.23,1,-1,-1,-1
232,27,1163.65,128.72,204.00,172.48,1,-1,-1,-1
233,1,344.76,334.21,380.83,303.54,1,-1,-1,-1
233,24,356.44,625.74,538.83,454.97,1,-1,-1,-1
233,25,884.85,44.68,164.52,144.82,1,-1,-1,-1
233,27,1163.58,128.57,204.15,172.56,1,-1,-1,-1
234,1,344.55,333.99,381.11,303.80,1,-1,-1,-1
234,24,356.46,625.85,538.80,454.86,1,-1,-1,-1
234,25,892.20,44.49,164.19,144.14,1,-1,-1,-1
234,27,1163.48,128.48,204.28,172.60,1,-1,-1,-1
235,1,344.52,333.84,381.34,304.06,1,-1,-1,-1
235,24,356.48,625.57,539.17,455.13,1,-1,-1,-1
235,25,899.78,44.64,163.39,142.75,1,-1,-1,-1
235,27,1163.30,128.11,204.63,172.87,1,-1,-1,-1
236,1,344.65,333.89,381.15,303.95,1,-1,-1,-1
236,24,356.40,625.37,539.45,455.28,1,-1,-1,-1
236,25,907.69,45.59,162.76,141.66,1,-1,-1,-1
236,27,1163.32,128.05,204.64,172.88,1,-1,-1,-1
237,1,344.64,333.89,381.14,304.00,1,-1,-1,-1
237,24,356.34,625.41,539.42,455.25,1,-1,-1,-1
237,25,916.24,46.85,161.47,139.89,1,-1,-1,-1
237,27,1163.31,128.05,204.58,172.82,1,-1,-1,-1
238,1,344.57,333.70,381.31,304.19,1,-1,-1,-1
238,24,356.08,624.95,540.05,455.62,1,-1,-1,-1
238,25,926.09,48.22,159.65,137.91,1,-1,-1,-1
238,27,1163.12,127.84,204.72,172.93,1,-1,-1,-1
239,1,344.65,333.66,381.27,304.17,1,-1,-1,-1
239,24,356.02,625.01,540.14,455.59,1,-1,-1,-1
239,25,935.72,48.25,158.83,137.00,1,-1,-1,-1
239,27,1163.15,127.76,204.65,172.89,1,-1,-1,-1
239,31,1427.80,232.38,285.82,223.76,1,-1,-1,-1
240,1,344.48,333.51,381.27,304.21,1,-1,-1,-1
240,24,355.92,625.30,539.84,455.31,1,-1,-1,-1
240,25,945.80,48.41,158.31,136.26,1,-1,-1,-1
240,27,1163.08,127.64,204.72,172.97,1,-1,-1,-1
240,31,1427.90,232.38,285.45,223.48,1,-1,-1,-1
241,1,343.48,333.83,381.76,304.67,1,-1,-1,-1
241,24,356.08,626.01,539.46,454.60,1,-1,-1,-1
241,25,954.52,47.75,157.48,135.44,1,-1,-1,-1
241,27,1162.65,126.93,205.42,173.70,1,-1,-1,-1
241,31,1427.79,232.34,286.03,223.95,1,-1,-1,-1
242,1,343.09,333.85,381.93,304.88,1,-1,-1,-1
242,24,355.95,626.45,539.46,454.18,1,-1,-1,-1
242,25,964.25,47.99,155.38,133.60,1,-1,-1,-1
242,27,1162.47,126.57,205.58,173.98,1,-1,-1,-1
242,31,1427.49,232.21,286.88,224.67,1,-1,-1,-1
243,1,342.84,333.52,382.32,305.27,1,-1,-1,-1
243,24,355.96,626.54,539.35,454.08,1,-1,-1,-1
243,25,974.44,46.29,156.46,134.66,1,-1,-1,-1
243,27,1162.23,126.27,205.80,174.33,1,-1,-1,-1
243,31,1427.33,232.00,287.51,225.22,1,-1,-1,-1
244,1,342.79,333.43,382.36,305.36,1,-1,-1,-1
244,25,983.58,45.01,155.39,134.04,1,-1,-1,-1
244,27,1162.19,126.11,205.76,174.43,1,-1,-1,-1
244,31,1427.08,231.85,287.96,225.67,1,-1,-1,-1
244,32,353.42,624.17,545.23,456.27,1,-1,-1,-1
245,1,342.75,333.31,382.52,305.53,1,-1,-1,-1
245,25,991.44,44.49,154.39,133.18,1,-1,-1,-1
245,27,1162.02,125.84,205.91,174.68,1,-1,-1,-1
245,31,1427.06,231.65,288.79,226.39,1,-1,-1,-1
245,32,353.45,624.19,545.19,456.24,1,-1,-1,-1
246,1,342.72,333.18,382.70,305.76,1,-1,-1,-1
246,27,1162.01,125.79,205.92,174.82,1,-1,-1,-1
246,31,1427.12,231.52,288.76,226.43,1,-1,-1,-1
246,33,354.32,627.18,543.77,453.47,1,-1,-1,-1
247,1,342.86,333.17,382.64,305.78,1,-1,-1,-1
247,27,1162.25,125.91,205.68,174.73,1,-1,-1,-1
247,31,1427.11,231.49,288.46,226.29,1,-1,-1,-1
247,33,354.43,627.22,543.67,453.37,1,-1,-1,-1
248,1,343.04,333.23,382.38,305.61,1,-1,-1,-1
248,27,1162.60,125.94,205.47,174.67,1,-1,-1,-1
248,31,1427.13,231.53,287.78,225.84,1,-1,-1,-1
248,33,354.47,627.23,543.73,453.45,1,-1,-1,-1
249,1,343.15,333.45,382.12,305.46,1,-1,-1,-1
249,27,1162.90,126.15,205.14,174.50,1,-1,-1,-1
249,31,1427.24,231.65,287.89,226.00,1,-1,-1,-1
249,33,354.51,627.12,543.83,453.53,1,-1,-1,-1
250,1,343.28,333.62,381.93,305.33,1,-1,-1,-1
250,27,1162.85,126.11,205.04,174.50,1,-1,-1,-1
250,31,1427.21,231.56,287.87,226.07,1,-1,-1,-1
250,33,354.36,627.25,543.69,453.36,1,-1,-1,-1
251,1,343.26,333.29,382.17,305.68,1,-1,-1,-1
251,27,1162.56,125.91,205.45,175.09,1,-1,-1,-1
251,31,1426.41,231.26,288.13,226.39,1,-1,-1,-1
251,33,352.42,623.42,547.40,456.89,1,-1,-1,-1
252,1,343.35,333.09,382.16,305.83,1,-1,-1,-1
252,27,1162.58,126.12,205.05,174.90,1,-1,-1,-1
252,31,1425.74,231.59,289.40,227.50,1,-1,-1,-1
252,33,351.31,622.26,548.31,458.04,1,-1,-1,-1
253,1,343.18,332.92,382.61,306.37,1,-1,-1,-1
253,27,1162.51,126.02,204.82,174.73,1,-1,-1,-1
253,31,1424.63,231.47,289.29,227.63,1,-1,-1,-1
253,33,351.70,621.85,548.31,458.35,1,-1,-1,-1
254,1,343.11,332.77,382.90,306.75,1,-1,-1,-1
254,27,1162.71,126.17,204.52,174.48,1,-1,-1,-1
254,31,1424.62,231.77,288.41,227.13,1,-1,-1,-1
254,33,351.91,621.80,548.05,458.48,1,-1,-1,-1
255,1,343.14,332.71,382.76,306.78,1,-1,-1,-1
255,27,1162.81,126.50,204.14,174.13,1,-1,-1,-1
255,31,1423.86,232.08,290.30,228.97,1,-1,-1,-1
255,33,351.96,621.60,547.84,458.69,1,-1,-1,-1
256,1,343.12,332.71,382.71,306.90,1,-1,-1,-1
256,27,1162.51,126.47,204.23,174.18,1,-1,-1,-1
256,31,1423.65,232.81,292.37,231.02,1,-1,-1,-1
256,33,352.72,622.19,546.81,458.12,1,-1,-1,-1
257,1,343.17,332.74,382.72,307.02,1,-1,-1,-1
257,27,1162.85,126.48,204.19,174.12,1,-1,-1,-1
257,31,1423.87,233.45,293.29,232.14,1,-1,-1,-1
257,33,352.79,622.18,546.53,458.14,1,-1,-1,-1
258,1,343.40,332.84,382.28,306.78,1,-1,-1,-1
258,27,1162.74,126.28,204.43,174.33,1,-1,-1,-1
258,31,1423.43,233.70,293.34,232.71,1,-1,-1,-1
258,33,353.13,622.55,545.85,457.74,1,-1,-1,-1
259,1,343.83,333.03,381.48,306.23,1,-1,-1,-1
259,27,1162.58,126.23,204.38,174.32,1,-1,-1,-1
259,31,1423.02,233.87,294.12,233.32,1,-1,-1,-1
259,33,353.05,622.77,545.61,457.60,1,-1,-1,-1
260,1,344.05,333.10,381.13,306.04,1,-1,-1,-1
260,27,1162.64,126.33,204.32,174.24,1,-1,-1,-1
260,33,353.40,623.00,545.19,457.32,1,-1,-1,-1
260,34,1529.26,437.64,341.57,357.99,1,-1,-1,-1
261,1,344.60,333.61,379.85,305.03,1,-1,-1,-1
261,27,1163.21,126.85,203.66,173.51,1,-1,-1,-1
261,33,353.50,625.60,542.28,455.10,1,-1,-1,-1
261,34,1520.12,424.83,328.28,338.15,1,-1,-1,-1
262,1,345.10,334.00,378.92,304.18,1,-1,-1,-1
262,27,1163.60,127.27,203.28,172.98,1,-1,-1,-1
262,33,353.51,626.01,541.67,454.82,1,-1,-1,-1
262,34,1501.45,403.32,327.30,328.77,1,-1,-1,-1
263,1,345.47,334.23,378.68,303.90,1,-1,-1,-1
263,27,1163.87,127.53,203.34,172.84,1,-1,-1,-1
263,33,353.80,626.29,541.20,454.60,1,-1,-1,-1
263,34,1468.31,384.48,329.29,322.08,1,-1,-1,-1
264,1,345.63,334.27,378.54,303.68,1,-1,-1,-1
264,27,1163.71,127.49,203.88,173.20,1,-1,-1,-1
264,33,354.24,626.53,540.76,454.33,1,-1,-1,-1
264,34,1430.20,359.61,338.01,322.05,1,-1,-1,-1
265,1,345.93,334.33,378.75,303.73,1,-1,-1,-1
265,27,1163.43,127.30,204.33,173.57,1,-1,-1,-1
265,33,354.54,627.04,540.12,453.78,1,-1,-1,-1
265,34,1390.84,340.39,346.52,322.38,1,-1,-1,-1
266,1,346.39,334.64,378.47,303.44,1,-1,-1,-1
266,27,1163.17,127.17,204.95,174.07,1,-1,-1,-1
266,33,354.55,627.06,539.99,453.70,1,-1,-1,-1
266,34,1356.31,325.18,352.09,320.51,1,-1,-1,-1
267,1,346.33,334.67,378.67,303.52,1,-1,-1,-1
267,27,1163.16,127.42,205.23,174.27,1,-1,-1,-1
267,33,355.00,627.63,539.39,453.16,1,-1,-1,-1
267,34,1326.09,316.75,343.06,305.31,1,-1,-1,-1
268,1,346.32,334.71,378.73,303.49,1,-1,-1,-1
268,27,1162.86,127.57,205.51,174.48,1,-1,-1,-1
268,33,355.11,627.53,539.43,453.21,1,-1,-1,-1
268,34,1295.44,307.38,338.15,294.77,1,-1,-1,-1
269,1,346.32,334.76,378.81,303.51,1,-1,-1,-1
269,27,1163.03,127.71,205.74,174.61,1,-1,-1,-1
269,33,355.22,627.30,539.73,453.48,1,-1,-1,-1
269,34,1266.24,298.06,335.32,286.45,1,-1,-1,-1
270,1,346.17,334.56,379.02,303.68,1,-1,-1,-1
270,27,1163.80,127.65,205.34,174.33,1,-1,-1,-1
270,33,355.53,626.70,540.35,454.08,1,-1,-1,-1
270,34,1237.52,289.89,334.55,280.85,1,-1,-1,-1
271,1,346.05,334.33,378.72,303.33,1,-1,-1,-1
271,27,1164.17,127.80,203.55,172.72,1,-1,-1,-1
271,33,356.29,627.15,539.93,453.61,1,-1,-1,-1
271,34,1213.25,280.93,328.21,271.24,1,-1,-1,-1
272,1,345.68,334.01,379.27,303.73,1,-1,-1,-1
272,27,1164.30,127.87,203.38,172.57,1,-1,-1,-1
272,33,356.60,627.17,539.99,453.59,1,-1,-1,-1
272,34,1188.88,271.78,324.81,265.04,1,-1,-1,-1
273,1,345.48,334.05,379.31,303.71,1,-1,-1,-1
273,33,357.02,627.61,539.66,453.19,1,-1,-1,-1
273,34,1167.61,263.48,319.36,257.49,1,-1,-1,-1
274,1,345.39,333.95,379.69,303.96,1,-1,-1,-1
274,33,357.24,627.80,539.63,453.04,1,-1,-1,-1
274,34,1147.27,255.19,316.61,252.65,1,-1,-1,-1
275,1,345.33,333.99,379.85,304.04,1,-1,-1,-1
275,33,356.83,627.72,539.63,453.07,1,-1,-1,-1
275,34,1128.67,247.06,313.55,248.06,1,-1,-1,-1
276,1,345.32,333.88,380.13,304.16,1,-1,-1,-1
276,33,355.97,627.45,540.15,453.29,1,-1,-1,-1
276,34,1112.80,236.94,308.75,242.47,1,-1,-1,-1
277,1,344.99,333.81,380.86,304.73,1,-1,-1,-1
277,33,355.25,625.49,542.08,454.99,1,-1,-1,-1
277,34,1095.88,229.32,301.89,235.46,1,-1,-1,-1
278,1,344.92,333.88,381.03,304.84,1,-1,-1,-1
278,33,355.09,624.97,542.55,455.48,1,-1,-1,-1
278,34,1077.79,222.07,298.47,231.46,1,-1,-1,-1
279,1,344.82,334.07,381.08,304.91,1,-1,-1,-1
279,33,355.13,625.27,542.15,455.21,1,-1,-1,-1
279,34,1063.47,215.46,292.88,226.35,1,-1,-1,-1
280,1,345.09,334.38,380.55,304.46,1,-1,-1,-1
280,33,355.09,625.10,542.21,455.31,1,-1,-1,-1
280,34,1048.48,209.21,287.66,221.55,1,-1,-1,-1
281,1,345.70,334.81,379.76,303.78,1,-1,-1,-1
281,33,354.75,625.59,541.75,455.12,1,-1,-1,-1
281,34,1036.95,203.99,279.62,214.45,1,-1,-1,-1
282,1,345.57,334.94,379.57,303.65,1,-1,-1,-1
282,33,354.26,625.44,541.70,455.36,1,-1,-1,-1
282,34,1028.15,199.30,272.99,208.79,1,-1,-1,-1
282,36,1546.00,452.31,321.96,363.94,1,-1,-1,-1
283,1,345.66,334.99,379.56,303.64,1,-1,-1,-1
283,33,353.65,625.23,541.63,455.57,1,-1,-1,-1
283,34,1017.52,193.47,268.27,204.55,1,-1,-1,-1
283,36,1532.03,433.24,312.99,347.14,1,-1,-1,-1
284,1,345.52,334.96,379.73,303.78,1,-1,-1,-1
284,33,354.12,625.78,540.92,455.07,1,-1,-1,-1
284,34,1006.37,187.49,263.68,200.49,1,-1,-1,-1
284,36,1513.38,416.02,302.84,326.04,1,-1,-1,-1
285,1,345.58,334.99,379.73,303.82,1,-1,-1,-1
285,33,354.25,626.30,540.25,454.56,1,-1,-1,-1
285,34,995.08,181.05,261.60,198.88,1,-1,-1,-1
285,36,1472.20,395.43,304.94,318.16,1,-1,-1,-1
286,1,345.75,334.86,379.50,303.60,1,-1,-1,-1
286,33,354.79,626.62,539.84,454.24,1,-1,-1,-1
286,34,985.20,175.26,257.04,195.36,1,-1,-1,-1
286,36,1429.54,374.93,307.49,310.92,1,-1,-1,-1
287,1,345.40,334.46,379.86,303.94,1,-1,-1,-1
287,33,355.04,627.36,538.93,453.48,1,-1,-1,-1
287,34,975.82,169.15,252.91,192.33,1,-1,-1,-1
287,36,1386.13,352.80,314.13,308.82,1,-1,-1,-1
288,1,345.32,334.27,379.99,304.14,1,-1,-1,-1
288,33,355.04,627.19,539.07,453.66,1,-1,-1,-1
288,34,966.93,164.43,249.93,190.11,1,-1,-1,-1
288,36,1348.95,338.46,314.10,300.78,1,-1,-1,-1
289,1,345.48,334.42,379.11,303.49,1,-1,-1,-1
289,33,355.20,626.89,539.24,453.86,1,-1,-1,-1
289,34,958.61,159.32,248.07,188.63,1,-1,-1,-1
289,36,1312.65,324.53,313.95,293.38,1,-1,-1,-1
290,1,345.47,334.36,378.98,303.42,1,-1,-1,-1
290,33,355.11,626.31,539.73,454.36,1,-1,-1,-1
290,34,950.26,155.71,243.51,185.08,1,-1,-1,-1
290,36,1278.76,312.79,313.40,286.39,1,-1,-1,-1
291,1,345.32,333.65,380.08,304.40,1,-1,-1,-1
291,33,354.66,625.29,540.79,455.44,1,-1,-1,-1
291,34,941.87,151.62,239.20,181.95,1,-1,-1,-1
291,36,1248.91,302.63,311.01,277.94,1,-1,-1,-1
292,1,345.02,333.16,380.85,305.17,1,-1,-1,-1
292,33,354.79,625.35,540.59,455.36,1,-1,-1,-1
292,34,933.60,147.30,234.63,178.34,1,-1,-1,-1
292,36,1219.01,291.95,307.37,269.55,1,-1,-1,-1
293,1,345.02,333.01,381.08,305.45,1,-1,-1,-1
293,33,354.80,624.84,540.98,455.85,1,-1,-1,-1
293,34,925.85,142.33,231.70,176.06,1,-1,-1,-1
293,36,1193.69,283.27,301.73,260.30,1,-1,-1,-1
294,1,345.02,332.99,381.11,305.59,1,-1,-1,-1
294,33,354.88,624.47,541.16,456.18,1,-1,-1,-1
294,34,919.13,138.52,228.08,173.11,1,-1,-1,-1
294,36,1168.80,273.81,299.88,254.90,1,-1,-1,-1
295,1,345.17,333.12,381.06,305.64,1,-1,-1,-1
295,33,355.02,624.25,541.21,456.38,1,-1,-1,-1
295,34,911.89,133.92,226.31,172.02,1,-1,-1,-1
295,36,1147.13,264.53,298.39,250.63,1,-1,-1,-1
296,1,345.13,333.13,381.16,305.79,1,-1,-1,-1
296,33,355.13,623.99,541.41,456.70,1,-1,-1,-1
296,34,905.69,129.81,223.48,170.11,1,-1,-1,-1
296,36,1130.14,255.12,293.79,243.90,1,-1,-1,-1
297,1,345.27,333.07,380.99,305.68,1,-1,-1,-1
297,33,355.27,623.69,541.49,456.98,1,-1,-1,-1
297,34,900.98,127.11,217.34,165.41,1,-1,-1,-1
297,36,1111.32,245.74,290.30,238.76,1,-1,-1,-1
298,1,345.03,332.98,381.15,305.83,1,-1,-1,-1
298,33,355.33,623.36,541.68,457.31,1,-1,-1,-1
298,34,893.62,122.46,215.96,164.43,1,-1,-1,-1
298,36,1094.51,235.73,284.78,232.60,1,-1,-1,-1
299,1,344.81,332.69,381.51,306.22,1,-1,-1,-1
299,33,355.24,623.03,541.90,457.68,1,-1,-1,-1
299,34,887.40,120.14,210.56,160.35,1,-1,-1,-1
299,36,1077.97,228.72,278.68,226.19,1,-1,-1,-1
300,1,344.77,332.74,381.34,306.14,1,-1,-1,-1
300,33,355.24,622.87,541.93,457.86,1,-1,-1,-1
300,34,882.63,117.98,207.09,157.61,1,-1,-1,-1
300,36,1062.50,222.20,272.90,220.30,1,-1,-1,-1
301,1,344.57,333.07,380.91,305.74,1,-1,-1,-1
301,33,355.75,624.24,540.43,456.55,1,-1,-1,-1
301,34,878.35,115.00,204.08,155.29,1,-1,-1,-1
301,36,1047.36,217.29,267.64,214.84,1,-1,-1,-1
302,1,344.48,333.12,380.71,305.51,1,-1,-1,-1
302,33,355.91,624.73,539.89,456.07,1,-1,-1,-1
302,34,873.90,112.36,200.60,152.42,1,-1,-1,-1
302,36,1033.48,209.82,264.39,211.54,1,-1,-1,-1
303,1,344.33,333.01,380.83,305.59,1,-1,-1,-1
303,33,355.79,624.38,540.25,456.41,1,-1,-1,-1
303,34,868.93,109.86,196.41,149.26,1,-1,-1,-1
303,36,1022.65,203.12,258.93,206.48,1,-1,-1,-1
304,1,344.23,333.01,380.96,305.66,1,-1,-1,-1
304,33,355.84,624.47,540.15,456.33,1,-1,-1,-1
304,34,864.12,107.50,192.55,146.53,1,-1,-1,-1
304,36,1009.88,197.19,252.59,200.88,1,-1,-1,-1
305,1,344.00,332.99,381.26,305.88,1,-1,-1,-1
305,33,355.83,624.75,539.91,456.07,1,-1,-1,-1
305,34,860.40,106.16,187.98,143.23,1,-1,-1,-1
305,36,999.00,192.26,246.60,195.32,1,-1,-1,-1
306,1,344.03,332.99,381.25,305.83,1,-1,-1,-1
306,33,356.09,625.06,539.72,455.80,1,-1,-1,-1
306,34,856.62,105.06,185.83,141.68,1,-1,-1,-1
306,36,986.91,184.86,244.71,193.81,1,-1,-1,-1
307,1,344.03,333.08,381.14,305.72,1,-1,-1,-1
307,33,356.31,625.80,539.10,455.10,1,-1,-1,-1
307,34,851.79,100.03,184.49,140.70,1,-1,-1,-1
307,36,977.65,180.80,239.67,189.46,1,-1,-1,-1
307,37,1426.21,232.80,290.33,226.86,1,-1,-1,-1
308,1,344.00,333.15,381.11,305.67,1,-1,-1,-1
308,33,356.19,625.67,539.37,455.25,1,-1,-1,-1
308,34,849.73,96.88,182.34,139.12,1,-1,-1,-1
308,36,968.14,174.78,237.24,187.04,1,-1,-1,-1
308,37,1426.38,232.87,290.67,227.19,1,-1,-1,-1
309,1,344.10,333.20,380.80,305.40,1,-1,-1,-1
309,33,356.02,625.68,539.42,455.20,1,-1,-1,-1
309,34,847.51,91.56,183.58,140.11,1,-1,-1,-1
309,36,957.18,169.61,234.64,184.49,1,-1,-1,-1
309,37,1426.23,232.73,292.38,228.69,1,-1,-1,-1
