3,1,195.53,417.61,263.17,228.62,1,-1,-1,-1
3,2,1226.33,390.00,357.43,378.43,1,-1,-1,-1
3,3,1411.50,736.03,442.08,343.25,1,-1,-1,-1
3,4,1129.60,154.16,114.32,107.90,1,-1,-1,-1
3,5,609.48,209.76,137.97,125.46,1,-1,-1,-1
4,1,197.71,417.24,264.04,229.35,1,-1,-1,-1
4,2,1229.04,392.51,356.95,378.10,1,-1,-1,-1
4,3,1414.01,735.98,441.94,343.24,1,-1,-1,-1
4,4,1131.79,155.14,115.15,108.60,1,-1,-1,-1
4,5,612.03,209.73,138.57,125.96,1,-1,-1,-1
5,1,198.08,417.20,264.62,229.79,1,-1,-1,-1
5,2,1229.84,393.64,356.62,377.91,1,-1,-1,-1
5,3,1414.73,736.11,441.65,343.08,1,-1,-1,-1
5,4,1132.07,155.38,115.60,108.98,1,-1,-1,-1
5,5,613.20,210.05,138.45,125.81,1,-1,-1,-1
6,1,196.51,416.17,265.54,230.63,1,-1,-1,-1
6,2,1228.74,392.63,357.57,379.01,1,-1,-1,-1
6,3,1414.04,736.18,441.52,343.05,1,-1,-1,-1
6,4,1130.76,154.64,116.03,109.32,1,-1,-1,-1
6,5,613.99,210.18,138.37,125.74,1,-1,-1,-1
7,1,195.05,416.66,265.35,230.40,1,-1,-1,-1
7,2,1226.35,390.29,358.29,379.94,1,-1,-1,-1
7,3,1412.36,735.56,442.20,343.66,1,-1,-1,-1
7,4,1129.68,154.60,115.26,108.47,1,-1,-1,-1
8,1,193.49,416.71,265.52,230.52,1,-1,-1,-1
8,2,1226.83,390.62,356.41,378.14,1,-1,-1,-1
8,3,1411.07,735.06,442.66,344.12,1,-1,-1,-1
8,4,1128.93,154.38,115.10,108.25,1,-1,-1,-1
9,1,194.47,417.20,264.85,229.79,1,-1,-1,-1
9,2,1227.08,390.58,356.24,378.05,1,-1,-1,-1
9,3,1411.11,734.76,442.96,344.50,1,-1,-1,-1
9,4,1129.43,154.28,115.15,108.24,1,-1,-1,-1
9,7,612.87,209.01,135.94,125.29,1,-1,-1,-1
10,1,196.83,417.12,265.35,230.27,1,-1,-1,-1
10,2,1229.06,392.35,356.67,378.53,1,-1,-1,-1
10,3,1413.89,735.28,442.07,343.95,1,-1,-1,-1
10,4,1131.79,155.57,114.96,107.92,1,-1,-1,-1
10,7,613.89,209.34,136.97,126.15,1,-1,-1,-1
10,8,526.08,272.81,162.82,141.38,1,-1,-1,-1
11,1,196.90,416.37,266.25,231.02,1,-1,-1,-1
11,2,1229.79,394.27,355.28,377.01,1,-1,-1,-1
11,3,1414.38,735.79,441.35,343.42,1,-1,-1,-1
11,4,1132.13,156.06,115.10,107.94,1,-1,-1,-1
11,7,613.30,209.66,137.46,126.52,1,-1,-1,-1
11,8,526.38,273.88,162.64,141.23,1,-1,-1,-1
12,1,195.17,417.07,265.06,229.82,1,-1,-1,-1
12,2,1228.62,392.37,355.24,377.15,1,-1,-1,-1
12,3,1411.78,735.16,442.21,344.07,1,-1,-1,-1
12,4,1130.02,155.17,115.09,107.79,1,-1,-1,-1
12,7,611.05,209.33,137.55,126.52,1,-1,-1,-1
13,1,194.26,416.66,265.21,229.89,1,-1,-1,-1
13,2,1228.24,391.17,354.67,376.88,1,-1,-1,-1
13,3,1411.28,735.15,442.07,344.10,1,-1,-1,-1
13,4,1129.92,155.36,114.35,106.98,1,-1,-1,-1
13,7,610.95,209.38,137.75,126.69,1,-1,-1,-1
14,1,195.66,416.23,266.37,230.89,1,-1,-1,-1
14,2,1229.90,392.86,354.62,376.88,1,-1,-1,-1
14,3,1413.11,735.19,441.85,344.04,1,-1,-1,-1
14,4,1131.18,155.60,115.24,107.71,1,-1,-1,-1
15,1,196.44,416.17,266.54,231.08,1,-1,-1,-1
15,2,1230.69,393.72,354.64,376.92,1,-1,-1,-1
15,3,1413.62,735.61,441.32,343.64,1,-1,-1,-1
15,4,1131.76,155.97,115.54,107.81,1,-1,-1,-1
16,1,196.62,416.39,266.50,230.96,1,-1,-1,-1
16,2,1229.76,393.12,355.15,377.40,1,-1,-1,-1
16,3,1413.05,735.48,441.53,343.80,1,-1,-1,-1
16,4,1131.02,155.13,116.32,108.50,1,-1,-1,-1
17,1,193.97,415.43,267.20,231.53,1,-1,-1,-1
17,2,1228.32,391.06,355.01,377.46,1,-1,-1,-1
17,3,1411.54,735.26,441.89,344.06,1,-1,-1,-1
17,4,1129.55,154.53,115.83,108.02,1,-1,-1,-1
18,1,193.48,415.52,267.06,231.40,1,-1,-1,-1
18,2,1228.51,391.11,354.28,376.85,1,-1,-1,-1
18,3,1411.21,735.05,442.10,344.29,1,-1,-1,-1
18,4,1129.61,154.38,115.53,107.67,1,-1,-1,-1
19,1,195.69,415.88,267.19,231.57,1,-1,-1,-1
19,2,1230.19,391.42,355.74,378.02,1,-1,-1,-1
19,3,1413.61,735.20,441.76,344.06,1,-1,-1,-1
19,4,1131.24,155.07,116.09,108.07,1,-1,-1,-1
19,11,613.37,209.49,137.58,125.88,1,-1,-1,-1
20,1,196.34,416.16,267.35,231.79,1,-1,-1,-1
20,2,1230.91,392.50,355.72,377.65,1,-1,-1,-1
20,3,1414.61,735.67,441.15,343.56,1,-1,-1,-1
20,4,1131.42,155.48,116.32,108.19,1,-1,-1,-1
20,11,613.14,210.00,138.21,126.38,1,-1,-1,-1
21,1,194.92,416.45,266.35,230.85,1,-1,-1,-1
21,2,1229.83,391.42,354.84,377.12,1,-1,-1,-1
21,3,1412.27,734.94,442.09,344.34,1,-1,-1,-1
21,4,1129.67,154.63,116.24,108.07,1,-1,-1,-1
21,11,612.88,209.34,136.86,125.20,1,-1,-1,-1
22,1,193.84,417.01,265.68,230.11,1,-1,-1,-1
22,2,1227.52,390.48,355.29,377.95,1,-1,-1,-1
22,3,1410.84,735.01,442.08,344.24,1,-1,-1,-1
22,4,1128.52,154.66,116.20,107.99,1,-1,-1,-1
22,11,612.92,209.34,136.85,125.19,1,-1,-1,-1
23,1,194.29,417.17,265.13,229.59,1,-1,-1,-1
23,2,1227.50,390.69,354.68,377.56,1,-1,-1,-1
23,3,1410.49,735.37,441.55,343.83,1,-1,-1,-1
23,4,1129.02,154.90,115.43,107.32,1,-1,-1,-1
23,14,609.18,209.41,138.83,125.66,1,-1,-1,-1
24,1,196.10,416.55,265.91,230.38,1,-1,-1,-1
24,2,1227.90,391.20,356.10,378.94,1,-1,-1,-1
24,3,1413.16,735.70,440.98,343.48,1,-1,-1,-1
24,4,1130.99,156.13,115.62,107.48,1,-1,-1,-1
24,14,612.26,209.90,139.11,125.95,1,-1,-1,-1
25,1,196.83,416.34,265.81,230.45,1,-1,-1,-1
25,2,1228.56,391.42,356.41,379.17,1,-1,-1,-1
25,3,1414.27,735.86,440.61,343.31,1,-1,-1,-1
25,4,1131.82,156.24,115.53,107.27,1,-1,-1,-1
25,14,612.64,209.95,139.17,126.02,1,-1,-1,-1
26,1,194.20,415.71,266.34,231.03,1,-1,-1,-1
26,2,1227.08,390.14,355.75,378.47,1,-1,-1,-1
26,3,1412.19,735.08,441.67,344.10,1,-1,-1,-1
26,4,1129.76,155.15,115.78,107.55,1,-1,-1,-1
26,14,610.03,209.51,139.23,126.08,1,-1,-1,-1
27,1,193.22,415.25,266.34,231.05,1,-1,-1,-1
27,2,1226.36,389.50,355.88,378.58,1,-1,-1,-1
27,3,1410.94,734.79,442.08,344.39,1,-1,-1,-1
27,4,1128.87,154.77,115.76,107.53,1,-1,-1,-1
27,14,609.33,209.42,139.47,126.35,1,-1,-1,-1
27,16,521.85,272.93,161.79,141.25,1,-1,-1,-1
28,1,192.91,416.28,266.23,231.00,1,-1,-1,-1
28,2,1226.01,389.50,356.61,379.46,1,-1,-1,-1
28,3,1412.26,735.44,441.30,343.60,1,-1,-1,-1
28,4,1129.28,155.41,115.56,107.34,1,-1,-1,-1
28,14,609.98,210.03,139.23,126.16,1,-1,-1,-1
28,16,520.77,273.50,162.18,141.55,1,-1,-1,-1
29,1,194.44,416.20,266.75,231.62,1,-1,-1,-1
29,2,1228.90,391.64,356.07,379.10,1,-1,-1,-1
29,3,1415.05,735.67,441.18,343.40,1,-1,-1,-1
29,4,1130.69,155.67,116.13,107.84,1,-1,-1,-1
29,14,611.08,209.91,139.21,126.11,1,-1,-1,-1
29,16,519.56,273.85,162.37,141.71,1,-1,-1,-1
30,1,195.18,415.97,267.37,232.44,1,-1,-1,-1
30,2,1229.13,391.95,358.18,381.55,1,-1,-1,-1
30,3,1415.94,735.34,441.75,343.77,1,-1,-1,-1
30,4,1131.54,156.12,116.50,108.18,1,-1,-1,-1
30,14,611.60,209.79,139.47,126.31,1,-1,-1,-1
31,1,195.03,415.93,267.09,232.36,1,-1,-1,-1
31,2,1228.55,392.07,359.07,382.43,1,-1,-1,-1
31,3,1415.21,734.83,442.63,344.27,1,-1,-1,-1
31,4,1130.70,155.52,116.91,108.63,1,-1,-1,-1
31,14,611.70,209.78,139.31,126.21,1,-1,-1,-1
32,1,194.01,415.93,266.25,231.73,1,-1,-1,-1
32,2,1228.47,391.18,358.23,381.96,1,-1,-1,-1
32,3,1412.59,734.33,444.10,344.86,1,-1,-1,-1
32,4,1129.48,154.83,116.59,108.31,1,-1,-1,-1
32,14,609.90,209.24,139.64,126.49,1,-1,-1,-1
33,1,193.04,416.62,265.07,230.75,1,-1,-1,-1
33,2,1227.44,391.53,357.96,382.31,1,-1,-1,-1
33,3,1412.33,733.95,444.35,345.04,1,-1,-1,-1
33,4,1129.19,155.04,115.85,107.67,1,-1,-1,-1
33,14,608.17,209.29,139.52,126.55,1,-1,-1,-1
34,1,193.27,417.35,264.60,230.38,1,-1,-1,-1
34,2,1227.90,391.32,357.06,382.10,1,-1,-1,-1
34,3,1410.87,732.97,445.16,345.82,1,-1,-1,-1
34,4,1129.70,155.44,114.87,106.73,1,-1,-1,-1
34,14,608.00,209.16,139.44,126.52,1,-1,-1,-1
34,17,518.64,274.19,163.22,140.78,1,-1,-1,-1
35,1,194.48,417.77,264.55,230.32,1,-1,-1,-1
35,2,1229.85,392.82,354.37,379.23,1,-1,-1,-1
35,3,1410.44,732.90,445.09,345.81,1,-1,-1,-1
35,4,1130.38,155.95,114.51,106.37,1,-1,-1,-1
35,14,609.40,209.88,139.18,126.27,1,-1,-1,-1
35,17,518.76,274.32,162.93,140.53,1,-1,-1,-1
35,18,755.54,708.54,466.51,345.53,1,-1,-1,-1
36,1,195.61,417.08,265.77,231.54,1,-1,-1,-1
36,2,1229.76,393.63,354.76,379.21,1,-1,-1,-1
36,3,1412.53,733.33,444.11,345.31,1,-1,-1,-1
36,4,1131.33,156.45,114.95,106.71,1,-1,-1,-1
36,14,610.70,209.79,139.51,126.57,1,-1,-1,-1
36,18,773.73,678.80,441.93,329.02,1,-1,-1,-1
37,1,196.65,416.71,265.74,231.71,1,-1,-1,-1
37,2,1231.81,394.86,353.39,377.80,1,-1,-1,-1
37,3,1413.86,733.92,443.27,344.81,1,-1,-1,-1
37,4,1131.95,156.04,115.70,107.42,1,-1,-1,-1
37,14,611.99,209.74,139.57,126.63,1,-1,-1,-1
37,18,790.72,650.31,416.19,311.46,1,-1,-1,-1
38,1,196.27,416.83,265.64,231.67,1,-1,-1,-1
38,2,1231.60,396.20,351.61,375.33,1,-1,-1,-1
38,3,1413.12,734.40,442.84,344.43,1,-1,-1,-1
38,4,1130.56,155.60,115.86,107.61,1,-1,-1,-1
38,14,611.01,210.05,139.71,126.75,1,-1,-1,-1
38,18,804.45,628.09,391.14,294.08,1,-1,-1,-1
39,1,194.69,416.94,265.58,231.57,1,-1,-1,-1
39,2,1232.13,395.91,350.58,373.97,1,-1,-1,-1
39,3,1411.83,734.04,443.51,344.91,1,-1,-1,-1
39,4,1129.79,155.54,115.37,107.08,1,-1,-1,-1
39,14,609.35,209.52,139.76,126.84,1,-1,-1,-1
39,18,810.66,604.54,381.45,288.48,1,-1,-1,-1
40,1,193.91,416.64,264.98,230.98,1,-1,-1,-1
40,2,1228.51,392.85,353.59,377.06,1,-1,-1,-1
40,3,1410.88,733.65,443.88,345.27,1,-1,-1,-1
40,4,1129.18,155.52,114.98,106.63,1,-1,-1,-1
40,14,608.18,209.12,139.96,127.01,1,-1,-1,-1
40,18,816.71,581.58,372.61,283.57,1,-1,-1,-1
41,1,193.99,417.04,264.59,230.50,1,-1,-1,-1
41,2,1229.60,394.91,352.21,375.46,1,-1,-1,-1
41,3,1410.33,733.83,443.71,345.17,1,-1,-1,-1
41,4,1129.64,156.19,114.23,105.88,1,-1,-1,-1
41,14,608.46,209.24,139.55,126.71,1,-1,-1,-1
41,18,825.96,560.11,358.96,274.86,1,-1,-1,-1
42,1,195.22,416.80,265.13,231.03,1,-1,-1,-1
42,2,1230.67,395.36,352.32,375.21,1,-1,-1,-1
42,3,1411.08,734.55,443.29,344.63,1,-1,-1,-1
42,4,1130.00,155.80,115.17,106.76,1,-1,-1,-1
42,14,609.71,209.47,139.68,126.74,1,-1,-1,-1
42,18,835.52,541.51,344.74,265.23,1,-1,-1,-1
43,1,197.57,417.39,264.19,230.16,1,-1,-1,-1
43,2,1231.11,396.08,352.72,375.46,1,-1,-1,-1
43,3,1412.53,734.35,443.40,344.82,1,-1,-1,-1
43,4,1130.92,155.81,115.97,107.61,1,-1,-1,-1
43,14,611.19,209.98,139.62,126.76,1,-1,-1,-1
43,18,847.18,525.05,330.87,256.17,1,-1,-1,-1
44,1,198.43,417.72,263.74,229.72,1,-1,-1,-1
44,2,1231.09,395.37,353.65,376.20,1,-1,-1,-1
44,3,1412.44,734.10,443.63,345.10,1,-1,-1,-1
44,4,1131.46,156.00,116.09,107.80,1,-1,-1,-1
44,14,611.95,210.24,139.37,126.59,1,-1,-1,-1
44,18,855.55,508.71,319.56,248.88,1,-1,-1,-1
45,1,197.40,418.20,263.30,229.38,1,-1,-1,-1
45,2,1231.12,394.71,353.45,376.20,1,-1,-1,-1
45,3,1411.71,733.96,443.88,345.33,1,-1,-1,-1
45,4,1131.16,156.04,115.06,106.89,1,-1,-1,-1
45,14,611.55,209.86,139.27,126.55,1,-1,-1,-1
45,18,862.72,497.08,305.74,239.34,1,-1,-1,-1
46,1,194.74,417.80,263.88,229.70,1,-1,-1,-1
46,2,1229.30,392.99,353.61,376.66,1,-1,-1,-1
46,3,1411.04,734.02,443.66,345.22,1,-1,-1,-1
46,4,1128.97,155.15,115.40,107.23,1,-1,-1,-1
46,14,609.79,209.47,139.24,126.58,1,-1,-1,-1
46,18,866.79,482.65,295.49,232.67,1,-1,-1,-1
47,1,193.48,417.79,263.99,229.58,1,-1,-1,-1
47,2,1227.27,391.13,354.72,378.09,1,-1,-1,-1
47,3,1410.30,734.05,443.61,345.24,1,-1,-1,-1
47,4,1128.35,154.84,115.54,107.27,1,-1,-1,-1
47,14,609.03,209.09,139.34,126.65,1,-1,-1,-1
47,18,870.71,467.76,288.42,228.36,1,-1,-1,-1
48,1,193.95,418.25,263.77,229.23,1,-1,-1,-1
48,2,1228.52,390.97,353.84,377.43,1,-1,-1,-1
48,3,1410.75,734.13,443.17,345.11,1,-1,-1,-1
48,4,1128.75,155.01,115.40,107.12,1,-1,-1,-1
48,14,610.02,209.23,138.91,126.37,1,-1,-1,-1
48,18,876.89,454.91,280.44,223.46,1,-1,-1,-1
49,1,195.24,417.43,264.03,229.53,1,-1,-1,-1
49,2,1229.80,392.54,353.29,376.93,1,-1,-1,-1
49,3,1411.48,734.98,442.03,344.27,1,-1,-1,-1
49,4,1129.66,155.57,115.67,107.50,1,-1,-1,-1
49,14,610.92,209.80,138.65,126.18,1,-1,-1,-1
49,18,882.24,443.34,274.80,220.60,1,-1,-1,-1
50,1,196.76,417.23,264.07,229.57,1,-1,-1,-1
50,2,1230.92,393.87,353.32,376.84,1,-1,-1,-1
50,3,1413.01,735.04,441.92,344.23,1,-1,-1,-1
50,4,1130.79,155.48,116.20,108.06,1,-1,-1,-1
50,14,612.18,209.94,138.78,126.36,1,-1,-1,-1
50,18,890.13,432.71,267.15,216.14,1,-1,-1,-1
51,1,196.60,417.13,264.22,229.81,1,-1,-1,-1
51,2,1230.61,394.14,353.28,376.35,1,-1,-1,-1
51,3,1412.69,734.90,442.11,344.34,1,-1,-1,-1
51,4,1130.03,155.29,116.85,108.76,1,-1,-1,-1
51,14,610.73,210.57,138.22,125.93,1,-1,-1,-1
51,18,896.20,421.83,259.04,211.12,1,-1,-1,-1
52,1,195.92,417.51,263.96,229.64,1,-1,-1,-1
52,2,1227.76,391.46,354.84,377.71,1,-1,-1,-1
52,3,1411.03,734.67,442.53,344.64,1,-1,-1,-1
52,4,1129.79,155.49,115.98,108.03,1,-1,-1,-1
52,14,608.87,210.44,138.39,126.17,1,-1,-1,-1
52,18,900.50,410.33,252.41,207.16,1,-1,-1,-1
53,1,195.04,417.89,263.50,229.15,1,-1,-1,-1
53,2,1228.18,391.62,353.52,376.47,1,-1,-1,-1
53,3,1410.67,734.74,442.26,344.51,1,-1,-1,-1
53,4,1128.76,155.03,115.53,107.73,1,-1,-1,-1
53,14,607.30,210.28,138.14,126.10,1,-1,-1,-1
53,18,906.10,401.35,244.07,201.56,1,-1,-1,-1
54,1,193.72,417.99,263.69,229.26,1,-1,-1,-1
54,2,1228.61,392.12,352.68,375.73,1,-1,-1,-1
54,3,1409.46,734.93,442.00,344.22,1,-1,-1,-1
54,4,1128.00,154.86,115.53,107.81,1,-1,-1,-1
54,14,605.90,210.24,138.30,126.32,1,-1,-1,-1
54,18,910.77,394.43,236.23,195.95,1,-1,-1,-1
55,1,194.52,418.33,263.32,228.81,1,-1,-1,-1
55,2,1231.71,394.03,350.52,373.46,1,-1,-1,-1
55,3,1409.67,734.47,442.42,344.64,1,-1,-1,-1
55,4,1128.55,154.74,115.84,108.24,1,-1,-1,-1
55,14,606.38,210.39,138.06,126.19,1,-1,-1,-1
55,18,915.14,385.30,231.54,193.27,1,-1,-1,-1
56,1,195.32,418.03,264.19,229.61,1,-1,-1,-1
56,2,1231.15,393.90,353.27,376.37,1,-1,-1,-1
56,3,1410.51,734.92,442.04,344.17,1,-1,-1,-1
56,4,1129.22,154.88,116.37,108.94,1,-1,-1,-1
56,14,608.45,211.06,137.78,126.02,1,-1,-1,-1
56,18,920.72,377.69,226.53,190.16,1,-1,-1,-1
57,1,196.91,418.37,264.01,229.34,1,-1,-1,-1
57,2,1230.17,393.84,354.46,377.48,1,-1,-1,-1
57,3,1411.57,734.69,442.25,344.40,1,-1,-1,-1
57,4,1129.79,155.27,116.88,109.49,1,-1,-1,-1
57,14,609.88,211.11,137.74,126.03,1,-1,-1,-1
57,18,925.75,370.74,221.89,187.43,1,-1,-1,-1
58,1,196.57,417.49,265.11,230.38,1,-1,-1,-1
58,2,1230.60,393.68,354.79,377.77,1,-1,-1,-1
58,3,1411.32,734.58,442.51,344.52,1,-1,-1,-1
58,4,1129.56,155.02,116.87,109.54,1,-1,-1,-1
58,14,609.80,211.20,137.82,126.15,1,-1,-1,-1
58,18,929.04,362.50,217.12,184.40,1,-1,-1,-1
59,1,194.97,418.11,264.81,230.02,1,-1,-1,-1
59,2,1229.69,392.68,353.85,376.99,1,-1,-1,-1
59,3,1409.63,734.92,442.21,344.20,1,-1,-1,-1
59,4,1128.92,154.93,116.00,108.70,1,-1,-1,-1
59,14,608.48,211.10,137.89,126.18,1,-1,-1,-1
59,18,931.68,356.15,211.81,180.73,1,-1,-1,-1
60,1,193.80,417.79,264.76,229.81,1,-1,-1,-1
60,2,1228.93,391.53,353.49,376.95,1,-1,-1,-1
60,3,1408.87,734.66,442.56,344.42,1,-1,-1,-1
60,4,1128.68,155.00,115.27,107.93,1,-1,-1,-1
60,14,607.16,210.40,138.09,126.43,1,-1,-1,-1
60,18,935.67,349.85,204.35,174.98,1,-1,-1,-1
61,1,194.02,418.11,263.97,228.90,1,-1,-1,-1
61,2,1229.64,391.42,352.32,376.14,1,-1,-1,-1
61,3,1409.75,735.14,442.02,343.92,1,-1,-1,-1
61,4,1129.11,155.36,114.81,107.52,1,-1,-1,-1
61,14,607.26,210.32,138.04,126.42,1,-1,-1,-1
61,18,939.98,343.19,198.73,170.79,1,-1,-1,-1
62,1,194.46,418.34,264.23,229.00,1,-1,-1,-1
62,2,1229.30,391.35,353.32,377.26,1,-1,-1,-1
62,3,1408.76,734.76,442.74,344.38,1,-1,-1,-1
62,4,1129.70,155.74,114.89,107.67,1,-1,-1,-1
62,14,609.44,210.59,138.14,126.44,1,-1,-1,-1
62,18,944.99,336.67,193.94,167.05,1,-1,-1,-1
63,1,196.48,418.52,264.30,228.99,1,-1,-1,-1
63,2,1229.46,391.88,354.02,378.03,1,-1,-1,-1
63,3,1411.41,735.13,442.30,344.02,1,-1,-1,-1
63,4,1130.90,155.82,115.64,108.46,1,-1,-1,-1
63,14,611.16,210.66,138.51,126.71,1,-1,-1,-1
63,18,950.95,331.49,188.37,162.52,1,-1,-1,-1
64,1,196.78,418.31,265.09,229.68,1,-1,-1,-1
64,2,1228.96,391.93,355.24,379.25,1,-1,-1,-1
64,3,1412.08,735.26,442.21,343.90,1,-1,-1,-1
64,4,1131.13,156.06,115.84,108.69,1,-1,-1,-1
64,14,611.37,210.62,139.23,127.25,1,-1,-1,-1
64,18,953.53,325.11,185.69,160.66,1,-1,-1,-1
65,1,196.38,417.29,264.96,229.80,1,-1,-1,-1
65,2,1229.87,392.51,354.32,378.13,1,-1,-1,-1
65,3,1413.18,736.08,440.90,343.04,1,-1,-1,-1
65,4,1131.30,155.92,114.99,108.03,1,-1,-1,-1
65,14,610.69,211.31,137.86,126.12,1,-1,-1,-1
65,18,958.90,319.90,180.22,156.13,1,-1,-1,-1
66,1,195.54,417.01,264.43,229.40,1,-1,-1,-1
66,2,1230.07,392.38,352.86,376.78,1,-1,-1,-1
66,3,1411.89,736.13,440.67,342.97,1,-1,-1,-1
66,4,1130.60,155.50,114.25,107.36,1,-1,-1,-1
66,14,608.93,211.02,137.63,125.98,1,-1,-1,-1
66,18,959.80,313.57,177.35,154.22,1,-1,-1,-1
67,1,194.77,417.77,263.76,228.73,1,-1,-1,-1
67,2,1228.72,391.93,352.47,376.49,1,-1,-1,-1
67,3,1411.27,736.04,440.66,343.08,1,-1,-1,-1
67,4,1129.91,155.43,114.25,107.40,1,-1,-1,-1
67,14,607.50,210.70,137.59,126.05,1,-1,-1,-1
67,18,960.65,306.58,175.13,152.85,1,-1,-1,-1
68,1,194.50,418.16,263.91,228.90,1,-1,-1,-1
68,2,1227.46,391.31,353.86,377.96,1,-1,-1,-1
68,3,1411.28,735.70,440.76,343.39,1,-1,-1,-1
68,4,1130.18,155.23,114.38,107.55,1,-1,-1,-1
68,14,607.54,210.72,137.40,125.81,1,-1,-1,-1
68,18,964.31,302.58,171.23,149.79,1,-1,-1,-1
69,1,195.67,418.01,264.03,228.95,1,-1,-1,-1
69,2,1227.98,392.49,354.49,378.07,1,-1,-1,-1
69,3,1412.61,735.68,440.62,343.33,1,-1,-1,-1
69,4,1131.14,156.42,113.86,107.10,1,-1,-1,-1
69,14,610.68,211.07,136.94,125.39,1,-1,-1,-1
69,18,967.99,298.33,168.61,147.81,1,-1,-1,-1
70,1,196.67,417.65,264.60,229.54,1,-1,-1,-1
70,2,1228.62,392.57,354.99,378.47,1,-1,-1,-1
70,3,1413.61,735.46,440.77,343.64,1,-1,-1,-1
70,4,1132.20,157.22,113.82,107.01,1,-1,-1,-1
70,14,611.86,210.84,137.75,126.04,1,-1,-1,-1
70,18,971.56,293.78,166.27,146.14,1,-1,-1,-1
71,1,196.97,417.47,265.04,230.01,1,-1,-1,-1
71,2,1229.28,393.55,354.39,377.62,1,-1,-1,-1
71,3,1414.24,735.49,440.59,343.64,1,-1,-1,-1
71,4,1132.61,157.49,113.74,106.87,1,-1,-1,-1
71,14,612.25,210.77,137.72,125.92,1,-1,-1,-1
71,18,973.73,288.67,163.98,144.48,1,-1,-1,-1
72,1,196.27,418.28,264.25,229.17,1,-1,-1,-1
72,2,1229.10,394.01,353.47,376.47,1,-1,-1,-1
72,3,1412.71,735.31,440.79,343.80,1,-1,-1,-1
72,4,1131.35,157.25,113.36,106.54,1,-1,-1,-1
72,14,611.12,210.88,137.61,125.79,1,-1,-1,-1
72,18,975.48,284.67,159.25,140.44,1,-1,-1,-1
73,1,195.24,418.20,263.68,228.58,1,-1,-1,-1
73,2,1229.39,393.13,352.47,375.43,1,-1,-1,-1
73,3,1412.24,735.15,440.70,343.92,1,-1,-1,-1
73,4,1130.62,155.99,113.14,106.32,1,-1,-1,-1
73,14,608.89,210.53,137.33,125.58,1,-1,-1,-1
73,18,976.87,278.60,155.79,137.47,1,-1,-1,-1
74,1,194.91,418.25,263.26,228.07,1,-1,-1,-1
74,2,1228.80,392.93,352.01,375.09,1,-1,-1,-1
74,3,1411.38,735.36,440.52,343.76,1,-1,-1,-1
74,4,1130.17,155.88,112.86,106.07,1,-1,-1,-1
74,14,607.68,210.50,137.31,125.61,1,-1,-1,-1
74,18,977.58,273.35,153.91,136.03,1,-1,-1,-1
75,1,194.92,418.57,263.46,228.13,1,-1,-1,-1
75,2,1229.49,393.36,351.45,374.44,1,-1,-1,-1
75,3,1411.22,735.17,440.77,343.97,1,-1,-1,-1
75,4,1130.62,156.14,112.78,105.98,1,-1,-1,-1
75,14,608.99,210.48,137.67,125.83,1,-1,-1,-1
75,18,979.57,268.49,152.69,135.26,1,-1,-1,-1
75,22,518.66,274.22,164.01,141.11,1,-1,-1,-1
76,1,195.88,418.34,263.90,228.55,1,-1,-1,-1
76,2,1230.10,393.97,352.39,375.42,1,-1,-1,-1
76,3,1412.49,735.21,440.91,343.98,1,-1,-1,-1
76,4,1131.90,156.43,113.14,106.30,1,-1,-1,-1
76,14,610.38,210.51,138.19,126.23,1,-1,-1,-1
76,18,982.77,264.58,150.18,133.23,1,-1,-1,-1
76,22,518.34,274.21,164.39,141.44,1,-1,-1,-1
77,1,197.07,419.45,263.31,227.87,1,-1,-1,-1
77,2,1230.32,394.74,352.83,375.81,1,-1,-1,-1
77,3,1413.94,735.53,440.35,343.64,1,-1,-1,-1
77,4,1132.80,157.08,113.19,106.37,1,-1,-1,-1
77,14,611.39,210.72,138.76,126.75,1,-1,-1,-1
77,18,985.54,261.35,148.29,131.56,1,-1,-1,-1
78,1,196.74,418.72,264.10,228.60,1,-1,-1,-1
78,2,1229.90,394.44,353.45,376.55,1,-1,-1,-1
78,3,1413.86,735.14,440.63,343.99,1,-1,-1,-1
78,4,1132.43,156.52,113.89,106.94,1,-1,-1,-1
78,14,611.11,210.74,138.82,126.70,1,-1,-1,-1
78,18,986.85,257.37,146.35,129.74,1,-1,-1,-1
79,1,195.56,418.80,263.82,228.39,1,-1,-1,-1
79,2,1230.45,394.19,352.54,375.63,1,-1,-1,-1
79,3,1412.21,734.68,441.16,344.41,1,-1,-1,-1
79,4,1131.48,156.61,113.15,106.18,1,-1,-1,-1
79,14,610.52,210.87,138.37,126.26,1,-1,-1,-1
79,18,985.43,253.06,145.33,128.83,1,-1,-1,-1
80,1,194.07,418.29,263.97,228.45,1,-1,-1,-1
80,2,1229.26,392.38,352.38,375.73,1,-1,-1,-1
80,3,1410.74,734.60,441.15,344.45,1,-1,-1,-1
80,4,1130.18,156.60,112.99,105.97,1,-1,-1,-1
80,14,608.04,210.63,137.96,125.87,1,-1,-1,-1
80,18,984.73,247.80,143.97,127.83,1,-1,-1,-1
81,1,194.08,418.73,263.33,227.84,1,-1,-1,-1
81,2,1229.22,391.98,352.59,376.15,1,-1,-1,-1
81,3,1410.74,734.30,441.27,344.75,1,-1,-1,-1
81,4,1130.37,156.67,112.53,105.46,1,-1,-1,-1
81,14,607.57,210.48,137.54,125.53,1,-1,-1,-1
81,18,986.34,244.68,142.01,126.30,1,-1,-1,-1
82,1,194.52,418.95,263.28,227.79,1,-1,-1,-1
82,2,1228.95,392.24,352.38,375.75,1,-1,-1,-1
82,3,1411.01,734.76,440.77,344.33,1,-1,-1,-1
82,4,1130.44,156.99,112.93,105.80,1,-1,-1,-1
82,14,608.88,210.85,137.91,125.80,1,-1,-1,-1
82,18,987.01,240.51,141.78,126.28,1,-1,-1,-1
83,1,196.07,418.97,263.46,228.05,1,-1,-1,-1
83,2,1228.89,392.19,353.92,376.95,1,-1,-1,-1
83,3,1412.91,734.96,440.59,344.13,1,-1,-1,-1
83,4,1131.62,157.36,113.32,106.07,1,-1,-1,-1
83,14,610.29,210.75,138.49,126.32,1,-1,-1,-1
83,18,990.24,237.22,140.24,125.17,1,-1,-1,-1
84,1,197.29,419.46,263.00,227.65,1,-1,-1,-1
84,2,1229.16,391.94,354.77,377.70,1,-1,-1,-1
84,3,1414.07,735.22,440.34,343.87,1,-1,-1,-1
84,4,1132.71,157.61,113.42,106.01,1,-1,-1,-1
84,14,610.94,210.45,138.93,126.71,1,-1,-1,-1
84,18,991.75,233.41,139.46,124.68,1,-1,-1,-1
85,1,196.48,418.18,264.72,229.33,1,-1,-1,-1
85,2,1228.72,392.90,354.30,377.13,1,-1,-1,-1
85,3,1413.65,736.12,439.21,342.95,1,-1,-1,-1
85,4,1131.75,157.62,113.07,105.80,1,-1,-1,-1
85,14,609.58,211.24,138.13,125.98,1,-1,-1,-1
85,18,992.32,229.27,138.35,124.00,1,-1,-1,-1
86,1,195.29,417.53,264.88,229.57,1,-1,-1,-1
86,2,1228.34,392.20,354.20,377.36,1,-1,-1,-1
86,3,1412.16,735.39,440.12,343.66,1,-1,-1,-1
86,4,1130.72,156.74,113.11,105.85,1,-1,-1,-1
86,14,608.13,210.63,137.86,125.76,1,-1,-1,-1
86,18,992.07,225.06,137.65,123.61,1,-1,-1,-1
87,1,194.20,417.53,264.55,229.30,1,-1,-1,-1
87,2,1227.14,391.39,353.99,377.52,1,-1,-1,-1
87,3,1411.46,735.02,440.53,344.05,1,-1,-1,-1
87,4,1130.27,156.94,112.74,105.45,1,-1,-1,-1
87,14,606.67,210.61,137.87,125.86,1,-1,-1,-1
87,18,991.81,221.63,136.14,122.39,1,-1,-1,-1
88,1,193.90,417.76,264.31,229.09,1,-1,-1,-1
88,2,1227.50,391.28,353.34,377.09,1,-1,-1,-1
88,3,1410.85,734.80,440.68,344.25,1,-1,-1,-1
88,4,1129.77,156.66,113.22,105.86,1,-1,-1,-1
88,14,606.64,210.64,137.70,125.71,1,-1,-1,-1
88,18,992.24,219.00,134.66,121.10,1,-1,-1,-1
89,1,194.62,417.34,265.12,229.89,1,-1,-1,-1
89,2,1229.04,391.64,353.36,377.15,1,-1,-1,-1
89,3,1411.60,734.65,440.71,344.38,1,-1,-1,-1
89,4,1129.92,156.61,113.74,106.28,1,-1,-1,-1
89,14,607.60,210.53,137.91,125.91,1,-1,-1,-1
89,18,993.73,216.34,133.87,120.33,1,-1,-1,-1
90,1,195.28,417.60,265.31,230.12,1,-1,-1,-1
90,2,1229.37,392.33,354.07,377.54,1,-1,-1,-1
90,3,1412.48,735.00,440.43,344.09,1,-1,-1,-1
90,4,1130.28,157.42,113.99,106.42,1,-1,-1,-1
90,14,610.17,210.86,137.89,125.86,1,-1,-1,-1
90,18,995.18,212.90,133.11,119.74,1,-1,-1,-1
91,1,196.27,417.82,264.70,229.55,1,-1,-1,-1
91,2,1229.04,392.00,355.06,378.41,1,-1,-1,-1
91,3,1413.37,735.29,440.09,343.81,1,-1,-1,-1
91,4,1130.71,157.59,114.36,106.68,1,-1,-1,-1
91,14,610.27,210.57,138.67,126.50,1,-1,-1,-1
91,18,996.18,209.31,132.50,119.40,1,-1,-1,-1
92,1,195.76,417.91,264.40,229.26,1,-1,-1,-1
92,2,1228.08,390.66,355.53,378.85,1,-1,-1,-1
92,3,1412.47,735.04,440.64,344.14,1,-1,-1,-1
92,4,1129.79,157.27,114.82,107.03,1,-1,-1,-1
92,14,609.78,210.54,138.91,126.63,1,-1,-1,-1
92,18,995.99,206.42,131.79,118.98,1,-1,-1,-1
93,1,194.73,417.90,264.46,229.27,1,-1,-1,-1
93,2,1227.48,390.38,354.94,378.27,1,-1,-1,-1
93,3,1411.45,735.30,440.30,343.87,1,-1,-1,-1
93,4,1128.99,156.69,114.74,106.94,1,-1,-1,-1
93,14,607.65,210.41,138.44,126.20,1,-1,-1,-1
93,18,996.01,203.42,131.14,118.66,1,-1,-1,-1
94,1,194.19,417.62,264.46,229.29,1,-1,-1,-1
94,2,1226.53,389.82,355.51,378.91,1,-1,-1,-1
94,3,1411.00,734.91,440.69,344.19,1,-1,-1,-1
94,4,1128.85,156.31,114.84,107.07,1,-1,-1,-1
94,14,606.79,210.07,138.31,126.06,1,-1,-1,-1
94,18,996.26,200.05,130.20,117.92,1,-1,-1,-1
95,1,194.22,418.03,264.06,228.88,1,-1,-1,-1
95,2,1226.09,389.55,355.40,378.76,1,-1,-1,-1
95,3,1410.83,735.03,440.52,344.06,1,-1,-1,-1
95,4,1128.71,156.40,114.75,106.96,1,-1,-1,-1
95,14,606.50,210.40,138.23,125.97,1,-1,-1,-1
95,18,996.38,197.68,129.42,117.36,1,-1,-1,-1
96,1,194.72,418.11,264.52,229.29,1,-1,-1,-1
96,2,1226.95,390.06,355.74,379.07,1,-1,-1,-1
96,3,1411.21,734.80,440.85,344.28,1,-1,-1,-1
96,4,1129.36,156.84,114.63,106.77,1,-1,-1,-1
96,14,608.93,210.56,138.09,125.81,1,-1,-1,-1
96,18,997.53,194.75,128.24,116.27,1,-1,-1,-1
97,1,195.73,417.48,264.45,229.27,1,-1,-1,-1
97,2,1228.40,391.58,354.80,377.85,1,-1,-1,-1
97,3,1412.99,735.22,440.08,343.82,1,-1,-1,-1
97,4,1130.15,157.16,114.57,106.72,1,-1,-1,-1
97,14,610.84,210.43,137.81,125.55,1,-1,-1,-1
97,18,999.53,191.88,127.51,115.73,1,-1,-1,-1
98,1,195.67,417.87,264.23,229.02,1,-1,-1,-1
98,2,1227.82,391.56,355.73,378.75,1,-1,-1,-1
98,3,1412.67,735.35,439.91,343.69,1,-1,-1,-1
98,4,1129.58,157.21,114.79,106.88,1,-1,-1,-1
98,14,610.34,210.48,138.11,125.74,1,-1,-1,-1
98,18,999.37,189.09,127.56,115.81,1,-1,-1,-1
99,1,194.76,417.61,264.31,229.03,1,-1,-1,-1
99,2,1228.04,391.31,355.01,377.98,1,-1,-1,-1
99,3,1411.71,734.51,440.87,344.57,1,-1,-1,-1
99,4,1129.17,156.50,115.41,107.48,1,-1,-1,-1
99,14,608.48,210.34,138.15,125.74,1,-1,-1,-1
99,18,998.68,186.52,127.06,115.48,1,-1,-1,-1
100,1,193.81,417.66,264.08,228.76,1,-1,-1,-1
100,2,1227.39,390.89,355.01,377.98,1,-1,-1,-1
100,3,1410.34,734.07,441.35,344.99,1,-1,-1,-1
100,4,1128.58,156.37,115.23,107.32,1,-1,-1,-1
100,14,606.99,210.37,138.07,125.65,1,-1,-1,-1
100,18,997.63,184.09,126.24,114.79,1,-1,-1,-1
101,1,193.56,417.60,264.05,228.64,1,-1,-1,-1
101,2,1226.95,390.41,355.35,378.38,1,-1,-1,-1
101,3,1410.10,734.13,441.27,344.95,1,-1,-1,-1
101,4,1128.48,156.51,115.19,107.31,1,-1,-1,-1
101,14,606.37,210.35,138.19,125.70,1,-1,-1,-1
101,18,998.35,182.52,124.45,113.06,1,-1,-1,-1
102,1,194.06,417.81,264.32,228.75,1,-1,-1,-1
102,2,1228.18,391.07,354.38,377.49,1,-1,-1,-1
102,3,1410.08,734.03,441.42,345.10,1,-1,-1,-1
102,4,1129.17,156.47,115.10,107.27,1,-1,-1,-1
102,14,607.24,210.48,138.11,125.51,1,-1,-1,-1
102,18,999.69,181.10,123.10,111.60,1,-1,-1,-1
103,1,194.41,417.66,265.14,229.35,1,-1,-1,-1
103,2,1228.50,392.33,354.27,377.26,1,-1,-1,-1
103,3,1411.12,734.32,441.08,344.81,1,-1,-1,-1
103,4,1129.64,157.11,114.74,107.03,1,-1,-1,-1
103,14,609.11,210.62,138.31,125.57,1,-1,-1,-1
103,18,1001.79,179.73,121.28,109.70,1,-1,-1,-1
104,1,194.87,417.45,265.38,229.74,1,-1,-1,-1
104,2,1229.25,392.77,353.77,376.56,1,-1,-1,-1
104,3,1413.31,735.05,440.20,343.96,1,-1,-1,-1
104,4,1130.58,157.03,115.12,107.48,1,-1,-1,-1
104,14,610.16,210.73,137.89,125.05,1,-1,-1,-1
104,18,1004.16,176.53,120.98,109.33,1,-1,-1,-1
105,1,194.32,417.31,265.94,230.40,1,-1,-1,-1
105,2,1228.09,391.71,356.00,379.14,1,-1,-1,-1
105,3,1413.14,734.52,441.07,344.52,1,-1,-1,-1
105,4,1130.55,157.25,114.61,107.04,1,-1,-1,-1
105,14,610.21,210.64,137.97,125.06,1,-1,-1,-1
105,18,1004.55,174.84,119.84,108.10,1,-1,-1,-1
106,1,192.97,416.59,267.14,231.62,1,-1,-1,-1
106,2,1228.59,391.30,355.34,378.83,1,-1,-1,-1
106,3,1412.09,733.74,442.15,345.29,1,-1,-1,-1
106,4,1130.44,156.96,114.36,106.77,1,-1,-1,-1
106,14,610.08,210.02,137.97,125.04,1,-1,-1,-1
106,18,1003.30,172.40,119.46,107.56,1,-1,-1,-1
107,1,192.83,416.60,265.75,230.48,1,-1,-1,-1
107,2,1228.65,390.74,355.22,378.94,1,-1,-1,-1
107,3,1413.28,734.31,441.60,344.73,1,-1,-1,-1
107,4,1129.96,156.28,114.90,107.33,1,-1,-1,-1
107,14,609.67,209.63,138.31,125.48,1,-1,-1,-1
107,18,1003.13,169.59,119.08,107.27,1,-1,-1,-1
108,1,192.68,416.56,265.24,230.16,1,-1,-1,-1
108,2,1228.53,390.51,355.37,379.24,1,-1,-1,-1
108,3,1413.96,734.79,441.29,344.22,1,-1,-1,-1
108,4,1130.33,156.70,114.15,106.62,1,-1,-1,-1
108,14,609.46,209.89,138.41,125.63,1,-1,-1,-1
108,18,1003.13,168.23,118.07,106.38,1,-1,-1,-1
109,1,193.04,415.83,266.08,231.29,1,-1,-1,-1
109,2,1229.99,392.37,354.55,378.73,1,-1,-1,-1
109,3,1414.01,734.45,441.99,344.52,1,-1,-1,-1
109,4,1130.70,156.87,114.62,107.15,1,-1,-1,-1
109,14,609.63,210.26,137.84,125.26,1,-1,-1,-1
109,18,1004.11,165.94,118.10,106.50,1,-1,-1,-1
110,1,193.87,415.73,266.13,231.58,1,-1,-1,-1
110,2,1230.46,393.45,354.39,378.44,1,-1,-1,-1
110,3,1413.65,733.92,442.67,344.86,1,-1,-1,-1
110,4,1131.18,156.95,114.84,107.42,1,-1,-1,-1
110,14,609.51,210.59,137.92,125.46,1,-1,-1,-1
110,18,1005.69,164.48,116.97,105.46,1,-1,-1,-1
111,1,194.02,415.71,266.38,232.05,1,-1,-1,-1
111,2,1229.96,393.47,354.26,378.18,1,-1,-1,-1
111,3,1412.76,733.36,443.43,345.34,1,-1,-1,-1
111,4,1131.10,157.10,114.34,106.98,1,-1,-1,-1
111,14,609.26,210.69,137.96,125.53,1,-1,-1,-1
111,18,1006.53,163.88,114.88,103.25,1,-1,-1,-1
111,30,729.31,710.77,509.53,352.95,1,-1,-1,-1
112,1,194.19,416.49,265.68,231.60,1,-1,-1,-1
112,2,1231.58,395.04,351.53,375.23,1,-1,-1,-1
112,3,1411.36,732.88,443.96,345.82,1,-1,-1,-1
112,4,1131.16,157.01,113.97,106.61,1,-1,-1,-1
112,14,609.22,210.31,138.28,125.84,1,-1,-1,-1
112,18,1006.52,161.91,113.96,102.13,1,-1,-1,-1
112,30,742.38,676.44,491.92,343.04,1,-1,-1,-1
113,1,194.00,416.96,264.88,230.91,1,-1,-1,-1
113,2,1230.12,393.06,351.96,375.73,1,-1,-1,-1
113,3,1411.65,733.37,443.06,345.35,1,-1,-1,-1
113,4,1130.88,157.00,113.58,106.20,1,-1,-1,-1
113,14,608.40,210.17,138.34,125.95,1,-1,-1,-1
113,18,1005.59,160.15,113.84,101.86,1,-1,-1,-1
113,30,760.97,644.16,459.28,322.43,1,-1,-1,-1
114,1,193.98,416.88,264.68,230.75,1,-1,-1,-1
114,2,1229.73,392.62,351.68,375.28,1,-1,-1,-1
114,3,1411.96,733.68,442.60,345.10,1,-1,-1,-1
114,4,1130.66,156.66,113.63,106.16,1,-1,-1,-1
114,14,607.96,209.95,138.19,125.83,1,-1,-1,-1
114,18,1005.37,157.63,114.28,102.09,1,-1,-1,-1
114,30,777.44,617.09,432.87,306.10,1,-1,-1,-1
115,1,194.60,416.71,264.45,230.57,1,-1,-1,-1
115,2,1233.63,397.69,347.24,369.98,1,-1,-1,-1
115,3,1412.26,734.02,442.43,344.94,1,-1,-1,-1
115,4,1130.90,156.49,113.82,106.35,1,-1,-1,-1
115,14,608.68,210.35,137.82,125.51,1,-1,-1,-1
115,18,1006.76,156.67,112.86,100.68,1,-1,-1,-1
115,30,789.62,594.16,413.58,294.62,1,-1,-1,-1
116,1,195.74,417.16,264.01,230.04,1,-1,-1,-1
116,2,1232.01,395.87,351.96,374.53,1,-1,-1,-1
116,3,1412.49,734.56,441.83,344.43,1,-1,-1,-1
116,4,1130.88,156.56,114.22,106.79,1,-1,-1,-1
116,14,608.64,210.36,137.80,125.49,1,-1,-1,-1
116,18,1007.16,155.63,112.50,100.26,1,-1,-1,-1
116,30,798.56,571.17,399.12,286.45,1,-1,-1,-1
117,1,196.49,416.33,264.51,230.58,1,-1,-1,-1
117,2,1232.57,397.31,352.46,374.46,1,-1,-1,-1
117,3,1413.52,735.24,440.99,343.76,1,-1,-1,-1
117,4,1131.62,157.06,113.90,106.61,1,-1,-1,-1
117,18,1009.10,154.81,110.89,98.80,1,-1,-1,-1
117,30,811.64,549.12,381.69,275.93,1,-1,-1,-1
118,1,196.45,416.02,264.69,230.80,1,-1,-1,-1
118,2,1232.48,396.79,353.11,374.66,1,-1,-1,-1
118,3,1413.38,735.66,440.73,343.43,1,-1,-1,-1
118,4,1130.82,156.62,114.17,107.00,1,-1,-1,-1
118,18,1009.16,153.11,110.92,98.81,1,-1,-1,-1
118,30,823.37,529.56,364.18,265.08,1,-1,-1,-1
119,1,195.99,417.00,264.22,230.24,1,-1,-1,-1
119,2,1230.07,394.35,354.92,376.21,1,-1,-1,-1
119,3,1411.54,735.55,441.11,343.58,1,-1,-1,-1
119,4,1130.53,156.14,114.03,106.93,1,-1,-1,-1
119,18,1009.32,151.76,109.78,97.76,1,-1,-1,-1
119,30,833.11,510.77,347.23,254.48,1,-1,-1,-1
120,1,195.18,417.14,264.53,230.47,1,-1,-1,-1
120,2,1228.65,392.60,355.82,376.94,1,-1,-1,-1
120,3,1409.80,734.45,442.60,344.74,1,-1,-1,-1
120,4,1130.40,155.50,113.82,106.66,1,-1,-1,-1
120,18,1009.13,150.04,109.59,97.53,1,-1,-1,-1
120,30,842.23,496.98,330.82,243.91,1,-1,-1,-1
121,1,195.17,417.74,264.00,229.79,1,-1,-1,-1
121,2,1228.35,391.86,355.56,376.53,1,-1,-1,-1
121,3,1409.90,734.65,442.26,344.51,1,-1,-1,-1
121,4,1130.01,155.52,113.95,106.72,1,-1,-1,-1
121,18,1009.88,149.11,108.65,96.67,1,-1,-1,-1
121,30,848.08,480.34,320.47,238.12,1,-1,-1,-1
122,1,195.49,417.50,264.17,229.82,1,-1,-1,-1
122,2,1230.16,393.26,354.45,375.32,1,-1,-1,-1
122,3,1410.84,734.94,441.88,344.24,1,-1,-1,-1
122,4,1131.11,155.99,113.51,106.25,1,-1,-1,-1
122,18,1013.97,148.40,106.01,94.18,1,-1,-1,-1
122,30,856.87,466.31,307.96,230.42,1,-1,-1,-1
123,1,196.06,416.95,264.33,229.92,1,-1,-1,-1
123,2,1229.90,392.66,356.12,376.74,1,-1,-1,-1
123,3,1411.75,734.92,441.84,344.21,1,-1,-1,-1
123,4,1132.03,156.30,113.50,106.13,1,-1,-1,-1
123,18,1014.43,148.04,105.27,93.24,1,-1,-1,-1
123,30,863.59,451.88,299.29,225.33,1,-1,-1,-1
124,1,196.45,417.22,264.03,229.53,1,-1,-1,-1
124,2,1229.13,392.94,356.83,377.35,1,-1,-1,-1
124,3,1412.44,735.05,441.60,344.04,1,-1,-1,-1
124,4,1132.07,156.37,113.93,106.42,1,-1,-1,-1
124,18,1014.69,144.93,106.24,94.04,1,-1,-1,-1
124,30,868.48,437.69,293.00,222.38,1,-1,-1,-1
125,1,196.26,416.80,264.31,229.74,1,-1,-1,-1
125,2,1229.11,393.00,356.71,377.10,1,-1,-1,-1
125,3,1412.73,735.33,441.38,343.86,1,-1,-1,-1
125,4,1132.09,155.84,114.23,106.67,1,-1,-1,-1
125,18,1015.52,143.35,105.41,93.30,1,-1,-1,-1
125,30,876.79,425.37,281.42,214.91,1,-1,-1,-1
126,1,195.35,416.95,264.46,229.67,1,-1,-1,-1
126,2,1228.06,392.31,356.31,376.69,1,-1,-1,-1
126,3,1411.26,735.00,441.90,344.26,1,-1,-1,-1
126,4,1130.85,155.62,114.30,106.65,1,-1,-1,-1
126,30,883.37,414.38,271.24,208.26,1,-1,-1,-1
127,1,194.52,416.32,265.05,230.09,1,-1,-1,-1
127,2,1228.54,392.44,354.67,375.06,1,-1,-1,-1
127,3,1410.90,735.50,441.19,343.75,1,-1,-1,-1
127,4,1130.38,155.55,114.03,106.33,1,-1,-1,-1
127,30,890.29,404.54,262.47,202.81,1,-1,-1,-1
128,1,194.19,416.11,265.36,230.34,1,-1,-1,-1
128,2,1228.74,392.28,354.47,374.92,1,-1,-1,-1
128,3,1410.42,735.38,441.35,343.91,1,-1,-1,-1
128,4,1130.40,155.41,114.01,106.32,1,-1,-1,-1
128,30,895.38,394.52,255.50,198.60,1,-1,-1,-1
129,1,194.36,416.49,265.36,230.39,1,-1,-1,-1
129,2,1230.32,394.83,352.17,372.53,1,-1,-1,-1
129,3,1409.99,735.27,441.58,344.01,1,-1,-1,-1
129,4,1130.61,156.12,113.79,106.06,1,-1,-1,-1
129,30,902.08,386.84,246.55,192.87,1,-1,-1,-1
129,32,607.91,211.32,139.55,125.77,1,-1,-1,-1
130,1,194.69,415.58,266.18,231.29,1,-1,-1,-1
130,2,1231.36,395.58,352.83,372.99,1,-1,-1,-1
130,3,1411.50,735.34,441.42,343.90,1,-1,-1,-1
130,4,1131.56,156.44,113.52,105.66,1,-1,-1,-1
130,30,908.23,379.00,239.61,188.54,1,-1,-1,-1
130,32,607.68,211.60,139.92,126.11,1,-1,-1,-1
131,1,194.75,415.46,266.19,231.45,1,-1,-1,-1
131,2,1230.27,394.08,354.70,374.75,1,-1,-1,-1
131,3,1412.42,735.59,440.83,343.52,1,-1,-1,-1
131,4,1131.58,156.58,113.55,105.67,1,-1,-1,-1
131,30,913.32,370.87,232.44,183.76,1,-1,-1,-1
132,1,194.36,416.34,265.61,230.98,1,-1,-1,-1
132,2,1229.48,392.81,355.58,375.97,1,-1,-1,-1
132,3,1411.96,735.49,441.19,343.71,1,-1,-1,-1
132,4,1130.90,156.44,113.98,106.07,1,-1,-1,-1
132,30,916.96,362.73,226.25,179.80,1,-1,-1,-1
133,1,194.18,416.71,265.07,230.41,1,-1,-1,-1
133,2,1228.74,391.67,356.21,377.14,1,-1,-1,-1
133,3,1411.64,735.39,441.01,343.78,1,-1,-1,-1
133,4,1130.37,155.76,114.51,106.59,1,-1,-1,-1
133,30,919.71,354.91,222.06,177.38,1,-1,-1,-1
134,1,193.62,416.68,265.11,230.37,1,-1,-1,-1
134,2,1227.03,390.52,356.91,378.08,1,-1,-1,-1
134,3,1411.25,735.09,441.19,344.07,1,-1,-1,-1
134,4,1129.65,155.52,114.87,106.92,1,-1,-1,-1
134,30,923.96,348.11,214.59,172.15,1,-1,-1,-1
134,33,607.59,210.46,136.37,125.87,1,-1,-1,-1
135,1,193.53,416.59,265.22,230.41,1,-1,-1,-1
135,2,1227.10,390.36,356.99,378.34,1,-1,-1,-1
135,3,1410.95,734.86,441.36,344.31,1,-1,-1,-1
135,4,1129.71,155.21,115.18,107.26,1,-1,-1,-1
135,30,927.97,340.81,208.79,167.93,1,-1,-1,-1
135,33,608.15,210.40,136.34,125.84,1,-1,-1,-1
136,1,194.47,417.33,264.72,229.88,1,-1,-1,-1
136,2,1228.47,391.15,356.79,378.28,1,-1,-1,-1
136,3,1411.35,734.93,441.20,344.18,1,-1,-1,-1
136,4,1130.62,155.81,114.92,107.07,1,-1,-1,-1
136,30,932.95,334.03,202.34,163.17,1,-1,-1,-1
136,33,608.84,210.96,136.74,126.21,1,-1,-1,-1
137,1,194.86,416.84,265.29,230.43,1,-1,-1,-1
137,2,1228.30,391.33,357.02,378.72,1,-1,-1,-1
137,3,1412.62,735.38,440.53,343.67,1,-1,-1,-1
137,4,1131.34,156.10,114.53,106.74,1,-1,-1,-1
137,30,935.29,326.91,199.58,161.55,1,-1,-1,-1
137,33,609.02,211.03,136.87,126.33,1,-1,-1,-1
138,1,194.93,416.41,265.65,230.91,1,-1,-1,-1
138,2,1227.95,390.76,357.70,379.75,1,-1,-1,-1
138,3,1412.68,735.53,440.49,343.55,1,-1,-1,-1
138,4,1131.21,155.75,114.93,107.20,1,-1,-1,-1
138,30,937.46,319.43,196.88,160.12,1,-1,-1,-1
139,1,194.51,416.89,265.18,230.48,1,-1,-1,-1
139,2,1227.09,390.15,357.36,379.49,1,-1,-1,-1
139,3,1411.69,735.37,440.90,343.76,1,-1,-1,-1
139,4,1131.02,155.96,114.48,106.78,1,-1,-1,-1
139,30,938.84,313.11,193.17,157.71,1,-1,-1,-1
140,1,194.06,416.96,264.99,230.19,1,-1,-1,-1
140,2,1226.27,389.67,357.23,379.51,1,-1,-1,-1
140,3,1410.57,734.64,441.82,344.51,1,-1,-1,-1
140,4,1130.34,155.00,114.92,107.18,1,-1,-1,-1
140,30,940.94,307.41,189.16,155.03,1,-1,-1,-1
141,1,194.00,417.02,264.95,230.08,1,-1,-1,-1
141,2,1225.86,389.59,357.19,379.59,1,-1,-1,-1
141,3,1410.68,734.81,441.65,344.36,1,-1,-1,-1
141,4,1130.27,154.69,115.04,107.35,1,-1,-1,-1
141,30,945.42,302.32,184.11,151.12,1,-1,-1,-1
141,34,608.39,210.61,137.06,126.28,1,-1,-1,-1
142,1,194.29,417.29,264.58,229.60,1,-1,-1,-1
142,2,1225.35,389.54,357.62,379.86,1,-1,-1,-1
142,3,1410.16,734.89,441.62,344.26,1,-1,-1,-1
142,4,1130.83,155.21,114.93,107.29,1,-1,-1,-1
142,30,947.88,296.56,181.29,149.02,1,-1,-1,-1
142,34,608.76,210.83,136.91,126.14,1,-1,-1,-1
142,35,874.87,116.98,113.04,97.80,1,-1,-1,-1
143,1,194.97,417.29,264.90,229.84,1,-1,-1,-1
143,2,1227.02,390.63,357.24,379.38,1,-1,-1,-1
143,3,1410.77,734.72,441.82,344.41,1,-1,-1,-1
143,4,1131.32,155.45,114.82,107.23,1,-1,-1,-1
143,30,949.36,291.72,179.48,147.80,1,-1,-1,-1
143,34,608.92,210.85,136.79,126.03,1,-1,-1,-1
143,35,873.38,116.84,114.77,99.35,1,-1,-1,-1
144,1,195.13,417.66,264.93,229.74,1,-1,-1,-1
144,2,1228.04,391.61,356.58,378.63,1,-1,-1,-1
144,3,1410.88,734.39,442.21,344.71,1,-1,-1,-1
144,4,1131.38,155.69,114.71,107.11,1,-1,-1,-1
144,30,951.41,286.23,176.39,145.47,1,-1,-1,-1
144,35,871.67,116.47,116.68,101.03,1,-1,-1,-1
145,1,195.13,417.86,264.64,229.50,1,-1,-1,-1
145,2,1227.96,391.46,356.12,378.28,1,-1,-1,-1
145,3,1410.44,734.71,441.77,344.40,1,-1,-1,-1
145,4,1131.56,155.75,114.26,106.84,1,-1,-1,-1
145,30,953.41,280.87,171.90,141.90,1,-1,-1,-1
145,35,869.72,116.00,117.31,101.64,1,-1,-1,-1
146,1,194.62,418.25,264.30,229.07,1,-1,-1,-1
146,2,1227.47,391.01,355.94,378.11,1,-1,-1,-1
146,3,1409.57,734.64,441.75,344.48,1,-1,-1,-1
146,4,1131.62,156.42,113.29,105.85,1,-1,-1,-1
146,30,955.45,274.95,169.01,139.72,1,-1,-1,-1
146,35,866.67,116.18,119.13,103.26,1,-1,-1,-1
147,1,193.98,418.34,264.55,229.14,1,-1,-1,-1
147,2,1227.31,390.67,355.52,377.64,1,-1,-1,-1
147,3,1408.77,734.83,441.68,344.38,1,-1,-1,-1
147,4,1131.06,156.64,113.30,105.80,1,-1,-1,-1
147,30,958.30,270.01,165.09,136.54,1,-1,-1,-1
147,35,863.91,116.52,120.03,104.07,1,-1,-1,-1
147,36,608.68,211.15,135.57,125.53,1,-1,-1,-1
148,1,194.23,418.10,264.68,229.09,1,-1,-1,-1
148,2,1227.96,390.78,355.47,377.60,1,-1,-1,-1
148,3,1408.89,734.45,442.10,344.77,1,-1,-1,-1
148,4,1131.20,156.50,113.54,105.96,1,-1,-1,-1
148,30,960.21,265.50,162.59,134.40,1,-1,-1,-1
148,35,861.55,116.58,122.18,106.07,1,-1,-1,-1
148,36,608.91,211.00,135.92,125.82,1,-1,-1,-1
149,1,194.96,418.50,264.54,228.86,1,-1,-1,-1
149,2,1229.04,391.53,355.94,377.90,1,-1,-1,-1
149,3,1409.92,734.41,442.02,344.78,1,-1,-1,-1
149,4,1131.30,156.94,113.56,106.02,1,-1,-1,-1
149,30,961.61,261.03,161.36,133.47,1,-1,-1,-1
149,35,859.81,117.62,124.43,108.24,1,-1,-1,-1
149,36,609.27,211.29,136.12,125.99,1,-1,-1,-1
150,1,195.28,418.41,264.89,229.15,1,-1,-1,-1
150,2,1229.14,391.90,355.93,377.69,1,-1,-1,-1
150,3,1411.13,735.20,441.32,344.06,1,-1,-1,-1
150,4,1131.02,156.44,114.11,106.53,1,-1,-1,-1
150,30,963.25,257.08,159.37,131.78,1,-1,-1,-1
150,35,858.90,118.70,125.28,109.20,1,-1,-1,-1
150,36,609.64,211.40,135.90,125.76,1,-1,-1,-1
151,1,195.32,418.28,265.31,229.55,1,-1,-1,-1
151,2,1229.16,391.68,356.58,378.36,1,-1,-1,-1
151,3,1411.52,735.40,441.20,343.84,1,-1,-1,-1
151,4,1130.92,156.23,114.52,106.96,1,-1,-1,-1
151,30,965.02,253.12,156.84,129.75,1,-1,-1,-1
151,35,857.80,120.38,126.48,110.62,1,-1,-1,-1
151,36,609.63,211.40,136.05,125.88,1,-1,-1,-1
152,1,194.62,418.62,265.10,229.27,1,-1,-1,-1
152,2,1228.50,391.11,356.19,377.92,1,-1,-1,-1
152,3,1410.08,735.09,441.78,344.21,1,-1,-1,-1
152,4,1130.81,156.05,114.36,106.90,1,-1,-1,-1
152,30,965.15,248.43,155.67,128.92,1,-1,-1,-1
152,35,855.70,121.82,126.59,110.99,1,-1,-1,-1
152,36,609.16,211.31,135.73,125.53,1,-1,-1,-1
153,1,193.79,418.05,265.53,229.54,1,-1,-1,-1
153,2,1228.09,390.57,355.85,377.53,1,-1,-1,-1
153,3,1409.71,734.97,441.81,344.27,1,-1,-1,-1
153,4,1130.91,155.93,114.01,106.56,1,-1,-1,-1
153,30,966.51,244.31,153.99,127.60,1,-1,-1,-1
153,35,853.77,123.28,126.67,111.39,1,-1,-1,-1
153,36,608.64,210.77,135.79,125.56,1,-1,-1,-1
154,1,193.21,417.51,265.80,229.74,1,-1,-1,-1
154,2,1227.58,390.31,356.19,377.69,1,-1,-1,-1
154,3,1409.45,734.91,441.71,344.21,1,-1,-1,-1
154,4,1131.11,156.31,113.55,106.09,1,-1,-1,-1
154,30,967.57,240.54,152.54,126.60,1,-1,-1,-1
154,35,851.89,125.02,127.44,112.44,1,-1,-1,-1
154,36,608.56,210.64,135.80,125.55,1,-1,-1,-1
154,37,515.47,273.30,168.10,144.28,1,-1,-1,-1
155,1,193.34,417.51,265.94,229.87,1,-1,-1,-1
155,2,1227.09,390.26,356.88,378.27,1,-1,-1,-1
155,3,1409.17,735.07,441.54,344.08,1,-1,-1,-1
155,4,1131.21,156.55,113.53,106.02,1,-1,-1,-1
155,30,969.43,236.36,151.17,125.88,1,-1,-1,-1
155,35,850.21,126.87,128.40,113.62,1,-1,-1,-1
155,36,609.03,210.64,135.96,125.69,1,-1,-1,-1
155,37,515.90,273.09,168.17,144.37,1,-1,-1,-1
156,1,194.26,417.78,265.41,229.40,1,-1,-1,-1
156,2,1227.84,390.50,356.51,377.82,1,-1,-1,-1
156,3,1409.98,735.54,441.09,343.60,1,-1,-1,-1
156,4,1132.03,157.10,112.98,105.43,1,-1,-1,-1
156,30,971.53,232.29,150.00,125.28,1,-1,-1,-1
156,35,849.75,129.11,128.30,113.81,1,-1,-1,-1
156,36,609.04,210.56,135.96,125.69,1,-1,-1,-1
156,37,516.00,273.08,168.26,144.45,1,-1,-1,-1
157,1,193.61,417.54,265.87,229.98,1,-1,-1,-1
157,2,1228.29,391.32,356.99,378.23,1,-1,-1,-1
157,3,1413.08,736.68,439.80,342.40,1,-1,-1,-1
157,4,1132.06,157.22,113.58,106.14,1,-1,-1,-1
157,30,973.07,228.87,148.11,124.15,1,-1,-1,-1
157,35,849.00,131.54,128.20,114.05,1,-1,-1,-1
158,1,192.96,416.94,266.53,230.84,1,-1,-1,-1
158,2,1229.08,391.78,356.51,377.88,1,-1,-1,-1
158,3,1413.81,736.24,440.52,342.84,1,-1,-1,-1
158,4,1132.05,157.14,113.51,106.17,1,-1,-1,-1
158,30,974.47,225.48,146.13,122.80,1,-1,-1,-1
158,35,848.02,133.25,128.97,115.20,1,-1,-1,-1
159,1,191.99,416.19,266.88,231.50,1,-1,-1,-1
159,2,1229.30,391.42,356.51,378.15,1,-1,-1,-1
159,3,1413.17,735.50,441.47,343.53,1,-1,-1,-1
159,4,1131.01,156.08,114.33,106.92,1,-1,-1,-1
159,30,975.35,221.84,144.79,121.99,1,-1,-1,-1
159,35,846.48,135.11,129.03,115.53,1,-1,-1,-1
159,38,607.08,208.94,136.14,125.55,1,-1,-1,-1
160,1,191.53,415.82,267.09,232.02,1,-1,-1,-1
160,2,1228.65,391.05,357.06,379.23,1,-1,-1,-1
160,3,1413.34,734.98,442.14,344.00,1,-1,-1,-1
160,4,1130.05,155.65,115.09,107.72,1,-1,-1,-1
160,30,974.77,218.49,144.10,121.70,1,-1,-1,-1
160,35,842.48,136.99,130.00,116.64,1,-1,-1,-1
160,38,606.63,208.23,136.43,125.82,1,-1,-1,-1
161,1,191.74,415.66,266.77,232.02,1,-1,-1,-1
161,2,1230.17,391.40,356.03,378.60,1,-1,-1,-1
161,3,1412.47,734.82,442.53,344.15,1,-1,-1,-1
161,4,1130.23,155.57,114.82,107.53,1,-1,-1,-1
161,30,975.46,214.45,143.08,121.13,1,-1,-1,-1
161,35,840.47,138.89,130.01,116.79,1,-1,-1,-1
161,39,605.58,208.35,136.25,126.45,1,-1,-1,-1
162,1,193.50,417.22,265.04,230.55,1,-1,-1,-1
162,2,1229.92,391.92,356.22,379.19,1,-1,-1,-1
162,3,1412.24,735.23,442.35,343.71,1,-1,-1,-1
162,4,1131.01,156.63,114.21,106.92,1,-1,-1,-1
162,30,977.46,211.54,141.69,120.26,1,-1,-1,-1
162,35,839.44,141.34,129.83,116.76,1,-1,-1,-1
162,39,608.59,209.10,135.02,125.30,1,-1,-1,-1
163,1,194.32,417.68,264.83,230.41,1,-1,-1,-1
163,2,1228.77,391.67,357.23,380.42,1,-1,-1,-1
163,3,1411.65,734.65,443.00,344.15,1,-1,-1,-1
163,4,1130.87,156.36,115.12,107.86,1,-1,-1,-1
163,30,979.09,207.62,140.76,119.78,1,-1,-1,-1
163,35,837.38,142.79,131.47,118.49,1,-1,-1,-1
163,39,609.80,209.41,135.23,125.50,1,-1,-1,-1
163,41,688.75,710.57,552.70,359.67,1,-1,-1,-1
164,1,194.33,417.63,265.02,230.77,1,-1,-1,-1
164,2,1228.54,392.10,356.52,379.44,1,-1,-1,-1
164,3,1411.35,734.40,443.26,344.31,1,-1,-1,-1
164,4,1131.00,156.27,114.99,107.79,1,-1,-1,-1
164,30,980.66,204.50,139.55,118.99,1,-1,-1,-1
164,35,835.32,144.84,133.18,120.26,1,-1,-1,-1
164,39,612.48,209.45,134.60,124.91,1,-1,-1,-1
164,41,701.22,676.27,541.62,355.41,1,-1,-1,-1
165,1,194.29,418.07,264.40,230.31,1,-1,-1,-1
165,2,1227.81,392.26,354.89,377.56,1,-1,-1,-1
165,3,1411.17,734.32,443.14,344.43,1,-1,-1,-1
165,4,1130.60,156.41,114.58,107.44,1,-1,-1,-1
165,30,981.21,201.52,138.71,118.65,1,-1,-1,-1
165,35,832.87,146.70,133.61,120.96,1,-1,-1,-1
165,41,727.91,643.81,497.35,328.86,1,-1,-1,-1
166,1,193.67,417.76,264.45,230.45,1,-1,-1,-1
166,2,1228.68,393.30,353.02,375.32,1,-1,-1,-1
166,3,1411.09,734.29,443.01,344.49,1,-1,-1,-1
166,4,1130.12,156.24,114.54,107.35,1,-1,-1,-1
166,30,981.51,198.49,137.70,118.14,1,-1,-1,-1
166,35,830.69,149.08,133.64,121.22,1,-1,-1,-1
166,41,748.58,614.78,463.59,309.06,1,-1,-1,-1
167,1,193.65,417.08,264.64,230.73,1,-1,-1,-1
167,2,1229.22,393.58,352.61,374.60,1,-1,-1,-1
167,3,1411.18,734.62,442.47,344.26,1,-1,-1,-1
167,4,1129.78,156.01,114.69,107.46,1,-1,-1,-1
167,30,982.66,195.60,136.16,117.10,1,-1,-1,-1
167,35,828.96,151.66,133.59,121.45,1,-1,-1,-1
167,41,762.33,591.69,440.51,296.12,1,-1,-1,-1
168,1,194.40,417.13,264.36,230.49,1,-1,-1,-1
168,2,1229.40,394.36,353.15,374.91,1,-1,-1,-1
168,3,1411.21,734.76,442.20,344.24,1,-1,-1,-1
168,4,1129.76,156.43,114.84,107.66,1,-1,-1,-1
168,30,983.38,193.10,135.78,117.07,1,-1,-1,-1
168,35,827.26,153.87,134.30,122.21,1,-1,-1,-1
168,41,773.83,565.76,427.16,290.02,1,-1,-1,-1
169,1,195.49,416.46,264.75,230.87,1,-1,-1,-1
169,2,1230.39,394.25,354.75,376.35,1,-1,-1,-1
169,3,1412.55,734.94,442.00,344.08,1,-1,-1,-1
169,4,1130.77,157.12,114.92,107.68,1,-1,-1,-1
169,30,984.74,190.15,135.55,117.11,1,-1,-1,-1
169,35,825.70,155.32,136.20,124.12,1,-1,-1,-1
169,41,787.33,542.54,407.51,279.04,1,-1,-1,-1
170,1,195.95,416.01,265.01,231.15,1,-1,-1,-1
170,2,1230.23,393.37,356.43,377.83,1,-1,-1,-1
170,3,1412.86,735.07,441.82,343.95,1,-1,-1,-1
170,4,1131.21,157.73,114.90,107.59,1,-1,-1,-1
170,30,985.96,187.60,134.23,116.11,1,-1,-1,-1
170,35,823.86,157.83,137.04,124.94,1,-1,-1,-1
170,41,800.95,521.11,389.32,268.87,1,-1,-1,-1
171,1,196.13,416.42,264.67,230.86,1,-1,-1,-1
171,2,1230.02,392.92,356.46,377.53,1,-1,-1,-1
171,3,1412.52,735.13,441.96,343.98,1,-1,-1,-1
171,4,1131.04,157.66,115.04,107.69,1,-1,-1,-1
171,30,986.66,185.38,133.62,115.77,1,-1,-1,-1
171,35,820.62,160.45,137.79,125.48,1,-1,-1,-1
171,41,814.86,503.88,367.53,255.65,1,-1,-1,-1
171,44,604.51,207.96,141.45,127.70,1,-1,-1,-1
172,1,195.53,417.37,263.70,229.77,1,-1,-1,-1
172,2,1228.58,392.39,356.46,377.27,1,-1,-1,-1
172,3,1410.86,734.37,443.17,344.88,1,-1,-1,-1
172,4,1130.26,157.03,115.49,108.09,1,-1,-1,-1
172,30,987.22,183.11,133.44,115.82,1,-1,-1,-1
172,35,816.89,162.36,138.73,126.34,1,-1,-1,-1
172,41,824.78,489.66,350.76,245.55,1,-1,-1,-1
172,44,604.24,207.41,141.77,128.03,1,-1,-1,-1
173,1,194.26,417.48,263.77,229.64,1,-1,-1,-1
173,2,1228.58,392.56,354.93,375.56,1,-1,-1,-1
173,3,1410.63,734.58,442.57,344.63,1,-1,-1,-1
173,4,1129.60,157.03,115.36,107.85,1,-1,-1,-1
173,30,988.48,181.63,131.78,114.51,1,-1,-1,-1
173,35,812.49,164.41,140.44,127.95,1,-1,-1,-1
173,41,834.34,474.29,335.47,236.28,1,-1,-1,-1
173,44,603.08,207.08,142.34,128.61,1,-1,-1,-1
174,1,194.19,417.62,263.74,229.45,1,-1,-1,-1
174,2,1230.02,394.33,352.70,373.06,1,-1,-1,-1
174,3,1410.06,734.70,442.39,344.56,1,-1,-1,-1
174,4,1129.64,156.88,115.26,107.74,1,-1,-1,-1
174,30,990.42,180.15,129.78,112.89,1,-1,-1,-1
174,35,810.43,167.53,141.24,128.81,1,-1,-1,-1
174,41,842.02,459.17,322.65,228.85,1,-1,-1,-1
174,44,603.51,207.07,142.40,128.73,1,-1,-1,-1
175,1,194.97,418.14,263.49,229.03,1,-1,-1,-1
175,2,1230.12,393.88,353.58,373.82,1,-1,-1,-1
175,3,1410.17,735.13,442.08,344.14,1,-1,-1,-1
175,4,1129.84,157.54,115.00,107.46,1,-1,-1,-1
175,30,991.72,177.68,128.63,112.02,1,-1,-1,-1
175,35,807.92,170.35,143.31,130.98,1,-1,-1,-1
175,41,848.75,444.94,313.07,223.79,1,-1,-1,-1
175,44,603.52,207.32,142.24,128.61,1,-1,-1,-1
176,1,195.71,417.99,263.56,229.05,1,-1,-1,-1
176,2,1230.01,393.32,355.31,375.33,1,-1,-1,-1
176,3,1411.49,735.33,441.78,343.91,1,-1,-1,-1
176,4,1130.64,157.78,115.12,107.52,1,-1,-1,-1
176,30,992.60,174.71,128.12,111.65,1,-1,-1,-1
176,35,805.93,173.13,145.41,133.13,1,-1,-1,-1
176,41,855.90,431.90,303.99,218.96,1,-1,-1,-1
176,44,603.26,207.19,142.45,128.80,1,-1,-1,-1
177,1,196.14,417.39,263.89,229.37,1,-1,-1,-1
177,2,1230.29,394.27,355.62,375.44,1,-1,-1,-1
177,3,1412.29,735.56,441.08,343.57,1,-1,-1,-1
177,4,1131.31,157.73,114.70,107.32,1,-1,-1,-1
177,30,994.00,172.08,126.90,110.73,1,-1,-1,-1
177,35,804.17,176.50,146.23,134.12,1,-1,-1,-1
177,41,864.95,419.17,292.53,212.34,1,-1,-1,-1
178,1,196.00,418.17,263.55,229.01,1,-1,-1,-1
178,2,1229.10,393.75,356.11,375.74,1,-1,-1,-1
178,3,1411.45,735.46,441.07,343.65,1,-1,-1,-1
178,4,1130.92,157.72,114.47,107.24,1,-1,-1,-1
178,30,994.53,170.71,125.16,109.28,1,-1,-1,-1
178,35,800.45,179.72,147.49,135.34,1,-1,-1,-1
178,41,871.39,406.64,283.61,207.59,1,-1,-1,-1
179,1,195.07,417.94,263.79,229.14,1,-1,-1,-1
179,2,1228.93,392.61,355.80,375.55,1,-1,-1,-1
179,3,1410.50,735.08,441.39,344.12,1,-1,-1,-1
179,4,1130.56,156.97,114.63,107.43,1,-1,-1,-1
179,30,994.38,167.47,124.83,109.04,1,-1,-1,-1
179,35,797.57,183.64,147.40,135.13,1,-1,-1,-1
179,41,879.07,395.83,274.22,202.32,1,-1,-1,-1
180,1,194.33,417.75,264.07,229.36,1,-1,-1,-1
180,2,1228.79,392.26,354.94,374.86,1,-1,-1,-1
180,3,1410.27,734.85,441.42,344.39,1,-1,-1,-1
180,4,1130.01,156.16,114.74,107.59,1,-1,-1,-1
180,30,994.14,164.91,124.53,108.86,1,-1,-1,-1
180,35,793.69,186.86,147.56,135.10,1,-1,-1,-1
180,41,885.66,385.87,264.81,196.80,1,-1,-1,-1
181,1,194.32,417.65,264.20,229.37,1,-1,-1,-1
181,2,1229.16,392.77,354.67,374.66,1,-1,-1,-1
181,3,1411.21,735.43,440.46,343.80,1,-1,-1,-1
181,4,1130.22,156.45,114.56,107.57,1,-1,-1,-1
181,30,995.77,163.46,123.42,107.93,1,-1,-1,-1
181,35,788.97,189.78,149.85,137.14,1,-1,-1,-1
181,41,891.58,377.15,258.39,193.62,1,-1,-1,-1
182,1,194.91,417.39,264.46,229.61,1,-1,-1,-1
182,2,1230.60,393.00,355.01,375.37,1,-1,-1,-1
182,3,1411.91,735.87,440.14,343.42,1,-1,-1,-1
182,4,1130.85,156.74,114.14,107.21,1,-1,-1,-1
182,30,998.04,162.32,121.40,106.06,1,-1,-1,-1
182,35,785.59,193.27,151.61,138.60,1,-1,-1,-1
182,41,897.57,368.05,252.31,190.65,1,-1,-1,-1
183,1,195.37,417.44,264.61,229.68,1,-1,-1,-1
183,2,1230.28,393.44,355.09,375.53,1,-1,-1,-1
183,3,1412.33,735.92,440.20,343.36,1,-1,-1,-1
183,4,1131.13,157.41,113.79,106.86,1,-1,-1,-1
183,30,999.33,161.14,120.77,105.40,1,-1,-1,-1
183,35,782.16,197.04,153.13,139.92,1,-1,-1,-1
183,41,904.34,360.01,242.69,184.47,1,-1,-1,-1
184,1,195.47,417.77,264.53,229.61,1,-1,-1,-1
184,2,1230.85,393.53,355.02,375.80,1,-1,-1,-1
184,3,1412.16,735.95,440.31,343.32,1,-1,-1,-1
184,4,1131.38,157.61,113.57,106.57,1,-1,-1,-1
184,30,1000.74,159.35,119.72,104.27,1,-1,-1,-1
184,35,778.24,200.45,154.37,140.81,1,-1,-1,-1
184,41,909.86,352.29,235.90,180.59,1,-1,-1,-1
185,1,194.71,417.81,264.69,229.76,1,-1,-1,-1
185,2,1228.91,391.45,356.61,377.78,1,-1,-1,-1
185,3,1411.41,735.40,441.00,343.87,1,-1,-1,-1
185,4,1130.67,156.97,113.98,106.96,1,-1,-1,-1
185,30,1001.16,157.56,119.37,103.86,1,-1,-1,-1
185,35,772.59,203.50,156.95,143.00,1,-1,-1,-1
185,41,915.88,344.63,227.74,175.31,1,-1,-1,-1
186,1,194.13,418.19,264.60,229.64,1,-1,-1,-1
186,2,1228.07,389.86,356.97,378.34,1,-1,-1,-1
186,3,1411.10,735.56,440.81,343.76,1,-1,-1,-1
186,4,1130.33,156.41,113.97,106.88,1,-1,-1,-1
186,30,1001.50,155.92,118.43,102.91,1,-1,-1,-1
186,35,766.29,206.43,160.42,145.94,1,-1,-1,-1
186,41,920.22,336.74,221.13,171.27,1,-1,-1,-1
187,1,194.14,418.02,264.53,229.53,1,-1,-1,-1
187,2,1229.34,390.72,355.39,376.92,1,-1,-1,-1
187,3,1411.93,735.73,440.66,343.65,1,-1,-1,-1
187,4,1130.68,156.63,113.48,106.30,1,-1,-1,-1
187,30,1003.82,154.81,116.81,101.42,1,-1,-1,-1
187,35,761.76,209.80,162.74,147.77,1,-1,-1,-1
187,41,927.08,330.48,211.24,164.17,1,-1,-1,-1
188,1,193.99,417.73,264.92,229.81,1,-1,-1,-1
188,2,1229.94,392.10,354.08,375.58,1,-1,-1,-1
188,3,1412.38,736.31,440.12,343.12,1,-1,-1,-1
188,4,1130.47,156.53,114.18,106.92,1,-1,-1,-1
188,30,1005.62,153.72,115.50,100.13,1,-1,-1,-1
188,35,757.64,214.11,163.70,148.42,1,-1,-1,-1
188,41,931.89,323.90,206.32,161.00,1,-1,-1,-1
189,1,194.50,417.88,264.65,229.51,1,-1,-1,-1
189,2,1229.94,392.04,355.13,376.58,1,-1,-1,-1
189,3,1412.87,736.64,439.89,342.72,1,-1,-1,-1
189,4,1131.31,156.33,114.03,106.75,1,-1,-1,-1
189,30,1007.08,152.03,114.88,99.52,1,-1,-1,-1
189,35,753.41,218.58,166.31,150.67,1,-1,-1,-1
189,41,936.67,316.38,202.34,158.54,1,-1,-1,-1
190,1,195.15,417.74,264.53,229.39,1,-1,-1,-1
190,2,1230.08,392.42,355.90,377.07,1,-1,-1,-1
190,3,1413.37,736.85,439.88,342.41,1,-1,-1,-1
190,4,1131.92,156.41,114.08,106.71,1,-1,-1,-1
190,30,1008.41,150.83,114.12,98.83,1,-1,-1,-1
190,35,748.27,222.97,170.64,154.63,1,-1,-1,-1
190,41,940.85,309.44,197.57,155.37,1,-1,-1,-1
191,1,195.02,417.82,264.59,229.34,1,-1,-1,-1
191,2,1229.28,391.73,357.11,378.08,1,-1,-1,-1
191,3,1412.45,736.68,440.50,342.62,1,-1,-1,-1
191,4,1131.65,156.70,114.02,106.63,1,-1,-1,-1
191,30,1008.57,149.81,113.40,98.17,1,-1,-1,-1
191,35,742.68,227.15,173.37,157.29,1,-1,-1,-1
191,41,944.25,302.84,193.49,152.63,1,-1,-1,-1
192,1,194.74,418.21,264.51,229.28,1,-1,-1,-1
192,2,1228.41,391.13,357.35,378.12,1,-1,-1,-1
192,3,1411.79,736.43,441.02,342.89,1,-1,-1,-1
192,4,1131.76,157.00,113.64,106.14,1,-1,-1,-1
192,30,1008.38,148.37,112.59,97.50,1,-1,-1,-1
192,35,737.02,231.82,176.06,159.91,1,-1,-1,-1
192,41,947.21,296.88,189.75,150.18,1,-1,-1,-1
193,1,194.32,418.22,264.63,229.35,1,-1,-1,-1
193,2,1229.39,391.41,355.67,376.39,1,-1,-1,-1
193,3,1411.31,736.02,441.42,343.32,1,-1,-1,-1
193,4,1131.58,156.59,113.83,106.27,1,-1,-1,-1
193,30,1008.15,146.87,112.05,97.06,1,-1,-1,-1
193,35,731.11,236.48,179.15,162.91,1,-1,-1,-1
193,41,949.30,290.93,186.70,148.38,1,-1,-1,-1
194,1,194.16,418.15,264.81,229.40,1,-1,-1,-1
194,2,1230.17,391.88,354.56,375.41,1,-1,-1,-1
194,3,1411.02,735.83,441.43,343.48,1,-1,-1,-1
194,4,1131.41,156.62,113.93,106.29,1,-1,-1,-1
194,30,1008.54,145.23,110.77,95.97,1,-1,-1,-1
194,35,724.05,242.09,182.67,165.91,1,-1,-1,-1
194,41,952.14,284.87,184.12,146.95,1,-1,-1,-1
195,1,194.55,417.65,265.08,229.62,1,-1,-1,-1
195,2,1230.73,392.04,354.87,375.88,1,-1,-1,-1
195,3,1411.10,735.71,441.55,343.57,1,-1,-1,-1
195,4,1131.75,156.56,114.26,106.58,1,-1,-1,-1
195,30,1009.32,143.61,109.82,95.14,1,-1,-1,-1
195,35,717.89,247.71,185.60,168.16,1,-1,-1,-1
195,41,954.97,278.12,180.45,144.32,1,-1,-1,-1
196,1,194.92,417.08,265.40,229.90,1,-1,-1,-1
196,2,1230.65,392.08,355.30,376.22,1,-1,-1,-1
196,3,1411.54,736.07,441.19,343.21,1,-1,-1,-1
196,4,1132.06,156.89,114.09,106.40,1,-1,-1,-1
196,35,711.08,252.12,190.40,172.54,1,-1,-1,-1
196,41,957.24,271.94,177.32,142.44,1,-1,-1,-1
197,1,195.13,416.24,266.08,230.63,1,-1,-1,-1
197,2,1231.93,392.90,354.93,375.50,1,-1,-1,-1
197,3,1412.51,736.27,441.07,343.01,1,-1,-1,-1
197,4,1132.55,156.81,114.11,106.38,1,-1,-1,-1
197,35,704.72,256.48,195.24,176.69,1,-1,-1,-1
197,41,960.72,267.29,173.24,139.50,1,-1,-1,-1
198,1,195.22,416.96,265.52,230.16,1,-1,-1,-1
198,2,1231.30,392.62,355.51,376.00,1,-1,-1,-1
198,3,1412.27,736.03,441.54,343.27,1,-1,-1,-1
198,4,1132.67,156.77,113.84,106.14,1,-1,-1,-1
198,35,698.28,262.21,198.54,179.43,1,-1,-1,-1
198,41,962.53,263.08,170.02,137.23,1,-1,-1,-1
199,1,194.36,417.16,265.63,230.19,1,-1,-1,-1
199,2,1229.92,391.67,355.65,375.99,1,-1,-1,-1
199,3,1410.99,735.31,442.46,343.97,1,-1,-1,-1
199,4,1132.30,156.78,113.61,105.79,1,-1,-1,-1
199,35,690.62,268.07,202.35,182.36,1,-1,-1,-1
199,41,963.69,258.74,166.88,135.00,1,-1,-1,-1
200,1,193.75,417.17,265.65,230.18,1,-1,-1,-1
200,2,1229.82,391.69,354.89,375.05,1,-1,-1,-1
200,3,1410.64,735.08,442.79,344.21,1,-1,-1,-1
200,4,1131.26,156.08,114.15,106.23,1,-1,-1,-1
200,35,682.50,272.73,207.45,186.39,1,-1,-1,-1
200,41,964.66,254.38,164.22,133.06,1,-1,-1,-1
201,1,193.14,416.91,265.85,230.34,1,-1,-1,-1
201,2,1229.08,391.00,355.37,375.41,1,-1,-1,-1
201,3,1411.34,735.25,442.41,343.97,1,-1,-1,-1
201,4,1131.26,156.34,114.25,106.33,1,-1,-1,-1
201,35,674.89,280.06,210.99,188.90,1,-1,-1,-1
201,41,965.36,250.32,161.83,131.32,1,-1,-1,-1
202,1,193.95,416.43,266.05,230.56,1,-1,-1,-1
202,2,1229.05,390.52,356.70,376.82,1,-1,-1,-1
202,3,1411.18,735.36,442.39,343.82,1,-1,-1,-1
202,4,1131.57,156.46,114.72,106.79,1,-1,-1,-1
202,35,668.14,285.63,216.51,193.50,1,-1,-1,-1
202,41,966.81,245.18,159.95,129.91,1,-1,-1,-1
203,1,194.70,415.54,266.83,231.41,1,-1,-1,-1
203,2,1229.72,390.95,356.71,376.66,1,-1,-1,-1
203,3,1411.86,735.61,442.22,343.55,1,-1,-1,-1
203,4,1131.82,156.00,115.42,107.53,1,-1,-1,-1
203,35,660.90,291.53,223.50,199.65,1,-1,-1,-1
203,41,968.75,239.77,158.34,128.92,1,-1,-1,-1
204,1,195.42,416.04,266.18,231.03,1,-1,-1,-1
204,2,1229.18,392.07,356.77,376.97,1,-1,-1,-1
204,3,1412.39,735.89,441.81,343.22,1,-1,-1,-1
204,4,1132.11,156.83,114.57,106.89,1,-1,-1,-1
204,35,651.69,298.39,230.45,206.09,1,-1,-1,-1
204,41,970.48,234.58,156.64,128.13,1,-1,-1,-1
205,1,196.03,416.31,265.70,230.80,1,-1,-1,-1
205,2,1227.67,390.27,359.27,379.62,1,-1,-1,-1
205,3,1412.38,736.16,441.52,342.94,1,-1,-1,-1
205,4,1132.04,156.66,114.35,106.80,1,-1,-1,-1
205,35,641.41,304.74,237.54,212.93,1,-1,-1,-1
205,41,971.06,229.73,155.30,127.64,1,-1,-1,-1
206,1,195.28,416.60,265.58,230.76,1,-1,-1,-1
206,2,1226.65,389.43,359.22,379.56,1,-1,-1,-1
206,3,1412.22,735.97,441.67,343.18,1,-1,-1,-1
206,4,1131.25,156.49,114.15,106.69,1,-1,-1,-1
206,35,630.63,311.13,243.87,218.99,1,-1,-1,-1
206,41,970.83,225.76,153.28,126.53,1,-1,-1,-1
207,1,194.53,416.47,265.57,230.84,1,-1,-1,-1
207,2,1226.78,389.37,358.89,379.45,1,-1,-1,-1
207,3,1410.88,735.06,442.60,344.14,1,-1,-1,-1
207,4,1130.65,155.91,114.30,106.94,1,-1,-1,-1
207,35,620.69,317.88,249.74,224.37,1,-1,-1,-1
207,41,971.43,222.09,151.39,125.52,1,-1,-1,-1
208,1,194.48,416.33,265.44,230.78,1,-1,-1,-1
208,2,1227.53,390.18,357.69,378.41,1,-1,-1,-1
208,3,1410.58,734.69,442.98,344.56,1,-1,-1,-1
208,4,1130.80,156.27,114.32,106.99,1,-1,-1,-1
208,35,610.72,325.26,256.76,231.12,1,-1,-1,-1
208,41,972.76,218.34,149.56,124.54,1,-1,-1,-1
208,48,608.69,210.62,137.53,126.46,1,-1,-1,-1
209,1,195.51,416.58,265.15,230.59,1,-1,-1,-1
209,2,1227.28,390.37,358.67,379.41,1,-1,-1,-1
209,3,1410.10,734.58,443.19,344.68,1,-1,-1,-1
209,4,1131.22,156.44,114.46,107.14,1,-1,-1,-1
209,35,599.71,333.17,264.91,238.62,1,-1,-1,-1
209,41,973.40,214.69,148.66,124.31,1,-1,-1,-1
209,48,609.02,211.44,137.51,126.46,1,-1,-1,-1
210,1,196.17,416.21,265.40,230.88,1,-1,-1,-1
210,2,1228.02,390.48,359.00,379.67,1,-1,-1,-1
210,3,1411.56,734.92,442.99,344.33,1,-1,-1,-1
210,4,1131.75,156.72,114.53,107.15,1,-1,-1,-1
210,35,588.56,341.80,271.96,244.65,1,-1,-1,-1
210,41,974.97,211.03,146.98,123.21,1,-1,-1,-1
210,48,609.53,211.62,137.43,126.43,1,-1,-1,-1
211,1,196.10,415.76,265.76,231.29,1,-1,-1,-1
211,2,1228.46,390.78,358.98,379.59,1,-1,-1,-1
211,3,1411.91,735.16,442.90,344.13,1,-1,-1,-1
211,4,1131.81,156.79,114.58,107.17,1,-1,-1,-1
211,35,575.18,350.02,279.97,251.55,1,-1,-1,-1
211,41,976.11,208.15,145.10,121.98,1,-1,-1,-1
211,48,609.66,211.96,137.63,126.61,1,-1,-1,-1
212,1,195.47,415.20,266.19,231.81,1,-1,-1,-1
212,2,1227.56,390.29,359.45,380.22,1,-1,-1,-1
212,3,1410.74,734.96,443.16,344.31,1,-1,-1,-1
212,4,1131.31,156.46,114.86,107.40,1,-1,-1,-1
212,35,562.88,361.44,283.48,254.11,1,-1,-1,-1
212,41,976.84,205.08,143.63,121.02,1,-1,-1,-1
213,1,194.79,415.47,266.34,231.97,1,-1,-1,-1
213,2,1226.56,389.40,359.53,380.39,1,-1,-1,-1
213,3,1410.33,734.33,443.85,344.97,1,-1,-1,-1
213,4,1131.14,156.05,114.70,107.22,1,-1,-1,-1
213,35,548.25,372.32,291.49,260.72,1,-1,-1,-1
213,41,977.51,200.92,143.29,121.19,1,-1,-1,-1
214,1,194.71,415.42,266.58,232.43,1,-1,-1,-1
214,2,1227.27,389.66,357.43,378.30,1,-1,-1,-1
214,3,1409.76,733.74,444.07,345.45,1,-1,-1,-1
214,4,1131.23,156.34,114.09,106.67,1,-1,-1,-1
214,35,531.83,383.49,300.24,268.16,1,-1,-1,-1
214,41,977.81,197.36,141.60,120.12,1,-1,-1,-1
215,1,194.47,415.61,266.75,233.06,1,-1,-1,-1
215,2,1227.09,389.55,357.75,378.98,1,-1,-1,-1
215,3,1410.19,733.80,443.64,345.33,1,-1,-1,-1
215,4,1131.43,156.70,114.15,106.71,1,-1,-1,-1
215,35,516.54,395.80,309.70,276.26,1,-1,-1,-1
215,41,979.60,193.36,140.55,119.54,1,-1,-1,-1
216,1,194.12,415.34,268.19,235.00,1,-1,-1,-1
216,2,1227.85,390.07,357.72,378.84,1,-1,-1,-1
216,3,1410.90,733.92,443.26,345.16,1,-1,-1,-1
216,4,1131.79,156.61,114.39,106.99,1,-1,-1,-1
216,35,500.58,408.48,319.17,284.16,1,-1,-1,-1
216,41,981.65,190.68,138.97,118.48,1,-1,-1,-1
217,1,194.12,415.15,269.08,236.78,1,-1,-1,-1
217,2,1227.03,390.27,358.03,378.60,1,-1,-1,-1
217,3,1412.08,734.05,442.80,345.02,1,-1,-1,-1
217,4,1131.79,156.73,114.94,107.53,1,-1,-1,-1
217,35,482.08,421.86,331.46,294.84,1,-1,-1,-1
217,41,983.22,187.98,137.73,117.75,1,-1,-1,-1
218,1,195.18,415.23,268.13,236.23,1,-1,-1,-1
218,2,1227.69,390.77,357.57,377.74,1,-1,-1,-1
218,3,1412.46,734.26,442.50,344.87,1,-1,-1,-1
218,4,1132.20,156.43,114.92,107.51,1,-1,-1,-1
218,35,463.47,437.26,341.13,303.21,1,-1,-1,-1
218,41,985.07,185.77,136.08,116.56,1,-1,-1,-1
219,1,195.24,415.67,266.80,235.08,1,-1,-1,-1
219,2,1227.41,390.88,357.53,377.53,1,-1,-1,-1
219,3,1411.59,734.14,442.66,345.00,1,-1,-1,-1
219,4,1131.92,156.64,114.60,107.12,1,-1,-1,-1
219,35,439.97,452.03,356.23,317.24,1,-1,-1,-1
219,41,985.40,183.49,134.58,115.39,1,-1,-1,-1
220,1,195.34,416.20,267.13,235.05,1,-1,-1,-1
220,2,1225.81,390.52,357.48,377.63,1,-1,-1,-1
220,3,1410.34,733.90,442.83,345.21,1,-1,-1,-1
220,4,1130.85,156.30,115.20,107.65,1,-1,-1,-1
220,35,416.22,468.76,369.82,330.42,1,-1,-1,-1
220,41,986.44,180.52,132.45,113.52,1,-1,-1,-1
221,1,194.70,416.85,268.98,236.47,1,-1,-1,-1
221,2,1225.85,390.87,356.89,377.29,1,-1,-1,-1
221,3,1409.96,733.84,442.65,345.20,1,-1,-1,-1
221,4,1130.48,156.23,115.48,107.85,1,-1,-1,-1
221,35,389.08,489.17,385.19,346.22,1,-1,-1,-1
221,41,987.89,177.88,130.32,111.54,1,-1,-1,-1
222,1,192.64,416.86,272.36,239.73,1,-1,-1,-1
222,2,1224.85,390.57,358.39,378.86,1,-1,-1,-1
222,3,1409.89,733.54,442.82,345.45,1,-1,-1,-1
222,4,1130.77,156.80,115.26,107.54,1,-1,-1,-1
222,35,360.78,509.47,398.28,360.06,1,-1,-1,-1
222,41,990.56,175.76,128.01,109.33,1,-1,-1,-1
223,1,194.27,416.72,269.80,237.75,1,-1,-1,-1
223,2,1225.09,390.96,358.79,379.11,1,-1,-1,-1
223,3,1411.31,733.82,442.36,345.10,1,-1,-1,-1
223,4,1131.34,156.64,115.59,107.72,1,-1,-1,-1
223,35,333.11,532.28,407.82,369.86,1,-1,-1,-1
223,41,991.77,172.18,127.82,109.02,1,-1,-1,-1
224,1,196.20,416.76,267.90,236.19,1,-1,-1,-1
224,2,1225.52,391.69,359.17,379.84,1,-1,-1,-1
224,3,1413.07,734.03,441.55,344.71,1,-1,-1,-1
224,4,1131.46,156.70,115.55,107.72,1,-1,-1,-1
224,35,305.28,561.43,416.09,377.82,1,-1,-1,-1
224,41,993.12,169.60,127.30,108.63,1,-1,-1,-1
225,1,195.31,416.05,268.95,237.40,1,-1,-1,-1
225,2,1225.01,392.09,359.31,380.36,1,-1,-1,-1
225,3,1412.96,733.55,441.83,345.11,1,-1,-1,-1
225,4,1131.12,156.79,115.24,107.44,1,-1,-1,-1
225,35,268.37,589.72,436.26,396.98,1,-1,-1,-1
225,41,993.22,165.77,128.03,109.50,1,-1,-1,-1
225,50,854.51,137.67,107.29,91.61,1,-1,-1,-1
226,1,193.10,415.52,269.88,238.55,1,-1,-1,-1
226,2,1223.69,390.28,360.78,382.41,1,-1,-1,-1
226,3,1411.47,732.96,442.40,345.64,1,-1,-1,-1
226,4,1131.23,156.65,114.80,107.03,1,-1,-1,-1
226,35,225.62,618.20,459.92,419.00,1,-1,-1,-1
226,41,992.30,161.85,128.65,110.35,1,-1,-1,-1
226,50,851.97,139.21,108.24,92.48,1,-1,-1,-1
227,1,190.69,417.66,269.31,237.63,1,-1,-1,-1
227,2,1223.68,390.09,360.09,382.02,1,-1,-1,-1
227,3,1409.98,733.11,442.43,345.49,1,-1,-1,-1
227,4,1130.82,156.66,114.51,106.73,1,-1,-1,-1
227,35,186.90,648.30,470.43,425.36,1,-1,-1,-1
227,41,991.80,158.31,128.86,110.89,1,-1,-1,-1
227,50,848.82,140.47,109.42,93.54,1,-1,-1,-1
228,1,190.18,417.82,269.59,237.87,1,-1,-1,-1
228,2,1224.33,390.13,359.74,381.88,1,-1,-1,-1
228,3,1410.00,733.57,442.46,345.09,1,-1,-1,-1
228,4,1130.98,157.04,114.03,106.07,1,-1,-1,-1
228,35,155.33,678.94,462.45,410.22,1,-1,-1,-1
228,41,993.50,157.28,126.30,108.67,1,-1,-1,-1
228,50,846.99,141.67,110.72,94.63,1,-1,-1,-1
228,52,597.01,212.63,138.06,127.87,1,-1,-1,-1
229,2,1226.11,390.62,359.06,380.88,1,-1,-1,-1
229,3,1411.92,734.42,442.15,344.26,1,-1,-1,-1
229,4,1130.64,156.79,114.88,106.65,1,-1,-1,-1
229,35,131.18,710.43,447.56,384.12,1,-1,-1,-1
229,41,995.16,156.37,124.56,107.05,1,-1,-1,-1
229,50,845.91,143.95,111.13,94.78,1,-1,-1,-1
229,52,599.58,212.20,137.54,127.30,1,-1,-1,-1
229,53,186.02,412.47,292.73,238.43,1,-1,-1,-1
230,2,1226.00,390.13,359.52,381.04,1,-1,-1,-1
230,3,1413.30,735.09,441.93,343.62,1,-1,-1,-1
230,4,1130.97,156.72,115.38,106.94,1,-1,-1,-1
230,35,108.05,730.38,453.46,389.18,1,-1,-1,-1
230,41,996.34,154.97,123.91,106.38,1,-1,-1,-1
230,50,843.86,145.46,112.51,95.79,1,-1,-1,-1
230,52,599.79,212.20,137.44,127.21,1,-1,-1,-1
230,53,186.74,414.04,289.92,236.37,1,-1,-1,-1
231,2,1226.39,390.60,359.26,380.60,1,-1,-1,-1
231,3,1413.97,735.71,441.86,343.12,1,-1,-1,-1
231,4,1131.37,156.99,115.23,106.55,1,-1,-1,-1
231,41,998.19,154.27,122.12,104.62,1,-1,-1,-1
231,50,842.31,147.26,112.87,95.88,1,-1,-1,-1
231,53,189.51,411.51,291.82,238.13,1,-1,-1,-1
232,2,1226.89,390.80,358.94,380.23,1,-1,-1,-1
232,3,1412.49,736.03,442.36,342.96,1,-1,-1,-1
232,4,1130.50,157.14,115.07,106.34,1,-1,-1,-1
232,41,998.66,153.73,121.13,103.70,1,-1,-1,-1
232,50,839.86,148.68,113.61,96.41,1,-1,-1,-1
232,53,184.34,414.22,287.74,235.52,1,-1,-1,-1
233,2,1227.92,391.15,357.17,378.66,1,-1,-1,-1
233,3,1411.91,735.73,442.62,343.27,1,-1,-1,-1
233,4,1130.96,156.86,114.45,105.89,1,-1,-1,-1
233,41,999.33,152.15,120.19,102.92,1,-1,-1,-1
233,50,838.08,150.03,113.94,96.62,1,-1,-1,-1
233,53,183.46,415.79,285.01,234.13,1,-1,-1,-1
234,2,1228.23,391.43,356.67,378.24,1,-1,-1,-1
234,3,1411.43,736.44,442.13,342.71,1,-1,-1,-1
234,4,1130.35,156.09,114.77,106.19,1,-1,-1,-1
234,41,1000.75,150.61,118.69,101.44,1,-1,-1,-1
234,50,837.11,151.09,114.43,96.91,1,-1,-1,-1
234,53,186.25,418.32,279.75,230.52,1,-1,-1,-1
235,2,1228.46,391.10,356.65,378.29,1,-1,-1,-1
235,3,1410.82,736.35,442.38,342.92,1,-1,-1,-1
235,4,1130.65,156.12,114.50,105.90,1,-1,-1,-1
235,41,1002.16,149.15,117.72,100.45,1,-1,-1,-1
235,50,835.54,152.09,114.76,97.15,1,-1,-1,-1
235,53,188.10,418.99,275.92,227.97,1,-1,-1,-1
236,2,1228.68,390.94,357.34,378.90,1,-1,-1,-1
236,3,1411.51,736.32,442.47,342.98,1,-1,-1,-1
236,4,1131.13,155.86,114.57,105.84,1,-1,-1,-1
236,41,1004.35,147.74,116.26,99.02,1,-1,-1,-1
236,50,834.27,153.58,115.75,97.99,1,-1,-1,-1
236,53,189.11,418.01,275.26,228.09,1,-1,-1,-1
236,56,603.51,211.77,137.09,124.83,1,-1,-1,-1
237,2,1228.75,390.99,358.14,379.39,1,-1,-1,-1
237,3,1412.32,736.82,441.85,342.48,1,-1,-1,-1
237,4,1130.77,155.59,115.34,106.47,1,-1,-1,-1
237,41,1005.27,146.45,116.01,98.63,1,-1,-1,-1
237,50,832.58,155.04,117.09,99.22,1,-1,-1,-1
237,53,189.78,418.18,274.77,228.43,1,-1,-1,-1
237,56,602.83,211.89,137.31,125.04,1,-1,-1,-1
238,2,1228.88,391.19,357.91,379.05,1,-1,-1,-1
238,3,1412.21,736.61,442.05,342.66,1,-1,-1,-1
238,4,1130.37,155.45,115.84,106.80,1,-1,-1,-1
238,41,1005.67,145.09,115.15,97.74,1,-1,-1,-1
238,50,830.58,156.40,117.60,99.71,1,-1,-1,-1
238,53,189.96,418.33,274.16,228.65,1,-1,-1,-1
239,2,1228.29,390.44,358.36,379.19,1,-1,-1,-1
239,3,1411.18,736.02,442.84,343.32,1,-1,-1,-1
239,4,1129.89,154.94,116.08,106.95,1,-1,-1,-1
239,41,1004.65,143.30,114.45,96.97,1,-1,-1,-1
239,50,827.84,157.63,118.82,100.95,1,-1,-1,-1
239,53,190.28,418.49,273.47,228.84,1,-1,-1,-1
240,2,1227.21,389.54,359.02,379.68,1,-1,-1,-1
240,3,1409.59,735.52,443.33,343.85,1,-1,-1,-1
240,4,1129.51,154.71,116.01,106.83,1,-1,-1,-1
240,41,1004.15,142.11,113.72,96.17,1,-1,-1,-1
240,50,825.89,159.77,118.51,100.67,1,-1,-1,-1
240,53,189.90,418.41,273.00,229.08,1,-1,-1,-1
241,2,1227.42,389.24,359.36,380.07,1,-1,-1,-1
241,3,1410.29,735.92,442.55,343.46,1,-1,-1,-1
241,4,1129.77,154.78,115.95,106.80,1,-1,-1,-1
241,41,1005.63,141.36,111.93,94.54,1,-1,-1,-1
241,50,823.79,161.63,119.12,101.20,1,-1,-1,-1
241,53,190.70,417.79,272.46,229.39,1,-1,-1,-1
241,59,610.87,209.22,132.82,123.51,1,-1,-1,-1
241,60,599.21,209.28,140.04,125.60,1,-1,-1,-1
242,2,1227.03,389.35,359.67,380.39,1,-1,-1,-1
242,3,1410.86,736.01,442.25,343.32,1,-1,-1,-1
242,4,1129.97,154.85,115.77,106.66,1,-1,-1,-1
242,41,1006.02,139.76,110.54,93.17,1,-1,-1,-1
242,50,821.75,162.83,120.85,102.78,1,-1,-1,-1
242,53,191.55,417.60,271.44,229.27,1,-1,-1,-1
242,59,610.80,209.11,132.66,123.37,1,-1,-1,-1
242,60,600.21,209.32,140.33,125.85,1,-1,-1,-1
243,2,1228.01,389.99,359.09,379.75,1,-1,-1,-1
243,3,1411.58,736.45,441.87,342.97,1,-1,-1,-1
243,4,1130.21,155.30,115.79,106.64,1,-1,-1,-1
243,41,1007.13,138.17,109.57,92.21,1,-1,-1,-1
243,50,820.53,164.56,121.76,103.66,1,-1,-1,-1
243,53,192.50,417.39,270.75,229.29,1,-1,-1,-1
243,60,600.62,209.25,140.25,125.78,1,-1,-1,-1
243,61,519.40,273.21,163.95,142.19,1,-1,-1,-1
244,2,1229.25,391.56,357.35,378.02,1,-1,-1,-1
244,3,1412.58,736.25,441.41,342.99,1,-1,-1,-1
244,4,1130.88,155.78,115.18,105.99,1,-1,-1,-1
244,41,1007.97,136.57,108.34,91.18,1,-1,-1,-1
244,50,819.62,166.53,121.94,103.93,1,-1,-1,-1
244,53,193.61,417.22,270.12,229.43,1,-1,-1,-1
244,61,519.92,273.52,163.50,141.80,1,-1,-1,-1
245,2,1230.08,392.33,355.74,376.52,1,-1,-1,-1
245,3,1411.87,736.13,441.44,343.13,1,-1,-1,-1
245,4,1131.05,155.87,114.67,105.47,1,-1,-1,-1
245,50,817.38,167.71,123.17,105.16,1,-1,-1,-1
245,53,193.53,416.82,269.64,229.59,1,-1,-1,-1
246,2,1229.32,392.03,355.13,375.99,1,-1,-1,-1
246,3,1411.25,736.24,441.26,343.05,1,-1,-1,-1
246,4,1131.06,155.75,114.57,105.32,1,-1,-1,-1
246,50,815.29,169.29,124.13,106.10,1,-1,-1,-1
246,53,192.99,416.88,269.15,229.64,1,-1,-1,-1
246,63,603.86,208.62,135.91,126.13,1,-1,-1,-1
247,2,1228.58,391.24,355.73,376.65,1,-1,-1,-1
247,3,1411.28,736.25,441.23,343.06,1,-1,-1,-1
247,4,1130.74,155.48,114.54,105.26,1,-1,-1,-1
247,50,813.15,170.42,125.48,107.45,1,-1,-1,-1
247,53,192.90,417.16,268.39,229.33,1,-1,-1,-1
247,63,600.87,208.57,136.45,126.46,1,-1,-1,-1
247,64,518.06,272.80,164.29,142.88,1,-1,-1,-1
248,2,1228.69,391.19,355.67,376.63,1,-1,-1,-1
248,3,1410.87,736.20,441.31,343.11,1,-1,-1,-1
248,4,1130.40,155.32,114.90,105.57,1,-1,-1,-1
248,50,811.86,172.54,126.27,108.32,1,-1,-1,-1
248,53,193.06,417.10,268.11,229.46,1,-1,-1,-1
248,63,600.69,208.75,136.91,126.70,1,-1,-1,-1
248,64,517.48,273.01,164.66,143.18,1,-1,-1,-1
249,2,1230.02,391.57,356.02,377.23,1,-1,-1,-1
249,3,1411.19,736.03,441.51,343.29,1,-1,-1,-1
249,4,1130.41,155.36,115.09,105.70,1,-1,-1,-1
249,50,812.01,174.81,126.52,108.70,1,-1,-1,-1
249,53,193.85,417.26,267.49,229.29,1,-1,-1,-1
249,63,598.47,208.71,137.58,127.32,1,-1,-1,-1
249,64,516.99,273.18,164.95,143.43,1,-1,-1,-1
249,65,608.63,208.07,135.61,125.69,1,-1,-1,-1
250,2,1229.93,392.35,356.02,377.03,1,-1,-1,-1
250,3,1411.74,736.05,441.57,343.30,1,-1,-1,-1
250,4,1130.44,155.80,115.39,105.90,1,-1,-1,-1
250,50,811.34,177.64,126.72,108.97,1,-1,-1,-1
250,53,194.25,416.72,267.56,229.80,1,-1,-1,-1
250,65,608.34,208.39,136.24,126.13,1,-1,-1,-1
251,2,1230.90,393.39,355.31,376.05,1,-1,-1,-1
251,3,1411.81,736.01,441.55,343.36,1,-1,-1,-1
251,4,1130.58,155.80,115.49,106.05,1,-1,-1,-1
251,50,810.66,180.45,126.85,109.20,1,-1,-1,-1
251,53,194.85,417.06,266.62,229.34,1,-1,-1,-1
251,65,607.93,208.36,136.31,126.05,1,-1,-1,-1
252,2,1230.50,392.30,356.23,376.87,1,-1,-1,-1
252,3,1411.08,735.57,442.02,343.80,1,-1,-1,-1
252,4,1130.49,155.96,115.17,105.75,1,-1,-1,-1
252,50,808.73,182.99,127.57,109.92,1,-1,-1,-1
252,53,194.60,417.51,266.19,229.25,1,-1,-1,-1
252,65,607.58,208.13,136.19,125.77,1,-1,-1,-1
252,66,518.92,272.44,164.15,141.96,1,-1,-1,-1
253,2,1229.06,390.68,357.23,378.12,1,-1,-1,-1
253,3,1410.92,735.43,441.94,343.88,1,-1,-1,-1
253,4,1130.19,155.56,115.31,105.99,1,-1,-1,-1
253,50,806.74,185.09,128.72,111.15,1,-1,-1,-1
253,53,194.33,417.60,266.11,229.36,1,-1,-1,-1
253,65,607.10,208.06,136.45,126.02,1,-1,-1,-1
253,66,517.65,273.15,164.29,142.13,1,-1,-1,-1
254,2,1229.20,390.86,356.67,377.67,1,-1,-1,-1
254,3,1411.09,735.34,441.88,343.97,1,-1,-1,-1
254,4,1129.93,155.39,115.42,106.18,1,-1,-1,-1
254,50,804.82,187.26,129.69,112.18,1,-1,-1,-1
254,53,194.31,417.96,265.32,228.70,1,-1,-1,-1
254,66,516.80,272.53,164.82,142.60,1,-1,-1,-1
254,67,610.12,208.81,134.13,124.92,1,-1,-1,-1
255,2,1228.77,390.35,357.09,378.16,1,-1,-1,-1
255,3,1411.30,735.48,441.64,343.81,1,-1,-1,-1
255,4,1129.99,155.85,115.24,106.07,1,-1,-1,-1
255,50,802.69,188.94,131.01,113.52,1,-1,-1,-1
255,53,194.56,418.59,264.78,228.22,1,-1,-1,-1
255,66,517.24,272.82,164.45,142.30,1,-1,-1,-1
255,67,608.06,208.42,135.51,126.09,1,-1,-1,-1
256,2,1229.18,391.43,356.67,377.50,1,-1,-1,-1
256,3,1411.25,735.62,441.56,343.65,1,-1,-1,-1
256,4,1129.95,155.84,115.68,106.49,1,-1,-1,-1
256,50,801.13,191.36,131.61,114.27,1,-1,-1,-1
256,53,194.69,418.15,265.18,228.70,1,-1,-1,-1
256,66,517.83,272.71,164.18,142.05,1,-1,-1,-1
256,67,607.61,208.66,136.34,126.69,1,-1,-1,-1
257,2,1230.47,392.42,356.40,377.08,1,-1,-1,-1
257,3,1412.00,735.96,441.28,343.32,1,-1,-1,-1
257,4,1130.49,155.85,115.84,106.62,1,-1,-1,-1
257,50,799.55,193.28,132.27,115.01,1,-1,-1,-1
257,53,195.18,418.34,265.14,228.79,1,-1,-1,-1
257,66,518.78,272.88,163.60,141.51,1,-1,-1,-1
257,67,606.81,208.59,137.03,127.33,1,-1,-1,-1
258,2,1230.04,392.63,356.32,376.71,1,-1,-1,-1
258,3,1411.59,736.10,441.39,343.23,1,-1,-1,-1
258,4,1130.75,156.34,115.08,105.91,1,-1,-1,-1
258,50,796.19,195.22,133.44,116.20,1,-1,-1,-1
258,53,195.16,418.02,265.18,228.96,1,-1,-1,-1
258,66,518.32,273.02,163.83,141.66,1,-1,-1,-1
259,2,1230.77,393.48,354.61,374.87,1,-1,-1,-1
259,3,1410.57,735.89,441.85,343.43,1,-1,-1,-1
259,4,1130.67,156.56,114.89,105.67,1,-1,-1,-1
259,50,793.14,197.34,134.12,116.90,1,-1,-1,-1
259,53,194.77,418.05,265.35,229.19,1,-1,-1,-1
259,66,517.89,272.67,164.33,142.12,1,-1,-1,-1
260,2,1230.46,393.74,353.45,373.65,1,-1,-1,-1
260,3,1409.75,735.26,442.56,344.04,1,-1,-1,-1
260,4,1130.18,156.51,114.71,105.33,1,-1,-1,-1
260,50,790.51,199.00,134.74,117.58,1,-1,-1,-1
260,53,194.51,418.73,264.79,228.63,1,-1,-1,-1
260,66,516.89,272.72,164.27,142.10,1,-1,-1,-1
261,2,1231.67,394.84,351.93,372.13,1,-1,-1,-1
261,3,1409.73,735.25,442.57,344.04,1,-1,-1,-1
261,4,1129.87,156.43,114.74,105.21,1,-1,-1,-1
261,50,787.72,202.00,135.43,118.18,1,-1,-1,-1
261,53,194.38,419.17,264.56,228.32,1,-1,-1,-1
261,66,516.42,272.95,164.20,142.04,1,-1,-1,-1
262,2,1230.36,393.52,353.85,374.41,1,-1,-1,-1
262,3,1409.88,735.07,442.78,344.18,1,-1,-1,-1
262,4,1130.55,156.74,114.70,105.05,1,-1,-1,-1
262,50,785.14,204.58,136.42,119.08,1,-1,-1,-1
262,53,194.51,419.01,264.99,228.66,1,-1,-1,-1
262,66,516.89,272.66,164.42,142.19,1,-1,-1,-1
263,2,1230.01,393.43,354.16,374.99,1,-1,-1,-1
263,3,1410.46,735.47,442.25,343.77,1,-1,-1,-1
263,4,1130.77,156.92,114.81,105.10,1,-1,-1,-1
263,50,782.85,207.43,136.98,119.59,1,-1,-1,-1
263,53,194.85,418.98,264.81,228.56,1,-1,-1,-1
263,66,516.70,272.66,164.46,142.23,1,-1,-1,-1
264,2,1231.02,393.86,353.77,374.54,1,-1,-1,-1
264,3,1411.36,736.03,441.69,343.26,1,-1,-1,-1
264,4,1130.89,156.76,115.06,105.31,1,-1,-1,-1
264,50,781.16,210.82,137.06,119.69,1,-1,-1,-1
264,53,195.09,418.63,264.94,228.74,1,-1,-1,-1
265,2,1234.24,397.29,350.37,370.61,1,-1,-1,-1
265,3,1411.73,736.45,441.42,342.87,1,-1,-1,-1
265,4,1130.58,156.73,115.16,105.37,1,-1,-1,-1
265,50,777.61,213.48,137.99,120.63,1,-1,-1,-1
265,53,195.17,418.23,265.29,229.17,1,-1,-1,-1
266,2,1236.92,399.57,347.70,367.70,1,-1,-1,-1
266,3,1411.22,736.05,441.92,343.16,1,-1,-1,-1
266,4,1130.54,156.62,115.12,105.32,1,-1,-1,-1
266,50,773.50,216.84,139.06,121.48,1,-1,-1,-1
266,53,194.35,418.73,265.21,229.17,1,-1,-1,-1
266,69,517.77,272.83,162.87,140.99,1,-1,-1,-1
267,2,1234.64,396.95,351.03,371.62,1,-1,-1,-1
267,3,1411.50,735.27,443.08,344.03,1,-1,-1,-1
267,4,1130.70,156.63,114.91,105.16,1,-1,-1,-1
267,50,770.68,219.85,139.67,121.90,1,-1,-1,-1
267,53,193.64,418.59,265.43,229.37,1,-1,-1,-1
267,69,517.12,272.96,162.92,141.00,1,-1,-1,-1
268,2,1234.44,396.34,351.72,372.69,1,-1,-1,-1
268,3,1411.73,734.95,443.45,344.33,1,-1,-1,-1
268,4,1130.55,156.51,115.20,105.53,1,-1,-1,-1
268,50,766.82,222.76,141.38,123.32,1,-1,-1,-1
268,53,193.27,418.67,265.61,229.57,1,-1,-1,-1
268,69,516.70,273.09,163.28,141.29,1,-1,-1,-1
269,2,1234.20,395.83,352.78,374.03,1,-1,-1,-1
269,3,1411.96,734.96,443.56,344.27,1,-1,-1,-1
269,4,1131.50,157.36,114.30,104.66,1,-1,-1,-1
269,50,763.66,225.82,143.08,124.77,1,-1,-1,-1
269,53,193.61,418.11,265.52,229.68,1,-1,-1,-1
269,69,517.09,272.71,163.28,141.25,1,-1,-1,-1
270,2,1236.61,398.13,351.11,372.37,1,-1,-1,-1
270,3,1413.20,735.41,443.21,343.76,1,-1,-1,-1
270,4,1131.68,156.93,114.73,105.06,1,-1,-1,-1
270,50,760.80,229.35,145.01,126.55,1,-1,-1,-1
270,53,193.72,417.54,266.02,230.42,1,-1,-1,-1
270,69,516.79,272.73,163.31,141.28,1,-1,-1,-1
271,2,1233.53,394.21,356.47,379.13,1,-1,-1,-1
271,3,1414.59,735.96,442.48,343.16,1,-1,-1,-1
271,4,1131.22,156.97,115.40,105.86,1,-1,-1,-1
271,50,757.77,232.39,146.40,127.99,1,-1,-1,-1
271,53,193.46,416.44,266.93,231.73,1,-1,-1,-1
272,2,1232.96,393.30,356.80,380.47,1,-1,-1,-1
272,3,1413.35,735.40,442.72,343.56,1,-1,-1,-1
272,4,1131.66,156.91,115.03,105.62,1,-1,-1,-1
272,50,754.00,236.56,147.07,128.51,1,-1,-1,-1
272,53,193.96,417.24,266.16,231.42,1,-1,-1,-1
272,71,677.41,742.85,550.42,338.77,1,-1,-1,-1
273,2,1236.01,396.02,351.86,375.96,1,-1,-1,-1
273,3,1412.21,734.41,443.41,344.48,1,-1,-1,-1
273,4,1130.82,156.25,115.21,105.95,1,-1,-1,-1
273,50,748.97,240.29,148.17,129.26,1,-1,-1,-1
273,53,193.58,417.24,266.54,232.04,1,-1,-1,-1
273,71,675.67,706.01,564.83,351.71,1,-1,-1,-1
274,2,1237.13,398.23,348.17,372.00,1,-1,-1,-1
274,3,1412.39,734.03,443.26,344.86,1,-1,-1,-1
274,4,1130.33,156.15,115.16,106.09,1,-1,-1,-1
274,50,745.22,244.01,149.45,130.27,1,-1,-1,-1
274,53,193.46,417.67,265.89,231.71,1,-1,-1,-1
274,71,694.88,675.19,536.76,338.42,1,-1,-1,-1
275,2,1239.97,400.37,344.77,368.69,1,-1,-1,-1
275,3,1412.57,734.19,442.61,344.82,1,-1,-1,-1
275,4,1130.17,155.66,115.68,106.86,1,-1,-1,-1
275,50,741.64,248.02,151.07,131.55,1,-1,-1,-1
275,53,193.23,417.24,266.10,232.08,1,-1,-1,-1
275,71,721.11,646.27,493.63,315.02,1,-1,-1,-1
275,72,863.12,123.26,113.77,99.51,1,-1,-1,-1
276,2,1242.34,403.87,341.58,365.07,1,-1,-1,-1
276,3,1412.41,734.50,441.96,344.62,1,-1,-1,-1
276,4,1130.90,156.11,115.23,106.71,1,-1,-1,-1
276,50,738.05,251.73,153.67,133.74,1,-1,-1,-1
276,53,193.79,417.06,266.03,232.14,1,-1,-1,-1
276,71,740.02,620.13,462.37,298.87,1,-1,-1,-1
276,72,860.91,124.38,116.55,101.97,1,-1,-1,-1
277,2,1242.21,404.43,342.17,365.20,1,-1,-1,-1
277,3,1412.90,734.52,441.58,344.69,1,-1,-1,-1
277,4,1131.33,156.40,114.85,106.54,1,-1,-1,-1
277,50,735.04,256.29,154.93,134.62,1,-1,-1,-1
277,53,194.42,416.26,265.83,232.16,1,-1,-1,-1
277,71,751.41,596.19,443.58,290.63,1,-1,-1,-1
277,72,859.34,126.15,117.79,103.20,1,-1,-1,-1
278,2,1240.99,405.04,342.93,365.38,1,-1,-1,-1
278,3,1413.08,734.77,441.07,344.53,1,-1,-1,-1
278,4,1131.38,156.48,114.71,106.60,1,-1,-1,-1
278,50,731.05,261.04,156.60,135.92,1,-1,-1,-1
278,53,194.84,416.11,265.43,231.94,1,-1,-1,-1
278,71,765.52,573.35,422.66,280.83,1,-1,-1,-1
278,72,858.08,127.74,118.51,104.05,1,-1,-1,-1
279,2,1242.25,408.61,339.76,360.90,1,-1,-1,-1
279,3,1412.56,735.05,440.65,344.30,1,-1,-1,-1
279,4,1131.12,156.74,114.34,106.37,1,-1,-1,-1
279,50,725.78,265.15,158.85,137.65,1,-1,-1,-1
279,53,195.11,417.16,264.19,230.76,1,-1,-1,-1
279,71,778.55,550.84,401.73,270.50,1,-1,-1,-1
279,72,856.69,129.75,118.25,104.00,1,-1,-1,-1
280,2,1237.51,401.87,345.50,366.93,1,-1,-1,-1
280,3,1411.97,735.27,440.43,344.17,1,-1,-1,-1
280,4,1130.30,156.26,114.50,106.58,1,-1,-1,-1
280,50,719.93,269.07,161.35,139.46,1,-1,-1,-1
280,53,194.50,417.12,264.01,230.50,1,-1,-1,-1
280,71,790.59,530.27,382.35,260.60,1,-1,-1,-1
280,72,854.19,130.50,119.12,104.98,1,-1,-1,-1
281,2,1234.17,397.87,348.99,370.49,1,-1,-1,-1
281,3,1411.42,735.26,440.25,344.21,1,-1,-1,-1
281,4,1129.97,155.95,114.64,106.77,1,-1,-1,-1
281,50,714.46,272.49,164.70,142.04,1,-1,-1,-1
281,53,194.74,417.04,264.20,230.60,1,-1,-1,-1
281,71,800.99,510.95,365.12,251.84,1,-1,-1,-1
281,72,852.42,132.22,119.32,105.38,1,-1,-1,-1
282,2,1231.80,395.22,351.74,373.34,1,-1,-1,-1
282,3,1411.68,735.36,439.89,344.10,1,-1,-1,-1
282,4,1129.69,155.54,115.16,107.35,1,-1,-1,-1
282,50,709.33,277.56,168.05,144.89,1,-1,-1,-1
282,53,194.67,416.95,264.49,230.76,1,-1,-1,-1
282,71,812.23,496.94,349.45,243.98,1,-1,-1,-1
282,72,851.13,134.13,119.69,105.93,1,-1,-1,-1
283,2,1237.12,401.64,345.36,366.05,1,-1,-1,-1
283,3,1411.57,735.37,439.89,344.11,1,-1,-1,-1
283,4,1129.97,155.76,115.63,107.85,1,-1,-1,-1
283,50,703.83,283.14,171.35,147.67,1,-1,-1,-1
283,53,195.57,417.21,264.15,230.32,1,-1,-1,-1
283,71,823.16,481.14,335.40,237.10,1,-1,-1,-1
283,72,849.73,136.42,120.39,106.73,1,-1,-1,-1
284,2,1238.14,402.80,344.64,364.66,1,-1,-1,-1
284,3,1411.72,735.82,439.38,343.63,1,-1,-1,-1
284,4,1130.05,156.07,115.81,108.06,1,-1,-1,-1
284,50,697.77,287.95,173.64,149.56,1,-1,-1,-1
284,53,195.88,417.72,263.67,229.73,1,-1,-1,-1
284,71,832.88,467.04,321.90,230.38,1,-1,-1,-1
284,72,847.58,138.43,121.77,108.14,1,-1,-1,-1
285,2,1238.01,402.70,345.50,364.98,1,-1,-1,-1
285,3,1411.69,735.86,439.28,343.45,1,-1,-1,-1
285,4,1129.99,155.89,116.13,108.44,1,-1,-1,-1
285,50,691.46,293.01,176.31,151.65,1,-1,-1,-1
285,53,195.95,417.69,263.62,229.55,1,-1,-1,-1
285,71,840.22,452.77,309.80,224.69,1,-1,-1,-1
285,72,845.69,140.31,122.64,109.09,1,-1,-1,-1
286,2,1233.71,397.74,350.66,370.14,1,-1,-1,-1
286,3,1412.10,735.85,439.44,343.52,1,-1,-1,-1
286,4,1129.80,155.54,116.21,108.56,1,-1,-1,-1
286,50,683.62,297.51,179.67,154.58,1,-1,-1,-1
286,53,195.77,417.81,263.91,229.57,1,-1,-1,-1
286,71,847.26,439.36,300.36,220.71,1,-1,-1,-1
286,72,843.21,142.04,123.13,109.78,1,-1,-1,-1
287,2,1230.82,394.78,353.20,372.64,1,-1,-1,-1
287,3,1411.62,735.40,440.02,343.97,1,-1,-1,-1
287,4,1129.53,155.39,116.36,108.72,1,-1,-1,-1
287,50,676.33,301.91,183.04,157.29,1,-1,-1,-1
287,53,194.68,417.24,264.90,230.26,1,-1,-1,-1
287,71,854.46,426.39,290.39,216.09,1,-1,-1,-1
287,72,840.67,143.29,124.36,111.07,1,-1,-1,-1
288,2,1228.96,392.98,354.46,373.81,1,-1,-1,-1
288,3,1411.13,735.20,440.30,344.15,1,-1,-1,-1
288,4,1129.60,155.36,116.39,108.75,1,-1,-1,-1
288,50,670.50,307.13,184.40,158.12,1,-1,-1,-1
288,53,194.26,416.78,265.28,230.45,1,-1,-1,-1
288,71,861.61,413.70,280.22,210.58,1,-1,-1,-1
288,72,838.30,144.73,125.63,112.47,1,-1,-1,-1
289,2,1228.11,392.30,355.84,375.03,1,-1,-1,-1
289,3,1411.96,735.52,439.95,343.80,1,-1,-1,-1
289,4,1129.58,155.15,116.81,109.18,1,-1,-1,-1
289,50,664.10,313.16,188.28,161.18,1,-1,-1,-1
289,53,194.31,416.98,265.26,230.29,1,-1,-1,-1
289,71,869.20,404.18,270.18,204.97,1,-1,-1,-1
289,72,836.28,146.71,126.08,113.07,1,-1,-1,-1
290,2,1230.27,394.26,355.41,374.45,1,-1,-1,-1
290,3,1412.12,735.46,440.23,343.84,1,-1,-1,-1
290,4,1130.06,155.55,116.70,109.02,1,-1,-1,-1
290,50,657.96,319.02,190.51,163.12,1,-1,-1,-1
290,53,194.87,417.57,264.94,229.91,1,-1,-1,-1
290,71,875.70,392.85,263.46,202.03,1,-1,-1,-1
290,72,834.30,147.79,127.32,114.40,1,-1,-1,-1
291,2,1231.58,394.75,355.07,374.29,1,-1,-1,-1
291,3,1411.94,735.40,440.28,343.79,1,-1,-1,-1
291,4,1130.48,155.53,116.24,108.78,1,-1,-1,-1
291,50,652.68,326.13,190.80,163.22,1,-1,-1,-1
291,53,195.34,417.90,264.77,229.73,1,-1,-1,-1
291,71,881.50,384.31,256.23,198.71,1,-1,-1,-1
291,72,833.02,150.19,126.83,114.24,1,-1,-1,-1
292,2,1231.41,394.85,354.80,374.00,1,-1,-1,-1
292,3,1411.06,735.18,440.67,344.04,1,-1,-1,-1
292,4,1130.56,155.46,115.92,108.66,1,-1,-1,-1
292,50,644.87,333.94,194.68,166.38,1,-1,-1,-1
292,53,195.25,418.18,264.50,229.45,1,-1,-1,-1
292,71,888.39,375.27,248.11,194.28,1,-1,-1,-1
292,72,829.28,152.66,127.48,115.04,1,-1,-1,-1
293,2,1232.70,396.36,352.59,371.85,1,-1,-1,-1
293,3,1410.81,735.31,440.55,343.97,1,-1,-1,-1
293,4,1130.85,155.90,115.41,108.25,1,-1,-1,-1
293,50,636.47,339.85,199.80,170.80,1,-1,-1,-1
293,53,194.68,417.67,264.95,229.94,1,-1,-1,-1
293,71,893.26,366.34,240.37,190.03,1,-1,-1,-1
293,72,825.98,153.99,128.48,116.27,1,-1,-1,-1
294,2,1233.47,396.82,351.29,370.66,1,-1,-1,-1
294,3,1410.43,735.34,440.53,343.96,1,-1,-1,-1
294,4,1130.49,155.89,115.25,108.08,1,-1,-1,-1
294,50,627.60,346.18,203.20,173.39,1,-1,-1,-1
294,53,194.55,418.03,264.58,229.51,1,-1,-1,-1
294,71,897.25,358.15,233.57,186.30,1,-1,-1,-1
294,72,822.74,155.76,129.04,117.03,1,-1,-1,-1
295,2,1233.98,397.41,350.61,370.07,1,-1,-1,-1
295,3,1410.57,735.28,440.58,344.01,1,-1,-1,-1
295,4,1130.00,155.44,115.55,108.39,1,-1,-1,-1
295,50,619.73,352.65,207.07,176.34,1,-1,-1,-1
295,53,194.42,417.83,264.96,229.83,1,-1,-1,-1
295,71,902.02,351.96,226.21,182.00,1,-1,-1,-1
295,72,820.26,157.85,129.56,117.68,1,-1,-1,-1
296,2,1232.92,395.55,352.87,372.67,1,-1,-1,-1
296,3,1410.56,735.39,440.46,343.86,1,-1,-1,-1
296,4,1130.27,155.66,115.39,108.22,1,-1,-1,-1
296,50,611.56,358.67,211.84,180.13,1,-1,-1,-1
296,53,194.57,417.47,265.49,230.36,1,-1,-1,-1
296,71,908.78,346.36,217.58,176.38,1,-1,-1,-1
296,72,817.98,160.04,130.01,118.24,1,-1,-1,-1
296,75,609.97,209.62,134.80,125.37,1,-1,-1,-1
297,2,1231.34,393.75,354.93,374.93,1,-1,-1,-1
297,3,1410.60,735.71,439.96,343.40,1,-1,-1,-1
297,4,1130.62,156.02,115.16,108.03,1,-1,-1,-1
297,50,601.95,366.20,218.59,186.18,1,-1,-1,-1
297,53,194.98,417.87,265.20,230.10,1,-1,-1,-1
297,71,914.13,340.03,210.18,171.46,1,-1,-1,-1
297,72,815.02,161.89,131.10,119.34,1,-1,-1,-1
297,75,609.92,209.42,135.02,125.57,1,-1,-1,-1
298,2,1231.20,394.10,354.92,374.89,1,-1,-1,-1
298,3,1410.37,735.44,440.38,343.64,1,-1,-1,-1
298,4,1130.60,156.04,115.19,108.09,1,-1,-1,-1
298,50,593.02,374.28,223.61,190.61,1,-1,-1,-1
298,53,195.30,418.17,265.05,229.97,1,-1,-1,-1
298,71,918.46,333.66,205.08,168.11,1,-1,-1,-1
298,72,812.46,163.07,132.35,120.58,1,-1,-1,-1
299,2,1230.96,393.28,355.06,375.16,1,-1,-1,-1
299,3,1410.21,735.34,440.68,343.79,1,-1,-1,-1
299,4,1130.96,156.55,114.62,107.49,1,-1,-1,-1
299,50,580.61,381.07,229.75,195.97,1,-1,-1,-1
299,53,195.01,418.24,265.06,230.08,1,-1,-1,-1
299,71,922.41,326.99,198.98,163.99,1,-1,-1,-1
299,72,809.19,165.18,133.24,121.44,1,-1,-1,-1
300,2,1229.83,392.47,355.52,375.79,1,-1,-1,-1
300,3,1410.30,735.32,440.88,343.92,1,-1,-1,-1
300,4,1130.85,156.55,114.64,107.44,1,-1,-1,-1
300,50,570.06,388.12,233.94,199.56,1,-1,-1,-1
300,53,194.57,418.14,265.23,230.25,1,-1,-1,-1
300,71,925.33,319.43,195.27,161.86,1,-1,-1,-1
300,72,805.45,168.03,134.53,122.72,1,-1,-1,-1
301,2,1227.84,391.38,356.99,377.87,1,-1,-1,-1
301,3,1411.42,735.18,441.09,344.08,1,-1,-1,-1
301,4,1130.70,156.26,114.96,107.84,1,-1,-1,-1
301,50,561.34,396.80,237.71,202.70,1,-1,-1,-1
301,53,195.03,417.72,264.79,229.90,1,-1,-1,-1
301,71,930.46,314.26,188.43,156.98,1,-1,-1,-1
301,72,803.19,170.13,135.44,123.82,1,-1,-1,-1
302,2,1227.91,392.03,356.20,377.50,1,-1,-1,-1
302,3,1411.73,735.31,441.07,344.03,1,-1,-1,-1
302,4,1130.55,155.93,115.27,108.22,1,-1,-1,-1
302,50,552.45,406.01,242.56,206.89,1,-1,-1,-1
302,53,195.39,417.84,264.46,229.70,1,-1,-1,-1
302,71,933.93,309.33,183.61,153.62,1,-1,-1,-1
302,72,800.50,173.25,136.81,125.35,1,-1,-1,-1
303,2,1227.37,390.69,358.22,380.04,1,-1,-1,-1
303,3,1411.89,735.19,441.27,344.09,1,-1,-1,-1
303,4,1131.16,156.64,114.97,107.96,1,-1,-1,-1
303,50,542.70,415.41,245.76,209.18,1,-1,-1,-1
303,53,195.93,417.99,264.40,229.73,1,-1,-1,-1
303,71,936.85,302.05,181.59,152.61,1,-1,-1,-1
303,72,798.66,176.67,137.69,126.34,1,-1,-1,-1
304,2,1227.06,390.64,358.61,380.77,1,-1,-1,-1
304,3,1412.02,735.19,441.43,344.10,1,-1,-1,-1
304,4,1131.51,156.84,114.62,107.64,1,-1,-1,-1
304,50,531.50,425.65,251.02,213.53,1,-1,-1,-1
304,53,196.21,418.05,264.34,229.76,1,-1,-1,-1
304,71,940.41,296.45,177.74,149.91,1,-1,-1,-1
304,72,796.53,180.57,137.62,126.35,1,-1,-1,-1
305,2,1227.24,391.12,357.94,380.38,1,-1,-1,-1
305,3,1412.37,735.32,441.26,343.91,1,-1,-1,-1
305,4,1131.43,156.79,114.61,107.64,1,-1,-1,-1
305,50,518.04,435.85,258.19,219.81,1,-1,-1,-1
305,53,196.37,418.36,264.40,229.97,1,-1,-1,-1
305,71,943.43,292.25,173.34,146.77,1,-1,-1,-1
305,72,793.11,183.58,138.41,127.07,1,-1,-1,-1
306,2,1227.37,390.85,357.75,380.30,1,-1,-1,-1
306,3,1411.80,735.00,441.79,344.27,1,-1,-1,-1
306,4,1131.32,156.84,114.41,107.40,1,-1,-1,-1
306,50,506.03,447.61,261.49,222.24,1,-1,-1,-1
306,53,195.81,418.57,265.06,230.78,1,-1,-1,-1
306,71,945.61,286.34,170.59,144.73,1,-1,-1,-1
306,72,790.01,187.13,137.96,126.50,1,-1,-1,-1
307,2,1228.49,391.64,355.94,378.65,1,-1,-1,-1
307,3,1410.97,734.72,442.23,344.61,1,-1,-1,-1
307,4,1131.14,156.71,114.31,107.30,1,-1,-1,-1
307,50,493.74,459.75,265.74,225.17,1,-1,-1,-1
307,53,194.65,418.70,265.92,231.94,1,-1,-1,-1
307,71,948.35,282.06,166.15,141.14,1,-1,-1,-1
307,72,786.60,189.73,138.76,127.10,1,-1,-1,-1
308,2,1228.58,391.93,355.07,378.02,1,-1,-1,-1
308,3,1410.80,734.47,442.48,344.85,1,-1,-1,-1
308,4,1131.00,156.53,114.33,107.24,1,-1,-1,-1
308,50,479.31,471.69,272.21,230.10,1,-1,-1,-1
308,53,194.33,418.64,266.61,233.05,1,-1,-1,-1
308,71,951.78,277.61,161.42,137.21,1,-1,-1,-1
308,72,782.80,191.55,139.90,127.97,1,-1,-1,-1
309,2,1228.84,392.31,354.97,378.07,1,-1,-1,-1
309,3,1410.21,734.25,442.81,345.05,1,-1,-1,-1
309,4,1131.44,156.74,113.70,106.57,1,-1,-1,-1
309,50,464.80,485.69,277.79,234.01,1,-1,-1,-1
309,53,194.99,418.31,267.66,234.50,1,-1,-1,-1
309,71,954.85,272.88,158.26,134.20,1,-1,-1,-1
309,72,778.71,194.30,140.91,128.62,1,-1,-1,-1
