3,1,1111.61,745.23,263.81,183.21,1,-1,-1,-1
3,2,1548.59,801.30,159.79,131.50,1,-1,-1,-1
4,1,1111.84,745.53,262.72,182.43,1,-1,-1,-1
4,2,1549.11,801.38,159.26,131.06,1,-1,-1,-1
5,1,1111.81,745.62,262.55,182.30,1,-1,-1,-1
5,2,1548.84,801.62,159.38,131.10,1,-1,-1,-1
6,1,1111.80,745.74,262.41,182.17,1,-1,-1,-1
6,2,1548.83,801.91,159.17,130.89,1,-1,-1,-1
7,1,1111.81,745.75,262.38,182.13,1,-1,-1,-1
7,2,1549.06,801.85,158.87,130.63,1,-1,-1,-1
8,1,1112.42,745.81,262.35,182.11,1,-1,-1,-1
8,2,1549.61,801.71,159.69,131.30,1,-1,-1,-1
9,1,1112.61,745.74,262.58,182.29,1,-1,-1,-1
9,2,1549.63,801.64,160.13,131.62,1,-1,-1,-1
10,1,1112.51,745.68,262.66,182.36,1,-1,-1,-1
10,2,1549.15,801.34,160.24,131.78,1,-1,-1,-1
11,1,1112.40,746.10,262.00,181.83,1,-1,-1,-1
11,2,1549.31,801.61,159.68,131.26,1,-1,-1,-1
12,1,1112.23,746.23,261.66,181.52,1,-1,-1,-1
12,2,1548.68,801.59,159.16,130.88,1,-1,-1,-1
13,1,1111.90,745.83,261.92,181.57,1,-1,-1,-1
13,2,1548.10,801.91,158.56,130.35,1,-1,-1,-1
14,1,1112.00,745.77,261.85,181.38,1,-1,-1,-1
14,2,1548.22,802.06,158.15,129.93,1,-1,-1,-1
15,1,1112.62,745.98,261.60,181.14,1,-1,-1,-1
15,2,1548.23,801.80,158.68,130.41,1,-1,-1,-1
16,1,1112.67,745.97,261.87,181.31,1,-1,-1,-1
16,2,1548.12,801.70,158.75,130.51,1,-1,-1,-1
17,1,1112.51,745.77,262.07,181.41,1,-1,-1,-1
17,2,1548.64,801.52,159.01,130.65,1,-1,-1,-1
18,1,1111.76,745.70,262.56,181.67,1,-1,-1,-1
18,2,1548.24,801.66,158.80,130.38,1,-1,-1,-1
19,1,1111.17,745.74,262.71,181.67,1,-1,-1,-1
19,2,1547.70,801.65,158.91,130.38,1,-1,-1,-1
20,1,1110.95,745.82,262.84,181.66,1,-1,-1,-1
20,2,1547.54,801.76,158.73,130.14,1,-1,-1,-1
21,1,1111.18,745.69,262.83,181.55,1,-1,-1,-1
21,2,1547.71,801.66,159.08,130.40,1,-1,-1,-1
22,1,1111.39,745.53,263.29,181.87,1,-1,-1,-1
22,2,1547.97,801.55,159.63,130.89,1,-1,-1,-1
23,1,1111.59,745.46,263.48,182.03,1,-1,-1,-1
23,2,1548.00,801.53,159.72,130.99,1,-1,-1,-1
24,1,1111.30,745.32,263.82,182.30,1,-1,-1,-1
24,2,1547.88,801.52,159.42,130.83,1,-1,-1,-1
25,1,1111.19,745.58,263.28,181.85,1,-1,-1,-1
25,2,1547.90,801.57,159.22,130.55,1,-1,-1,-1
26,1,1111.22,745.64,263.05,181.63,1,-1,-1,-1
26,2,1547.90,801.58,159.50,130.70,1,-1,-1,-1
27,1,1111.25,745.70,263.02,181.54,1,-1,-1,-1
27,2,1547.68,801.57,159.52,130.74,1,-1,-1,-1
28,1,1111.72,745.62,263.09,181.67,1,-1,-1,-1
28,2,1547.74,801.38,159.76,131.08,1,-1,-1,-1
29,1,1112.06,745.61,263.12,181.76,1,-1,-1,-1
29,2,1547.58,801.60,159.74,131.26,1,-1,-1,-1
30,1,1112.41,745.75,262.85,181.65,1,-1,-1,-1
30,2,1547.66,801.57,159.61,131.31,1,-1,-1,-1
31,1,1111.91,745.74,262.71,181.52,1,-1,-1,-1
31,2,1547.63,801.16,159.60,131.35,1,-1,-1,-1
32,1,1111.47,745.69,262.79,181.53,1,-1,-1,-1
32,2,1547.93,800.92,159.75,131.31,1,-1,-1,-1
33,1,1111.46,745.65,262.71,181.45,1,-1,-1,-1
33,2,1548.15,800.84,160.12,131.53,1,-1,-1,-1
34,1,1111.57,745.66,262.64,181.35,1,-1,-1,-1
34,2,1548.42,801.10,159.55,131.03,1,-1,-1,-1
35,1,1111.95,745.76,262.89,181.56,1,-1,-1,-1
35,2,1548.29,801.22,159.52,131.15,1,-1,-1,-1
36,1,1112.30,746.15,262.53,181.34,1,-1,-1,-1
36,2,1548.24,801.32,159.48,131.29,1,-1,-1,-1
37,1,1112.25,745.90,262.66,181.49,1,-1,-1,-1
37,2,1548.37,801.54,159.38,131.24,1,-1,-1,-1
38,1,1111.58,745.74,262.86,181.64,1,-1,-1,-1
38,2,1548.49,801.61,159.00,130.87,1,-1,-1,-1
39,1,1111.46,745.70,262.83,181.61,1,-1,-1,-1
39,2,1548.10,801.40,159.07,130.77,1,-1,-1,-1
40,1,1111.40,745.63,262.97,181.71,1,-1,-1,-1
40,2,1547.96,801.41,159.04,130.62,1,-1,-1,-1
41,1,1111.32,745.53,263.03,181.72,1,-1,-1,-1
41,2,1547.99,801.40,159.04,130.53,1,-1,-1,-1
42,1,1111.70,745.45,263.20,181.85,1,-1,-1,-1
42,2,1548.58,801.74,159.42,130.73,1,-1,-1,-1
43,1,1112.02,745.57,263.06,181.79,1,-1,-1,-1
43,2,1548.60,801.96,159.85,130.97,1,-1,-1,-1
44,1,1111.98,745.38,263.20,181.91,1,-1,-1,-1
44,2,1548.35,801.76,159.97,130.99,1,-1,-1,-1
45,1,1111.52,745.66,262.98,181.70,1,-1,-1,-1
45,2,1547.59,801.52,160.28,131.30,1,-1,-1,-1
46,1,1111.38,745.84,262.77,181.49,1,-1,-1,-1
46,2,1547.40,801.54,160.13,131.24,1,-1,-1,-1
47,1,1111.43,745.97,262.61,181.30,1,-1,-1,-1
47,2,1547.87,801.75,159.72,130.91,1,-1,-1,-1
48,1,1112.06,746.06,262.65,181.35,1,-1,-1,-1
48,2,1547.87,801.61,159.20,130.53,1,-1,-1,-1
49,1,1112.24,745.85,262.90,181.57,1,-1,-1,-1
49,2,1547.97,801.68,159.29,130.70,1,-1,-1,-1
50,1,1112.38,745.86,262.90,181.60,1,-1,-1,-1
50,2,1547.79,801.53,159.38,130.90,1,-1,-1,-1
51,1,1111.94,745.64,263.20,181.88,1,-1,-1,-1
51,2,1547.89,801.49,158.94,130.57,1,-1,-1,-1
52,1,1111.60,745.64,262.87,181.62,1,-1,-1,-1
52,2,1547.97,801.56,158.85,130.55,1,-1,-1,-1
53,1,1111.24,745.55,262.75,181.48,1,-1,-1,-1
53,2,1547.73,801.61,158.73,130.46,1,-1,-1,-1
54,1,1110.62,745.15,264.01,182.36,1,-1,-1,-1
54,2,1548.64,801.48,159.24,130.91,1,-1,-1,-1
55,1,1110.62,745.25,264.38,182.68,1,-1,-1,-1
55,2,1548.29,801.03,160.28,131.84,1,-1,-1,-1
56,1,1111.05,745.50,264.10,182.48,1,-1,-1,-1
56,2,1548.84,801.45,160.19,131.75,1,-1,-1,-1
57,1,1110.44,745.19,264.88,183.02,1,-1,-1,-1
57,2,1548.35,801.07,160.89,132.18,1,-1,-1,-1
58,1,1109.11,744.40,266.37,184.03,1,-1,-1,-1
58,2,1548.31,800.96,161.26,132.32,1,-1,-1,-1
59,1,1108.06,743.20,268.40,185.54,1,-1,-1,-1
59,2,1546.90,800.06,162.50,133.35,1,-1,-1,-1
60,1,1108.58,742.89,268.53,185.84,1,-1,-1,-1
60,2,1546.72,800.00,162.57,133.50,1,-1,-1,-1
61,1,1109.96,742.73,268.54,186.23,1,-1,-1,-1
61,2,1546.21,800.30,162.76,133.86,1,-1,-1,-1
61,3,310.90,1138.86,525.83,574.45,1,-1,-1,-1
62,1,1110.86,742.88,267.91,186.13,1,-1,-1,-1
62,2,1546.17,800.27,163.18,134.39,1,-1,-1,-1
62,3,528.49,1108.78,468.50,505.05,1,-1,-1,-1
63,1,1110.98,743.14,267.52,186.13,1,-1,-1,-1
63,2,1546.09,800.32,163.25,134.57,1,-1,-1,-1
63,3,696.32,1081.42,433.12,460.60,1,-1,-1,-1
64,1,1110.52,743.09,267.20,186.20,1,-1,-1,-1
64,2,1547.45,800.82,161.81,133.59,1,-1,-1,-1
64,3,828.24,1060.90,394.23,411.74,1,-1,-1,-1
65,1,1110.24,742.61,267.02,186.31,1,-1,-1,-1
65,2,1547.98,801.10,160.65,132.81,1,-1,-1,-1
65,3,937.47,1041.19,364.16,372.56,1,-1,-1,-1
66,1,1109.63,742.06,267.41,186.67,1,-1,-1,-1
66,2,1548.07,801.15,159.96,132.49,1,-1,-1,-1
66,3,1031.14,1030.59,341.87,342.25,1,-1,-1,-1
67,1,1110.52,741.63,267.09,186.51,1,-1,-1,-1
67,2,1548.03,801.22,159.71,132.48,1,-1,-1,-1
67,3,1114.31,1021.00,317.12,310.04,1,-1,-1,-1
68,1,1112.03,741.53,266.47,186.16,1,-1,-1,-1
68,2,1548.03,800.89,160.26,133.11,1,-1,-1,-1
68,3,1183.07,1012.91,303.39,290.90,1,-1,-1,-1
69,1,1112.70,741.75,265.54,185.59,1,-1,-1,-1
69,2,1547.37,801.00,160.33,133.35,1,-1,-1,-1
69,3,1239.85,1008.01,284.48,268.42,1,-1,-1,-1
70,1,1112.68,741.97,264.96,185.24,1,-1,-1,-1
70,2,1547.09,801.24,160.44,133.58,1,-1,-1,-1
70,3,1289.68,999.23,274.88,255.64,1,-1,-1,-1
71,1,1112.58,742.08,264.19,184.79,1,-1,-1,-1
71,2,1546.96,801.27,160.56,133.68,1,-1,-1,-1
71,3,1333.24,990.61,268.05,246.50,1,-1,-1,-1
72,1,1112.31,742.56,263.20,184.06,1,-1,-1,-1
72,3,1374.59,986.77,258.55,235.28,1,-1,-1,-1
73,1,1112.46,742.82,262.73,183.65,1,-1,-1,-1
73,3,1412.61,985.15,248.93,224.97,1,-1,-1,-1
74,1,1111.81,743.13,262.84,183.76,1,-1,-1,-1
74,3,1450.51,982.54,234.76,211.13,1,-1,-1,-1
75,1,1111.42,742.99,263.47,184.23,1,-1,-1,-1
75,3,1483.63,980.89,226.75,202.41,1,-1,-1,-1
76,1,1111.85,743.33,263.04,183.98,1,-1,-1,-1
76,3,1510.03,978.23,221.94,197.77,1,-1,-1,-1
77,1,1111.96,743.50,262.97,184.00,1,-1,-1,-1
77,3,1532.86,974.20,217.06,193.50,1,-1,-1,-1
78,1,1111.96,744.10,262.13,183.38,1,-1,-1,-1
78,3,1555.94,970.87,209.53,186.80,1,-1,-1,-1
79,1,1111.76,744.75,261.28,182.66,1,-1,-1,-1
79,3,1580.10,969.07,200.11,178.53,1,-1,-1,-1
80,1,1111.39,744.90,261.29,182.54,1,-1,-1,-1
80,3,1602.56,970.92,186.83,166.79,1,-1,-1,-1
81,1,1111.66,744.91,261.37,182.48,1,-1,-1,-1
81,3,1622.77,968.40,179.33,160.20,1,-1,-1,-1
81,5,1547.48,802.90,152.78,133.16,1,-1,-1,-1
82,1,1111.83,745.02,261.74,182.73,1,-1,-1,-1
82,3,1641.05,966.85,174.19,155.56,1,-1,-1,-1
82,5,1546.12,802.49,152.91,133.17,1,-1,-1,-1
83,1,1112.07,745.24,261.65,182.66,1,-1,-1,-1
83,3,1663.61,966.64,169.39,151.35,1,-1,-1,-1
83,5,1545.47,802.18,152.91,133.18,1,-1,-1,-1
84,1,1111.99,745.39,261.59,182.58,1,-1,-1,-1
84,3,1679.19,965.03,165.96,148.47,1,-1,-1,-1
85,1,1111.37,745.07,261.93,182.71,1,-1,-1,-1
85,3,1696.75,962.28,162.32,145.25,1,-1,-1,-1
86,1,1111.48,745.20,261.64,182.37,1,-1,-1,-1
86,3,1711.67,960.19,158.68,142.03,1,-1,-1,-1
87,1,1111.58,745.34,261.39,182.02,1,-1,-1,-1
87,3,1725.16,957.67,156.82,140.61,1,-1,-1,-1
88,1,1111.35,745.49,261.43,181.92,1,-1,-1,-1
88,3,1736.43,955.62,154.87,138.71,1,-1,-1,-1
89,1,1111.18,745.40,261.99,182.24,1,-1,-1,-1
89,3,1746.50,954.01,154.48,138.26,1,-1,-1,-1
90,1,1111.32,745.45,262.10,182.23,1,-1,-1,-1
90,3,1755.29,952.89,152.65,136.83,1,-1,-1,-1
90,7,1543.46,801.26,158.87,132.83,1,-1,-1,-1
91,1,1111.54,745.43,262.20,182.24,1,-1,-1,-1
91,3,1764.33,950.20,150.79,135.35,1,-1,-1,-1
91,7,1543.66,801.52,158.81,132.80,1,-1,-1,-1
92,1,1110.89,745.65,261.87,181.85,1,-1,-1,-1
92,3,1772.27,949.46,146.32,131.36,1,-1,-1,-1
92,7,1544.04,801.33,157.21,131.47,1,-1,-1,-1
93,1,1110.78,745.89,261.64,181.55,1,-1,-1,-1
93,3,1779.91,948.83,142.33,127.69,1,-1,-1,-1
93,7,1544.41,801.40,156.42,130.78,1,-1,-1,-1
94,1,1110.95,746.12,261.41,181.22,1,-1,-1,-1
94,3,1787.47,947.73,139.98,125.43,1,-1,-1,-1
94,7,1544.92,801.47,156.29,130.60,1,-1,-1,-1
95,1,1111.25,746.01,261.52,181.20,1,-1,-1,-1
95,3,1796.92,946.57,137.78,123.24,1,-1,-1,-1
95,7,1545.44,801.83,156.39,130.67,1,-1,-1,-1
96,1,1111.35,745.55,262.40,181.85,1,-1,-1,-1
96,3,1804.78,944.30,137.14,122.35,1,-1,-1,-1
96,7,1545.63,802.41,156.49,130.69,1,-1,-1,-1
97,1,1111.08,745.54,262.51,181.87,1,-1,-1,-1
97,3,1811.29,942.53,136.71,121.64,1,-1,-1,-1
97,7,1545.95,802.27,156.57,130.70,1,-1,-1,-1
98,1,1110.77,745.63,262.64,181.89,1,-1,-1,-1
98,3,1816.30,940.61,135.96,120.68,1,-1,-1,-1
98,7,1545.85,802.14,156.55,130.63,1,-1,-1,-1
99,1,1110.62,745.93,262.45,181.70,1,-1,-1,-1
99,3,1820.08,938.38,135.39,119.82,1,-1,-1,-1
99,7,1546.53,802.07,156.06,129.97,1,-1,-1,-1
100,1,1110.90,745.90,262.14,181.40,1,-1,-1,-1
100,3,1823.92,937.19,135.29,119.57,1,-1,-1,-1
100,7,1546.95,802.08,156.00,129.71,1,-1,-1,-1
101,1,1110.99,745.82,262.18,181.35,1,-1,-1,-1
101,3,1827.58,935.04,135.35,119.59,1,-1,-1,-1
101,7,1547.02,802.18,156.02,129.54,1,-1,-1,-1
102,1,1111.33,745.78,262.41,181.39,1,-1,-1,-1
102,3,1829.59,932.53,134.63,118.99,1,-1,-1,-1
102,7,1547.03,802.09,156.23,129.71,1,-1,-1,-1
103,1,1111.28,745.99,262.47,181.36,1,-1,-1,-1
103,3,1831.97,930.35,134.84,119.41,1,-1,-1,-1
103,7,1547.68,801.99,156.68,130.02,1,-1,-1,-1
104,1,1111.57,746.19,262.29,181.17,1,-1,-1,-1
104,3,1836.57,928.89,135.09,119.91,1,-1,-1,-1
104,7,1548.33,802.05,156.95,130.11,1,-1,-1,-1
105,1,1111.02,746.07,262.70,181.39,1,-1,-1,-1
105,3,1841.88,928.47,133.21,118.41,1,-1,-1,-1
105,7,1548.94,802.37,156.58,129.54,1,-1,-1,-1
106,1,1110.87,746.25,262.72,181.33,1,-1,-1,-1
106,3,1846.75,927.35,131.23,116.67,1,-1,-1,-1
106,7,1549.62,802.49,156.31,129.00,1,-1,-1,-1
107,1,1110.98,746.24,262.62,181.18,1,-1,-1,-1
107,3,1852.42,926.52,130.91,116.43,1,-1,-1,-1
107,7,1549.84,802.65,156.26,128.69,1,-1,-1,-1
108,1,1111.09,746.30,262.62,181.12,1,-1,-1,-1
108,3,1859.39,927.16,130.53,116.15,1,-1,-1,-1
108,7,1549.40,802.84,156.25,128.50,1,-1,-1,-1
109,1,1111.20,746.03,262.83,181.30,1,-1,-1,-1
109,3,1867.49,928.18,130.41,116.25,1,-1,-1,-1
109,7,1549.36,802.88,157.00,129.09,1,-1,-1,-1
110,1,1111.42,745.98,263.03,181.51,1,-1,-1,-1
110,3,1873.26,928.21,130.27,116.24,1,-1,-1,-1
110,7,1549.01,802.96,157.45,129.40,1,-1,-1,-1
111,1,1111.67,746.11,262.86,181.43,1,-1,-1,-1
111,3,1878.46,927.41,129.60,116.00,1,-1,-1,-1
111,7,1548.93,802.98,157.95,129.75,1,-1,-1,-1
111,9,1797.74,1078.29,218.47,224.84,1,-1,-1,-1
112,1,1111.10,746.00,263.16,181.62,1,-1,-1,-1
112,3,1884.92,926.51,128.71,115.21,1,-1,-1,-1
112,7,1548.67,802.55,157.78,129.59,1,-1,-1,-1
112,9,1798.74,1080.51,216.03,222.28,1,-1,-1,-1
113,1,1111.12,746.03,262.93,181.34,1,-1,-1,-1
113,7,1548.63,802.42,157.32,129.11,1,-1,-1,-1
113,9,1799.19,1081.30,215.10,221.32,1,-1,-1,-1
114,1,1110.97,746.10,263.16,181.24,1,-1,-1,-1
114,7,1548.34,802.84,157.12,128.96,1,-1,-1,-1
115,1,1110.98,745.93,263.56,181.28,1,-1,-1,-1
115,7,1548.56,803.07,157.44,129.21,1,-1,-1,-1
116,1,1110.93,745.59,264.50,181.90,1,-1,-1,-1
116,7,1548.64,803.03,158.16,129.81,1,-1,-1,-1
117,1,1111.11,745.45,264.70,181.98,1,-1,-1,-1
117,7,1548.71,802.89,158.27,129.94,1,-1,-1,-1
118,1,1110.69,745.47,264.87,182.00,1,-1,-1,-1
118,7,1548.70,802.71,158.12,129.74,1,-1,-1,-1
119,1,1110.16,745.63,264.87,181.87,1,-1,-1,-1
119,7,1548.81,802.73,157.67,129.28,1,-1,-1,-1
120,1,1109.55,745.50,265.21,181.98,1,-1,-1,-1
120,7,1548.75,802.46,157.64,129.16,1,-1,-1,-1
121,1,1109.19,745.28,265.13,181.78,1,-1,-1,-1
121,7,1548.44,802.04,158.26,129.59,1,-1,-1,-1
122,1,1109.31,745.15,265.40,181.87,1,-1,-1,-1
122,7,1548.57,802.09,158.45,129.61,1,-1,-1,-1
123,1,1109.52,745.20,265.69,182.06,1,-1,-1,-1
123,7,1548.84,802.04,159.06,129.98,1,-1,-1,-1
124,1,1109.61,745.22,265.67,182.05,1,-1,-1,-1
124,7,1548.79,802.02,159.36,130.13,1,-1,-1,-1
125,1,1109.65,745.30,265.33,181.68,1,-1,-1,-1
125,7,1548.24,801.93,159.21,129.84,1,-1,-1,-1
126,1,1109.36,745.56,264.81,181.19,1,-1,-1,-1
126,7,1548.49,802.07,158.96,129.49,1,-1,-1,-1
127,1,1109.23,745.71,264.55,180.85,1,-1,-1,-1
127,7,1548.46,802.13,159.14,129.48,1,-1,-1,-1
128,1,1109.22,745.77,264.42,180.59,1,-1,-1,-1
128,7,1547.99,801.94,159.54,129.69,1,-1,-1,-1
129,1,1109.50,745.59,264.84,180.87,1,-1,-1,-1
129,7,1547.83,801.81,160.29,130.16,1,-1,-1,-1
130,1,1109.68,745.63,265.00,181.00,1,-1,-1,-1
130,7,1548.21,801.82,160.60,130.22,1,-1,-1,-1
131,1,1109.87,745.65,264.95,180.97,1,-1,-1,-1
131,7,1548.23,801.83,160.78,130.17,1,-1,-1,-1
132,1,1109.44,745.58,264.98,180.94,1,-1,-1,-1
132,7,1548.40,801.86,160.63,130.08,1,-1,-1,-1
133,1,1109.14,745.19,265.50,181.24,1,-1,-1,-1
133,7,1548.01,802.02,160.10,129.51,1,-1,-1,-1
134,1,1109.04,745.04,265.73,181.37,1,-1,-1,-1
134,7,1547.74,802.12,159.99,129.35,1,-1,-1,-1
135,1,1107.44,743.97,267.86,182.67,1,-1,-1,-1
135,7,1546.42,801.05,161.37,130.26,1,-1,-1,-1
136,1,1108.28,744.06,268.30,182.95,1,-1,-1,-1
136,7,1546.69,800.66,162.42,131.38,1,-1,-1,-1
137,1,1108.87,743.52,269.40,183.95,1,-1,-1,-1
137,7,1546.55,800.29,163.24,132.54,1,-1,-1,-1
137,12,1795.88,1050.32,251.64,255.28,1,-1,-1,-1
138,1,1109.42,742.99,270.15,184.92,1,-1,-1,-1
138,7,1546.85,799.98,163.79,133.47,1,-1,-1,-1
138,12,1794.08,1046.59,256.17,260.42,1,-1,-1,-1
139,1,1109.48,743.06,269.80,185.07,1,-1,-1,-1
139,7,1546.87,799.97,163.82,133.94,1,-1,-1,-1
139,12,1792.91,1044.68,258.67,262.96,1,-1,-1,-1
140,1,1109.54,743.19,269.33,185.12,1,-1,-1,-1
140,7,1547.52,800.38,163.29,133.87,1,-1,-1,-1
140,13,456.39,1098.77,739.66,496.55,1,-1,-1,-1
141,1,1109.12,743.28,268.99,185.17,1,-1,-1,-1
141,7,1547.99,800.67,162.60,133.69,1,-1,-1,-1
141,13,639.90,1072.29,660.03,443.96,1,-1,-1,-1
142,1,1109.18,743.19,268.84,185.35,1,-1,-1,-1
142,7,1548.06,800.54,162.12,133.69,1,-1,-1,-1
142,13,788.84,1051.48,585.83,394.53,1,-1,-1,-1
143,1,1109.03,742.45,269.54,186.05,1,-1,-1,-1
143,7,1548.18,800.66,161.68,133.75,1,-1,-1,-1
143,13,908.54,1034.69,528.32,356.18,1,-1,-1,-1
144,1,1109.51,742.14,269.40,185.99,1,-1,-1,-1
144,7,1548.48,800.57,161.16,133.64,1,-1,-1,-1
144,13,1015.28,1019.76,480.70,324.63,1,-1,-1,-1
145,1,1110.15,741.61,269.61,186.25,1,-1,-1,-1
145,7,1548.43,800.52,161.38,133.82,1,-1,-1,-1
145,13,1104.26,1012.21,443.42,299.89,1,-1,-1,-1
146,1,1110.66,741.77,268.33,185.42,1,-1,-1,-1
146,13,1174.62,1004.44,408.14,277.44,1,-1,-1,-1
147,1,1110.43,741.83,267.75,185.12,1,-1,-1,-1
147,13,1238.67,997.46,377.58,258.00,1,-1,-1,-1
148,1,1110.24,742.29,266.78,184.52,1,-1,-1,-1
148,13,1293.54,989.25,357.99,246.51,1,-1,-1,-1
148,14,1546.26,799.84,158.73,132.69,1,-1,-1,-1
149,1,1110.41,742.73,265.85,183.87,1,-1,-1,-1
149,13,1342.72,984.21,339.49,235.45,1,-1,-1,-1
149,14,1546.24,799.42,159.09,133.02,1,-1,-1,-1
150,1,1110.82,743.06,265.36,183.51,1,-1,-1,-1
150,13,1388.93,981.89,318.38,222.76,1,-1,-1,-1
150,14,1546.33,798.86,160.08,133.88,1,-1,-1,-1
151,1,1111.24,743.59,264.22,182.60,1,-1,-1,-1
151,13,1433.42,978.57,294.34,207.72,1,-1,-1,-1
151,14,1546.18,798.64,160.47,134.22,1,-1,-1,-1
152,1,1111.59,744.34,263.47,181.94,1,-1,-1,-1
152,13,1467.13,974.74,284.51,202.83,1,-1,-1,-1
152,14,1545.59,798.90,160.87,134.63,1,-1,-1,-1
153,1,1111.08,744.67,263.69,182.02,1,-1,-1,-1
153,13,1497.91,973.65,269.03,193.55,1,-1,-1,-1
153,14,1545.78,799.32,160.74,134.70,1,-1,-1,-1
154,1,1110.79,745.02,263.53,181.81,1,-1,-1,-1
154,13,1526.97,970.52,256.51,186.20,1,-1,-1,-1
154,14,1545.46,801.96,159.62,134.02,1,-1,-1,-1
155,1,1110.86,745.19,263.49,181.72,1,-1,-1,-1
155,13,1556.38,969.66,242.86,177.93,1,-1,-1,-1
155,14,1545.00,802.72,159.77,134.47,1,-1,-1,-1
156,1,1110.96,745.06,263.82,182.05,1,-1,-1,-1
156,13,1582.95,970.07,227.39,167.90,1,-1,-1,-1
156,14,1544.65,802.94,159.12,134.06,1,-1,-1,-1
157,1,1111.06,745.24,263.63,181.99,1,-1,-1,-1
157,13,1607.36,969.40,212.80,158.47,1,-1,-1,-1
157,14,1543.64,803.20,158.44,133.60,1,-1,-1,-1
158,1,1111.38,745.51,263.18,181.72,1,-1,-1,-1
158,13,1626.85,967.11,203.96,153.04,1,-1,-1,-1
158,14,1542.97,802.91,158.26,133.41,1,-1,-1,-1
159,1,1110.84,745.79,262.92,181.52,1,-1,-1,-1
159,13,1652.31,968.10,191.74,144.98,1,-1,-1,-1
159,14,1542.30,802.93,157.30,132.63,1,-1,-1,-1
160,1,1111.00,746.15,262.32,181.03,1,-1,-1,-1
160,13,1669.52,965.56,188.91,144.12,1,-1,-1,-1
160,14,1541.81,803.18,157.21,132.55,1,-1,-1,-1
161,1,1111.03,746.28,262.18,180.86,1,-1,-1,-1
161,13,1689.03,964.89,180.84,139.09,1,-1,-1,-1
162,1,1111.05,746.27,262.63,181.14,1,-1,-1,-1
162,13,1705.67,961.06,178.89,139.01,1,-1,-1,-1
163,1,1111.03,746.18,262.94,181.40,1,-1,-1,-1
163,13,1720.00,956.83,176.78,138.60,1,-1,-1,-1
164,1,1111.00,746.20,263.07,181.49,1,-1,-1,-1
164,13,1730.94,953.17,173.99,137.47,1,-1,-1,-1
165,1,1111.17,746.41,262.86,181.32,1,-1,-1,-1
165,13,1742.18,951.83,170.93,135.94,1,-1,-1,-1
166,1,1110.93,746.55,262.73,181.21,1,-1,-1,-1
166,13,1752.79,949.86,167.93,134.79,1,-1,-1,-1
166,16,1544.04,801.49,159.04,132.53,1,-1,-1,-1
167,1,1111.11,746.61,262.22,180.78,1,-1,-1,-1
167,13,1762.86,947.77,163.33,132.21,1,-1,-1,-1
167,16,1544.25,801.60,158.47,132.01,1,-1,-1,-1
168,1,1111.37,746.85,261.81,180.41,1,-1,-1,-1
168,13,1772.59,946.90,156.39,127.34,1,-1,-1,-1
168,16,1544.64,801.68,158.06,131.59,1,-1,-1,-1
169,1,1111.22,746.59,262.10,180.52,1,-1,-1,-1
169,13,1781.27,944.89,152.74,125.02,1,-1,-1,-1
169,16,1544.64,802.07,158.64,132.01,1,-1,-1,-1
170,1,1111.07,746.52,262.27,180.56,1,-1,-1,-1
170,13,1791.25,943.93,150.30,123.60,1,-1,-1,-1
170,16,1545.66,802.33,158.53,131.78,1,-1,-1,-1
171,1,1110.89,746.41,262.57,180.71,1,-1,-1,-1
171,13,1798.88,941.01,149.65,123.67,1,-1,-1,-1
171,16,1545.95,802.32,158.74,131.85,1,-1,-1,-1
172,1,1110.74,746.22,262.85,180.80,1,-1,-1,-1
172,13,1806.99,939.13,147.99,122.64,1,-1,-1,-1
172,16,1546.68,802.27,159.05,131.93,1,-1,-1,-1
173,1,1110.24,745.94,263.22,180.99,1,-1,-1,-1
173,13,1813.80,936.13,146.19,121.88,1,-1,-1,-1
173,16,1546.78,802.39,158.53,131.31,1,-1,-1,-1
174,1,1110.06,745.95,263.40,181.04,1,-1,-1,-1
174,13,1826.61,933.86,142.90,119.14,1,-1,-1,-1
174,16,1547.65,802.56,158.13,130.83,1,-1,-1,-1
175,1,1110.03,745.90,263.49,181.03,1,-1,-1,-1
175,16,1548.72,802.43,158.02,130.53,1,-1,-1,-1
175,17,1822.36,933.20,138.61,120.75,1,-1,-1,-1
176,1,1110.29,745.85,263.60,181.05,1,-1,-1,-1
176,16,1549.26,802.55,158.35,130.48,1,-1,-1,-1
176,17,1826.31,929.82,137.36,119.67,1,-1,-1,-1
177,1,1110.40,745.87,263.68,181.05,1,-1,-1,-1
177,16,1549.42,802.67,158.58,130.30,1,-1,-1,-1
177,17,1829.51,928.35,136.10,118.55,1,-1,-1,-1
178,1,1110.48,745.84,263.80,181.07,1,-1,-1,-1
178,16,1549.61,802.71,158.86,130.19,1,-1,-1,-1
178,17,1834.91,927.09,134.52,117.24,1,-1,-1,-1
179,1,1110.16,745.85,263.98,181.12,1,-1,-1,-1
179,16,1549.83,802.71,158.96,129.99,1,-1,-1,-1
179,17,1839.92,924.77,133.48,116.39,1,-1,-1,-1
180,1,1109.74,745.69,264.25,181.27,1,-1,-1,-1
180,16,1549.42,802.90,158.99,129.76,1,-1,-1,-1
180,17,1844.57,922.68,131.75,114.84,1,-1,-1,-1
181,1,1110.11,746.00,263.53,180.67,1,-1,-1,-1
181,16,1549.72,803.13,158.81,129.43,1,-1,-1,-1
181,17,1850.70,921.60,131.32,114.52,1,-1,-1,-1
182,1,1110.22,746.04,263.52,180.60,1,-1,-1,-1
182,16,1550.18,803.33,158.82,129.16,1,-1,-1,-1
182,17,1856.77,921.60,132.29,115.61,1,-1,-1,-1
183,1,1110.61,746.26,263.24,180.35,1,-1,-1,-1
183,16,1549.97,803.43,159.50,129.37,1,-1,-1,-1
183,17,1864.33,921.17,133.34,116.85,1,-1,-1,-1
184,1,1110.63,746.40,263.36,180.41,1,-1,-1,-1
184,16,1549.82,803.59,159.76,129.28,1,-1,-1,-1
184,17,1870.41,922.25,131.24,115.34,1,-1,-1,-1
185,1,1110.66,746.56,263.30,180.33,1,-1,-1,-1
185,16,1549.66,803.60,160.16,129.34,1,-1,-1,-1
185,17,1874.09,921.83,130.03,114.59,1,-1,-1,-1
186,1,1110.43,746.67,263.42,180.32,1,-1,-1,-1
186,16,1549.68,803.64,160.39,129.37,1,-1,-1,-1
186,17,1877.78,921.39,129.14,114.25,1,-1,-1,-1
187,1,1110.47,746.69,263.28,180.13,1,-1,-1,-1
187,16,1549.37,803.71,160.40,129.19,1,-1,-1,-1
187,17,1881.51,920.47,127.86,113.38,1,-1,-1,-1
188,1,1109.24,745.69,265.30,181.40,1,-1,-1,-1
188,16,1548.48,802.64,161.97,130.26,1,-1,-1,-1
188,17,1884.29,919.50,128.07,114.18,1,-1,-1,-1
189,1,1109.60,744.53,267.79,183.43,1,-1,-1,-1
189,16,1548.72,801.45,163.44,131.78,1,-1,-1,-1
189,17,1888.58,918.53,127.59,113.75,1,-1,-1,-1
190,1,1109.78,744.03,268.47,184.17,1,-1,-1,-1
190,16,1549.26,801.03,163.82,132.30,1,-1,-1,-1
191,1,1109.68,743.30,269.42,185.21,1,-1,-1,-1
191,16,1549.48,800.45,164.50,133.14,1,-1,-1,-1
192,1,1109.87,743.18,269.52,185.71,1,-1,-1,-1
192,16,1549.11,800.44,164.81,133.69,1,-1,-1,-1
193,1,1109.53,743.24,269.95,186.58,1,-1,-1,-1
193,16,1549.08,801.26,162.97,132.53,1,-1,-1,-1
193,18,399.82,1062.91,765.20,521.56,1,-1,-1,-1
194,1,1109.50,743.73,269.22,186.50,1,-1,-1,-1
194,16,1549.65,801.98,161.74,131.68,1,-1,-1,-1
194,18,611.51,1046.68,668.07,454.07,1,-1,-1,-1
195,1,1109.61,743.33,269.17,186.80,1,-1,-1,-1
195,16,1549.91,802.00,161.66,131.81,1,-1,-1,-1
195,18,775.75,1033.71,579.50,392.16,1,-1,-1,-1
196,1,1110.19,742.99,269.27,187.12,1,-1,-1,-1
196,16,1550.04,802.12,161.43,131.77,1,-1,-1,-1
196,18,903.07,1018.22,526.79,354.66,1,-1,-1,-1
197,1,1110.72,742.94,268.95,187.00,1,-1,-1,-1
197,16,1549.93,802.75,160.72,131.28,1,-1,-1,-1
197,18,1011.38,1007.18,478.19,320.34,1,-1,-1,-1
198,1,1111.40,742.66,268.56,186.74,1,-1,-1,-1
198,16,1549.80,802.87,160.44,131.20,1,-1,-1,-1
198,18,1102.98,1000.86,439.28,292.31,1,-1,-1,-1
199,1,1111.61,742.39,267.98,186.29,1,-1,-1,-1
199,16,1548.68,802.84,160.72,131.57,1,-1,-1,-1
199,18,1176.14,990.64,410.96,272.20,1,-1,-1,-1
200,1,1111.89,742.58,266.70,185.36,1,-1,-1,-1
200,16,1546.83,802.56,161.00,131.93,1,-1,-1,-1
200,18,1235.96,981.73,388.77,257.37,1,-1,-1,-1
201,1,1112.12,742.72,265.69,184.62,1,-1,-1,-1
201,16,1546.33,802.49,160.86,132.08,1,-1,-1,-1
201,18,1293.91,974.92,369.64,245.23,1,-1,-1,-1
202,1,1111.82,742.87,265.14,184.21,1,-1,-1,-1
202,16,1546.01,801.88,161.42,132.76,1,-1,-1,-1
202,18,1343.10,972.10,350.82,233.44,1,-1,-1,-1
203,1,1111.86,743.05,264.77,183.92,1,-1,-1,-1
203,16,1544.97,801.35,161.54,133.09,1,-1,-1,-1
203,18,1389.37,969.93,329.59,220.58,1,-1,-1,-1
204,1,1111.89,743.50,264.13,183.44,1,-1,-1,-1
204,16,1543.94,800.91,161.70,133.42,1,-1,-1,-1
204,18,1434.65,968.19,310.54,209.26,1,-1,-1,-1
205,1,1112.03,744.23,263.11,182.64,1,-1,-1,-1
205,16,1543.42,800.77,161.91,133.60,1,-1,-1,-1
205,18,1465.60,962.03,303.97,207.11,1,-1,-1,-1
206,1,1111.98,744.62,262.82,182.35,1,-1,-1,-1
206,18,1501.01,961.32,284.56,195.82,1,-1,-1,-1
207,1,1111.85,744.81,262.61,182.12,1,-1,-1,-1
207,18,1535.26,962.10,267.52,185.60,1,-1,-1,-1
208,1,1111.26,744.82,262.93,182.32,1,-1,-1,-1
208,18,1562.08,961.62,253.38,177.36,1,-1,-1,-1
209,1,1111.59,745.26,262.93,182.35,1,-1,-1,-1
209,18,1586.38,960.83,240.28,169.73,1,-1,-1,-1
210,1,1111.76,745.56,262.74,182.24,1,-1,-1,-1
210,18,1611.82,959.19,225.42,160.44,1,-1,-1,-1
211,1,1111.82,746.03,262.10,181.75,1,-1,-1,-1
211,18,1637.06,959.33,214.02,153.64,1,-1,-1,-1
212,1,1111.59,746.22,261.92,181.54,1,-1,-1,-1
212,18,1657.65,957.42,207.74,150.55,1,-1,-1,-1
213,1,1110.95,746.12,262.46,181.88,1,-1,-1,-1
213,18,1676.89,955.56,201.07,147.43,1,-1,-1,-1
213,19,1542.11,802.73,153.93,131.60,1,-1,-1,-1
214,1,1110.90,746.24,262.29,181.71,1,-1,-1,-1
214,18,1696.33,951.03,196.85,146.19,1,-1,-1,-1
214,19,1541.98,802.75,154.01,131.64,1,-1,-1,-1
215,1,1111.08,746.31,262.59,181.91,1,-1,-1,-1
215,18,1712.35,948.05,192.53,144.99,1,-1,-1,-1
215,19,1541.58,802.82,153.98,131.57,1,-1,-1,-1
216,1,1111.27,746.55,262.49,181.83,1,-1,-1,-1
216,18,1724.81,946.25,188.65,143.66,1,-1,-1,-1
216,19,1543.18,801.08,155.53,132.84,1,-1,-1,-1
217,1,1111.12,746.40,262.70,182.03,1,-1,-1,-1
217,18,1736.58,944.47,183.95,141.48,1,-1,-1,-1
217,19,1543.52,800.72,155.61,132.91,1,-1,-1,-1
218,1,1111.08,746.39,262.54,181.91,1,-1,-1,-1
218,18,1748.43,942.58,179.06,139.06,1,-1,-1,-1
219,1,1111.05,746.28,262.53,181.88,1,-1,-1,-1
219,18,1760.55,942.23,170.62,133.70,1,-1,-1,-1
220,1,1110.89,746.14,262.63,181.94,1,-1,-1,-1
220,18,1770.16,940.88,163.84,129.28,1,-1,-1,-1
220,20,1542.89,801.56,158.76,133.02,1,-1,-1,-1
221,1,1110.81,746.13,262.58,181.91,1,-1,-1,-1
221,18,1778.64,938.55,159.64,126.67,1,-1,-1,-1
221,20,1543.07,801.63,158.85,133.11,1,-1,-1,-1
222,1,1110.89,746.08,262.56,181.96,1,-1,-1,-1
222,18,1788.32,937.03,157.41,125.67,1,-1,-1,-1
222,20,1543.21,801.98,159.00,133.22,1,-1,-1,-1
223,1,1110.87,746.10,262.50,181.99,1,-1,-1,-1
223,18,1799.36,935.53,155.84,124.96,1,-1,-1,-1
223,20,1544.13,801.92,158.95,133.12,1,-1,-1,-1
224,1,1110.84,746.11,262.46,181.98,1,-1,-1,-1
224,18,1807.47,933.72,155.04,124.85,1,-1,-1,-1
224,20,1544.79,801.83,158.87,132.94,1,-1,-1,-1
225,1,1110.68,746.08,262.54,181.99,1,-1,-1,-1
225,18,1813.97,931.27,153.37,124.14,1,-1,-1,-1
225,20,1545.17,801.90,158.45,132.48,1,-1,-1,-1
226,1,1110.54,746.18,262.40,181.81,1,-1,-1,-1
226,18,1818.58,928.89,152.45,123.93,1,-1,-1,-1
226,20,1545.76,802.04,157.81,131.74,1,-1,-1,-1
227,1,1110.47,746.22,262.50,181.82,1,-1,-1,-1
227,18,1824.20,927.10,149.65,122.33,1,-1,-1,-1
227,20,1546.27,802.14,157.61,131.36,1,-1,-1,-1
228,1,1110.62,746.24,262.46,181.73,1,-1,-1,-1
228,18,1830.76,926.83,145.48,119.46,1,-1,-1,-1
228,20,1547.36,802.20,157.71,131.19,1,-1,-1,-1
229,1,1111.33,746.45,261.75,181.16,1,-1,-1,-1
229,18,1831.46,915.46,145.72,120.96,1,-1,-1,-1
229,20,1547.84,802.14,157.86,131.19,1,-1,-1,-1
230,1,1111.75,746.60,261.41,180.83,1,-1,-1,-1
230,18,1835.08,914.46,144.49,121.16,1,-1,-1,-1
230,20,1548.30,802.17,157.80,131.04,1,-1,-1,-1
231,1,1111.81,746.64,261.32,180.69,1,-1,-1,-1
231,18,1839.34,911.78,142.79,120.91,1,-1,-1,-1
231,20,1548.69,802.34,157.65,130.81,1,-1,-1,-1
232,1,1112.09,746.85,260.98,180.33,1,-1,-1,-1
232,18,1847.56,909.06,140.85,119.27,1,-1,-1,-1
232,20,1549.47,802.72,157.54,130.58,1,-1,-1,-1
233,1,1112.21,747.13,260.67,179.97,1,-1,-1,-1
233,20,1549.78,803.20,157.05,129.89,1,-1,-1,-1
234,1,1112.15,747.09,260.80,179.95,1,-1,-1,-1
234,20,1549.73,803.35,156.93,129.53,1,-1,-1,-1
235,1,1112.15,746.98,261.06,180.07,1,-1,-1,-1
235,20,1549.65,803.10,157.39,129.75,1,-1,-1,-1
236,1,1112.28,746.98,261.03,179.97,1,-1,-1,-1
236,20,1549.70,802.88,157.87,129.98,1,-1,-1,-1
237,1,1112.32,746.93,261.14,179.99,1,-1,-1,-1
237,20,1549.52,802.73,158.27,130.13,1,-1,-1,-1
238,1,1112.25,746.69,261.46,180.21,1,-1,-1,-1
238,20,1549.69,802.66,158.56,130.15,1,-1,-1,-1
239,1,1112.14,746.65,261.76,180.39,1,-1,-1,-1
239,20,1549.51,802.63,158.81,130.10,1,-1,-1,-1
240,1,1111.97,746.57,261.93,180.48,1,-1,-1,-1
240,20,1549.59,802.57,159.10,130.08,1,-1,-1,-1
241,1,1111.93,746.34,262.48,180.88,1,-1,-1,-1
241,20,1549.34,802.73,159.06,129.95,1,-1,-1,-1
242,1,1111.87,746.23,262.58,180.99,1,-1,-1,-1
242,20,1549.04,802.76,159.24,130.07,1,-1,-1,-1
243,1,1111.76,746.13,262.69,181.12,1,-1,-1,-1
243,20,1549.06,802.94,159.61,130.33,1,-1,-1,-1
244,1,1111.55,746.03,262.83,181.27,1,-1,-1,-1
244,20,1548.60,802.86,160.16,130.79,1,-1,-1,-1
245,1,1111.21,745.71,263.30,181.67,1,-1,-1,-1
245,20,1547.97,802.48,160.63,131.27,1,-1,-1,-1
245,23,1797.29,864.89,126.54,116.45,1,-1,-1,-1
246,1,1110.71,745.41,263.89,182.17,1,-1,-1,-1
246,20,1547.04,802.42,160.73,131.50,1,-1,-1,-1
246,23,1792.27,863.71,128.30,118.17,1,-1,-1,-1
247,1,1110.49,745.31,264.11,182.41,1,-1,-1,-1
247,20,1546.34,802.17,161.09,131.98,1,-1,-1,-1
247,23,1783.66,861.62,131.83,121.65,1,-1,-1,-1
248,1,1110.47,745.36,263.98,182.37,1,-1,-1,-1
248,20,1545.45,802.41,160.90,132.01,1,-1,-1,-1
248,23,1778.68,862.16,132.50,122.48,1,-1,-1,-1
249,1,1110.33,744.69,264.42,182.73,1,-1,-1,-1
249,20,1545.14,801.64,161.51,132.79,1,-1,-1,-1
249,23,1772.90,861.86,132.42,122.47,1,-1,-1,-1
250,1,1110.26,744.47,264.58,182.91,1,-1,-1,-1
250,20,1544.21,801.04,162.04,133.57,1,-1,-1,-1
250,23,1764.45,858.02,135.39,125.32,1,-1,-1,-1
251,1,1110.70,744.67,263.90,182.43,1,-1,-1,-1
251,20,1543.94,801.06,161.74,133.67,1,-1,-1,-1
251,23,1757.80,859.05,134.64,124.51,1,-1,-1,-1
252,1,1110.42,744.98,263.69,182.19,1,-1,-1,-1
252,20,1543.03,800.52,161.78,134.06,1,-1,-1,-1
252,23,1749.85,857.50,136.72,126.34,1,-1,-1,-1
253,1,1109.67,744.55,264.36,182.54,1,-1,-1,-1
253,20,1543.07,800.83,161.34,134.04,1,-1,-1,-1
253,23,1741.79,855.62,140.32,129.60,1,-1,-1,-1
254,1,1109.53,744.38,264.50,182.55,1,-1,-1,-1
254,20,1543.11,800.68,161.41,134.51,1,-1,-1,-1
254,23,1730.95,854.06,144.39,133.00,1,-1,-1,-1
255,1,1109.41,744.25,264.66,182.63,1,-1,-1,-1
255,20,1542.89,800.11,162.18,135.58,1,-1,-1,-1
255,23,1722.30,853.89,146.28,134.32,1,-1,-1,-1
256,1,1109.44,744.14,264.98,182.89,1,-1,-1,-1
256,20,1542.48,799.93,162.59,135.92,1,-1,-1,-1
256,23,1714.43,855.29,147.61,135.34,1,-1,-1,-1
257,1,1109.37,744.28,265.11,183.00,1,-1,-1,-1
257,23,1701.87,853.46,151.75,138.96,1,-1,-1,-1
258,1,1109.40,744.36,265.29,183.17,1,-1,-1,-1
258,23,1686.49,850.80,159.17,145.60,1,-1,-1,-1
259,1,1109.39,744.67,265.13,183.04,1,-1,-1,-1
259,23,1672.46,852.05,161.00,146.82,1,-1,-1,-1
260,1,1109.27,744.54,265.48,183.27,1,-1,-1,-1
260,23,1659.15,854.21,162.42,147.41,1,-1,-1,-1
261,1,1109.52,744.54,265.45,183.24,1,-1,-1,-1
261,23,1642.64,853.33,167.58,151.50,1,-1,-1,-1
262,1,1109.93,744.72,265.15,183.01,1,-1,-1,-1
262,23,1627.85,853.36,169.20,152.64,1,-1,-1,-1
263,1,1110.16,744.86,265.02,182.95,1,-1,-1,-1
263,23,1607.38,846.46,177.15,159.56,1,-1,-1,-1
264,1,1110.39,744.95,264.78,182.86,1,-1,-1,-1
264,23,1590.51,844.74,181.71,162.45,1,-1,-1,-1
265,1,1110.16,744.89,265.01,183.07,1,-1,-1,-1
265,23,1570.84,840.99,191.46,170.04,1,-1,-1,-1
266,1,1110.17,744.79,265.09,183.17,1,-1,-1,-1
266,23,1552.14,837.74,197.76,174.30,1,-1,-1,-1
267,1,1110.19,744.50,265.33,183.46,1,-1,-1,-1
267,23,1530.48,831.89,207.13,181.65,1,-1,-1,-1
268,1,1110.20,744.40,265.49,183.72,1,-1,-1,-1
268,23,1509.72,832.97,212.20,184.74,1,-1,-1,-1
269,1,1109.77,744.23,265.47,183.91,1,-1,-1,-1
269,23,1489.08,833.48,217.02,187.11,1,-1,-1,-1
270,1,1109.50,743.91,265.79,184.37,1,-1,-1,-1
270,23,1458.58,823.55,233.94,200.87,1,-1,-1,-1
271,1,1110.20,743.69,266.45,185.08,1,-1,-1,-1
271,23,1428.55,820.92,244.07,207.40,1,-1,-1,-1
272,1,1110.60,743.65,265.48,184.39,1,-1,-1,-1
272,23,1396.06,817.05,253.90,213.27,1,-1,-1,-1
273,1,1108.27,742.88,265.36,184.55,1,-1,-1,-1
273,23,1360.64,817.04,263.64,218.30,1,-1,-1,-1
274,1,1108.48,741.82,265.98,184.78,1,-1,-1,-1
274,23,1327.12,818.96,269.31,219.60,1,-1,-1,-1
275,1,1108.15,740.76,266.22,184.53,1,-1,-1,-1
275,23,1285.51,815.59,284.19,227.57,1,-1,-1,-1
276,1,1107.97,740.41,266.34,184.61,1,-1,-1,-1
276,23,1240.38,814.12,299.23,235.07,1,-1,-1,-1
277,23,1190.75,808.96,319.74,246.59,1,-1,-1,-1
278,23,1132.28,804.91,345.07,261.60,1,-1,-1,-1
279,23,1064.85,795.36,377.95,282.55,1,-1,-1,-1
280,23,984.23,781.43,418.60,308.70,1,-1,-1,-1
280,25,1552.09,802.53,158.81,128.64,1,-1,-1,-1
281,23,903.41,774.86,453.35,328.86,1,-1,-1,-1
281,25,1551.45,802.19,159.61,129.25,1,-1,-1,-1
282,23,808.66,768.73,491.58,349.90,1,-1,-1,-1
282,25,1550.88,801.11,161.50,130.63,1,-1,-1,-1
283,23,697.54,766.67,531.02,369.97,1,-1,-1,-1
283,25,1550.31,800.71,162.50,131.31,1,-1,-1,-1
284,23,567.04,764.63,580.98,395.44,1,-1,-1,-1
284,25,1549.40,800.44,163.36,131.92,1,-1,-1,-1
284,26,1113.51,741.95,262.97,186.66,1,-1,-1,-1
285,23,403.55,757.68,645.40,427.38,1,-1,-1,-1
285,25,1548.81,800.27,163.91,132.23,1,-1,-1,-1
285,26,1114.17,742.60,261.17,185.27,1,-1,-1,-1
286,23,206.02,752.00,723.25,466.59,1,-1,-1,-1
286,25,1548.56,800.44,163.75,132.02,1,-1,-1,-1
286,26,1114.52,742.67,261.00,185.04,1,-1,-1,-1
287,23,56.35,748.25,801.35,516.85,1,-1,-1,-1
287,25,1548.85,800.04,164.02,132.22,1,-1,-1,-1
287,26,1114.22,742.18,261.19,185.08,1,-1,-1,-1
288,23,-33.37,745.00,793.18,519.16,1,-1,-1,-1
288,25,1549.22,800.26,163.69,131.83,1,-1,-1,-1
288,26,1114.37,742.30,260.84,184.64,1,-1,-1,-1
289,23,-109.23,740.85,818.83,535.94,1,-1,-1,-1
289,25,1549.01,800.82,163.31,131.32,1,-1,-1,-1
289,26,1114.34,742.86,260.59,184.23,1,-1,-1,-1
290,25,1549.18,801.41,162.48,130.42,1,-1,-1,-1
290,26,1114.35,743.58,259.85,183.47,1,-1,-1,-1
291,25,1549.87,802.29,161.54,129.36,1,-1,-1,-1
291,26,1114.50,744.63,258.75,182.41,1,-1,-1,-1
292,25,1550.80,802.85,161.10,128.91,1,-1,-1,-1
292,26,1114.69,745.54,257.53,181.15,1,-1,-1,-1
293,25,1550.94,802.93,161.00,128.77,1,-1,-1,-1
293,26,1114.29,745.87,257.66,180.84,1,-1,-1,-1
294,25,1551.15,803.02,161.02,128.71,1,-1,-1,-1
294,26,1114.05,745.96,257.99,180.71,1,-1,-1,-1
295,25,1551.04,802.89,161.15,128.72,1,-1,-1,-1
295,26,1113.75,745.92,258.50,180.75,1,-1,-1,-1
296,25,1550.25,802.65,161.49,128.97,1,-1,-1,-1
296,26,1112.86,745.86,259.13,180.87,1,-1,-1,-1
297,25,1549.22,801.85,162.63,129.94,1,-1,-1,-1
297,26,1111.68,745.08,261.35,182.14,1,-1,-1,-1
298,25,1548.55,801.51,163.24,130.58,1,-1,-1,-1
298,26,1110.99,744.08,263.73,183.77,1,-1,-1,-1
299,25,1548.18,800.95,163.91,131.44,1,-1,-1,-1
299,26,1110.90,743.12,265.26,184.91,1,-1,-1,-1
300,25,1548.28,801.10,163.61,131.35,1,-1,-1,-1
300,26,1111.28,742.90,265.24,184.92,1,-1,-1,-1
301,25,1548.01,801.23,163.26,131.37,1,-1,-1,-1
301,26,1111.87,743.16,264.79,184.78,1,-1,-1,-1
301,27,366.90,1120.87,611.75,516.81,1,-1,-1,-1
302,25,1548.56,801.49,163.78,132.04,1,-1,-1,-1
302,26,1112.04,743.21,264.36,184.63,1,-1,-1,-1
302,27,577.30,1090.22,551.00,461.68,1,-1,-1,-1
303,25,1549.21,801.96,163.25,131.78,1,-1,-1,-1
303,26,1111.83,743.64,263.95,184.45,1,-1,-1,-1
303,27,742.74,1066.73,494.58,410.62,1,-1,-1,-1
304,25,1549.83,802.15,162.71,131.48,1,-1,-1,-1
304,26,1111.75,743.38,264.03,184.58,1,-1,-1,-1
304,27,872.31,1045.55,443.04,363.51,1,-1,-1,-1
305,25,1549.91,802.07,162.71,131.61,1,-1,-1,-1
305,26,1111.38,742.66,264.91,185.17,1,-1,-1,-1
305,27,975.43,1026.42,414.76,336.44,1,-1,-1,-1
306,25,1550.27,802.30,162.19,131.24,1,-1,-1,-1
306,26,1111.66,742.30,265.31,185.30,1,-1,-1,-1
306,27,1069.89,1016.20,381.25,305.49,1,-1,-1,-1
307,25,1549.57,802.14,161.80,131.17,1,-1,-1,-1
307,26,1112.29,741.92,265.50,185.36,1,-1,-1,-1
307,27,1151.69,1009.85,351.21,277.90,1,-1,-1,-1
308,25,1548.98,801.81,161.59,131.23,1,-1,-1,-1
308,26,1112.33,741.86,264.98,184.87,1,-1,-1,-1
308,27,1213.73,1000.80,329.13,258.19,1,-1,-1,-1
309,25,1548.21,801.64,161.28,131.17,1,-1,-1,-1
309,26,1112.40,742.10,263.79,183.96,1,-1,-1,-1
309,27,1268.47,989.41,318.07,248.04,1,-1,-1,-1
310,25,1547.33,801.47,161.08,131.28,1,-1,-1,-1
310,26,1112.34,742.26,263.13,183.41,1,-1,-1,-1
310,27,1316.00,981.61,306.85,239.08,1,-1,-1,-1
311,25,1546.81,801.28,161.28,131.71,1,-1,-1,-1
311,26,1112.21,742.56,262.50,182.87,1,-1,-1,-1
311,27,1360.75,978.13,293.75,228.79,1,-1,-1,-1
312,25,1546.43,800.91,161.26,131.86,1,-1,-1,-1
312,26,1112.27,742.87,262.12,182.48,1,-1,-1,-1
312,27,1403.35,973.79,279.14,217.50,1,-1,-1,-1
313,25,1545.79,800.38,161.56,132.13,1,-1,-1,-1
313,26,1112.16,743.21,262.30,182.53,1,-1,-1,-1
313,27,1441.12,968.98,268.41,209.52,1,-1,-1,-1
314,25,1545.09,800.39,161.24,132.01,1,-1,-1,-1
314,26,1112.05,743.50,262.44,182.56,1,-1,-1,-1
314,27,1473.38,966.98,261.27,204.83,1,-1,-1,-1
315,25,1544.78,802.52,161.51,132.57,1,-1,-1,-1
315,26,1111.80,743.70,262.87,182.80,1,-1,-1,-1
315,27,1504.18,965.48,248.74,195.69,1,-1,-1,-1
316,25,1544.79,803.76,161.20,132.75,1,-1,-1,-1
316,26,1111.72,743.96,262.98,182.82,1,-1,-1,-1
316,27,1531.88,965.02,235.48,185.93,1,-1,-1,-1
317,25,1544.96,804.17,161.26,133.34,1,-1,-1,-1
317,26,1111.61,744.16,262.88,182.73,1,-1,-1,-1
317,27,1559.15,964.04,222.87,176.77,1,-1,-1,-1
318,25,1545.20,804.17,161.20,133.76,1,-1,-1,-1
318,26,1111.37,744.21,262.98,182.73,1,-1,-1,-1
318,27,1585.94,963.70,208.69,165.87,1,-1,-1,-1
319,25,1544.84,804.40,161.46,133.98,1,-1,-1,-1
319,26,1110.88,744.09,263.64,183.12,1,-1,-1,-1
319,27,1605.92,962.08,201.15,160.51,1,-1,-1,-1
320,26,1110.70,744.30,263.61,183.01,1,-1,-1,-1
320,27,1628.26,961.12,191.68,153.48,1,-1,-1,-1
321,26,1110.71,744.64,263.28,182.69,1,-1,-1,-1
321,27,1648.34,960.04,185.69,149.34,1,-1,-1,-1
322,26,1110.62,744.80,263.42,182.71,1,-1,-1,-1
322,27,1665.45,956.80,183.03,148.11,1,-1,-1,-1
322,28,1543.44,802.95,155.02,131.95,1,-1,-1,-1
323,26,1110.96,745.00,263.04,182.42,1,-1,-1,-1
323,27,1683.80,955.22,177.24,144.22,1,-1,-1,-1
323,28,1543.19,802.71,154.68,131.59,1,-1,-1,-1
324,26,1111.21,745.02,262.83,182.25,1,-1,-1,-1
324,27,1700.46,952.42,170.91,139.97,1,-1,-1,-1
324,28,1542.82,802.60,154.46,131.40,1,-1,-1,-1
325,26,1110.75,744.78,263.61,182.75,1,-1,-1,-1
325,27,1718.42,950.38,165.93,136.79,1,-1,-1,-1
326,26,1110.41,744.65,264.17,183.07,1,-1,-1,-1
326,27,1729.10,948.33,164.72,136.69,1,-1,-1,-1
327,26,1110.45,744.89,263.86,182.78,1,-1,-1,-1
327,27,1741.07,947.07,161.09,134.26,1,-1,-1,-1
328,26,1110.43,745.05,263.78,182.64,1,-1,-1,-1
328,27,1753.02,945.86,157.56,131.72,1,-1,-1,-1
329,26,1110.65,745.31,263.43,182.29,1,-1,-1,-1
329,27,1762.51,943.95,153.99,129.25,1,-1,-1,-1
330,26,1110.95,745.41,263.31,182.11,1,-1,-1,-1
330,27,1771.18,942.49,149.07,125.46,1,-1,-1,-1
331,26,1111.02,745.46,263.28,182.00,1,-1,-1,-1
331,27,1779.96,941.47,144.11,121.71,1,-1,-1,-1
332,26,1111.13,745.53,263.24,181.89,1,-1,-1,-1
332,27,1787.31,939.14,141.46,119.85,1,-1,-1,-1
333,26,1111.36,745.61,263.01,181.65,1,-1,-1,-1
333,27,1795.22,937.31,139.22,118.14,1,-1,-1,-1
333,29,1545.17,804.50,154.08,128.97,1,-1,-1,-1
334,26,1111.46,745.70,262.84,181.45,1,-1,-1,-1
334,27,1803.54,935.95,140.18,119.23,1,-1,-1,-1
334,29,1547.60,803.55,154.66,129.40,1,-1,-1,-1
335,26,1111.45,745.76,262.82,181.35,1,-1,-1,-1
335,27,1810.49,933.44,141.04,120.34,1,-1,-1,-1
335,29,1548.01,803.11,154.85,129.47,1,-1,-1,-1
336,26,1111.35,745.77,262.73,181.19,1,-1,-1,-1
336,27,1815.19,930.41,142.01,121.43,1,-1,-1,-1
336,29,1547.98,802.71,154.97,129.47,1,-1,-1,-1
337,26,1111.17,745.70,262.96,181.30,1,-1,-1,-1
337,27,1819.49,927.26,140.48,120.11,1,-1,-1,-1
337,29,1547.80,802.89,154.61,129.06,1,-1,-1,-1
338,26,1110.93,745.67,263.19,181.43,1,-1,-1,-1
338,27,1823.21,923.90,139.25,119.21,1,-1,-1,-1
338,29,1547.08,802.92,154.99,129.29,1,-1,-1,-1
339,26,1110.83,745.74,263.21,181.40,1,-1,-1,-1
339,27,1827.87,921.24,138.41,118.53,1,-1,-1,-1
339,29,1546.67,803.32,155.31,129.53,1,-1,-1,-1
340,26,1110.67,745.78,263.42,181.50,1,-1,-1,-1
340,27,1830.89,917.86,137.92,118.04,1,-1,-1,-1
340,29,1544.39,804.47,155.08,129.38,1,-1,-1,-1
341,26,1110.46,745.85,263.59,181.61,1,-1,-1,-1
341,27,1834.71,916.23,136.63,117.05,1,-1,-1,-1
341,29,1543.76,805.01,154.74,129.16,1,-1,-1,-1
342,26,1110.36,745.45,264.07,182.05,1,-1,-1,-1
342,27,1837.36,914.02,134.22,115.15,1,-1,-1,-1
342,29,1542.94,804.97,155.65,130.02,1,-1,-1,-1
343,26,1110.33,745.28,264.27,182.30,1,-1,-1,-1
343,27,1837.71,910.06,133.02,114.45,1,-1,-1,-1
343,29,1542.70,804.77,156.33,130.69,1,-1,-1,-1
344,26,1110.01,745.05,264.79,182.85,1,-1,-1,-1
344,27,1843.45,907.47,133.89,115.81,1,-1,-1,-1
344,29,1547.98,804.67,157.94,132.21,1,-1,-1,-1
345,26,1109.96,744.95,264.74,182.95,1,-1,-1,-1
345,27,1846.45,905.27,137.50,120.10,1,-1,-1,-1
345,29,1552.84,804.90,159.28,133.64,1,-1,-1,-1
346,26,1110.03,744.88,264.45,182.82,1,-1,-1,-1
346,27,1851.61,904.79,137.74,121.58,1,-1,-1,-1
346,29,1551.15,804.13,159.04,133.72,1,-1,-1,-1
347,26,1110.16,744.87,264.21,182.72,1,-1,-1,-1
347,27,1859.69,907.95,134.69,119.93,1,-1,-1,-1
347,29,1551.69,804.10,159.54,134.14,1,-1,-1,-1
348,26,1110.41,744.98,263.94,182.59,1,-1,-1,-1
348,27,1868.55,911.43,130.53,117.38,1,-1,-1,-1
348,32,1687.95,866.40,126.86,122.56,1,-1,-1,-1
349,26,1110.74,744.97,263.48,182.28,1,-1,-1,-1
349,27,1874.78,910.26,129.76,116.69,1,-1,-1,-1
349,32,1675.98,864.32,129.26,124.57,1,-1,-1,-1
350,26,1110.80,744.92,263.64,182.45,1,-1,-1,-1
350,32,1664.09,863.45,131.81,126.67,1,-1,-1,-1
351,26,1110.90,744.69,263.86,182.66,1,-1,-1,-1
351,32,1651.01,860.24,136.00,130.27,1,-1,-1,-1
352,26,1110.84,744.53,264.18,182.95,1,-1,-1,-1
352,32,1636.36,853.15,142.29,136.19,1,-1,-1,-1
353,26,1111.21,744.57,263.71,182.61,1,-1,-1,-1
353,32,1627.20,852.65,143.96,137.57,1,-1,-1,-1
354,26,1111.40,744.75,263.40,182.39,1,-1,-1,-1
354,32,1616.35,854.20,145.10,138.30,1,-1,-1,-1
355,26,1111.47,744.89,263.17,182.26,1,-1,-1,-1
355,32,1602.95,854.07,150.04,142.55,1,-1,-1,-1
356,26,1111.62,745.02,263.17,182.29,1,-1,-1,-1
356,32,1591.95,862.17,145.16,136.73,1,-1,-1,-1
357,26,1111.81,745.05,263.26,182.42,1,-1,-1,-1
357,32,1577.32,863.97,147.34,137.56,1,-1,-1,-1
358,26,1111.78,745.05,263.22,182.42,1,-1,-1,-1
358,32,1562.21,861.83,150.43,139.39,1,-1,-1,-1
359,26,1111.40,744.96,263.50,182.68,1,-1,-1,-1
359,32,1545.49,860.79,156.25,143.35,1,-1,-1,-1
360,26,1111.08,744.73,263.62,182.88,1,-1,-1,-1
360,32,1527.43,856.85,164.19,149.42,1,-1,-1,-1
361,26,1110.69,744.52,264.25,183.55,1,-1,-1,-1
361,32,1509.66,854.88,169.72,153.42,1,-1,-1,-1
362,26,1110.35,744.33,264.77,184.23,1,-1,-1,-1
362,32,1488.44,850.13,179.03,160.44,1,-1,-1,-1
363,26,1109.80,744.30,264.40,184.34,1,-1,-1,-1
363,32,1464.60,850.77,185.99,164.85,1,-1,-1,-1
364,26,1109.34,744.42,263.72,184.20,1,-1,-1,-1
364,32,1441.70,853.67,188.51,165.09,1,-1,-1,-1
365,26,1110.35,744.35,263.47,184.19,1,-1,-1,-1
365,32,1418.05,854.08,194.47,167.61,1,-1,-1,-1
366,26,1110.07,744.18,263.22,184.09,1,-1,-1,-1
366,32,1394.01,852.64,200.29,169.88,1,-1,-1,-1
367,26,1108.05,743.23,262.53,183.85,1,-1,-1,-1
367,32,1365.74,851.61,208.99,173.92,1,-1,-1,-1
368,26,1108.45,742.20,263.97,184.60,1,-1,-1,-1
368,32,1335.75,849.89,215.83,176.48,1,-1,-1,-1
369,26,1108.50,740.54,265.66,185.28,1,-1,-1,-1
369,32,1299.36,847.41,225.67,181.52,1,-1,-1,-1
370,26,1108.30,740.14,265.94,185.47,1,-1,-1,-1
370,32,1267.63,845.07,234.28,185.45,1,-1,-1,-1
371,32,1230.25,842.31,244.21,190.43,1,-1,-1,-1
372,32,1191.40,842.86,251.69,192.33,1,-1,-1,-1
373,32,1144.36,842.42,265.36,199.56,1,-1,-1,-1
373,35,1551.23,803.74,159.04,131.66,1,-1,-1,-1
374,32,1093.48,840.26,284.62,210.82,1,-1,-1,-1
374,35,1550.67,803.72,158.46,131.16,1,-1,-1,-1
375,32,1032.69,833.88,307.72,224.01,1,-1,-1,-1
375,35,1549.98,803.21,158.55,131.23,1,-1,-1,-1
376,32,967.11,827.46,335.07,240.42,1,-1,-1,-1
376,35,1549.70,803.27,158.46,131.09,1,-1,-1,-1
377,32,895.03,821.63,366.03,258.49,1,-1,-1,-1
377,35,1549.91,803.41,158.35,130.90,1,-1,-1,-1
378,32,820.47,817.74,394.13,273.25,1,-1,-1,-1
378,35,1549.49,803.02,158.68,131.14,1,-1,-1,-1
378,38,1110.13,743.89,266.85,188.22,1,-1,-1,-1
379,32,735.04,816.82,419.50,285.78,1,-1,-1,-1
379,35,1548.73,802.36,158.86,131.33,1,-1,-1,-1
379,38,1113.77,744.39,263.83,186.05,1,-1,-1,-1
380,32,634.59,811.74,454.41,304.20,1,-1,-1,-1
380,35,1547.33,801.13,159.45,131.94,1,-1,-1,-1
380,38,1114.34,744.44,261.27,184.16,1,-1,-1,-1
381,32,516.47,809.58,494.12,324.68,1,-1,-1,-1
381,35,1545.65,800.69,160.03,132.60,1,-1,-1,-1
381,38,1115.01,744.50,260.05,183.22,1,-1,-1,-1
382,32,379.80,808.73,539.35,347.28,1,-1,-1,-1
382,35,1544.12,800.40,160.40,133.15,1,-1,-1,-1
382,38,1114.83,744.39,259.66,182.85,1,-1,-1,-1
383,32,223.29,807.05,586.07,369.78,1,-1,-1,-1
383,35,1543.26,800.09,160.47,133.53,1,-1,-1,-1
383,38,1114.01,744.00,260.22,183.16,1,-1,-1,-1
384,32,73.70,803.42,636.96,399.71,1,-1,-1,-1
384,35,1543.39,799.63,160.83,134.33,1,-1,-1,-1
384,38,1113.44,743.37,261.11,183.77,1,-1,-1,-1
384,39,1733.29,849.99,138.61,127.11,1,-1,-1,-1
385,32,-36.31,806.98,670.68,429.55,1,-1,-1,-1
385,35,1543.65,799.59,161.01,134.86,1,-1,-1,-1
385,38,1112.90,743.33,261.10,183.66,1,-1,-1,-1
385,39,1727.57,851.61,140.34,128.79,1,-1,-1,-1
386,32,-109.79,804.98,692.34,443.42,1,-1,-1,-1
386,35,1543.64,799.27,160.39,134.78,1,-1,-1,-1
386,38,1112.70,743.45,260.94,183.45,1,-1,-1,-1
386,39,1723.88,851.99,141.83,130.16,1,-1,-1,-1
387,35,1543.81,799.17,160.38,135.17,1,-1,-1,-1
387,38,1112.29,743.73,260.62,183.04,1,-1,-1,-1
387,40,1706.61,848.75,142.45,134.21,1,-1,-1,-1
388,35,1544.14,799.06,160.15,135.51,1,-1,-1,-1
388,38,1112.03,744.48,260.22,182.56,1,-1,-1,-1
388,40,1694.60,848.09,147.27,138.74,1,-1,-1,-1
389,35,1543.63,798.78,160.51,135.81,1,-1,-1,-1
389,38,1111.83,744.70,260.60,182.65,1,-1,-1,-1
389,40,1680.66,845.31,153.82,144.83,1,-1,-1,-1
390,38,1112.86,744.96,260.03,182.10,1,-1,-1,-1
390,40,1669.19,847.21,152.88,143.72,1,-1,-1,-1
391,38,1113.17,745.04,260.08,181.98,1,-1,-1,-1
391,40,1658.25,849.34,152.10,142.67,1,-1,-1,-1
392,38,1113.24,744.91,260.45,182.13,1,-1,-1,-1
392,40,1645.18,851.88,152.44,142.61,1,-1,-1,-1
393,38,1113.10,744.75,260.97,182.39,1,-1,-1,-1
393,40,1632.73,850.99,154.44,144.36,1,-1,-1,-1
394,38,1112.92,744.80,261.32,182.54,1,-1,-1,-1
394,40,1617.15,845.54,161.72,151.12,1,-1,-1,-1
395,38,1112.91,744.88,261.39,182.56,1,-1,-1,-1
395,40,1599.60,840.81,167.97,157.16,1,-1,-1,-1
396,38,1113.07,744.98,261.21,182.39,1,-1,-1,-1
396,40,1584.41,839.93,170.61,158.88,1,-1,-1,-1
397,38,1112.68,744.93,261.77,182.81,1,-1,-1,-1
397,40,1564.77,834.69,181.49,168.24,1,-1,-1,-1
398,38,1112.49,744.77,262.05,183.06,1,-1,-1,-1
398,40,1549.86,832.51,184.92,170.63,1,-1,-1,-1
399,38,1112.40,744.47,262.39,183.37,1,-1,-1,-1
399,40,1531.89,831.02,190.55,174.87,1,-1,-1,-1
400,38,1112.30,744.62,262.34,183.47,1,-1,-1,-1
400,40,1515.00,835.40,190.84,173.63,1,-1,-1,-1
401,38,1111.74,744.51,262.72,183.96,1,-1,-1,-1
401,40,1492.61,831.25,201.28,182.00,1,-1,-1,-1
402,38,1111.49,744.54,262.69,184.03,1,-1,-1,-1
402,40,1469.80,829.59,208.66,187.00,1,-1,-1,-1
403,38,1111.39,744.40,262.35,183.88,1,-1,-1,-1
403,40,1447.99,830.02,215.09,190.03,1,-1,-1,-1
404,38,1111.96,744.37,262.76,184.18,1,-1,-1,-1
404,40,1421.28,829.09,221.51,192.78,1,-1,-1,-1
405,38,1111.74,743.75,262.62,184.03,1,-1,-1,-1
405,40,1392.36,829.22,227.72,195.12,1,-1,-1,-1
406,38,1109.45,742.93,262.94,184.51,1,-1,-1,-1
406,40,1363.60,832.26,233.10,196.32,1,-1,-1,-1
407,38,1109.77,741.84,263.24,184.29,1,-1,-1,-1
407,40,1330.65,830.87,244.07,202.24,1,-1,-1,-1
408,38,1109.30,740.45,263.84,184.14,1,-1,-1,-1
408,40,1289.57,826.80,256.31,208.99,1,-1,-1,-1
409,38,1109.11,740.07,263.87,184.16,1,-1,-1,-1
409,40,1249.03,823.04,270.60,217.30,1,-1,-1,-1
410,40,1205.11,819.87,286.96,227.29,1,-1,-1,-1
411,40,1156.16,822.04,298.42,232.31,1,-1,-1,-1
412,40,1102.45,815.96,320.99,246.14,1,-1,-1,-1
412,41,1550.36,803.17,155.93,130.32,1,-1,-1,-1
413,40,1035.58,807.92,349.41,264.47,1,-1,-1,-1
413,41,1550.36,802.99,155.29,129.69,1,-1,-1,-1
414,40,962.94,801.56,380.06,283.18,1,-1,-1,-1
414,41,1550.01,802.96,154.77,129.14,1,-1,-1,-1
415,40,882.40,795.18,410.81,300.62,1,-1,-1,-1
415,41,1550.05,802.68,155.51,129.62,1,-1,-1,-1
416,40,789.76,787.35,447.87,322.79,1,-1,-1,-1
416,41,1549.92,802.39,156.28,130.17,1,-1,-1,-1
417,40,688.17,784.94,482.18,340.79,1,-1,-1,-1
417,41,1549.73,802.03,157.01,130.67,1,-1,-1,-1
418,40,566.39,784.50,522.82,362.08,1,-1,-1,-1
418,41,1549.60,801.93,157.04,130.58,1,-1,-1,-1
418,42,1111.87,742.89,264.49,186.28,1,-1,-1,-1
419,40,422.32,784.47,569.66,385.77,1,-1,-1,-1
419,41,1549.42,802.00,157.01,130.39,1,-1,-1,-1
419,42,1112.98,743.46,263.16,185.31,1,-1,-1,-1
420,40,254.99,781.26,623.02,411.68,1,-1,-1,-1
420,41,1548.93,802.01,157.18,130.46,1,-1,-1,-1
420,42,1113.78,743.37,261.82,184.30,1,-1,-1,-1
421,40,89.57,777.52,685.94,449.93,1,-1,-1,-1
421,41,1549.36,801.86,158.02,131.02,1,-1,-1,-1
421,42,1113.70,742.46,262.40,184.68,1,-1,-1,-1
422,40,-29.47,776.43,726.27,485.42,1,-1,-1,-1
422,41,1549.65,801.76,158.24,130.94,1,-1,-1,-1
422,42,1113.61,742.21,262.19,184.46,1,-1,-1,-1
423,40,-105.59,773.73,750.22,501.42,1,-1,-1,-1
423,41,1550.48,802.14,157.95,130.39,1,-1,-1,-1
423,42,1114.01,742.73,261.42,183.80,1,-1,-1,-1
424,41,1550.71,802.09,158.19,130.22,1,-1,-1,-1
424,42,1113.88,742.90,260.96,183.37,1,-1,-1,-1
425,41,1550.92,802.79,157.88,129.57,1,-1,-1,-1
425,42,1114.02,743.89,259.84,182.45,1,-1,-1,-1
426,41,1550.93,803.13,158.02,129.31,1,-1,-1,-1
426,42,1114.27,744.30,259.30,181.91,1,-1,-1,-1
427,41,1550.91,803.41,158.19,129.12,1,-1,-1,-1
427,42,1114.35,744.64,259.00,181.51,1,-1,-1,-1
428,41,1550.78,803.52,158.40,129.01,1,-1,-1,-1
428,42,1114.35,744.81,259.00,181.35,1,-1,-1,-1
429,41,1550.52,803.68,158.58,128.87,1,-1,-1,-1
429,42,1114.16,744.92,259.12,181.26,1,-1,-1,-1
430,41,1550.44,803.82,158.70,128.71,1,-1,-1,-1
430,42,1114.09,745.02,259.21,181.15,1,-1,-1,-1
431,41,1550.33,803.83,158.94,128.67,1,-1,-1,-1
431,42,1113.77,745.04,259.69,181.37,1,-1,-1,-1
432,41,1549.97,803.75,159.27,128.75,1,-1,-1,-1
432,42,1113.65,745.01,260.01,181.49,1,-1,-1,-1
433,41,1549.89,803.65,159.80,128.99,1,-1,-1,-1
433,42,1113.43,744.78,260.69,181.89,1,-1,-1,-1
434,41,1549.73,803.51,160.29,129.23,1,-1,-1,-1
434,42,1113.36,744.75,260.90,181.96,1,-1,-1,-1
435,41,1549.58,803.49,160.53,129.28,1,-1,-1,-1
435,42,1113.37,744.81,260.96,181.94,1,-1,-1,-1
436,41,1549.36,803.57,160.55,129.19,1,-1,-1,-1
436,42,1113.36,744.89,260.99,181.89,1,-1,-1,-1
437,41,1549.07,803.69,160.47,129.05,1,-1,-1,-1
437,42,1113.29,744.91,261.05,181.89,1,-1,-1,-1
438,41,1549.07,803.81,160.43,128.91,1,-1,-1,-1
438,42,1113.30,744.90,261.08,181.86,1,-1,-1,-1
439,41,1549.16,803.94,160.38,128.76,1,-1,-1,-1
439,42,1113.36,744.95,260.96,181.73,1,-1,-1,-1
440,41,1548.98,803.95,160.45,128.70,1,-1,-1,-1
440,42,1113.38,744.96,260.95,181.68,1,-1,-1,-1
441,41,1548.90,804.02,160.49,128.63,1,-1,-1,-1
441,42,1113.36,745.03,260.89,181.59,1,-1,-1,-1
442,41,1548.84,803.99,160.66,128.69,1,-1,-1,-1
442,42,1113.28,744.99,261.09,181.69,1,-1,-1,-1
443,41,1548.76,803.95,160.75,128.69,1,-1,-1,-1
443,42,1113.14,744.96,261.20,181.74,1,-1,-1,-1
444,41,1548.77,803.96,160.79,128.64,1,-1,-1,-1
444,42,1113.18,744.99,261.15,181.66,1,-1,-1,-1
445,41,1549.15,803.99,160.55,128.40,1,-1,-1,-1
445,42,1113.26,745.16,260.85,181.39,1,-1,-1,-1
446,41,1549.27,804.00,160.39,128.24,1,-1,-1,-1
446,42,1113.27,745.28,260.74,181.25,1,-1,-1,-1
447,41,1549.15,803.90,160.42,128.23,1,-1,-1,-1
447,42,1113.28,745.30,260.83,181.28,1,-1,-1,-1
448,41,1549.04,803.88,160.44,128.25,1,-1,-1,-1
448,42,1113.29,745.34,260.78,181.20,1,-1,-1,-1
449,41,1548.88,803.81,160.66,128.44,1,-1,-1,-1
449,42,1113.18,745.29,260.95,181.28,1,-1,-1,-1
450,41,1548.79,803.76,160.66,128.47,1,-1,-1,-1
450,42,1113.12,745.27,261.03,181.31,1,-1,-1,-1
451,41,1548.52,803.59,160.83,128.67,1,-1,-1,-1
451,42,1113.01,745.16,261.12,181.35,1,-1,-1,-1
452,41,1548.41,803.38,160.94,128.80,1,-1,-1,-1
452,42,1112.93,745.07,261.22,181.40,1,-1,-1,-1
453,41,1548.29,803.32,160.99,128.89,1,-1,-1,-1
453,42,1112.88,745.09,261.22,181.38,1,-1,-1,-1
454,41,1548.34,803.39,160.62,128.62,1,-1,-1,-1
454,42,1112.86,745.07,261.21,181.35,1,-1,-1,-1
455,41,1548.14,803.34,160.52,128.62,1,-1,-1,-1
455,42,1112.89,745.07,261.23,181.34,1,-1,-1,-1
456,41,1548.07,803.34,160.31,128.50,1,-1,-1,-1
456,42,1112.92,745.13,261.20,181.29,1,-1,-1,-1
457,41,1548.13,803.55,160.14,128.34,1,-1,-1,-1
457,42,1112.67,745.11,261.57,181.55,1,-1,-1,-1
458,41,1548.19,803.67,160.07,128.20,1,-1,-1,-1
458,42,1112.61,745.05,261.76,181.71,1,-1,-1,-1
459,41,1548.41,803.68,160.19,128.23,1,-1,-1,-1
459,42,1112.72,745.13,261.72,181.70,1,-1,-1,-1
460,41,1548.74,803.86,160.29,128.19,1,-1,-1,-1
460,42,1112.79,745.12,261.77,181.76,1,-1,-1,-1
461,41,1548.38,803.80,160.46,128.25,1,-1,-1,-1
461,42,1112.66,745.07,261.94,181.94,1,-1,-1,-1
462,41,1548.75,803.55,160.70,128.26,1,-1,-1,-1
462,42,1112.74,745.23,261.18,181.33,1,-1,-1,-1
463,41,1548.97,803.51,160.97,128.28,1,-1,-1,-1
463,42,1112.76,745.39,260.82,181.00,1,-1,-1,-1
464,41,1548.94,803.40,161.22,128.32,1,-1,-1,-1
464,42,1112.81,745.40,260.77,180.91,1,-1,-1,-1
465,41,1548.68,803.29,161.39,128.37,1,-1,-1,-1
465,42,1112.75,745.33,260.91,180.97,1,-1,-1,-1
466,41,1548.62,803.26,161.41,128.29,1,-1,-1,-1
466,42,1112.81,745.32,260.90,180.95,1,-1,-1,-1
467,41,1548.50,803.32,161.39,128.19,1,-1,-1,-1
467,42,1112.86,745.37,260.81,180.86,1,-1,-1,-1
468,41,1548.48,803.37,161.47,128.19,1,-1,-1,-1
468,42,1112.81,745.38,260.80,180.79,1,-1,-1,-1
469,41,1548.22,802.75,162.21,128.91,1,-1,-1,-1
469,42,1112.61,745.52,260.96,180.85,1,-1,-1,-1
470,41,1547.83,802.58,162.57,129.37,1,-1,-1,-1
470,42,1112.51,745.53,261.07,180.90,1,-1,-1,-1
471,41,1547.92,802.50,162.73,129.66,1,-1,-1,-1
471,42,1112.51,745.43,261.21,180.98,1,-1,-1,-1
472,41,1547.55,802.44,162.93,130.04,1,-1,-1,-1
472,42,1112.25,745.43,261.28,181.01,1,-1,-1,-1
473,41,1547.23,802.42,162.88,130.22,1,-1,-1,-1
473,42,1112.01,745.42,261.44,181.10,1,-1,-1,-1
474,41,1547.50,802.47,162.63,130.22,1,-1,-1,-1
474,42,1111.92,745.43,261.50,181.12,1,-1,-1,-1
475,41,1547.03,802.62,162.49,130.27,1,-1,-1,-1
475,42,1111.86,745.43,261.58,181.16,1,-1,-1,-1
475,43,1796.79,868.27,119.77,108.29,1,-1,-1,-1
476,41,1546.27,802.77,162.29,130.33,1,-1,-1,-1
476,42,1111.86,745.38,261.66,181.22,1,-1,-1,-1
476,43,1793.80,869.59,119.35,107.94,1,-1,-1,-1
477,41,1545.89,802.65,162.31,130.49,1,-1,-1,-1
477,42,1111.82,745.32,261.73,181.27,1,-1,-1,-1
477,43,1787.51,868.43,120.98,109.46,1,-1,-1,-1
478,41,1545.37,802.72,162.39,130.72,1,-1,-1,-1
478,42,1111.79,745.29,261.77,181.32,1,-1,-1,-1
478,43,1784.16,868.86,121.17,109.64,1,-1,-1,-1
479,41,1544.49,802.69,162.23,130.75,1,-1,-1,-1
479,42,1111.74,745.18,261.85,181.40,1,-1,-1,-1
480,41,1543.47,802.54,162.23,130.92,1,-1,-1,-1
480,42,1111.72,745.14,261.86,181.42,1,-1,-1,-1
481,41,1541.99,802.49,162.25,131.11,1,-1,-1,-1
481,42,1111.53,745.05,262.31,181.81,1,-1,-1,-1
482,41,1541.01,802.44,162.39,131.42,1,-1,-1,-1
482,42,1111.55,744.99,262.37,181.92,1,-1,-1,-1
482,44,1762.00,863.69,126.40,114.66,1,-1,-1,-1
483,41,1539.09,803.53,161.45,130.93,1,-1,-1,-1
483,42,1111.68,744.98,262.35,181.95,1,-1,-1,-1
483,44,1756.85,865.61,126.66,114.75,1,-1,-1,-1
484,41,1538.03,803.72,161.20,131.00,1,-1,-1,-1
484,42,1111.69,744.93,262.38,182.02,1,-1,-1,-1
484,44,1750.62,867.32,127.36,115.28,1,-1,-1,-1
485,41,1537.91,803.69,160.99,131.17,1,-1,-1,-1
485,42,1111.64,744.81,262.47,182.16,1,-1,-1,-1
485,44,1737.30,864.11,130.86,118.49,1,-1,-1,-1
486,41,1538.28,803.63,160.91,131.50,1,-1,-1,-1
486,42,1111.60,744.76,262.47,182.22,1,-1,-1,-1
486,44,1728.14,863.61,131.88,119.45,1,-1,-1,-1
487,41,1538.55,803.30,161.22,132.18,1,-1,-1,-1
487,42,1111.66,744.75,262.36,182.22,1,-1,-1,-1
487,44,1719.09,862.59,133.72,121.16,1,-1,-1,-1
488,41,1540.45,802.33,161.91,133.19,1,-1,-1,-1
488,42,1111.43,744.78,262.30,182.25,1,-1,-1,-1
488,44,1708.05,859.77,136.88,124.02,1,-1,-1,-1
489,41,1542.96,802.39,161.01,132.94,1,-1,-1,-1
489,42,1111.50,744.94,262.03,182.14,1,-1,-1,-1
489,44,1700.02,863.06,135.87,123.01,1,-1,-1,-1
490,41,1542.87,802.32,161.27,133.16,1,-1,-1,-1
490,42,1111.50,744.95,262.12,182.27,1,-1,-1,-1
490,44,1685.79,860.67,140.28,126.80,1,-1,-1,-1
491,42,1111.45,744.78,262.45,182.56,1,-1,-1,-1
491,44,1670.41,857.99,146.16,132.00,1,-1,-1,-1
492,42,1111.42,744.65,262.68,182.77,1,-1,-1,-1
492,44,1659.65,859.41,147.26,132.60,1,-1,-1,-1
493,42,1111.43,744.63,262.68,182.79,1,-1,-1,-1
493,44,1648.32,861.75,147.52,132.31,1,-1,-1,-1
494,42,1111.40,744.47,262.91,183.00,1,-1,-1,-1
494,44,1633.23,857.05,152.30,136.76,1,-1,-1,-1
495,42,1111.54,744.44,262.85,183.01,1,-1,-1,-1
495,44,1620.15,855.12,154.60,138.84,1,-1,-1,-1
496,42,1111.48,744.60,262.57,182.89,1,-1,-1,-1
496,44,1604.34,854.09,159.34,143.08,1,-1,-1,-1
497,42,1111.50,744.67,262.39,182.83,1,-1,-1,-1
497,44,1592.23,860.00,157.14,140.09,1,-1,-1,-1
498,42,1111.80,745.03,261.91,182.45,1,-1,-1,-1
498,44,1573.53,864.24,159.43,140.65,1,-1,-1,-1
499,42,1112.02,745.09,261.72,182.29,1,-1,-1,-1
499,44,1554.76,863.69,164.19,143.36,1,-1,-1,-1
500,42,1112.01,745.14,261.68,182.20,1,-1,-1,-1
500,44,1539.71,865.49,166.66,143.74,1,-1,-1,-1
500,45,1779.68,867.37,117.81,115.58,1,-1,-1,-1
501,42,1111.58,744.96,262.10,182.61,1,-1,-1,-1
501,44,1520.45,862.67,172.88,147.35,1,-1,-1,-1
501,45,1776.08,867.31,118.21,115.82,1,-1,-1,-1
502,42,1110.92,744.67,262.75,183.29,1,-1,-1,-1
502,44,1498.47,858.26,183.53,155.39,1,-1,-1,-1
502,45,1773.54,867.43,118.10,115.72,1,-1,-1,-1
503,42,1110.81,744.49,262.56,183.38,1,-1,-1,-1
503,44,1475.76,853.58,192.73,161.72,1,-1,-1,-1
504,42,1110.38,744.29,262.39,183.49,1,-1,-1,-1
504,44,1452.49,855.40,198.82,165.29,1,-1,-1,-1
505,42,1110.60,744.15,262.84,184.03,1,-1,-1,-1
505,44,1424.30,855.73,204.67,168.28,1,-1,-1,-1
505,46,1748.66,867.00,124.83,118.88,1,-1,-1,-1
506,42,1110.55,743.98,262.64,183.96,1,-1,-1,-1
506,44,1397.89,853.67,212.33,172.11,1,-1,-1,-1
506,46,1743.41,867.31,125.66,119.55,1,-1,-1,-1
507,42,1108.15,743.02,262.74,184.29,1,-1,-1,-1
507,44,1367.05,853.74,220.09,175.38,1,-1,-1,-1
507,46,1740.35,869.26,124.75,118.46,1,-1,-1,-1
508,42,1109.05,742.32,263.65,184.60,1,-1,-1,-1
508,44,1333.42,851.21,230.79,180.18,1,-1,-1,-1
508,46,1732.42,867.78,127.92,121.35,1,-1,-1,-1
509,42,1108.39,740.41,266.48,186.13,1,-1,-1,-1
509,44,1294.38,849.61,240.97,184.90,1,-1,-1,-1
509,46,1728.08,868.18,128.46,121.86,1,-1,-1,-1
510,42,1108.36,739.56,267.16,185.89,1,-1,-1,-1
510,44,1254.95,847.06,252.44,189.90,1,-1,-1,-1
510,47,1709.93,861.62,143.24,131.57,1,-1,-1,-1
511,42,1108.18,739.10,267.52,186.15,1,-1,-1,-1
511,44,1211.39,842.95,269.05,199.13,1,-1,-1,-1
511,47,1698.01,855.51,148.33,136.52,1,-1,-1,-1
512,44,1159.60,842.35,286.85,208.77,1,-1,-1,-1
512,47,1690.49,860.85,144.93,133.41,1,-1,-1,-1
513,44,1104.71,838.74,309.68,221.33,1,-1,-1,-1
513,47,1676.96,861.49,145.75,134.05,1,-1,-1,-1
514,44,1040.38,835.71,333.44,234.30,1,-1,-1,-1
514,47,1669.79,869.80,142.22,130.46,1,-1,-1,-1
515,44,969.21,827.23,363.32,250.58,1,-1,-1,-1
515,47,1657.56,869.80,142.01,130.01,1,-1,-1,-1
516,44,885.64,816.99,401.60,272.70,1,-1,-1,-1
516,47,1643.60,868.36,144.73,132.11,1,-1,-1,-1
517,44,804.13,816.36,427.70,284.59,1,-1,-1,-1
517,47,1630.57,865.57,148.87,135.85,1,-1,-1,-1
518,44,707.39,814.55,459.83,299.91,1,-1,-1,-1
518,47,1614.85,859.03,156.85,143.40,1,-1,-1,-1
518,49,1113.25,743.63,261.42,185.24,1,-1,-1,-1
519,44,590.25,813.04,499.13,318.05,1,-1,-1,-1
519,47,1596.46,851.29,165.72,151.66,1,-1,-1,-1
519,49,1115.18,744.19,259.18,183.55,1,-1,-1,-1
520,44,452.85,810.62,547.66,340.35,1,-1,-1,-1
520,47,1583.62,858.47,162.00,147.43,1,-1,-1,-1
520,49,1115.69,744.82,258.23,182.73,1,-1,-1,-1
521,44,292.73,809.37,600.82,363.31,1,-1,-1,-1
521,47,1567.86,861.16,161.56,145.99,1,-1,-1,-1
521,49,1114.97,744.56,258.51,182.77,1,-1,-1,-1
522,44,126.63,807.30,658.02,390.07,1,-1,-1,-1
522,47,1551.42,864.10,163.09,146.33,1,-1,-1,-1
522,49,1114.36,743.92,259.09,183.09,1,-1,-1,-1
523,44,0.98,804.57,711.98,427.02,1,-1,-1,-1
523,47,1530.83,864.31,169.03,150.49,1,-1,-1,-1
523,49,1113.82,743.57,259.31,183.16,1,-1,-1,-1
524,44,-76.05,807.52,698.80,430.15,1,-1,-1,-1
524,47,1511.30,858.68,177.32,157.00,1,-1,-1,-1
524,49,1113.93,743.70,259.76,183.42,1,-1,-1,-1
525,44,-140.73,821.09,670.08,431.77,1,-1,-1,-1
525,47,1488.03,850.73,188.17,165.78,1,-1,-1,-1
525,49,1113.79,743.73,260.07,183.55,1,-1,-1,-1
526,44,-215.59,820.16,689.45,444.25,1,-1,-1,-1
526,47,1464.07,853.40,192.82,167.98,1,-1,-1,-1
526,49,1112.97,743.98,259.58,183.12,1,-1,-1,-1
527,47,1439.50,856.26,195.86,168.34,1,-1,-1,-1
527,49,1113.04,744.58,259.26,182.83,1,-1,-1,-1
528,47,1410.64,854.69,203.69,172.45,1,-1,-1,-1
528,49,1113.48,744.70,259.28,182.71,1,-1,-1,-1
529,47,1381.49,852.75,211.87,176.37,1,-1,-1,-1
529,49,1112.10,744.00,260.23,183.24,1,-1,-1,-1
530,47,1348.12,852.46,220.72,180.16,1,-1,-1,-1
530,49,1110.44,743.07,261.83,184.30,1,-1,-1,-1
531,47,1312.27,852.50,227.75,183.00,1,-1,-1,-1
531,49,1110.67,741.66,263.40,184.83,1,-1,-1,-1
532,47,1273.98,849.28,237.95,188.04,1,-1,-1,-1
532,49,1109.62,740.72,264.75,185.17,1,-1,-1,-1
533,47,1232.69,846.88,248.41,193.09,1,-1,-1,-1
533,49,1109.47,740.40,264.81,185.21,1,-1,-1,-1
534,47,1186.63,844.70,260.59,199.12,1,-1,-1,-1
535,47,1133.23,843.36,279.15,209.94,1,-1,-1,-1
536,47,1074.99,840.99,298.71,221.18,1,-1,-1,-1
536,51,1549.89,805.02,160.84,129.75,1,-1,-1,-1
537,47,1007.78,833.64,324.44,236.08,1,-1,-1,-1
537,51,1549.73,804.58,161.17,129.91,1,-1,-1,-1
538,47,936.31,827.50,353.77,253.50,1,-1,-1,-1
538,51,1550.12,804.17,161.29,129.84,1,-1,-1,-1
539,47,855.00,823.94,379.80,266.99,1,-1,-1,-1
539,51,1550.51,803.93,161.53,129.85,1,-1,-1,-1
539,52,1106.78,743.30,275.28,188.60,1,-1,-1,-1
540,47,763.37,822.12,408.68,281.96,1,-1,-1,-1
540,51,1549.40,803.61,161.96,130.12,1,-1,-1,-1
540,52,1107.96,743.48,272.62,186.98,1,-1,-1,-1
541,47,660.08,820.59,442.77,299.62,1,-1,-1,-1
541,51,1548.50,803.41,161.17,129.46,1,-1,-1,-1
541,52,1111.12,743.47,268.96,184.63,1,-1,-1,-1
542,47,535.35,817.89,482.51,319.25,1,-1,-1,-1
542,51,1548.00,803.25,161.02,129.29,1,-1,-1,-1
542,52,1112.13,743.49,267.43,183.79,1,-1,-1,-1
543,47,384.52,815.95,533.02,343.99,1,-1,-1,-1
543,51,1547.58,803.06,161.18,129.33,1,-1,-1,-1
543,52,1112.04,743.40,266.56,183.37,1,-1,-1,-1
544,47,213.86,814.28,584.62,367.89,1,-1,-1,-1
544,51,1546.38,802.38,161.89,129.92,1,-1,-1,-1
544,52,1112.35,743.30,265.58,182.78,1,-1,-1,-1
545,47,65.10,814.39,635.01,398.24,1,-1,-1,-1
545,51,1546.43,802.17,161.99,130.07,1,-1,-1,-1
545,52,1112.44,743.09,265.15,182.60,1,-1,-1,-1
546,47,-35.52,814.69,648.92,414.64,1,-1,-1,-1
546,51,1547.14,802.28,161.54,129.81,1,-1,-1,-1
546,52,1112.69,743.11,264.63,182.40,1,-1,-1,-1
547,47,-111.06,812.85,669.26,427.63,1,-1,-1,-1
547,51,1547.80,802.55,160.96,129.32,1,-1,-1,-1
547,52,1112.83,743.53,263.72,181.85,1,-1,-1,-1
548,51,1548.01,802.93,160.75,128.87,1,-1,-1,-1
548,52,1112.42,744.07,262.86,181.19,1,-1,-1,-1
549,51,1548.63,803.69,160.18,128.25,1,-1,-1,-1
549,52,1112.70,744.80,261.99,180.60,1,-1,-1,-1
550,51,1548.69,803.99,160.06,128.02,1,-1,-1,-1
550,52,1112.83,745.09,261.59,180.32,1,-1,-1,-1
551,51,1548.84,804.13,160.16,127.91,1,-1,-1,-1
551,52,1112.78,745.19,261.51,180.26,1,-1,-1,-1
552,51,1548.86,804.21,160.33,127.91,1,-1,-1,-1
552,52,1112.71,745.20,261.62,180.33,1,-1,-1,-1
553,51,1548.14,804.24,160.86,128.05,1,-1,-1,-1
553,52,1112.06,745.08,262.44,180.91,1,-1,-1,-1
554,51,1547.67,804.23,161.24,128.11,1,-1,-1,-1
554,52,1111.70,744.97,262.90,181.26,1,-1,-1,-1
555,51,1547.44,804.21,161.61,128.16,1,-1,-1,-1
555,52,1111.62,744.93,263.06,181.39,1,-1,-1,-1
556,51,1547.38,804.21,161.92,128.17,1,-1,-1,-1
556,52,1111.59,744.91,263.18,181.51,1,-1,-1,-1
557,51,1547.20,804.15,162.14,128.18,1,-1,-1,-1
557,52,1111.66,744.91,263.17,181.53,1,-1,-1,-1
558,51,1547.04,804.12,162.31,128.16,1,-1,-1,-1
558,52,1111.65,744.86,263.23,181.59,1,-1,-1,-1
559,51,1546.89,804.06,162.55,128.23,1,-1,-1,-1
559,52,1111.67,744.81,263.25,181.65,1,-1,-1,-1
560,51,1546.63,804.03,162.73,128.26,1,-1,-1,-1
560,52,1111.76,744.78,263.19,181.65,1,-1,-1,-1
561,51,1546.25,803.90,162.96,128.38,1,-1,-1,-1
561,52,1111.72,744.76,263.14,181.64,1,-1,-1,-1
562,51,1546.37,803.90,162.99,128.37,1,-1,-1,-1
562,52,1111.68,744.74,263.15,181.70,1,-1,-1,-1
563,51,1546.42,803.82,163.18,128.54,1,-1,-1,-1
563,52,1111.79,744.74,263.19,181.79,1,-1,-1,-1
564,51,1546.39,803.77,163.28,128.63,1,-1,-1,-1
564,52,1111.82,744.73,263.15,181.81,1,-1,-1,-1
565,51,1546.76,803.90,163.12,128.42,1,-1,-1,-1
565,52,1111.93,744.84,262.96,181.71,1,-1,-1,-1
566,51,1546.56,803.83,163.36,128.61,1,-1,-1,-1
566,52,1111.92,744.85,263.00,181.76,1,-1,-1,-1
567,51,1546.64,803.90,163.43,128.63,1,-1,-1,-1
567,52,1111.92,744.85,263.01,181.78,1,-1,-1,-1
568,51,1546.61,803.85,163.61,128.74,1,-1,-1,-1
568,52,1111.93,744.82,263.02,181.80,1,-1,-1,-1
569,51,1546.57,803.79,163.65,128.73,1,-1,-1,-1
569,52,1111.98,744.82,262.95,181.76,1,-1,-1,-1
570,51,1546.53,803.26,163.59,128.87,1,-1,-1,-1
570,52,1112.31,744.90,262.36,181.24,1,-1,-1,-1
571,51,1546.43,803.06,163.50,128.95,1,-1,-1,-1
571,52,1112.38,744.91,262.33,181.15,1,-1,-1,-1
572,51,1546.44,802.95,163.40,128.99,1,-1,-1,-1
572,52,1112.33,744.87,262.32,181.06,1,-1,-1,-1
573,51,1546.62,802.92,163.03,128.87,1,-1,-1,-1
573,52,1112.29,744.83,262.49,181.13,1,-1,-1,-1
574,51,1546.71,802.90,162.74,128.80,1,-1,-1,-1
574,52,1112.21,744.82,262.60,181.15,1,-1,-1,-1
575,51,1546.75,802.94,162.53,128.76,1,-1,-1,-1
575,52,1112.16,744.75,262.81,181.27,1,-1,-1,-1
576,51,1546.70,802.93,162.40,128.78,1,-1,-1,-1
576,52,1112.09,744.71,262.90,181.29,1,-1,-1,-1
577,51,1547.46,802.85,162.40,128.82,1,-1,-1,-1
577,52,1112.07,744.83,262.50,180.94,1,-1,-1,-1
578,51,1547.59,802.77,162.42,128.90,1,-1,-1,-1
578,52,1111.95,744.86,262.46,180.86,1,-1,-1,-1
579,51,1547.64,802.73,162.49,128.99,1,-1,-1,-1
579,52,1111.82,744.81,262.56,180.88,1,-1,-1,-1
580,51,1547.51,802.79,162.97,129.31,1,-1,-1,-1
580,52,1111.75,745.11,262.31,180.62,1,-1,-1,-1
581,51,1547.52,802.76,163.37,129.58,1,-1,-1,-1
581,52,1111.75,745.20,262.33,180.56,1,-1,-1,-1
582,51,1547.51,802.69,163.57,129.72,1,-1,-1,-1
582,52,1111.70,745.28,262.37,180.53,1,-1,-1,-1
583,51,1547.38,802.64,163.70,129.86,1,-1,-1,-1
583,52,1111.74,745.32,262.42,180.52,1,-1,-1,-1
584,51,1547.58,802.64,163.81,130.00,1,-1,-1,-1
584,52,1111.65,745.31,262.51,180.55,1,-1,-1,-1
585,51,1547.65,802.60,163.84,130.07,1,-1,-1,-1
585,52,1111.57,745.29,262.59,180.57,1,-1,-1,-1
586,51,1547.73,802.53,163.84,130.11,1,-1,-1,-1
586,52,1111.55,745.30,262.64,180.57,1,-1,-1,-1
587,51,1547.73,802.55,163.79,130.07,1,-1,-1,-1
587,52,1111.56,745.31,262.62,180.53,1,-1,-1,-1
588,51,1547.71,802.54,163.80,130.08,1,-1,-1,-1
588,52,1111.50,745.35,262.66,180.53,1,-1,-1,-1
589,51,1547.45,802.73,163.49,129.88,1,-1,-1,-1
589,52,1111.57,745.30,262.63,180.50,1,-1,-1,-1
590,51,1547.61,802.90,163.73,130.02,1,-1,-1,-1
590,52,1111.60,745.11,263.03,180.82,1,-1,-1,-1
591,51,1547.64,802.92,163.84,130.04,1,-1,-1,-1
591,52,1111.56,744.99,263.31,181.07,1,-1,-1,-1
592,51,1547.63,802.92,163.95,130.07,1,-1,-1,-1
592,52,1111.47,744.92,263.44,181.19,1,-1,-1,-1
593,51,1547.68,802.97,163.96,130.04,1,-1,-1,-1
593,52,1111.65,744.87,263.32,181.13,1,-1,-1,-1
594,51,1547.71,803.00,164.00,130.04,1,-1,-1,-1
594,52,1111.71,744.92,263.14,181.00,1,-1,-1,-1
595,51,1547.71,803.04,164.07,130.06,1,-1,-1,-1
595,52,1111.65,744.91,263.17,181.01,1,-1,-1,-1
596,51,1547.67,803.07,164.08,130.04,1,-1,-1,-1
596,52,1111.70,744.87,263.16,181.02,1,-1,-1,-1
597,51,1547.62,803.09,164.11,130.01,1,-1,-1,-1
597,52,1111.74,744.98,262.99,180.90,1,-1,-1,-1
598,51,1547.56,803.13,164.13,129.98,1,-1,-1,-1
598,52,1111.74,745.02,262.87,180.81,1,-1,-1,-1
599,51,1547.58,803.11,164.24,130.01,1,-1,-1,-1
599,52,1111.74,745.06,262.87,180.80,1,-1,-1,-1
600,51,1547.34,802.93,164.50,130.14,1,-1,-1,-1
600,52,1111.68,745.38,262.82,180.69,1,-1,-1,-1
601,51,1546.58,802.44,165.15,130.65,1,-1,-1,-1
601,52,1111.68,745.57,262.90,180.70,1,-1,-1,-1
602,51,1546.26,802.25,165.46,130.91,1,-1,-1,-1
602,52,1111.58,745.66,263.02,180.73,1,-1,-1,-1
603,51,1546.19,802.18,165.53,130.98,1,-1,-1,-1
603,52,1111.54,745.73,263.04,180.71,1,-1,-1,-1
604,51,1546.08,802.16,165.44,130.94,1,-1,-1,-1
604,52,1111.56,745.74,263.11,180.74,1,-1,-1,-1
605,51,1546.01,802.13,165.40,130.95,1,-1,-1,-1
605,52,1111.56,745.70,263.25,180.85,1,-1,-1,-1
606,51,1546.02,802.12,165.31,130.91,1,-1,-1,-1
606,52,1111.57,745.70,263.18,180.76,1,-1,-1,-1
607,51,1546.07,802.12,165.21,130.87,1,-1,-1,-1
607,52,1111.58,745.63,263.29,180.83,1,-1,-1,-1
608,51,1546.25,802.20,165.00,130.76,1,-1,-1,-1
608,52,1111.54,745.62,263.45,180.94,1,-1,-1,-1
