3,1,1163.59,245.67,241.03,176.85,1,-1,-1,-1
4,1,1139.20,241.14,239.15,175.47,1,-1,-1,-1
4,2,1407.88,133.61,148.95,146.75,1,-1,-1,-1
5,1,1117.88,238.42,236.25,173.67,1,-1,-1,-1
5,2,1408.03,133.69,148.59,146.34,1,-1,-1,-1
6,1,1091.44,231.19,238.83,176.19,1,-1,-1,-1
6,2,1406.40,132.07,149.92,147.62,1,-1,-1,-1
7,1,1067.80,225.43,245.83,182.97,1,-1,-1,-1
7,2,1406.47,131.53,150.45,148.05,1,-1,-1,-1
8,1,1054.59,218.22,237.80,178.09,1,-1,-1,-1
8,2,1406.24,130.88,150.95,148.49,1,-1,-1,-1
9,1,1038.17,213.19,232.31,174.97,1,-1,-1,-1
9,2,1406.59,130.66,150.57,148.04,1,-1,-1,-1
10,1,1021.60,209.61,227.58,172.09,1,-1,-1,-1
10,2,1406.53,129.82,151.49,148.85,1,-1,-1,-1
11,1,1005.05,210.63,218.41,164.98,1,-1,-1,-1
11,2,1406.05,130.05,151.67,148.98,1,-1,-1,-1
12,1,990.68,208.33,211.24,159.07,1,-1,-1,-1
12,2,1405.82,130.56,151.33,148.58,1,-1,-1,-1
13,1,980.97,204.38,208.27,156.31,1,-1,-1,-1
13,2,1406.18,131.41,150.88,148.14,1,-1,-1,-1
14,1,964.69,202.02,204.53,152.99,1,-1,-1,-1
14,2,1406.37,132.60,150.66,147.98,1,-1,-1,-1
15,1,946.21,196.43,204.68,152.64,1,-1,-1,-1
15,2,1406.24,132.25,150.78,148.19,1,-1,-1,-1
16,1,931.72,196.27,198.05,147.28,1,-1,-1,-1
16,2,1406.47,132.63,150.47,148.02,1,-1,-1,-1
17,1,915.40,195.60,193.54,143.79,1,-1,-1,-1
17,2,1407.03,133.42,150.09,147.74,1,-1,-1,-1
17,3,1581.17,316.21,309.24,291.49,1,-1,-1,-1
18,1,899.15,194.10,189.45,140.67,1,-1,-1,-1
18,2,1406.98,133.64,149.61,147.28,1,-1,-1,-1
18,3,1558.56,309.24,302.41,282.81,1,-1,-1,-1
18,4,1084.16,191.26,164.44,138.45,1,-1,-1,-1
19,1,884.02,191.56,187.80,139.69,1,-1,-1,-1
19,2,1407.25,133.62,149.37,147.10,1,-1,-1,-1
19,3,1550.88,302.82,305.98,281.04,1,-1,-1,-1
19,4,1080.60,191.43,165.21,138.29,1,-1,-1,-1
20,1,868.23,188.30,186.70,139.11,1,-1,-1,-1
20,2,1407.54,133.67,149.41,147.09,1,-1,-1,-1
20,3,1532.33,298.88,302.62,272.29,1,-1,-1,-1
20,4,1078.69,190.95,166.72,138.57,1,-1,-1,-1
21,1,852.97,182.08,187.69,140.73,1,-1,-1,-1
21,2,1407.63,133.78,149.35,147.03,1,-1,-1,-1
21,3,1510.13,292.99,306.17,269.21,1,-1,-1,-1
21,4,1077.33,189.86,168.24,138.69,1,-1,-1,-1
22,1,840.73,180.24,184.34,138.79,1,-1,-1,-1
22,3,1481.69,288.40,309.68,266.12,1,-1,-1,-1
22,4,1076.60,189.22,169.77,138.79,1,-1,-1,-1
23,1,829.53,178.38,182.01,137.67,1,-1,-1,-1
23,3,1450.92,285.72,310.65,260.56,1,-1,-1,-1
23,4,1075.52,189.81,171.11,138.66,1,-1,-1,-1
24,1,816.17,175.38,181.02,137.57,1,-1,-1,-1
24,3,1421.02,279.65,314.54,258.34,1,-1,-1,-1
24,4,1074.71,189.87,172.92,138.90,1,-1,-1,-1
25,1,803.62,173.73,178.80,136.38,1,-1,-1,-1
25,3,1395.87,274.18,315.92,254.56,1,-1,-1,-1
25,4,1074.66,189.56,174.68,139.17,1,-1,-1,-1
26,1,791.26,173.66,174.72,133.69,1,-1,-1,-1
26,3,1367.69,268.02,319.57,253.38,1,-1,-1,-1
26,4,1074.07,189.89,176.36,139.34,1,-1,-1,-1
27,1,780.23,172.50,172.11,132.27,1,-1,-1,-1
27,3,1343.13,262.34,320.99,250.72,1,-1,-1,-1
27,4,1073.72,190.26,177.62,139.21,1,-1,-1,-1
28,1,767.20,169.53,171.91,132.45,1,-1,-1,-1
28,3,1317.79,256.59,321.71,247.89,1,-1,-1,-1
28,4,1072.62,189.60,179.69,139.83,1,-1,-1,-1
29,1,755.05,166.89,169.84,131.48,1,-1,-1,-1
29,3,1294.12,251.34,322.81,245.95,1,-1,-1,-1
29,4,1072.29,189.77,180.88,139.82,1,-1,-1,-1
30,1,745.08,164.03,167.38,130.22,1,-1,-1,-1
30,3,1270.02,246.57,322.62,243.90,1,-1,-1,-1
30,4,1072.45,190.25,181.41,139.32,1,-1,-1,-1
31,1,733.64,161.20,165.87,129.47,1,-1,-1,-1
31,3,1245.80,241.48,323.31,242.96,1,-1,-1,-1
31,4,1072.00,190.03,182.84,139.40,1,-1,-1,-1
32,1,724.61,160.37,163.66,128.03,1,-1,-1,-1
32,3,1226.34,240.35,316.79,236.44,1,-1,-1,-1
32,4,1071.37,190.12,184.47,139.69,1,-1,-1,-1
33,1,716.99,158.89,160.56,126.03,1,-1,-1,-1
33,3,1208.05,236.89,310.46,230.39,1,-1,-1,-1
33,4,1071.08,190.98,184.59,138.77,1,-1,-1,-1
34,1,708.57,156.38,158.16,124.71,1,-1,-1,-1
34,3,1187.28,234.23,305.97,225.26,1,-1,-1,-1
34,4,1070.82,191.05,184.52,138.72,1,-1,-1,-1
35,1,698.06,154.42,156.92,124.27,1,-1,-1,-1
35,3,1167.18,230.09,304.62,222.81,1,-1,-1,-1
36,1,688.16,151.86,157.56,125.30,1,-1,-1,-1
36,3,1147.38,225.38,306.82,223.85,1,-1,-1,-1
37,1,680.39,149.25,155.21,123.86,1,-1,-1,-1
37,3,1131.67,221.77,304.70,221.28,1,-1,-1,-1
38,1,673.31,148.16,152.56,122.16,1,-1,-1,-1
38,3,1111.55,218.12,304.20,219.91,1,-1,-1,-1
39,1,665.85,146.54,150.02,120.37,1,-1,-1,-1
39,3,1086.64,213.87,307.11,220.77,1,-1,-1,-1
40,1,658.80,144.76,148.66,119.68,1,-1,-1,-1
40,3,1068.96,208.33,309.79,223.11,1,-1,-1,-1
41,1,652.43,143.37,146.59,118.30,1,-1,-1,-1
41,3,1056.49,205.48,305.95,221.34,1,-1,-1,-1
42,1,645.12,141.58,144.98,117.48,1,-1,-1,-1
42,3,1044.17,202.92,299.49,217.23,1,-1,-1,-1
42,6,1404.71,133.86,150.72,146.27,1,-1,-1,-1
43,1,636.52,140.21,143.97,116.91,1,-1,-1,-1
43,3,1033.97,200.87,292.03,212.79,1,-1,-1,-1
43,6,1404.92,133.17,150.42,146.00,1,-1,-1,-1
44,1,628.43,138.97,142.74,116.24,1,-1,-1,-1
44,3,1022.59,197.82,287.89,210.90,1,-1,-1,-1
44,6,1405.15,132.73,150.64,146.24,1,-1,-1,-1
45,1,619.85,136.16,143.61,117.37,1,-1,-1,-1
45,3,1012.43,198.30,280.94,206.67,1,-1,-1,-1
45,6,1405.42,132.52,150.75,146.39,1,-1,-1,-1
46,1,612.55,134.76,141.71,116.35,1,-1,-1,-1
46,3,999.71,195.34,275.97,204.23,1,-1,-1,-1
46,6,1405.84,132.21,150.83,146.53,1,-1,-1,-1
47,1,605.01,133.13,140.53,115.85,1,-1,-1,-1
47,3,988.44,192.89,267.95,198.60,1,-1,-1,-1
47,6,1405.69,132.68,150.78,146.52,1,-1,-1,-1
48,1,597.65,130.35,141.03,116.79,1,-1,-1,-1
48,3,972.03,182.17,275.02,204.97,1,-1,-1,-1
48,6,1405.74,132.82,151.64,147.40,1,-1,-1,-1
49,1,591.03,128.05,139.49,115.86,1,-1,-1,-1
49,3,959.97,176.52,278.11,208.08,1,-1,-1,-1
49,6,1405.28,132.96,151.61,147.51,1,-1,-1,-1
50,1,586.03,126.89,136.83,113.84,1,-1,-1,-1
50,3,947.41,172.05,277.62,208.17,1,-1,-1,-1
50,6,1405.00,132.98,151.84,147.85,1,-1,-1,-1
51,1,580.40,125.33,135.56,112.87,1,-1,-1,-1
51,3,934.60,169.15,273.93,206.47,1,-1,-1,-1
51,6,1404.87,132.93,151.89,148.04,1,-1,-1,-1
52,1,573.41,121.63,136.70,114.10,1,-1,-1,-1
52,3,926.21,169.07,264.71,199.25,1,-1,-1,-1
52,6,1405.23,132.22,152.34,148.54,1,-1,-1,-1
53,1,566.83,119.39,135.89,113.76,1,-1,-1,-1
53,3,935.61,167.73,264.24,194.37,1,-1,-1,-1
53,6,1406.33,131.92,151.35,147.38,1,-1,-1,-1
54,1,560.00,116.46,135.81,114.06,1,-1,-1,-1
54,3,934.06,168.50,262.99,188.81,1,-1,-1,-1
54,6,1406.27,131.73,150.69,146.62,1,-1,-1,-1
55,1,554.33,115.61,134.17,112.78,1,-1,-1,-1
55,3,928.80,166.14,266.56,186.23,1,-1,-1,-1
55,6,1406.56,131.30,150.86,146.68,1,-1,-1,-1
56,1,549.45,115.18,132.42,111.38,1,-1,-1,-1
56,3,923.71,166.81,267.77,181.47,1,-1,-1,-1
56,6,1405.85,131.21,151.11,146.89,1,-1,-1,-1
57,1,544.28,113.42,131.47,110.64,1,-1,-1,-1
57,3,889.66,165.34,263.32,178.25,1,-1,-1,-1
57,6,1406.36,131.56,151.02,146.72,1,-1,-1,-1
58,1,539.84,112.38,130.22,109.52,1,-1,-1,-1
58,3,863.60,164.09,257.36,175.52,1,-1,-1,-1
58,6,1406.40,131.81,151.48,147.15,1,-1,-1,-1
59,1,534.76,112.33,128.66,108.17,1,-1,-1,-1
59,3,846.97,161.64,255.76,175.91,1,-1,-1,-1
59,6,1406.50,131.73,151.52,147.18,1,-1,-1,-1
59,7,1082.17,187.91,170.68,142.78,1,-1,-1,-1
59,8,1488.51,340.41,361.71,225.08,1,-1,-1,-1
60,1,529.86,113.18,126.43,106.20,1,-1,-1,-1
60,3,834.44,159.83,252.56,175.32,1,-1,-1,-1
60,7,1082.20,188.77,170.46,142.11,1,-1,-1,-1
60,8,1446.83,329.77,359.90,223.65,1,-1,-1,-1
61,1,523.30,111.61,126.62,106.24,1,-1,-1,-1
61,3,827.97,159.85,247.06,172.56,1,-1,-1,-1
61,7,1077.12,187.66,172.48,142.91,1,-1,-1,-1
61,8,1407.47,324.01,352.48,218.78,1,-1,-1,-1
62,1,516.98,109.40,126.79,106.30,1,-1,-1,-1
62,3,817.26,158.88,241.10,169.41,1,-1,-1,-1
62,7,1076.18,187.82,173.18,142.45,1,-1,-1,-1
62,8,1373.72,316.03,342.74,212.61,1,-1,-1,-1
63,1,511.73,108.16,126.12,105.77,1,-1,-1,-1
63,3,809.85,159.32,234.64,165.89,1,-1,-1,-1
63,7,1075.56,188.53,172.97,141.00,1,-1,-1,-1
63,8,1339.84,307.66,337.14,209.27,1,-1,-1,-1
64,1,507.26,106.68,125.99,105.59,1,-1,-1,-1
64,3,800.81,157.91,232.40,165.29,1,-1,-1,-1
64,7,1075.69,188.87,173.15,139.86,1,-1,-1,-1
64,8,1309.60,299.74,331.60,206.19,1,-1,-1,-1
65,1,502.48,104.85,126.15,105.69,1,-1,-1,-1
65,3,792.45,159.54,226.74,162.12,1,-1,-1,-1
65,7,1075.25,188.55,174.95,140.10,1,-1,-1,-1
65,8,1276.70,291.88,326.09,203.22,1,-1,-1,-1
66,1,499.29,105.01,123.67,103.37,1,-1,-1,-1
66,3,785.20,160.49,222.30,159.58,1,-1,-1,-1
66,7,1074.89,188.28,176.41,140.17,1,-1,-1,-1
66,8,1247.14,283.84,319.55,199.45,1,-1,-1,-1
67,1,495.32,105.11,122.27,102.07,1,-1,-1,-1
67,3,777.41,160.29,219.04,157.36,1,-1,-1,-1
67,7,1075.49,189.54,176.84,139.41,1,-1,-1,-1
67,8,1221.17,278.20,308.79,193.43,1,-1,-1,-1
68,1,490.07,103.98,121.80,101.56,1,-1,-1,-1
68,3,770.93,159.54,216.50,155.71,1,-1,-1,-1
68,7,1075.95,190.18,177.79,139.16,1,-1,-1,-1
68,8,1193.83,273.46,299.17,187.91,1,-1,-1,-1
69,1,484.77,102.86,120.88,100.79,1,-1,-1,-1
69,3,762.94,157.72,214.81,154.73,1,-1,-1,-1
69,7,1075.86,190.52,177.28,138.76,1,-1,-1,-1
69,8,1168.03,267.62,294.61,185.88,1,-1,-1,-1
70,3,755.88,156.60,213.55,153.84,1,-1,-1,-1
70,8,1145.87,262.85,290.16,183.74,1,-1,-1,-1
71,3,749.07,156.82,209.80,151.03,1,-1,-1,-1
71,8,1121.19,257.90,285.03,180.99,1,-1,-1,-1
72,3,740.45,155.19,208.90,150.38,1,-1,-1,-1
72,8,1093.33,253.11,282.47,179.47,1,-1,-1,-1
73,3,734.28,155.45,206.11,148.31,1,-1,-1,-1
73,8,1072.99,249.16,278.20,177.87,1,-1,-1,-1
74,3,727.98,155.50,203.07,146.04,1,-1,-1,-1
74,8,1055.68,244.00,273.04,176.22,1,-1,-1,-1
75,3,720.32,153.48,201.86,145.01,1,-1,-1,-1
75,8,1040.17,237.94,267.73,174.65,1,-1,-1,-1
75,11,1404.62,131.79,150.39,147.22,1,-1,-1,-1
75,12,458.23,91.68,123.89,105.31,1,-1,-1,-1
76,3,712.60,150.42,201.00,144.51,1,-1,-1,-1
76,8,1019.63,234.14,264.72,174.36,1,-1,-1,-1
76,11,1404.75,131.75,150.57,147.42,1,-1,-1,-1
76,12,456.20,90.76,124.23,105.60,1,-1,-1,-1
77,3,706.26,147.80,200.99,144.60,1,-1,-1,-1
77,8,1004.05,229.98,257.88,171.66,1,-1,-1,-1
77,11,1405.11,131.69,150.32,147.19,1,-1,-1,-1
78,3,698.32,146.55,200.30,144.31,1,-1,-1,-1
78,8,987.89,229.07,248.52,166.34,1,-1,-1,-1
78,11,1405.30,131.21,150.46,147.35,1,-1,-1,-1
79,3,691.29,143.67,200.25,144.80,1,-1,-1,-1
79,8,972.74,226.00,243.47,163.64,1,-1,-1,-1
79,11,1405.50,131.69,150.67,147.50,1,-1,-1,-1
80,3,685.69,142.65,199.70,144.95,1,-1,-1,-1
80,8,955.31,221.78,239.02,161.36,1,-1,-1,-1
80,11,1405.43,132.19,150.90,147.69,1,-1,-1,-1
81,3,678.59,137.07,202.51,147.73,1,-1,-1,-1
81,8,944.95,218.15,229.38,154.75,1,-1,-1,-1
81,11,1405.58,132.71,151.04,147.81,1,-1,-1,-1
82,3,673.81,137.17,199.46,145.95,1,-1,-1,-1
82,8,930.96,212.53,224.55,151.52,1,-1,-1,-1
82,11,1405.59,132.81,151.13,147.86,1,-1,-1,-1
83,3,667.32,132.67,201.76,148.52,1,-1,-1,-1
83,8,917.73,208.38,219.48,148.35,1,-1,-1,-1
83,11,1405.83,132.93,150.95,147.66,1,-1,-1,-1
84,3,663.20,131.33,200.03,147.83,1,-1,-1,-1
84,8,907.18,205.54,214.39,144.77,1,-1,-1,-1
84,11,1405.93,132.91,150.98,147.64,1,-1,-1,-1
85,3,658.05,128.75,198.64,147.80,1,-1,-1,-1
85,8,892.58,202.66,210.99,142.83,1,-1,-1,-1
85,11,1406.08,132.92,150.49,147.06,1,-1,-1,-1
86,3,654.36,128.88,195.63,146.49,1,-1,-1,-1
86,8,879.43,200.36,207.20,140.57,1,-1,-1,-1
86,11,1406.11,132.51,150.10,146.66,1,-1,-1,-1
87,3,651.63,130.21,191.70,144.28,1,-1,-1,-1
87,8,867.96,198.68,203.77,138.57,1,-1,-1,-1
87,11,1406.15,132.56,150.00,146.55,1,-1,-1,-1
87,13,1079.58,189.87,178.89,139.38,1,-1,-1,-1
88,3,650.37,132.76,186.68,141.06,1,-1,-1,-1
88,8,856.47,195.14,202.90,138.66,1,-1,-1,-1
88,11,1406.07,132.60,150.32,146.85,1,-1,-1,-1
88,13,1076.14,189.33,180.26,140.24,1,-1,-1,-1
89,3,648.71,133.24,184.09,139.73,1,-1,-1,-1
89,8,844.80,190.92,201.72,138.57,1,-1,-1,-1
89,11,1406.17,132.56,150.59,147.10,1,-1,-1,-1
89,13,1073.72,188.26,181.96,141.25,1,-1,-1,-1
90,3,647.47,135.44,179.40,136.63,1,-1,-1,-1
90,8,834.17,187.63,200.84,138.67,1,-1,-1,-1
90,11,1406.07,132.85,150.99,147.46,1,-1,-1,-1
90,13,1072.03,188.73,182.27,140.96,1,-1,-1,-1
91,3,645.97,137.12,176.27,134.85,1,-1,-1,-1
91,8,823.56,185.35,199.64,138.60,1,-1,-1,-1
91,11,1406.21,133.29,151.27,147.66,1,-1,-1,-1
91,13,1070.96,190.08,182.36,140.43,1,-1,-1,-1
92,3,644.97,137.18,174.76,134.51,1,-1,-1,-1
92,8,813.43,184.38,198.07,137.85,1,-1,-1,-1
92,11,1406.09,133.39,151.50,147.82,1,-1,-1,-1
92,13,1070.31,190.63,182.73,140.08,1,-1,-1,-1
93,3,644.71,137.47,172.01,133.38,1,-1,-1,-1
93,8,805.31,183.48,195.95,137.01,1,-1,-1,-1
93,11,1405.93,133.83,151.25,147.49,1,-1,-1,-1
93,13,1070.56,191.03,183.04,139.73,1,-1,-1,-1
94,3,644.84,136.63,169.37,132.33,1,-1,-1,-1
94,8,797.46,181.20,194.89,136.88,1,-1,-1,-1
94,11,1405.99,133.56,151.61,147.80,1,-1,-1,-1
94,13,1070.63,191.17,183.47,139.52,1,-1,-1,-1
95,3,645.69,137.25,166.46,130.92,1,-1,-1,-1
95,8,789.70,180.24,192.22,135.51,1,-1,-1,-1
95,11,1406.04,133.68,150.90,146.95,1,-1,-1,-1
95,13,1070.19,190.34,184.42,139.63,1,-1,-1,-1
96,3,648.06,138.67,161.95,128.19,1,-1,-1,-1
96,8,782.70,178.33,190.91,134.78,1,-1,-1,-1
96,11,1405.92,133.76,150.87,146.80,1,-1,-1,-1
96,13,1069.55,190.30,185.05,139.52,1,-1,-1,-1
97,3,649.66,138.96,160.32,127.70,1,-1,-1,-1
97,8,776.84,176.50,189.59,134.59,1,-1,-1,-1
97,11,1406.32,134.13,150.37,146.28,1,-1,-1,-1
97,13,1069.13,189.63,186.30,140.02,1,-1,-1,-1
98,3,650.92,139.61,158.28,126.79,1,-1,-1,-1
98,8,767.95,173.93,188.85,134.66,1,-1,-1,-1
98,11,1405.32,133.34,150.35,146.42,1,-1,-1,-1
98,13,1069.30,189.20,186.94,140.30,1,-1,-1,-1
99,3,652.05,138.58,156.98,126.37,1,-1,-1,-1
99,8,761.52,172.84,187.33,134.08,1,-1,-1,-1
99,11,1405.65,133.82,150.06,146.17,1,-1,-1,-1
99,13,1069.87,189.45,186.63,139.68,1,-1,-1,-1
100,3,653.69,136.59,159.43,128.81,1,-1,-1,-1
100,8,754.43,170.94,186.87,133.96,1,-1,-1,-1
100,11,1406.09,134.08,150.37,146.43,1,-1,-1,-1
100,13,1069.25,189.69,187.28,139.70,1,-1,-1,-1
101,3,654.05,136.02,157.57,128.16,1,-1,-1,-1
101,8,744.98,169.69,185.75,133.43,1,-1,-1,-1
101,11,1406.27,134.08,150.52,146.51,1,-1,-1,-1
101,13,1068.53,189.76,187.91,139.73,1,-1,-1,-1
102,3,656.57,136.32,155.36,127.08,1,-1,-1,-1
102,8,739.05,170.87,182.66,131.36,1,-1,-1,-1
102,11,1405.71,134.29,150.90,146.88,1,-1,-1,-1
102,13,1068.46,190.73,187.95,139.29,1,-1,-1,-1
103,3,655.94,136.13,154.45,126.34,1,-1,-1,-1
103,8,733.31,170.63,180.62,130.14,1,-1,-1,-1
103,11,1405.78,134.10,150.98,147.00,1,-1,-1,-1
103,13,1069.36,191.31,187.53,138.55,1,-1,-1,-1
104,8,726.64,169.55,179.48,129.50,1,-1,-1,-1
104,11,1405.54,132.95,151.81,147.86,1,-1,-1,-1
104,13,1069.32,191.26,187.67,138.24,1,-1,-1,-1
105,8,721.46,167.14,180.29,130.68,1,-1,-1,-1
105,11,1405.79,133.02,151.86,147.98,1,-1,-1,-1
105,13,1068.87,191.19,187.85,138.03,1,-1,-1,-1
106,8,714.42,163.83,180.97,131.26,1,-1,-1,-1
106,11,1405.24,132.14,152.38,148.64,1,-1,-1,-1
106,13,1069.02,190.94,188.06,137.88,1,-1,-1,-1
107,8,707.19,161.61,180.66,130.93,1,-1,-1,-1
107,11,1405.17,131.53,151.65,148.09,1,-1,-1,-1
107,13,1068.44,189.24,189.64,138.96,1,-1,-1,-1
108,8,698.98,155.41,185.78,134.89,1,-1,-1,-1
108,11,1405.36,131.48,151.33,147.86,1,-1,-1,-1
108,13,1067.64,188.50,190.67,139.54,1,-1,-1,-1
109,8,695.49,156.24,182.22,132.18,1,-1,-1,-1
109,11,1405.75,131.34,151.06,147.59,1,-1,-1,-1
109,13,1067.96,188.46,190.87,139.63,1,-1,-1,-1
109,14,1570.78,356.69,308.24,223.58,1,-1,-1,-1
110,8,691.17,158.79,176.74,128.22,1,-1,-1,-1
110,11,1405.91,130.99,150.96,147.65,1,-1,-1,-1
110,13,1068.41,188.45,190.52,139.27,1,-1,-1,-1
110,14,1547.15,349.90,304.45,218.85,1,-1,-1,-1
111,8,683.68,157.82,174.70,126.86,1,-1,-1,-1
111,11,1406.11,131.60,150.73,147.55,1,-1,-1,-1
111,13,1068.45,189.25,190.59,139.20,1,-1,-1,-1
111,14,1517.88,341.50,304.36,216.70,1,-1,-1,-1
112,8,677.69,157.63,173.39,125.71,1,-1,-1,-1
112,11,1406.19,132.69,150.57,147.49,1,-1,-1,-1
112,13,1068.48,190.37,189.80,138.37,1,-1,-1,-1
112,14,1485.39,333.68,306.18,215.71,1,-1,-1,-1
113,8,671.36,156.27,171.73,124.51,1,-1,-1,-1
113,11,1406.83,133.44,149.82,146.74,1,-1,-1,-1
113,13,1068.69,190.65,189.99,138.42,1,-1,-1,-1
113,14,1454.04,326.87,305.97,213.33,1,-1,-1,-1
114,8,664.55,155.94,169.67,122.96,1,-1,-1,-1
114,11,1406.75,134.31,150.01,146.94,1,-1,-1,-1
114,13,1068.07,190.33,190.95,139.16,1,-1,-1,-1
114,14,1426.16,324.48,299.75,206.57,1,-1,-1,-1
115,8,657.12,155.37,168.62,122.24,1,-1,-1,-1
115,11,1406.90,134.72,150.18,146.94,1,-1,-1,-1
115,13,1068.11,190.57,190.89,139.06,1,-1,-1,-1
115,14,1396.68,319.89,296.62,202.17,1,-1,-1,-1
116,8,647.71,152.55,168.33,122.17,1,-1,-1,-1
116,11,1406.78,134.30,150.02,146.47,1,-1,-1,-1
116,13,1068.16,190.77,190.90,139.08,1,-1,-1,-1
116,14,1367.95,313.17,297.57,201.30,1,-1,-1,-1
117,8,639.92,150.27,169.59,123.18,1,-1,-1,-1
117,11,1406.38,133.97,150.00,146.11,1,-1,-1,-1
117,13,1068.39,191.13,190.71,138.90,1,-1,-1,-1
117,14,1340.53,306.00,297.68,199.92,1,-1,-1,-1
118,8,633.53,149.08,168.05,122.12,1,-1,-1,-1
118,11,1405.64,133.78,150.20,146.02,1,-1,-1,-1
118,13,1068.41,191.25,190.68,138.88,1,-1,-1,-1
118,14,1316.10,300.99,295.18,197.34,1,-1,-1,-1
119,8,625.58,148.29,165.83,120.42,1,-1,-1,-1
119,11,1405.06,132.87,150.49,146.09,1,-1,-1,-1
119,14,1290.26,295.35,291.85,194.00,1,-1,-1,-1
119,15,1066.49,188.60,194.00,139.70,1,-1,-1,-1
120,8,618.05,148.49,163.69,119.02,1,-1,-1,-1
120,11,1405.24,133.03,150.81,146.19,1,-1,-1,-1
120,14,1264.40,289.74,291.62,192.85,1,-1,-1,-1
120,15,1066.29,189.18,194.08,139.72,1,-1,-1,-1
121,8,610.29,148.10,163.50,119.31,1,-1,-1,-1
121,11,1404.94,133.30,150.91,146.17,1,-1,-1,-1
121,14,1240.45,284.47,287.27,189.46,1,-1,-1,-1
121,15,1066.85,189.89,194.09,139.65,1,-1,-1,-1
122,8,603.27,147.13,161.84,118.40,1,-1,-1,-1
122,11,1404.91,133.25,150.99,146.16,1,-1,-1,-1
122,14,1216.69,279.84,282.95,186.24,1,-1,-1,-1
122,15,1066.84,190.24,194.38,139.79,1,-1,-1,-1
123,8,597.36,145.39,160.84,118.13,1,-1,-1,-1
123,11,1404.86,133.25,150.92,146.10,1,-1,-1,-1
123,14,1195.63,277.66,277.98,182.84,1,-1,-1,-1
123,15,1066.60,190.43,194.60,139.81,1,-1,-1,-1
124,8,592.57,144.36,159.83,117.99,1,-1,-1,-1
124,14,1175.20,274.41,274.49,180.44,1,-1,-1,-1
124,15,1066.85,190.63,193.64,138.95,1,-1,-1,-1
125,8,588.08,143.23,156.52,116.13,1,-1,-1,-1
125,14,1155.58,269.90,274.00,180.27,1,-1,-1,-1
125,15,1066.96,190.71,193.56,138.89,1,-1,-1,-1
126,8,583.36,141.28,155.07,115.67,1,-1,-1,-1
126,14,1139.25,264.64,272.00,179.71,1,-1,-1,-1
127,8,578.53,139.78,153.53,115.07,1,-1,-1,-1
127,14,1119.41,259.87,269.14,178.32,1,-1,-1,-1
128,8,574.70,137.35,152.36,114.79,1,-1,-1,-1
128,14,1098.55,256.22,266.02,176.86,1,-1,-1,-1
128,16,1405.02,133.41,150.42,146.19,1,-1,-1,-1
129,8,571.00,136.08,151.16,114.39,1,-1,-1,-1
129,14,1081.96,253.43,262.07,175.23,1,-1,-1,-1
129,16,1404.97,132.97,150.47,146.21,1,-1,-1,-1
130,8,567.41,134.69,150.09,114.11,1,-1,-1,-1
130,14,1067.23,250.22,257.43,173.76,1,-1,-1,-1
130,16,1404.23,131.93,151.06,146.76,1,-1,-1,-1
131,8,563.98,133.43,148.77,113.54,1,-1,-1,-1
131,14,1051.95,245.19,254.46,173.40,1,-1,-1,-1
131,16,1403.86,131.28,150.59,146.28,1,-1,-1,-1
132,8,562.64,133.59,146.34,112.01,1,-1,-1,-1
132,14,1041.20,244.10,245.04,168.22,1,-1,-1,-1
132,16,1404.45,131.65,150.47,146.07,1,-1,-1,-1
133,8,560.58,132.20,144.67,111.21,1,-1,-1,-1
133,14,1029.29,242.44,237.85,164.14,1,-1,-1,-1
133,16,1405.65,131.86,150.58,146.04,1,-1,-1,-1
134,8,557.57,129.71,144.43,111.62,1,-1,-1,-1
134,14,1013.85,238.19,236.13,163.96,1,-1,-1,-1
134,16,1406.37,131.89,150.65,145.97,1,-1,-1,-1
135,8,554.03,128.55,143.46,111.32,1,-1,-1,-1
135,14,996.77,234.18,234.63,163.56,1,-1,-1,-1
135,16,1406.10,132.41,151.78,147.01,1,-1,-1,-1
136,8,549.84,126.11,143.93,112.26,1,-1,-1,-1
136,14,983.62,231.92,231.59,161.95,1,-1,-1,-1
136,16,1405.65,132.45,152.48,147.70,1,-1,-1,-1
137,8,546.24,123.81,143.15,112.07,1,-1,-1,-1
137,14,972.28,228.16,226.56,158.83,1,-1,-1,-1
137,16,1405.78,132.56,152.42,147.58,1,-1,-1,-1
138,8,543.69,123.00,140.85,110.43,1,-1,-1,-1
138,14,956.45,223.47,227.17,159.83,1,-1,-1,-1
138,16,1405.91,132.56,152.57,147.69,1,-1,-1,-1
139,8,541.34,121.80,140.24,110.12,1,-1,-1,-1
139,14,945.16,219.00,219.48,153.45,1,-1,-1,-1
139,16,1406.34,132.24,152.50,147.51,1,-1,-1,-1
140,8,538.35,120.23,140.30,110.46,1,-1,-1,-1
140,14,933.06,212.94,218.05,152.35,1,-1,-1,-1
140,16,1406.10,131.73,152.45,147.50,1,-1,-1,-1
141,8,535.36,119.62,137.98,108.66,1,-1,-1,-1
141,14,922.63,211.37,211.92,147.91,1,-1,-1,-1
141,16,1406.24,132.05,151.86,146.93,1,-1,-1,-1
142,8,530.93,118.98,135.82,107.00,1,-1,-1,-1
142,14,911.24,210.29,205.91,143.39,1,-1,-1,-1
142,16,1406.51,132.20,151.59,146.66,1,-1,-1,-1
143,8,526.53,117.94,134.47,105.95,1,-1,-1,-1
143,14,897.23,208.22,203.42,141.87,1,-1,-1,-1
143,16,1406.45,132.12,151.16,146.34,1,-1,-1,-1
144,8,522.42,118.02,133.59,105.22,1,-1,-1,-1
144,14,884.06,206.39,201.88,140.83,1,-1,-1,-1
144,16,1406.80,132.42,151.70,146.88,1,-1,-1,-1
144,17,1083.82,194.51,168.82,137.49,1,-1,-1,-1
145,8,517.88,118.24,132.65,104.24,1,-1,-1,-1
145,14,872.72,205.65,199.14,138.84,1,-1,-1,-1
145,16,1407.71,132.78,151.43,146.52,1,-1,-1,-1
145,17,1081.57,195.60,168.52,136.57,1,-1,-1,-1
146,8,513.59,116.55,132.81,104.19,1,-1,-1,-1
146,14,859.38,202.72,198.16,138.31,1,-1,-1,-1
146,16,1407.83,132.88,151.63,146.65,1,-1,-1,-1
146,17,1078.79,195.05,170.11,136.90,1,-1,-1,-1
146,18,1104.93,87.39,264.67,137.89,1,-1,-1,-1
147,8,509.55,115.59,132.75,103.92,1,-1,-1,-1
147,14,847.65,200.01,196.55,137.59,1,-1,-1,-1
147,16,1407.47,133.73,151.50,146.44,1,-1,-1,-1
147,17,1075.96,193.74,172.90,138.21,1,-1,-1,-1
147,18,1127.10,88.30,262.99,136.64,1,-1,-1,-1
148,8,505.52,114.56,131.96,103.30,1,-1,-1,-1
148,14,835.72,197.58,194.65,136.56,1,-1,-1,-1
148,16,1407.63,133.85,151.47,146.41,1,-1,-1,-1
148,17,1074.33,192.94,174.77,138.68,1,-1,-1,-1
148,18,1144.69,88.37,261.54,135.41,1,-1,-1,-1
149,14,823.25,195.08,193.43,135.84,1,-1,-1,-1
149,17,1074.07,192.96,175.42,138.07,1,-1,-1,-1
149,18,1158.46,89.01,260.02,134.62,1,-1,-1,-1
150,14,812.16,192.04,192.48,135.29,1,-1,-1,-1
150,17,1073.48,192.88,176.42,137.62,1,-1,-1,-1
151,14,800.77,188.82,192.32,135.53,1,-1,-1,-1
151,17,1072.12,191.10,179.51,139.09,1,-1,-1,-1
151,19,496.46,106.43,130.40,103.20,1,-1,-1,-1
152,14,789.15,186.37,191.04,134.86,1,-1,-1,-1
152,17,1071.62,190.04,181.29,139.59,1,-1,-1,-1
152,19,491.84,106.04,128.43,101.53,1,-1,-1,-1
153,14,778.94,184.33,189.31,133.86,1,-1,-1,-1
153,17,1071.37,190.25,181.94,139.36,1,-1,-1,-1
153,19,488.14,104.78,127.14,100.40,1,-1,-1,-1
154,14,768.84,182.65,187.30,132.99,1,-1,-1,-1
154,17,1070.94,190.05,183.11,139.63,1,-1,-1,-1
154,19,484.55,104.81,125.58,99.05,1,-1,-1,-1
155,14,758.83,181.09,185.32,131.95,1,-1,-1,-1
155,17,1070.66,190.28,183.74,139.43,1,-1,-1,-1
155,19,481.57,104.32,124.09,97.88,1,-1,-1,-1
156,14,749.89,180.18,183.94,131.45,1,-1,-1,-1
156,17,1070.70,191.59,183.55,138.54,1,-1,-1,-1
156,20,1404.60,135.09,153.52,146.70,1,-1,-1,-1
157,14,740.43,178.18,182.48,131.09,1,-1,-1,-1
157,17,1071.23,192.34,183.92,138.20,1,-1,-1,-1
157,20,1404.22,135.57,153.12,146.29,1,-1,-1,-1
158,14,731.18,176.42,180.78,130.38,1,-1,-1,-1
158,17,1071.11,192.85,184.29,137.86,1,-1,-1,-1
158,20,1404.44,135.78,151.99,145.14,1,-1,-1,-1
159,14,722.78,174.98,178.12,128.83,1,-1,-1,-1
159,17,1070.69,193.07,185.01,137.84,1,-1,-1,-1
159,20,1404.83,135.24,153.02,146.02,1,-1,-1,-1
160,14,715.69,172.56,176.90,128.46,1,-1,-1,-1
160,17,1070.15,192.42,186.40,138.43,1,-1,-1,-1
160,20,1404.93,135.42,153.04,146.04,1,-1,-1,-1
161,14,709.49,169.66,175.40,127.95,1,-1,-1,-1
161,17,1069.26,191.34,187.44,138.82,1,-1,-1,-1
162,14,704.53,167.81,173.42,127.03,1,-1,-1,-1
162,17,1068.59,190.90,188.14,138.91,1,-1,-1,-1
163,14,699.09,164.80,171.91,126.61,1,-1,-1,-1
163,17,1068.15,190.55,189.31,139.80,1,-1,-1,-1
164,14,693.64,163.30,169.30,125.30,1,-1,-1,-1
164,17,1068.01,190.55,189.03,139.30,1,-1,-1,-1
165,14,687.78,161.87,167.64,124.71,1,-1,-1,-1
165,17,1068.31,191.15,188.72,138.79,1,-1,-1,-1
165,22,1404.30,134.01,151.23,145.09,1,-1,-1,-1
166,14,681.23,159.33,167.07,125.03,1,-1,-1,-1
166,17,1067.74,191.24,189.16,138.83,1,-1,-1,-1
166,22,1403.91,132.93,152.58,146.38,1,-1,-1,-1
167,14,676.81,157.58,164.73,123.86,1,-1,-1,-1
167,17,1067.45,191.70,188.98,138.40,1,-1,-1,-1
167,22,1403.26,132.06,154.24,148.04,1,-1,-1,-1
168,14,673.85,157.63,161.55,121.95,1,-1,-1,-1
168,17,1067.27,192.11,189.27,138.39,1,-1,-1,-1
168,22,1403.16,131.99,155.14,149.02,1,-1,-1,-1
169,14,670.11,156.92,159.16,120.78,1,-1,-1,-1
169,17,1067.95,192.44,188.92,137.87,1,-1,-1,-1
169,22,1404.08,132.46,154.76,148.71,1,-1,-1,-1
170,14,665.48,154.84,158.10,120.66,1,-1,-1,-1
170,17,1067.88,192.08,189.40,138.05,1,-1,-1,-1
170,22,1404.88,132.22,155.32,149.24,1,-1,-1,-1
171,14,661.96,153.88,155.17,118.93,1,-1,-1,-1
171,17,1067.37,191.22,190.50,138.73,1,-1,-1,-1
171,22,1404.56,131.68,155.28,149.24,1,-1,-1,-1
171,24,283.32,73.09,129.30,108.76,1,-1,-1,-1
172,14,657.93,150.92,153.21,117.86,1,-1,-1,-1
172,17,1066.59,189.97,191.49,139.34,1,-1,-1,-1
172,22,1403.76,131.56,154.29,148.43,1,-1,-1,-1
172,24,284.82,73.47,129.58,109.00,1,-1,-1,-1
173,14,653.69,148.66,151.84,117.28,1,-1,-1,-1
173,17,1066.92,189.82,191.40,139.20,1,-1,-1,-1
173,22,1403.57,131.39,153.69,147.98,1,-1,-1,-1
174,14,649.72,146.88,150.61,116.80,1,-1,-1,-1
174,17,1067.46,189.92,191.28,139.08,1,-1,-1,-1
174,22,1403.63,131.56,153.16,147.60,1,-1,-1,-1
175,14,645.22,145.83,149.37,116.28,1,-1,-1,-1
175,17,1068.03,190.00,191.11,138.93,1,-1,-1,-1
175,22,1403.78,132.03,152.60,147.21,1,-1,-1,-1
176,14,639.25,144.53,148.49,115.95,1,-1,-1,-1
176,17,1068.28,190.33,191.27,139.17,1,-1,-1,-1
176,22,1404.14,132.50,152.94,147.62,1,-1,-1,-1
177,14,633.12,143.97,146.88,114.90,1,-1,-1,-1
177,17,1069.02,191.76,189.83,138.08,1,-1,-1,-1
177,22,1404.76,132.43,153.57,148.23,1,-1,-1,-1
178,14,627.31,143.03,145.22,113.63,1,-1,-1,-1
178,17,1069.52,192.59,188.98,137.45,1,-1,-1,-1
178,22,1404.41,132.56,153.72,148.42,1,-1,-1,-1
179,14,621.79,142.44,144.85,113.48,1,-1,-1,-1
179,17,1069.22,192.93,188.87,137.28,1,-1,-1,-1
179,22,1404.08,132.88,153.61,148.44,1,-1,-1,-1
180,14,615.79,141.86,143.29,112.40,1,-1,-1,-1
180,17,1069.37,193.25,188.79,137.13,1,-1,-1,-1
180,22,1404.30,132.98,153.70,148.61,1,-1,-1,-1
181,14,609.45,140.49,142.85,112.39,1,-1,-1,-1
181,17,1069.18,193.70,188.42,136.62,1,-1,-1,-1
181,22,1404.97,133.17,152.92,147.80,1,-1,-1,-1
182,14,605.11,139.37,141.70,111.73,1,-1,-1,-1
182,17,1068.54,193.14,189.04,136.88,1,-1,-1,-1
182,22,1404.90,132.83,152.51,147.33,1,-1,-1,-1
182,25,322.66,84.97,138.45,117.12,1,-1,-1,-1
183,14,600.28,137.63,141.45,111.64,1,-1,-1,-1
183,17,1068.31,192.33,189.63,137.18,1,-1,-1,-1
183,22,1404.97,132.80,152.23,146.98,1,-1,-1,-1
183,25,327.77,86.22,138.74,117.35,1,-1,-1,-1
184,14,595.41,134.89,141.51,111.94,1,-1,-1,-1
184,17,1068.69,191.04,190.54,137.81,1,-1,-1,-1
184,22,1405.01,133.14,151.13,145.82,1,-1,-1,-1
184,25,331.09,86.24,140.67,119.10,1,-1,-1,-1
185,14,590.55,132.10,141.26,112.15,1,-1,-1,-1
185,17,1068.88,190.14,190.96,138.18,1,-1,-1,-1
185,22,1405.14,133.05,151.11,145.69,1,-1,-1,-1
185,25,334.43,85.58,143.87,122.05,1,-1,-1,-1
186,14,584.91,129.42,142.24,113.30,1,-1,-1,-1
186,17,1068.72,190.18,191.07,138.20,1,-1,-1,-1
186,22,1405.40,133.34,150.84,145.33,1,-1,-1,-1
186,25,339.42,85.73,145.80,123.97,1,-1,-1,-1
187,14,579.31,126.99,142.43,113.73,1,-1,-1,-1
187,17,1068.72,190.58,190.95,138.12,1,-1,-1,-1
187,22,1405.45,133.81,150.64,145.00,1,-1,-1,-1
187,25,344.77,87.26,145.66,124.11,1,-1,-1,-1
188,14,575.27,126.51,140.94,112.68,1,-1,-1,-1
188,17,1068.69,190.97,190.98,138.13,1,-1,-1,-1
188,22,1405.40,133.92,151.33,145.56,1,-1,-1,-1
188,25,349.35,89.26,146.68,125.22,1,-1,-1,-1
189,14,571.11,126.41,139.72,111.95,1,-1,-1,-1
189,17,1068.61,192.03,190.36,137.52,1,-1,-1,-1
189,22,1405.63,134.41,151.87,146.01,1,-1,-1,-1
189,25,355.02,93.03,147.33,125.91,1,-1,-1,-1
190,14,566.45,125.67,139.15,111.69,1,-1,-1,-1
190,17,1068.56,192.58,190.06,137.16,1,-1,-1,-1
190,22,1405.46,134.82,151.94,146.04,1,-1,-1,-1
190,25,361.70,97.14,146.48,125.25,1,-1,-1,-1
191,14,562.89,125.27,137.43,110.55,1,-1,-1,-1
191,17,1068.72,192.89,189.98,137.02,1,-1,-1,-1
191,22,1405.39,135.45,151.41,145.54,1,-1,-1,-1
191,25,366.73,99.83,145.46,124.35,1,-1,-1,-1
192,14,559.54,124.52,136.28,109.86,1,-1,-1,-1
192,17,1068.76,193.13,189.94,136.91,1,-1,-1,-1
192,22,1405.25,135.81,151.10,145.24,1,-1,-1,-1
192,25,372.86,104.00,144.56,123.35,1,-1,-1,-1
193,14,555.74,123.15,135.13,109.04,1,-1,-1,-1
193,17,1068.72,192.14,190.41,137.30,1,-1,-1,-1
193,22,1405.09,134.68,151.41,145.44,1,-1,-1,-1
193,25,378.62,105.50,145.28,123.76,1,-1,-1,-1
194,14,551.57,122.12,133.95,108.12,1,-1,-1,-1
194,17,1067.97,191.36,190.98,137.65,1,-1,-1,-1
194,22,1405.33,134.38,151.06,144.93,1,-1,-1,-1
194,25,383.43,107.41,145.93,123.96,1,-1,-1,-1
195,14,546.77,120.26,134.88,109.23,1,-1,-1,-1
195,17,1067.81,191.00,191.40,137.98,1,-1,-1,-1
195,22,1405.45,134.26,151.00,144.74,1,-1,-1,-1
195,25,391.67,109.10,145.25,123.22,1,-1,-1,-1
196,14,544.04,119.31,133.59,108.30,1,-1,-1,-1
196,17,1068.20,190.59,191.27,138.01,1,-1,-1,-1
196,22,1405.24,133.45,151.20,144.88,1,-1,-1,-1
196,25,398.96,110.69,144.48,122.36,1,-1,-1,-1
197,14,541.04,117.53,133.27,108.18,1,-1,-1,-1
197,17,1068.28,190.18,191.50,138.33,1,-1,-1,-1
197,22,1405.15,133.00,151.27,144.91,1,-1,-1,-1
197,25,405.34,110.55,145.54,123.17,1,-1,-1,-1
198,14,536.67,116.21,132.80,107.80,1,-1,-1,-1
198,17,1068.61,191.02,190.94,138.03,1,-1,-1,-1
198,22,1405.20,133.38,151.92,145.46,1,-1,-1,-1
198,25,412.85,113.04,146.61,123.80,1,-1,-1,-1
199,17,1069.00,191.90,190.37,137.72,1,-1,-1,-1
199,22,1405.14,133.66,152.06,145.60,1,-1,-1,-1
199,25,418.31,115.14,148.22,125.02,1,-1,-1,-1
200,17,1068.71,192.48,190.06,137.45,1,-1,-1,-1
200,22,1405.10,134.11,152.42,145.99,1,-1,-1,-1
200,25,423.21,116.32,149.52,125.93,1,-1,-1,-1
201,17,1068.32,192.60,190.51,137.70,1,-1,-1,-1
201,22,1404.59,134.65,152.98,146.70,1,-1,-1,-1
201,25,428.87,119.95,150.97,126.90,1,-1,-1,-1
202,17,1068.32,192.91,190.46,137.54,1,-1,-1,-1
202,22,1404.64,134.63,153.26,147.11,1,-1,-1,-1
202,25,434.27,123.04,152.08,127.75,1,-1,-1,-1
203,17,1068.82,193.23,190.20,137.37,1,-1,-1,-1
203,22,1405.39,134.37,153.09,146.89,1,-1,-1,-1
203,25,441.34,125.29,152.98,128.47,1,-1,-1,-1
204,17,1069.55,193.27,189.85,137.19,1,-1,-1,-1
204,22,1405.65,134.42,152.73,146.43,1,-1,-1,-1
204,25,447.28,127.63,153.29,128.29,1,-1,-1,-1
205,17,1069.39,191.70,190.42,137.73,1,-1,-1,-1
205,22,1406.34,133.90,152.40,146.01,1,-1,-1,-1
205,25,453.68,128.37,155.44,129.81,1,-1,-1,-1
206,17,1068.54,190.41,191.60,138.67,1,-1,-1,-1
206,22,1405.94,133.66,151.77,145.39,1,-1,-1,-1
206,25,460.56,128.40,159.29,132.80,1,-1,-1,-1
207,17,1067.15,189.32,192.72,139.54,1,-1,-1,-1
207,22,1406.60,133.15,152.52,146.04,1,-1,-1,-1
207,25,466.92,128.21,161.46,134.59,1,-1,-1,-1
208,17,1066.61,188.95,193.07,139.81,1,-1,-1,-1
208,22,1406.67,132.81,153.01,146.47,1,-1,-1,-1
208,25,473.52,127.89,165.93,138.54,1,-1,-1,-1
209,17,1066.86,189.31,192.61,139.45,1,-1,-1,-1
209,22,1406.74,133.03,153.47,146.80,1,-1,-1,-1
209,25,478.70,127.79,171.16,143.16,1,-1,-1,-1
210,17,1066.76,190.54,192.16,139.02,1,-1,-1,-1
210,22,1406.35,133.06,154.07,147.42,1,-1,-1,-1
210,25,485.61,128.57,175.09,146.56,1,-1,-1,-1
211,17,1067.08,191.28,191.65,138.55,1,-1,-1,-1
211,22,1406.35,133.23,154.11,147.48,1,-1,-1,-1
211,25,493.18,131.24,177.04,148.23,1,-1,-1,-1
212,17,1067.12,191.62,191.36,138.19,1,-1,-1,-1
212,22,1406.51,133.10,154.14,147.49,1,-1,-1,-1
212,25,503.36,136.63,175.54,146.48,1,-1,-1,-1
213,17,1066.99,191.86,191.28,137.97,1,-1,-1,-1
213,22,1406.42,133.26,154.21,147.53,1,-1,-1,-1
213,25,513.05,142.33,175.18,145.65,1,-1,-1,-1
214,17,1066.69,191.61,191.61,138.10,1,-1,-1,-1
214,22,1406.29,133.24,154.12,147.44,1,-1,-1,-1
214,25,522.01,144.91,177.34,147.02,1,-1,-1,-1
215,17,1066.74,191.08,191.95,138.29,1,-1,-1,-1
215,22,1405.92,132.78,154.30,147.60,1,-1,-1,-1
215,25,528.67,147.02,180.33,148.97,1,-1,-1,-1
216,17,1066.80,190.53,192.54,138.70,1,-1,-1,-1
216,22,1405.84,132.72,154.34,147.58,1,-1,-1,-1
216,25,537.47,149.55,183.62,151.31,1,-1,-1,-1
217,17,1067.86,190.60,192.23,138.62,1,-1,-1,-1
217,22,1406.12,132.50,153.89,147.10,1,-1,-1,-1
217,25,546.08,152.38,186.21,153.08,1,-1,-1,-1
218,17,1067.89,190.46,192.32,138.78,1,-1,-1,-1
218,22,1406.10,132.54,153.71,146.88,1,-1,-1,-1
218,25,556.56,154.78,188.62,154.75,1,-1,-1,-1
219,17,1067.85,190.76,192.17,138.66,1,-1,-1,-1
219,22,1406.19,132.52,154.38,147.42,1,-1,-1,-1
219,25,566.27,157.90,192.17,157.30,1,-1,-1,-1
220,17,1067.61,191.04,192.13,138.55,1,-1,-1,-1
220,22,1405.71,132.80,154.15,147.17,1,-1,-1,-1
220,25,576.04,161.00,196.09,160.24,1,-1,-1,-1
221,17,1067.56,191.61,192.01,138.37,1,-1,-1,-1
221,22,1405.73,132.90,154.16,147.14,1,-1,-1,-1
221,25,585.64,163.72,199.05,162.44,1,-1,-1,-1
221,28,457.73,97.55,122.97,99.89,1,-1,-1,-1
222,17,1067.30,191.95,192.33,138.53,1,-1,-1,-1
222,22,1405.04,133.28,153.92,147.02,1,-1,-1,-1
222,25,597.10,166.76,201.98,164.63,1,-1,-1,-1
222,28,453.79,96.48,123.68,100.51,1,-1,-1,-1
223,17,1066.95,191.72,193.00,139.00,1,-1,-1,-1
223,22,1405.04,133.69,153.48,146.66,1,-1,-1,-1
223,25,608.69,170.26,205.07,166.90,1,-1,-1,-1
223,28,450.44,95.94,123.22,100.14,1,-1,-1,-1
224,17,1067.47,192.12,192.08,138.24,1,-1,-1,-1
224,22,1405.14,133.46,153.64,146.77,1,-1,-1,-1
224,25,620.48,172.58,208.93,169.56,1,-1,-1,-1
224,28,447.70,95.33,123.48,100.34,1,-1,-1,-1
225,17,1067.41,192.11,192.04,138.18,1,-1,-1,-1
225,22,1405.73,133.46,153.74,146.77,1,-1,-1,-1
225,25,632.50,176.28,212.66,172.03,1,-1,-1,-1
226,17,1067.24,191.94,192.35,138.32,1,-1,-1,-1
226,22,1406.32,133.46,153.69,146.53,1,-1,-1,-1
226,25,644.14,179.17,217.75,175.40,1,-1,-1,-1
227,17,1067.23,191.29,192.77,138.68,1,-1,-1,-1
227,22,1406.40,133.48,153.64,146.49,1,-1,-1,-1
227,25,654.41,182.04,223.30,179.21,1,-1,-1,-1
228,17,1067.67,191.45,192.63,138.69,1,-1,-1,-1
228,25,666.21,186.49,227.00,181.46,1,-1,-1,-1
229,17,1067.33,191.73,192.60,138.65,1,-1,-1,-1
229,25,676.97,190.40,230.89,183.54,1,-1,-1,-1
230,17,1067.14,191.70,192.80,138.80,1,-1,-1,-1
230,25,688.23,193.67,235.58,186.34,1,-1,-1,-1
231,17,1066.65,191.58,193.70,139.52,1,-1,-1,-1
231,25,700.50,196.81,242.71,191.32,1,-1,-1,-1
232,17,1066.32,191.68,193.91,139.69,1,-1,-1,-1
232,25,711.67,200.00,250.81,197.05,1,-1,-1,-1
233,17,1066.65,192.04,193.36,139.37,1,-1,-1,-1
233,25,725.61,203.41,257.36,201.21,1,-1,-1,-1
233,29,1405.26,133.46,155.66,147.13,1,-1,-1,-1
234,17,1066.57,191.90,192.89,138.96,1,-1,-1,-1
234,25,739.51,207.18,263.91,205.55,1,-1,-1,-1
234,29,1405.29,133.42,155.68,147.15,1,-1,-1,-1
235,17,1066.71,191.99,192.92,138.90,1,-1,-1,-1
235,25,754.01,210.34,270.74,210.17,1,-1,-1,-1
236,17,1066.83,192.06,193.00,138.87,1,-1,-1,-1
236,25,769.77,213.03,277.41,214.71,1,-1,-1,-1
236,30,1552.02,302.05,341.17,278.61,1,-1,-1,-1
237,17,1068.23,191.61,193.10,139.10,1,-1,-1,-1
237,25,787.73,216.34,283.92,219.02,1,-1,-1,-1
237,30,1538.76,296.48,333.90,269.59,1,-1,-1,-1
238,17,1069.67,191.64,193.03,139.33,1,-1,-1,-1
238,25,802.03,219.07,290.48,223.68,1,-1,-1,-1
238,30,1515.91,290.54,331.26,263.66,1,-1,-1,-1
239,17,1072.60,191.44,192.75,139.86,1,-1,-1,-1
239,25,819.16,224.18,295.94,226.89,1,-1,-1,-1
239,30,1486.19,284.47,328.87,257.89,1,-1,-1,-1
240,17,1074.62,191.37,192.80,140.78,1,-1,-1,-1
240,25,836.31,229.24,303.03,230.95,1,-1,-1,-1
240,30,1451.74,280.83,327.56,252.89,1,-1,-1,-1
241,17,1075.22,191.34,193.07,140.97,1,-1,-1,-1
241,25,848.61,233.12,311.55,237.08,1,-1,-1,-1
241,30,1418.87,275.71,328.23,249.65,1,-1,-1,-1
242,25,862.76,237.05,318.65,242.62,1,-1,-1,-1
242,30,1386.84,268.98,328.62,246.54,1,-1,-1,-1
243,25,880.85,242.29,322.92,245.33,1,-1,-1,-1
243,30,1354.21,260.99,330.60,245.21,1,-1,-1,-1
244,25,899.18,248.96,330.73,251.30,1,-1,-1,-1
244,30,1326.33,255.93,330.43,242.61,1,-1,-1,-1
245,25,918.97,254.11,334.38,253.64,1,-1,-1,-1
245,30,1297.05,250.58,329.97,240.13,1,-1,-1,-1
246,25,941.33,260.86,339.94,257.02,1,-1,-1,-1
246,30,1267.44,244.98,331.30,239.40,1,-1,-1,-1
247,25,962.74,267.06,348.00,262.40,1,-1,-1,-1
247,30,1243.80,243.02,325.40,234.63,1,-1,-1,-1
248,25,979.19,270.81,359.97,270.50,1,-1,-1,-1
248,30,1240.29,242.64,311.19,225.98,1,-1,-1,-1
249,25,998.61,275.29,369.54,276.24,1,-1,-1,-1
249,30,1239.97,244.32,289.17,211.96,1,-1,-1,-1
250,25,1020.92,280.26,378.57,281.34,1,-1,-1,-1
250,30,1220.33,240.64,281.95,206.67,1,-1,-1,-1
251,25,1040.45,287.27,385.81,285.36,1,-1,-1,-1
252,25,1060.90,294.74,396.14,291.80,1,-1,-1,-1
253,25,1079.65,302.85,405.42,296.29,1,-1,-1,-1
254,25,1101.17,312.24,414.74,300.26,1,-1,-1,-1
255,25,1125.99,318.56,431.04,310.17,1,-1,-1,-1
256,25,1153.59,326.16,443.65,317.57,1,-1,-1,-1
257,25,1178.73,334.94,451.28,320.41,1,-1,-1,-1
258,25,1212.51,341.75,460.95,325.88,1,-1,-1,-1
258,32,1031.34,199.20,278.97,203.43,1,-1,-1,-1
259,25,1246.83,350.87,470.49,330.91,1,-1,-1,-1
259,32,1017.52,198.48,271.75,198.34,1,-1,-1,-1
260,25,1276.94,363.64,479.54,335.19,1,-1,-1,-1
260,32,997.49,193.26,271.09,198.14,1,-1,-1,-1
261,25,1304.89,372.82,494.39,343.66,1,-1,-1,-1
261,32,983.37,190.24,268.19,196.23,1,-1,-1,-1
262,25,1328.81,381.48,507.05,350.88,1,-1,-1,-1
262,32,964.70,176.97,277.14,203.02,1,-1,-1,-1
263,25,1349.31,390.61,512.68,354.73,1,-1,-1,-1
263,32,947.22,169.48,279.59,205.17,1,-1,-1,-1
264,25,1374.71,397.31,524.50,363.46,1,-1,-1,-1
264,32,945.05,167.74,273.91,199.62,1,-1,-1,-1
264,33,1406.20,132.03,152.46,148.20,1,-1,-1,-1
265,25,1395.64,405.02,537.26,374.96,1,-1,-1,-1
265,32,942.01,167.30,269.20,194.06,1,-1,-1,-1
265,33,1406.42,132.45,152.32,148.01,1,-1,-1,-1
266,25,1411.75,414.97,543.24,384.26,1,-1,-1,-1
266,32,931.26,171.55,261.80,186.50,1,-1,-1,-1
266,33,1406.90,132.76,152.04,147.68,1,-1,-1,-1
267,25,1429.52,427.18,539.25,388.27,1,-1,-1,-1
267,32,930.04,168.59,261.13,182.45,1,-1,-1,-1
267,33,1405.81,131.32,152.12,147.76,1,-1,-1,-1
268,25,1445.24,438.48,536.91,395.72,1,-1,-1,-1
268,32,903.98,171.49,249.53,173.20,1,-1,-1,-1
268,33,1404.80,131.62,152.93,148.54,1,-1,-1,-1
269,25,1466.15,446.95,545.63,402.14,1,-1,-1,-1
269,32,879.83,168.08,248.47,173.04,1,-1,-1,-1
269,33,1404.45,131.76,153.48,149.08,1,-1,-1,-1
270,32,864.21,165.28,244.49,170.41,1,-1,-1,-1
270,33,1404.78,131.41,153.17,148.69,1,-1,-1,-1
271,32,849.01,160.78,244.89,171.96,1,-1,-1,-1
271,33,1404.38,132.06,153.60,149.06,1,-1,-1,-1
272,32,834.59,160.88,239.69,169.25,1,-1,-1,-1
272,33,1403.96,132.76,153.54,148.95,1,-1,-1,-1
272,34,1073.20,190.83,183.30,139.19,1,-1,-1,-1
273,32,825.05,158.69,236.41,167.83,1,-1,-1,-1
273,33,1404.15,132.79,152.53,147.86,1,-1,-1,-1
273,34,1072.00,189.65,184.13,139.59,1,-1,-1,-1
274,32,815.88,158.52,231.54,164.98,1,-1,-1,-1
274,33,1404.66,133.00,152.35,147.55,1,-1,-1,-1
274,34,1071.57,189.89,183.86,138.94,1,-1,-1,-1
275,32,809.16,157.91,228.70,163.33,1,-1,-1,-1
275,33,1404.92,132.80,152.79,147.87,1,-1,-1,-1
275,34,1070.39,190.40,184.21,138.69,1,-1,-1,-1
276,32,799.38,158.04,224.73,160.94,1,-1,-1,-1
276,33,1405.30,132.35,152.67,147.55,1,-1,-1,-1
276,34,1069.01,190.20,184.91,138.69,1,-1,-1,-1
277,32,788.59,158.13,222.50,159.75,1,-1,-1,-1
277,33,1404.95,133.54,151.89,146.85,1,-1,-1,-1
277,34,1069.37,189.54,186.92,139.73,1,-1,-1,-1
278,32,777.90,157.36,220.39,158.46,1,-1,-1,-1
278,33,1404.49,134.57,151.48,146.47,1,-1,-1,-1
278,34,1069.51,189.96,187.64,139.80,1,-1,-1,-1
279,32,768.31,155.92,217.93,156.82,1,-1,-1,-1
279,33,1404.11,134.44,151.20,146.17,1,-1,-1,-1
279,34,1068.08,189.45,188.46,139.97,1,-1,-1,-1
280,32,759.83,155.98,215.45,155.15,1,-1,-1,-1
280,33,1404.22,134.45,151.61,146.62,1,-1,-1,-1
280,34,1068.37,190.21,188.65,139.68,1,-1,-1,-1
281,32,751.05,156.48,212.03,152.56,1,-1,-1,-1
281,33,1404.37,134.77,152.19,147.23,1,-1,-1,-1
281,34,1069.37,191.10,188.74,139.49,1,-1,-1,-1
282,32,740.60,153.58,211.87,152.43,1,-1,-1,-1
282,33,1405.05,134.54,151.86,146.94,1,-1,-1,-1
282,34,1069.89,191.66,188.58,139.05,1,-1,-1,-1
283,32,731.91,151.90,211.20,151.73,1,-1,-1,-1
283,33,1405.29,134.68,152.02,147.16,1,-1,-1,-1
283,34,1069.78,190.85,189.68,139.77,1,-1,-1,-1
284,32,722.75,151.98,208.70,149.70,1,-1,-1,-1
284,33,1405.39,134.12,152.92,148.01,1,-1,-1,-1
284,34,1071.09,191.15,189.59,139.67,1,-1,-1,-1
285,32,713.08,150.20,205.74,146.95,1,-1,-1,-1
285,33,1405.80,133.86,152.50,147.54,1,-1,-1,-1
285,34,1069.34,190.75,189.89,139.42,1,-1,-1,-1
286,32,703.70,146.45,205.12,146.24,1,-1,-1,-1
286,33,1405.92,134.19,151.80,146.67,1,-1,-1,-1
286,34,1068.53,190.01,190.84,139.81,1,-1,-1,-1
287,32,693.55,142.14,207.37,147.59,1,-1,-1,-1
287,33,1405.40,134.46,151.24,146.07,1,-1,-1,-1
287,34,1068.13,190.45,190.83,139.61,1,-1,-1,-1
288,32,682.70,138.50,208.78,148.47,1,-1,-1,-1
288,33,1404.93,133.01,151.61,146.42,1,-1,-1,-1
288,34,1066.75,189.96,191.27,139.73,1,-1,-1,-1
289,32,669.12,130.99,215.82,153.59,1,-1,-1,-1
289,33,1404.75,132.94,151.90,146.70,1,-1,-1,-1
289,34,1066.56,189.88,191.06,139.30,1,-1,-1,-1
290,32,660.27,128.47,215.93,153.66,1,-1,-1,-1
290,33,1404.37,133.42,152.37,147.22,1,-1,-1,-1
290,34,1064.92,189.61,192.54,140.08,1,-1,-1,-1
291,32,652.09,128.76,214.27,152.14,1,-1,-1,-1
291,33,1404.66,133.57,151.75,146.60,1,-1,-1,-1
291,34,1065.68,189.95,192.49,139.89,1,-1,-1,-1
292,32,641.53,128.96,212.48,150.62,1,-1,-1,-1
292,33,1404.45,133.84,151.90,146.84,1,-1,-1,-1
292,34,1065.72,190.12,192.98,140.11,1,-1,-1,-1
293,32,630.80,129.69,210.85,148.85,1,-1,-1,-1
293,33,1404.39,133.54,152.89,147.89,1,-1,-1,-1
293,34,1065.22,190.13,194.28,140.96,1,-1,-1,-1
294,32,619.38,132.26,207.44,145.31,1,-1,-1,-1
294,33,1404.27,133.63,152.48,147.59,1,-1,-1,-1
294,34,1065.81,190.71,193.36,140.08,1,-1,-1,-1
295,32,605.28,131.47,207.48,143.89,1,-1,-1,-1
295,33,1404.36,133.86,152.23,147.38,1,-1,-1,-1
295,34,1065.58,190.72,193.56,140.04,1,-1,-1,-1
296,32,587.19,127.22,212.98,146.97,1,-1,-1,-1
296,33,1404.60,133.46,152.81,147.92,1,-1,-1,-1
296,34,1064.92,190.27,194.71,140.73,1,-1,-1,-1
297,32,571.00,124.86,214.94,147.26,1,-1,-1,-1
297,33,1405.65,132.95,152.05,147.12,1,-1,-1,-1
297,34,1065.75,190.18,193.45,139.48,1,-1,-1,-1
298,32,556.28,123.77,215.45,146.52,1,-1,-1,-1
298,33,1406.01,132.55,152.13,147.10,1,-1,-1,-1
298,34,1065.50,189.90,193.74,139.49,1,-1,-1,-1
299,32,541.60,124.03,214.55,144.52,1,-1,-1,-1
299,33,1406.33,132.51,152.94,147.77,1,-1,-1,-1
299,34,1064.95,189.83,194.05,139.46,1,-1,-1,-1
300,32,526.40,123.99,214.02,142.44,1,-1,-1,-1
300,33,1405.80,132.59,152.83,147.60,1,-1,-1,-1
300,34,1064.09,188.98,195.17,140.11,1,-1,-1,-1
301,32,508.83,123.23,216.69,142.69,1,-1,-1,-1
301,33,1405.79,132.54,153.17,147.86,1,-1,-1,-1
301,34,1064.29,189.29,195.00,139.95,1,-1,-1,-1
302,32,490.99,123.35,218.68,142.44,1,-1,-1,-1
302,33,1405.40,132.89,152.85,147.53,1,-1,-1,-1
302,34,1064.65,190.16,194.63,139.49,1,-1,-1,-1
303,32,470.63,122.35,221.32,142.79,1,-1,-1,-1
303,33,1405.07,132.56,152.96,147.63,1,-1,-1,-1
303,34,1064.99,190.00,194.72,139.50,1,-1,-1,-1
304,32,452.21,123.70,222.30,141.48,1,-1,-1,-1
304,33,1404.68,133.15,152.32,147.00,1,-1,-1,-1
304,34,1065.26,190.32,194.73,139.46,1,-1,-1,-1
305,32,428.79,124.85,223.04,140.13,1,-1,-1,-1
305,33,1404.57,133.52,152.66,147.35,1,-1,-1,-1
305,34,1065.82,191.38,194.17,138.98,1,-1,-1,-1
306,32,406.62,123.87,225.47,139.87,1,-1,-1,-1
306,33,1405.23,133.44,152.26,146.89,1,-1,-1,-1
306,34,1066.08,191.30,193.64,138.55,1,-1,-1,-1
307,32,383.63,122.02,231.40,141.56,1,-1,-1,-1
307,33,1405.44,133.39,152.08,146.67,1,-1,-1,-1
307,34,1066.09,190.79,194.18,139.07,1,-1,-1,-1
308,32,361.50,121.28,235.09,142.04,1,-1,-1,-1
308,33,1404.96,133.72,151.86,146.45,1,-1,-1,-1
308,34,1066.19,190.61,194.54,139.37,1,-1,-1,-1
309,32,338.53,120.49,238.68,142.45,1,-1,-1,-1
309,33,1404.39,133.24,151.87,146.43,1,-1,-1,-1
309,34,1065.65,189.46,194.82,139.64,1,-1,-1,-1
310,32,313.34,120.29,239.62,141.36,1,-1,-1,-1
310,33,1404.38,133.63,150.98,145.53,1,-1,-1,-1
310,34,1065.24,188.42,195.85,140.55,1,-1,-1,-1
311,32,287.79,121.60,240.90,140.62,1,-1,-1,-1
311,33,1405.11,133.91,150.90,145.30,1,-1,-1,-1
311,34,1066.26,189.60,194.41,139.50,1,-1,-1,-1
312,32,259.20,123.42,241.99,139.88,1,-1,-1,-1
312,33,1405.15,133.98,150.71,145.12,1,-1,-1,-1
312,34,1065.92,189.03,194.91,139.92,1,-1,-1,-1
313,32,233.75,123.23,246.27,141.02,1,-1,-1,-1
313,34,1065.98,189.81,194.27,139.47,1,-1,-1,-1
314,32,207.27,124.05,249.26,141.32,1,-1,-1,-1
314,34,1065.87,190.84,194.05,139.23,1,-1,-1,-1
315,32,179.43,128.32,249.04,139.50,1,-1,-1,-1
315,34,1065.71,190.66,194.18,139.15,1,-1,-1,-1
315,35,1404.26,134.62,154.12,146.00,1,-1,-1,-1
316,32,149.30,130.21,250.99,139.40,1,-1,-1,-1
316,34,1065.30,190.47,194.81,139.51,1,-1,-1,-1
316,35,1404.79,134.55,154.17,146.03,1,-1,-1,-1
317,32,120.09,131.90,252.31,139.00,1,-1,-1,-1
317,34,1064.97,191.06,194.80,139.23,1,-1,-1,-1
317,35,1404.19,134.35,155.06,146.92,1,-1,-1,-1
318,32,97.61,133.43,251.57,136.59,1,-1,-1,-1
318,34,1065.82,191.51,193.93,138.52,1,-1,-1,-1
318,35,1403.79,134.09,154.92,146.82,1,-1,-1,-1
319,32,67.85,134.62,253.14,135.74,1,-1,-1,-1
319,34,1065.62,190.94,194.15,138.53,1,-1,-1,-1
319,35,1403.86,133.47,155.41,147.22,1,-1,-1,-1
320,32,37.13,136.09,256.01,135.22,1,-1,-1,-1
320,34,1065.86,191.31,194.01,138.35,1,-1,-1,-1
320,35,1403.91,133.94,155.36,147.19,1,-1,-1,-1
321,32,14.61,138.54,257.06,134.60,1,-1,-1,-1
321,34,1065.18,190.44,194.91,139.01,1,-1,-1,-1
321,35,1404.04,133.58,155.30,147.09,1,-1,-1,-1
322,32,-3.82,137.91,258.29,135.90,1,-1,-1,-1
322,34,1064.35,189.57,195.90,139.85,1,-1,-1,-1
322,35,1403.88,133.34,155.18,146.92,1,-1,-1,-1
323,32,-17.74,139.90,254.42,135.81,1,-1,-1,-1
323,34,1064.71,190.63,194.51,138.72,1,-1,-1,-1
323,35,1404.03,133.47,155.16,146.87,1,-1,-1,-1
324,32,-29.67,139.83,248.08,135.72,1,-1,-1,-1
324,34,1064.70,190.90,194.38,138.54,1,-1,-1,-1
324,35,1404.19,133.49,155.46,147.06,1,-1,-1,-1
325,32,-36.07,141.31,239.05,134.65,1,-1,-1,-1
325,34,1065.15,191.01,194.31,138.47,1,-1,-1,-1
325,35,1404.15,133.66,155.53,147.14,1,-1,-1,-1
326,32,-56.27,142.26,238.34,134.25,1,-1,-1,-1
326,34,1064.86,191.75,193.97,138.04,1,-1,-1,-1
326,35,1403.36,134.52,155.16,146.92,1,-1,-1,-1
327,34,1064.92,192.02,193.65,137.64,1,-1,-1,-1
327,35,1403.34,135.20,154.61,146.46,1,-1,-1,-1
328,34,1064.53,191.87,193.96,137.69,1,-1,-1,-1
328,35,1403.06,134.93,154.70,146.66,1,-1,-1,-1
329,34,1065.29,192.43,193.92,137.59,1,-1,-1,-1
329,35,1402.89,134.54,155.05,147.13,1,-1,-1,-1
330,34,1065.71,192.70,193.51,137.27,1,-1,-1,-1
330,35,1403.30,134.97,154.29,146.55,1,-1,-1,-1
331,34,1065.50,191.75,194.26,137.82,1,-1,-1,-1
331,35,1403.46,133.72,153.75,146.30,1,-1,-1,-1
332,34,1066.04,191.92,194.18,137.71,1,-1,-1,-1
332,35,1403.19,133.54,153.56,146.43,1,-1,-1,-1
333,34,1065.78,191.42,194.47,137.87,1,-1,-1,-1
333,35,1403.33,133.22,153.38,146.44,1,-1,-1,-1
334,34,1065.25,191.31,194.38,137.73,1,-1,-1,-1
334,35,1403.42,133.09,153.09,146.30,1,-1,-1,-1
335,34,1065.02,191.50,194.31,137.52,1,-1,-1,-1
335,35,1403.48,132.98,153.16,146.53,1,-1,-1,-1
336,34,1064.89,191.46,194.58,137.57,1,-1,-1,-1
336,35,1403.25,133.11,153.13,146.71,1,-1,-1,-1
337,34,1064.85,191.23,194.88,137.72,1,-1,-1,-1
337,35,1403.57,133.23,152.80,146.51,1,-1,-1,-1
338,34,1064.93,191.41,195.33,138.07,1,-1,-1,-1
338,35,1403.53,133.65,153.02,146.88,1,-1,-1,-1
339,34,1065.21,191.88,194.94,137.70,1,-1,-1,-1
339,35,1403.82,133.92,152.69,146.66,1,-1,-1,-1
340,34,1065.17,191.77,195.10,137.82,1,-1,-1,-1
340,35,1403.60,133.87,152.92,146.73,1,-1,-1,-1
341,34,1065.20,191.79,195.31,137.98,1,-1,-1,-1
341,35,1402.16,132.95,153.87,147.28,1,-1,-1,-1
342,34,1065.30,191.85,194.90,137.63,1,-1,-1,-1
342,35,1400.39,131.68,154.66,147.19,1,-1,-1,-1
343,34,1064.88,190.59,195.55,138.23,1,-1,-1,-1
343,35,1396.24,130.33,156.09,147.35,1,-1,-1,-1
344,34,1065.62,190.77,194.91,137.83,1,-1,-1,-1
344,35,1395.59,129.98,156.17,147.42,1,-1,-1,-1
345,34,1066.01,190.82,194.58,137.59,1,-1,-1,-1
346,34,1066.25,190.53,194.63,137.75,1,-1,-1,-1
347,34,1066.21,190.64,194.38,137.63,1,-1,-1,-1
348,34,1066.41,191.23,193.95,137.39,1,-1,-1,-1
349,34,1065.52,190.97,194.45,137.76,1,-1,-1,-1
350,34,1065.49,190.47,194.97,138.20,1,-1,-1,-1
351,34,1065.34,191.08,193.99,137.46,1,-1,-1,-1
352,34,1065.78,191.39,193.56,137.09,1,-1,-1,-1
353,34,1065.49,191.61,193.64,137.03,1,-1,-1,-1
354,34,1065.43,191.62,193.68,137.07,1,-1,-1,-1
354,40,1404.05,135.09,153.56,143.00,1,-1,-1,-1
355,34,1065.04,190.52,194.65,137.82,1,-1,-1,-1
355,40,1403.80,134.98,153.65,143.08,1,-1,-1,-1
356,34,1065.20,191.04,194.76,137.91,1,-1,-1,-1
357,34,1065.65,191.38,194.67,137.95,1,-1,-1,-1
358,34,1065.99,191.55,194.27,137.75,1,-1,-1,-1
359,34,1065.42,191.82,194.29,137.82,1,-1,-1,-1
360,34,1065.41,192.38,193.84,137.45,1,-1,-1,-1
360,42,340.83,102.45,126.15,101.75,1,-1,-1,-1
361,34,1065.64,192.03,193.86,137.49,1,-1,-1,-1
361,42,344.65,104.15,125.48,101.23,1,-1,-1,-1
362,34,1066.26,192.40,193.45,137.21,1,-1,-1,-1
362,42,347.15,104.73,126.20,101.80,1,-1,-1,-1
363,34,1066.47,192.28,193.43,137.21,1,-1,-1,-1
363,42,352.45,106.62,125.71,101.38,1,-1,-1,-1
364,34,1066.41,191.73,193.97,137.62,1,-1,-1,-1
364,42,357.21,108.26,125.92,101.50,1,-1,-1,-1
