3,1,813.59,77.83,205.37,107.78,1,-1,-1,-1
3,2,337.27,97.98,167.05,99.15,1,-1,-1,-1
4,1,813.73,77.98,204.95,107.54,1,-1,-1,-1
4,2,337.33,98.01,166.90,99.01,1,-1,-1,-1
5,1,813.83,77.88,205.05,107.58,1,-1,-1,-1
5,2,336.77,97.92,167.59,99.39,1,-1,-1,-1
6,1,814.12,77.73,205.32,107.71,1,-1,-1,-1
6,2,337.54,98.42,166.90,98.92,1,-1,-1,-1
7,1,814.05,77.48,205.83,108.00,1,-1,-1,-1
7,2,337.72,98.59,166.81,98.80,1,-1,-1,-1
8,1,814.16,77.57,205.75,108.00,1,-1,-1,-1
8,2,337.81,98.62,166.72,98.68,1,-1,-1,-1
8,5,1510.72,348.44,393.41,298.90,1,-1,-1,-1
9,1,813.79,77.53,205.86,108.13,1,-1,-1,-1
9,2,337.66,98.55,166.89,98.72,1,-1,-1,-1
9,5,1499.14,342.41,395.05,298.58,1,-1,-1,-1
10,1,814.11,77.50,205.82,108.16,1,-1,-1,-1
10,2,337.60,98.41,167.06,98.77,1,-1,-1,-1
10,5,1484.17,335.45,397.61,297.73,1,-1,-1,-1
11,1,815.09,78.38,203.30,106.72,1,-1,-1,-1
11,2,336.90,98.56,167.29,98.74,1,-1,-1,-1
11,5,1470.82,329.97,399.95,295.46,1,-1,-1,-1
12,1,815.51,78.79,202.29,106.08,1,-1,-1,-1
12,2,336.54,98.60,167.55,98.72,1,-1,-1,-1
12,5,1455.37,324.30,404.65,293.47,1,-1,-1,-1
13,1,816.31,79.49,201.02,105.29,1,-1,-1,-1
13,2,336.72,98.50,167.34,98.36,1,-1,-1,-1
13,5,1438.27,318.83,411.02,291.08,1,-1,-1,-1
14,1,816.74,79.62,200.73,105.03,1,-1,-1,-1
14,2,336.68,98.32,167.34,98.14,1,-1,-1,-1
14,5,1419.86,314.51,417.00,286.59,1,-1,-1,-1
15,1,816.99,79.71,200.53,104.85,1,-1,-1,-1
15,2,336.48,98.39,167.59,98.12,1,-1,-1,-1
15,5,1391.00,312.20,425.40,283.61,1,-1,-1,-1
16,1,816.54,79.45,201.10,105.10,1,-1,-1,-1
16,2,335.97,98.27,168.44,98.50,1,-1,-1,-1
16,5,1361.41,308.35,432.39,280.25,1,-1,-1,-1
17,1,816.38,79.15,201.75,105.41,1,-1,-1,-1
17,2,335.48,98.13,169.02,98.76,1,-1,-1,-1
17,5,1330.75,304.58,437.91,275.31,1,-1,-1,-1
18,1,816.08,78.91,202.23,105.66,1,-1,-1,-1
18,2,335.33,97.83,169.51,99.04,1,-1,-1,-1
18,5,1296.56,298.90,443.22,270.58,1,-1,-1,-1
19,1,816.15,78.97,202.15,105.64,1,-1,-1,-1
19,2,335.24,97.68,169.71,99.18,1,-1,-1,-1
19,5,1260.96,295.05,450.57,267.29,1,-1,-1,-1
20,1,816.28,79.07,202.01,105.60,1,-1,-1,-1
20,2,335.17,97.67,169.72,99.21,1,-1,-1,-1
20,5,1221.59,288.35,462.92,267.43,1,-1,-1,-1
21,1,816.39,78.40,202.00,105.82,1,-1,-1,-1
21,2,334.15,97.89,170.51,99.76,1,-1,-1,-1
21,5,1178.19,283.42,471.59,266.32,1,-1,-1,-1
22,1,815.96,78.04,202.07,106.03,1,-1,-1,-1
22,2,333.13,97.39,171.54,100.40,1,-1,-1,-1
22,5,1136.36,277.18,480.93,266.19,1,-1,-1,-1
23,1,814.68,77.96,202.27,106.37,1,-1,-1,-1
23,2,333.10,97.21,171.71,100.59,1,-1,-1,-1
23,5,1100.24,272.49,479.83,260.20,1,-1,-1,-1
24,1,814.51,78.21,201.70,106.32,1,-1,-1,-1
24,2,333.44,97.24,171.32,100.41,1,-1,-1,-1
24,5,1059.75,265.35,483.85,257.90,1,-1,-1,-1
25,1,815.24,78.28,201.94,106.52,1,-1,-1,-1
25,2,332.93,97.26,171.60,100.60,1,-1,-1,-1
25,5,1021.62,258.84,485.77,255.12,1,-1,-1,-1
26,1,814.72,78.68,201.61,106.49,1,-1,-1,-1
26,2,332.54,97.21,171.75,100.71,1,-1,-1,-1
26,5,987.32,254.25,484.41,250.90,1,-1,-1,-1
27,1,814.77,78.97,201.07,106.39,1,-1,-1,-1
27,2,332.58,97.49,171.52,100.56,1,-1,-1,-1
27,5,955.03,250.71,479.89,244.96,1,-1,-1,-1
28,1,815.14,79.18,200.23,106.16,1,-1,-1,-1
28,2,332.87,97.66,171.33,100.46,1,-1,-1,-1
28,5,921.00,245.98,482.03,243.18,1,-1,-1,-1
29,1,815.61,79.61,199.18,105.82,1,-1,-1,-1
29,2,333.00,97.77,171.14,100.34,1,-1,-1,-1
29,5,887.34,241.96,480.28,239.86,1,-1,-1,-1
30,1,816.72,79.20,199.24,106.22,1,-1,-1,-1
30,2,333.19,98.04,171.06,100.29,1,-1,-1,-1
30,5,852.31,237.27,479.82,237.79,1,-1,-1,-1
31,1,817.67,79.66,198.47,106.20,1,-1,-1,-1
31,2,335.45,98.87,169.22,99.21,1,-1,-1,-1
31,5,819.69,234.11,474.40,233.13,1,-1,-1,-1
32,1,818.22,80.36,197.32,105.86,1,-1,-1,-1
32,2,336.41,99.25,168.46,98.74,1,-1,-1,-1
32,5,786.73,229.69,474.09,231.80,1,-1,-1,-1
33,1,818.80,80.76,196.23,105.46,1,-1,-1,-1
33,2,336.94,99.16,167.98,98.46,1,-1,-1,-1
33,5,756.06,225.28,468.65,228.19,1,-1,-1,-1
34,1,818.91,80.79,195.61,105.25,1,-1,-1,-1
34,2,337.34,99.13,167.41,98.06,1,-1,-1,-1
34,5,724.01,219.99,462.27,224.22,1,-1,-1,-1
35,1,819.33,80.60,195.53,105.33,1,-1,-1,-1
35,2,337.64,99.22,167.06,97.79,1,-1,-1,-1
35,5,695.28,217.28,454.60,219.92,1,-1,-1,-1
36,1,819.85,80.56,195.40,105.32,1,-1,-1,-1
36,2,337.93,99.41,166.70,97.49,1,-1,-1,-1
36,5,668.39,215.47,441.31,213.02,1,-1,-1,-1
37,1,820.20,80.56,195.43,105.40,1,-1,-1,-1
37,2,337.69,99.30,167.43,97.96,1,-1,-1,-1
37,5,639.08,212.43,435.59,210.25,1,-1,-1,-1
38,1,820.09,80.53,195.91,105.71,1,-1,-1,-1
38,2,337.89,99.49,167.23,97.89,1,-1,-1,-1
38,5,612.69,209.24,429.75,207.70,1,-1,-1,-1
39,1,819.79,80.54,196.28,105.99,1,-1,-1,-1
39,2,338.20,99.63,167.15,97.93,1,-1,-1,-1
39,5,586.76,205.70,418.59,202.44,1,-1,-1,-1
40,1,820.06,80.60,196.10,106.04,1,-1,-1,-1
40,2,338.14,99.83,166.40,97.54,1,-1,-1,-1
40,5,563.34,203.67,403.79,195.13,1,-1,-1,-1
41,1,820.05,80.12,197.13,106.68,1,-1,-1,-1
41,2,337.61,99.58,166.75,97.82,1,-1,-1,-1
41,5,538.73,201.35,394.70,190.74,1,-1,-1,-1
42,1,819.93,79.94,197.21,106.72,1,-1,-1,-1
42,2,337.32,99.55,166.56,97.78,1,-1,-1,-1
42,5,513.67,198.86,386.41,186.75,1,-1,-1,-1
43,1,820.26,79.74,197.33,106.84,1,-1,-1,-1
43,2,337.21,99.70,166.01,97.53,1,-1,-1,-1
43,5,488.89,196.89,377.23,182.47,1,-1,-1,-1
44,1,820.07,79.55,196.96,106.61,1,-1,-1,-1
44,2,337.00,99.93,165.64,97.39,1,-1,-1,-1
44,5,465.02,194.28,367.36,177.74,1,-1,-1,-1
45,1,819.17,80.19,198.65,107.14,1,-1,-1,-1
45,2,337.34,100.61,165.25,97.13,1,-1,-1,-1
45,5,439.89,192.58,359.41,174.30,1,-1,-1,-1
46,1,818.08,80.32,200.22,107.61,1,-1,-1,-1
46,2,337.29,100.80,165.16,97.01,1,-1,-1,-1
46,5,413.06,188.86,356.01,173.14,1,-1,-1,-1
47,1,817.55,80.31,201.09,107.77,1,-1,-1,-1
47,2,337.14,100.92,165.08,96.86,1,-1,-1,-1
47,5,388.71,186.71,350.20,171.10,1,-1,-1,-1
48,1,817.95,79.92,201.02,107.50,1,-1,-1,-1
48,2,337.64,101.05,164.96,96.64,1,-1,-1,-1
48,5,366.26,185.46,337.18,165.22,1,-1,-1,-1
49,1,816.79,80.13,202.40,108.08,1,-1,-1,-1
49,2,337.24,100.85,165.97,97.15,1,-1,-1,-1
49,5,345.79,181.38,328.94,162.43,1,-1,-1,-1
50,1,815.83,79.71,204.00,108.83,1,-1,-1,-1
50,2,336.82,101.00,166.92,97.50,1,-1,-1,-1
50,5,329.03,180.51,317.26,157.57,1,-1,-1,-1
51,1,816.70,80.42,201.83,107.57,1,-1,-1,-1
51,2,337.02,101.66,167.91,98.02,1,-1,-1,-1
51,5,312.99,178.71,307.30,153.69,1,-1,-1,-1
51,6,1697.34,123.14,127.61,112.88,1,-1,-1,-1
52,1,816.61,80.49,201.32,107.17,1,-1,-1,-1
52,2,337.42,102.16,169.15,98.83,1,-1,-1,-1
52,5,292.69,174.84,304.16,153.65,1,-1,-1,-1
52,6,1697.58,123.21,127.79,113.02,1,-1,-1,-1
53,1,816.83,80.80,200.62,106.67,1,-1,-1,-1
53,2,337.49,102.38,169.36,98.95,1,-1,-1,-1
53,5,276.54,175.11,290.61,148.03,1,-1,-1,-1
53,6,1697.79,123.29,127.73,112.93,1,-1,-1,-1
54,1,816.72,80.67,200.74,106.62,1,-1,-1,-1
54,5,258.79,173.29,283.95,146.22,1,-1,-1,-1
54,6,1697.92,123.44,127.55,112.71,1,-1,-1,-1
55,1,816.88,80.66,200.61,106.42,1,-1,-1,-1
55,5,240.74,172.67,275.50,143.14,1,-1,-1,-1
55,6,1698.02,123.52,127.37,112.47,1,-1,-1,-1
56,1,816.81,80.20,201.13,106.47,1,-1,-1,-1
56,5,224.52,172.00,268.61,140.71,1,-1,-1,-1
56,6,1697.94,123.72,127.05,112.07,1,-1,-1,-1
57,1,816.57,79.98,201.55,106.44,1,-1,-1,-1
57,5,209.62,170.22,263.36,139.20,1,-1,-1,-1
57,6,1697.87,123.85,126.97,111.85,1,-1,-1,-1
58,1,816.53,80.10,201.82,106.40,1,-1,-1,-1
58,5,194.55,168.54,256.73,137.00,1,-1,-1,-1
58,6,1697.61,123.94,127.08,111.82,1,-1,-1,-1
59,1,816.66,80.17,201.82,106.27,1,-1,-1,-1
59,5,180.22,168.63,249.47,134.38,1,-1,-1,-1
59,6,1697.39,123.93,127.23,111.84,1,-1,-1,-1
60,1,816.13,80.35,201.84,106.16,1,-1,-1,-1
60,5,166.44,168.46,242.31,131.86,1,-1,-1,-1
60,6,1697.22,123.92,127.35,111.83,1,-1,-1,-1
60,7,335.33,101.01,168.95,97.87,1,-1,-1,-1
61,1,816.24,80.19,201.80,106.01,1,-1,-1,-1
61,5,153.49,168.57,233.92,128.61,1,-1,-1,-1
61,6,1696.89,124.40,126.63,111.10,1,-1,-1,-1
61,7,337.91,100.93,167.96,97.21,1,-1,-1,-1
62,1,816.05,79.98,202.13,106.07,1,-1,-1,-1
62,5,140.91,167.15,229.12,127.27,1,-1,-1,-1
62,6,1696.68,124.57,126.44,110.85,1,-1,-1,-1
62,7,338.96,100.77,167.79,97.01,1,-1,-1,-1
63,1,815.81,79.87,202.30,106.03,1,-1,-1,-1
63,5,128.81,164.71,225.83,126.89,1,-1,-1,-1
63,6,1696.62,124.64,126.40,110.71,1,-1,-1,-1
63,7,339.60,100.70,167.51,96.85,1,-1,-1,-1
64,1,815.68,79.87,202.46,106.00,1,-1,-1,-1
64,5,117.75,164.44,221.15,125.53,1,-1,-1,-1
64,6,1696.65,124.64,126.36,110.53,1,-1,-1,-1
64,8,335.88,100.53,170.53,97.63,1,-1,-1,-1
65,1,815.31,80.01,202.69,106.00,1,-1,-1,-1
65,5,106.29,164.31,216.53,124.15,1,-1,-1,-1
65,6,1696.50,124.76,126.38,110.37,1,-1,-1,-1
65,8,335.77,100.43,170.67,97.72,1,-1,-1,-1
66,1,815.08,80.06,202.87,106.01,1,-1,-1,-1
66,5,95.60,163.44,210.84,122.16,1,-1,-1,-1
66,6,1696.53,124.65,126.58,110.42,1,-1,-1,-1
66,8,335.42,100.36,170.85,97.85,1,-1,-1,-1
67,1,815.11,80.28,202.58,105.77,1,-1,-1,-1
67,5,84.16,162.76,207.74,121.78,1,-1,-1,-1
67,6,1696.55,124.67,126.70,110.39,1,-1,-1,-1
67,8,333.93,100.04,171.51,98.21,1,-1,-1,-1
68,1,815.11,80.42,202.55,105.64,1,-1,-1,-1
68,5,73.46,163.06,201.65,119.29,1,-1,-1,-1
68,6,1696.63,124.53,127.05,110.52,1,-1,-1,-1
68,8,333.90,100.00,170.51,97.57,1,-1,-1,-1
69,1,814.79,80.38,202.74,105.66,1,-1,-1,-1
69,5,63.29,161.90,198.55,118.82,1,-1,-1,-1
69,6,1696.65,124.52,127.24,110.52,1,-1,-1,-1
69,8,333.85,100.08,169.97,97.20,1,-1,-1,-1
70,1,814.84,80.47,202.63,105.48,1,-1,-1,-1
70,5,54.99,162.25,191.33,115.53,1,-1,-1,-1
70,6,1696.70,124.65,127.29,110.37,1,-1,-1,-1
70,8,334.09,100.08,169.67,96.98,1,-1,-1,-1
71,1,814.43,80.17,202.84,105.52,1,-1,-1,-1
71,5,45.76,161.56,190.00,115.91,1,-1,-1,-1
71,6,1696.83,125.42,126.69,109.60,1,-1,-1,-1
71,8,335.35,100.50,169.03,96.59,1,-1,-1,-1
72,1,814.22,79.97,203.13,105.61,1,-1,-1,-1
72,5,36.10,160.03,188.81,116.61,1,-1,-1,-1
72,6,1696.88,125.75,126.61,109.29,1,-1,-1,-1
72,8,335.75,100.58,169.06,96.60,1,-1,-1,-1
73,1,814.90,80.76,201.90,104.84,1,-1,-1,-1
73,5,27.15,159.20,183.57,114.80,1,-1,-1,-1
73,6,1696.75,126.54,126.20,108.78,1,-1,-1,-1
73,8,335.80,100.54,169.94,97.22,1,-1,-1,-1
74,1,815.23,81.23,201.17,104.33,1,-1,-1,-1
74,5,19.42,158.77,179.10,113.36,1,-1,-1,-1
74,6,1696.59,126.81,126.21,108.65,1,-1,-1,-1
74,8,336.10,100.50,170.11,97.45,1,-1,-1,-1
75,1,815.21,81.18,201.37,104.31,1,-1,-1,-1
75,5,12.53,157.12,176.60,113.38,1,-1,-1,-1
75,6,1696.48,126.92,126.37,108.67,1,-1,-1,-1
75,8,336.27,100.40,170.23,97.65,1,-1,-1,-1
76,1,815.08,80.99,201.84,104.45,1,-1,-1,-1
76,5,4.59,156.53,172.05,112.28,1,-1,-1,-1
76,6,1696.46,126.96,126.52,108.68,1,-1,-1,-1
76,8,336.04,100.36,170.10,97.66,1,-1,-1,-1
77,1,814.93,80.92,201.90,104.47,1,-1,-1,-1
77,5,-2.31,156.63,166.71,110.48,1,-1,-1,-1
77,6,1696.35,127.04,126.70,108.76,1,-1,-1,-1
77,8,335.79,100.39,169.99,97.68,1,-1,-1,-1
78,1,814.79,80.68,202.18,104.62,1,-1,-1,-1
78,5,-13.51,155.88,164.71,109.16,1,-1,-1,-1
78,6,1696.19,126.84,127.32,109.28,1,-1,-1,-1
78,8,335.68,100.19,170.20,97.89,1,-1,-1,-1
79,1,814.79,80.62,202.10,104.55,1,-1,-1,-1
79,6,1696.08,126.80,127.59,109.50,1,-1,-1,-1
79,8,335.73,100.02,170.25,98.01,1,-1,-1,-1
80,1,815.00,80.57,202.03,104.53,1,-1,-1,-1
80,6,1695.95,126.76,127.74,109.66,1,-1,-1,-1
80,8,335.90,100.00,170.11,98.04,1,-1,-1,-1
81,1,814.36,80.03,203.04,105.04,1,-1,-1,-1
81,6,1696.29,126.29,127.99,109.78,1,-1,-1,-1
81,8,335.86,100.27,169.30,97.51,1,-1,-1,-1
82,1,813.96,79.64,203.68,105.38,1,-1,-1,-1
82,6,1696.41,126.07,128.20,109.88,1,-1,-1,-1
82,8,335.90,100.24,169.28,97.46,1,-1,-1,-1
83,1,813.88,79.39,204.17,105.64,1,-1,-1,-1
83,6,1696.33,125.92,128.37,109.99,1,-1,-1,-1
83,8,335.92,100.19,169.45,97.54,1,-1,-1,-1
84,1,813.86,79.27,204.39,105.74,1,-1,-1,-1
84,6,1696.43,125.75,128.41,110.01,1,-1,-1,-1
84,8,336.03,100.14,169.49,97.56,1,-1,-1,-1
85,1,814.02,79.30,204.73,106.03,1,-1,-1,-1
85,6,1696.27,125.82,128.74,110.40,1,-1,-1,-1
85,8,335.97,99.93,170.07,97.98,1,-1,-1,-1
86,1,814.17,79.26,204.79,106.15,1,-1,-1,-1
86,6,1696.29,125.79,128.86,110.60,1,-1,-1,-1
86,8,336.02,99.84,170.17,98.11,1,-1,-1,-1
87,1,814.41,79.28,204.54,106.09,1,-1,-1,-1
87,6,1696.37,125.74,128.87,110.67,1,-1,-1,-1
87,8,336.10,99.79,170.13,98.12,1,-1,-1,-1
88,1,814.72,79.36,204.19,105.95,1,-1,-1,-1
88,6,1696.39,125.65,128.93,110.79,1,-1,-1,-1
88,8,336.28,99.87,169.97,98.08,1,-1,-1,-1
89,1,814.83,79.37,204.09,105.94,1,-1,-1,-1
89,6,1696.53,125.64,128.94,110.85,1,-1,-1,-1
89,8,336.37,99.89,169.93,98.11,1,-1,-1,-1
90,1,814.87,79.34,204.11,105.99,1,-1,-1,-1
90,6,1696.54,125.59,128.97,110.91,1,-1,-1,-1
90,8,336.37,99.82,170.12,98.27,1,-1,-1,-1
91,1,815.67,79.49,203.18,105.45,1,-1,-1,-1
91,6,1696.70,126.04,128.05,110.12,1,-1,-1,-1
91,8,335.85,99.91,169.81,98.05,1,-1,-1,-1
92,1,815.95,79.53,202.85,105.25,1,-1,-1,-1
92,6,1696.79,126.13,127.74,109.86,1,-1,-1,-1
92,8,335.71,99.90,169.74,97.99,1,-1,-1,-1
93,1,815.89,79.49,203.00,105.30,1,-1,-1,-1
93,6,1696.76,126.10,127.74,109.89,1,-1,-1,-1
93,8,335.62,99.85,169.76,97.99,1,-1,-1,-1
94,1,816.08,79.59,203.03,105.28,1,-1,-1,-1
94,6,1696.67,126.12,127.68,109.84,1,-1,-1,-1
94,8,335.61,99.87,169.65,97.90,1,-1,-1,-1
95,1,816.05,79.50,203.39,105.44,1,-1,-1,-1
95,6,1696.70,126.05,127.71,109.89,1,-1,-1,-1
95,8,335.71,99.84,169.58,97.84,1,-1,-1,-1
96,1,815.94,79.36,203.74,105.60,1,-1,-1,-1
96,6,1696.72,126.11,127.58,109.79,1,-1,-1,-1
96,8,335.74,99.87,169.59,97.82,1,-1,-1,-1
97,1,816.04,79.15,205.14,106.35,1,-1,-1,-1
97,6,1696.73,126.34,127.38,109.70,1,-1,-1,-1
97,8,336.09,99.62,169.73,97.96,1,-1,-1,-1
98,1,816.15,79.10,205.55,106.58,1,-1,-1,-1
98,6,1696.80,126.50,127.07,109.50,1,-1,-1,-1
98,8,336.38,99.56,169.68,97.98,1,-1,-1,-1
99,1,816.10,78.94,205.78,106.76,1,-1,-1,-1
99,6,1697.07,126.37,126.72,109.22,1,-1,-1,-1
99,8,336.27,99.37,170.17,98.39,1,-1,-1,-1
100,1,815.98,78.83,206.11,106.98,1,-1,-1,-1
100,6,1697.08,126.24,126.70,109.21,1,-1,-1,-1
100,8,336.34,99.37,169.80,98.24,1,-1,-1,-1
101,1,816.00,79.17,204.52,106.29,1,-1,-1,-1
101,6,1697.44,125.55,127.21,109.52,1,-1,-1,-1
101,8,337.36,99.56,168.99,97.84,1,-1,-1,-1
102,1,816.01,79.31,203.73,105.97,1,-1,-1,-1
102,6,1697.59,125.37,127.31,109.49,1,-1,-1,-1
102,8,337.61,99.67,168.86,97.85,1,-1,-1,-1
103,1,815.98,79.40,203.25,105.81,1,-1,-1,-1
103,6,1697.59,125.25,127.30,109.38,1,-1,-1,-1
103,8,337.64,99.68,168.77,97.85,1,-1,-1,-1
104,1,816.15,79.57,202.84,105.67,1,-1,-1,-1
104,6,1697.56,125.13,127.24,109.25,1,-1,-1,-1
104,8,337.69,99.67,168.66,97.83,1,-1,-1,-1
105,1,816.13,79.52,202.76,105.70,1,-1,-1,-1
105,6,1697.51,125.07,127.37,109.29,1,-1,-1,-1
105,8,337.75,99.61,168.66,97.89,1,-1,-1,-1
106,1,816.45,79.74,202.36,105.49,1,-1,-1,-1
106,6,1697.53,125.25,127.14,109.02,1,-1,-1,-1
106,8,338.23,99.75,168.07,97.60,1,-1,-1,-1
107,1,816.58,79.71,202.30,105.45,1,-1,-1,-1
107,6,1697.40,125.39,127.17,108.98,1,-1,-1,-1
107,8,338.50,99.83,167.78,97.47,1,-1,-1,-1
108,1,816.44,79.46,202.35,105.51,1,-1,-1,-1
108,6,1697.20,125.42,127.27,109.02,1,-1,-1,-1
108,8,338.47,99.81,167.79,97.51,1,-1,-1,-1
109,1,816.59,80.08,201.28,104.93,1,-1,-1,-1
109,6,1696.65,125.64,127.11,108.86,1,-1,-1,-1
109,8,339.00,99.54,168.09,97.81,1,-1,-1,-1
110,1,816.58,80.27,201.03,104.78,1,-1,-1,-1
110,6,1696.44,125.63,127.20,108.92,1,-1,-1,-1
110,8,339.20,99.41,168.18,97.96,1,-1,-1,-1
111,1,815.70,79.90,202.38,105.50,1,-1,-1,-1
111,6,1695.83,125.72,127.16,108.85,1,-1,-1,-1
111,8,337.85,99.23,168.61,98.21,1,-1,-1,-1
112,1,815.49,79.81,202.66,105.65,1,-1,-1,-1
112,6,1695.58,125.67,127.18,108.83,1,-1,-1,-1
112,8,337.92,99.46,168.11,97.86,1,-1,-1,-1
113,1,815.43,79.79,202.84,105.75,1,-1,-1,-1
113,6,1695.35,125.70,127.19,108.80,1,-1,-1,-1
113,8,337.29,99.49,168.28,97.94,1,-1,-1,-1
114,1,815.34,79.78,203.03,105.86,1,-1,-1,-1
114,6,1695.19,125.71,127.13,108.67,1,-1,-1,-1
114,8,336.21,99.22,169.05,98.38,1,-1,-1,-1
115,1,815.37,79.63,203.36,106.02,1,-1,-1,-1
115,6,1695.30,125.72,127.13,108.61,1,-1,-1,-1
115,8,335.69,99.18,169.55,98.65,1,-1,-1,-1
116,1,815.56,79.74,203.13,105.84,1,-1,-1,-1
116,6,1695.29,125.88,126.95,108.39,1,-1,-1,-1
116,8,335.69,99.18,169.39,98.51,1,-1,-1,-1
117,1,815.48,79.88,203.12,105.78,1,-1,-1,-1
117,6,1695.00,125.91,126.83,108.19,1,-1,-1,-1
117,8,335.24,99.20,169.28,98.35,1,-1,-1,-1
118,1,815.22,80.13,202.83,105.59,1,-1,-1,-1
118,6,1695.02,125.96,126.55,107.80,1,-1,-1,-1
118,8,334.84,99.40,169.30,98.21,1,-1,-1,-1
119,1,815.30,80.32,202.48,105.33,1,-1,-1,-1
119,6,1694.72,125.78,126.66,107.70,1,-1,-1,-1
119,8,334.85,99.43,169.43,98.17,1,-1,-1,-1
119,10,7.98,187.18,85.44,137.62,1,-1,-1,-1
120,1,815.07,79.82,203.69,105.99,1,-1,-1,-1
120,6,1694.62,125.57,126.77,107.61,1,-1,-1,-1
120,8,334.31,99.20,170.26,98.65,1,-1,-1,-1
120,10,12.96,188.40,87.54,139.51,1,-1,-1,-1
121,1,815.95,80.41,202.23,105.32,1,-1,-1,-1
121,6,1694.61,125.19,127.36,108.12,1,-1,-1,-1
121,8,335.25,99.47,169.20,98.00,1,-1,-1,-1
121,10,16.28,188.29,90.28,141.70,1,-1,-1,-1
122,1,816.42,80.67,201.49,104.99,1,-1,-1,-1
122,6,1694.62,125.04,127.54,108.20,1,-1,-1,-1
122,8,335.55,99.62,168.83,97.73,1,-1,-1,-1
122,10,21.23,188.48,93.03,142.54,1,-1,-1,-1
123,1,816.45,80.55,201.76,105.22,1,-1,-1,-1
123,6,1694.54,125.17,127.67,108.26,1,-1,-1,-1
123,8,335.58,99.67,168.76,97.67,1,-1,-1,-1
123,10,25.43,189.07,95.84,142.30,1,-1,-1,-1
124,1,816.49,80.28,202.05,105.49,1,-1,-1,-1
124,6,1694.69,124.95,127.71,108.24,1,-1,-1,-1
124,8,335.65,99.68,168.72,97.65,1,-1,-1,-1
124,10,29.17,189.10,99.97,142.91,1,-1,-1,-1
125,1,816.38,80.17,202.09,105.64,1,-1,-1,-1
125,6,1694.59,124.34,128.05,108.47,1,-1,-1,-1
125,8,335.78,99.93,168.48,97.49,1,-1,-1,-1
125,10,30.91,190.06,105.13,144.42,1,-1,-1,-1
126,1,815.99,79.78,202.83,106.05,1,-1,-1,-1
126,6,1694.64,124.04,127.98,108.32,1,-1,-1,-1
126,8,335.68,99.74,168.83,97.67,1,-1,-1,-1
126,10,33.08,191.92,110.88,145.74,1,-1,-1,-1
127,1,815.75,79.48,203.49,106.43,1,-1,-1,-1
127,6,1694.75,123.81,127.74,108.05,1,-1,-1,-1
127,8,335.65,99.74,169.03,97.79,1,-1,-1,-1
127,10,34.16,193.72,117.44,147.64,1,-1,-1,-1
128,1,815.54,79.50,203.61,106.56,1,-1,-1,-1
128,6,1694.94,123.71,127.47,107.73,1,-1,-1,-1
128,8,335.58,99.85,168.66,97.53,1,-1,-1,-1
128,10,36.27,194.49,124.48,149.31,1,-1,-1,-1
129,1,815.66,79.66,203.41,106.52,1,-1,-1,-1
129,6,1695.17,123.66,126.92,107.13,1,-1,-1,-1
129,8,335.50,99.94,168.54,97.40,1,-1,-1,-1
129,10,38.57,194.81,131.52,150.76,1,-1,-1,-1
130,1,815.85,79.50,203.49,106.58,1,-1,-1,-1
130,6,1694.98,123.69,126.22,106.42,1,-1,-1,-1
130,8,335.26,100.02,168.69,97.43,1,-1,-1,-1
130,10,39.66,195.38,139.33,152.67,1,-1,-1,-1
131,1,816.37,80.36,201.68,105.52,1,-1,-1,-1
131,6,1694.95,123.87,126.32,106.31,1,-1,-1,-1
131,8,335.69,100.21,168.81,97.44,1,-1,-1,-1
131,10,44.23,196.96,146.90,154.34,1,-1,-1,-1
132,1,816.48,80.69,201.22,105.18,1,-1,-1,-1
132,6,1694.89,123.66,126.31,106.15,1,-1,-1,-1
132,8,335.84,100.28,168.90,97.43,1,-1,-1,-1
132,10,52.23,198.52,152.32,154.29,1,-1,-1,-1
133,1,816.97,81.48,200.30,104.62,1,-1,-1,-1
133,6,1694.55,123.54,126.60,106.29,1,-1,-1,-1
133,8,335.87,100.51,169.00,97.43,1,-1,-1,-1
133,10,56.17,199.25,160.18,156.58,1,-1,-1,-1
134,1,817.02,81.68,200.10,104.44,1,-1,-1,-1
134,6,1694.70,123.38,126.57,106.19,1,-1,-1,-1
134,8,336.00,100.59,169.08,97.43,1,-1,-1,-1
134,10,56.86,199.72,167.91,158.71,1,-1,-1,-1
135,1,816.92,81.72,200.21,104.43,1,-1,-1,-1
135,6,1694.73,123.20,126.73,106.26,1,-1,-1,-1
135,8,335.99,100.72,169.00,97.31,1,-1,-1,-1
135,10,59.87,200.82,173.77,159.09,1,-1,-1,-1
136,1,817.06,81.49,200.84,104.69,1,-1,-1,-1
136,6,1694.82,122.96,126.94,106.40,1,-1,-1,-1
136,8,335.82,100.94,169.12,97.34,1,-1,-1,-1
136,10,64.98,201.29,181.24,161.46,1,-1,-1,-1
137,1,817.29,81.58,200.70,104.54,1,-1,-1,-1
137,6,1694.85,122.78,126.71,106.18,1,-1,-1,-1
137,8,336.03,101.00,169.01,97.24,1,-1,-1,-1
137,10,69.24,201.73,186.96,162.27,1,-1,-1,-1
138,1,817.49,81.52,200.91,104.62,1,-1,-1,-1
138,6,1694.76,122.54,127.00,106.41,1,-1,-1,-1
138,8,336.31,101.12,168.61,97.00,1,-1,-1,-1
138,10,74.79,202.50,188.55,163.65,1,-1,-1,-1
139,1,817.66,81.50,201.02,104.66,1,-1,-1,-1
139,6,1694.68,122.68,127.46,106.79,1,-1,-1,-1
139,8,336.63,101.21,168.37,96.82,1,-1,-1,-1
139,11,54.34,200.28,239.30,166.60,1,-1,-1,-1
140,1,817.64,81.56,201.42,104.78,1,-1,-1,-1
140,6,1694.69,122.73,127.97,107.23,1,-1,-1,-1
140,8,336.73,101.22,168.47,96.85,1,-1,-1,-1
140,11,60.38,201.20,240.04,167.07,1,-1,-1,-1
141,1,816.37,80.59,202.52,105.36,1,-1,-1,-1
141,6,1694.71,122.10,128.22,107.44,1,-1,-1,-1
141,8,336.31,101.31,168.06,96.49,1,-1,-1,-1
141,11,66.49,202.02,240.37,167.07,1,-1,-1,-1
142,1,815.64,80.11,203.18,105.71,1,-1,-1,-1
142,6,1694.43,122.01,128.63,107.80,1,-1,-1,-1
142,8,336.15,101.31,168.10,96.44,1,-1,-1,-1
142,11,72.19,202.23,242.69,168.42,1,-1,-1,-1
143,1,814.91,79.57,204.34,106.35,1,-1,-1,-1
143,6,1694.12,122.09,128.95,108.12,1,-1,-1,-1
143,8,336.11,101.59,168.14,96.38,1,-1,-1,-1
143,11,76.25,203.14,245.56,170.16,1,-1,-1,-1
144,1,814.70,79.15,205.01,106.74,1,-1,-1,-1
144,6,1693.83,122.38,129.20,108.39,1,-1,-1,-1
144,8,336.15,101.69,168.24,96.38,1,-1,-1,-1
144,11,81.17,204.32,247.07,170.83,1,-1,-1,-1
145,1,814.71,79.30,204.55,106.59,1,-1,-1,-1
145,6,1693.47,122.25,129.39,108.69,1,-1,-1,-1
145,8,335.79,101.08,169.06,96.90,1,-1,-1,-1
145,11,84.62,204.92,248.95,171.57,1,-1,-1,-1
146,1,814.62,79.29,204.50,106.64,1,-1,-1,-1
146,6,1693.39,122.28,129.51,108.93,1,-1,-1,-1
146,8,335.39,100.82,169.65,97.32,1,-1,-1,-1
146,11,88.58,205.41,252.55,173.55,1,-1,-1,-1
147,1,814.66,79.12,204.75,106.85,1,-1,-1,-1
147,6,1693.39,122.47,129.65,109.18,1,-1,-1,-1
147,8,335.27,100.44,169.66,97.40,1,-1,-1,-1
147,11,92.88,205.34,256.82,176.06,1,-1,-1,-1
148,1,814.56,79.16,204.73,106.91,1,-1,-1,-1
148,6,1692.98,123.04,129.27,108.99,1,-1,-1,-1
148,8,335.64,100.52,169.24,97.24,1,-1,-1,-1
148,11,97.39,205.24,260.56,178.23,1,-1,-1,-1
149,1,814.49,79.22,204.63,106.94,1,-1,-1,-1
149,6,1692.62,123.32,129.34,109.16,1,-1,-1,-1
149,8,335.71,100.59,169.02,97.20,1,-1,-1,-1
149,11,101.15,205.77,263.96,180.12,1,-1,-1,-1
149,12,1483.50,117.94,126.93,92.18,1,-1,-1,-1
150,1,814.45,79.45,204.08,106.77,1,-1,-1,-1
150,6,1692.39,123.37,129.39,109.36,1,-1,-1,-1
150,8,335.69,100.41,169.03,97.31,1,-1,-1,-1
150,11,104.95,206.48,267.50,181.87,1,-1,-1,-1
150,12,1477.86,119.46,126.57,91.85,1,-1,-1,-1
151,1,814.74,79.29,204.03,106.67,1,-1,-1,-1
151,6,1692.40,123.88,129.27,109.34,1,-1,-1,-1
151,8,335.38,100.48,169.75,97.83,1,-1,-1,-1
151,11,108.45,206.31,274.40,186.12,1,-1,-1,-1
151,12,1471.34,121.28,126.50,91.60,1,-1,-1,-1
152,1,815.00,79.23,204.32,106.71,1,-1,-1,-1
152,6,1692.30,124.13,129.32,109.48,1,-1,-1,-1
152,8,334.97,100.46,170.15,98.17,1,-1,-1,-1
152,11,113.79,206.33,279.46,189.27,1,-1,-1,-1
152,12,1464.98,122.36,127.70,92.33,1,-1,-1,-1
153,1,815.11,79.54,203.88,106.35,1,-1,-1,-1
153,6,1692.38,124.68,128.68,109.06,1,-1,-1,-1
153,8,334.62,100.43,170.10,98.24,1,-1,-1,-1
153,11,119.53,206.00,284.67,192.58,1,-1,-1,-1
153,12,1457.35,122.88,128.62,92.89,1,-1,-1,-1
154,1,815.35,79.87,203.82,106.29,1,-1,-1,-1
154,6,1692.83,125.04,128.70,109.17,1,-1,-1,-1
154,8,334.48,100.50,169.60,98.04,1,-1,-1,-1
154,11,127.01,206.49,287.54,194.34,1,-1,-1,-1
154,12,1449.51,124.28,129.72,93.55,1,-1,-1,-1
155,1,815.98,80.32,202.98,105.78,1,-1,-1,-1
155,6,1692.70,125.36,128.98,109.58,1,-1,-1,-1
155,8,334.74,100.74,168.69,97.55,1,-1,-1,-1
155,11,135.28,208.00,291.27,196.37,1,-1,-1,-1
155,12,1440.66,125.82,131.02,94.27,1,-1,-1,-1
156,1,815.83,80.22,203.83,106.16,1,-1,-1,-1
156,6,1692.63,125.51,129.09,109.85,1,-1,-1,-1
156,8,334.97,100.75,168.27,97.37,1,-1,-1,-1
156,11,142.41,208.49,295.76,198.57,1,-1,-1,-1
156,12,1430.70,126.72,131.90,94.75,1,-1,-1,-1
157,1,816.44,80.00,203.45,105.93,1,-1,-1,-1
157,6,1693.02,125.68,128.32,109.20,1,-1,-1,-1
157,8,335.14,100.85,167.95,97.18,1,-1,-1,-1
157,11,151.31,210.26,300.37,200.88,1,-1,-1,-1
157,12,1422.50,128.50,131.82,94.33,1,-1,-1,-1
158,1,816.65,79.92,203.26,105.83,1,-1,-1,-1
158,6,1693.22,125.85,128.20,109.15,1,-1,-1,-1
158,8,335.16,101.15,167.68,96.99,1,-1,-1,-1
158,11,162.12,211.56,304.99,203.36,1,-1,-1,-1
158,12,1414.08,129.82,133.56,95.29,1,-1,-1,-1
159,1,816.48,80.12,203.46,105.89,1,-1,-1,-1
159,6,1693.34,125.89,128.32,109.30,1,-1,-1,-1
159,8,334.66,100.81,167.94,97.19,1,-1,-1,-1
159,11,172.68,212.94,311.36,206.68,1,-1,-1,-1
159,12,1404.63,131.36,134.59,95.69,1,-1,-1,-1
160,1,816.43,80.14,203.85,106.14,1,-1,-1,-1
160,6,1693.31,126.06,128.37,109.34,1,-1,-1,-1
160,8,334.33,100.88,168.18,97.37,1,-1,-1,-1
160,11,185.28,214.83,315.78,208.03,1,-1,-1,-1
160,12,1395.13,132.28,136.34,96.55,1,-1,-1,-1
161,1,816.10,80.13,203.68,106.00,1,-1,-1,-1
161,8,334.56,100.72,168.39,97.45,1,-1,-1,-1
161,11,197.29,215.42,323.50,211.64,1,-1,-1,-1
161,12,1383.76,133.42,140.29,99.02,1,-1,-1,-1
162,1,815.97,80.27,203.95,106.13,1,-1,-1,-1
162,8,334.17,100.51,168.88,97.65,1,-1,-1,-1
162,11,211.98,218.31,330.39,214.36,1,-1,-1,-1
162,12,1373.64,133.98,142.28,100.16,1,-1,-1,-1
163,1,815.75,80.27,204.44,106.36,1,-1,-1,-1
163,8,333.83,100.49,169.30,97.81,1,-1,-1,-1
163,11,226.07,221.00,340.68,219.11,1,-1,-1,-1
163,12,1363.11,134.48,147.03,103.47,1,-1,-1,-1
164,1,815.64,80.19,204.71,106.52,1,-1,-1,-1
164,8,334.01,100.51,169.32,97.82,1,-1,-1,-1
164,11,244.37,224.61,349.69,222.71,1,-1,-1,-1
164,12,1353.75,136.00,148.45,104.16,1,-1,-1,-1
165,1,815.90,80.33,205.07,106.74,1,-1,-1,-1
165,8,334.33,100.37,169.56,98.00,1,-1,-1,-1
165,11,262.97,228.07,360.48,227.20,1,-1,-1,-1
165,12,1344.06,138.09,148.69,103.98,1,-1,-1,-1
166,1,815.63,80.27,205.80,107.21,1,-1,-1,-1
166,8,334.65,100.34,169.51,98.12,1,-1,-1,-1
166,11,280.30,230.68,374.93,233.89,1,-1,-1,-1
166,12,1333.69,139.58,149.99,104.68,1,-1,-1,-1
167,1,815.62,80.00,205.51,107.16,1,-1,-1,-1
167,8,335.10,100.47,170.00,98.62,1,-1,-1,-1
167,11,298.87,234.51,389.60,240.80,1,-1,-1,-1
167,12,1325.12,141.19,150.22,104.55,1,-1,-1,-1
168,1,815.20,79.45,206.52,107.83,1,-1,-1,-1
168,8,335.49,100.15,169.76,98.72,1,-1,-1,-1
168,11,321.84,238.26,403.67,247.05,1,-1,-1,-1
168,12,1315.94,142.14,153.31,106.24,1,-1,-1,-1
169,1,815.26,79.58,206.88,108.17,1,-1,-1,-1
169,8,335.99,100.33,169.15,98.61,1,-1,-1,-1
169,11,342.79,239.75,424.42,257.84,1,-1,-1,-1
169,12,1306.89,143.68,154.77,106.82,1,-1,-1,-1
170,1,815.43,79.39,206.42,108.15,1,-1,-1,-1
170,8,336.54,100.15,168.69,98.57,1,-1,-1,-1
170,11,369.06,243.11,441.17,265.57,1,-1,-1,-1
170,12,1297.53,145.74,156.06,107.23,1,-1,-1,-1
171,1,816.64,79.15,204.53,107.28,1,-1,-1,-1
171,8,337.21,99.55,168.49,98.62,1,-1,-1,-1
171,11,395.35,247.62,465.03,277.20,1,-1,-1,-1
171,12,1287.03,147.11,158.89,109.06,1,-1,-1,-1
172,1,817.66,78.91,204.79,107.65,1,-1,-1,-1
172,8,337.59,99.17,168.22,98.65,1,-1,-1,-1
172,11,419.69,253.57,491.62,290.92,1,-1,-1,-1
172,12,1276.61,148.22,161.41,110.74,1,-1,-1,-1
173,1,817.78,78.82,204.94,107.73,1,-1,-1,-1
173,8,337.84,99.11,167.91,98.56,1,-1,-1,-1
173,11,457.89,258.25,505.94,296.49,1,-1,-1,-1
173,12,1267.03,148.73,163.44,111.98,1,-1,-1,-1
174,8,337.81,99.02,168.20,98.79,1,-1,-1,-1
174,11,491.37,265.62,539.90,314.13,1,-1,-1,-1
174,12,1256.48,149.42,166.76,113.93,1,-1,-1,-1
174,13,819.88,79.57,195.15,106.68,1,-1,-1,-1
175,8,337.59,98.88,168.42,98.94,1,-1,-1,-1
175,11,531.95,272.99,561.17,323.14,1,-1,-1,-1
175,12,1244.20,150.85,171.11,116.68,1,-1,-1,-1
175,13,820.21,79.69,195.18,106.66,1,-1,-1,-1
176,8,337.76,98.95,168.05,98.68,1,-1,-1,-1
176,11,569.06,281.27,594.98,339.59,1,-1,-1,-1
176,12,1234.10,152.25,174.17,118.46,1,-1,-1,-1
176,13,820.40,79.64,195.27,106.63,1,-1,-1,-1
177,8,337.74,99.18,167.80,98.48,1,-1,-1,-1
177,11,627.57,289.11,601.47,337.84,1,-1,-1,-1
177,12,1222.97,153.00,179.03,121.46,1,-1,-1,-1
177,13,820.47,79.67,195.13,106.45,1,-1,-1,-1
178,8,336.82,99.19,168.20,98.66,1,-1,-1,-1
178,11,674.61,297.25,640.76,356.39,1,-1,-1,-1
178,12,1213.09,154.52,181.96,122.86,1,-1,-1,-1
178,13,820.01,79.69,195.90,106.83,1,-1,-1,-1
179,8,336.54,99.04,168.18,98.63,1,-1,-1,-1
179,11,732.25,303.72,675.99,371.81,1,-1,-1,-1
179,12,1204.33,156.01,184.44,123.84,1,-1,-1,-1
179,13,820.29,80.08,195.55,106.52,1,-1,-1,-1
180,8,335.98,98.92,168.22,98.58,1,-1,-1,-1
180,11,803.20,312.37,702.10,381.66,1,-1,-1,-1
180,12,1194.41,157.91,186.66,124.65,1,-1,-1,-1
180,13,819.63,80.15,195.92,106.55,1,-1,-1,-1
181,8,335.57,98.89,169.00,98.98,1,-1,-1,-1
181,11,871.41,325.40,733.70,394.86,1,-1,-1,-1
181,12,1184.55,159.64,188.30,124.79,1,-1,-1,-1
181,13,817.80,79.49,197.52,107.18,1,-1,-1,-1
182,8,335.46,98.82,169.31,99.13,1,-1,-1,-1
182,11,933.29,339.77,789.36,424.16,1,-1,-1,-1
182,12,1175.32,161.96,190.32,125.30,1,-1,-1,-1
182,13,816.70,79.24,198.32,107.36,1,-1,-1,-1
183,8,335.85,98.91,169.14,99.02,1,-1,-1,-1
183,11,1031.87,355.85,803.14,429.55,1,-1,-1,-1
183,12,1165.02,163.33,193.81,126.90,1,-1,-1,-1
183,13,816.23,79.39,198.45,107.18,1,-1,-1,-1
184,8,336.49,99.20,167.94,98.25,1,-1,-1,-1
184,11,1112.25,372.71,814.37,438.21,1,-1,-1,-1
184,12,1156.02,164.98,194.85,126.82,1,-1,-1,-1
184,13,816.07,80.19,197.47,106.31,1,-1,-1,-1
185,8,337.04,99.55,167.19,97.74,1,-1,-1,-1
185,11,1179.77,395.30,805.49,440.99,1,-1,-1,-1
185,12,1146.27,167.20,196.13,126.74,1,-1,-1,-1
185,13,815.66,80.90,196.90,105.64,1,-1,-1,-1
186,8,337.57,99.76,166.91,97.55,1,-1,-1,-1
186,11,1257.08,419.47,771.90,435.13,1,-1,-1,-1
186,12,1136.34,168.99,197.93,126.77,1,-1,-1,-1
186,13,815.25,81.04,197.07,105.46,1,-1,-1,-1
186,14,1695.63,124.45,128.85,112.74,1,-1,-1,-1
187,8,337.36,99.78,166.78,97.39,1,-1,-1,-1
187,11,1308.08,430.11,786.69,443.47,1,-1,-1,-1
187,12,1126.25,170.57,200.03,127.32,1,-1,-1,-1
187,13,815.16,81.69,196.48,104.87,1,-1,-1,-1
187,14,1696.37,125.00,128.48,112.40,1,-1,-1,-1
188,8,337.25,99.99,166.89,97.35,1,-1,-1,-1
188,12,1116.82,171.49,202.79,128.14,1,-1,-1,-1
188,13,815.03,81.70,196.77,104.74,1,-1,-1,-1
188,14,1696.96,125.02,128.29,112.20,1,-1,-1,-1
189,8,337.36,100.11,166.89,97.23,1,-1,-1,-1
189,12,1108.36,172.50,205.07,128.82,1,-1,-1,-1
189,13,814.93,81.47,197.21,104.71,1,-1,-1,-1
189,14,1696.86,124.59,128.68,112.48,1,-1,-1,-1
190,8,337.50,100.28,166.59,96.90,1,-1,-1,-1
190,12,1101.55,173.95,206.71,129.26,1,-1,-1,-1
190,13,815.20,81.88,197.08,104.34,1,-1,-1,-1
190,14,1696.40,124.89,128.40,112.23,1,-1,-1,-1
191,8,337.41,100.34,166.42,96.59,1,-1,-1,-1
191,12,1094.44,175.12,209.10,129.87,1,-1,-1,-1
191,13,816.13,81.59,197.69,104.45,1,-1,-1,-1
191,14,1696.52,125.01,128.22,112.07,1,-1,-1,-1
192,8,337.51,100.43,166.29,96.34,1,-1,-1,-1
192,12,1087.23,175.99,211.61,130.66,1,-1,-1,-1
192,13,816.46,81.55,197.88,104.39,1,-1,-1,-1
193,8,337.37,100.00,167.18,96.83,1,-1,-1,-1
193,12,1080.91,176.78,213.11,130.81,1,-1,-1,-1
193,13,816.94,82.02,197.69,104.20,1,-1,-1,-1
194,8,337.37,99.81,167.58,97.05,1,-1,-1,-1
194,12,1074.84,177.33,215.70,131.69,1,-1,-1,-1
194,13,817.16,82.10,197.73,104.15,1,-1,-1,-1
195,8,337.25,99.68,167.94,97.26,1,-1,-1,-1
195,12,1069.66,177.95,217.63,132.15,1,-1,-1,-1
195,13,817.07,82.02,198.17,104.29,1,-1,-1,-1
196,8,337.20,99.64,168.23,97.47,1,-1,-1,-1
196,12,1065.12,178.37,218.89,132.18,1,-1,-1,-1
196,13,816.90,82.27,197.94,104.11,1,-1,-1,-1
197,8,337.41,99.80,167.95,97.38,1,-1,-1,-1
197,12,1060.51,178.59,220.49,132.52,1,-1,-1,-1
197,13,816.17,82.04,198.72,104.53,1,-1,-1,-1
198,8,337.43,99.86,167.61,97.23,1,-1,-1,-1
198,12,1055.52,178.16,222.95,133.53,1,-1,-1,-1
198,13,815.93,82.00,199.03,104.68,1,-1,-1,-1
199,8,337.15,99.79,167.75,97.36,1,-1,-1,-1
199,12,1051.93,178.50,223.99,133.60,1,-1,-1,-1
199,13,815.75,82.08,199.57,104.93,1,-1,-1,-1
200,8,336.89,99.68,167.82,97.47,1,-1,-1,-1
200,12,1047.34,178.72,226.71,134.84,1,-1,-1,-1
200,13,815.29,82.01,200.12,105.19,1,-1,-1,-1
201,8,336.99,99.79,167.38,97.32,1,-1,-1,-1
201,12,1045.27,179.87,226.53,134.13,1,-1,-1,-1
201,13,816.49,82.37,197.95,103.99,1,-1,-1,-1
202,8,336.99,99.92,167.22,97.33,1,-1,-1,-1
202,12,1043.36,180.67,226.91,133.75,1,-1,-1,-1
202,13,816.90,82.58,197.08,103.49,1,-1,-1,-1
203,8,337.16,99.97,166.98,97.28,1,-1,-1,-1
203,12,1042.14,181.58,226.53,132.92,1,-1,-1,-1
203,13,817.00,82.73,196.55,103.19,1,-1,-1,-1
203,15,1567.31,398.96,334.23,235.58,1,-1,-1,-1
204,8,337.24,100.00,166.73,97.21,1,-1,-1,-1
204,12,1040.82,181.96,226.97,132.71,1,-1,-1,-1
204,13,817.15,83.18,195.81,102.78,1,-1,-1,-1
204,15,1551.67,390.91,336.58,235.44,1,-1,-1,-1
205,8,337.14,100.05,166.76,97.35,1,-1,-1,-1
205,12,1039.79,182.04,228.15,132.95,1,-1,-1,-1
205,13,816.92,83.58,195.18,102.29,1,-1,-1,-1
205,15,1536.91,383.55,340.11,235.08,1,-1,-1,-1
206,8,337.26,100.09,166.79,97.49,1,-1,-1,-1
206,12,1039.10,182.22,228.96,132.99,1,-1,-1,-1
206,13,816.53,83.72,195.80,102.45,1,-1,-1,-1
206,15,1521.86,380.76,340.31,230.86,1,-1,-1,-1
207,8,337.32,100.01,166.72,97.56,1,-1,-1,-1
207,12,1038.89,182.25,229.77,133.10,1,-1,-1,-1
207,13,816.87,83.92,195.85,102.30,1,-1,-1,-1
207,15,1500.65,378.57,340.38,225.57,1,-1,-1,-1
208,8,337.30,99.95,166.69,97.67,1,-1,-1,-1
208,12,1039.47,182.34,229.98,132.91,1,-1,-1,-1
208,13,816.83,83.80,197.03,102.79,1,-1,-1,-1
208,15,1469.09,374.82,342.70,221.11,1,-1,-1,-1
209,8,337.49,99.69,166.60,97.77,1,-1,-1,-1
209,12,1039.64,182.20,230.53,132.96,1,-1,-1,-1
209,13,816.13,83.47,197.84,103.10,1,-1,-1,-1
209,15,1433.34,369.87,347.66,218.03,1,-1,-1,-1
210,8,337.69,99.59,166.23,97.69,1,-1,-1,-1
210,12,1040.10,182.09,231.11,133.05,1,-1,-1,-1
210,13,815.86,83.40,197.90,103.07,1,-1,-1,-1
210,15,1391.96,361.78,355.81,217.37,1,-1,-1,-1
211,8,337.50,99.50,166.80,98.16,1,-1,-1,-1
211,12,1040.71,181.98,231.65,133.15,1,-1,-1,-1
211,13,816.00,81.96,199.90,104.12,1,-1,-1,-1
211,15,1345.91,349.83,366.27,218.68,1,-1,-1,-1
212,8,337.23,99.39,167.09,98.46,1,-1,-1,-1
212,12,1041.32,181.96,232.14,133.26,1,-1,-1,-1
212,13,815.88,81.44,200.42,104.43,1,-1,-1,-1
212,15,1303.21,340.95,375.50,219.13,1,-1,-1,-1
213,8,337.37,99.49,166.86,98.43,1,-1,-1,-1
213,12,1041.77,182.07,232.52,133.31,1,-1,-1,-1
213,13,815.86,81.30,200.32,104.41,1,-1,-1,-1
213,15,1254.69,333.51,386.68,221.01,1,-1,-1,-1
214,8,337.13,99.25,167.20,98.75,1,-1,-1,-1
214,12,1042.25,182.22,232.92,133.40,1,-1,-1,-1
214,13,815.81,81.09,200.44,104.50,1,-1,-1,-1
214,15,1205.78,326.07,391.01,218.92,1,-1,-1,-1
215,8,336.84,99.02,167.37,98.93,1,-1,-1,-1
215,12,1042.31,182.33,233.48,133.65,1,-1,-1,-1
215,13,815.60,81.02,200.51,104.55,1,-1,-1,-1
215,15,1154.33,318.84,390.53,214.86,1,-1,-1,-1
216,8,336.60,98.85,167.69,99.18,1,-1,-1,-1
216,12,1042.36,182.21,234.24,134.01,1,-1,-1,-1
216,13,815.34,80.79,200.99,104.82,1,-1,-1,-1
216,15,1106.48,311.14,393.19,213.07,1,-1,-1,-1
217,8,336.58,98.89,168.09,99.52,1,-1,-1,-1
217,12,1041.93,181.88,235.55,134.75,1,-1,-1,-1
217,13,814.26,80.40,201.51,105.23,1,-1,-1,-1
217,15,1061.17,304.47,393.57,210.60,1,-1,-1,-1
218,8,336.92,99.08,167.68,99.32,1,-1,-1,-1
218,12,1039.51,182.48,236.69,135.35,1,-1,-1,-1
218,13,814.59,80.31,200.88,105.13,1,-1,-1,-1
218,15,1016.50,297.77,392.85,208.09,1,-1,-1,-1
219,8,337.53,99.52,166.92,98.87,1,-1,-1,-1
219,12,1036.45,182.42,240.17,137.42,1,-1,-1,-1
219,13,815.40,80.56,200.02,104.90,1,-1,-1,-1
219,15,974.89,290.83,384.50,201.45,1,-1,-1,-1
220,8,337.63,99.75,166.53,98.63,1,-1,-1,-1
220,12,1036.50,182.47,239.82,137.24,1,-1,-1,-1
220,13,815.85,80.84,199.20,104.69,1,-1,-1,-1
220,15,930.72,283.28,379.48,196.92,1,-1,-1,-1
221,8,337.62,99.69,166.76,98.75,1,-1,-1,-1
221,12,1037.30,182.36,239.17,136.99,1,-1,-1,-1
221,13,815.83,80.59,199.81,105.24,1,-1,-1,-1
221,15,888.81,276.25,372.49,191.85,1,-1,-1,-1
222,8,337.50,99.82,166.84,98.77,1,-1,-1,-1
222,12,1036.91,182.53,238.69,136.73,1,-1,-1,-1
222,13,817.41,80.23,200.26,105.70,1,-1,-1,-1
222,15,841.85,268.00,375.36,192.66,1,-1,-1,-1
223,8,337.28,99.77,167.30,99.09,1,-1,-1,-1
223,12,1037.10,182.97,236.80,135.53,1,-1,-1,-1
223,13,817.79,80.18,200.63,106.16,1,-1,-1,-1
223,15,803.17,262.38,370.58,189.43,1,-1,-1,-1
224,8,336.58,99.39,167.63,99.36,1,-1,-1,-1
224,12,1037.21,183.17,233.18,133.34,1,-1,-1,-1
224,13,817.91,80.32,200.01,106.08,1,-1,-1,-1
224,15,765.34,257.20,361.59,184.06,1,-1,-1,-1
225,8,336.33,99.24,167.70,99.46,1,-1,-1,-1
225,12,1036.77,183.27,232.83,133.04,1,-1,-1,-1
225,13,817.73,80.12,200.23,106.43,1,-1,-1,-1
225,15,722.84,253.24,354.12,179.61,1,-1,-1,-1
226,8,336.58,99.15,167.22,99.24,1,-1,-1,-1
226,12,1035.82,183.91,232.85,132.89,1,-1,-1,-1
226,13,817.70,79.90,200.62,106.80,1,-1,-1,-1
226,15,683.62,249.13,345.00,174.51,1,-1,-1,-1
227,8,336.68,99.26,166.95,99.15,1,-1,-1,-1
227,12,1033.55,184.43,233.23,132.83,1,-1,-1,-1
227,13,817.78,80.00,200.24,106.80,1,-1,-1,-1
227,15,645.69,244.05,340.81,172.56,1,-1,-1,-1
228,8,336.74,99.77,166.37,98.83,1,-1,-1,-1
228,12,1030.60,185.53,233.26,132.50,1,-1,-1,-1
228,13,817.99,79.80,200.59,107.13,1,-1,-1,-1
228,15,608.56,238.63,332.94,169.05,1,-1,-1,-1
229,8,337.32,100.04,165.31,98.19,1,-1,-1,-1
229,12,1026.56,186.13,234.21,132.75,1,-1,-1,-1
229,13,818.43,80.11,199.71,106.80,1,-1,-1,-1
229,15,574.04,231.95,325.73,166.05,1,-1,-1,-1
230,8,337.25,100.41,164.70,97.75,1,-1,-1,-1
230,12,1020.96,187.08,235.70,133.40,1,-1,-1,-1
230,13,818.02,79.81,200.66,107.42,1,-1,-1,-1
230,15,539.96,227.37,315.06,160.91,1,-1,-1,-1
231,8,338.72,100.98,163.27,96.86,1,-1,-1,-1
231,12,1015.88,187.84,236.75,133.81,1,-1,-1,-1
231,13,818.35,80.18,199.52,106.87,1,-1,-1,-1
231,15,510.54,224.27,300.33,153.55,1,-1,-1,-1
232,8,339.06,101.37,162.97,96.63,1,-1,-1,-1
232,12,1009.39,187.88,238.15,134.43,1,-1,-1,-1
232,13,818.56,80.23,199.24,106.73,1,-1,-1,-1
232,15,479.10,221.14,291.13,149.29,1,-1,-1,-1
233,8,338.94,101.58,163.19,96.73,1,-1,-1,-1
233,12,1001.78,188.48,239.54,134.95,1,-1,-1,-1
233,13,818.76,80.32,199.03,106.63,1,-1,-1,-1
233,15,445.32,216.72,284.86,146.77,1,-1,-1,-1
234,8,338.23,101.95,163.68,96.95,1,-1,-1,-1
234,12,994.50,190.21,239.77,134.69,1,-1,-1,-1
234,13,818.21,80.29,198.68,106.52,1,-1,-1,-1
234,15,413.50,213.76,276.64,143.10,1,-1,-1,-1
234,17,1696.08,124.98,128.30,112.12,1,-1,-1,-1
235,8,337.77,101.85,165.19,97.74,1,-1,-1,-1
235,12,985.77,191.44,242.52,135.90,1,-1,-1,-1
235,13,817.89,80.12,198.82,106.72,1,-1,-1,-1
235,15,384.57,211.05,268.89,139.94,1,-1,-1,-1
235,17,1695.99,124.58,128.68,112.43,1,-1,-1,-1
236,8,338.65,101.65,165.14,97.51,1,-1,-1,-1
236,12,977.31,193.47,244.83,136.76,1,-1,-1,-1
236,13,817.68,80.07,199.02,106.96,1,-1,-1,-1
236,15,358.07,206.78,264.26,138.75,1,-1,-1,-1
236,17,1696.13,124.90,128.40,112.15,1,-1,-1,-1
237,8,339.37,101.48,165.06,97.25,1,-1,-1,-1
237,12,967.47,195.05,246.36,137.04,1,-1,-1,-1
237,13,817.96,80.03,198.35,106.72,1,-1,-1,-1
237,15,334.88,204.43,256.23,135.71,1,-1,-1,-1
237,17,1696.32,125.03,128.25,112.00,1,-1,-1,-1
238,8,339.13,101.03,165.07,97.11,1,-1,-1,-1
238,12,951.68,195.69,252.49,140.23,1,-1,-1,-1
238,13,818.13,80.18,197.93,106.56,1,-1,-1,-1
238,15,311.07,202.43,246.79,131.89,1,-1,-1,-1
238,17,1696.39,125.12,128.31,112.05,1,-1,-1,-1
239,8,338.22,100.61,165.34,97.12,1,-1,-1,-1
239,12,937.12,197.77,255.61,141.53,1,-1,-1,-1
239,13,818.17,80.35,197.41,106.36,1,-1,-1,-1
239,15,287.77,200.47,240.56,129.83,1,-1,-1,-1
239,17,1696.31,125.19,128.32,112.04,1,-1,-1,-1
240,8,337.28,100.70,165.38,96.97,1,-1,-1,-1
240,12,922.78,200.49,257.75,142.31,1,-1,-1,-1
240,13,818.14,80.13,197.78,106.65,1,-1,-1,-1
240,15,268.71,198.83,231.61,126.20,1,-1,-1,-1
240,17,1696.15,125.31,128.23,111.97,1,-1,-1,-1
241,8,334.56,100.77,166.76,97.59,1,-1,-1,-1
241,12,907.58,203.28,260.38,143.11,1,-1,-1,-1
241,13,819.79,82.02,194.51,104.95,1,-1,-1,-1
241,15,248.43,196.83,224.59,123.75,1,-1,-1,-1
241,17,1695.97,124.25,128.72,112.41,1,-1,-1,-1
242,8,333.20,100.85,167.73,97.95,1,-1,-1,-1
242,12,889.70,205.43,266.08,145.76,1,-1,-1,-1
242,13,820.33,82.78,193.33,104.34,1,-1,-1,-1
242,15,227.61,194.31,219.18,122.25,1,-1,-1,-1
242,17,1695.84,123.95,128.84,112.49,1,-1,-1,-1
243,8,332.29,100.72,168.76,98.41,1,-1,-1,-1
243,12,872.47,207.85,270.70,147.60,1,-1,-1,-1
243,13,820.40,82.46,194.15,104.84,1,-1,-1,-1
243,15,210.30,192.82,212.59,119.95,1,-1,-1,-1
243,17,1695.93,124.18,128.62,112.24,1,-1,-1,-1
244,8,333.16,100.86,168.17,97.91,1,-1,-1,-1
244,12,852.82,210.98,275.38,149.47,1,-1,-1,-1
244,13,820.67,82.55,194.33,104.91,1,-1,-1,-1
244,15,191.00,190.06,207.69,118.87,1,-1,-1,-1
244,17,1695.81,124.05,128.84,112.34,1,-1,-1,-1
245,8,336.01,100.88,167.03,97.15,1,-1,-1,-1
245,12,829.74,212.53,283.36,153.32,1,-1,-1,-1
245,13,820.98,82.59,194.56,105.03,1,-1,-1,-1
245,15,174.53,188.84,200.31,116.20,1,-1,-1,-1
245,17,1695.72,124.01,129.10,112.48,1,-1,-1,-1
246,8,337.47,101.02,167.26,97.21,1,-1,-1,-1
246,12,804.56,213.59,296.04,160.01,1,-1,-1,-1
246,13,821.44,83.00,193.63,104.56,1,-1,-1,-1
246,15,159.53,187.35,193.31,113.63,1,-1,-1,-1
246,17,1695.62,123.96,129.30,112.61,1,-1,-1,-1
247,8,337.09,100.85,167.47,97.38,1,-1,-1,-1
247,12,779.79,215.95,304.23,164.48,1,-1,-1,-1
247,13,821.32,82.97,193.08,104.36,1,-1,-1,-1
247,15,144.76,186.22,188.19,111.97,1,-1,-1,-1
247,17,1695.46,123.80,129.36,112.64,1,-1,-1,-1
248,8,336.17,100.52,168.16,97.79,1,-1,-1,-1
248,12,753.45,218.44,310.49,167.76,1,-1,-1,-1
248,13,820.80,82.32,194.12,104.97,1,-1,-1,-1
248,15,131.63,185.41,184.57,110.93,1,-1,-1,-1
248,17,1695.33,123.91,129.34,112.52,1,-1,-1,-1
249,8,335.88,100.26,168.39,97.92,1,-1,-1,-1
249,12,722.62,223.53,316.33,170.49,1,-1,-1,-1
249,13,820.81,82.10,193.72,104.82,1,-1,-1,-1
249,15,116.74,184.45,180.84,109.81,1,-1,-1,-1
249,17,1695.46,124.09,129.21,112.30,1,-1,-1,-1
250,8,335.74,100.10,168.41,97.93,1,-1,-1,-1
250,12,696.28,230.87,319.78,171.91,1,-1,-1,-1
250,13,821.79,83.10,193.30,104.47,1,-1,-1,-1
250,15,103.11,183.63,177.13,108.68,1,-1,-1,-1
250,17,1695.37,123.78,129.64,112.65,1,-1,-1,-1
251,8,336.16,100.07,168.08,97.76,1,-1,-1,-1
251,12,668.08,238.77,320.64,171.69,1,-1,-1,-1
251,13,821.19,82.04,193.86,104.89,1,-1,-1,-1
251,15,89.11,181.33,174.27,108.13,1,-1,-1,-1
251,17,1695.82,124.11,129.00,112.00,1,-1,-1,-1
252,8,336.12,100.24,168.03,97.75,1,-1,-1,-1
252,12,635.45,243.64,328.46,175.22,1,-1,-1,-1
252,13,821.87,82.58,193.51,104.74,1,-1,-1,-1
252,15,77.17,179.82,170.68,107.01,1,-1,-1,-1
252,17,1695.90,124.15,128.81,111.74,1,-1,-1,-1
253,8,335.71,99.96,168.68,98.13,1,-1,-1,-1
253,12,594.57,246.84,344.27,183.47,1,-1,-1,-1
253,13,821.90,82.00,194.29,105.19,1,-1,-1,-1
253,15,65.03,178.14,167.12,105.92,1,-1,-1,-1
253,17,1696.09,124.30,128.81,111.60,1,-1,-1,-1
254,8,335.28,99.88,169.17,98.44,1,-1,-1,-1
254,12,554.70,252.67,357.00,189.83,1,-1,-1,-1
254,13,821.61,81.42,195.97,106.13,1,-1,-1,-1
254,15,53.07,176.38,165.10,105.91,1,-1,-1,-1
254,17,1696.17,124.65,128.78,111.42,1,-1,-1,-1
255,8,335.30,99.86,169.38,98.63,1,-1,-1,-1
255,12,512.31,258.87,371.18,197.22,1,-1,-1,-1
255,13,820.93,80.87,196.99,106.72,1,-1,-1,-1
255,15,43.45,175.07,160.98,104.46,1,-1,-1,-1
255,17,1695.71,124.63,129.14,111.67,1,-1,-1,-1
256,8,335.59,100.11,169.23,98.54,1,-1,-1,-1
256,12,471.20,265.53,380.08,201.63,1,-1,-1,-1
256,13,820.33,80.61,197.05,106.68,1,-1,-1,-1
256,15,32.37,173.79,157.30,103.47,1,-1,-1,-1
256,17,1695.61,124.94,128.93,111.39,1,-1,-1,-1
257,8,335.51,99.88,169.55,98.78,1,-1,-1,-1
257,12,423.76,274.47,391.05,207.12,1,-1,-1,-1
257,13,819.69,80.38,197.59,106.89,1,-1,-1,-1
257,15,21.70,172.92,153.11,102.03,1,-1,-1,-1
257,17,1695.38,124.75,129.31,111.68,1,-1,-1,-1
258,8,335.69,99.82,169.53,98.82,1,-1,-1,-1
258,12,369.99,283.91,406.53,215.32,1,-1,-1,-1
258,13,819.21,80.17,198.18,107.07,1,-1,-1,-1
258,15,12.06,172.01,150.01,101.18,1,-1,-1,-1
258,17,1695.16,124.80,129.38,111.69,1,-1,-1,-1
259,8,335.20,99.56,169.67,98.92,1,-1,-1,-1
259,12,316.26,294.16,416.00,220.27,1,-1,-1,-1
259,13,818.58,79.69,199.43,107.59,1,-1,-1,-1
259,15,3.31,170.25,147.94,101.17,1,-1,-1,-1
259,17,1694.79,124.18,130.65,112.71,1,-1,-1,-1
