3,1,379.42,515.45,357.28,258.06,1,-1,-1,-1
3,2,1233.09,457.35,298.35,217.37,1,-1,-1,-1
3,3,1003.80,410.35,206.68,167.84,1,-1,-1,-1
3,4,1174.46,271.86,121.24,111.74,1,-1,-1,-1
4,1,359.39,521.07,361.94,261.52,1,-1,-1,-1
4,2,1237.60,457.25,294.93,214.61,1,-1,-1,-1
4,3,1001.19,412.35,206.47,167.58,1,-1,-1,-1
4,4,1174.10,273.75,121.71,112.13,1,-1,-1,-1
5,1,340.12,526.66,367.01,265.41,1,-1,-1,-1
5,2,1242.17,456.76,291.54,212.01,1,-1,-1,-1
5,3,998.59,412.61,207.13,168.17,1,-1,-1,-1
5,4,1175.14,275.22,120.63,111.11,1,-1,-1,-1
6,1,314.73,530.65,378.58,274.43,1,-1,-1,-1
6,2,1248.79,456.06,290.13,210.71,1,-1,-1,-1
6,3,996.41,413.74,206.62,167.77,1,-1,-1,-1
6,4,1175.26,276.14,120.05,110.66,1,-1,-1,-1
7,1,293.36,539.23,381.87,277.21,1,-1,-1,-1
7,2,1255.64,453.53,292.22,211.76,1,-1,-1,-1
7,3,992.70,413.34,208.29,169.34,1,-1,-1,-1
7,4,1174.58,276.72,120.37,111.04,1,-1,-1,-1
8,1,269.30,547.77,386.80,280.92,1,-1,-1,-1
8,2,1260.47,452.02,293.71,212.29,1,-1,-1,-1
8,3,987.79,413.67,209.53,170.50,1,-1,-1,-1
8,4,1174.42,277.67,120.86,111.59,1,-1,-1,-1
9,1,243.11,556.38,394.85,286.89,1,-1,-1,-1
9,2,1265.78,448.02,299.80,215.87,1,-1,-1,-1
9,3,984.95,414.09,209.20,170.38,1,-1,-1,-1
9,4,1174.87,278.78,121.60,112.43,1,-1,-1,-1
10,1,212.26,566.44,401.95,292.03,1,-1,-1,-1
10,2,1272.82,444.10,304.75,218.51,1,-1,-1,-1
10,3,980.20,413.80,211.26,172.36,1,-1,-1,-1
10,4,1174.68,279.52,121.83,112.80,1,-1,-1,-1
11,1,182.94,577.38,405.84,294.87,1,-1,-1,-1
11,2,1279.46,444.55,304.09,216.87,1,-1,-1,-1
11,3,975.80,414.09,212.39,173.67,1,-1,-1,-1
11,4,1173.62,280.83,122.32,113.58,1,-1,-1,-1
12,1,150.95,589.88,408.79,296.94,1,-1,-1,-1
12,2,1283.50,436.27,313.09,222.50,1,-1,-1,-1
12,3,972.00,414.62,212.70,174.21,1,-1,-1,-1
12,4,1172.52,281.61,123.12,114.62,1,-1,-1,-1
13,1,119.74,597.99,415.64,302.31,1,-1,-1,-1
13,2,1290.50,429.89,319.30,225.53,1,-1,-1,-1
13,3,967.17,415.08,214.33,175.82,1,-1,-1,-1
13,4,1172.37,282.52,123.14,114.80,1,-1,-1,-1
14,1,87.89,609.44,419.44,305.64,1,-1,-1,-1
14,2,1294.99,421.41,328.12,229.99,1,-1,-1,-1
14,3,963.23,415.65,214.85,176.52,1,-1,-1,-1
14,4,1172.00,282.43,123.59,115.38,1,-1,-1,-1
15,1,47.88,620.60,426.77,311.90,1,-1,-1,-1
15,2,1298.35,413.97,337.85,235.14,1,-1,-1,-1
15,3,957.78,415.74,216.43,177.97,1,-1,-1,-1
15,4,1171.42,283.58,124.19,116.14,1,-1,-1,-1
16,1,12.46,634.21,431.27,315.96,1,-1,-1,-1
16,2,1302.31,408.41,345.84,238.82,1,-1,-1,-1
16,3,955.28,416.29,215.97,177.69,1,-1,-1,-1
16,4,1171.46,284.90,123.87,116.13,1,-1,-1,-1
17,1,-18.27,645.21,442.62,327.80,1,-1,-1,-1
17,2,1312.22,409.74,347.59,236.15,1,-1,-1,-1
17,3,951.75,417.59,216.31,178.12,1,-1,-1,-1
17,4,1171.88,286.05,123.64,116.29,1,-1,-1,-1
18,1,-38.09,655.01,446.63,336.56,1,-1,-1,-1
18,2,1318.46,409.32,351.92,235.28,1,-1,-1,-1
18,3,947.78,417.87,217.59,179.53,1,-1,-1,-1
18,4,1171.46,287.37,123.61,116.60,1,-1,-1,-1
19,1,-58.93,668.13,457.78,354.24,1,-1,-1,-1
19,2,1386.84,406.82,331.70,224.76,1,-1,-1,-1
19,3,941.88,418.12,218.95,180.82,1,-1,-1,-1
19,4,1171.13,288.97,123.63,116.87,1,-1,-1,-1
20,1,-74.47,681.98,455.87,364.50,1,-1,-1,-1
20,2,1364.56,410.01,347.45,229.98,1,-1,-1,-1
20,3,935.93,418.53,221.08,182.65,1,-1,-1,-1
20,4,1170.02,289.97,123.80,117.30,1,-1,-1,-1
21,1,-86.90,695.73,446.55,371.08,1,-1,-1,-1
21,2,1363.48,406.29,361.36,232.37,1,-1,-1,-1
21,3,930.57,418.69,223.19,184.42,1,-1,-1,-1
21,4,1169.68,291.27,123.80,117.62,1,-1,-1,-1
22,1,-113.41,706.10,454.87,377.99,1,-1,-1,-1
22,2,1367.89,408.43,370.55,231.08,1,-1,-1,-1
22,3,923.98,418.54,226.38,187.17,1,-1,-1,-1
22,4,1167.50,292.53,123.65,117.58,1,-1,-1,-1
23,2,1451.09,403.00,364.90,226.54,1,-1,-1,-1
23,3,918.95,419.05,227.59,188.22,1,-1,-1,-1
23,4,1165.92,293.78,124.26,118.26,1,-1,-1,-1
24,2,1499.28,399.45,357.89,220.17,1,-1,-1,-1
24,3,914.00,420.11,229.19,189.29,1,-1,-1,-1
24,4,1165.06,295.19,124.62,118.55,1,-1,-1,-1
24,6,1290.94,436.14,223.07,192.03,1,-1,-1,-1
25,2,1530.80,398.34,357.85,217.33,1,-1,-1,-1
25,3,907.79,420.78,229.91,189.53,1,-1,-1,-1
25,4,1163.77,296.48,124.82,118.67,1,-1,-1,-1
25,6,1294.71,436.31,223.01,192.12,1,-1,-1,-1
26,2,1544.10,394.45,366.22,221.57,1,-1,-1,-1
26,3,903.43,421.79,229.15,188.70,1,-1,-1,-1
26,4,1163.00,297.00,125.45,119.26,1,-1,-1,-1
26,6,1298.08,438.73,218.09,187.96,1,-1,-1,-1
27,2,1559.16,393.46,363.69,220.12,1,-1,-1,-1
27,3,897.36,421.76,230.80,189.84,1,-1,-1,-1
27,4,1161.90,298.29,125.40,119.20,1,-1,-1,-1
27,6,1302.07,444.57,210.23,181.16,1,-1,-1,-1
28,2,1573.29,393.12,367.73,225.38,1,-1,-1,-1
28,3,891.56,420.74,233.14,191.74,1,-1,-1,-1
28,4,1160.93,299.74,126.10,119.90,1,-1,-1,-1
28,6,1304.70,445.66,207.30,178.59,1,-1,-1,-1
29,2,1592.95,390.98,368.02,225.55,1,-1,-1,-1
29,3,885.42,420.23,235.52,193.29,1,-1,-1,-1
29,4,1161.61,301.82,125.47,119.30,1,-1,-1,-1
29,6,1307.89,446.30,204.72,176.29,1,-1,-1,-1
30,3,878.10,420.67,238.24,195.18,1,-1,-1,-1
30,4,1160.65,303.28,126.25,120.04,1,-1,-1,-1
30,6,1308.68,445.95,203.81,175.41,1,-1,-1,-1
31,3,867.64,419.60,242.03,197.48,1,-1,-1,-1
31,4,1161.11,304.42,125.59,119.39,1,-1,-1,-1
31,6,1309.03,443.48,204.09,175.81,1,-1,-1,-1
32,3,859.66,419.56,244.62,198.95,1,-1,-1,-1
32,4,1160.20,305.48,125.41,119.19,1,-1,-1,-1
32,6,1308.23,440.38,205.55,177.36,1,-1,-1,-1
33,3,852.77,418.87,248.37,201.74,1,-1,-1,-1
33,4,1159.46,306.66,125.92,119.55,1,-1,-1,-1
33,6,1308.69,438.40,205.85,177.91,1,-1,-1,-1
34,3,845.33,418.55,252.06,204.48,1,-1,-1,-1
34,4,1158.91,307.44,125.82,119.37,1,-1,-1,-1
34,6,1310.47,437.62,204.60,177.03,1,-1,-1,-1
35,3,837.40,418.10,254.60,206.42,1,-1,-1,-1
35,4,1157.15,308.66,126.51,119.93,1,-1,-1,-1
35,6,1312.19,437.56,202.99,175.88,1,-1,-1,-1
36,3,828.83,418.86,259.14,209.42,1,-1,-1,-1
36,4,1156.24,310.60,126.69,119.88,1,-1,-1,-1
36,6,1313.16,436.20,201.62,175.01,1,-1,-1,-1
37,3,820.79,418.96,263.06,211.54,1,-1,-1,-1
37,4,1155.44,311.61,127.36,120.47,1,-1,-1,-1
37,6,1313.79,434.00,201.16,174.92,1,-1,-1,-1
38,3,815.46,417.91,264.81,212.40,1,-1,-1,-1
38,4,1155.21,312.03,127.95,121.05,1,-1,-1,-1
38,6,1315.26,432.83,199.89,174.18,1,-1,-1,-1
39,3,807.80,418.18,267.83,213.84,1,-1,-1,-1
39,4,1154.44,312.96,128.38,121.43,1,-1,-1,-1
39,6,1316.48,431.90,197.74,172.70,1,-1,-1,-1
40,3,800.18,417.07,273.17,217.55,1,-1,-1,-1
40,4,1153.08,314.69,129.17,122.01,1,-1,-1,-1
40,6,1315.99,430.33,197.10,172.51,1,-1,-1,-1
41,3,794.44,416.96,276.72,220.61,1,-1,-1,-1
41,4,1152.06,315.91,129.24,121.90,1,-1,-1,-1
41,6,1317.94,431.14,193.84,170.08,1,-1,-1,-1
42,3,787.87,417.49,280.79,223.66,1,-1,-1,-1
42,4,1151.20,316.83,130.49,122.96,1,-1,-1,-1
42,6,1319.27,432.58,191.42,168.28,1,-1,-1,-1
43,3,782.86,417.49,280.84,223.28,1,-1,-1,-1
43,4,1151.40,317.71,130.57,122.84,1,-1,-1,-1
43,6,1319.47,430.06,191.29,168.66,1,-1,-1,-1
44,3,775.30,417.86,284.41,225.69,1,-1,-1,-1
44,4,1151.04,317.66,130.05,122.40,1,-1,-1,-1
44,6,1319.29,428.19,191.08,168.93,1,-1,-1,-1
45,3,766.35,418.82,285.84,226.21,1,-1,-1,-1
45,4,1150.05,318.10,130.30,122.74,1,-1,-1,-1
45,6,1319.13,425.60,190.97,169.24,1,-1,-1,-1
46,3,757.29,421.40,283.35,224.11,1,-1,-1,-1
46,4,1149.70,319.29,129.69,122.20,1,-1,-1,-1
46,6,1318.13,422.23,192.32,171.15,1,-1,-1,-1
47,3,747.76,423.32,285.99,224.93,1,-1,-1,-1
47,4,1149.31,320.39,129.64,122.14,1,-1,-1,-1
47,6,1319.31,421.13,190.84,170.39,1,-1,-1,-1
47,8,744.50,559.41,571.27,520.31,1,-1,-1,-1
48,3,733.85,424.74,289.59,227.99,1,-1,-1,-1
48,4,1148.22,322.02,129.94,122.33,1,-1,-1,-1
48,6,1321.32,422.14,187.87,168.09,1,-1,-1,-1
48,8,745.01,544.64,584.12,534.12,1,-1,-1,-1
49,3,724.39,426.52,291.90,229.47,1,-1,-1,-1
49,4,1148.19,322.65,129.62,122.02,1,-1,-1,-1
49,6,1322.34,421.23,185.67,166.35,1,-1,-1,-1
49,8,747.43,526.37,598.99,551.16,1,-1,-1,-1
50,3,718.15,429.21,296.97,231.91,1,-1,-1,-1
50,4,1146.59,323.02,130.26,122.48,1,-1,-1,-1
50,6,1323.45,421.21,182.76,163.90,1,-1,-1,-1
50,8,750.38,509.24,611.20,567.31,1,-1,-1,-1
51,3,698.06,431.02,294.68,231.88,1,-1,-1,-1
51,4,1145.25,323.75,130.35,122.53,1,-1,-1,-1
51,6,1324.06,421.50,180.37,161.89,1,-1,-1,-1
51,8,750.67,492.68,620.94,583.04,1,-1,-1,-1
52,3,684.69,433.04,291.64,230.68,1,-1,-1,-1
52,4,1143.63,324.37,130.34,122.31,1,-1,-1,-1
52,6,1325.63,421.95,177.79,159.54,1,-1,-1,-1
52,8,759.86,480.18,621.75,591.95,1,-1,-1,-1
53,3,678.21,434.23,290.72,230.81,1,-1,-1,-1
53,4,1142.79,325.25,130.42,122.38,1,-1,-1,-1
53,6,1325.18,420.87,177.26,159.04,1,-1,-1,-1
53,8,773.41,464.93,616.41,596.29,1,-1,-1,-1
54,3,670.58,434.04,293.12,233.61,1,-1,-1,-1
54,6,1325.53,420.17,176.67,158.66,1,-1,-1,-1
54,8,792.18,450.35,603.46,593.54,1,-1,-1,-1
54,9,1139.83,323.40,131.97,122.64,1,-1,-1,-1
55,3,663.27,433.86,297.12,237.15,1,-1,-1,-1
55,6,1326.36,420.53,174.86,157.13,1,-1,-1,-1
55,8,812.73,439.00,586.56,586.50,1,-1,-1,-1
55,9,1138.31,325.11,131.23,121.93,1,-1,-1,-1
56,3,654.79,434.29,302.91,241.69,1,-1,-1,-1
56,6,1327.05,420.28,173.31,155.83,1,-1,-1,-1
56,8,834.50,427.41,565.07,573.75,1,-1,-1,-1
56,9,1137.65,326.33,131.55,122.21,1,-1,-1,-1
57,3,644.43,434.62,306.94,244.76,1,-1,-1,-1
57,6,1326.54,419.19,173.69,156.47,1,-1,-1,-1
57,8,855.48,413.82,543.74,559.46,1,-1,-1,-1
57,9,1137.85,327.08,130.37,121.08,1,-1,-1,-1
58,3,634.02,434.68,309.82,246.68,1,-1,-1,-1
58,6,1326.83,418.44,172.63,156.01,1,-1,-1,-1
58,8,875.36,405.30,521.33,542.25,1,-1,-1,-1
58,9,1137.33,327.84,129.97,120.71,1,-1,-1,-1
59,3,624.11,435.14,312.00,247.63,1,-1,-1,-1
59,6,1326.78,416.53,172.52,156.44,1,-1,-1,-1
59,8,895.08,396.93,502.92,528.28,1,-1,-1,-1
60,3,611.58,436.67,311.81,247.19,1,-1,-1,-1
60,6,1328.29,415.79,170.42,154.90,1,-1,-1,-1
60,8,910.41,391.15,486.69,515.72,1,-1,-1,-1
61,3,599.87,438.58,313.84,248.51,1,-1,-1,-1
61,6,1327.73,414.01,172.01,157.00,1,-1,-1,-1
61,8,920.57,382.46,476.97,510.12,1,-1,-1,-1
62,3,588.39,440.28,316.92,250.40,1,-1,-1,-1
62,6,1326.95,413.12,172.78,158.26,1,-1,-1,-1
62,8,931.80,372.94,471.26,508.50,1,-1,-1,-1
63,3,573.59,439.80,322.44,253.94,1,-1,-1,-1
63,6,1328.59,412.49,172.08,157.89,1,-1,-1,-1
63,8,946.06,367.90,463.04,502.46,1,-1,-1,-1
64,3,562.35,441.89,324.47,255.40,1,-1,-1,-1
64,6,1330.74,413.60,168.98,155.30,1,-1,-1,-1
64,8,959.28,363.68,453.08,494.70,1,-1,-1,-1
65,3,550.94,443.09,325.91,256.40,1,-1,-1,-1
65,6,1330.61,412.91,168.66,155.42,1,-1,-1,-1
65,8,969.96,358.39,444.03,487.21,1,-1,-1,-1
66,3,538.67,446.01,327.22,257.10,1,-1,-1,-1
66,6,1330.99,412.28,168.13,154.94,1,-1,-1,-1
66,8,985.17,353.70,433.01,477.50,1,-1,-1,-1
67,3,527.67,448.49,329.01,258.13,1,-1,-1,-1
67,8,999.86,349.30,422.73,467.94,1,-1,-1,-1
68,3,514.51,450.66,333.29,261.28,1,-1,-1,-1
68,8,1012.83,347.50,411.69,457.04,1,-1,-1,-1
69,3,501.65,455.10,335.32,262.37,1,-1,-1,-1
69,8,1024.95,345.39,400.93,445.78,1,-1,-1,-1
70,3,488.18,454.47,340.63,266.25,1,-1,-1,-1
70,8,1032.66,339.53,395.38,440.33,1,-1,-1,-1
71,3,473.70,455.76,345.07,269.61,1,-1,-1,-1
71,8,1041.84,333.00,392.02,437.45,1,-1,-1,-1
72,3,456.52,457.76,348.88,272.28,1,-1,-1,-1
72,8,1051.29,329.23,387.71,433.99,1,-1,-1,-1
73,3,439.96,459.71,353.59,276.17,1,-1,-1,-1
73,8,1060.14,327.53,380.98,427.76,1,-1,-1,-1
74,3,424.29,462.15,358.34,280.25,1,-1,-1,-1
74,8,1066.63,322.12,378.33,425.82,1,-1,-1,-1
75,3,407.01,465.71,361.64,282.90,1,-1,-1,-1
75,8,1071.65,316.32,378.14,426.93,1,-1,-1,-1
76,3,388.33,469.61,364.12,285.03,1,-1,-1,-1
76,8,1082.13,315.71,372.52,421.23,1,-1,-1,-1
77,3,370.32,471.75,368.67,289.18,1,-1,-1,-1
77,8,1091.50,315.16,366.86,415.50,1,-1,-1,-1
78,3,351.27,474.11,374.54,294.33,1,-1,-1,-1
78,8,1099.10,315.76,361.81,410.63,1,-1,-1,-1
79,3,330.97,475.79,381.35,300.28,1,-1,-1,-1
79,8,1107.54,317.41,354.95,403.94,1,-1,-1,-1
79,11,1185.94,238.46,108.36,101.87,1,-1,-1,-1
80,3,310.94,478.64,388.52,307.03,1,-1,-1,-1
80,8,1115.81,320.08,346.59,394.79,1,-1,-1,-1
80,11,1184.70,239.20,108.75,102.24,1,-1,-1,-1
81,3,292.60,484.99,390.82,309.30,1,-1,-1,-1
81,8,1123.57,321.25,338.93,385.75,1,-1,-1,-1
81,11,1184.96,239.85,108.37,101.88,1,-1,-1,-1
82,3,275.29,490.99,393.67,311.64,1,-1,-1,-1
82,8,1130.65,320.84,334.77,380.57,1,-1,-1,-1
82,11,1186.56,241.81,107.44,100.93,1,-1,-1,-1
83,3,253.76,494.75,402.14,318.69,1,-1,-1,-1
83,8,1135.35,320.34,331.44,376.32,1,-1,-1,-1
83,11,1185.77,242.75,107.98,101.30,1,-1,-1,-1
84,3,230.81,499.77,408.65,323.75,1,-1,-1,-1
84,8,1142.58,320.06,327.22,371.63,1,-1,-1,-1
84,11,1184.93,244.04,108.82,101.98,1,-1,-1,-1
85,3,204.07,506.91,415.95,330.09,1,-1,-1,-1
85,8,1148.48,318.29,325.19,369.75,1,-1,-1,-1
85,11,1184.20,244.03,109.92,102.88,1,-1,-1,-1
86,3,179.00,513.60,421.77,335.61,1,-1,-1,-1
86,8,1156.18,316.99,321.80,366.80,1,-1,-1,-1
86,11,1184.30,244.83,109.69,102.49,1,-1,-1,-1
87,3,155.09,523.28,423.93,337.88,1,-1,-1,-1
87,8,1163.13,315.52,320.08,365.36,1,-1,-1,-1
87,11,1182.87,245.11,110.71,103.38,1,-1,-1,-1
88,3,132.61,530.69,427.01,341.19,1,-1,-1,-1
88,8,1170.42,315.51,316.86,362.05,1,-1,-1,-1
88,11,1182.18,245.82,110.92,103.46,1,-1,-1,-1
89,3,109.98,538.64,428.86,343.63,1,-1,-1,-1
89,8,1175.92,314.68,314.25,359.41,1,-1,-1,-1
89,11,1181.44,246.75,112.02,104.48,1,-1,-1,-1
90,3,85.38,546.00,431.34,346.83,1,-1,-1,-1
90,8,1181.68,315.59,310.56,355.24,1,-1,-1,-1
90,11,1180.62,247.55,112.43,104.90,1,-1,-1,-1
91,3,59.09,555.70,432.30,348.55,1,-1,-1,-1
91,8,1188.94,314.63,308.16,353.20,1,-1,-1,-1
91,11,1180.16,248.29,112.74,105.19,1,-1,-1,-1
91,12,1068.39,373.59,169.32,142.70,1,-1,-1,-1
92,3,32.11,564.86,436.74,353.90,1,-1,-1,-1
92,8,1195.47,314.16,306.80,352.89,1,-1,-1,-1
92,12,1074.54,374.89,168.99,142.53,1,-1,-1,-1
93,3,8.77,576.35,438.14,356.34,1,-1,-1,-1
93,8,1205.37,314.61,301.69,348.49,1,-1,-1,-1
93,12,1081.56,377.90,165.66,139.71,1,-1,-1,-1
94,3,-10.46,586.46,438.49,359.13,1,-1,-1,-1
94,8,1213.07,314.51,298.34,346.34,1,-1,-1,-1
94,12,1087.88,378.85,164.52,138.89,1,-1,-1,-1
95,3,-24.14,596.78,441.33,365.99,1,-1,-1,-1
95,8,1220.30,316.22,293.48,342.11,1,-1,-1,-1
95,12,1092.46,378.86,165.52,139.95,1,-1,-1,-1
96,3,-36.02,605.46,441.54,372.82,1,-1,-1,-1
96,8,1227.14,317.71,290.28,339.48,1,-1,-1,-1
96,12,1095.42,379.44,165.07,139.80,1,-1,-1,-1
97,3,-45.78,614.66,444.02,383.45,1,-1,-1,-1
97,8,1234.18,319.17,285.47,334.16,1,-1,-1,-1
97,12,1098.87,379.78,166.17,141.01,1,-1,-1,-1
97,13,1176.82,254.63,112.57,105.32,1,-1,-1,-1
98,3,-58.19,623.36,449.86,399.78,1,-1,-1,-1
98,8,1241.02,322.88,280.29,328.17,1,-1,-1,-1
98,12,1101.14,379.42,167.19,142.24,1,-1,-1,-1
98,13,1176.78,254.70,112.66,105.42,1,-1,-1,-1
99,3,-67.92,631.17,445.10,408.75,1,-1,-1,-1
99,8,1247.38,325.61,276.55,324.75,1,-1,-1,-1
99,12,1103.38,379.81,166.73,142.29,1,-1,-1,-1
99,13,1175.71,255.24,113.36,106.08,1,-1,-1,-1
100,3,-76.38,640.64,436.81,416.21,1,-1,-1,-1
100,8,1252.58,327.14,272.79,321.29,1,-1,-1,-1
100,12,1105.32,380.14,166.31,142.33,1,-1,-1,-1
100,13,1175.43,255.50,113.40,106.10,1,-1,-1,-1
101,3,-95.58,648.55,443.46,422.55,1,-1,-1,-1
101,8,1257.66,329.02,268.26,316.93,1,-1,-1,-1
101,12,1107.36,381.13,165.20,141.65,1,-1,-1,-1
101,13,1175.44,256.29,114.21,106.91,1,-1,-1,-1
102,8,1261.29,329.98,264.39,312.92,1,-1,-1,-1
102,12,1109.30,382.24,164.21,140.95,1,-1,-1,-1
102,13,1175.21,256.78,114.59,107.26,1,-1,-1,-1
103,8,1263.95,330.31,261.68,310.08,1,-1,-1,-1
103,12,1111.32,383.75,162.95,139.96,1,-1,-1,-1
103,14,786.15,438.03,203.52,147.26,1,-1,-1,-1
104,8,1266.29,329.85,260.40,309.24,1,-1,-1,-1
104,12,1112.32,383.36,163.90,141.09,1,-1,-1,-1
104,14,786.61,436.74,204.70,148.24,1,-1,-1,-1
105,8,1268.32,330.83,257.37,306.06,1,-1,-1,-1
105,12,1112.91,383.56,164.15,141.44,1,-1,-1,-1
105,14,785.95,436.47,204.56,148.28,1,-1,-1,-1
105,15,1174.04,258.64,116.08,107.85,1,-1,-1,-1
106,8,1271.87,333.01,252.91,300.81,1,-1,-1,-1
106,12,1113.27,383.77,165.30,142.59,1,-1,-1,-1
106,14,786.30,435.59,205.54,149.16,1,-1,-1,-1
106,15,1174.09,258.88,115.82,107.61,1,-1,-1,-1
107,8,1275.50,333.67,249.36,296.70,1,-1,-1,-1
107,12,1114.15,383.29,166.32,143.76,1,-1,-1,-1
107,14,786.04,434.44,206.41,150.10,1,-1,-1,-1
108,8,1279.54,335.36,245.25,291.70,1,-1,-1,-1
108,12,1114.96,383.23,166.70,144.54,1,-1,-1,-1
108,14,787.14,434.51,205.41,149.77,1,-1,-1,-1
109,8,1282.66,336.10,242.79,288.98,1,-1,-1,-1
109,12,1115.41,384.16,166.37,144.78,1,-1,-1,-1
109,14,787.24,435.25,204.35,149.46,1,-1,-1,-1
110,8,1286.28,336.37,241.15,287.23,1,-1,-1,-1
110,12,1115.89,384.52,166.31,145.08,1,-1,-1,-1
110,14,787.09,434.57,204.61,150.17,1,-1,-1,-1
111,8,1289.30,337.86,238.87,284.55,1,-1,-1,-1
111,12,1116.00,384.34,166.65,145.76,1,-1,-1,-1
111,14,787.03,434.15,205.11,150.54,1,-1,-1,-1
112,8,1291.60,338.11,236.99,282.17,1,-1,-1,-1
112,12,1115.83,384.09,167.37,146.70,1,-1,-1,-1
113,8,1294.63,339.55,233.81,278.01,1,-1,-1,-1
113,12,1115.07,384.53,167.44,146.93,1,-1,-1,-1
114,8,1298.19,339.71,231.76,275.28,1,-1,-1,-1
114,12,1113.73,384.83,168.73,148.32,1,-1,-1,-1
114,17,1174.53,265.83,115.71,109.17,1,-1,-1,-1
115,8,1301.26,340.25,230.03,272.99,1,-1,-1,-1
115,12,1112.03,383.74,171.32,150.99,1,-1,-1,-1
115,17,1173.25,265.74,117.12,110.54,1,-1,-1,-1
116,8,1303.24,340.01,229.40,271.94,1,-1,-1,-1
116,12,1111.22,383.25,172.20,152.02,1,-1,-1,-1
116,17,1173.64,266.68,116.60,110.11,1,-1,-1,-1
117,8,1305.81,340.24,229.22,271.97,1,-1,-1,-1
117,12,1111.03,383.90,172.61,152.64,1,-1,-1,-1
117,17,1172.96,266.90,117.27,110.83,1,-1,-1,-1
118,8,1310.37,340.23,226.66,269.16,1,-1,-1,-1
118,12,1111.10,383.65,173.20,153.54,1,-1,-1,-1
118,17,1173.27,267.68,117.08,110.71,1,-1,-1,-1
119,8,1312.67,341.92,222.68,263.86,1,-1,-1,-1
119,12,1110.10,384.64,173.53,154.18,1,-1,-1,-1
119,17,1172.94,269.42,116.49,110.13,1,-1,-1,-1
120,8,1315.78,343.57,219.95,259.98,1,-1,-1,-1
120,12,1110.62,387.32,171.48,152.54,1,-1,-1,-1
120,17,1172.92,270.10,116.79,110.48,1,-1,-1,-1
120,19,822.23,752.96,574.51,331.43,1,-1,-1,-1
121,8,1316.58,341.63,221.48,261.86,1,-1,-1,-1
121,12,1110.11,388.78,170.33,151.52,1,-1,-1,-1
121,17,1172.91,270.96,117.11,111.00,1,-1,-1,-1
121,19,813.83,735.24,599.75,348.26,1,-1,-1,-1
122,8,1317.76,341.75,221.57,261.97,1,-1,-1,-1
122,12,1106.63,388.94,171.49,152.51,1,-1,-1,-1
122,17,1172.27,271.32,117.87,112.05,1,-1,-1,-1
122,19,810.84,720.47,617.96,362.49,1,-1,-1,-1
123,8,1319.23,342.11,221.59,262.26,1,-1,-1,-1
123,12,1104.07,388.61,172.39,153.27,1,-1,-1,-1
123,17,1171.33,272.31,118.23,112.64,1,-1,-1,-1
123,19,806.55,705.73,634.05,376.97,1,-1,-1,-1
124,8,1320.94,342.28,220.55,261.26,1,-1,-1,-1
124,12,1099.35,388.66,175.43,155.82,1,-1,-1,-1
124,17,1171.05,272.69,118.65,113.43,1,-1,-1,-1
124,19,799.48,684.33,657.42,398.13,1,-1,-1,-1
125,8,1323.07,341.89,220.17,261.40,1,-1,-1,-1
125,12,1095.16,388.79,177.08,156.77,1,-1,-1,-1
125,17,1171.01,273.42,118.00,113.10,1,-1,-1,-1
125,19,804.28,668.57,659.76,407.85,1,-1,-1,-1
126,8,1325.32,341.44,219.34,261.06,1,-1,-1,-1
126,12,1092.11,388.04,179.13,158.20,1,-1,-1,-1
126,17,1170.12,273.89,118.69,114.03,1,-1,-1,-1
126,19,816.19,651.66,651.23,411.89,1,-1,-1,-1
127,8,1327.48,340.11,218.51,260.95,1,-1,-1,-1
127,12,1088.50,383.99,184.38,163.28,1,-1,-1,-1
127,17,1169.96,274.71,118.46,113.87,1,-1,-1,-1
127,19,836.51,636.77,626.40,405.12,1,-1,-1,-1
128,8,1330.26,340.31,216.88,259.84,1,-1,-1,-1
128,12,1084.98,382.47,186.84,165.85,1,-1,-1,-1
128,17,1170.57,275.43,117.56,112.85,1,-1,-1,-1
128,19,857.01,621.51,596.41,393.88,1,-1,-1,-1
129,8,1332.91,340.84,214.51,257.88,1,-1,-1,-1
129,12,1082.88,382.05,186.94,166.45,1,-1,-1,-1
129,17,1170.78,276.56,117.04,112.06,1,-1,-1,-1
129,19,879.08,610.89,563.22,379.10,1,-1,-1,-1
130,8,1336.08,342.54,211.23,254.67,1,-1,-1,-1
130,12,1079.88,381.89,187.80,167.55,1,-1,-1,-1
130,17,1170.94,277.71,116.78,111.51,1,-1,-1,-1
130,19,896.74,597.92,537.23,367.69,1,-1,-1,-1
131,8,1337.81,341.73,209.78,253.99,1,-1,-1,-1
131,12,1078.85,383.72,186.71,166.98,1,-1,-1,-1
131,17,1170.82,278.18,116.93,111.54,1,-1,-1,-1
131,19,912.05,585.67,518.22,360.61,1,-1,-1,-1
132,8,1340.83,342.47,206.01,249.97,1,-1,-1,-1
132,12,1078.07,385.80,184.63,165.27,1,-1,-1,-1
132,17,1169.96,279.29,117.56,111.91,1,-1,-1,-1
132,19,925.84,572.67,499.77,353.14,1,-1,-1,-1
133,8,1342.00,342.45,203.86,247.73,1,-1,-1,-1
133,12,1076.90,387.56,182.71,163.29,1,-1,-1,-1
133,17,1169.38,279.92,118.90,113.07,1,-1,-1,-1
133,19,936.89,557.87,489.34,351.21,1,-1,-1,-1
134,8,1343.38,343.62,200.73,243.93,1,-1,-1,-1
134,12,1073.02,388.20,182.65,162.70,1,-1,-1,-1
134,17,1169.07,280.72,119.40,113.52,1,-1,-1,-1
134,19,948.58,548.37,476.98,347.43,1,-1,-1,-1
135,8,1344.88,345.91,197.48,239.70,1,-1,-1,-1
135,12,1068.80,389.97,183.08,162.70,1,-1,-1,-1
135,17,1169.29,281.36,119.69,113.82,1,-1,-1,-1
135,19,959.04,537.61,467.36,345.64,1,-1,-1,-1
136,8,1346.82,346.94,195.42,236.96,1,-1,-1,-1
136,12,1065.23,391.12,185.35,164.60,1,-1,-1,-1
136,17,1170.48,282.67,118.91,113.01,1,-1,-1,-1
136,19,971.81,530.89,453.57,339.92,1,-1,-1,-1
137,8,1348.11,347.70,193.08,233.47,1,-1,-1,-1
137,12,1061.50,390.59,187.89,166.70,1,-1,-1,-1
137,17,1170.34,283.32,118.67,112.73,1,-1,-1,-1
137,19,983.75,521.48,443.79,336.95,1,-1,-1,-1
138,8,1349.33,348.09,191.90,231.41,1,-1,-1,-1
138,12,1059.00,391.04,188.67,167.39,1,-1,-1,-1
138,17,1170.31,284.39,118.70,112.72,1,-1,-1,-1
138,19,994.83,511.08,435.05,334.30,1,-1,-1,-1
139,8,1351.35,349.03,189.46,228.00,1,-1,-1,-1
139,17,1170.27,285.42,118.81,112.80,1,-1,-1,-1
139,19,1007.95,504.62,421.71,327.13,1,-1,-1,-1
140,8,1353.80,351.23,186.70,223.92,1,-1,-1,-1
140,17,1170.53,286.27,118.82,112.86,1,-1,-1,-1
140,19,1021.39,500.35,407.37,318.46,1,-1,-1,-1
141,8,1355.28,350.87,186.45,223.03,1,-1,-1,-1
141,17,1169.65,287.08,120.54,114.64,1,-1,-1,-1
141,19,1034.03,495.35,394.74,310.37,1,-1,-1,-1
142,8,1354.37,349.79,186.87,222.73,1,-1,-1,-1
142,17,1168.69,287.80,121.09,115.39,1,-1,-1,-1
142,19,1047.38,491.74,382.20,301.59,1,-1,-1,-1
143,8,1353.06,348.24,189.87,225.26,1,-1,-1,-1
143,17,1168.03,289.37,121.27,115.67,1,-1,-1,-1
143,19,1058.04,488.57,373.88,295.96,1,-1,-1,-1
144,8,1354.47,348.47,188.46,223.59,1,-1,-1,-1
144,17,1167.21,291.06,121.01,115.44,1,-1,-1,-1
144,19,1066.61,483.71,366.86,291.01,1,-1,-1,-1
145,17,1166.47,290.86,122.18,116.88,1,-1,-1,-1
145,19,1075.52,478.42,362.07,287.94,1,-1,-1,-1
145,21,1288.78,359.15,118.70,110.35,1,-1,-1,-1
146,17,1166.01,291.57,122.24,117.21,1,-1,-1,-1
146,19,1084.53,473.41,356.52,284.12,1,-1,-1,-1
146,21,1288.60,358.39,118.90,110.54,1,-1,-1,-1
146,22,1435.34,446.10,390.34,156.90,1,-1,-1,-1
147,17,1165.48,292.24,121.76,116.91,1,-1,-1,-1
147,19,1093.92,470.73,349.17,278.52,1,-1,-1,-1
147,22,1408.31,445.43,387.63,156.04,1,-1,-1,-1
148,17,1165.06,293.48,121.42,116.69,1,-1,-1,-1
148,19,1103.63,467.85,344.35,275.01,1,-1,-1,-1
148,22,1381.70,444.49,383.38,154.73,1,-1,-1,-1
149,17,1164.04,294.27,121.51,116.95,1,-1,-1,-1
149,19,1114.17,464.67,339.97,272.06,1,-1,-1,-1
149,22,1359.46,443.70,385.38,156.67,1,-1,-1,-1
149,23,1290.46,356.40,119.63,112.47,1,-1,-1,-1
150,17,1163.09,295.35,121.95,117.57,1,-1,-1,-1
150,19,1122.75,461.36,335.28,268.57,1,-1,-1,-1
150,22,1347.68,441.47,379.10,156.07,1,-1,-1,-1
150,23,1291.54,354.80,121.20,113.89,1,-1,-1,-1
151,17,1161.66,296.08,122.75,118.47,1,-1,-1,-1
151,19,1130.06,458.32,331.24,265.63,1,-1,-1,-1
151,22,1327.97,440.51,378.53,155.83,1,-1,-1,-1
151,23,1292.29,354.16,121.83,114.49,1,-1,-1,-1
152,17,1160.98,296.10,123.41,119.35,1,-1,-1,-1
152,19,1139.00,455.60,324.68,260.60,1,-1,-1,-1
153,17,1160.66,296.91,123.05,119.17,1,-1,-1,-1
153,19,1148.23,454.19,317.15,254.48,1,-1,-1,-1
153,25,965.72,401.99,221.56,184.35,1,-1,-1,-1
154,17,1159.26,298.67,123.26,119.42,1,-1,-1,-1
154,19,1156.94,452.61,312.20,250.47,1,-1,-1,-1
154,25,959.80,401.30,223.89,186.46,1,-1,-1,-1
155,17,1157.94,299.62,123.38,119.59,1,-1,-1,-1
155,19,1164.81,449.81,309.51,248.35,1,-1,-1,-1
155,25,952.32,401.15,226.41,188.69,1,-1,-1,-1
156,17,1156.65,300.68,123.48,119.80,1,-1,-1,-1
156,19,1172.41,447.85,307.67,246.66,1,-1,-1,-1
156,25,947.97,401.25,227.95,190.06,1,-1,-1,-1
157,17,1155.08,300.49,123.44,119.84,1,-1,-1,-1
157,19,1179.35,445.88,305.91,245.21,1,-1,-1,-1
157,25,942.62,402.06,230.33,192.03,1,-1,-1,-1
158,17,1152.65,300.82,123.53,119.94,1,-1,-1,-1
158,19,1185.77,443.99,303.05,242.92,1,-1,-1,-1
158,25,936.60,403.55,231.60,193.04,1,-1,-1,-1
159,17,1151.58,301.80,122.95,119.27,1,-1,-1,-1
159,19,1192.68,441.67,300.15,241.18,1,-1,-1,-1
159,25,930.18,403.60,234.32,195.58,1,-1,-1,-1
160,17,1150.78,302.83,123.04,119.21,1,-1,-1,-1
160,19,1203.34,441.97,294.58,237.57,1,-1,-1,-1
160,25,926.75,406.99,232.34,194.16,1,-1,-1,-1
161,17,1149.16,303.90,123.53,119.58,1,-1,-1,-1
161,19,1210.94,441.25,289.83,234.65,1,-1,-1,-1
161,25,919.27,407.52,233.95,195.68,1,-1,-1,-1
162,17,1147.75,304.63,123.86,119.68,1,-1,-1,-1
162,19,1216.66,440.88,285.58,232.26,1,-1,-1,-1
162,25,882.51,405.19,243.38,200.37,1,-1,-1,-1
163,17,1146.27,305.92,123.98,119.63,1,-1,-1,-1
163,19,1222.99,443.21,279.52,228.01,1,-1,-1,-1
163,25,869.86,406.01,247.74,201.27,1,-1,-1,-1
164,17,1145.46,306.92,123.79,119.19,1,-1,-1,-1
164,19,1228.84,443.39,274.52,224.45,1,-1,-1,-1
164,25,881.53,407.58,247.48,201.31,1,-1,-1,-1
164,28,1114.61,408.49,152.39,134.09,1,-1,-1,-1
165,17,1144.78,308.43,124.49,119.61,1,-1,-1,-1
165,19,1234.21,442.84,271.01,222.20,1,-1,-1,-1
165,25,881.58,408.50,248.48,202.06,1,-1,-1,-1
165,28,1112.14,408.65,154.54,135.81,1,-1,-1,-1
166,17,1144.25,309.10,124.20,119.20,1,-1,-1,-1
166,19,1239.16,442.37,267.20,219.64,1,-1,-1,-1
166,25,875.98,408.17,250.74,203.93,1,-1,-1,-1
166,28,1109.19,407.35,157.24,137.96,1,-1,-1,-1
167,17,1143.61,309.43,124.31,119.18,1,-1,-1,-1
167,19,1244.69,442.26,263.44,217.16,1,-1,-1,-1
167,25,870.52,408.44,252.37,205.53,1,-1,-1,-1
167,28,1106.42,406.62,159.81,140.11,1,-1,-1,-1
168,17,1143.06,310.67,124.84,119.55,1,-1,-1,-1
168,19,1250.10,442.18,259.93,214.55,1,-1,-1,-1
168,25,854.66,407.56,257.95,209.01,1,-1,-1,-1
168,28,1104.53,406.38,161.39,141.48,1,-1,-1,-1
169,17,1143.17,310.98,125.65,120.26,1,-1,-1,-1
169,19,1254.96,440.84,258.52,214.11,1,-1,-1,-1
169,25,841.81,405.65,262.49,212.00,1,-1,-1,-1
169,28,1103.77,406.85,161.08,141.19,1,-1,-1,-1
169,30,1283.91,321.30,111.48,107.12,1,-1,-1,-1
170,17,1143.49,311.10,125.55,120.18,1,-1,-1,-1
170,19,1259.20,439.78,257.60,214.08,1,-1,-1,-1
170,25,837.05,405.62,263.81,213.31,1,-1,-1,-1
170,28,1102.63,407.11,161.53,141.69,1,-1,-1,-1
170,30,1283.51,319.18,111.90,107.54,1,-1,-1,-1
171,17,1143.09,312.65,126.11,120.70,1,-1,-1,-1
171,19,1262.87,439.38,255.07,212.79,1,-1,-1,-1
171,25,829.98,405.80,265.23,214.51,1,-1,-1,-1
171,28,1101.79,408.17,160.42,140.90,1,-1,-1,-1
171,30,1282.88,317.56,112.11,107.76,1,-1,-1,-1
172,17,1142.22,313.53,127.38,122.03,1,-1,-1,-1
172,19,1266.96,438.49,253.03,211.99,1,-1,-1,-1
172,25,821.40,406.36,269.72,217.91,1,-1,-1,-1
172,28,1099.82,407.91,161.36,141.95,1,-1,-1,-1
172,30,1281.99,315.17,112.64,108.35,1,-1,-1,-1
173,17,1142.50,314.46,127.88,122.61,1,-1,-1,-1
173,19,1271.31,437.69,249.82,210.02,1,-1,-1,-1
173,25,811.11,407.15,274.13,220.68,1,-1,-1,-1
173,28,1099.12,408.32,162.25,142.87,1,-1,-1,-1
173,30,1281.48,313.61,113.04,108.85,1,-1,-1,-1
174,17,1142.75,315.33,127.61,122.32,1,-1,-1,-1
174,19,1274.71,437.41,246.96,208.08,1,-1,-1,-1
174,25,802.31,405.98,280.05,225.00,1,-1,-1,-1
174,28,1098.07,408.82,163.45,144.11,1,-1,-1,-1
174,30,1280.95,312.02,113.31,109.11,1,-1,-1,-1
175,17,1142.63,316.81,127.48,122.21,1,-1,-1,-1
175,19,1278.86,437.76,243.99,206.01,1,-1,-1,-1
175,25,796.65,407.02,281.94,226.13,1,-1,-1,-1
175,28,1097.03,409.34,163.94,144.61,1,-1,-1,-1
176,17,1142.45,318.16,127.11,121.81,1,-1,-1,-1
176,19,1281.84,437.27,242.83,205.72,1,-1,-1,-1
176,25,788.38,408.02,285.47,228.88,1,-1,-1,-1
176,28,1094.75,409.81,165.04,145.63,1,-1,-1,-1
177,17,1142.66,319.14,127.09,121.69,1,-1,-1,-1
177,19,1285.75,436.16,240.28,204.12,1,-1,-1,-1
177,25,780.20,409.27,286.48,229.81,1,-1,-1,-1
177,28,1093.03,410.18,165.37,145.90,1,-1,-1,-1
178,17,1143.04,320.00,126.98,121.51,1,-1,-1,-1
178,19,1289.37,435.59,238.34,203.03,1,-1,-1,-1
178,25,769.62,410.16,290.01,232.86,1,-1,-1,-1
178,28,1090.41,410.41,167.02,147.41,1,-1,-1,-1
179,17,1143.05,319.62,127.01,121.53,1,-1,-1,-1
179,19,1292.58,434.85,236.25,201.72,1,-1,-1,-1
179,25,755.50,409.55,294.90,236.86,1,-1,-1,-1
179,28,1088.48,410.32,168.01,148.30,1,-1,-1,-1
180,17,1142.40,320.36,127.15,121.52,1,-1,-1,-1
180,19,1296.95,434.77,232.87,199.21,1,-1,-1,-1
180,25,741.16,409.45,299.39,239.99,1,-1,-1,-1
180,28,1086.73,410.70,168.12,148.25,1,-1,-1,-1
181,17,1142.53,320.71,127.28,121.68,1,-1,-1,-1
181,19,1301.16,433.55,230.23,197.40,1,-1,-1,-1
181,25,727.76,410.97,301.98,242.03,1,-1,-1,-1
181,28,1085.03,411.52,168.00,148.06,1,-1,-1,-1
182,17,1142.68,321.47,127.11,121.66,1,-1,-1,-1
182,19,1304.99,434.14,227.29,195.13,1,-1,-1,-1
182,25,713.29,411.55,306.30,244.87,1,-1,-1,-1
182,28,1082.42,412.68,167.90,147.69,1,-1,-1,-1
183,17,1143.39,322.55,126.76,121.34,1,-1,-1,-1
183,19,1308.90,434.41,225.11,193.49,1,-1,-1,-1
183,25,698.98,411.43,309.76,246.63,1,-1,-1,-1
183,28,1080.12,413.79,167.93,147.31,1,-1,-1,-1
183,31,1279.32,298.33,111.08,103.50,1,-1,-1,-1
184,17,1143.90,322.77,127.20,121.83,1,-1,-1,-1
184,19,1311.76,433.22,223.95,192.75,1,-1,-1,-1
184,25,687.59,411.90,312.61,248.31,1,-1,-1,-1
184,28,1077.59,415.05,167.98,146.88,1,-1,-1,-1
184,31,1279.17,297.31,110.93,103.37,1,-1,-1,-1
185,17,1143.44,323.40,127.45,122.08,1,-1,-1,-1
185,19,1314.82,432.16,222.38,191.64,1,-1,-1,-1
185,25,673.98,415.03,313.75,248.97,1,-1,-1,-1
185,28,1074.08,415.55,169.80,147.94,1,-1,-1,-1
186,17,1141.96,324.39,127.30,121.81,1,-1,-1,-1
186,19,1317.50,431.69,220.16,189.90,1,-1,-1,-1
186,25,659.16,414.70,319.77,253.47,1,-1,-1,-1
186,28,1071.24,417.38,169.74,147.26,1,-1,-1,-1
187,17,1140.70,324.97,127.12,121.47,1,-1,-1,-1
187,19,1319.30,430.50,219.57,189.56,1,-1,-1,-1
187,25,641.63,415.07,324.00,256.82,1,-1,-1,-1
187,28,1066.81,416.88,172.18,148.87,1,-1,-1,-1
188,17,1140.12,326.15,127.06,121.40,1,-1,-1,-1
188,19,1322.45,430.49,217.87,188.21,1,-1,-1,-1
188,25,624.57,416.01,329.33,260.95,1,-1,-1,-1
188,28,1063.51,419.13,172.09,148.24,1,-1,-1,-1
189,17,1139.14,326.85,126.71,121.01,1,-1,-1,-1
189,19,1325.88,430.60,215.67,186.25,1,-1,-1,-1
189,25,608.55,416.63,333.58,264.29,1,-1,-1,-1
189,28,1060.37,421.66,171.96,147.56,1,-1,-1,-1
189,32,1278.64,283.28,109.33,101.85,1,-1,-1,-1
190,17,1138.72,327.62,126.67,120.97,1,-1,-1,-1
190,19,1328.21,430.33,214.92,185.66,1,-1,-1,-1
190,25,587.96,416.82,338.27,267.64,1,-1,-1,-1
190,28,1057.66,423.83,172.04,146.76,1,-1,-1,-1
190,32,1278.30,282.50,108.12,100.79,1,-1,-1,-1
191,19,1330.95,429.96,213.49,184.47,1,-1,-1,-1
191,25,568.64,416.82,343.87,272.04,1,-1,-1,-1
191,28,1053.72,423.32,175.08,148.75,1,-1,-1,-1
191,32,1278.07,281.70,107.77,100.46,1,-1,-1,-1
192,19,1334.27,429.92,211.40,182.63,1,-1,-1,-1
192,25,553.79,418.80,345.95,273.61,1,-1,-1,-1
192,28,1050.92,425.01,176.09,148.97,1,-1,-1,-1
193,19,1337.99,430.65,209.00,180.71,1,-1,-1,-1
193,25,537.01,420.06,350.27,276.93,1,-1,-1,-1
193,28,1047.69,426.42,176.93,149.23,1,-1,-1,-1
194,19,1340.61,431.17,206.19,178.24,1,-1,-1,-1
194,25,519.24,421.73,353.69,279.53,1,-1,-1,-1
194,28,1044.30,428.86,176.83,148.65,1,-1,-1,-1
195,19,1343.15,430.36,204.03,176.17,1,-1,-1,-1
195,25,500.13,424.43,357.28,282.46,1,-1,-1,-1
195,28,1041.27,431.52,175.02,146.49,1,-1,-1,-1
196,19,1344.91,430.23,201.96,174.43,1,-1,-1,-1
196,25,477.39,426.33,363.06,287.25,1,-1,-1,-1
196,28,1037.17,433.02,175.16,146.27,1,-1,-1,-1
197,19,1346.98,430.04,200.06,172.77,1,-1,-1,-1
197,25,456.00,428.68,368.07,291.05,1,-1,-1,-1
197,28,1033.52,434.63,175.61,146.06,1,-1,-1,-1
198,19,1348.72,429.77,198.82,171.62,1,-1,-1,-1
198,25,434.01,429.34,375.20,297.10,1,-1,-1,-1
198,28,1030.46,436.36,175.65,145.37,1,-1,-1,-1
199,19,1350.32,429.47,197.82,170.72,1,-1,-1,-1
199,25,412.21,431.39,379.79,301.43,1,-1,-1,-1
199,28,1026.76,437.38,176.13,145.05,1,-1,-1,-1
200,19,1351.43,428.62,197.06,170.02,1,-1,-1,-1
200,25,388.53,433.08,385.80,306.89,1,-1,-1,-1
200,28,1022.03,437.00,178.91,146.73,1,-1,-1,-1
201,19,1352.82,428.63,195.76,168.92,1,-1,-1,-1
201,25,363.23,434.39,392.40,313.30,1,-1,-1,-1
201,28,1017.81,437.21,180.99,147.90,1,-1,-1,-1
202,19,1353.60,427.56,196.65,169.83,1,-1,-1,-1
202,25,336.67,437.72,399.52,319.96,1,-1,-1,-1
202,28,1011.72,437.02,184.79,150.70,1,-1,-1,-1
203,19,1355.89,428.05,194.36,167.67,1,-1,-1,-1
203,25,309.04,441.30,408.18,327.52,1,-1,-1,-1
203,28,1006.15,437.16,187.86,152.99,1,-1,-1,-1
204,19,1357.77,427.11,193.10,166.65,1,-1,-1,-1
204,25,287.36,445.50,412.47,332.12,1,-1,-1,-1
204,28,999.57,436.76,191.29,155.75,1,-1,-1,-1
205,19,1359.57,426.81,191.80,165.65,1,-1,-1,-1
205,25,263.72,450.19,419.13,338.22,1,-1,-1,-1
205,28,993.77,437.00,194.21,158.24,1,-1,-1,-1
206,19,1361.61,426.84,190.43,164.47,1,-1,-1,-1
206,25,237.14,454.86,428.97,347.37,1,-1,-1,-1
206,28,988.49,437.51,196.56,160.21,1,-1,-1,-1
207,19,1364.55,427.17,187.46,161.73,1,-1,-1,-1
207,25,208.15,461.26,436.41,353.67,1,-1,-1,-1
207,28,983.03,438.31,198.55,161.85,1,-1,-1,-1
208,19,1365.46,424.18,188.37,162.87,1,-1,-1,-1
208,25,175.10,468.83,442.21,359.34,1,-1,-1,-1
208,28,977.93,438.33,200.41,163.48,1,-1,-1,-1
209,19,1365.85,422.54,187.97,162.74,1,-1,-1,-1
209,25,145.70,475.19,450.39,367.31,1,-1,-1,-1
209,28,973.00,439.39,200.88,163.76,1,-1,-1,-1
210,19,1366.24,421.39,187.29,162.28,1,-1,-1,-1
210,25,115.14,484.30,453.64,371.80,1,-1,-1,-1
210,28,968.13,440.62,202.09,164.67,1,-1,-1,-1
211,19,1367.64,420.03,185.74,161.03,1,-1,-1,-1
211,25,87.84,494.89,455.20,374.61,1,-1,-1,-1
211,28,962.52,441.47,203.32,165.68,1,-1,-1,-1
211,33,795.58,783.43,598.78,302.37,1,-1,-1,-1
212,19,1367.70,419.03,185.74,161.17,1,-1,-1,-1
212,25,60.00,508.08,452.24,373.44,1,-1,-1,-1
212,28,956.10,442.18,205.47,167.34,1,-1,-1,-1
212,33,792.92,766.49,626.26,318.87,1,-1,-1,-1
213,19,1368.96,418.10,184.77,160.55,1,-1,-1,-1
213,25,27.68,517.99,455.89,377.62,1,-1,-1,-1
213,28,951.15,445.69,204.29,166.05,1,-1,-1,-1
213,33,789.71,748.30,652.70,336.54,1,-1,-1,-1
214,19,1369.17,416.50,184.56,160.79,1,-1,-1,-1
214,25,0.05,528.62,458.48,381.81,1,-1,-1,-1
214,28,943.08,444.22,209.30,170.24,1,-1,-1,-1
214,33,788.34,727.77,678.17,355.64,1,-1,-1,-1
215,19,1369.39,414.84,184.29,161.15,1,-1,-1,-1
215,25,-21.16,541.68,460.38,387.80,1,-1,-1,-1
215,28,935.95,444.10,212.40,172.70,1,-1,-1,-1
215,33,796.10,709.34,682.65,365.36,1,-1,-1,-1
216,19,1369.82,414.66,183.14,160.81,1,-1,-1,-1
216,25,-33.36,556.13,459.25,392.81,1,-1,-1,-1
216,28,928.77,444.57,213.99,174.15,1,-1,-1,-1
216,33,815.27,689.42,671.44,367.44,1,-1,-1,-1
217,19,1370.75,414.30,181.63,160.09,1,-1,-1,-1
217,25,-44.43,570.86,456.14,398.37,1,-1,-1,-1
217,28,921.15,444.43,215.89,175.80,1,-1,-1,-1
217,33,839.79,672.97,643.39,359.94,1,-1,-1,-1
218,19,1372.35,415.93,178.89,158.00,1,-1,-1,-1
218,25,-52.86,586.83,450.94,403.71,1,-1,-1,-1
218,28,915.81,446.70,216.33,176.23,1,-1,-1,-1
218,33,865.84,656.61,611.34,349.35,1,-1,-1,-1
218,34,1103.57,413.83,162.68,139.81,1,-1,-1,-1
219,19,1373.06,416.00,176.98,156.46,1,-1,-1,-1
219,25,-63.97,599.74,451.48,416.75,1,-1,-1,-1
219,28,909.89,446.78,217.44,176.81,1,-1,-1,-1
219,33,892.89,639.79,575.51,335.50,1,-1,-1,-1
219,34,1099.49,412.90,164.37,141.04,1,-1,-1,-1
220,19,1373.64,415.61,176.30,155.97,1,-1,-1,-1
220,25,-86.39,609.39,457.60,422.40,1,-1,-1,-1
220,28,903.74,448.37,217.58,176.68,1,-1,-1,-1
220,33,915.48,627.89,548.24,325.69,1,-1,-1,-1
220,34,1097.60,413.17,165.80,142.02,1,-1,-1,-1
221,19,1374.99,413.16,176.74,156.52,1,-1,-1,-1
221,28,894.93,447.12,221.85,179.93,1,-1,-1,-1
221,33,937.20,614.20,524.51,317.25,1,-1,-1,-1
221,34,1093.03,412.71,170.46,145.66,1,-1,-1,-1
222,19,1375.65,410.66,177.47,157.48,1,-1,-1,-1
222,28,885.02,446.01,225.78,183.05,1,-1,-1,-1
222,33,955.85,600.94,506.94,312.34,1,-1,-1,-1
222,34,1088.65,410.68,175.68,149.72,1,-1,-1,-1
223,19,1376.37,409.52,177.13,157.56,1,-1,-1,-1
223,28,876.05,447.72,226.48,183.76,1,-1,-1,-1
223,33,973.43,590.12,491.49,308.27,1,-1,-1,-1
223,34,1087.88,409.45,177.70,151.37,1,-1,-1,-1
224,19,1377.70,408.86,175.54,156.53,1,-1,-1,-1
224,28,866.22,448.59,227.74,185.04,1,-1,-1,-1
224,33,988.21,580.24,478.07,305.15,1,-1,-1,-1
224,34,1089.24,410.98,176.13,149.84,1,-1,-1,-1
225,19,1379.18,408.33,173.93,155.37,1,-1,-1,-1
225,28,857.57,448.04,230.68,188.06,1,-1,-1,-1
225,33,1001.88,568.54,467.04,303.19,1,-1,-1,-1
225,34,1090.38,412.36,174.95,148.47,1,-1,-1,-1
226,19,1381.31,408.51,171.70,153.61,1,-1,-1,-1
226,28,851.12,450.94,229.74,187.18,1,-1,-1,-1
226,33,1018.28,557.85,453.55,299.32,1,-1,-1,-1
226,34,1094.65,414.92,170.95,144.90,1,-1,-1,-1
227,19,1383.27,408.77,169.57,152.00,1,-1,-1,-1
227,28,844.33,454.53,228.31,185.78,1,-1,-1,-1
227,33,1036.63,549.43,436.38,292.13,1,-1,-1,-1
227,34,1096.17,414.82,170.07,144.12,1,-1,-1,-1
228,19,1383.67,408.21,168.73,151.58,1,-1,-1,-1
228,28,837.34,457.62,227.46,184.51,1,-1,-1,-1
228,33,1052.87,542.12,421.25,285.68,1,-1,-1,-1
228,34,1095.35,413.32,171.39,145.34,1,-1,-1,-1
229,19,1385.00,408.64,166.89,150.27,1,-1,-1,-1
229,28,829.28,460.12,227.83,183.96,1,-1,-1,-1
229,33,1070.77,535.17,404.63,277.35,1,-1,-1,-1
229,34,1094.31,413.18,172.81,146.70,1,-1,-1,-1
230,19,1386.36,408.37,165.61,149.41,1,-1,-1,-1
230,28,818.77,460.05,231.66,186.27,1,-1,-1,-1
230,33,1086.10,527.96,390.73,270.12,1,-1,-1,-1
230,34,1094.38,414.40,172.70,146.53,1,-1,-1,-1
231,19,1387.44,407.25,165.12,149.30,1,-1,-1,-1
231,28,804.99,456.76,239.43,192.40,1,-1,-1,-1
231,33,1099.68,522.13,381.71,266.13,1,-1,-1,-1
231,34,1093.63,414.51,173.19,146.88,1,-1,-1,-1
232,19,1387.04,406.64,164.50,149.03,1,-1,-1,-1
232,28,793.55,456.03,243.99,196.14,1,-1,-1,-1
232,33,1112.28,517.47,372.89,262.05,1,-1,-1,-1
232,34,1092.57,416.06,172.68,146.21,1,-1,-1,-1
233,19,1387.05,406.90,163.60,148.39,1,-1,-1,-1
233,28,782.26,455.62,249.05,200.57,1,-1,-1,-1
233,33,1123.51,512.37,362.53,256.37,1,-1,-1,-1
233,34,1091.54,418.99,171.25,144.43,1,-1,-1,-1
234,19,1386.98,406.33,162.69,147.87,1,-1,-1,-1
234,28,771.21,455.45,252.51,203.45,1,-1,-1,-1
234,33,1136.96,507.47,351.64,249.71,1,-1,-1,-1
234,34,1089.33,419.90,172.56,145.04,1,-1,-1,-1
235,19,1387.68,406.55,161.50,146.80,1,-1,-1,-1
235,28,759.60,455.78,255.74,206.07,1,-1,-1,-1
235,33,1147.76,503.49,343.22,244.80,1,-1,-1,-1
235,34,1087.30,420.64,174.17,145.74,1,-1,-1,-1
236,19,1388.31,406.15,160.72,146.10,1,-1,-1,-1
236,28,746.68,458.09,258.21,207.52,1,-1,-1,-1
236,33,1158.04,500.29,337.55,241.87,1,-1,-1,-1
236,34,1085.40,421.72,176.51,146.99,1,-1,-1,-1
237,28,732.50,460.55,260.78,208.57,1,-1,-1,-1
237,33,1169.23,498.54,327.18,234.95,1,-1,-1,-1
237,34,1083.58,424.50,175.27,145.13,1,-1,-1,-1
238,28,718.92,462.48,264.32,210.42,1,-1,-1,-1
238,33,1181.21,496.63,318.73,229.52,1,-1,-1,-1
238,34,1080.73,425.87,176.47,145.30,1,-1,-1,-1
239,28,705.60,466.43,265.42,210.08,1,-1,-1,-1
239,33,1192.46,495.26,309.27,223.34,1,-1,-1,-1
239,34,1077.55,427.23,177.91,145.51,1,-1,-1,-1
240,28,690.99,469.04,268.84,211.50,1,-1,-1,-1
240,33,1204.82,496.66,299.02,216.69,1,-1,-1,-1
240,34,1074.98,428.10,180.00,146.26,1,-1,-1,-1
241,28,677.91,471.10,271.76,212.65,1,-1,-1,-1
241,33,1216.09,493.55,293.62,213.59,1,-1,-1,-1
241,34,1072.90,429.89,180.48,145.78,1,-1,-1,-1
242,28,662.62,473.34,275.44,214.18,1,-1,-1,-1
242,33,1224.18,490.44,289.74,211.50,1,-1,-1,-1
242,34,1070.12,431.22,181.12,145.39,1,-1,-1,-1
243,28,645.64,476.21,278.79,215.32,1,-1,-1,-1
243,33,1231.12,488.75,285.50,209.05,1,-1,-1,-1
243,34,1067.39,433.27,181.15,144.54,1,-1,-1,-1
244,28,628.80,478.18,283.32,217.58,1,-1,-1,-1
244,33,1239.10,487.74,280.02,205.67,1,-1,-1,-1
244,34,1063.79,434.51,182.64,145.04,1,-1,-1,-1
245,28,611.92,479.91,287.19,219.21,1,-1,-1,-1
245,33,1248.04,485.46,275.40,203.08,1,-1,-1,-1
245,34,1060.50,435.63,182.80,144.36,1,-1,-1,-1
246,28,595.41,482.27,290.59,220.80,1,-1,-1,-1
246,33,1256.76,485.66,268.08,198.39,1,-1,-1,-1
246,34,1057.87,437.48,182.68,143.56,1,-1,-1,-1
247,28,577.38,485.48,293.77,222.28,1,-1,-1,-1
247,33,1262.68,484.62,263.81,195.59,1,-1,-1,-1
247,34,1053.34,437.61,184.57,144.32,1,-1,-1,-1
248,28,559.52,487.48,298.24,224.71,1,-1,-1,-1
248,33,1269.13,485.23,258.18,191.65,1,-1,-1,-1
248,34,1046.48,436.83,188.74,147.12,1,-1,-1,-1
249,28,539.79,489.64,304.45,228.86,1,-1,-1,-1
249,33,1274.48,484.13,255.87,190.34,1,-1,-1,-1
249,34,1041.65,436.90,189.80,147.47,1,-1,-1,-1
250,28,521.57,492.59,308.49,231.40,1,-1,-1,-1
250,33,1279.48,482.04,254.25,189.49,1,-1,-1,-1
250,34,1035.49,436.41,193.52,150.11,1,-1,-1,-1
251,28,501.29,494.97,314.86,235.91,1,-1,-1,-1
251,33,1284.75,479.21,252.67,188.63,1,-1,-1,-1
251,34,1028.59,435.90,198.16,153.61,1,-1,-1,-1
252,28,480.84,498.80,319.69,238.88,1,-1,-1,-1
252,33,1290.04,475.97,251.16,188.12,1,-1,-1,-1
252,34,1021.11,434.62,203.78,157.99,1,-1,-1,-1
253,28,455.87,503.13,326.87,244.05,1,-1,-1,-1
253,33,1296.33,474.69,248.45,186.63,1,-1,-1,-1
253,34,1015.34,435.15,205.41,159.37,1,-1,-1,-1
254,28,433.11,508.32,331.89,247.60,1,-1,-1,-1
254,33,1301.92,473.74,245.70,185.11,1,-1,-1,-1
254,34,1009.09,435.94,207.45,160.99,1,-1,-1,-1
255,28,406.52,513.98,337.83,252.12,1,-1,-1,-1
255,33,1307.58,473.62,242.19,182.91,1,-1,-1,-1
255,34,1003.98,437.16,207.71,161.02,1,-1,-1,-1
256,28,379.12,517.99,343.67,256.58,1,-1,-1,-1
256,33,1312.96,472.94,239.05,180.96,1,-1,-1,-1
256,34,998.17,436.68,211.02,163.65,1,-1,-1,-1
257,28,353.79,522.29,349.71,261.46,1,-1,-1,-1
257,33,1318.33,471.79,237.55,180.22,1,-1,-1,-1
257,34,992.23,437.35,212.95,165.16,1,-1,-1,-1
258,28,327.36,525.81,358.04,268.44,1,-1,-1,-1
258,33,1323.16,472.25,234.37,178.14,1,-1,-1,-1
258,34,987.22,439.47,212.77,164.96,1,-1,-1,-1
259,28,300.09,531.42,365.95,275.46,1,-1,-1,-1
259,33,1327.60,472.14,231.34,176.16,1,-1,-1,-1
259,34,981.09,440.39,213.78,165.70,1,-1,-1,-1
