3,1,811.85,363.77,125.04,98.02,1,-1,-1,-1
3,2,170.70,592.51,202.78,123.13,1,-1,-1,-1
4,1,811.76,363.87,125.09,98.04,1,-1,-1,-1
4,2,170.58,592.68,202.69,123.07,1,-1,-1,-1
5,1,811.78,363.72,124.91,97.88,1,-1,-1,-1
5,2,170.35,592.88,202.66,123.05,1,-1,-1,-1
6,1,811.65,363.61,124.85,97.81,1,-1,-1,-1
6,2,170.38,593.08,202.35,122.87,1,-1,-1,-1
7,1,811.50,363.57,124.93,97.86,1,-1,-1,-1
7,2,170.30,593.29,202.49,122.96,1,-1,-1,-1
8,1,811.40,363.50,125.09,97.95,1,-1,-1,-1
8,2,170.15,593.37,202.48,122.96,1,-1,-1,-1
9,1,811.41,363.48,124.88,97.77,1,-1,-1,-1
9,2,169.90,593.30,203.08,123.34,1,-1,-1,-1
10,1,811.55,363.43,124.55,97.48,1,-1,-1,-1
10,2,169.77,593.14,203.23,123.46,1,-1,-1,-1
11,1,811.63,363.55,124.34,97.27,1,-1,-1,-1
11,2,170.02,593.11,202.68,123.14,1,-1,-1,-1
12,1,811.55,363.52,124.48,97.34,1,-1,-1,-1
12,2,170.17,593.06,202.15,122.82,1,-1,-1,-1
13,1,811.75,363.25,124.77,97.57,1,-1,-1,-1
13,2,170.35,593.18,201.13,122.15,1,-1,-1,-1
14,1,811.72,363.21,124.73,97.53,1,-1,-1,-1
14,2,170.63,593.45,200.31,121.58,1,-1,-1,-1
15,1,811.70,363.19,124.74,97.53,1,-1,-1,-1
15,2,170.46,593.53,200.49,121.62,1,-1,-1,-1
16,1,811.60,363.26,124.67,97.48,1,-1,-1,-1
16,2,170.83,593.52,199.76,121.09,1,-1,-1,-1
17,1,811.56,363.30,124.62,97.43,1,-1,-1,-1
17,2,170.81,593.37,199.90,121.12,1,-1,-1,-1
18,1,811.69,363.22,124.70,97.47,1,-1,-1,-1
18,2,170.65,593.24,200.50,121.43,1,-1,-1,-1
19,1,811.23,363.11,125.07,97.77,1,-1,-1,-1
19,2,169.82,592.82,201.87,122.26,1,-1,-1,-1
20,1,810.41,362.88,125.93,98.53,1,-1,-1,-1
20,2,169.77,592.80,201.84,122.25,1,-1,-1,-1
21,1,810.33,362.63,126.11,98.78,1,-1,-1,-1
22,1,810.33,361.79,126.85,99.55,1,-1,-1,-1
22,3,1398.11,223.31,140.01,257.76,1,-1,-1,-1
23,1,810.19,361.26,127.54,100.34,1,-1,-1,-1
23,3,1363.07,234.61,144.24,251.39,1,-1,-1,-1
24,1,809.92,360.58,128.35,101.26,1,-1,-1,-1
24,3,1327.12,237.41,154.75,249.96,1,-1,-1,-1
25,1,810.60,359.89,130.38,103.04,1,-1,-1,-1
25,3,1288.02,231.99,174.19,257.41,1,-1,-1,-1
26,1,811.41,359.45,131.34,103.88,1,-1,-1,-1
26,3,1231.38,245.28,180.56,245.01,1,-1,-1,-1
27,1,811.39,359.14,131.99,104.40,1,-1,-1,-1
27,3,1167.18,257.10,186.46,235.07,1,-1,-1,-1
28,3,1108.11,273.72,190.07,223.40,1,-1,-1,-1
28,5,464.23,505.92,100.47,87.78,1,-1,-1,-1
29,3,1053.79,287.57,193.76,214.41,1,-1,-1,-1
29,5,468.96,507.52,100.54,87.79,1,-1,-1,-1
30,3,1005.09,299.58,194.60,204.30,1,-1,-1,-1
30,5,475.89,508.89,100.98,88.03,1,-1,-1,-1
31,3,962.96,312.94,193.27,193.55,1,-1,-1,-1
31,5,480.87,507.91,104.01,90.52,1,-1,-1,-1
32,3,926.25,324.58,190.40,183.37,1,-1,-1,-1
32,5,487.22,508.82,103.43,89.90,1,-1,-1,-1
33,3,892.17,332.26,189.15,176.93,1,-1,-1,-1
33,5,490.87,508.19,106.04,92.16,1,-1,-1,-1
34,3,863.41,341.22,187.01,170.29,1,-1,-1,-1
34,5,493.63,507.00,110.39,95.95,1,-1,-1,-1
34,6,168.56,591.60,205.42,124.33,1,-1,-1,-1
35,3,833.61,346.70,189.13,168.87,1,-1,-1,-1
35,5,497.62,506.80,114.71,99.74,1,-1,-1,-1
35,6,168.39,591.58,205.55,124.44,1,-1,-1,-1
36,3,809.91,353.65,187.80,164.93,1,-1,-1,-1
36,5,502.02,507.99,117.67,102.20,1,-1,-1,-1
36,6,168.55,591.43,205.34,124.38,1,-1,-1,-1
37,3,785.67,359.88,185.53,160.94,1,-1,-1,-1
37,5,506.60,508.23,121.68,105.28,1,-1,-1,-1
37,6,167.36,591.24,207.61,125.87,1,-1,-1,-1
38,3,765.51,364.90,183.85,158.26,1,-1,-1,-1
38,5,511.33,507.77,127.25,109.65,1,-1,-1,-1
38,6,168.17,591.53,205.95,124.88,1,-1,-1,-1
39,3,747.61,369.85,178.49,153.03,1,-1,-1,-1
39,5,517.31,507.07,132.05,113.35,1,-1,-1,-1
39,6,168.40,591.50,205.67,124.75,1,-1,-1,-1
40,3,730.97,375.56,174.20,148.80,1,-1,-1,-1
40,5,525.52,508.37,134.55,115.21,1,-1,-1,-1
40,6,168.54,591.51,205.43,124.65,1,-1,-1,-1
41,3,715.67,380.96,169.76,144.88,1,-1,-1,-1
41,5,532.46,506.26,139.49,119.42,1,-1,-1,-1
41,6,168.42,591.69,205.88,125.02,1,-1,-1,-1
42,3,703.08,386.18,162.92,138.88,1,-1,-1,-1
42,5,540.00,506.49,142.82,122.04,1,-1,-1,-1
42,6,168.29,591.73,205.92,125.15,1,-1,-1,-1
43,3,690.49,391.69,158.09,134.98,1,-1,-1,-1
43,5,544.72,505.91,149.80,127.97,1,-1,-1,-1
43,6,168.35,591.64,205.78,125.10,1,-1,-1,-1
44,3,676.40,394.75,155.55,133.34,1,-1,-1,-1
44,5,551.31,504.43,157.00,134.25,1,-1,-1,-1
44,6,168.28,591.62,205.94,125.19,1,-1,-1,-1
45,3,659.64,391.71,156.78,135.54,1,-1,-1,-1
45,5,560.51,505.08,160.43,136.78,1,-1,-1,-1
46,3,651.35,397.84,148.80,129.51,1,-1,-1,-1
46,5,569.98,504.81,169.03,143.91,1,-1,-1,-1
47,3,641.15,401.00,145.96,127.89,1,-1,-1,-1
47,5,582.76,507.56,174.66,148.43,1,-1,-1,-1
48,3,629.01,403.82,142.68,126.05,1,-1,-1,-1
48,5,594.30,510.54,179.99,152.33,1,-1,-1,-1
49,3,619.96,406.96,138.35,123.45,1,-1,-1,-1
49,5,604.61,509.66,191.91,161.97,1,-1,-1,-1
49,7,475.16,519.24,86.35,77.44,1,-1,-1,-1
50,3,615.39,412.94,131.96,118.24,1,-1,-1,-1
50,5,616.77,509.24,204.61,172.32,1,-1,-1,-1
50,7,478.57,518.53,88.18,79.09,1,-1,-1,-1
51,3,606.67,416.14,131.01,118.19,1,-1,-1,-1
51,5,630.48,508.89,219.53,184.39,1,-1,-1,-1
51,7,483.20,517.75,89.76,80.36,1,-1,-1,-1
52,3,599.28,418.22,128.33,116.69,1,-1,-1,-1
52,5,645.11,508.46,236.84,197.69,1,-1,-1,-1
52,7,488.34,517.88,92.07,82.17,1,-1,-1,-1
53,3,593.69,420.87,124.69,114.35,1,-1,-1,-1
53,5,657.86,508.65,253.53,210.73,1,-1,-1,-1
53,7,492.57,517.21,95.08,84.57,1,-1,-1,-1
54,3,587.44,426.91,118.10,109.01,1,-1,-1,-1
54,5,675.03,510.32,272.77,225.26,1,-1,-1,-1
54,7,497.02,516.69,97.89,86.80,1,-1,-1,-1
55,3,582.49,430.79,112.84,104.71,1,-1,-1,-1
55,5,695.31,514.42,290.23,238.08,1,-1,-1,-1
55,7,504.31,517.29,99.97,88.28,1,-1,-1,-1
56,3,577.10,435.55,107.05,99.89,1,-1,-1,-1
56,5,720.19,519.03,310.51,252.81,1,-1,-1,-1
56,7,511.43,517.55,103.37,90.84,1,-1,-1,-1
56,9,193.36,586.28,193.61,125.65,1,-1,-1,-1
57,3,568.35,437.31,105.44,98.92,1,-1,-1,-1
57,5,746.80,525.31,333.70,268.99,1,-1,-1,-1
57,7,517.67,516.72,110.67,96.65,1,-1,-1,-1
57,9,194.85,585.45,197.66,128.11,1,-1,-1,-1
58,3,563.13,439.18,103.26,97.41,1,-1,-1,-1
58,5,774.37,530.20,368.78,294.81,1,-1,-1,-1
58,7,527.89,516.80,113.52,98.49,1,-1,-1,-1
58,9,197.74,585.51,197.79,127.96,1,-1,-1,-1
59,3,553.73,442.77,100.19,94.52,1,-1,-1,-1
59,5,815.18,536.84,407.67,322.74,1,-1,-1,-1
59,7,537.96,517.70,114.93,99.02,1,-1,-1,-1
59,9,198.73,583.46,201.13,129.76,1,-1,-1,-1
60,5,864.98,542.39,458.26,359.24,1,-1,-1,-1
60,7,546.43,517.63,119.43,102.01,1,-1,-1,-1
60,9,198.35,579.85,208.94,134.57,1,-1,-1,-1
61,5,933.22,552.67,510.93,394.79,1,-1,-1,-1
61,7,555.35,517.29,125.82,106.48,1,-1,-1,-1
61,9,205.53,576.85,209.73,134.81,1,-1,-1,-1
62,5,984.08,562.59,566.16,437.25,1,-1,-1,-1
62,7,565.16,516.08,131.70,110.31,1,-1,-1,-1
62,9,217.42,574.49,206.64,132.81,1,-1,-1,-1
63,5,1007.99,574.09,633.58,501.98,1,-1,-1,-1
63,7,578.61,515.26,136.24,112.77,1,-1,-1,-1
63,9,229.65,570.79,205.09,132.48,1,-1,-1,-1
64,5,1030.82,577.56,656.90,520.46,1,-1,-1,-1
64,7,591.55,513.16,146.15,119.65,1,-1,-1,-1
64,9,241.66,569.48,200.84,129.75,1,-1,-1,-1
65,7,607.25,512.03,154.74,125.13,1,-1,-1,-1
65,9,253.97,567.60,198.35,127.99,1,-1,-1,-1
65,11,813.33,362.54,121.74,99.53,1,-1,-1,-1
66,7,627.47,511.23,162.93,129.74,1,-1,-1,-1
66,9,261.80,566.20,197.83,127.41,1,-1,-1,-1
66,11,813.39,362.92,120.99,98.86,1,-1,-1,-1
67,7,648.65,511.36,171.51,134.35,1,-1,-1,-1
67,9,270.54,564.28,198.45,127.76,1,-1,-1,-1
67,11,813.76,363.11,120.52,98.42,1,-1,-1,-1
68,7,671.44,511.19,182.13,140.61,1,-1,-1,-1
68,9,282.72,559.45,200.49,129.75,1,-1,-1,-1
68,11,813.64,363.43,120.67,98.47,1,-1,-1,-1
69,7,693.26,508.72,198.32,150.61,1,-1,-1,-1
69,9,295.97,555.72,200.47,130.07,1,-1,-1,-1
69,11,812.99,363.61,121.07,98.71,1,-1,-1,-1
70,7,722.27,507.52,213.18,159.04,1,-1,-1,-1
70,9,303.78,550.41,205.67,133.71,1,-1,-1,-1
70,11,812.47,363.83,121.76,99.13,1,-1,-1,-1
71,7,747.46,503.54,233.55,171.09,1,-1,-1,-1
71,9,314.29,549.48,205.74,133.76,1,-1,-1,-1
71,11,812.58,363.86,122.39,99.53,1,-1,-1,-1
72,7,781.82,500.73,254.94,182.77,1,-1,-1,-1
72,9,329.28,548.55,203.19,132.69,1,-1,-1,-1
72,11,813.50,363.48,122.65,99.65,1,-1,-1,-1
73,7,821.81,498.23,277.05,193.75,1,-1,-1,-1
73,9,339.25,544.89,205.88,134.42,1,-1,-1,-1
73,11,814.43,363.39,122.64,99.52,1,-1,-1,-1
74,7,870.57,496.92,300.28,204.64,1,-1,-1,-1
74,9,349.72,540.22,208.82,136.62,1,-1,-1,-1
74,11,814.66,363.47,122.63,99.51,1,-1,-1,-1
75,7,930.94,496.54,333.69,220.66,1,-1,-1,-1
75,9,357.87,534.37,215.03,140.84,1,-1,-1,-1
76,7,1001.24,497.31,369.41,237.04,1,-1,-1,-1
76,9,372.31,529.82,218.87,144.53,1,-1,-1,-1
77,7,1082.07,495.69,412.35,257.65,1,-1,-1,-1
77,9,387.12,527.42,217.47,144.53,1,-1,-1,-1
78,7,1136.55,493.39,447.26,281.21,1,-1,-1,-1
78,9,398.69,523.80,220.32,147.20,1,-1,-1,-1
79,7,1195.40,497.30,452.53,292.85,1,-1,-1,-1
79,9,410.59,518.81,222.51,149.52,1,-1,-1,-1
80,7,1229.75,496.51,467.49,302.53,1,-1,-1,-1
80,9,421.36,513.13,228.88,154.66,1,-1,-1,-1
81,9,434.47,510.59,231.71,156.87,1,-1,-1,-1
82,9,447.33,506.86,234.18,159.20,1,-1,-1,-1
83,9,459.47,502.26,238.02,162.44,1,-1,-1,-1
83,14,813.24,361.79,124.23,97.89,1,-1,-1,-1
84,9,473.72,496.75,243.40,166.65,1,-1,-1,-1
84,14,813.16,362.04,124.10,97.82,1,-1,-1,-1
85,9,487.55,492.63,248.52,170.75,1,-1,-1,-1
85,14,812.94,361.39,124.89,98.52,1,-1,-1,-1
86,9,500.58,486.54,257.04,176.94,1,-1,-1,-1
86,14,812.94,361.00,125.13,98.77,1,-1,-1,-1
87,9,515.68,481.29,263.38,181.87,1,-1,-1,-1
87,14,812.89,360.89,125.13,98.85,1,-1,-1,-1
88,9,531.30,476.09,275.76,191.38,1,-1,-1,-1
88,14,812.90,360.89,125.18,98.99,1,-1,-1,-1
89,9,544.59,470.94,287.21,200.48,1,-1,-1,-1
89,14,812.84,361.13,125.27,99.16,1,-1,-1,-1
90,9,563.95,467.36,295.01,206.60,1,-1,-1,-1
90,14,812.16,360.99,126.08,99.89,1,-1,-1,-1
91,9,577.12,462.02,311.52,219.13,1,-1,-1,-1
91,14,810.73,360.40,127.38,101.06,1,-1,-1,-1
92,9,593.48,457.43,326.55,230.63,1,-1,-1,-1
92,14,809.84,360.04,127.51,101.38,1,-1,-1,-1
93,9,612.90,452.90,341.42,242.54,1,-1,-1,-1
93,14,809.42,359.83,127.97,101.74,1,-1,-1,-1
93,15,1402.18,301.99,132.22,180.57,1,-1,-1,-1
94,9,638.03,448.83,353.73,251.61,1,-1,-1,-1
94,15,1363.98,304.13,141.26,182.76,1,-1,-1,-1
95,9,665.42,445.28,365.15,259.24,1,-1,-1,-1
95,15,1307.79,315.70,143.20,174.20,1,-1,-1,-1
96,9,695.75,439.91,371.88,262.45,1,-1,-1,-1
96,15,1246.56,328.13,146.07,166.92,1,-1,-1,-1
97,9,728.15,434.32,388.77,272.55,1,-1,-1,-1
97,15,1186.16,338.77,147.94,159.84,1,-1,-1,-1
98,9,760.44,429.73,413.29,287.40,1,-1,-1,-1
98,15,1128.79,347.62,150.29,154.14,1,-1,-1,-1
99,9,794.95,423.39,446.17,307.55,1,-1,-1,-1
99,15,1088.52,354.74,150.54,148.72,1,-1,-1,-1
100,9,840.39,417.13,476.68,324.22,1,-1,-1,-1
100,15,1046.28,362.41,145.88,144.12,1,-1,-1,-1
101,9,889.99,407.15,519.12,347.28,1,-1,-1,-1
102,9,945.95,390.33,580.39,384.42,1,-1,-1,-1
103,9,968.44,374.87,639.30,427.53,1,-1,-1,-1
104,9,992.03,361.31,677.76,464.49,1,-1,-1,-1
105,9,1032.51,359.93,682.11,484.69,1,-1,-1,-1
105,16,876.61,390.91,166.94,124.65,1,-1,-1,-1
106,9,1087.15,354.19,666.13,496.87,1,-1,-1,-1
106,16,851.72,396.18,161.39,120.23,1,-1,-1,-1
107,9,1151.11,341.70,651.92,519.90,1,-1,-1,-1
107,16,830.10,402.23,154.07,114.43,1,-1,-1,-1
108,9,1181.10,334.56,672.30,536.16,1,-1,-1,-1
108,16,810.27,405.89,148.77,110.30,1,-1,-1,-1
109,16,791.16,411.68,143.32,106.07,1,-1,-1,-1
110,16,774.62,417.23,137.84,101.85,1,-1,-1,-1
111,16,757.93,420.45,135.99,100.35,1,-1,-1,-1
112,16,740.89,423.37,133.27,98.23,1,-1,-1,-1
113,16,725.69,425.57,131.81,97.18,1,-1,-1,-1
114,16,712.20,428.45,129.46,95.38,1,-1,-1,-1
114,18,433.78,507.97,75.60,74.71,1,-1,-1,-1
115,16,701.03,433.69,123.76,91.06,1,-1,-1,-1
115,18,435.00,509.23,75.43,74.50,1,-1,-1,-1
116,16,688.22,436.02,122.28,90.05,1,-1,-1,-1
116,18,436.45,509.41,75.59,74.59,1,-1,-1,-1
117,16,677.86,438.58,118.64,87.66,1,-1,-1,-1
117,18,437.13,510.04,76.45,75.33,1,-1,-1,-1
118,16,666.15,440.94,116.89,86.55,1,-1,-1,-1
118,18,437.28,510.49,76.93,75.58,1,-1,-1,-1
119,16,655.57,442.99,114.20,84.97,1,-1,-1,-1
119,18,440.32,511.26,76.43,74.85,1,-1,-1,-1
120,16,647.42,444.87,111.44,83.42,1,-1,-1,-1
120,18,442.90,511.33,76.92,74.85,1,-1,-1,-1
120,19,814.45,363.34,121.28,97.68,1,-1,-1,-1
121,16,637.52,446.23,110.36,83.21,1,-1,-1,-1
121,18,444.82,511.34,77.87,75.29,1,-1,-1,-1
121,19,814.20,363.11,121.82,98.12,1,-1,-1,-1
122,16,629.21,450.31,106.67,80.76,1,-1,-1,-1
122,18,447.16,511.08,79.55,76.65,1,-1,-1,-1
122,19,814.29,362.56,121.41,97.76,1,-1,-1,-1
123,16,622.81,452.85,102.69,77.87,1,-1,-1,-1
123,18,450.01,512.03,79.61,76.43,1,-1,-1,-1
123,19,814.18,362.29,121.31,97.65,1,-1,-1,-1
124,16,617.29,455.18,99.94,76.10,1,-1,-1,-1
124,18,453.51,512.79,79.38,75.73,1,-1,-1,-1
124,19,814.06,362.18,121.30,97.61,1,-1,-1,-1
125,16,610.71,456.67,98.47,75.52,1,-1,-1,-1
125,18,454.86,512.21,80.73,76.65,1,-1,-1,-1
125,19,814.15,361.92,121.51,97.75,1,-1,-1,-1
126,16,604.44,457.62,96.59,74.70,1,-1,-1,-1
126,18,456.42,511.51,82.75,78.39,1,-1,-1,-1
126,19,814.09,362.11,121.95,98.06,1,-1,-1,-1
127,16,598.93,460.03,94.88,73.82,1,-1,-1,-1
127,18,458.55,510.85,84.53,79.97,1,-1,-1,-1
127,19,813.93,362.40,121.80,97.91,1,-1,-1,-1
128,16,592.65,461.54,93.56,73.16,1,-1,-1,-1
128,18,460.34,510.67,85.96,81.19,1,-1,-1,-1
128,19,814.06,362.42,121.76,97.84,1,-1,-1,-1
129,16,586.28,462.31,91.95,72.36,1,-1,-1,-1
129,18,463.14,511.38,86.43,81.18,1,-1,-1,-1
129,19,814.15,362.38,122.14,98.12,1,-1,-1,-1
130,16,579.67,462.42,91.98,73.09,1,-1,-1,-1
130,18,467.26,511.94,86.83,81.05,1,-1,-1,-1
130,19,814.42,362.52,122.08,98.02,1,-1,-1,-1
131,16,573.86,463.00,90.96,72.98,1,-1,-1,-1
131,18,470.25,512.65,87.46,81.16,1,-1,-1,-1
131,19,814.47,362.57,122.20,98.09,1,-1,-1,-1
132,16,568.70,464.64,89.46,72.42,1,-1,-1,-1
132,18,473.55,513.15,88.59,81.65,1,-1,-1,-1
132,19,813.86,362.45,122.09,98.00,1,-1,-1,-1
133,16,563.94,465.78,88.27,71.93,1,-1,-1,-1
133,18,477.51,513.99,89.66,81.90,1,-1,-1,-1
133,19,813.47,362.66,122.25,98.14,1,-1,-1,-1
134,16,559.03,466.60,87.91,72.19,1,-1,-1,-1
134,18,481.44,514.66,91.67,82.99,1,-1,-1,-1
134,19,813.02,362.82,122.59,98.43,1,-1,-1,-1
135,16,554.35,468.03,86.93,72.03,1,-1,-1,-1
135,18,484.63,514.79,94.24,84.69,1,-1,-1,-1
135,19,812.68,362.81,122.69,98.57,1,-1,-1,-1
136,16,547.28,469.57,86.07,71.32,1,-1,-1,-1
136,18,486.90,515.93,97.13,86.65,1,-1,-1,-1
136,19,812.50,362.85,122.63,98.50,1,-1,-1,-1
137,18,488.04,515.65,102.00,90.50,1,-1,-1,-1
137,19,812.43,362.89,122.62,98.50,1,-1,-1,-1
138,18,490.17,516.36,104.90,92.53,1,-1,-1,-1
138,19,812.57,363.25,122.14,98.15,1,-1,-1,-1
139,18,492.78,518.43,107.18,94.16,1,-1,-1,-1
139,19,812.57,363.65,121.86,97.95,1,-1,-1,-1
140,18,496.17,520.63,109.40,95.83,1,-1,-1,-1
140,19,812.20,363.72,122.15,98.24,1,-1,-1,-1
141,18,499.99,523.09,111.78,97.79,1,-1,-1,-1
141,19,812.20,363.71,122.45,98.52,1,-1,-1,-1
142,18,503.06,523.99,116.41,101.64,1,-1,-1,-1
142,19,813.50,363.19,123.29,99.20,1,-1,-1,-1
143,18,505.75,523.81,123.19,107.37,1,-1,-1,-1
143,19,814.12,363.30,123.25,99.14,1,-1,-1,-1
144,18,511.13,524.10,129.35,112.64,1,-1,-1,-1
144,19,814.23,363.48,123.13,99.02,1,-1,-1,-1
145,18,516.14,525.00,135.19,117.61,1,-1,-1,-1
145,19,814.55,364.13,122.75,98.74,1,-1,-1,-1
146,18,521.99,526.18,139.26,120.93,1,-1,-1,-1
146,19,814.59,364.28,122.73,98.75,1,-1,-1,-1
147,18,527.10,525.63,145.90,126.74,1,-1,-1,-1
147,19,814.69,364.00,122.84,98.87,1,-1,-1,-1
148,18,532.67,526.19,152.30,132.35,1,-1,-1,-1
148,19,814.69,363.87,122.82,98.87,1,-1,-1,-1
149,18,539.46,528.78,157.43,136.64,1,-1,-1,-1
149,19,814.74,364.13,122.42,98.59,1,-1,-1,-1
150,18,545.94,531.39,163.39,141.33,1,-1,-1,-1
150,19,814.57,363.95,122.38,98.61,1,-1,-1,-1
151,18,551.83,531.55,173.33,149.40,1,-1,-1,-1
151,19,814.89,363.84,122.02,98.29,1,-1,-1,-1
152,18,561.93,531.82,183.54,157.66,1,-1,-1,-1
152,19,814.95,363.87,122.56,98.66,1,-1,-1,-1
153,18,572.24,533.04,196.06,168.13,1,-1,-1,-1
153,19,815.01,363.98,122.61,98.67,1,-1,-1,-1
154,18,586.11,535.48,206.19,175.71,1,-1,-1,-1
154,19,815.00,364.06,122.55,98.62,1,-1,-1,-1
155,18,598.28,537.80,217.33,183.85,1,-1,-1,-1
155,19,814.95,364.16,122.72,98.76,1,-1,-1,-1
156,18,612.15,539.76,232.43,194.48,1,-1,-1,-1
156,19,814.97,363.60,123.05,99.00,1,-1,-1,-1
157,18,627.93,540.78,251.12,208.12,1,-1,-1,-1
157,19,814.33,363.57,122.98,98.93,1,-1,-1,-1
158,18,645.74,544.76,268.48,219.86,1,-1,-1,-1
158,19,813.91,363.58,123.04,98.99,1,-1,-1,-1
159,18,665.77,546.77,293.01,237.14,1,-1,-1,-1
159,19,813.87,363.54,123.23,99.13,1,-1,-1,-1
160,18,684.77,551.12,322.44,258.58,1,-1,-1,-1
160,19,813.80,363.39,123.28,99.15,1,-1,-1,-1
161,18,711.21,557.09,354.53,281.72,1,-1,-1,-1
161,19,813.56,363.61,123.21,99.11,1,-1,-1,-1
162,18,742.80,562.89,392.26,308.85,1,-1,-1,-1
162,19,813.59,363.64,122.92,98.86,1,-1,-1,-1
163,18,779.58,568.44,446.00,348.51,1,-1,-1,-1
163,19,813.50,363.90,122.69,98.65,1,-1,-1,-1
164,18,830.74,572.95,503.38,389.52,1,-1,-1,-1
164,19,813.37,363.89,122.83,98.74,1,-1,-1,-1
165,18,908.80,588.36,558.95,426.21,1,-1,-1,-1
165,19,812.86,363.06,123.88,99.54,1,-1,-1,-1
166,18,942.03,607.84,639.23,493.17,1,-1,-1,-1
166,19,812.58,362.71,124.05,99.63,1,-1,-1,-1
167,18,962.89,611.98,662.82,511.36,1,-1,-1,-1
167,19,812.04,362.30,125.05,100.25,1,-1,-1,-1
168,19,811.80,363.95,122.76,98.25,1,-1,-1,-1
169,19,811.88,364.91,121.42,97.04,1,-1,-1,-1
170,19,812.12,365.44,120.26,95.81,1,-1,-1,-1
171,19,812.38,365.82,119.64,95.05,1,-1,-1,-1
172,19,812.42,365.97,119.61,94.84,1,-1,-1,-1
173,19,812.30,365.99,119.75,94.79,1,-1,-1,-1
174,19,812.19,366.02,119.94,94.79,1,-1,-1,-1
175,19,812.21,365.99,120.00,94.69,1,-1,-1,-1
176,19,812.22,365.99,120.13,94.65,1,-1,-1,-1
177,19,812.30,366.01,120.22,94.61,1,-1,-1,-1
178,19,812.28,365.88,120.41,94.64,1,-1,-1,-1
179,19,812.32,365.78,120.66,94.73,1,-1,-1,-1
180,19,812.31,365.77,120.83,94.74,1,-1,-1,-1
181,19,811.91,366.01,121.51,95.22,1,-1,-1,-1
182,19,811.23,365.47,122.83,96.30,1,-1,-1,-1
183,19,811.18,365.25,123.32,96.74,1,-1,-1,-1
184,19,811.11,365.23,123.44,96.83,1,-1,-1,-1
187,22,1338.54,328.41,204.72,154.96,1,-1,-1,-1
188,22,1279.05,337.41,202.05,149.70,1,-1,-1,-1
189,22,1213.86,348.60,197.54,143.17,1,-1,-1,-1
190,22,1153.34,358.58,193.60,137.42,1,-1,-1,-1
191,22,1096.50,368.58,190.32,132.53,1,-1,-1,-1
192,22,1046.08,375.76,187.64,128.60,1,-1,-1,-1
193,22,1002.16,382.90,184.62,124.77,1,-1,-1,-1
194,22,965.68,388.55,178.61,119.45,1,-1,-1,-1
195,22,931.91,395.79,171.26,113.57,1,-1,-1,-1
196,22,900.63,402.15,165.90,109.07,1,-1,-1,-1
197,22,873.68,408.97,158.47,103.28,1,-1,-1,-1
198,22,847.26,414.32,154.32,99.91,1,-1,-1,-1
199,22,823.18,419.59,150.19,96.60,1,-1,-1,-1
200,22,802.08,423.08,145.35,93.26,1,-1,-1,-1
201,22,784.07,427.91,140.49,89.96,1,-1,-1,-1
202,22,766.45,433.22,135.20,86.53,1,-1,-1,-1
203,22,748.32,435.96,134.13,85.91,1,-1,-1,-1
204,22,730.94,438.76,130.32,83.51,1,-1,-1,-1
205,22,715.77,441.37,128.88,82.77,1,-1,-1,-1
206,22,701.11,445.22,124.16,80.04,1,-1,-1,-1
207,22,689.46,447.46,121.16,78.62,1,-1,-1,-1
208,22,676.83,450.09,117.55,76.72,1,-1,-1,-1
209,22,662.88,451.22,117.57,77.24,1,-1,-1,-1
210,22,652.15,452.94,114.99,76.17,1,-1,-1,-1
211,22,642.46,454.56,111.72,74.75,1,-1,-1,-1
212,22,633.80,456.41,109.09,73.59,1,-1,-1,-1
213,22,625.26,458.66,106.78,72.80,1,-1,-1,-1
214,22,617.89,460.85,103.44,71.30,1,-1,-1,-1
214,24,814.86,363.57,120.96,97.26,1,-1,-1,-1
215,22,610.07,462.89,101.90,71.12,1,-1,-1,-1
215,24,814.90,363.59,120.78,97.09,1,-1,-1,-1
216,22,603.21,464.88,99.04,69.87,1,-1,-1,-1
216,24,814.82,363.58,121.01,97.23,1,-1,-1,-1
217,22,596.91,466.34,97.45,69.47,1,-1,-1,-1
217,24,814.75,363.09,120.99,97.20,1,-1,-1,-1
218,22,590.05,467.21,95.21,68.59,1,-1,-1,-1
218,24,814.89,362.91,120.84,97.05,1,-1,-1,-1
219,22,584.72,468.48,92.15,67.27,1,-1,-1,-1
219,24,814.81,362.77,121.03,97.16,1,-1,-1,-1
220,22,580.20,470.16,90.25,66.69,1,-1,-1,-1
220,24,814.68,362.70,121.37,97.39,1,-1,-1,-1
221,22,573.65,471.06,88.92,66.51,1,-1,-1,-1
221,24,814.86,362.46,121.69,97.61,1,-1,-1,-1
222,22,568.77,472.11,87.56,66.22,1,-1,-1,-1
222,24,815.05,362.33,121.77,97.63,1,-1,-1,-1
223,22,563.90,472.50,87.05,66.61,1,-1,-1,-1
223,24,815.07,362.30,121.89,97.69,1,-1,-1,-1
224,22,559.39,472.78,86.54,66.99,1,-1,-1,-1
224,24,814.94,362.27,122.05,97.80,1,-1,-1,-1
225,22,550.94,474.29,85.66,66.31,1,-1,-1,-1
225,24,814.90,362.28,122.07,97.77,1,-1,-1,-1
226,24,814.70,362.33,122.12,97.80,1,-1,-1,-1
227,24,814.53,362.28,122.23,97.88,1,-1,-1,-1
228,24,814.42,362.22,122.30,97.94,1,-1,-1,-1
229,24,814.32,362.12,122.44,98.06,1,-1,-1,-1
229,25,414.95,510.97,75.71,68.67,1,-1,-1,-1
230,24,814.28,362.14,122.45,98.06,1,-1,-1,-1
230,25,416.45,511.18,76.14,69.09,1,-1,-1,-1
231,24,814.37,362.16,122.37,97.98,1,-1,-1,-1
231,25,417.33,511.20,76.92,69.82,1,-1,-1,-1
232,24,814.45,362.08,122.43,98.03,1,-1,-1,-1
232,25,418.92,510.46,77.90,70.69,1,-1,-1,-1
233,24,814.54,362.07,122.41,98.01,1,-1,-1,-1
233,25,421.42,510.54,77.31,70.05,1,-1,-1,-1
234,24,814.56,362.08,122.45,98.06,1,-1,-1,-1
234,25,423.93,510.57,77.54,70.13,1,-1,-1,-1
235,24,814.57,362.07,122.47,98.09,1,-1,-1,-1
235,25,428.04,509.95,78.12,70.47,1,-1,-1,-1
236,24,814.63,362.11,122.45,98.10,1,-1,-1,-1
236,25,432.89,509.02,78.86,71.05,1,-1,-1,-1
237,24,814.56,362.12,122.52,98.17,1,-1,-1,-1
237,25,436.78,508.56,80.18,72.21,1,-1,-1,-1
238,24,814.54,362.17,122.58,98.22,1,-1,-1,-1
238,25,440.04,508.86,80.92,72.78,1,-1,-1,-1
239,24,814.15,362.14,123.13,98.71,1,-1,-1,-1
239,25,442.27,508.46,82.31,73.84,1,-1,-1,-1
240,24,813.67,361.80,123.66,99.26,1,-1,-1,-1
240,25,443.78,508.09,83.40,74.54,1,-1,-1,-1
241,24,812.76,362.06,124.44,99.90,1,-1,-1,-1
241,25,445.79,507.57,84.50,75.25,1,-1,-1,-1
242,24,812.14,362.08,125.00,100.43,1,-1,-1,-1
242,25,448.19,507.17,86.46,76.75,1,-1,-1,-1
242,26,1343.43,367.64,195.31,205.34,1,-1,-1,-1
243,24,812.21,361.90,125.37,100.82,1,-1,-1,-1
243,25,450.56,507.34,88.49,78.49,1,-1,-1,-1
243,26,1308.17,372.05,197.13,199.11,1,-1,-1,-1
244,24,811.99,361.87,125.67,101.07,1,-1,-1,-1
244,25,453.99,506.85,90.31,80.20,1,-1,-1,-1
244,26,1261.69,382.58,194.43,186.28,1,-1,-1,-1
245,25,457.30,505.68,93.04,82.77,1,-1,-1,-1
245,26,1201.06,390.77,195.05,177.35,1,-1,-1,-1
246,25,460.76,503.97,95.53,85.15,1,-1,-1,-1
246,26,1141.13,397.08,195.90,169.86,1,-1,-1,-1
247,25,464.35,503.43,97.18,86.49,1,-1,-1,-1
247,26,1082.31,403.86,195.69,162.60,1,-1,-1,-1
248,25,468.09,503.16,99.07,88.06,1,-1,-1,-1
248,26,1030.34,407.90,196.60,157.68,1,-1,-1,-1
249,25,472.27,503.70,101.34,89.68,1,-1,-1,-1
249,26,983.23,411.81,198.30,153.98,1,-1,-1,-1
250,25,477.42,504.45,103.50,91.24,1,-1,-1,-1
250,26,947.43,417.50,196.04,148.09,1,-1,-1,-1
251,25,482.04,502.65,107.79,94.91,1,-1,-1,-1
251,26,914.39,422.68,190.36,140.18,1,-1,-1,-1
252,25,487.13,503.57,110.13,96.82,1,-1,-1,-1
252,26,885.36,428.51,184.38,132.85,1,-1,-1,-1
253,25,492.09,504.96,110.87,97.17,1,-1,-1,-1
253,26,858.04,432.30,181.54,128.59,1,-1,-1,-1
254,25,498.40,506.77,114.15,99.50,1,-1,-1,-1
254,26,834.66,435.57,178.36,124.63,1,-1,-1,-1
255,25,504.95,507.66,117.21,101.77,1,-1,-1,-1
255,26,813.03,438.87,175.85,121.51,1,-1,-1,-1
256,25,511.40,508.09,122.63,105.78,1,-1,-1,-1
256,26,792.66,443.39,170.74,116.87,1,-1,-1,-1
257,25,519.62,508.26,127.69,109.28,1,-1,-1,-1
257,26,773.70,446.33,167.46,113.61,1,-1,-1,-1
258,25,526.51,508.22,133.65,113.64,1,-1,-1,-1
258,26,756.59,449.83,161.80,108.78,1,-1,-1,-1
259,25,533.05,507.94,141.03,119.36,1,-1,-1,-1
259,26,739.85,452.22,158.38,106.05,1,-1,-1,-1
260,25,538.91,507.04,151.26,127.82,1,-1,-1,-1
260,26,724.50,455.73,154.28,102.74,1,-1,-1,-1
261,25,546.28,506.42,158.89,134.00,1,-1,-1,-1
261,26,707.10,457.77,152.27,101.24,1,-1,-1,-1
262,25,557.39,503.93,167.72,140.79,1,-1,-1,-1
262,26,687.30,461.51,149.83,99.19,1,-1,-1,-1
263,25,571.33,503.86,174.08,145.15,1,-1,-1,-1
263,26,665.23,465.09,144.25,95.50,1,-1,-1,-1
264,25,585.65,505.09,181.20,149.87,1,-1,-1,-1
265,25,594.14,499.85,200.92,165.57,1,-1,-1,-1
266,25,603.61,494.35,223.87,184.09,1,-1,-1,-1
267,25,617.86,496.13,239.32,194.80,1,-1,-1,-1
267,27,1365.33,325.80,186.33,150.67,1,-1,-1,-1
268,25,636.51,497.72,257.87,208.08,1,-1,-1,-1
268,27,1335.56,331.56,189.54,148.49,1,-1,-1,-1
269,25,657.76,495.70,281.87,226.05,1,-1,-1,-1
269,27,1287.97,338.48,191.44,145.07,1,-1,-1,-1
270,25,679.04,496.61,306.72,244.10,1,-1,-1,-1
270,27,1262.72,343.13,188.88,143.13,1,-1,-1,-1
270,28,548.68,489.84,148.01,98.49,1,-1,-1,-1
271,25,705.63,500.25,338.05,266.27,1,-1,-1,-1
271,28,530.64,496.36,144.85,96.33,1,-1,-1,-1
271,29,1127.66,356.62,305.03,135.99,1,-1,-1,-1
272,25,737.96,504.83,375.62,292.19,1,-1,-1,-1
272,28,508.16,502.72,142.50,94.65,1,-1,-1,-1
272,29,1084.68,363.00,298.33,133.51,1,-1,-1,-1
273,25,783.00,510.76,418.02,319.91,1,-1,-1,-1
273,28,490.58,508.84,137.73,91.44,1,-1,-1,-1
273,29,1041.70,369.20,291.75,131.17,1,-1,-1,-1
274,25,838.89,517.48,472.21,354.04,1,-1,-1,-1
274,28,469.18,516.24,136.19,90.15,1,-1,-1,-1
274,29,1004.09,374.41,284.97,129.06,1,-1,-1,-1
275,25,906.38,521.75,553.89,406.57,1,-1,-1,-1
275,28,447.46,523.75,134.80,88.98,1,-1,-1,-1
275,29,969.74,377.32,279.37,127.87,1,-1,-1,-1
276,25,937.04,527.13,635.23,470.03,1,-1,-1,-1
276,28,426.82,532.16,132.94,87.57,1,-1,-1,-1
276,29,942.55,382.57,269.61,124.73,1,-1,-1,-1
277,25,975.41,536.16,661.74,498.67,1,-1,-1,-1
277,28,404.99,540.45,131.70,86.83,1,-1,-1,-1
277,29,917.03,388.83,254.42,119.25,1,-1,-1,-1
278,25,997.34,537.76,685.68,516.72,1,-1,-1,-1
278,28,383.29,546.97,130.61,86.29,1,-1,-1,-1
278,29,894.43,393.76,241.27,114.71,1,-1,-1,-1
279,28,364.14,555.23,126.66,83.43,1,-1,-1,-1
279,29,873.73,399.56,228.82,110.30,1,-1,-1,-1
280,28,343.61,566.09,122.79,80.52,1,-1,-1,-1
280,29,856.68,406.67,212.96,103.89,1,-1,-1,-1
281,28,321.19,573.81,122.17,79.93,1,-1,-1,-1
281,29,838.24,412.35,201.85,99.75,1,-1,-1,-1
282,28,296.62,580.64,122.87,80.11,1,-1,-1,-1
282,29,821.78,416.79,193.30,96.58,1,-1,-1,-1
283,28,272.40,588.30,122.42,79.33,1,-1,-1,-1
283,29,804.00,419.22,188.27,95.37,1,-1,-1,-1
284,28,249.47,595.66,121.90,78.45,1,-1,-1,-1
284,29,788.05,423.33,179.89,92.36,1,-1,-1,-1
285,28,226.70,603.00,119.54,76.61,1,-1,-1,-1
285,29,771.22,424.96,175.55,91.51,1,-1,-1,-1
286,28,205.48,610.11,118.04,75.72,1,-1,-1,-1
286,29,756.85,429.03,168.63,89.09,1,-1,-1,-1
287,28,178.96,617.82,120.55,77.75,1,-1,-1,-1
287,29,743.03,431.38,165.15,88.59,1,-1,-1,-1
288,28,154.17,628.24,120.48,77.80,1,-1,-1,-1
288,29,729.20,434.56,159.73,86.75,1,-1,-1,-1
289,28,131.86,635.16,122.55,79.19,1,-1,-1,-1
289,29,716.74,437.92,154.54,84.86,1,-1,-1,-1
290,28,109.11,641.32,125.24,80.77,1,-1,-1,-1
290,29,704.91,440.78,150.05,83.28,1,-1,-1,-1
291,28,87.23,647.47,126.78,81.94,1,-1,-1,-1
291,29,692.83,442.68,146.51,82.32,1,-1,-1,-1
292,28,66.63,652.49,127.72,82.78,1,-1,-1,-1
292,29,683.56,444.90,141.46,80.69,1,-1,-1,-1
293,28,43.14,658.85,130.66,85.00,1,-1,-1,-1
293,29,674.77,446.62,137.05,79.12,1,-1,-1,-1
294,28,20.85,665.87,131.04,85.25,1,-1,-1,-1
294,29,664.75,448.58,134.34,78.52,1,-1,-1,-1
294,30,449.63,516.09,76.01,68.85,1,-1,-1,-1
295,29,654.19,450.94,131.51,77.88,1,-1,-1,-1
295,30,454.65,515.74,76.41,69.21,1,-1,-1,-1
296,29,645.42,452.89,128.15,77.05,1,-1,-1,-1
296,30,458.51,516.78,76.37,69.21,1,-1,-1,-1
297,29,636.45,453.90,125.28,76.48,1,-1,-1,-1
297,30,462.20,517.10,76.74,69.58,1,-1,-1,-1
298,29,627.98,456.03,121.58,75.41,1,-1,-1,-1
298,30,465.29,517.39,77.62,70.40,1,-1,-1,-1
299,29,622.34,458.53,117.68,74.13,1,-1,-1,-1
299,30,467.83,517.39,78.34,71.11,1,-1,-1,-1
300,29,615.97,460.57,113.35,72.64,1,-1,-1,-1
300,30,471.49,517.51,78.13,70.78,1,-1,-1,-1
300,31,814.45,363.42,119.81,97.21,1,-1,-1,-1
301,29,610.76,462.34,110.73,72.14,1,-1,-1,-1
301,30,476.37,518.53,77.77,70.19,1,-1,-1,-1
301,31,815.36,363.15,120.64,97.87,1,-1,-1,-1
302,29,605.49,463.98,107.48,71.07,1,-1,-1,-1
302,30,480.83,519.28,77.72,69.98,1,-1,-1,-1
302,31,815.82,363.04,120.71,97.91,1,-1,-1,-1
303,29,600.04,464.79,105.72,70.96,1,-1,-1,-1
303,30,483.48,519.81,79.97,71.62,1,-1,-1,-1
303,31,815.66,362.99,121.02,98.15,1,-1,-1,-1
304,29,594.82,465.95,103.95,70.82,1,-1,-1,-1
304,30,487.38,520.05,81.79,72.80,1,-1,-1,-1
304,31,815.49,363.04,121.08,98.18,1,-1,-1,-1
305,29,588.83,466.13,101.75,70.35,1,-1,-1,-1
305,30,492.83,518.78,84.76,74.85,1,-1,-1,-1
305,31,815.25,362.94,121.32,98.38,1,-1,-1,-1
306,29,584.13,467.07,98.12,69.03,1,-1,-1,-1
306,30,498.03,518.08,87.63,76.59,1,-1,-1,-1
306,31,815.40,362.91,121.22,98.30,1,-1,-1,-1
307,29,579.05,468.10,95.98,68.59,1,-1,-1,-1
307,30,503.83,517.73,90.84,78.62,1,-1,-1,-1
307,31,815.34,362.99,121.22,98.28,1,-1,-1,-1
308,29,570.59,469.70,94.69,67.67,1,-1,-1,-1
308,30,510.26,518.06,93.39,79.91,1,-1,-1,-1
308,31,815.31,362.99,121.40,98.43,1,-1,-1,-1
309,30,515.60,517.86,96.98,82.21,1,-1,-1,-1
309,31,815.19,362.77,121.82,98.75,1,-1,-1,-1
310,30,520.65,518.43,100.98,84.92,1,-1,-1,-1
310,31,815.03,362.55,122.14,99.02,1,-1,-1,-1
311,30,530.09,519.77,103.22,85.96,1,-1,-1,-1
311,31,814.72,362.32,122.52,99.36,1,-1,-1,-1
312,30,540.28,520.84,104.83,86.38,1,-1,-1,-1
312,31,814.72,362.21,122.73,99.52,1,-1,-1,-1
313,30,549.65,520.58,109.37,89.23,1,-1,-1,-1
314,30,557.61,519.77,116.14,94.04,1,-1,-1,-1
315,30,566.72,518.73,122.89,98.43,1,-1,-1,-1
316,30,577.07,517.22,129.01,102.22,1,-1,-1,-1
317,30,590.00,517.40,134.19,105.32,1,-1,-1,-1
318,30,604.04,516.75,141.11,109.71,1,-1,-1,-1
319,30,617.95,514.69,151.64,117.21,1,-1,-1,-1
320,30,635.30,512.42,161.01,123.59,1,-1,-1,-1
321,30,654.17,511.02,170.87,129.93,1,-1,-1,-1
322,30,675.08,510.15,180.07,135.78,1,-1,-1,-1
323,30,696.15,507.61,194.17,144.69,1,-1,-1,-1
324,30,723.48,505.82,207.58,152.50,1,-1,-1,-1
324,32,812.10,362.35,125.23,100.89,1,-1,-1,-1
325,30,749.38,503.80,224.26,162.38,1,-1,-1,-1
325,32,811.96,363.11,124.56,100.28,1,-1,-1,-1
326,30,779.47,499.65,244.84,174.32,1,-1,-1,-1
326,32,812.77,363.62,123.99,99.75,1,-1,-1,-1
327,30,811.60,496.22,269.39,188.59,1,-1,-1,-1
327,32,813.41,363.55,123.59,99.44,1,-1,-1,-1
328,30,854.25,494.86,292.41,200.27,1,-1,-1,-1
328,32,813.93,363.64,122.76,98.79,1,-1,-1,-1
329,30,906.48,494.66,320.29,214.31,1,-1,-1,-1
329,32,814.26,363.40,122.46,98.56,1,-1,-1,-1
330,30,967.79,496.94,352.05,229.63,1,-1,-1,-1
330,32,814.21,363.03,122.49,98.60,1,-1,-1,-1
331,30,1047.70,499.89,384.66,243.87,1,-1,-1,-1
331,32,814.47,363.08,122.20,98.37,1,-1,-1,-1
332,30,1111.61,497.81,428.96,269.68,1,-1,-1,-1
333,30,1156.92,497.77,465.08,298.61,1,-1,-1,-1
334,30,1220.36,495.88,455.14,303.99,1,-1,-1,-1
335,30,1253.45,495.04,470.20,314.05,1,-1,-1,-1
337,34,1363.10,366.63,175.11,195.04,1,-1,-1,-1
338,34,1329.32,371.51,178.36,190.33,1,-1,-1,-1
338,35,813.22,361.20,124.45,100.22,1,-1,-1,-1
339,34,1296.66,372.63,187.09,188.04,1,-1,-1,-1
339,35,813.26,361.30,124.59,100.32,1,-1,-1,-1
340,34,1244.11,383.82,189.12,178.17,1,-1,-1,-1
340,35,813.18,361.41,124.66,100.38,1,-1,-1,-1
341,34,1186.04,390.80,193.39,171.82,1,-1,-1,-1
341,35,812.59,362.48,123.83,99.63,1,-1,-1,-1
342,34,1131.39,397.15,196.46,165.32,1,-1,-1,-1
342,35,812.09,362.86,123.94,99.65,1,-1,-1,-1
343,34,1079.33,402.71,199.26,160.04,1,-1,-1,-1
343,35,811.98,362.92,124.38,99.95,1,-1,-1,-1
344,34,1030.88,405.49,204.69,158.20,1,-1,-1,-1
344,35,811.77,363.15,124.40,99.96,1,-1,-1,-1
344,36,1250.62,309.94,277.63,172.26,1,-1,-1,-1
345,34,991.30,408.94,207.37,155.05,1,-1,-1,-1
345,36,1192.38,324.25,262.69,161.68,1,-1,-1,-1
346,34,958.43,413.22,206.27,149.36,1,-1,-1,-1
346,36,1142.77,334.10,253.65,155.17,1,-1,-1,-1
347,34,930.16,417.86,204.07,144.03,1,-1,-1,-1
347,36,1091.92,342.56,246.76,150.25,1,-1,-1,-1
348,34,903.49,419.95,203.14,140.10,1,-1,-1,-1
348,36,1040.67,351.51,242.07,146.66,1,-1,-1,-1
349,34,879.47,423.47,200.66,135.93,1,-1,-1,-1
349,36,1011.50,358.95,230.28,140.09,1,-1,-1,-1
350,34,859.21,427.68,195.37,130.50,1,-1,-1,-1
350,36,971.11,367.15,221.58,134.79,1,-1,-1,-1
350,37,461.11,507.42,80.91,76.74,1,-1,-1,-1
351,34,839.58,431.91,192.61,127.00,1,-1,-1,-1
351,37,463.13,505.50,82.79,78.59,1,-1,-1,-1
352,34,823.20,433.98,189.42,123.89,1,-1,-1,-1
352,37,465.93,505.76,82.49,78.30,1,-1,-1,-1
353,34,810.07,437.15,185.08,120.17,1,-1,-1,-1
353,37,468.48,506.86,82.90,78.60,1,-1,-1,-1
353,38,41.09,674.41,138.70,91.67,1,-1,-1,-1
354,34,793.65,438.82,183.81,118.88,1,-1,-1,-1
354,37,472.74,510.18,80.86,76.36,1,-1,-1,-1
354,38,49.80,671.40,141.42,93.37,1,-1,-1,-1
355,34,780.27,440.72,180.33,116.58,1,-1,-1,-1
355,37,477.02,512.36,80.19,75.36,1,-1,-1,-1
355,38,60.17,668.81,141.66,93.31,1,-1,-1,-1
356,34,769.99,444.16,175.64,112.95,1,-1,-1,-1
356,37,481.21,514.25,79.52,74.34,1,-1,-1,-1
356,38,68.30,666.90,141.98,93.51,1,-1,-1,-1
357,34,760.78,447.70,170.88,109.44,1,-1,-1,-1
357,37,484.01,515.54,80.79,75.10,1,-1,-1,-1
358,34,750.30,447.15,169.86,108.86,1,-1,-1,-1
358,37,487.04,516.53,81.90,75.56,1,-1,-1,-1
359,34,739.81,447.33,168.48,108.40,1,-1,-1,-1
359,37,490.70,517.00,83.42,76.30,1,-1,-1,-1
359,39,93.45,657.00,145.81,91.67,1,-1,-1,-1
360,34,731.09,447.30,167.56,108.41,1,-1,-1,-1
360,37,494.67,516.37,86.74,78.77,1,-1,-1,-1
360,39,101.14,654.99,144.10,90.79,1,-1,-1,-1
361,34,723.19,448.88,164.54,106.84,1,-1,-1,-1
361,37,498.99,516.29,90.22,81.22,1,-1,-1,-1
361,39,107.21,651.21,147.20,93.12,1,-1,-1,-1
362,34,712.65,446.57,167.02,108.98,1,-1,-1,-1
362,37,503.85,516.67,93.40,83.41,1,-1,-1,-1
362,39,113.76,648.16,148.72,94.61,1,-1,-1,-1
363,34,707.29,451.52,159.06,103.64,1,-1,-1,-1
363,37,508.90,516.69,96.05,85.02,1,-1,-1,-1
363,39,119.07,645.86,150.03,95.44,1,-1,-1,-1
364,34,698.91,451.69,158.79,103.57,1,-1,-1,-1
364,37,513.84,517.05,99.27,87.11,1,-1,-1,-1
365,34,696.22,456.07,152.91,99.54,1,-1,-1,-1
365,37,517.90,517.31,106.48,92.81,1,-1,-1,-1
366,34,693.69,459.29,148.19,96.47,1,-1,-1,-1
366,37,526.02,517.01,111.71,96.57,1,-1,-1,-1
367,34,689.36,460.99,145.98,95.30,1,-1,-1,-1
367,37,533.55,516.74,115.05,98.83,1,-1,-1,-1
368,34,685.45,461.59,144.43,94.61,1,-1,-1,-1
368,37,542.12,517.14,119.07,101.27,1,-1,-1,-1
368,41,1368.20,332.42,176.29,149.57,1,-1,-1,-1
369,34,681.18,462.72,142.06,93.33,1,-1,-1,-1
369,37,550.59,517.47,122.42,103.04,1,-1,-1,-1
369,41,1325.29,340.43,178.13,146.27,1,-1,-1,-1
370,34,675.59,462.32,140.98,92.79,1,-1,-1,-1
370,37,559.82,517.30,127.28,105.64,1,-1,-1,-1
370,41,1300.84,344.46,177.10,145.43,1,-1,-1,-1
371,34,669.90,461.88,141.33,93.41,1,-1,-1,-1
371,37,570.83,515.56,133.06,109.10,1,-1,-1,-1
371,43,1145.24,357.30,306.30,137.28,1,-1,-1,-1
372,34,665.53,461.25,141.58,94.01,1,-1,-1,-1
372,37,586.14,516.01,135.99,109.84,1,-1,-1,-1
372,43,1095.78,365.12,296.17,133.44,1,-1,-1,-1
373,34,658.10,462.31,139.79,92.83,1,-1,-1,-1
373,37,600.43,514.80,142.27,113.45,1,-1,-1,-1
373,43,1049.26,371.14,289.98,131.67,1,-1,-1,-1
374,37,615.07,513.02,151.49,119.17,1,-1,-1,-1
374,43,1009.34,376.97,279.67,128.26,1,-1,-1,-1
375,37,632.61,511.44,161.71,125.52,1,-1,-1,-1
375,43,974.74,383.12,266.80,123.84,1,-1,-1,-1
376,37,652.87,511.18,171.12,130.48,1,-1,-1,-1
376,43,943.91,387.65,256.44,120.67,1,-1,-1,-1
377,37,674.99,511.10,183.09,137.49,1,-1,-1,-1
377,43,917.66,394.07,240.88,114.96,1,-1,-1,-1
378,37,693.88,506.89,203.10,150.30,1,-1,-1,-1
378,43,890.89,397.61,230.89,112.11,1,-1,-1,-1
379,37,719.99,504.56,220.98,161.18,1,-1,-1,-1
379,43,869.13,404.84,215.63,106.13,1,-1,-1,-1
379,46,650.03,465.49,136.95,92.61,1,-1,-1,-1
380,37,745.19,499.69,242.44,174.37,1,-1,-1,-1
380,43,849.05,410.45,203.33,101.47,1,-1,-1,-1
380,46,648.74,465.51,136.70,92.40,1,-1,-1,-1
381,37,777.34,493.59,267.08,189.69,1,-1,-1,-1
381,43,827.65,415.96,197.28,99.97,1,-1,-1,-1
381,46,647.93,466.01,135.87,91.85,1,-1,-1,-1
382,37,816.31,491.01,291.07,203.24,1,-1,-1,-1
382,43,811.50,420.52,187.23,96.37,1,-1,-1,-1
382,46,646.82,466.43,135.44,91.62,1,-1,-1,-1
383,37,863.25,490.39,318.05,217.92,1,-1,-1,-1
383,43,795.46,424.24,178.45,93.41,1,-1,-1,-1
383,46,645.96,466.63,134.77,91.20,1,-1,-1,-1
384,37,924.12,492.07,347.63,232.76,1,-1,-1,-1
384,43,778.56,427.75,171.49,91.34,1,-1,-1,-1
384,46,644.42,466.56,133.95,90.69,1,-1,-1,-1
385,37,999.67,495.32,381.48,248.55,1,-1,-1,-1
385,43,763.87,431.55,163.11,88.22,1,-1,-1,-1
385,46,642.23,465.79,133.86,90.72,1,-1,-1,-1
386,37,1078.61,493.09,425.47,271.35,1,-1,-1,-1
386,43,749.09,434.69,158.70,87.32,1,-1,-1,-1
386,46,640.87,465.84,133.41,90.51,1,-1,-1,-1
387,37,1128.06,490.96,467.86,302.21,1,-1,-1,-1
387,43,725.98,439.25,153.37,84.39,1,-1,-1,-1
387,46,640.05,466.22,133.20,90.40,1,-1,-1,-1
388,37,1190.74,500.50,466.34,311.09,1,-1,-1,-1
388,46,640.24,466.79,132.77,90.07,1,-1,-1,-1
388,47,234.81,614.17,133.62,82.10,1,-1,-1,-1
389,37,1223.35,500.09,481.88,321.46,1,-1,-1,-1
389,46,640.13,466.61,133.00,90.19,1,-1,-1,-1
389,47,235.71,613.72,134.03,82.31,1,-1,-1,-1
390,46,640.48,467.60,132.29,89.58,1,-1,-1,-1
390,47,238.15,614.18,132.23,81.14,1,-1,-1,-1
391,46,639.82,467.09,133.15,90.16,1,-1,-1,-1
391,47,239.38,613.91,132.46,81.20,1,-1,-1,-1
392,46,638.98,466.94,133.88,90.65,1,-1,-1,-1
392,47,239.73,614.03,132.98,81.39,1,-1,-1,-1
393,46,637.87,464.04,137.59,93.40,1,-1,-1,-1
393,47,239.89,613.71,133.83,81.83,1,-1,-1,-1
394,46,636.01,463.51,138.44,94.48,1,-1,-1,-1
394,47,240.14,613.38,134.59,82.19,1,-1,-1,-1
395,46,634.76,463.97,138.12,94.64,1,-1,-1,-1
395,47,240.02,613.15,135.38,82.57,1,-1,-1,-1
396,46,634.36,464.64,136.40,93.74,1,-1,-1,-1
396,47,240.16,613.05,135.55,82.57,1,-1,-1,-1
397,46,633.60,465.12,135.67,93.38,1,-1,-1,-1
397,47,239.35,612.53,137.25,83.56,1,-1,-1,-1
398,46,632.39,465.48,135.46,93.23,1,-1,-1,-1
398,47,238.86,612.22,137.93,83.95,1,-1,-1,-1
399,46,633.56,466.85,133.03,91.31,1,-1,-1,-1
399,47,238.76,612.22,138.01,83.96,1,-1,-1,-1
400,46,636.33,468.56,130.09,89.02,1,-1,-1,-1
400,47,238.87,612.20,137.90,83.85,1,-1,-1,-1
400,49,1404.27,279.58,145.89,195.47,1,-1,-1,-1
401,46,638.29,469.61,128.57,87.77,1,-1,-1,-1
401,47,238.88,612.39,137.32,83.41,1,-1,-1,-1
401,49,1369.25,286.24,150.96,193.44,1,-1,-1,-1
402,46,639.09,470.21,128.29,87.39,1,-1,-1,-1
402,47,238.49,612.23,137.95,83.74,1,-1,-1,-1
402,49,1318.42,299.66,149.65,182.27,1,-1,-1,-1
403,46,638.24,470.17,128.88,87.61,1,-1,-1,-1
403,47,238.27,611.89,138.60,84.06,1,-1,-1,-1
403,49,1261.89,312.67,149.01,172.54,1,-1,-1,-1
404,46,637.34,470.01,129.67,87.97,1,-1,-1,-1
404,47,238.06,611.78,138.97,84.22,1,-1,-1,-1
404,49,1211.55,324.33,147.88,163.20,1,-1,-1,-1
405,46,637.33,470.25,129.75,87.83,1,-1,-1,-1
405,47,238.00,611.76,139.05,84.23,1,-1,-1,-1
405,49,1161.25,334.50,147.06,155.13,1,-1,-1,-1
406,46,638.24,470.63,129.48,87.50,1,-1,-1,-1
406,47,238.01,611.76,138.99,84.17,1,-1,-1,-1
406,49,1115.84,340.53,149.86,152.12,1,-1,-1,-1
407,46,638.73,470.77,129.59,87.48,1,-1,-1,-1
407,47,237.85,611.50,139.27,84.33,1,-1,-1,-1
407,49,1075.29,347.94,149.12,146.10,1,-1,-1,-1
408,46,638.80,470.61,129.88,87.55,1,-1,-1,-1
408,47,237.83,611.69,139.05,84.14,1,-1,-1,-1
408,49,1038.69,356.28,148.58,140.78,1,-1,-1,-1
409,46,638.80,470.43,130.00,87.57,1,-1,-1,-1
409,47,237.79,611.61,138.96,84.13,1,-1,-1,-1
409,49,1004.49,360.83,149.73,138.05,1,-1,-1,-1
410,46,638.99,470.41,130.03,87.52,1,-1,-1,-1
410,47,237.87,611.66,138.71,84.00,1,-1,-1,-1
410,49,973.45,364.53,150.06,135.24,1,-1,-1,-1
411,46,639.41,470.53,130.24,87.59,1,-1,-1,-1
411,47,237.88,611.74,138.72,84.01,1,-1,-1,-1
411,49,944.06,368.98,149.43,132.46,1,-1,-1,-1
412,46,639.69,470.46,130.54,87.72,1,-1,-1,-1
412,47,237.88,611.89,138.45,83.89,1,-1,-1,-1
412,49,918.71,375.47,146.61,127.64,1,-1,-1,-1
413,46,639.95,470.43,130.81,87.89,1,-1,-1,-1
413,47,237.96,611.81,138.36,83.89,1,-1,-1,-1
413,49,895.51,380.90,144.72,124.55,1,-1,-1,-1
414,46,639.85,470.37,130.90,87.90,1,-1,-1,-1
414,47,238.17,611.80,138.20,83.79,1,-1,-1,-1
414,49,872.37,387.86,141.11,120.26,1,-1,-1,-1
415,46,639.36,470.27,131.19,88.04,1,-1,-1,-1
415,47,238.18,611.69,138.24,83.83,1,-1,-1,-1
415,49,852.28,393.46,137.25,115.64,1,-1,-1,-1
416,46,638.97,470.23,131.31,88.04,1,-1,-1,-1
416,47,238.42,611.84,137.93,83.61,1,-1,-1,-1
416,49,834.61,398.11,133.99,111.54,1,-1,-1,-1
417,46,638.29,469.94,131.49,88.12,1,-1,-1,-1
417,47,238.68,611.75,138.13,83.69,1,-1,-1,-1
417,49,816.38,400.83,132.50,109.73,1,-1,-1,-1
418,46,637.48,470.00,131.56,88.07,1,-1,-1,-1
418,47,238.79,611.80,138.00,83.55,1,-1,-1,-1
418,49,800.05,404.60,131.07,108.44,1,-1,-1,-1
419,46,636.32,469.87,131.71,88.09,1,-1,-1,-1
419,47,239.09,611.81,137.54,83.26,1,-1,-1,-1
419,49,787.17,411.51,124.17,102.35,1,-1,-1,-1
420,46,636.06,469.76,131.54,87.92,1,-1,-1,-1
420,47,238.89,611.64,137.99,83.55,1,-1,-1,-1
420,49,772.07,416.11,121.29,99.54,1,-1,-1,-1
420,50,44.01,668.90,151.64,100.59,1,-1,-1,-1
421,46,635.58,470.08,131.61,87.91,1,-1,-1,-1
421,47,238.47,611.27,138.99,84.21,1,-1,-1,-1
421,49,756.48,418.36,120.45,99.02,1,-1,-1,-1
421,50,46.66,666.89,152.48,101.20,1,-1,-1,-1
422,46,635.14,469.31,133.29,89.05,1,-1,-1,-1
422,47,238.36,611.17,139.32,84.45,1,-1,-1,-1
422,49,735.64,423.26,116.53,95.80,1,-1,-1,-1
422,50,48.99,665.49,153.28,101.73,1,-1,-1,-1
423,46,635.56,468.90,134.15,89.65,1,-1,-1,-1
423,47,238.46,611.30,139.35,84.51,1,-1,-1,-1
424,46,636.03,468.60,134.57,89.92,1,-1,-1,-1
424,47,238.47,611.37,139.07,84.37,1,-1,-1,-1
424,51,437.65,504.34,82.03,75.54,1,-1,-1,-1
425,46,635.62,468.40,134.76,90.16,1,-1,-1,-1
425,47,238.90,611.40,138.58,84.12,1,-1,-1,-1
425,51,438.83,504.89,82.62,76.12,1,-1,-1,-1
426,46,636.05,468.56,134.57,90.16,1,-1,-1,-1
426,47,239.22,611.41,138.36,84.10,1,-1,-1,-1
426,51,440.04,505.03,83.74,77.19,1,-1,-1,-1
427,46,636.06,468.81,134.20,89.99,1,-1,-1,-1
427,47,239.45,611.28,138.19,84.07,1,-1,-1,-1
427,51,441.46,504.96,84.01,77.46,1,-1,-1,-1
427,53,70.88,662.61,149.36,98.43,1,-1,-1,-1
428,46,636.05,468.75,134.17,90.09,1,-1,-1,-1
428,47,239.16,611.55,137.85,83.93,1,-1,-1,-1
428,51,442.84,505.65,84.11,77.51,1,-1,-1,-1
428,53,73.21,661.75,147.78,97.30,1,-1,-1,-1
429,46,634.91,467.65,135.51,91.37,1,-1,-1,-1
429,47,238.60,611.77,137.85,83.98,1,-1,-1,-1
429,51,444.29,506.14,84.20,77.48,1,-1,-1,-1
429,53,75.05,660.81,147.89,97.35,1,-1,-1,-1
430,46,634.46,467.09,135.48,91.67,1,-1,-1,-1
430,47,238.01,612.10,137.88,84.05,1,-1,-1,-1
430,51,444.88,505.26,85.30,78.31,1,-1,-1,-1
430,53,77.79,659.74,147.50,97.12,1,-1,-1,-1
431,46,634.51,466.57,135.36,91.94,1,-1,-1,-1
431,47,237.54,612.42,137.78,84.05,1,-1,-1,-1
431,51,445.64,504.99,86.49,79.17,1,-1,-1,-1
431,53,79.92,659.11,146.68,96.58,1,-1,-1,-1
432,46,635.04,467.22,134.28,91.24,1,-1,-1,-1
432,47,237.00,612.76,137.90,84.17,1,-1,-1,-1
432,51,447.99,505.68,87.28,79.69,1,-1,-1,-1
433,46,635.14,468.66,132.34,89.71,1,-1,-1,-1
433,47,236.77,612.80,137.75,84.10,1,-1,-1,-1
433,51,448.81,505.71,89.56,81.58,1,-1,-1,-1
434,46,634.96,468.63,131.68,89.10,1,-1,-1,-1
434,47,236.50,612.70,137.82,84.18,1,-1,-1,-1
434,51,450.60,506.24,90.50,82.25,1,-1,-1,-1
435,46,636.07,469.52,130.65,88.26,1,-1,-1,-1
435,47,236.56,612.32,137.71,84.20,1,-1,-1,-1
435,51,452.35,505.45,92.74,84.36,1,-1,-1,-1
436,46,637.21,470.19,129.50,87.38,1,-1,-1,-1
436,47,237.20,611.27,137.68,84.31,1,-1,-1,-1
436,51,453.60,505.95,94.04,85.70,1,-1,-1,-1
437,46,636.95,471.22,128.63,86.57,1,-1,-1,-1
437,47,236.97,611.29,137.98,84.59,1,-1,-1,-1
437,51,455.50,505.84,95.28,87.00,1,-1,-1,-1
438,46,635.81,471.38,129.04,86.69,1,-1,-1,-1
438,47,237.11,611.54,137.76,84.55,1,-1,-1,-1
438,51,457.25,505.97,96.05,87.80,1,-1,-1,-1
439,46,634.51,471.50,129.63,86.99,1,-1,-1,-1
439,47,237.41,611.58,138.33,85.04,1,-1,-1,-1
439,51,459.02,506.43,97.45,89.04,1,-1,-1,-1
440,46,632.26,471.26,130.92,87.76,1,-1,-1,-1
440,47,237.53,611.62,138.87,85.44,1,-1,-1,-1
440,51,459.43,505.25,100.44,91.53,1,-1,-1,-1
441,46,631.80,471.55,130.53,87.33,1,-1,-1,-1
441,47,238.96,611.38,138.67,85.39,1,-1,-1,-1
441,51,462.11,506.81,100.45,91.10,1,-1,-1,-1
442,46,630.39,471.62,130.91,87.43,1,-1,-1,-1
442,47,239.81,611.44,138.62,85.41,1,-1,-1,-1
442,51,464.67,507.81,100.96,90.99,1,-1,-1,-1
443,46,629.59,471.61,130.72,87.28,1,-1,-1,-1
443,47,240.47,610.85,139.23,85.92,1,-1,-1,-1
443,51,467.64,507.65,101.91,91.13,1,-1,-1,-1
444,46,628.45,471.84,130.37,87.13,1,-1,-1,-1
444,47,240.58,609.98,141.35,87.42,1,-1,-1,-1
444,51,471.10,507.80,104.23,92.42,1,-1,-1,-1
445,46,627.25,471.67,130.39,87.23,1,-1,-1,-1
445,47,241.73,609.33,142.09,87.96,1,-1,-1,-1
445,51,474.68,508.28,106.62,93.76,1,-1,-1,-1
445,57,89.43,654.10,151.07,102.21,1,-1,-1,-1
446,46,625.74,471.49,130.48,87.39,1,-1,-1,-1
446,47,243.85,608.50,142.55,88.32,1,-1,-1,-1
446,51,478.89,508.65,109.13,95.20,1,-1,-1,-1
446,57,89.81,653.74,151.86,102.75,1,-1,-1,-1
447,46,623.87,471.27,131.33,88.15,1,-1,-1,-1
447,47,246.63,608.03,142.38,88.31,1,-1,-1,-1
447,51,482.85,508.63,111.25,96.45,1,-1,-1,-1
448,46,621.42,471.42,131.91,88.78,1,-1,-1,-1
448,47,250.39,607.49,141.90,88.06,1,-1,-1,-1
448,51,486.15,508.78,113.76,97.90,1,-1,-1,-1
449,46,619.44,472.30,130.88,88.38,1,-1,-1,-1
449,47,252.91,606.26,143.63,89.03,1,-1,-1,-1
449,51,488.98,509.03,118.79,101.60,1,-1,-1,-1
450,46,616.54,472.30,130.59,88.52,1,-1,-1,-1
450,47,255.87,604.29,146.95,91.13,1,-1,-1,-1
450,51,494.22,510.26,121.40,102.85,1,-1,-1,-1
450,58,94.57,652.61,150.98,102.17,1,-1,-1,-1
451,46,613.54,473.26,128.52,87.22,1,-1,-1,-1
451,47,259.61,603.29,149.96,92.92,1,-1,-1,-1
451,51,499.88,510.08,124.57,104.20,1,-1,-1,-1
451,58,95.24,652.49,150.83,102.07,1,-1,-1,-1
452,46,611.11,473.72,126.87,86.57,1,-1,-1,-1
452,47,266.52,602.63,149.12,92.15,1,-1,-1,-1
452,51,505.83,510.20,128.53,105.97,1,-1,-1,-1
453,46,610.07,474.38,123.64,85.07,1,-1,-1,-1
453,47,272.87,601.56,148.37,91.44,1,-1,-1,-1
453,51,511.75,507.34,135.87,111.08,1,-1,-1,-1
454,46,608.35,474.69,123.19,84.76,1,-1,-1,-1
454,47,281.14,600.63,148.02,90.94,1,-1,-1,-1
454,51,518.96,506.04,141.36,114.77,1,-1,-1,-1
454,59,98.77,651.99,150.67,99.75,1,-1,-1,-1
455,47,287.69,598.63,150.34,92.16,1,-1,-1,-1
455,51,525.59,504.37,147.87,119.10,1,-1,-1,-1
455,59,99.19,652.04,150.26,99.47,1,-1,-1,-1
456,47,295.84,596.27,151.15,92.41,1,-1,-1,-1
456,51,533.01,503.40,154.46,123.32,1,-1,-1,-1
457,47,303.70,593.04,153.50,93.63,1,-1,-1,-1
457,51,539.55,501.77,162.31,128.91,1,-1,-1,-1
458,47,312.74,590.68,153.50,93.39,1,-1,-1,-1
458,51,545.62,496.92,173.77,137.54,1,-1,-1,-1
459,47,320.90,588.72,153.25,93.00,1,-1,-1,-1
459,51,555.00,493.24,183.93,144.64,1,-1,-1,-1
459,61,1281.74,367.24,272.74,193.27,1,-1,-1,-1
460,47,330.12,586.93,153.31,92.68,1,-1,-1,-1
460,51,566.06,491.16,190.95,148.10,1,-1,-1,-1
460,61,1264.00,375.55,265.91,184.54,1,-1,-1,-1
461,47,341.29,582.84,151.56,91.25,1,-1,-1,-1
461,51,581.13,490.61,198.17,151.78,1,-1,-1,-1
461,61,1225.04,384.28,258.53,175.36,1,-1,-1,-1
462,47,352.20,580.26,148.67,89.00,1,-1,-1,-1
462,51,594.45,488.85,206.29,155.92,1,-1,-1,-1
462,61,1179.82,389.87,256.48,170.31,1,-1,-1,-1
463,47,361.50,576.94,149.47,89.19,1,-1,-1,-1
463,51,610.36,487.93,212.63,158.31,1,-1,-1,-1
463,61,1135.02,393.96,256.24,166.92,1,-1,-1,-1
464,47,369.53,572.96,152.43,90.80,1,-1,-1,-1
464,51,627.09,485.31,223.87,164.53,1,-1,-1,-1
464,61,1096.47,397.80,252.88,161.93,1,-1,-1,-1
465,47,379.07,569.96,153.72,91.41,1,-1,-1,-1
465,51,642.53,481.69,239.02,173.79,1,-1,-1,-1
465,61,1057.58,400.74,251.86,158.82,1,-1,-1,-1
466,47,390.30,566.28,154.68,91.63,1,-1,-1,-1
466,51,656.56,475.79,257.52,185.58,1,-1,-1,-1
466,61,1022.04,403.51,250.85,156.59,1,-1,-1,-1
467,47,400.47,562.24,157.83,93.44,1,-1,-1,-1
467,51,676.18,471.88,273.35,195.22,1,-1,-1,-1
467,61,992.07,407.83,244.75,151.15,1,-1,-1,-1
468,47,410.18,556.89,160.95,95.32,1,-1,-1,-1
468,51,696.01,468.52,289.56,204.79,1,-1,-1,-1
468,61,967.45,411.55,240.36,147.48,1,-1,-1,-1
469,47,419.68,552.59,163.72,97.23,1,-1,-1,-1
469,51,720.90,466.97,304.07,212.67,1,-1,-1,-1
469,61,944.96,415.22,234.64,142.76,1,-1,-1,-1
470,47,428.49,545.21,170.66,102.04,1,-1,-1,-1
470,51,745.95,463.80,321.50,221.80,1,-1,-1,-1
470,61,939.89,418.45,217.91,132.90,1,-1,-1,-1
471,47,434.91,540.17,176.22,105.84,1,-1,-1,-1
471,51,774.97,460.80,341.08,231.88,1,-1,-1,-1
471,61,914.51,422.44,209.41,127.72,1,-1,-1,-1
472,47,446.25,538.74,175.68,105.81,1,-1,-1,-1
472,51,808.85,456.97,363.27,243.33,1,-1,-1,-1
473,47,457.85,539.10,173.62,104.62,1,-1,-1,-1
473,51,844.59,451.87,396.85,262.10,1,-1,-1,-1
474,47,470.65,539.06,170.92,103.04,1,-1,-1,-1
474,51,893.11,453.22,424.78,274.80,1,-1,-1,-1
475,47,482.38,536.15,173.58,105.25,1,-1,-1,-1
475,51,949.10,452.16,460.10,291.20,1,-1,-1,-1
476,47,494.38,534.54,174.70,106.53,1,-1,-1,-1
476,51,1006.82,445.87,506.66,314.66,1,-1,-1,-1
477,47,505.32,533.02,175.87,107.88,1,-1,-1,-1
477,51,1031.82,438.15,560.38,350.02,1,-1,-1,-1
477,64,820.18,433.90,189.40,117.40,1,-1,-1,-1
478,47,515.73,531.30,176.76,109.07,1,-1,-1,-1
478,51,1054.85,429.49,597.63,381.75,1,-1,-1,-1
478,64,803.88,437.30,185.07,114.68,1,-1,-1,-1
479,47,526.15,529.12,178.60,110.88,1,-1,-1,-1
479,51,1099.48,425.38,587.06,386.74,1,-1,-1,-1
479,64,789.02,440.20,180.97,112.33,1,-1,-1,-1
480,47,536.70,526.18,180.38,112.64,1,-1,-1,-1
480,51,1156.01,426.27,564.97,389.51,1,-1,-1,-1
480,64,775.32,442.53,176.64,109.81,1,-1,-1,-1
481,47,546.17,525.94,182.66,114.49,1,-1,-1,-1
481,51,1218.11,422.69,550.45,405.48,1,-1,-1,-1
481,64,764.57,444.80,171.36,106.67,1,-1,-1,-1
482,47,558.03,524.00,183.90,115.46,1,-1,-1,-1
482,51,1248.14,419.62,566.88,417.58,1,-1,-1,-1
482,64,752.36,446.98,166.24,103.72,1,-1,-1,-1
482,65,257.02,601.27,148.05,94.78,1,-1,-1,-1
483,47,571.78,522.95,184.52,115.78,1,-1,-1,-1
483,64,740.12,449.41,164.46,102.94,1,-1,-1,-1
483,65,255.50,600.55,152.70,97.47,1,-1,-1,-1
484,47,582.63,518.88,192.71,121.37,1,-1,-1,-1
484,64,727.09,451.87,160.24,100.33,1,-1,-1,-1
484,65,252.71,599.87,154.19,97.65,1,-1,-1,-1
485,47,594.98,515.89,198.48,124.94,1,-1,-1,-1
485,64,711.58,452.56,159.87,100.32,1,-1,-1,-1
485,65,275.67,599.48,149.32,94.42,1,-1,-1,-1
486,47,609.38,513.49,204.42,128.60,1,-1,-1,-1
486,64,697.57,455.51,158.62,99.75,1,-1,-1,-1
486,65,289.59,598.40,146.50,92.49,1,-1,-1,-1
486,66,1347.16,324.21,196.43,153.46,1,-1,-1,-1
487,47,626.36,513.69,207.40,130.42,1,-1,-1,-1
487,64,684.64,457.73,155.88,98.03,1,-1,-1,-1
487,65,302.52,597.37,144.80,91.19,1,-1,-1,-1
487,66,1298.03,333.40,196.35,149.83,1,-1,-1,-1
488,47,642.52,513.07,212.21,133.40,1,-1,-1,-1
488,65,312.21,596.15,145.55,91.68,1,-1,-1,-1
488,66,1234.84,343.93,192.93,143.87,1,-1,-1,-1
489,47,659.36,512.32,218.22,136.65,1,-1,-1,-1
489,65,321.39,595.26,146.20,92.10,1,-1,-1,-1
489,66,1181.07,353.03,190.34,138.86,1,-1,-1,-1
490,47,674.95,510.18,228.63,142.68,1,-1,-1,-1
490,65,329.69,593.79,146.64,92.37,1,-1,-1,-1
490,66,1126.93,360.05,189.93,135.93,1,-1,-1,-1
491,47,691.11,508.00,239.37,148.32,1,-1,-1,-1
491,65,338.26,592.88,145.77,91.79,1,-1,-1,-1
491,66,1077.92,366.79,189.68,133.39,1,-1,-1,-1
491,67,642.81,469.07,144.81,95.70,1,-1,-1,-1
492,47,711.88,504.03,251.02,155.32,1,-1,-1,-1
492,65,345.66,591.97,145.98,91.80,1,-1,-1,-1
492,66,1033.74,373.59,187.41,130.14,1,-1,-1,-1
492,67,627.55,471.88,142.15,93.79,1,-1,-1,-1
493,47,733.83,499.91,264.39,163.23,1,-1,-1,-1
493,65,351.71,591.18,148.03,93.19,1,-1,-1,-1
493,66,994.60,378.88,184.96,126.73,1,-1,-1,-1
493,67,612.30,474.86,142.33,93.75,1,-1,-1,-1
494,47,756.46,493.31,284.71,175.37,1,-1,-1,-1
494,65,356.57,589.20,152.39,96.23,1,-1,-1,-1
494,66,963.74,385.30,177.94,120.50,1,-1,-1,-1
494,67,597.40,477.45,142.86,93.99,1,-1,-1,-1
495,47,778.46,489.02,303.83,186.57,1,-1,-1,-1
495,65,360.91,586.21,157.28,100.14,1,-1,-1,-1
495,66,933.24,391.52,173.82,116.84,1,-1,-1,-1
495,67,588.10,480.52,141.14,92.63,1,-1,-1,-1
496,47,808.37,485.73,320.42,195.62,1,-1,-1,-1
496,65,365.47,584.66,160.76,103.29,1,-1,-1,-1
496,66,904.13,396.70,170.05,113.55,1,-1,-1,-1
496,67,572.15,482.99,143.37,94.06,1,-1,-1,-1
497,47,843.76,485.76,334.46,202.25,1,-1,-1,-1
497,65,371.56,583.89,161.56,104.80,1,-1,-1,-1
497,66,878.63,403.41,164.25,108.85,1,-1,-1,-1
497,67,557.27,486.43,144.01,94.38,1,-1,-1,-1
498,47,879.39,483.77,355.51,212.57,1,-1,-1,-1
498,65,379.29,584.41,160.32,104.97,1,-1,-1,-1
498,66,856.53,410.28,158.80,104.55,1,-1,-1,-1
498,67,543.25,489.94,143.62,94.15,1,-1,-1,-1
499,47,926.25,483.89,379.74,224.00,1,-1,-1,-1
499,65,386.00,584.12,160.52,106.02,1,-1,-1,-1
499,66,834.75,415.16,153.55,100.43,1,-1,-1,-1
499,67,530.05,494.63,140.01,91.87,1,-1,-1,-1
500,47,980.66,486.21,406.05,235.97,1,-1,-1,-1
500,65,392.75,583.99,161.53,107.58,1,-1,-1,-1
500,66,813.82,419.22,148.06,96.73,1,-1,-1,-1
500,67,512.79,498.06,140.94,92.66,1,-1,-1,-1
501,47,1043.47,487.17,435.41,248.60,1,-1,-1,-1
501,65,399.25,583.40,162.98,109.47,1,-1,-1,-1
501,66,793.47,423.83,143.69,93.86,1,-1,-1,-1
501,67,497.16,501.41,139.32,91.95,1,-1,-1,-1
502,47,1089.15,482.78,475.51,270.62,1,-1,-1,-1
502,65,404.62,583.60,163.15,110.35,1,-1,-1,-1
502,66,772.21,425.53,143.05,93.88,1,-1,-1,-1
502,67,482.70,505.82,136.28,90.26,1,-1,-1,-1
503,47,1124.29,478.44,501.63,290.28,1,-1,-1,-1
503,65,410.04,583.65,163.00,111.20,1,-1,-1,-1
503,66,753.39,427.49,142.59,94.04,1,-1,-1,-1
503,67,468.97,511.61,134.27,89.38,1,-1,-1,-1
504,47,1168.57,478.75,501.56,299.46,1,-1,-1,-1
504,65,415.71,583.94,164.29,113.22,1,-1,-1,-1
504,66,737.36,430.39,138.36,91.77,1,-1,-1,-1
504,67,455.11,515.21,133.30,88.74,1,-1,-1,-1
505,47,1198.75,476.79,516.67,308.47,1,-1,-1,-1
505,65,423.42,585.68,163.88,114.13,1,-1,-1,-1
505,66,722.76,433.64,134.93,89.82,1,-1,-1,-1
506,65,427.85,586.93,168.25,118.49,1,-1,-1,-1
506,66,710.47,436.84,130.84,87.50,1,-1,-1,-1
507,65,432.68,588.52,172.87,123.13,1,-1,-1,-1
507,66,698.22,440.17,126.33,84.96,1,-1,-1,-1
508,65,438.15,589.58,176.90,127.33,1,-1,-1,-1
508,66,687.48,442.56,122.92,83.10,1,-1,-1,-1
508,70,395.91,541.19,130.40,90.22,1,-1,-1,-1
509,65,445.68,589.86,181.06,131.63,1,-1,-1,-1
509,66,675.77,444.97,120.47,82.05,1,-1,-1,-1
509,70,382.68,552.04,122.53,84.63,1,-1,-1,-1
510,65,454.22,590.36,185.34,135.79,1,-1,-1,-1
510,66,664.82,447.53,117.30,80.37,1,-1,-1,-1
510,70,368.20,558.06,118.86,81.84,1,-1,-1,-1
511,65,464.70,591.58,189.21,139.49,1,-1,-1,-1
511,66,654.43,449.96,114.11,78.82,1,-1,-1,-1
511,70,353.83,563.70,116.00,79.68,1,-1,-1,-1
512,65,473.11,592.26,196.25,145.78,1,-1,-1,-1
512,66,644.54,451.92,111.55,77.74,1,-1,-1,-1
512,70,337.09,569.44,117.52,80.57,1,-1,-1,-1
513,65,480.63,592.45,204.35,152.63,1,-1,-1,-1
513,66,634.86,454.48,108.87,76.52,1,-1,-1,-1
513,70,320.54,575.88,116.59,79.63,1,-1,-1,-1
514,65,488.68,591.45,215.51,161.83,1,-1,-1,-1
514,66,625.90,456.51,105.62,74.92,1,-1,-1,-1
514,70,304.78,579.96,115.27,78.46,1,-1,-1,-1
515,65,496.89,592.92,224.94,169.53,1,-1,-1,-1
515,66,617.79,458.62,103.06,73.91,1,-1,-1,-1
515,70,286.71,586.94,114.22,77.07,1,-1,-1,-1
516,65,509.10,595.86,231.75,174.58,1,-1,-1,-1
516,66,611.20,460.79,100.86,73.14,1,-1,-1,-1
516,70,269.40,592.40,113.27,75.89,1,-1,-1,-1
517,65,519.53,596.63,242.72,182.62,1,-1,-1,-1
517,66,604.73,462.50,98.37,72.05,1,-1,-1,-1
517,70,253.66,597.56,113.77,75.55,1,-1,-1,-1
518,65,531.81,601.47,253.19,189.77,1,-1,-1,-1
518,66,597.71,463.61,97.73,72.28,1,-1,-1,-1
518,70,234.53,601.54,116.15,76.59,1,-1,-1,-1
519,65,546.52,608.66,266.00,198.91,1,-1,-1,-1
519,66,591.19,464.26,95.43,71.33,1,-1,-1,-1
519,70,220.54,606.39,114.65,75.55,1,-1,-1,-1
520,65,562.33,612.23,282.55,210.27,1,-1,-1,-1
520,66,584.77,466.27,92.07,69.53,1,-1,-1,-1
520,70,204.59,611.24,114.27,75.46,1,-1,-1,-1
521,65,580.58,616.73,299.50,221.73,1,-1,-1,-1
521,66,579.47,468.06,90.46,69.09,1,-1,-1,-1
521,70,184.03,617.58,115.75,77.00,1,-1,-1,-1
522,65,597.41,622.89,322.31,237.73,1,-1,-1,-1
522,66,574.31,468.85,89.20,68.81,1,-1,-1,-1
522,70,165.15,624.80,116.54,77.59,1,-1,-1,-1
523,65,617.25,629.55,347.80,255.49,1,-1,-1,-1
523,66,568.93,469.49,88.14,68.67,1,-1,-1,-1
523,70,148.15,633.19,115.64,76.80,1,-1,-1,-1
524,65,637.73,634.40,382.50,280.72,1,-1,-1,-1
524,66,564.86,470.81,86.57,68.07,1,-1,-1,-1
524,70,133.31,638.30,115.26,76.39,1,-1,-1,-1
525,65,666.84,643.00,419.56,307.57,1,-1,-1,-1
525,66,560.10,471.51,86.43,68.64,1,-1,-1,-1
525,70,117.56,642.23,117.58,77.70,1,-1,-1,-1
526,65,705.59,653.92,453.35,331.24,1,-1,-1,-1
526,66,551.95,473.15,85.46,67.86,1,-1,-1,-1
526,70,100.71,646.13,118.69,78.15,1,-1,-1,-1
527,65,752.82,663.93,493.06,357.80,1,-1,-1,-1
527,70,85.49,648.77,121.45,79.85,1,-1,-1,-1
528,65,809.38,678.52,552.41,398.29,1,-1,-1,-1
528,70,71.60,652.61,122.99,80.95,1,-1,-1,-1
529,65,871.06,695.92,631.95,452.54,1,-1,-1,-1
529,70,53.98,656.16,125.00,82.80,1,-1,-1,-1
530,65,921.31,716.55,655.40,470.23,1,-1,-1,-1
530,70,37.91,660.99,125.49,83.13,1,-1,-1,-1
530,71,671.87,428.06,116.51,82.68,1,-1,-1,-1
531,65,944.96,722.84,678.20,486.59,1,-1,-1,-1
531,71,667.42,428.36,116.21,82.40,1,-1,-1,-1
532,71,664.10,429.61,114.63,81.22,1,-1,-1,-1
533,71,661.75,431.95,111.17,78.75,1,-1,-1,-1
533,73,812.27,364.50,123.27,98.62,1,-1,-1,-1
534,71,656.61,435.38,107.81,76.13,1,-1,-1,-1
534,73,812.39,364.47,122.60,98.07,1,-1,-1,-1
535,71,648.78,441.43,104.47,73.56,1,-1,-1,-1
535,73,813.03,364.18,122.13,97.67,1,-1,-1,-1
536,71,643.21,444.68,102.92,72.27,1,-1,-1,-1
536,73,813.04,364.10,122.03,97.59,1,-1,-1,-1
537,71,639.20,444.98,103.87,72.56,1,-1,-1,-1
537,73,813.35,364.21,121.83,97.40,1,-1,-1,-1
538,71,634.59,447.32,101.95,71.10,1,-1,-1,-1
538,73,813.57,364.05,121.66,97.22,1,-1,-1,-1
539,71,628.63,448.55,101.86,70.91,1,-1,-1,-1
539,73,813.63,363.91,121.69,97.22,1,-1,-1,-1
540,71,624.05,450.03,101.76,70.66,1,-1,-1,-1
540,73,813.67,363.77,121.78,97.24,1,-1,-1,-1
541,71,618.86,451.16,101.09,70.07,1,-1,-1,-1
541,73,813.88,364.22,120.74,96.30,1,-1,-1,-1
542,71,612.70,452.32,101.92,70.41,1,-1,-1,-1
542,73,813.92,364.38,120.28,95.82,1,-1,-1,-1
543,71,608.12,452.96,102.87,70.96,1,-1,-1,-1
543,73,813.75,364.41,120.19,95.63,1,-1,-1,-1
544,71,601.96,454.69,103.19,70.97,1,-1,-1,-1
544,73,813.57,364.40,120.47,95.75,1,-1,-1,-1
545,71,596.60,456.39,103.07,70.84,1,-1,-1,-1
545,73,813.66,364.32,120.66,95.81,1,-1,-1,-1
546,71,591.94,459.27,100.96,69.55,1,-1,-1,-1
546,73,813.57,364.18,120.75,95.77,1,-1,-1,-1
547,71,586.31,461.66,99.85,68.95,1,-1,-1,-1
547,73,813.53,364.15,120.98,95.86,1,-1,-1,-1
548,71,582.10,463.29,98.80,68.40,1,-1,-1,-1
548,73,813.48,364.17,121.05,95.82,1,-1,-1,-1
549,71,574.63,464.54,99.35,68.81,1,-1,-1,-1
549,73,813.13,364.33,121.02,95.73,1,-1,-1,-1
550,71,569.03,465.59,99.20,68.91,1,-1,-1,-1
550,73,812.95,364.48,121.07,95.73,1,-1,-1,-1
551,71,566.23,466.53,98.67,68.79,1,-1,-1,-1
551,73,813.07,362.95,122.18,96.61,1,-1,-1,-1
552,71,563.62,468.67,96.76,67.78,1,-1,-1,-1
552,73,813.20,362.38,122.59,96.93,1,-1,-1,-1
553,71,561.14,470.51,94.67,66.75,1,-1,-1,-1
553,73,813.72,362.52,123.22,97.43,1,-1,-1,-1
554,71,559.02,471.77,93.03,66.07,1,-1,-1,-1
554,73,813.89,362.57,123.47,97.66,1,-1,-1,-1
555,71,556.15,472.67,92.27,66.10,1,-1,-1,-1
555,73,813.93,362.61,123.52,97.72,1,-1,-1,-1
556,71,552.72,472.98,92.20,66.59,1,-1,-1,-1
556,73,813.80,362.65,123.43,97.70,1,-1,-1,-1
557,71,549.26,474.12,90.65,65.95,1,-1,-1,-1
557,73,813.79,362.61,123.29,97.60,1,-1,-1,-1
558,71,546.41,474.70,89.22,65.50,1,-1,-1,-1
558,73,813.87,362.57,123.18,97.50,1,-1,-1,-1
559,71,542.10,474.48,88.52,65.74,1,-1,-1,-1
559,73,813.84,362.55,123.15,97.48,1,-1,-1,-1
560,71,538.64,474.73,87.49,65.67,1,-1,-1,-1
560,73,813.67,362.49,123.20,97.52,1,-1,-1,-1
561,71,535.90,475.00,86.27,65.36,1,-1,-1,-1
561,73,813.65,362.41,123.19,97.50,1,-1,-1,-1
562,71,533.66,475.02,85.97,65.83,1,-1,-1,-1
562,73,813.44,362.27,123.43,97.71,1,-1,-1,-1
563,71,531.91,475.71,85.00,65.72,1,-1,-1,-1
563,73,813.44,362.21,123.41,97.70,1,-1,-1,-1
564,71,529.69,475.80,84.76,66.26,1,-1,-1,-1
564,73,813.39,362.27,123.33,97.63,1,-1,-1,-1
565,71,526.13,476.53,84.61,66.14,1,-1,-1,-1
565,73,813.38,362.67,122.81,97.20,1,-1,-1,-1
566,73,813.37,362.86,122.59,97.03,1,-1,-1,-1
567,73,813.26,362.98,122.43,96.91,1,-1,-1,-1
568,73,813.23,362.98,122.44,96.90,1,-1,-1,-1
569,73,813.39,362.96,122.52,96.92,1,-1,-1,-1
570,73,813.42,362.98,122.48,96.87,1,-1,-1,-1
571,73,813.27,362.95,122.61,96.98,1,-1,-1,-1
572,73,813.30,362.87,122.57,96.96,1,-1,-1,-1
573,73,813.36,362.80,122.56,96.95,1,-1,-1,-1
574,73,813.53,362.80,122.60,96.96,1,-1,-1,-1
575,73,813.61,362.78,122.79,97.07,1,-1,-1,-1
576,73,813.53,362.80,122.90,97.13,1,-1,-1,-1
577,73,813.44,362.72,123.76,97.73,1,-1,-1,-1
578,73,813.48,362.73,124.05,97.88,1,-1,-1,-1
579,73,812.69,363.43,123.27,97.06,1,-1,-1,-1
580,73,812.03,364.92,122.31,96.32,1,-1,-1,-1
581,73,811.70,365.52,121.95,96.06,1,-1,-1,-1
582,73,811.56,365.79,121.80,95.95,1,-1,-1,-1
583,75,811.85,364.37,124.30,96.12,1,-1,-1,-1
584,75,811.79,364.41,124.37,96.15,1,-1,-1,-1
585,75,812.00,364.47,124.01,95.85,1,-1,-1,-1
586,75,811.34,365.11,124.01,95.90,1,-1,-1,-1
587,75,811.26,365.79,123.86,95.87,1,-1,-1,-1
588,75,811.01,366.03,123.85,95.95,1,-1,-1,-1
589,75,810.34,365.24,123.53,95.70,1,-1,-1,-1
590,75,810.06,364.96,123.39,95.58,1,-1,-1,-1
591,75,809.97,364.85,123.36,95.53,1,-1,-1,-1
592,75,809.95,364.80,123.34,95.50,1,-1,-1,-1
593,75,809.90,364.81,123.28,95.42,1,-1,-1,-1
594,75,809.84,364.80,123.33,95.43,1,-1,-1,-1
595,75,809.83,364.83,123.32,95.40,1,-1,-1,-1
596,75,809.87,364.84,123.31,95.40,1,-1,-1,-1
597,75,809.89,364.85,123.33,95.40,1,-1,-1,-1
598,75,809.90,364.84,123.34,95.41,1,-1,-1,-1
599,75,809.96,364.80,123.32,95.39,1,-1,-1,-1
600,75,809.93,364.76,123.38,95.44,1,-1,-1,-1
601,75,809.86,364.58,123.64,95.66,1,-1,-1,-1
602,75,809.86,364.53,123.70,95.72,1,-1,-1,-1
603,75,809.87,364.46,123.78,95.79,1,-1,-1,-1
604,75,809.96,364.46,123.78,95.79,1,-1,-1,-1
605,75,810.01,364.46,123.75,95.77,1,-1,-1,-1
606,75,810.00,364.47,123.77,95.79,1,-1,-1,-1
607,75,810.02,364.48,123.76,95.79,1,-1,-1,-1
608,75,810.08,364.51,123.69,95.75,1,-1,-1,-1
609,75,810.10,364.55,123.67,95.73,1,-1,-1,-1
610,75,809.70,364.43,124.11,96.10,1,-1,-1,-1
611,75,809.42,364.48,124.32,96.32,1,-1,-1,-1
612,75,809.02,364.24,124.78,96.81,1,-1,-1,-1
613,75,808.79,364.55,124.44,96.72,1,-1,-1,-1
614,75,808.68,364.61,124.20,96.71,1,-1,-1,-1
614,78,1393.33,311.83,158.76,156.48,1,-1,-1,-1
615,75,808.75,364.35,124.25,96.90,1,-1,-1,-1
615,78,1367.45,320.01,161.05,153.20,1,-1,-1,-1
616,75,808.66,364.31,124.35,97.16,1,-1,-1,-1
616,78,1338.05,324.64,167.92,151.98,1,-1,-1,-1
617,75,808.74,364.27,124.28,97.26,1,-1,-1,-1
617,78,1294.00,331.36,172.89,149.14,1,-1,-1,-1
618,75,808.98,364.35,124.29,97.37,1,-1,-1,-1
618,78,1243.45,338.20,177.17,146.01,1,-1,-1,-1
619,75,809.13,364.42,124.19,97.36,1,-1,-1,-1
619,78,1198.60,346.22,178.46,140.93,1,-1,-1,-1
620,75,809.43,364.45,124.15,97.36,1,-1,-1,-1
620,78,1154.58,352.46,180.77,137.41,1,-1,-1,-1
621,75,809.84,363.75,125.18,98.19,1,-1,-1,-1
621,78,1114.61,357.93,183.32,134.82,1,-1,-1,-1
622,75,810.34,363.32,125.14,98.22,1,-1,-1,-1
622,78,1077.25,364.28,183.81,131.54,1,-1,-1,-1
623,75,810.68,363.28,126.17,99.01,1,-1,-1,-1
623,78,1042.54,369.87,183.94,128.70,1,-1,-1,-1
624,75,811.05,363.44,126.16,99.03,1,-1,-1,-1
624,78,1009.40,373.28,186.34,127.96,1,-1,-1,-1
625,75,810.60,363.93,126.32,99.21,1,-1,-1,-1
625,78,981.89,375.99,186.46,126.13,1,-1,-1,-1
626,75,810.03,364.52,125.65,98.84,1,-1,-1,-1
626,78,958.25,380.91,181.16,121.03,1,-1,-1,-1
627,75,810.00,364.57,125.82,98.98,1,-1,-1,-1
627,78,937.52,386.69,174.31,115.11,1,-1,-1,-1
628,78,916.20,390.71,169.41,110.75,1,-1,-1,-1
629,78,897.07,396.61,164.60,106.55,1,-1,-1,-1
630,78,878.36,400.88,161.44,103.72,1,-1,-1,-1
631,78,859.93,406.43,157.00,100.21,1,-1,-1,-1
