3,1,1117.98,225.08,398.25,296.03,1,-1,-1,-1
3,2,577.19,249.74,109.98,97.91,1,-1,-1,-1
4,1,1048.09,220.85,408.11,294.63,1,-1,-1,-1
4,2,577.57,249.11,110.66,98.57,1,-1,-1,-1
5,1,930.35,218.60,411.64,287.46,1,-1,-1,-1
5,2,578.06,248.76,111.31,99.19,1,-1,-1,-1
6,1,801.17,215.22,427.15,287.83,1,-1,-1,-1
6,2,578.56,249.16,112.27,100.08,1,-1,-1,-1
7,1,663.94,211.03,445.69,290.24,1,-1,-1,-1
7,2,578.92,249.03,112.78,100.53,1,-1,-1,-1
8,1,525.87,202.30,469.75,296.75,1,-1,-1,-1
9,1,400.66,205.50,473.50,289.12,1,-1,-1,-1
10,1,273.37,195.59,491.96,291.63,1,-1,-1,-1
11,1,149.63,191.06,502.43,290.42,1,-1,-1,-1
11,4,1027.05,248.44,122.41,101.87,1,-1,-1,-1
12,1,50.92,190.81,505.42,287.18,1,-1,-1,-1
12,4,1027.66,249.65,121.48,101.12,1,-1,-1,-1
13,1,-22.51,183.49,511.56,292.30,1,-1,-1,-1
13,4,1027.71,250.17,121.29,101.01,1,-1,-1,-1
14,1,-74.91,176.80,498.12,290.99,1,-1,-1,-1
14,4,1027.65,250.62,121.03,100.85,1,-1,-1,-1
14,5,578.27,250.31,106.78,97.20,1,-1,-1,-1
15,1,-107.94,182.83,465.73,281.84,1,-1,-1,-1
15,4,1027.37,250.68,121.06,100.84,1,-1,-1,-1
15,5,578.27,250.49,106.55,96.89,1,-1,-1,-1
16,1,-136.38,188.31,427.65,272.57,1,-1,-1,-1
16,4,1027.05,250.54,121.51,101.15,1,-1,-1,-1
16,5,577.99,250.47,107.06,97.20,1,-1,-1,-1
16,6,680.12,237.70,113.00,114.22,1,-1,-1,-1
17,1,-217.74,186.09,424.52,270.57,1,-1,-1,-1
17,4,1027.04,250.56,121.70,101.27,1,-1,-1,-1
17,5,577.93,250.65,107.25,97.17,1,-1,-1,-1
17,6,680.22,237.76,113.04,114.21,1,-1,-1,-1
18,4,1026.94,250.61,121.66,101.23,1,-1,-1,-1
18,5,578.03,250.61,107.51,97.23,1,-1,-1,-1
18,6,680.39,237.79,112.78,113.88,1,-1,-1,-1
19,4,1026.99,250.65,121.54,101.14,1,-1,-1,-1
19,5,578.08,250.66,107.63,97.15,1,-1,-1,-1
19,6,679.91,237.87,112.76,113.76,1,-1,-1,-1
20,4,1026.98,250.63,121.52,101.11,1,-1,-1,-1
20,5,578.01,250.67,107.82,97.13,1,-1,-1,-1
20,6,679.68,237.91,112.81,113.70,1,-1,-1,-1
21,4,1026.92,250.60,121.45,101.13,1,-1,-1,-1
21,5,577.77,250.32,108.76,97.83,1,-1,-1,-1
21,6,679.08,237.49,113.48,114.30,1,-1,-1,-1
22,4,1026.93,250.54,121.38,101.15,1,-1,-1,-1
22,5,577.60,250.25,109.18,98.07,1,-1,-1,-1
22,6,678.99,237.33,113.73,114.47,1,-1,-1,-1
23,4,1027.05,250.50,121.32,101.19,1,-1,-1,-1
23,5,577.48,250.24,109.39,98.11,1,-1,-1,-1
23,6,678.91,237.23,113.80,114.45,1,-1,-1,-1
24,4,1027.04,250.39,121.43,101.35,1,-1,-1,-1
24,5,577.25,250.12,109.71,98.28,1,-1,-1,-1
24,6,678.70,237.16,113.97,114.50,1,-1,-1,-1
25,4,1027.31,250.38,121.35,101.35,1,-1,-1,-1
25,5,577.16,249.92,110.24,98.59,1,-1,-1,-1
25,6,677.20,236.43,114.76,115.12,1,-1,-1,-1
26,4,1027.42,250.47,121.20,101.28,1,-1,-1,-1
26,5,577.10,249.94,110.37,98.57,1,-1,-1,-1
26,6,676.75,236.22,115.09,115.29,1,-1,-1,-1
27,4,1027.48,250.44,121.20,101.34,1,-1,-1,-1
27,5,577.07,249.93,110.51,98.57,1,-1,-1,-1
27,6,676.50,236.12,115.35,115.43,1,-1,-1,-1
28,4,1027.53,250.42,121.18,101.38,1,-1,-1,-1
28,5,577.02,249.90,110.66,98.59,1,-1,-1,-1
28,6,676.41,236.07,115.51,115.47,1,-1,-1,-1
29,4,1027.50,250.42,121.14,101.41,1,-1,-1,-1
29,5,576.93,249.91,110.78,98.59,1,-1,-1,-1
29,6,676.31,236.12,115.59,115.43,1,-1,-1,-1
30,4,1027.47,250.42,121.07,101.40,1,-1,-1,-1
30,5,576.86,249.94,110.90,98.60,1,-1,-1,-1
30,6,676.32,236.15,115.65,115.37,1,-1,-1,-1
31,4,1027.55,250.64,120.62,101.00,1,-1,-1,-1
31,5,576.78,249.74,110.95,98.61,1,-1,-1,-1
31,6,676.32,236.16,115.59,115.21,1,-1,-1,-1
32,4,1027.58,250.70,120.48,100.86,1,-1,-1,-1
32,5,576.74,249.69,110.94,98.56,1,-1,-1,-1
32,6,676.33,236.19,115.59,115.11,1,-1,-1,-1
33,4,1027.56,250.74,120.43,100.80,1,-1,-1,-1
33,5,576.75,249.69,110.92,98.51,1,-1,-1,-1
33,6,676.31,236.21,115.63,115.06,1,-1,-1,-1
34,4,1027.62,250.76,120.41,100.76,1,-1,-1,-1
34,5,576.73,249.71,110.94,98.49,1,-1,-1,-1
34,6,676.29,236.21,115.71,115.06,1,-1,-1,-1
35,4,1027.56,250.75,120.41,100.77,1,-1,-1,-1
35,5,576.81,249.82,110.79,98.32,1,-1,-1,-1
35,6,676.37,236.42,115.52,114.77,1,-1,-1,-1
36,4,1027.48,250.68,120.59,100.91,1,-1,-1,-1
36,5,576.68,249.82,110.83,98.35,1,-1,-1,-1
36,6,676.35,236.37,115.56,114.72,1,-1,-1,-1
37,4,1026.99,250.75,120.63,100.86,1,-1,-1,-1
37,5,576.76,250.10,110.46,97.97,1,-1,-1,-1
37,6,677.12,236.28,115.41,114.48,1,-1,-1,-1
38,4,1026.78,250.77,120.72,100.86,1,-1,-1,-1
38,5,576.75,250.18,110.38,97.86,1,-1,-1,-1
38,6,677.32,236.20,115.43,114.40,1,-1,-1,-1
39,4,1026.69,250.75,120.81,100.87,1,-1,-1,-1
39,5,576.80,250.25,110.41,97.84,1,-1,-1,-1
39,6,677.56,236.33,115.36,114.26,1,-1,-1,-1
40,4,1026.61,250.78,120.85,100.84,1,-1,-1,-1
40,5,576.80,250.30,110.43,97.81,1,-1,-1,-1
40,6,677.91,236.43,115.30,114.15,1,-1,-1,-1
41,4,1026.59,250.77,120.87,100.82,1,-1,-1,-1
41,5,576.78,250.35,110.44,97.78,1,-1,-1,-1
41,6,678.26,236.52,115.22,114.03,1,-1,-1,-1
42,4,1026.61,250.79,120.89,100.79,1,-1,-1,-1
42,5,576.75,250.34,110.49,97.79,1,-1,-1,-1
42,6,678.38,236.48,115.21,113.99,1,-1,-1,-1
43,4,1026.60,250.85,120.89,100.75,1,-1,-1,-1
43,5,576.71,250.38,110.48,97.76,1,-1,-1,-1
43,6,678.79,236.63,115.04,113.80,1,-1,-1,-1
44,4,1026.59,250.89,120.86,100.69,1,-1,-1,-1
44,5,576.64,250.43,110.39,97.67,1,-1,-1,-1
44,6,678.80,236.66,115.01,113.73,1,-1,-1,-1
45,4,1026.57,250.91,120.86,100.65,1,-1,-1,-1
45,5,576.60,250.45,110.36,97.65,1,-1,-1,-1
45,6,678.72,236.60,115.08,113.78,1,-1,-1,-1
46,4,1026.49,250.93,120.90,100.64,1,-1,-1,-1
46,5,576.55,250.41,110.42,97.70,1,-1,-1,-1
46,6,678.57,236.53,115.17,113.85,1,-1,-1,-1
47,4,1026.44,250.94,120.94,100.63,1,-1,-1,-1
47,5,576.53,250.41,110.44,97.71,1,-1,-1,-1
47,6,678.40,236.52,115.24,113.91,1,-1,-1,-1
48,4,1026.40,250.95,121.00,100.63,1,-1,-1,-1
48,5,576.53,250.45,110.44,97.69,1,-1,-1,-1
48,6,678.25,236.51,115.29,113.93,1,-1,-1,-1
49,4,1026.64,251.14,120.87,100.49,1,-1,-1,-1
49,5,576.48,250.37,110.71,97.90,1,-1,-1,-1
49,6,677.63,236.37,115.61,114.22,1,-1,-1,-1
50,4,1026.68,251.19,120.85,100.45,1,-1,-1,-1
50,5,576.46,250.35,110.82,97.97,1,-1,-1,-1
50,6,677.52,236.32,115.73,114.31,1,-1,-1,-1
51,4,1026.69,251.22,120.86,100.43,1,-1,-1,-1
51,5,576.45,250.36,110.87,98.00,1,-1,-1,-1
51,6,677.52,236.31,115.76,114.33,1,-1,-1,-1
52,4,1026.63,251.27,120.86,100.41,1,-1,-1,-1
52,5,576.40,250.30,110.95,98.06,1,-1,-1,-1
52,6,677.40,236.22,115.91,114.46,1,-1,-1,-1
53,4,1026.51,251.28,120.87,100.37,1,-1,-1,-1
53,5,576.40,250.30,111.01,98.10,1,-1,-1,-1
53,6,677.23,236.15,116.05,114.56,1,-1,-1,-1
54,4,1026.45,251.32,120.90,100.34,1,-1,-1,-1
54,5,576.27,250.25,111.05,98.11,1,-1,-1,-1
54,6,676.83,236.01,116.26,114.74,1,-1,-1,-1
55,4,1026.26,251.10,121.17,100.49,1,-1,-1,-1
55,5,576.05,250.10,111.12,98.11,1,-1,-1,-1
55,6,676.42,235.79,116.49,114.88,1,-1,-1,-1
56,4,1026.34,250.95,121.26,100.58,1,-1,-1,-1
56,5,576.12,250.04,110.68,97.66,1,-1,-1,-1
56,6,677.06,237.15,115.30,113.51,1,-1,-1,-1
57,4,1026.00,250.75,121.57,100.68,1,-1,-1,-1
57,5,575.85,249.96,110.72,97.49,1,-1,-1,-1
57,6,677.03,237.79,114.76,112.63,1,-1,-1,-1
58,4,1026.17,250.68,121.53,100.60,1,-1,-1,-1
58,5,575.60,249.97,110.81,97.45,1,-1,-1,-1
58,6,677.81,238.17,114.34,112.01,1,-1,-1,-1
58,7,182.41,613.27,389.19,562.99,1,-1,-1,-1
59,4,1025.61,250.35,122.03,101.03,1,-1,-1,-1
59,5,574.98,249.81,111.37,97.95,1,-1,-1,-1
59,6,677.67,237.89,115.01,112.64,1,-1,-1,-1
59,7,307.66,615.43,423.15,574.21,1,-1,-1,-1
60,4,1025.53,250.06,122.17,101.27,1,-1,-1,-1
60,5,574.69,249.64,111.83,98.48,1,-1,-1,-1
60,6,678.13,237.79,115.29,112.98,1,-1,-1,-1
60,7,506.58,633.06,449.64,558.60,1,-1,-1,-1
61,4,1026.50,250.06,121.93,101.18,1,-1,-1,-1
61,5,575.24,249.43,111.72,98.38,1,-1,-1,-1
61,6,677.82,237.38,115.86,113.51,1,-1,-1,-1
61,7,728.49,647.11,480.81,550.66,1,-1,-1,-1
62,4,1027.20,249.94,121.94,101.34,1,-1,-1,-1
62,5,575.59,249.41,111.48,98.20,1,-1,-1,-1
62,6,677.59,237.52,115.97,113.57,1,-1,-1,-1
62,7,906.41,659.64,494.37,541.01,1,-1,-1,-1
63,4,1027.64,249.99,121.72,101.27,1,-1,-1,-1
63,5,576.14,249.55,111.27,98.01,1,-1,-1,-1
63,6,677.74,237.60,115.94,113.55,1,-1,-1,-1
63,7,1053.92,664.94,497.73,544.70,1,-1,-1,-1
64,4,1027.48,250.20,121.45,101.07,1,-1,-1,-1
64,5,576.59,249.53,111.02,97.78,1,-1,-1,-1
64,6,678.23,237.93,115.73,113.38,1,-1,-1,-1
65,4,1027.48,250.48,121.11,100.82,1,-1,-1,-1
65,5,576.56,249.40,111.01,97.74,1,-1,-1,-1
65,6,678.24,238.08,115.78,113.47,1,-1,-1,-1
66,4,1027.33,251.07,120.58,100.31,1,-1,-1,-1
66,5,576.56,250.23,110.64,97.36,1,-1,-1,-1
66,6,678.98,238.25,115.70,113.60,1,-1,-1,-1
67,4,1027.19,251.34,120.45,100.12,1,-1,-1,-1
67,5,576.52,250.56,110.55,97.23,1,-1,-1,-1
67,6,679.23,238.33,115.62,113.72,1,-1,-1,-1
68,4,1026.71,251.62,120.39,99.96,1,-1,-1,-1
68,5,576.57,250.76,110.42,97.05,1,-1,-1,-1
68,6,680.09,238.61,115.17,113.43,1,-1,-1,-1
69,4,1026.51,251.70,120.40,99.89,1,-1,-1,-1
69,5,576.54,250.76,110.42,97.04,1,-1,-1,-1
69,6,680.17,238.64,114.93,113.35,1,-1,-1,-1
70,4,1026.55,251.81,120.39,99.83,1,-1,-1,-1
70,5,576.49,250.65,110.47,97.11,1,-1,-1,-1
70,6,680.41,238.37,114.92,113.56,1,-1,-1,-1
71,4,1026.43,251.41,121.12,100.48,1,-1,-1,-1
71,5,576.51,250.41,110.57,97.27,1,-1,-1,-1
71,6,680.77,237.92,115.08,113.92,1,-1,-1,-1
72,4,1026.40,251.45,121.12,100.47,1,-1,-1,-1
72,5,576.67,250.26,110.98,97.72,1,-1,-1,-1
72,6,680.96,237.93,115.12,113.97,1,-1,-1,-1
72,8,1260.71,320.56,255.03,198.87,1,-1,-1,-1
73,5,576.71,249.93,111.51,98.37,1,-1,-1,-1
73,8,1168.16,316.59,261.50,197.50,1,-1,-1,-1
74,5,576.38,250.04,112.08,99.07,1,-1,-1,-1
74,8,1048.72,314.47,268.52,195.64,1,-1,-1,-1
74,9,180.17,478.80,386.26,332.02,1,-1,-1,-1
75,5,576.13,249.84,112.83,100.04,1,-1,-1,-1
75,8,926.33,309.37,280.97,197.36,1,-1,-1,-1
75,9,355.15,481.42,406.27,336.56,1,-1,-1,-1
76,5,577.51,250.17,112.30,99.70,1,-1,-1,-1
76,8,801.79,300.57,298.84,202.81,1,-1,-1,-1
76,9,556.52,485.28,428.66,341.54,1,-1,-1,-1
77,5,577.80,251.65,112.38,99.79,1,-1,-1,-1
77,8,681.75,295.77,310.75,203.65,1,-1,-1,-1
77,9,774.76,495.08,448.00,341.53,1,-1,-1,-1
78,5,577.90,251.81,112.57,99.96,1,-1,-1,-1
78,8,565.07,294.43,314.06,198.45,1,-1,-1,-1
78,9,972.02,499.31,471.26,347.16,1,-1,-1,-1
79,8,444.57,290.79,321.12,196.05,1,-1,-1,-1
79,9,1110.36,509.12,473.10,345.70,1,-1,-1,-1
80,8,327.65,286.40,328.95,194.18,1,-1,-1,-1
80,9,1265.85,513.49,477.23,348.71,1,-1,-1,-1
81,8,211.64,285.30,337.47,192.78,1,-1,-1,-1
82,8,98.26,283.54,342.25,190.54,1,-1,-1,-1
82,10,1026.56,251.01,120.37,100.46,1,-1,-1,-1
83,8,10.25,282.02,341.87,188.82,1,-1,-1,-1
83,10,1026.85,251.04,120.37,100.48,1,-1,-1,-1
83,11,577.70,250.09,109.71,97.83,1,-1,-1,-1
84,8,-47.72,277.35,340.30,191.26,1,-1,-1,-1
84,10,1027.22,251.30,120.08,100.22,1,-1,-1,-1
84,11,577.88,249.93,109.31,97.47,1,-1,-1,-1
84,12,680.41,237.80,113.26,114.31,1,-1,-1,-1
85,8,-89.25,275.87,329.51,192.47,1,-1,-1,-1
85,10,1027.29,251.73,119.58,99.74,1,-1,-1,-1
85,11,578.20,250.23,108.66,96.86,1,-1,-1,-1
85,12,680.11,237.93,112.91,113.89,1,-1,-1,-1
86,8,-178.38,272.76,329.05,192.20,1,-1,-1,-1
86,10,1027.29,251.57,119.98,99.98,1,-1,-1,-1
86,11,577.27,250.04,109.25,97.39,1,-1,-1,-1
86,12,679.93,238.39,112.63,113.48,1,-1,-1,-1
87,10,1027.30,251.50,120.18,100.09,1,-1,-1,-1
87,11,576.86,249.87,109.50,97.64,1,-1,-1,-1
87,12,679.62,238.34,112.89,113.66,1,-1,-1,-1
88,10,1027.23,251.48,120.25,100.09,1,-1,-1,-1
88,11,576.68,249.80,109.62,97.77,1,-1,-1,-1
88,12,679.37,238.31,113.10,113.77,1,-1,-1,-1
89,10,1027.19,251.41,120.43,100.18,1,-1,-1,-1
89,11,576.74,249.89,109.56,97.74,1,-1,-1,-1
89,12,679.47,238.40,113.11,113.66,1,-1,-1,-1
90,10,1026.96,251.24,120.69,100.34,1,-1,-1,-1
90,11,576.79,250.03,109.35,97.55,1,-1,-1,-1
90,12,679.25,238.27,113.28,113.71,1,-1,-1,-1
91,10,1026.91,251.39,120.64,100.23,1,-1,-1,-1
91,11,576.81,250.07,109.29,97.49,1,-1,-1,-1
91,12,679.55,238.26,113.24,113.56,1,-1,-1,-1
92,10,1026.88,251.34,120.73,100.25,1,-1,-1,-1
92,11,576.85,250.12,109.20,97.42,1,-1,-1,-1
92,12,679.46,238.09,113.49,113.70,1,-1,-1,-1
93,10,1026.79,251.20,120.93,100.39,1,-1,-1,-1
93,11,576.91,250.07,109.35,97.56,1,-1,-1,-1
93,12,679.20,238.17,113.52,113.62,1,-1,-1,-1
94,10,1026.95,251.28,120.90,100.32,1,-1,-1,-1
94,11,576.82,249.94,109.58,97.75,1,-1,-1,-1
94,12,679.05,238.23,113.66,113.68,1,-1,-1,-1
95,10,1026.97,251.31,120.91,100.28,1,-1,-1,-1
95,11,576.81,249.89,109.60,97.75,1,-1,-1,-1
95,12,679.28,238.53,113.55,113.48,1,-1,-1,-1
96,10,1026.48,251.81,120.54,99.84,1,-1,-1,-1
96,11,576.65,249.72,109.65,97.88,1,-1,-1,-1
96,12,679.58,238.08,114.25,114.21,1,-1,-1,-1
97,10,1026.20,251.71,120.72,99.89,1,-1,-1,-1
97,11,576.84,249.70,109.55,97.77,1,-1,-1,-1
97,12,679.76,238.21,114.11,113.96,1,-1,-1,-1
98,10,1025.69,251.25,121.58,100.41,1,-1,-1,-1
98,11,576.50,249.48,110.15,98.24,1,-1,-1,-1
98,12,679.14,238.11,114.56,114.23,1,-1,-1,-1
99,10,1025.26,250.98,122.15,100.75,1,-1,-1,-1
99,11,576.17,249.16,110.61,98.70,1,-1,-1,-1
99,12,678.74,237.76,115.07,114.65,1,-1,-1,-1
99,14,131.13,338.17,336.40,512.51,1,-1,-1,-1
100,10,1024.95,250.84,122.40,100.83,1,-1,-1,-1
100,11,575.48,249.24,110.89,99.04,1,-1,-1,-1
100,12,678.69,237.73,115.13,114.72,1,-1,-1,-1
100,14,219.71,345.38,350.55,506.50,1,-1,-1,-1
101,10,1024.78,250.67,122.61,100.96,1,-1,-1,-1
101,11,574.30,250.24,111.04,99.14,1,-1,-1,-1
101,14,298.38,339.26,386.34,516.96,1,-1,-1,-1
102,10,1024.67,250.62,122.68,101.02,1,-1,-1,-1
102,11,574.89,251.41,112.26,100.23,1,-1,-1,-1
102,14,434.84,350.63,416.09,511.99,1,-1,-1,-1
103,11,574.72,251.56,112.51,100.46,1,-1,-1,-1
103,14,611.95,371.01,438.26,494.54,1,-1,-1,-1
104,14,792.18,374.18,481.55,499.90,1,-1,-1,-1
105,14,908.48,376.78,517.06,510.52,1,-1,-1,-1
106,14,1010.93,367.87,538.20,523.26,1,-1,-1,-1
107,14,1096.98,354.01,554.71,546.17,1,-1,-1,-1
107,16,576.07,249.92,109.23,97.28,1,-1,-1,-1
108,14,1189.95,353.69,542.10,553.59,1,-1,-1,-1
108,16,576.04,250.01,109.22,97.29,1,-1,-1,-1
108,17,681.19,239.48,112.87,112.63,1,-1,-1,-1
109,14,1302.02,353.58,548.27,559.88,1,-1,-1,-1
109,16,576.25,249.97,109.22,97.29,1,-1,-1,-1
109,17,682.49,240.10,111.95,111.76,1,-1,-1,-1
109,18,1025.25,251.86,121.76,99.47,1,-1,-1,-1
110,16,576.78,250.17,109.11,97.15,1,-1,-1,-1
110,17,683.30,240.57,111.33,111.18,1,-1,-1,-1
110,18,1026.11,252.20,121.32,99.10,1,-1,-1,-1
111,16,577.01,250.27,109.03,97.03,1,-1,-1,-1
111,17,683.53,240.80,110.97,110.84,1,-1,-1,-1
111,18,1026.45,252.34,121.13,98.91,1,-1,-1,-1
112,16,577.08,250.32,109.00,96.95,1,-1,-1,-1
112,17,683.75,241.00,110.71,110.60,1,-1,-1,-1
112,18,1026.50,252.44,121.05,98.81,1,-1,-1,-1
113,16,577.07,250.34,109.08,96.96,1,-1,-1,-1
113,17,683.77,241.06,110.64,110.55,1,-1,-1,-1
113,18,1026.43,252.44,121.05,98.76,1,-1,-1,-1
114,16,577.06,250.31,109.19,97.01,1,-1,-1,-1
114,17,683.84,241.05,110.67,110.63,1,-1,-1,-1
114,18,1026.40,252.48,121.10,98.75,1,-1,-1,-1
115,16,577.09,250.32,109.24,97.00,1,-1,-1,-1
115,17,683.87,240.93,110.77,110.79,1,-1,-1,-1
115,18,1026.33,252.45,121.21,98.78,1,-1,-1,-1
116,16,577.14,250.23,109.32,97.10,1,-1,-1,-1
116,17,682.78,239.90,111.88,112.00,1,-1,-1,-1
116,18,1026.08,252.15,122.09,99.59,1,-1,-1,-1
117,16,577.18,250.23,109.29,97.10,1,-1,-1,-1
117,17,682.42,239.51,112.31,112.55,1,-1,-1,-1
117,18,1026.06,252.00,122.35,99.89,1,-1,-1,-1
118,16,577.15,250.22,109.25,97.11,1,-1,-1,-1
118,17,682.02,239.40,112.49,112.82,1,-1,-1,-1
118,18,1026.06,251.92,122.37,99.99,1,-1,-1,-1
119,16,577.16,250.20,109.23,97.14,1,-1,-1,-1
119,17,681.97,239.47,112.42,112.82,1,-1,-1,-1
119,18,1026.13,251.86,122.34,100.05,1,-1,-1,-1
120,16,577.11,250.17,109.21,97.18,1,-1,-1,-1
120,17,681.82,239.27,112.56,113.07,1,-1,-1,-1
120,18,1026.18,251.86,122.21,100.03,1,-1,-1,-1
121,16,577.27,249.89,109.42,97.46,1,-1,-1,-1
121,17,682.03,239.21,112.42,113.13,1,-1,-1,-1
121,18,1026.33,251.68,122.31,100.25,1,-1,-1,-1
122,16,577.28,249.77,109.42,97.56,1,-1,-1,-1
122,17,681.74,239.15,112.55,113.38,1,-1,-1,-1
122,18,1026.53,251.74,122.10,100.19,1,-1,-1,-1
123,16,577.19,249.69,109.35,97.59,1,-1,-1,-1
123,17,681.55,239.13,112.57,113.48,1,-1,-1,-1
123,18,1026.63,251.78,121.93,100.18,1,-1,-1,-1
124,16,577.23,249.63,109.28,97.62,1,-1,-1,-1
124,17,681.69,239.22,112.44,113.44,1,-1,-1,-1
124,18,1026.71,251.79,121.81,100.18,1,-1,-1,-1
125,16,577.27,249.62,109.20,97.63,1,-1,-1,-1
125,17,681.79,239.25,112.36,113.43,1,-1,-1,-1
125,18,1026.78,251.78,121.69,100.18,1,-1,-1,-1
126,16,576.87,249.54,109.20,97.61,1,-1,-1,-1
126,17,680.62,238.90,112.49,113.51,1,-1,-1,-1
126,18,1027.09,251.88,121.72,100.30,1,-1,-1,-1
127,16,576.75,249.51,109.19,97.60,1,-1,-1,-1
127,17,680.12,238.85,112.54,113.50,1,-1,-1,-1
127,18,1027.18,251.92,121.75,100.40,1,-1,-1,-1
128,16,576.69,249.49,109.21,97.61,1,-1,-1,-1
128,17,679.97,238.79,112.61,113.53,1,-1,-1,-1
128,18,1027.28,251.94,121.68,100.42,1,-1,-1,-1
129,16,576.70,249.49,109.22,97.59,1,-1,-1,-1
129,17,680.01,238.75,112.62,113.50,1,-1,-1,-1
129,18,1027.23,251.98,121.64,100.44,1,-1,-1,-1
130,16,576.73,249.51,109.21,97.56,1,-1,-1,-1
130,17,680.04,238.81,112.58,113.42,1,-1,-1,-1
130,18,1027.29,252.04,121.51,100.35,1,-1,-1,-1
131,16,576.74,249.58,109.22,97.52,1,-1,-1,-1
131,17,680.10,238.88,112.53,113.31,1,-1,-1,-1
131,18,1027.51,252.13,121.35,100.22,1,-1,-1,-1
132,16,576.75,249.61,109.25,97.51,1,-1,-1,-1
132,17,680.18,238.83,112.61,113.37,1,-1,-1,-1
132,18,1027.51,252.13,121.31,100.20,1,-1,-1,-1
133,16,576.32,249.43,109.47,97.71,1,-1,-1,-1
133,17,679.91,238.74,112.40,113.03,1,-1,-1,-1
133,18,1027.54,252.19,121.28,100.22,1,-1,-1,-1
134,16,576.18,249.39,109.52,97.75,1,-1,-1,-1
134,17,679.83,238.75,112.31,112.83,1,-1,-1,-1
134,18,1027.56,252.25,121.20,100.19,1,-1,-1,-1
135,16,576.12,249.34,109.55,97.78,1,-1,-1,-1
135,17,679.80,238.72,112.41,112.84,1,-1,-1,-1
135,18,1027.55,252.25,121.20,100.22,1,-1,-1,-1
136,16,576.34,249.29,109.28,97.68,1,-1,-1,-1
136,17,679.30,238.19,113.20,113.61,1,-1,-1,-1
136,18,1027.30,252.14,120.82,99.90,1,-1,-1,-1
137,16,576.51,249.32,109.05,97.59,1,-1,-1,-1
137,17,679.24,238.02,113.43,113.82,1,-1,-1,-1
137,18,1027.23,252.13,120.66,99.75,1,-1,-1,-1
138,16,576.66,249.36,108.87,97.55,1,-1,-1,-1
138,17,679.27,237.98,113.51,113.90,1,-1,-1,-1
138,18,1027.27,252.04,120.67,99.76,1,-1,-1,-1
139,16,576.81,249.42,108.66,97.44,1,-1,-1,-1
139,17,679.41,237.98,113.53,113.92,1,-1,-1,-1
139,18,1027.30,251.96,120.72,99.80,1,-1,-1,-1
140,16,576.89,249.47,108.57,97.42,1,-1,-1,-1
140,17,679.56,237.97,113.46,113.85,1,-1,-1,-1
140,18,1027.35,251.93,120.75,99.82,1,-1,-1,-1
141,16,576.87,249.47,108.47,97.38,1,-1,-1,-1
141,17,679.68,238.13,113.41,113.81,1,-1,-1,-1
141,18,1027.30,251.86,120.83,99.90,1,-1,-1,-1
142,16,576.88,249.48,108.33,97.30,1,-1,-1,-1
142,17,679.64,238.09,113.44,113.84,1,-1,-1,-1
142,18,1027.29,251.97,120.76,99.86,1,-1,-1,-1
143,16,576.83,249.46,108.27,97.29,1,-1,-1,-1
143,17,679.39,238.13,113.46,113.83,1,-1,-1,-1
143,18,1027.36,252.05,120.70,99.82,1,-1,-1,-1
144,16,577.00,249.41,108.19,97.29,1,-1,-1,-1
144,17,679.27,238.18,113.46,113.81,1,-1,-1,-1
144,18,1027.40,252.07,120.67,99.80,1,-1,-1,-1
145,16,577.37,249.52,107.89,97.04,1,-1,-1,-1
145,17,679.18,238.35,113.92,114.32,1,-1,-1,-1
145,18,1027.04,252.00,120.76,99.90,1,-1,-1,-1
146,16,577.51,249.57,107.76,96.95,1,-1,-1,-1
146,17,679.16,238.42,114.08,114.51,1,-1,-1,-1
146,18,1026.91,251.98,120.79,99.93,1,-1,-1,-1
147,16,577.55,249.59,107.71,96.93,1,-1,-1,-1
147,17,679.14,238.43,114.12,114.58,1,-1,-1,-1
147,18,1026.86,251.97,120.79,99.95,1,-1,-1,-1
148,16,577.57,249.50,107.70,96.97,1,-1,-1,-1
148,17,679.39,238.48,113.99,114.50,1,-1,-1,-1
148,18,1026.77,251.97,120.78,99.94,1,-1,-1,-1
149,16,577.42,249.41,107.83,97.11,1,-1,-1,-1
149,17,679.50,238.56,113.79,114.33,1,-1,-1,-1
149,18,1026.60,252.05,120.72,99.87,1,-1,-1,-1
150,16,577.35,249.34,107.88,97.18,1,-1,-1,-1
150,17,679.52,238.60,113.68,114.24,1,-1,-1,-1
150,18,1026.52,252.06,120.71,99.86,1,-1,-1,-1
151,16,577.37,249.32,107.89,97.23,1,-1,-1,-1
151,17,679.71,238.77,113.45,114.03,1,-1,-1,-1
151,18,1026.64,251.91,120.82,99.95,1,-1,-1,-1
152,16,577.38,249.44,107.81,97.17,1,-1,-1,-1
152,17,679.64,238.83,113.56,114.14,1,-1,-1,-1
152,18,1026.88,252.11,120.67,99.83,1,-1,-1,-1
153,16,577.36,249.47,107.80,97.18,1,-1,-1,-1
153,17,679.50,238.98,113.58,114.14,1,-1,-1,-1
153,18,1026.90,252.23,120.55,99.74,1,-1,-1,-1
154,16,577.33,249.44,107.78,97.19,1,-1,-1,-1
154,17,679.46,239.04,113.59,114.14,1,-1,-1,-1
154,18,1026.88,252.26,120.51,99.71,1,-1,-1,-1
155,16,577.31,249.39,107.82,97.24,1,-1,-1,-1
155,17,679.39,239.05,113.65,114.18,1,-1,-1,-1
155,18,1026.87,252.26,120.51,99.72,1,-1,-1,-1
156,16,577.35,249.40,107.78,97.21,1,-1,-1,-1
156,17,679.35,239.13,113.56,114.03,1,-1,-1,-1
156,18,1026.89,252.24,120.55,99.76,1,-1,-1,-1
157,16,577.33,249.51,107.72,97.18,1,-1,-1,-1
157,17,679.63,239.06,113.58,114.06,1,-1,-1,-1
157,18,1027.05,251.98,120.71,99.91,1,-1,-1,-1
158,16,577.30,249.55,107.71,97.20,1,-1,-1,-1
158,17,679.74,239.00,113.63,114.10,1,-1,-1,-1
158,18,1027.09,251.82,120.84,100.04,1,-1,-1,-1
159,16,577.03,249.45,107.73,97.06,1,-1,-1,-1
159,17,679.23,238.92,113.53,113.79,1,-1,-1,-1
159,18,1026.48,251.69,120.99,99.98,1,-1,-1,-1
160,16,577.09,249.61,108.21,97.24,1,-1,-1,-1
160,17,680.15,239.58,112.64,112.65,1,-1,-1,-1
160,18,1025.75,251.90,120.97,99.64,1,-1,-1,-1
161,16,576.53,249.42,108.80,97.54,1,-1,-1,-1
161,17,680.61,239.60,112.44,112.29,1,-1,-1,-1
161,18,1025.19,251.72,121.35,99.67,1,-1,-1,-1
162,16,575.94,249.37,109.23,97.76,1,-1,-1,-1
162,17,680.67,239.68,112.59,112.31,1,-1,-1,-1
162,18,1024.70,251.51,121.84,99.85,1,-1,-1,-1
163,16,575.49,249.21,109.79,98.16,1,-1,-1,-1
163,17,680.69,239.44,112.95,112.64,1,-1,-1,-1
163,18,1023.67,251.49,122.40,100.10,1,-1,-1,-1
164,16,575.45,248.61,110.51,98.88,1,-1,-1,-1
164,17,681.45,238.79,113.54,113.41,1,-1,-1,-1
164,18,1023.57,251.27,122.95,100.56,1,-1,-1,-1
165,16,575.83,248.89,110.33,98.83,1,-1,-1,-1
165,17,682.89,239.13,113.12,113.17,1,-1,-1,-1
165,18,1024.40,251.52,123.10,100.78,1,-1,-1,-1
165,20,1350.04,334.71,165.11,180.91,1,-1,-1,-1
165,21,429.68,701.95,1237.45,496.02,1,-1,-1,-1
166,16,576.19,248.89,110.09,98.75,1,-1,-1,-1
166,17,682.96,238.70,113.28,113.53,1,-1,-1,-1
166,18,1025.24,251.42,123.66,101.38,1,-1,-1,-1
166,20,1283.64,331.86,173.43,178.09,1,-1,-1,-1
166,21,544.30,706.82,1227.19,491.91,1,-1,-1,-1
167,16,576.81,249.17,109.57,98.33,1,-1,-1,-1
167,17,681.93,238.49,113.65,114.00,1,-1,-1,-1
167,18,1024.48,251.77,124.77,102.14,1,-1,-1,-1
167,20,1171.37,329.88,181.15,173.18,1,-1,-1,-1
168,16,577.17,249.48,109.21,98.03,1,-1,-1,-1
168,17,681.88,238.62,113.71,114.07,1,-1,-1,-1
168,18,1022.53,252.72,126.08,103.14,1,-1,-1,-1
168,20,1043.14,325.62,193.37,171.95,1,-1,-1,-1
169,16,577.69,249.88,109.30,98.10,1,-1,-1,-1
169,17,681.99,238.59,113.77,114.14,1,-1,-1,-1
169,18,1022.25,252.82,126.44,103.43,1,-1,-1,-1
169,20,910.43,321.13,207.88,172.31,1,-1,-1,-1
170,16,578.59,250.28,108.84,97.64,1,-1,-1,-1
170,20,781.65,316.22,223.84,173.40,1,-1,-1,-1
171,16,577.91,250.86,110.07,98.59,1,-1,-1,-1
171,20,655.81,314.59,235.04,171.04,1,-1,-1,-1
172,16,578.03,251.02,110.16,98.67,1,-1,-1,-1
172,20,530.41,311.82,247.77,169.91,1,-1,-1,-1
173,20,406.65,308.87,259.49,168.42,1,-1,-1,-1
173,22,1024.99,251.38,122.92,100.32,1,-1,-1,-1
174,20,277.68,305.06,274.43,169.48,1,-1,-1,-1
174,22,1025.09,251.56,122.79,100.21,1,-1,-1,-1
175,20,158.23,304.42,281.82,166.60,1,-1,-1,-1
175,22,1025.01,251.71,122.65,100.07,1,-1,-1,-1
176,20,50.45,301.82,287.60,164.81,1,-1,-1,-1
176,22,1025.20,251.66,122.70,100.14,1,-1,-1,-1
176,23,577.60,250.31,109.64,97.35,1,-1,-1,-1
177,20,-13.65,301.96,281.79,161.12,1,-1,-1,-1
177,22,1025.46,251.77,122.57,100.05,1,-1,-1,-1
177,23,577.67,249.99,109.44,97.22,1,-1,-1,-1
178,20,-63.37,297.15,275.18,162.06,1,-1,-1,-1
178,22,1025.64,252.03,122.31,99.80,1,-1,-1,-1
178,23,577.68,250.13,109.11,96.94,1,-1,-1,-1
179,20,-97.47,303.27,245.05,152.96,1,-1,-1,-1
179,22,1025.55,252.17,122.31,99.72,1,-1,-1,-1
179,23,577.40,250.10,109.06,96.88,1,-1,-1,-1
180,20,-184.77,301.52,241.85,150.96,1,-1,-1,-1
180,22,1025.65,252.52,121.80,99.24,1,-1,-1,-1
180,23,577.75,250.56,108.54,96.32,1,-1,-1,-1
181,22,1025.77,252.65,121.74,99.21,1,-1,-1,-1
181,23,577.89,250.61,108.53,96.24,1,-1,-1,-1
182,22,1025.81,252.64,121.76,99.25,1,-1,-1,-1
182,23,577.87,250.72,108.55,96.17,1,-1,-1,-1
183,22,1025.81,252.65,121.73,99.23,1,-1,-1,-1
183,23,577.83,250.77,108.62,96.14,1,-1,-1,-1
184,22,1025.87,252.67,121.69,99.23,1,-1,-1,-1
184,23,577.79,250.79,108.71,96.14,1,-1,-1,-1
185,22,1025.93,252.68,121.64,99.21,1,-1,-1,-1
185,23,577.79,250.81,108.80,96.14,1,-1,-1,-1
186,22,1025.92,252.76,121.59,99.17,1,-1,-1,-1
186,23,577.71,250.80,108.91,96.16,1,-1,-1,-1
187,22,1025.92,252.77,121.58,99.17,1,-1,-1,-1
187,23,577.64,250.79,109.02,96.19,1,-1,-1,-1
188,22,1025.92,252.76,121.60,99.19,1,-1,-1,-1
188,23,577.59,250.78,109.11,96.20,1,-1,-1,-1
189,22,1025.94,252.73,121.62,99.23,1,-1,-1,-1
189,23,577.55,250.78,109.19,96.22,1,-1,-1,-1
190,22,1025.62,252.41,121.92,99.50,1,-1,-1,-1
190,23,576.85,250.30,109.89,96.89,1,-1,-1,-1
191,22,1025.53,252.26,122.02,99.61,1,-1,-1,-1
191,23,576.61,250.14,110.11,97.13,1,-1,-1,-1
192,22,1025.50,252.21,122.02,99.64,1,-1,-1,-1
192,23,576.53,250.08,110.16,97.21,1,-1,-1,-1
192,25,682.32,239.36,111.68,112.48,1,-1,-1,-1
193,22,1025.84,252.34,121.88,99.56,1,-1,-1,-1
193,23,576.64,250.34,109.90,96.99,1,-1,-1,-1
193,25,682.33,239.38,111.67,112.46,1,-1,-1,-1
194,22,1025.99,252.41,121.81,99.55,1,-1,-1,-1
194,23,576.69,250.45,109.81,96.90,1,-1,-1,-1
195,22,1026.05,252.44,121.76,99.54,1,-1,-1,-1
195,23,576.69,250.48,109.78,96.87,1,-1,-1,-1
196,22,1026.05,252.45,121.74,99.56,1,-1,-1,-1
196,23,576.68,250.51,109.76,96.86,1,-1,-1,-1
197,22,1026.08,252.47,121.69,99.55,1,-1,-1,-1
197,23,576.66,250.52,109.76,96.86,1,-1,-1,-1
198,22,1026.08,252.47,121.65,99.56,1,-1,-1,-1
198,23,576.65,250.53,109.76,96.86,1,-1,-1,-1
198,26,683.12,239.59,111.73,112.83,1,-1,-1,-1
199,22,1026.10,252.48,121.60,99.55,1,-1,-1,-1
199,23,576.65,250.53,109.76,96.86,1,-1,-1,-1
199,26,683.11,239.59,111.72,112.83,1,-1,-1,-1
200,22,1026.13,252.48,121.55,99.54,1,-1,-1,-1
200,23,576.64,250.54,109.74,96.85,1,-1,-1,-1
200,26,683.13,239.61,111.70,112.80,1,-1,-1,-1
201,22,1026.15,252.48,121.51,99.54,1,-1,-1,-1
201,23,576.64,250.54,109.74,96.84,1,-1,-1,-1
201,26,683.13,239.61,111.68,112.79,1,-1,-1,-1
202,22,1026.19,252.49,121.47,99.53,1,-1,-1,-1
202,23,576.64,250.53,109.74,96.85,1,-1,-1,-1
202,26,683.14,239.61,111.67,112.78,1,-1,-1,-1
203,22,1026.21,252.49,121.43,99.52,1,-1,-1,-1
203,23,576.64,250.53,109.73,96.84,1,-1,-1,-1
203,26,683.14,239.61,111.66,112.77,1,-1,-1,-1
204,22,1026.42,252.59,121.68,99.76,1,-1,-1,-1
204,23,576.83,250.46,109.61,96.80,1,-1,-1,-1
204,26,682.92,239.64,112.12,113.31,1,-1,-1,-1
205,22,1026.37,252.66,121.72,99.82,1,-1,-1,-1
205,23,576.82,250.36,109.44,96.66,1,-1,-1,-1
205,26,682.04,239.15,112.33,113.57,1,-1,-1,-1
206,22,1026.36,252.69,121.70,99.83,1,-1,-1,-1
206,23,576.84,250.32,109.36,96.60,1,-1,-1,-1
206,26,681.72,238.96,112.38,113.67,1,-1,-1,-1
207,22,1026.28,252.68,121.67,99.82,1,-1,-1,-1
207,23,576.84,250.29,109.33,96.59,1,-1,-1,-1
207,26,681.62,238.90,112.37,113.71,1,-1,-1,-1
208,22,1026.30,252.66,121.67,99.83,1,-1,-1,-1
208,23,576.83,250.29,109.29,96.56,1,-1,-1,-1
208,26,681.62,238.91,112.34,113.73,1,-1,-1,-1
209,22,1026.42,252.64,121.63,99.81,1,-1,-1,-1
209,23,576.86,250.29,109.27,96.55,1,-1,-1,-1
209,26,681.66,238.84,112.37,113.80,1,-1,-1,-1
210,22,1026.50,252.60,121.64,99.83,1,-1,-1,-1
210,23,576.87,250.30,109.31,96.57,1,-1,-1,-1
210,26,681.66,238.83,112.38,113.85,1,-1,-1,-1
211,22,1026.50,252.62,121.60,99.80,1,-1,-1,-1
211,23,576.86,250.33,109.35,96.60,1,-1,-1,-1
211,26,681.58,239.01,112.22,113.67,1,-1,-1,-1
212,22,1026.50,252.60,121.62,99.81,1,-1,-1,-1
212,23,576.83,250.32,109.40,96.63,1,-1,-1,-1
212,26,681.41,239.03,112.29,113.74,1,-1,-1,-1
213,22,1026.47,252.67,121.55,99.76,1,-1,-1,-1
213,23,576.82,250.32,109.44,96.66,1,-1,-1,-1
213,26,681.24,239.02,112.38,113.81,1,-1,-1,-1
214,22,1026.49,252.72,121.52,99.73,1,-1,-1,-1
214,23,576.82,250.32,109.46,96.66,1,-1,-1,-1
214,26,681.18,239.02,112.41,113.84,1,-1,-1,-1
215,22,1026.47,252.73,121.52,99.73,1,-1,-1,-1
215,23,576.81,250.32,109.48,96.67,1,-1,-1,-1
215,26,681.15,239.02,112.43,113.86,1,-1,-1,-1
216,22,1026.47,252.75,121.51,99.71,1,-1,-1,-1
216,23,576.84,250.30,109.50,96.68,1,-1,-1,-1
216,26,681.29,239.13,112.37,113.81,1,-1,-1,-1
217,22,1026.48,252.80,121.50,99.67,1,-1,-1,-1
217,23,576.88,250.38,109.57,96.74,1,-1,-1,-1
217,26,681.37,238.99,112.44,113.91,1,-1,-1,-1
218,22,1026.89,252.34,121.72,99.92,1,-1,-1,-1
218,23,576.55,250.03,109.80,97.11,1,-1,-1,-1
218,26,680.63,239.23,112.85,114.22,1,-1,-1,-1
219,22,1027.11,252.20,121.74,99.99,1,-1,-1,-1
219,23,576.50,249.91,109.75,97.22,1,-1,-1,-1
219,26,680.44,239.30,112.99,114.28,1,-1,-1,-1
220,22,1027.20,252.24,121.66,99.96,1,-1,-1,-1
220,23,576.54,249.88,109.64,97.26,1,-1,-1,-1
220,26,680.38,239.34,113.05,114.26,1,-1,-1,-1
221,22,1026.99,252.29,121.58,99.90,1,-1,-1,-1
221,23,576.74,250.08,109.40,97.17,1,-1,-1,-1
221,26,681.28,239.77,112.80,113.91,1,-1,-1,-1
222,22,1026.53,252.17,121.76,100.08,1,-1,-1,-1
222,23,576.69,249.94,109.28,97.19,1,-1,-1,-1
222,26,681.69,239.66,112.75,113.80,1,-1,-1,-1
223,22,1026.06,252.04,122.11,100.48,1,-1,-1,-1
223,23,576.53,249.82,109.24,97.33,1,-1,-1,-1
223,26,681.80,239.54,112.78,113.84,1,-1,-1,-1
224,22,1026.04,252.15,122.59,101.06,1,-1,-1,-1
224,23,576.49,249.63,109.42,97.68,1,-1,-1,-1
224,26,681.53,239.23,113.22,114.33,1,-1,-1,-1
225,22,1025.96,252.12,122.74,101.19,1,-1,-1,-1
225,23,576.43,249.34,109.59,97.99,1,-1,-1,-1
225,26,681.38,238.85,113.71,114.87,1,-1,-1,-1
225,27,1043.99,381.47,389.94,250.22,1,-1,-1,-1
226,23,576.62,249.29,109.80,98.33,1,-1,-1,-1
226,26,681.96,238.55,114.39,115.60,1,-1,-1,-1
226,27,878.57,377.14,389.59,244.18,1,-1,-1,-1
227,23,576.63,249.42,110.24,98.90,1,-1,-1,-1
227,26,682.01,238.47,114.57,115.78,1,-1,-1,-1
227,27,717.39,373.52,393.19,239.99,1,-1,-1,-1
228,23,577.26,250.00,109.80,98.43,1,-1,-1,-1
228,27,552.21,367.81,403.47,240.15,1,-1,-1,-1
229,23,576.24,251.09,110.47,99.00,1,-1,-1,-1
229,27,395.05,361.02,413.77,239.93,1,-1,-1,-1
230,23,575.55,251.67,110.20,98.66,1,-1,-1,-1
230,27,247.70,355.56,415.61,234.14,1,-1,-1,-1
231,23,577.09,250.64,109.47,98.01,1,-1,-1,-1
231,27,109.38,353.15,416.92,228.49,1,-1,-1,-1
231,28,1025.97,251.78,121.55,99.75,1,-1,-1,-1
232,23,578.00,250.16,108.86,97.43,1,-1,-1,-1
232,27,11.06,352.93,409.77,222.59,1,-1,-1,-1
232,28,1026.01,251.88,121.40,99.62,1,-1,-1,-1
233,23,578.41,249.99,108.43,96.99,1,-1,-1,-1
233,27,-53.78,351.09,396.05,217.79,1,-1,-1,-1
233,28,1026.40,252.09,121.16,99.41,1,-1,-1,-1
234,23,578.44,250.01,108.18,96.63,1,-1,-1,-1
234,27,-101.47,349.00,382.87,217.67,1,-1,-1,-1
234,28,1026.53,252.44,120.74,99.01,1,-1,-1,-1
234,29,682.56,238.20,111.92,114.36,1,-1,-1,-1
235,23,578.21,250.13,108.10,96.39,1,-1,-1,-1
235,27,-132.31,353.36,339.73,203.82,1,-1,-1,-1
235,28,1026.64,252.70,120.58,98.80,1,-1,-1,-1
235,29,682.64,238.48,111.60,114.01,1,-1,-1,-1
236,23,577.92,250.23,108.11,96.22,1,-1,-1,-1
236,27,-230.38,351.27,331.93,199.15,1,-1,-1,-1
236,28,1026.59,252.90,120.48,98.61,1,-1,-1,-1
236,29,682.37,238.81,111.30,113.67,1,-1,-1,-1
237,23,577.94,250.22,108.27,96.23,1,-1,-1,-1
237,28,1026.60,252.98,120.55,98.60,1,-1,-1,-1
237,29,682.36,238.86,111.26,113.60,1,-1,-1,-1
238,23,577.62,249.90,108.85,96.71,1,-1,-1,-1
238,28,1026.65,252.97,120.82,98.85,1,-1,-1,-1
238,29,682.44,239.28,110.87,113.17,1,-1,-1,-1
239,23,577.59,249.92,108.88,96.73,1,-1,-1,-1
239,28,1026.70,253.14,120.74,98.80,1,-1,-1,-1
239,29,683.05,239.65,110.39,112.65,1,-1,-1,-1
240,23,577.62,249.76,109.02,96.89,1,-1,-1,-1
240,28,1026.31,253.29,120.73,98.82,1,-1,-1,-1
240,29,683.53,239.52,110.37,112.66,1,-1,-1,-1
241,23,577.37,249.63,109.17,97.05,1,-1,-1,-1
241,28,1026.14,253.32,121.15,99.20,1,-1,-1,-1
241,29,683.36,239.40,109.84,112.05,1,-1,-1,-1
242,23,577.15,249.48,109.24,97.15,1,-1,-1,-1
242,28,1025.92,253.29,121.50,99.59,1,-1,-1,-1
242,29,683.32,239.14,109.78,111.93,1,-1,-1,-1
242,30,1320.25,339.17,211.67,177.59,1,-1,-1,-1
243,23,577.32,249.36,109.28,97.24,1,-1,-1,-1
243,28,1025.96,253.26,121.97,100.09,1,-1,-1,-1
243,29,683.58,238.88,109.91,112.04,1,-1,-1,-1
243,30,1270.56,335.66,220.02,176.92,1,-1,-1,-1
244,23,577.49,249.23,109.33,97.33,1,-1,-1,-1
244,28,1025.92,253.36,122.07,100.17,1,-1,-1,-1
244,29,683.21,238.57,110.40,112.51,1,-1,-1,-1
244,30,1198.07,334.72,227.30,172.74,1,-1,-1,-1
245,23,577.39,249.19,109.51,97.51,1,-1,-1,-1
245,29,682.61,238.40,110.98,113.03,1,-1,-1,-1
245,30,1097.11,334.04,236.00,169.02,1,-1,-1,-1
246,23,577.43,249.32,109.64,97.65,1,-1,-1,-1
246,29,682.60,238.27,111.32,113.29,1,-1,-1,-1
246,30,990.24,330.71,250.66,169.02,1,-1,-1,-1
247,23,577.79,249.51,109.78,97.80,1,-1,-1,-1
247,29,682.60,238.23,111.30,113.27,1,-1,-1,-1
247,30,881.21,326.02,267.29,170.66,1,-1,-1,-1
248,23,578.41,250.05,109.53,97.61,1,-1,-1,-1
248,30,775.21,321.37,283.61,171.72,1,-1,-1,-1
249,23,577.84,250.17,110.13,97.98,1,-1,-1,-1
249,30,671.04,318.79,297.44,171.50,1,-1,-1,-1
250,23,578.36,250.44,110.73,98.39,1,-1,-1,-1
250,30,565.77,316.23,310.36,170.98,1,-1,-1,-1
251,23,578.45,250.51,110.85,98.50,1,-1,-1,-1
251,30,462.28,312.28,320.74,169.59,1,-1,-1,-1
252,30,367.35,310.89,327.49,166.62,1,-1,-1,-1
252,31,1026.49,251.79,120.91,99.53,1,-1,-1,-1
253,30,263.71,308.45,339.09,166.28,1,-1,-1,-1
253,31,1025.97,251.53,121.23,99.82,1,-1,-1,-1
254,30,170.08,307.58,343.69,162.91,1,-1,-1,-1
254,31,1025.79,251.64,121.13,99.75,1,-1,-1,-1
255,30,71.57,303.96,351.20,162.06,1,-1,-1,-1
255,31,1025.76,251.75,121.04,99.71,1,-1,-1,-1
255,32,576.56,249.93,110.93,98.39,1,-1,-1,-1
256,30,6.08,302.73,348.58,159.57,1,-1,-1,-1
256,31,1026.08,251.74,120.98,99.76,1,-1,-1,-1
256,32,576.83,249.54,110.77,98.34,1,-1,-1,-1
257,30,-36.15,301.35,339.05,156.99,1,-1,-1,-1
257,31,1026.33,251.92,120.73,99.63,1,-1,-1,-1
257,32,576.97,249.30,110.57,98.22,1,-1,-1,-1
257,33,682.05,238.65,112.41,114.44,1,-1,-1,-1
258,30,-71.88,298.74,332.48,159.09,1,-1,-1,-1
258,31,1026.80,252.43,120.71,99.64,1,-1,-1,-1
258,32,577.17,249.82,109.33,97.17,1,-1,-1,-1
258,33,682.08,238.74,112.36,114.39,1,-1,-1,-1
259,30,-94.98,299.62,306.94,154.20,1,-1,-1,-1
259,31,1026.88,252.60,120.79,99.70,1,-1,-1,-1
259,32,577.09,250.06,108.94,96.85,1,-1,-1,-1
260,30,-164.02,297.61,304.24,152.84,1,-1,-1,-1
260,31,1026.65,252.73,120.85,99.72,1,-1,-1,-1
260,32,576.73,250.20,108.78,96.73,1,-1,-1,-1
261,31,1026.99,252.81,120.71,99.60,1,-1,-1,-1
261,32,576.71,250.10,108.81,96.79,1,-1,-1,-1
262,31,1027.09,252.81,120.69,99.58,1,-1,-1,-1
262,32,576.66,250.10,108.83,96.83,1,-1,-1,-1
263,31,1027.11,252.84,120.65,99.52,1,-1,-1,-1
263,32,576.69,250.14,108.81,96.83,1,-1,-1,-1
263,35,683.78,240.33,110.37,111.46,1,-1,-1,-1
264,31,1027.10,252.87,120.67,99.53,1,-1,-1,-1
264,32,576.66,250.12,108.84,96.89,1,-1,-1,-1
264,35,683.87,240.39,110.32,111.41,1,-1,-1,-1
265,31,1027.87,252.75,121.04,99.87,1,-1,-1,-1
265,32,576.90,249.92,108.92,96.99,1,-1,-1,-1
265,35,683.80,240.65,110.20,111.31,1,-1,-1,-1
266,31,1028.23,252.71,121.22,100.07,1,-1,-1,-1
266,32,577.00,249.84,108.94,97.04,1,-1,-1,-1
266,35,683.57,240.72,110.26,111.38,1,-1,-1,-1
267,31,1028.39,252.70,121.31,100.19,1,-1,-1,-1
267,32,577.05,249.82,108.93,97.06,1,-1,-1,-1
267,35,683.67,240.81,110.15,111.28,1,-1,-1,-1
268,31,1028.49,252.68,121.29,100.22,1,-1,-1,-1
268,32,577.09,249.81,108.91,97.07,1,-1,-1,-1
268,35,683.72,240.84,110.08,111.23,1,-1,-1,-1
269,31,1028.09,252.36,121.48,100.38,1,-1,-1,-1
269,32,576.91,249.63,109.06,97.19,1,-1,-1,-1
269,35,683.29,240.54,110.25,111.37,1,-1,-1,-1
270,31,1026.70,251.96,121.59,100.43,1,-1,-1,-1
270,32,577.26,249.29,109.75,97.76,1,-1,-1,-1
270,35,681.73,239.48,111.58,112.73,1,-1,-1,-1
271,31,1025.92,251.78,121.83,100.50,1,-1,-1,-1
271,32,576.68,249.02,110.37,98.23,1,-1,-1,-1
271,35,681.44,239.35,111.76,112.92,1,-1,-1,-1
272,31,1025.22,251.39,122.25,100.81,1,-1,-1,-1
272,32,576.21,248.71,110.90,98.69,1,-1,-1,-1
272,36,245.82,576.18,540.62,587.18,1,-1,-1,-1
273,31,1024.64,250.70,123.10,101.62,1,-1,-1,-1
273,32,575.50,248.08,111.72,99.51,1,-1,-1,-1
273,36,406.78,594.31,572.39,586.12,1,-1,-1,-1
274,31,1025.57,250.96,122.69,101.36,1,-1,-1,-1
274,32,576.02,248.16,111.30,99.18,1,-1,-1,-1
274,36,620.77,603.45,602.74,585.20,1,-1,-1,-1
275,31,1026.30,251.45,122.03,100.76,1,-1,-1,-1
275,32,576.62,248.80,110.51,98.42,1,-1,-1,-1
275,36,822.62,612.27,606.68,573.44,1,-1,-1,-1
276,31,1026.96,252.21,121.17,99.98,1,-1,-1,-1
276,32,577.38,249.30,109.66,97.64,1,-1,-1,-1
276,36,1011.15,644.68,579.47,548.04,1,-1,-1,-1
277,31,1027.09,252.57,120.60,99.35,1,-1,-1,-1
277,32,577.71,249.26,109.72,97.74,1,-1,-1,-1
277,36,1170.77,657.91,576.13,544.88,1,-1,-1,-1
278,31,1026.98,252.97,120.31,98.98,1,-1,-1,-1
278,32,577.75,249.41,109.69,97.69,1,-1,-1,-1
278,37,682.69,239.74,110.46,112.07,1,-1,-1,-1
279,31,1026.62,253.18,120.31,98.84,1,-1,-1,-1
279,32,577.74,249.55,109.63,97.59,1,-1,-1,-1
279,37,683.29,239.92,109.99,111.59,1,-1,-1,-1
280,31,1026.37,253.12,120.71,99.08,1,-1,-1,-1
280,32,577.92,249.50,109.32,97.29,1,-1,-1,-1
280,37,682.06,240.22,110.30,111.79,1,-1,-1,-1
281,31,1026.12,253.07,120.98,99.21,1,-1,-1,-1
281,32,578.01,249.42,109.28,97.24,1,-1,-1,-1
281,37,681.58,240.29,110.50,111.86,1,-1,-1,-1
282,31,1025.85,253.08,121.03,99.12,1,-1,-1,-1
282,32,577.86,249.27,109.43,97.41,1,-1,-1,-1
282,37,681.97,240.28,110.84,112.13,1,-1,-1,-1
283,31,1025.67,253.00,121.17,99.13,1,-1,-1,-1
283,32,577.85,249.22,109.45,97.45,1,-1,-1,-1
283,37,682.02,240.31,110.97,112.18,1,-1,-1,-1
284,31,1025.59,252.97,121.30,99.13,1,-1,-1,-1
284,32,577.84,249.20,109.47,97.50,1,-1,-1,-1
284,37,682.03,240.33,111.07,112.19,1,-1,-1,-1
285,31,1025.51,252.96,121.43,99.14,1,-1,-1,-1
285,32,577.80,249.19,109.48,97.53,1,-1,-1,-1
285,37,681.97,240.32,111.16,112.20,1,-1,-1,-1
286,31,1025.30,252.89,121.58,99.18,1,-1,-1,-1
286,32,577.75,249.26,109.37,97.44,1,-1,-1,-1
286,37,681.88,240.17,111.35,112.33,1,-1,-1,-1
287,31,1025.23,252.82,121.73,99.19,1,-1,-1,-1
287,32,577.71,249.28,109.28,97.35,1,-1,-1,-1
287,37,681.58,240.14,111.40,112.25,1,-1,-1,-1
288,31,1025.32,252.85,121.82,99.20,1,-1,-1,-1
288,32,577.67,249.32,109.28,97.38,1,-1,-1,-1
288,37,681.78,240.15,111.48,112.24,1,-1,-1,-1
289,31,1025.68,253.07,121.47,98.84,1,-1,-1,-1
289,32,577.41,249.24,109.44,97.59,1,-1,-1,-1
289,37,682.35,240.13,111.35,112.00,1,-1,-1,-1
290,31,1025.61,253.20,121.52,98.94,1,-1,-1,-1
290,32,577.69,249.87,108.80,96.96,1,-1,-1,-1
290,37,682.38,239.84,111.58,112.21,1,-1,-1,-1
291,31,1025.58,253.26,121.51,98.96,1,-1,-1,-1
291,32,577.79,250.12,108.62,96.75,1,-1,-1,-1
291,37,682.39,239.80,111.52,112.10,1,-1,-1,-1
292,31,1025.56,253.28,121.49,98.96,1,-1,-1,-1
292,32,577.80,250.17,108.60,96.69,1,-1,-1,-1
292,37,682.31,239.81,111.54,112.07,1,-1,-1,-1
293,31,1025.55,253.27,121.47,98.97,1,-1,-1,-1
293,32,577.78,250.17,108.63,96.67,1,-1,-1,-1
293,37,682.30,239.82,111.56,112.05,1,-1,-1,-1
294,31,1025.65,253.25,121.45,98.97,1,-1,-1,-1
294,32,577.73,250.22,108.67,96.66,1,-1,-1,-1
294,37,682.57,239.96,111.48,111.93,1,-1,-1,-1
295,31,1025.72,253.28,121.38,98.93,1,-1,-1,-1
295,32,577.66,250.22,108.71,96.66,1,-1,-1,-1
295,37,682.61,240.01,111.45,111.86,1,-1,-1,-1
296,31,1025.74,253.29,121.38,98.94,1,-1,-1,-1
296,32,577.65,250.24,108.72,96.62,1,-1,-1,-1
296,37,682.63,240.04,111.42,111.78,1,-1,-1,-1
297,31,1025.78,253.30,121.34,98.93,1,-1,-1,-1
297,32,577.64,250.30,108.67,96.54,1,-1,-1,-1
297,37,682.60,240.07,111.44,111.76,1,-1,-1,-1
298,31,1025.81,253.30,121.31,98.93,1,-1,-1,-1
298,32,577.62,250.32,108.69,96.51,1,-1,-1,-1
298,37,682.56,240.08,111.47,111.75,1,-1,-1,-1
299,31,1025.83,253.31,121.29,98.92,1,-1,-1,-1
299,32,577.60,250.33,108.72,96.50,1,-1,-1,-1
299,37,682.55,240.08,111.50,111.74,1,-1,-1,-1
300,31,1025.47,253.02,121.63,99.22,1,-1,-1,-1
300,32,577.46,250.17,108.72,96.55,1,-1,-1,-1
300,37,681.59,239.65,111.92,112.05,1,-1,-1,-1
301,31,1025.50,252.97,121.68,99.29,1,-1,-1,-1
301,32,577.52,250.05,108.87,96.74,1,-1,-1,-1
301,37,681.48,239.64,112.20,112.28,1,-1,-1,-1
302,31,1025.53,252.94,121.66,99.31,1,-1,-1,-1
302,32,577.54,250.00,108.89,96.82,1,-1,-1,-1
302,37,681.42,239.65,112.36,112.39,1,-1,-1,-1
303,31,1025.55,252.93,121.63,99.31,1,-1,-1,-1
303,32,577.58,249.99,108.86,96.84,1,-1,-1,-1
303,37,681.39,239.65,112.43,112.42,1,-1,-1,-1
304,31,1025.61,252.92,121.59,99.30,1,-1,-1,-1
304,32,577.61,249.98,108.82,96.86,1,-1,-1,-1
304,37,681.38,239.65,112.48,112.44,1,-1,-1,-1
305,31,1025.64,252.93,121.56,99.32,1,-1,-1,-1
305,32,577.61,249.93,108.82,96.90,1,-1,-1,-1
305,37,681.26,239.65,112.62,112.55,1,-1,-1,-1
306,31,1025.70,252.96,121.52,99.31,1,-1,-1,-1
306,32,577.54,249.89,108.86,96.97,1,-1,-1,-1
306,37,681.22,239.64,112.66,112.55,1,-1,-1,-1
307,31,1025.71,252.97,121.49,99.31,1,-1,-1,-1
307,32,577.52,249.88,108.85,97.00,1,-1,-1,-1
307,37,681.18,239.64,112.69,112.55,1,-1,-1,-1
308,31,1025.72,252.98,121.47,99.32,1,-1,-1,-1
308,32,577.53,249.86,108.87,97.04,1,-1,-1,-1
308,37,681.26,239.63,112.69,112.53,1,-1,-1,-1
309,31,1025.76,252.99,121.44,99.31,1,-1,-1,-1
309,32,577.53,249.87,108.85,97.05,1,-1,-1,-1
309,37,681.29,239.63,112.68,112.51,1,-1,-1,-1
310,31,1025.79,253.03,121.39,99.29,1,-1,-1,-1
310,32,577.53,249.86,108.85,97.07,1,-1,-1,-1
310,37,681.32,239.62,112.70,112.51,1,-1,-1,-1
311,31,1025.77,253.05,121.37,99.29,1,-1,-1,-1
311,32,577.54,249.84,108.83,97.09,1,-1,-1,-1
311,37,681.32,239.62,112.71,112.52,1,-1,-1,-1
312,31,1025.76,253.05,121.34,99.28,1,-1,-1,-1
312,32,577.52,249.82,108.83,97.11,1,-1,-1,-1
312,37,681.28,239.61,112.74,112.53,1,-1,-1,-1
313,31,1025.59,252.94,121.40,99.30,1,-1,-1,-1
313,32,577.41,249.85,108.75,97.07,1,-1,-1,-1
313,37,681.17,239.55,112.72,112.51,1,-1,-1,-1
314,31,1025.52,252.85,121.47,99.34,1,-1,-1,-1
314,32,577.40,249.85,108.70,97.06,1,-1,-1,-1
314,37,681.19,239.53,112.71,112.51,1,-1,-1,-1
315,31,1025.40,252.80,121.57,99.39,1,-1,-1,-1
315,32,577.64,249.98,108.55,96.96,1,-1,-1,-1
315,37,682.19,239.68,112.42,112.20,1,-1,-1,-1
316,31,1024.78,252.65,121.77,99.59,1,-1,-1,-1
316,32,577.46,249.88,108.50,96.98,1,-1,-1,-1
316,37,682.53,239.63,112.21,112.00,1,-1,-1,-1
317,31,1025.01,252.88,121.68,99.67,1,-1,-1,-1
317,32,577.43,249.93,108.13,96.74,1,-1,-1,-1
317,37,681.40,239.33,113.03,112.90,1,-1,-1,-1
318,31,1025.01,252.88,122.20,100.31,1,-1,-1,-1
318,32,577.35,249.77,108.20,96.94,1,-1,-1,-1
318,37,680.80,238.74,113.73,113.76,1,-1,-1,-1
318,38,1218.09,384.06,275.83,238.78,1,-1,-1,-1
319,31,1024.81,253.03,122.79,100.94,1,-1,-1,-1
319,32,577.51,249.60,108.22,97.07,1,-1,-1,-1
319,37,680.98,238.30,114.30,114.44,1,-1,-1,-1
319,38,1127.37,378.70,283.60,235.02,1,-1,-1,-1
320,31,1024.71,253.04,122.99,101.10,1,-1,-1,-1
320,32,577.73,249.49,108.48,97.41,1,-1,-1,-1
320,37,680.91,238.16,114.50,114.65,1,-1,-1,-1
320,38,984.43,377.39,290.91,228.65,1,-1,-1,-1
321,32,578.08,249.32,108.94,97.97,1,-1,-1,-1
321,38,834.95,375.33,304.16,226.33,1,-1,-1,-1
322,32,578.07,249.45,109.18,98.29,1,-1,-1,-1
322,38,684.03,370.58,319.78,225.94,1,-1,-1,-1
323,32,577.38,250.12,109.91,99.00,1,-1,-1,-1
323,38,534.34,358.60,343.47,231.61,1,-1,-1,-1
323,39,921.79,306.34,473.48,195.31,1,-1,-1,-1
324,32,576.92,251.08,110.10,99.14,1,-1,-1,-1
324,38,387.00,355.94,352.67,226.21,1,-1,-1,-1
324,39,800.48,297.65,478.71,197.44,1,-1,-1,-1
325,32,575.79,251.39,110.86,99.71,1,-1,-1,-1
325,38,252.44,351.36,363.59,222.14,1,-1,-1,-1
325,39,684.79,292.03,479.51,197.66,1,-1,-1,-1
326,32,577.81,251.48,110.90,99.66,1,-1,-1,-1
326,38,124.17,348.00,375.95,219.07,1,-1,-1,-1
326,39,575.16,290.91,478.18,197.08,1,-1,-1,-1
327,32,577.85,251.63,111.12,99.85,1,-1,-1,-1
327,38,34.87,347.12,377.73,215.46,1,-1,-1,-1
327,39,459.66,287.19,476.74,196.30,1,-1,-1,-1
328,38,-20.97,342.95,357.42,203.51,1,-1,-1,-1
328,39,343.32,283.61,477.48,196.46,1,-1,-1,-1
329,38,-71.99,341.91,364.45,212.95,1,-1,-1,-1
329,39,233.25,279.02,481.33,197.72,1,-1,-1,-1
329,40,192.61,490.82,434.21,330.84,1,-1,-1,-1
330,38,-108.08,337.63,340.99,208.46,1,-1,-1,-1
330,39,132.95,277.62,474.22,194.44,1,-1,-1,-1
330,40,364.65,495.00,457.11,339.05,1,-1,-1,-1
331,38,-198.32,334.02,337.55,206.35,1,-1,-1,-1
331,39,29.21,276.68,466.03,191.03,1,-1,-1,-1
331,40,554.35,499.57,480.11,345.70,1,-1,-1,-1
332,39,-47.03,272.29,460.88,191.75,1,-1,-1,-1
332,40,763.04,507.56,497.79,346.41,1,-1,-1,-1
333,39,-104.99,257.56,467.18,201.11,1,-1,-1,-1
333,40,945.45,511.10,523.40,355.08,1,-1,-1,-1
333,41,1027.02,251.70,122.03,101.13,1,-1,-1,-1
333,42,579.15,251.24,107.52,96.54,1,-1,-1,-1
334,39,-132.66,262.89,430.33,193.79,1,-1,-1,-1
334,40,1080.44,519.50,519.46,351.14,1,-1,-1,-1
334,41,1027.01,252.26,121.24,100.50,1,-1,-1,-1
334,42,579.21,251.35,106.92,95.97,1,-1,-1,-1
335,39,-220.83,259.23,429.81,193.55,1,-1,-1,-1
335,40,1195.33,531.42,497.82,343.41,1,-1,-1,-1
335,41,1026.47,252.33,120.70,100.02,1,-1,-1,-1
335,42,578.86,251.42,106.74,95.71,1,-1,-1,-1
336,40,1339.54,537.20,500.68,345.38,1,-1,-1,-1
336,41,1026.38,252.66,120.09,99.43,1,-1,-1,-1
336,42,578.58,251.42,106.65,95.54,1,-1,-1,-1
337,41,1027.19,253.61,118.90,98.34,1,-1,-1,-1
337,42,578.78,250.93,106.64,95.30,1,-1,-1,-1
338,41,1027.39,253.93,118.60,97.99,1,-1,-1,-1
338,42,578.79,250.75,106.79,95.21,1,-1,-1,-1
339,41,1027.45,253.97,118.57,97.86,1,-1,-1,-1
339,42,578.71,250.69,107.02,95.19,1,-1,-1,-1
339,43,682.40,240.71,112.43,110.44,1,-1,-1,-1
340,41,1027.40,253.95,118.67,97.85,1,-1,-1,-1
340,42,578.60,250.67,107.28,95.19,1,-1,-1,-1
340,43,682.41,240.71,112.43,110.45,1,-1,-1,-1
341,41,1027.28,253.93,118.85,97.90,1,-1,-1,-1
341,42,578.36,250.54,107.61,95.29,1,-1,-1,-1
341,43,682.28,240.65,112.45,110.47,1,-1,-1,-1
342,41,1026.86,254.04,118.84,97.76,1,-1,-1,-1
342,42,578.31,250.65,107.67,95.17,1,-1,-1,-1
342,43,682.70,240.84,112.16,110.18,1,-1,-1,-1
343,41,1026.39,254.15,119.12,97.92,1,-1,-1,-1
343,42,578.14,250.58,107.92,95.26,1,-1,-1,-1
343,43,683.06,240.83,112.10,110.15,1,-1,-1,-1
344,41,1026.18,254.32,119.28,98.01,1,-1,-1,-1
344,42,578.00,250.46,108.12,95.33,1,-1,-1,-1
344,43,683.31,240.67,112.08,110.18,1,-1,-1,-1
344,44,1400.17,348.82,126.66,164.32,1,-1,-1,-1
345,41,1026.02,254.43,119.56,98.24,1,-1,-1,-1
345,42,577.94,250.35,108.30,95.39,1,-1,-1,-1
345,43,683.46,240.67,112.04,110.13,1,-1,-1,-1
345,44,1344.64,342.77,140.60,170.15,1,-1,-1,-1
346,41,1026.48,254.22,120.30,98.81,1,-1,-1,-1
346,42,578.00,250.13,108.49,95.48,1,-1,-1,-1
346,44,1271.53,339.33,153.39,169.02,1,-1,-1,-1
347,41,1026.49,254.37,120.23,98.75,1,-1,-1,-1
347,42,577.27,250.07,109.02,95.99,1,-1,-1,-1
347,44,1168.48,334.51,168.59,169.25,1,-1,-1,-1
348,42,576.98,250.19,109.40,96.36,1,-1,-1,-1
348,44,1051.36,331.03,184.92,169.93,1,-1,-1,-1
349,42,576.95,250.69,109.76,96.70,1,-1,-1,-1
349,44,931.04,328.22,201.37,170.13,1,-1,-1,-1
350,42,577.37,250.87,109.80,96.71,1,-1,-1,-1
350,44,818.46,324.79,216.65,169.22,1,-1,-1,-1
351,42,577.32,251.50,110.01,96.82,1,-1,-1,-1
351,44,703.75,324.69,230.92,168.38,1,-1,-1,-1
352,42,577.47,252.40,111.28,97.80,1,-1,-1,-1
352,44,587.62,322.40,245.57,168.20,1,-1,-1,-1
353,42,580.06,253.29,109.78,95.94,1,-1,-1,-1
353,44,473.51,318.35,257.42,166.48,1,-1,-1,-1
353,46,1024.72,252.17,122.15,99.52,1,-1,-1,-1
354,42,580.37,253.54,109.73,95.90,1,-1,-1,-1
354,44,363.79,316.41,268.42,164.53,1,-1,-1,-1
354,46,1024.57,252.16,122.14,99.51,1,-1,-1,-1
355,44,251.98,314.14,281.30,164.09,1,-1,-1,-1
355,46,1024.42,252.20,122.22,99.57,1,-1,-1,-1
356,44,145.41,312.87,286.92,160.10,1,-1,-1,-1
356,46,1024.38,252.20,122.30,99.65,1,-1,-1,-1
357,44,50.90,311.30,291.53,157.45,1,-1,-1,-1
357,46,1025.00,252.06,122.37,99.72,1,-1,-1,-1
357,47,577.58,251.42,109.57,96.12,1,-1,-1,-1
358,44,-7.46,309.93,288.16,154.94,1,-1,-1,-1
358,46,1025.52,252.07,122.30,99.68,1,-1,-1,-1
358,47,577.81,251.25,109.53,96.08,1,-1,-1,-1
359,44,-52.82,304.93,286.53,157.85,1,-1,-1,-1
359,46,1025.69,252.30,122.10,99.49,1,-1,-1,-1
359,47,577.79,251.34,109.37,95.91,1,-1,-1,-1
360,44,-84.53,303.84,263.70,152.41,1,-1,-1,-1
360,46,1025.82,252.48,122.02,99.38,1,-1,-1,-1
360,47,577.61,251.48,109.28,95.79,1,-1,-1,-1
360,48,682.20,239.94,112.17,112.56,1,-1,-1,-1
361,44,-162.14,301.12,262.04,151.45,1,-1,-1,-1
361,46,1025.77,252.95,121.72,99.12,1,-1,-1,-1
361,47,577.12,251.15,109.82,96.25,1,-1,-1,-1
361,48,681.55,240.08,111.60,111.99,1,-1,-1,-1
362,46,1025.90,253.10,121.60,99.01,1,-1,-1,-1
362,47,577.10,250.86,110.09,96.47,1,-1,-1,-1
362,48,681.25,239.98,111.44,111.82,1,-1,-1,-1
363,46,1025.96,253.18,121.52,98.94,1,-1,-1,-1
363,47,577.07,250.76,110.21,96.57,1,-1,-1,-1
363,48,681.13,239.95,111.44,111.81,1,-1,-1,-1
364,46,1025.96,253.20,121.50,98.93,1,-1,-1,-1
364,47,577.06,250.73,110.26,96.59,1,-1,-1,-1
364,48,681.12,239.93,111.46,111.83,1,-1,-1,-1
365,46,1025.93,253.20,121.53,98.96,1,-1,-1,-1
365,47,577.04,250.72,110.28,96.60,1,-1,-1,-1
365,48,681.08,239.93,111.50,111.87,1,-1,-1,-1
366,46,1025.92,253.20,121.54,98.96,1,-1,-1,-1
366,47,577.10,250.72,110.15,96.47,1,-1,-1,-1
366,48,681.16,239.91,111.52,111.89,1,-1,-1,-1
367,46,1025.94,253.21,121.55,98.97,1,-1,-1,-1
367,47,577.11,250.72,110.11,96.43,1,-1,-1,-1
367,48,681.20,239.90,111.54,111.91,1,-1,-1,-1
368,46,1025.96,253.22,121.55,98.96,1,-1,-1,-1
368,47,577.11,250.72,110.10,96.41,1,-1,-1,-1
368,48,681.23,239.89,111.54,111.92,1,-1,-1,-1
369,46,1026.00,253.26,121.51,98.92,1,-1,-1,-1
369,47,577.06,250.72,110.14,96.45,1,-1,-1,-1
369,48,681.17,239.88,111.52,111.90,1,-1,-1,-1
370,46,1026.02,253.27,121.49,98.89,1,-1,-1,-1
370,47,577.06,250.74,110.16,96.46,1,-1,-1,-1
370,48,681.31,239.91,111.43,111.80,1,-1,-1,-1
371,46,1026.10,253.29,121.45,98.86,1,-1,-1,-1
371,47,577.04,250.74,110.18,96.49,1,-1,-1,-1
371,48,681.37,239.91,111.38,111.75,1,-1,-1,-1
372,46,1026.11,253.26,121.48,98.89,1,-1,-1,-1
372,47,577.02,250.74,110.19,96.51,1,-1,-1,-1
372,48,681.38,239.93,111.36,111.74,1,-1,-1,-1
373,46,1026.12,253.19,121.41,98.85,1,-1,-1,-1
373,47,577.10,250.82,110.12,96.46,1,-1,-1,-1
373,48,681.53,239.97,111.26,111.63,1,-1,-1,-1
374,46,1025.58,253.38,121.20,98.61,1,-1,-1,-1
374,47,577.18,251.08,109.86,96.23,1,-1,-1,-1
374,48,682.36,240.27,110.97,111.28,1,-1,-1,-1
375,46,1025.21,253.37,121.25,98.63,1,-1,-1,-1
375,47,577.28,251.09,109.81,96.23,1,-1,-1,-1
375,48,682.88,240.21,110.87,111.18,1,-1,-1,-1
376,46,1024.86,253.32,121.50,98.88,1,-1,-1,-1
376,47,577.15,250.86,110.03,96.51,1,-1,-1,-1
376,48,682.83,240.01,111.10,111.47,1,-1,-1,-1
377,46,1024.61,252.66,122.08,99.56,1,-1,-1,-1
377,47,576.79,250.37,110.05,96.70,1,-1,-1,-1
377,48,682.94,240.02,111.04,111.42,1,-1,-1,-1
378,46,1024.99,252.28,122.81,100.37,1,-1,-1,-1
378,47,576.90,250.14,110.00,96.84,1,-1,-1,-1
378,50,1264.57,306.58,261.07,206.88,1,-1,-1,-1
379,46,1024.91,252.20,122.98,100.51,1,-1,-1,-1
379,47,576.99,250.01,110.00,97.04,1,-1,-1,-1
379,50,1172.45,302.53,265.23,205.23,1,-1,-1,-1
380,47,577.24,249.94,109.99,97.18,1,-1,-1,-1
380,50,1058.93,297.34,271.09,204.18,1,-1,-1,-1
381,47,577.58,249.73,110.56,97.81,1,-1,-1,-1
381,50,941.47,288.51,285.10,208.92,1,-1,-1,-1
382,47,577.69,249.95,111.04,98.35,1,-1,-1,-1
382,50,827.66,283.83,293.34,208.75,1,-1,-1,-1
383,47,576.31,251.40,112.05,99.40,1,-1,-1,-1
383,50,713.88,279.89,303.72,210.49,1,-1,-1,-1
383,51,185.59,476.89,414.15,350.22,1,-1,-1,-1
384,47,575.47,251.58,113.81,100.97,1,-1,-1,-1
384,50,603.75,276.96,311.15,210.18,1,-1,-1,-1
384,51,375.72,481.37,429.59,351.13,1,-1,-1,-1
385,47,575.24,251.69,114.27,101.38,1,-1,-1,-1
385,50,490.61,274.43,317.03,209.23,1,-1,-1,-1
385,51,586.24,489.02,448.72,353.17,1,-1,-1,-1
386,50,380.71,271.27,320.31,206.40,1,-1,-1,-1
386,51,816.41,496.54,472.09,356.55,1,-1,-1,-1
387,50,272.71,268.44,327.66,206.35,1,-1,-1,-1
387,51,990.65,500.99,491.14,361.03,1,-1,-1,-1
388,50,168.14,267.29,332.33,204.40,1,-1,-1,-1
388,51,1134.64,511.55,484.12,356.63,1,-1,-1,-1
389,50,65.20,262.70,338.02,204.57,1,-1,-1,-1
389,51,1261.79,522.44,458.57,348.57,1,-1,-1,-1
390,50,-9.74,261.47,334.47,202.61,1,-1,-1,-1
390,51,1414.37,528.64,458.97,348.87,1,-1,-1,-1
390,52,578.51,250.81,108.07,96.37,1,-1,-1,-1
390,53,1026.94,252.11,118.53,99.48,1,-1,-1,-1
391,50,-59.29,255.61,332.97,206.60,1,-1,-1,-1
391,52,578.37,250.56,107.85,96.15,1,-1,-1,-1
391,53,1027.48,252.27,118.32,99.27,1,-1,-1,-1
392,50,-98.28,252.95,324.78,210.93,1,-1,-1,-1
392,52,578.29,250.69,107.81,96.05,1,-1,-1,-1
392,53,1027.47,252.43,118.28,99.16,1,-1,-1,-1
393,50,-182.38,249.30,325.93,211.68,1,-1,-1,-1
393,52,578.08,250.81,107.77,95.91,1,-1,-1,-1
393,53,1027.21,252.66,118.28,99.02,1,-1,-1,-1
393,54,684.66,240.29,108.83,111.91,1,-1,-1,-1
394,52,578.05,250.78,107.85,95.90,1,-1,-1,-1
394,53,1027.13,252.75,118.40,99.02,1,-1,-1,-1
394,54,684.59,240.33,108.61,111.63,1,-1,-1,-1
395,52,577.96,250.62,108.02,95.97,1,-1,-1,-1
395,53,1027.06,252.79,118.55,99.03,1,-1,-1,-1
395,54,684.45,240.31,108.67,111.62,1,-1,-1,-1
396,52,577.89,250.58,108.14,96.00,1,-1,-1,-1
396,53,1026.98,252.80,118.70,99.03,1,-1,-1,-1
396,54,684.35,240.28,108.77,111.65,1,-1,-1,-1
397,52,577.67,250.83,108.48,96.13,1,-1,-1,-1
397,53,1027.75,252.74,118.72,98.97,1,-1,-1,-1
397,54,683.83,239.82,109.39,112.16,1,-1,-1,-1
398,52,577.55,250.92,108.73,96.18,1,-1,-1,-1
398,53,1027.97,252.72,118.78,98.95,1,-1,-1,-1
398,54,683.61,239.65,109.70,112.36,1,-1,-1,-1
399,52,577.48,250.97,108.91,96.17,1,-1,-1,-1
399,53,1028.12,252.71,118.80,98.90,1,-1,-1,-1
399,54,683.54,239.61,109.86,112.40,1,-1,-1,-1
400,52,577.39,251.00,109.08,96.16,1,-1,-1,-1
400,53,1028.17,252.69,118.89,98.92,1,-1,-1,-1
400,54,683.50,239.61,109.96,112.37,1,-1,-1,-1
401,52,577.31,250.98,109.26,96.17,1,-1,-1,-1
401,53,1028.18,252.70,118.93,98.90,1,-1,-1,-1
401,54,683.05,239.56,110.18,112.47,1,-1,-1,-1
402,52,577.23,250.98,109.43,96.19,1,-1,-1,-1
402,53,1028.23,252.71,118.99,98.90,1,-1,-1,-1
402,54,682.98,239.56,110.28,112.47,1,-1,-1,-1
403,52,577.18,251.00,109.58,96.20,1,-1,-1,-1
403,53,1028.19,252.65,119.09,98.94,1,-1,-1,-1
403,54,682.86,239.49,110.43,112.51,1,-1,-1,-1
404,52,577.14,251.00,109.72,96.20,1,-1,-1,-1
404,53,1028.16,252.61,119.15,98.95,1,-1,-1,-1
404,54,682.78,239.44,110.56,112.55,1,-1,-1,-1
405,52,577.09,251.01,109.82,96.17,1,-1,-1,-1
405,53,1028.10,252.60,119.20,98.93,1,-1,-1,-1
405,54,682.65,239.43,110.65,112.53,1,-1,-1,-1
406,52,577.04,251.02,109.94,96.16,1,-1,-1,-1
406,53,1028.02,252.60,119.25,98.93,1,-1,-1,-1
406,54,682.62,239.46,110.73,112.50,1,-1,-1,-1
407,52,576.60,250.50,110.75,96.86,1,-1,-1,-1
407,53,1027.78,252.24,119.93,99.49,1,-1,-1,-1
407,54,682.31,238.95,111.53,113.32,1,-1,-1,-1
408,52,576.43,250.24,111.10,97.15,1,-1,-1,-1
408,53,1027.55,252.10,120.22,99.70,1,-1,-1,-1
408,54,681.88,238.70,111.97,113.78,1,-1,-1,-1
409,52,576.26,250.40,111.15,97.17,1,-1,-1,-1
409,53,1027.09,252.39,120.12,99.60,1,-1,-1,-1
409,54,682.35,238.99,112.01,113.89,1,-1,-1,-1
410,52,576.20,250.47,111.18,97.16,1,-1,-1,-1
410,53,1026.91,252.52,120.06,99.53,1,-1,-1,-1
410,54,682.58,239.12,111.97,113.89,1,-1,-1,-1
411,52,576.21,250.52,111.18,97.12,1,-1,-1,-1
411,53,1026.86,252.60,120.00,99.46,1,-1,-1,-1
411,54,682.74,239.19,111.88,113.85,1,-1,-1,-1
412,52,576.20,250.52,111.22,97.12,1,-1,-1,-1
412,53,1026.85,252.63,120.01,99.44,1,-1,-1,-1
412,54,682.51,239.11,111.95,113.94,1,-1,-1,-1
413,52,576.19,250.52,111.24,97.10,1,-1,-1,-1
413,53,1026.83,252.66,120.01,99.41,1,-1,-1,-1
413,54,682.34,239.02,112.02,114.02,1,-1,-1,-1
414,52,576.21,250.50,111.26,97.07,1,-1,-1,-1
414,53,1026.80,252.67,120.06,99.39,1,-1,-1,-1
414,54,682.22,239.00,112.05,114.03,1,-1,-1,-1
415,52,576.18,250.50,111.28,97.05,1,-1,-1,-1
415,53,1026.78,252.68,120.13,99.40,1,-1,-1,-1
415,54,682.23,239.02,112.04,114.01,1,-1,-1,-1
416,52,576.24,250.51,111.26,97.03,1,-1,-1,-1
416,53,1026.84,252.70,120.15,99.41,1,-1,-1,-1
416,54,682.39,239.05,111.97,113.97,1,-1,-1,-1
417,52,576.24,250.54,111.26,97.00,1,-1,-1,-1
417,53,1026.83,252.74,120.15,99.37,1,-1,-1,-1
417,54,682.42,239.09,111.95,113.93,1,-1,-1,-1
418,52,576.14,250.52,111.34,97.03,1,-1,-1,-1
418,53,1026.73,252.72,120.23,99.40,1,-1,-1,-1
418,54,682.22,239.05,112.05,114.01,1,-1,-1,-1
419,52,576.04,250.48,111.45,97.09,1,-1,-1,-1
419,53,1026.64,252.68,120.34,99.44,1,-1,-1,-1
419,54,682.04,238.98,112.15,114.08,1,-1,-1,-1
420,52,575.96,250.46,111.54,97.11,1,-1,-1,-1
420,53,1026.57,252.68,120.42,99.45,1,-1,-1,-1
420,54,681.90,238.97,112.21,114.10,1,-1,-1,-1
421,52,575.99,250.35,111.65,97.20,1,-1,-1,-1
421,53,1026.64,252.73,120.49,99.46,1,-1,-1,-1
421,54,681.69,238.98,112.32,114.19,1,-1,-1,-1
422,52,575.89,250.25,111.79,97.31,1,-1,-1,-1
422,53,1026.50,252.64,120.69,99.55,1,-1,-1,-1
422,54,681.40,238.92,112.49,114.32,1,-1,-1,-1
423,52,575.99,250.29,111.76,97.29,1,-1,-1,-1
423,53,1026.49,252.65,120.76,99.58,1,-1,-1,-1
423,54,681.53,238.97,112.49,114.32,1,-1,-1,-1
424,52,576.04,250.26,111.72,97.29,1,-1,-1,-1
424,53,1026.56,252.63,120.80,99.60,1,-1,-1,-1
424,54,681.57,238.96,112.54,114.40,1,-1,-1,-1
425,52,576.13,250.30,111.60,97.21,1,-1,-1,-1
425,53,1026.62,252.63,120.79,99.56,1,-1,-1,-1
425,54,681.62,239.01,112.49,114.35,1,-1,-1,-1
426,52,576.14,250.31,111.54,97.17,1,-1,-1,-1
426,53,1026.61,252.65,120.82,99.55,1,-1,-1,-1
426,54,681.55,239.06,112.49,114.32,1,-1,-1,-1
427,52,576.05,250.21,111.62,97.27,1,-1,-1,-1
427,53,1026.53,252.51,120.97,99.67,1,-1,-1,-1
427,54,681.39,238.96,112.61,114.45,1,-1,-1,-1
428,52,576.06,250.18,111.62,97.31,1,-1,-1,-1
428,53,1026.53,252.49,121.01,99.71,1,-1,-1,-1
428,54,681.41,238.92,112.63,114.50,1,-1,-1,-1
429,52,576.03,250.16,111.58,97.32,1,-1,-1,-1
429,53,1026.52,252.48,121.01,99.73,1,-1,-1,-1
429,54,681.45,238.91,112.58,114.49,1,-1,-1,-1
430,52,576.07,250.15,111.56,97.35,1,-1,-1,-1
430,53,1026.56,252.50,120.96,99.71,1,-1,-1,-1
430,54,681.58,238.93,112.52,114.46,1,-1,-1,-1
431,52,576.14,250.17,111.47,97.30,1,-1,-1,-1
431,53,1026.55,252.54,120.88,99.64,1,-1,-1,-1
431,54,681.68,239.01,112.38,114.33,1,-1,-1,-1
432,52,576.21,250.39,111.22,97.05,1,-1,-1,-1
432,53,1026.27,252.72,120.70,99.40,1,-1,-1,-1
432,54,682.03,239.26,112.06,113.93,1,-1,-1,-1
433,52,576.13,250.36,111.12,97.01,1,-1,-1,-1
433,53,1026.13,252.63,120.73,99.38,1,-1,-1,-1
433,54,682.71,239.39,111.73,113.59,1,-1,-1,-1
434,52,575.97,250.27,111.08,97.04,1,-1,-1,-1
434,53,1025.83,252.55,120.85,99.46,1,-1,-1,-1
434,54,682.97,239.34,111.59,113.47,1,-1,-1,-1
435,52,575.93,250.19,110.85,96.96,1,-1,-1,-1
435,53,1025.82,252.91,120.72,99.40,1,-1,-1,-1
435,54,683.08,239.36,111.52,113.40,1,-1,-1,-1
436,52,575.98,250.17,110.81,97.07,1,-1,-1,-1
436,53,1025.96,252.99,121.10,99.80,1,-1,-1,-1
436,55,1213.34,377.35,294.49,230.28,1,-1,-1,-1
437,52,576.20,250.09,110.77,97.15,1,-1,-1,-1
437,53,1025.91,253.03,121.14,99.83,1,-1,-1,-1
437,55,1129.72,379.26,294.11,221.50,1,-1,-1,-1
438,52,576.36,250.10,110.96,97.42,1,-1,-1,-1
438,55,998.37,376.09,301.43,217.15,1,-1,-1,-1
439,52,576.76,250.23,111.16,97.71,1,-1,-1,-1
439,55,863.74,371.60,313.02,215.44,1,-1,-1,-1
440,52,577.07,250.33,111.42,98.05,1,-1,-1,-1
440,55,733.01,366.11,329.20,216.89,1,-1,-1,-1
441,52,576.62,250.65,111.56,98.17,1,-1,-1,-1
441,55,606.47,362.16,342.07,215.71,1,-1,-1,-1
442,52,575.67,251.58,111.83,98.39,1,-1,-1,-1
442,55,486.59,356.19,359.97,218.59,1,-1,-1,-1
443,52,575.27,252.42,111.88,98.42,1,-1,-1,-1
443,55,368.03,352.99,370.22,216.34,1,-1,-1,-1
443,57,1025.84,252.06,120.81,99.72,1,-1,-1,-1
444,52,574.45,252.67,112.14,98.60,1,-1,-1,-1
444,55,256.81,352.15,377.52,211.82,1,-1,-1,-1
444,57,1025.69,251.94,120.84,99.74,1,-1,-1,-1
445,52,576.13,252.13,110.96,97.50,1,-1,-1,-1
445,55,149.95,349.57,385.71,208.58,1,-1,-1,-1
445,57,1025.98,251.91,120.81,99.70,1,-1,-1,-1
446,52,577.37,251.52,110.40,96.96,1,-1,-1,-1
446,55,60.16,349.10,391.60,205.48,1,-1,-1,-1
446,57,1026.13,251.94,120.85,99.74,1,-1,-1,-1
447,52,577.90,251.15,110.08,96.61,1,-1,-1,-1
447,55,-1.47,348.85,390.53,203.62,1,-1,-1,-1
447,57,1026.35,251.97,120.78,99.70,1,-1,-1,-1
448,52,578.08,251.02,109.86,96.27,1,-1,-1,-1
448,55,-44.83,345.70,382.15,201.50,1,-1,-1,-1
448,57,1026.62,252.11,120.62,99.57,1,-1,-1,-1
448,58,682.05,238.87,112.35,113.73,1,-1,-1,-1
449,52,578.09,250.98,109.72,96.01,1,-1,-1,-1
449,55,-77.11,344.12,374.30,202.97,1,-1,-1,-1
449,57,1026.75,252.33,120.38,99.36,1,-1,-1,-1
449,58,682.35,239.04,112.13,113.50,1,-1,-1,-1
450,52,577.95,251.10,109.67,95.82,1,-1,-1,-1
450,55,-105.80,340.51,361.37,204.93,1,-1,-1,-1
450,57,1026.76,252.55,120.20,99.18,1,-1,-1,-1
450,58,682.69,239.22,111.84,113.20,1,-1,-1,-1
451,52,577.74,251.17,109.75,95.74,1,-1,-1,-1
451,55,-119.00,347.21,318.01,191.23,1,-1,-1,-1
451,57,1026.69,252.79,120.04,99.00,1,-1,-1,-1
451,58,682.56,239.31,111.72,113.07,1,-1,-1,-1
452,52,577.50,251.24,109.84,95.70,1,-1,-1,-1
452,55,-188.53,345.68,313.80,188.70,1,-1,-1,-1
452,57,1026.66,252.93,119.93,98.87,1,-1,-1,-1
452,58,682.41,239.46,111.71,113.05,1,-1,-1,-1
453,52,577.54,251.12,110.03,95.74,1,-1,-1,-1
453,57,1026.76,252.93,119.93,98.84,1,-1,-1,-1
453,58,682.05,239.41,111.77,113.11,1,-1,-1,-1
454,52,577.48,251.07,110.22,95.79,1,-1,-1,-1
454,57,1026.77,252.93,119.91,98.79,1,-1,-1,-1
454,58,681.87,239.41,111.82,113.14,1,-1,-1,-1
455,52,577.32,250.99,110.33,95.79,1,-1,-1,-1
455,57,1026.42,252.66,120.50,99.15,1,-1,-1,-1
455,58,682.32,240.21,111.03,112.30,1,-1,-1,-1
456,52,577.24,250.96,110.36,95.73,1,-1,-1,-1
456,57,1026.18,252.55,120.82,99.29,1,-1,-1,-1
456,58,682.27,240.42,111.03,112.26,1,-1,-1,-1
457,52,577.08,251.07,110.54,95.76,1,-1,-1,-1
457,57,1026.17,252.37,120.93,99.34,1,-1,-1,-1
457,58,682.50,240.72,110.82,111.99,1,-1,-1,-1
458,52,576.99,251.10,110.69,95.76,1,-1,-1,-1
458,57,1026.12,252.29,121.02,99.36,1,-1,-1,-1
458,58,682.55,240.83,110.78,111.90,1,-1,-1,-1
459,52,576.92,251.10,110.81,95.76,1,-1,-1,-1
459,57,1026.12,252.27,121.06,99.35,1,-1,-1,-1
459,58,682.52,240.86,110.81,111.87,1,-1,-1,-1
460,52,576.83,251.23,110.80,95.66,1,-1,-1,-1
460,57,1025.69,252.40,120.96,99.19,1,-1,-1,-1
460,58,682.98,241.04,110.63,111.63,1,-1,-1,-1
461,52,576.71,251.14,110.93,95.75,1,-1,-1,-1
461,57,1025.35,252.38,121.11,99.28,1,-1,-1,-1
461,58,683.13,240.96,110.62,111.58,1,-1,-1,-1
462,52,576.70,250.96,111.09,95.88,1,-1,-1,-1
462,57,1025.24,252.43,121.26,99.40,1,-1,-1,-1
462,58,683.37,240.81,110.69,111.65,1,-1,-1,-1
463,52,576.52,250.79,111.17,95.99,1,-1,-1,-1
463,57,1025.15,252.42,121.45,99.60,1,-1,-1,-1
463,58,683.52,240.66,110.67,111.66,1,-1,-1,-1
464,52,576.70,250.59,111.27,96.10,1,-1,-1,-1
464,57,1025.43,252.47,121.79,99.91,1,-1,-1,-1
464,58,683.44,240.34,110.91,111.90,1,-1,-1,-1
464,60,1258.93,332.34,251.38,180.24,1,-1,-1,-1
465,52,576.62,250.44,111.37,96.23,1,-1,-1,-1
465,57,1025.65,252.23,123.34,101.11,1,-1,-1,-1
465,58,682.46,239.18,111.93,113.03,1,-1,-1,-1
465,60,1159.63,331.65,253.21,175.92,1,-1,-1,-1
466,52,576.56,250.50,111.54,96.41,1,-1,-1,-1
466,57,1025.46,252.42,125.58,102.93,1,-1,-1,-1
466,58,682.00,238.83,112.59,113.77,1,-1,-1,-1
466,60,1039.66,328.15,258.83,173.41,1,-1,-1,-1
467,52,576.83,250.73,111.67,96.58,1,-1,-1,-1
467,57,1025.44,252.43,126.02,103.29,1,-1,-1,-1
467,58,682.16,238.71,113.17,114.41,1,-1,-1,-1
467,60,914.86,323.67,270.41,174.61,1,-1,-1,-1
468,52,577.26,250.91,111.58,96.49,1,-1,-1,-1
468,58,682.11,238.58,113.36,114.61,1,-1,-1,-1
468,60,796.48,320.48,278.78,173.12,1,-1,-1,-1
469,52,577.27,251.48,111.98,96.64,1,-1,-1,-1
469,60,674.52,317.68,288.45,172.49,1,-1,-1,-1
470,52,577.76,251.88,112.18,96.55,1,-1,-1,-1
470,60,555.03,315.91,296.38,171.01,1,-1,-1,-1
471,52,577.89,251.99,112.22,96.58,1,-1,-1,-1
471,60,436.19,309.57,308.75,172.31,1,-1,-1,-1
471,61,1027.08,251.03,122.17,100.96,1,-1,-1,-1
472,60,321.67,306.22,315.70,170.17,1,-1,-1,-1
472,61,1027.46,250.80,122.36,101.12,1,-1,-1,-1
473,60,206.63,302.93,325.94,170.23,1,-1,-1,-1
473,62,111.44,413.28,319.37,402.51,1,-1,-1,-1
474,60,101.56,301.07,326.45,165.88,1,-1,-1,-1
474,62,187.68,409.51,342.97,412.76,1,-1,-1,-1
475,60,15.56,300.63,326.37,163.91,1,-1,-1,-1
475,62,268.22,412.59,372.33,416.94,1,-1,-1,-1
475,63,575.58,251.08,114.67,98.16,1,-1,-1,-1
476,60,-39.66,298.55,323.11,164.41,1,-1,-1,-1
476,62,390.69,416.19,404.52,417.34,1,-1,-1,-1
476,63,575.72,250.83,114.81,98.33,1,-1,-1,-1
477,60,-81.81,295.36,314.50,165.94,1,-1,-1,-1
477,62,539.44,420.79,436.96,417.78,1,-1,-1,-1
477,63,576.19,250.54,114.46,98.11,1,-1,-1,-1
478,60,-109.26,296.28,280.14,156.80,1,-1,-1,-1
478,62,699.56,426.45,474.72,420.94,1,-1,-1,-1
478,63,576.75,250.49,114.17,97.91,1,-1,-1,-1
479,60,-191.14,294.01,276.93,155.00,1,-1,-1,-1
479,62,844.72,419.88,524.50,438.87,1,-1,-1,-1
479,63,577.28,250.84,113.12,97.09,1,-1,-1,-1
480,62,950.22,417.48,550.68,447.76,1,-1,-1,-1
480,63,577.19,250.86,112.41,96.52,1,-1,-1,-1
481,62,1045.82,422.68,552.76,447.42,1,-1,-1,-1
481,63,576.80,251.13,111.69,95.92,1,-1,-1,-1
482,62,1142.37,434.39,533.37,440.16,1,-1,-1,-1
482,63,576.78,251.39,111.09,95.40,1,-1,-1,-1
482,66,1026.51,253.26,119.49,99.01,1,-1,-1,-1
483,62,1242.56,454.87,492.74,423.97,1,-1,-1,-1
483,63,576.74,251.48,111.06,95.38,1,-1,-1,-1
483,66,1026.59,253.40,119.40,98.84,1,-1,-1,-1
484,62,1349.22,458.11,495.55,426.38,1,-1,-1,-1
484,63,576.73,251.43,110.94,95.28,1,-1,-1,-1
484,66,1026.74,253.66,118.98,98.38,1,-1,-1,-1
485,63,576.85,251.73,110.83,95.07,1,-1,-1,-1
485,66,1027.24,253.66,118.84,98.17,1,-1,-1,-1
486,63,576.88,251.87,110.85,94.96,1,-1,-1,-1
486,66,1027.40,253.67,118.88,98.10,1,-1,-1,-1
486,67,683.45,240.67,110.16,110.62,1,-1,-1,-1
487,63,576.82,251.92,110.96,94.94,1,-1,-1,-1
487,66,1027.39,253.67,119.03,98.11,1,-1,-1,-1
487,67,683.61,240.70,110.02,110.49,1,-1,-1,-1
488,63,576.77,251.91,111.10,94.96,1,-1,-1,-1
488,66,1027.35,253.64,119.19,98.14,1,-1,-1,-1
488,67,683.66,240.66,110.02,110.49,1,-1,-1,-1
489,63,576.78,251.90,111.20,94.95,1,-1,-1,-1
489,66,1027.38,253.62,119.29,98.13,1,-1,-1,-1
489,67,683.68,240.52,110.11,110.59,1,-1,-1,-1
490,63,576.84,251.93,111.24,94.88,1,-1,-1,-1
490,66,1027.24,253.59,119.48,98.21,1,-1,-1,-1
490,67,683.73,240.48,110.08,110.58,1,-1,-1,-1
491,63,576.94,251.97,111.31,94.83,1,-1,-1,-1
491,66,1027.23,253.57,119.58,98.19,1,-1,-1,-1
491,67,683.80,240.36,110.13,110.66,1,-1,-1,-1
492,63,576.86,251.93,111.47,94.90,1,-1,-1,-1
492,66,1027.12,253.48,119.75,98.26,1,-1,-1,-1
492,67,683.47,240.32,110.33,110.86,1,-1,-1,-1
493,63,576.48,251.74,111.74,95.14,1,-1,-1,-1
493,66,1026.89,253.08,120.20,98.59,1,-1,-1,-1
493,67,683.73,240.16,110.61,111.22,1,-1,-1,-1
494,63,576.27,251.56,112.00,95.37,1,-1,-1,-1
494,66,1026.58,252.97,120.39,98.69,1,-1,-1,-1
494,67,684.12,239.99,110.79,111.51,1,-1,-1,-1
495,63,575.91,251.20,112.29,95.69,1,-1,-1,-1
495,66,1026.60,253.05,120.72,98.88,1,-1,-1,-1
495,67,683.56,240.00,110.85,111.55,1,-1,-1,-1
496,63,575.92,250.89,112.60,96.07,1,-1,-1,-1
496,66,1026.46,252.73,121.34,99.33,1,-1,-1,-1
496,67,683.46,239.96,111.04,111.73,1,-1,-1,-1
497,63,576.03,250.80,112.81,96.37,1,-1,-1,-1
497,66,1026.34,252.45,121.82,99.73,1,-1,-1,-1
497,67,683.45,239.89,111.13,111.82,1,-1,-1,-1
498,63,575.88,250.79,113.24,96.84,1,-1,-1,-1
498,66,1026.27,252.18,122.30,100.10,1,-1,-1,-1
498,68,88.88,466.66,257.14,318.72,1,-1,-1,-1
499,63,575.46,250.74,113.35,97.13,1,-1,-1,-1
499,66,1026.36,252.04,122.59,100.41,1,-1,-1,-1
499,68,157.66,462.77,282.23,333.22,1,-1,-1,-1
500,63,574.97,250.80,113.58,97.48,1,-1,-1,-1
500,66,1026.04,251.89,122.78,100.59,1,-1,-1,-1
500,68,239.94,462.80,309.07,339.05,1,-1,-1,-1
501,63,575.11,250.74,113.83,97.95,1,-1,-1,-1
501,66,1026.00,251.28,123.15,101.02,1,-1,-1,-1
501,68,372.11,466.70,337.36,342.14,1,-1,-1,-1
502,63,575.76,250.68,113.55,97.98,1,-1,-1,-1
502,66,1026.09,251.04,123.12,101.14,1,-1,-1,-1
502,68,523.40,471.87,368.28,346.90,1,-1,-1,-1
503,63,576.46,250.64,113.18,97.84,1,-1,-1,-1
503,66,1026.35,251.03,123.10,101.23,1,-1,-1,-1
503,68,692.58,479.23,397.61,347.86,1,-1,-1,-1
504,63,576.85,250.71,112.68,97.51,1,-1,-1,-1
504,66,1026.76,251.20,123.08,101.32,1,-1,-1,-1
504,68,861.56,486.11,427.69,348.65,1,-1,-1,-1
505,63,576.19,250.57,112.27,97.12,1,-1,-1,-1
505,66,1026.53,251.85,122.40,100.92,1,-1,-1,-1
505,68,991.04,486.32,458.58,356.53,1,-1,-1,-1
506,63,575.95,250.56,111.96,96.81,1,-1,-1,-1
506,66,1026.52,252.29,121.73,100.48,1,-1,-1,-1
506,68,1109.49,496.32,456.12,349.36,1,-1,-1,-1
507,63,575.82,250.72,111.58,96.40,1,-1,-1,-1
507,66,1026.34,252.61,121.00,99.91,1,-1,-1,-1
507,68,1217.07,510.31,431.90,335.21,1,-1,-1,-1
507,69,683.58,239.47,110.09,111.83,1,-1,-1,-1
508,63,575.93,250.79,111.33,96.07,1,-1,-1,-1
508,66,1026.42,252.74,120.53,99.50,1,-1,-1,-1
508,68,1332.08,513.60,435.42,337.94,1,-1,-1,-1
508,69,683.72,239.82,109.73,111.42,1,-1,-1,-1
509,63,576.18,250.82,111.17,95.79,1,-1,-1,-1
509,66,1026.84,252.96,120.12,99.09,1,-1,-1,-1
509,69,683.46,239.90,109.76,111.37,1,-1,-1,-1
510,63,576.30,250.81,111.25,95.74,1,-1,-1,-1
510,66,1027.07,252.96,120.06,99.05,1,-1,-1,-1
510,69,683.24,239.87,109.94,111.47,1,-1,-1,-1
511,63,576.32,250.81,111.36,95.73,1,-1,-1,-1
511,66,1027.23,252.99,119.97,98.96,1,-1,-1,-1
511,69,683.02,239.77,110.18,111.63,1,-1,-1,-1
512,63,576.30,250.82,111.43,95.70,1,-1,-1,-1
512,66,1027.33,253.05,119.88,98.87,1,-1,-1,-1
512,69,682.93,239.75,110.25,111.60,1,-1,-1,-1
513,63,576.26,250.81,111.53,95.69,1,-1,-1,-1
513,66,1027.34,253.06,119.86,98.85,1,-1,-1,-1
513,69,682.85,239.73,110.36,111.61,1,-1,-1,-1
514,63,576.23,250.82,111.63,95.69,1,-1,-1,-1
514,66,1027.34,253.06,119.88,98.84,1,-1,-1,-1
514,69,682.77,239.71,110.49,111.64,1,-1,-1,-1
515,63,576.01,251.05,111.80,95.83,1,-1,-1,-1
515,66,1027.49,253.46,119.47,98.40,1,-1,-1,-1
515,69,682.92,239.85,111.11,112.40,1,-1,-1,-1
516,63,575.96,251.15,111.87,95.91,1,-1,-1,-1
516,66,1027.47,253.61,119.43,98.27,1,-1,-1,-1
516,69,683.13,239.99,111.22,112.63,1,-1,-1,-1
517,63,576.16,251.25,111.80,95.87,1,-1,-1,-1
517,66,1027.34,253.59,119.78,98.49,1,-1,-1,-1
517,69,683.37,239.49,111.42,113.08,1,-1,-1,-1
518,63,576.26,251.29,111.75,95.85,1,-1,-1,-1
518,66,1027.29,253.53,120.01,98.61,1,-1,-1,-1
518,69,683.57,239.30,111.30,113.18,1,-1,-1,-1
519,63,576.32,251.27,111.75,95.87,1,-1,-1,-1
519,66,1027.23,253.50,120.14,98.66,1,-1,-1,-1
519,69,683.64,239.23,111.15,113.23,1,-1,-1,-1
520,63,576.37,251.26,111.72,95.87,1,-1,-1,-1
520,66,1027.16,253.51,120.22,98.66,1,-1,-1,-1
520,69,683.72,239.19,111.04,113.32,1,-1,-1,-1
521,63,576.38,251.28,111.74,95.89,1,-1,-1,-1
521,66,1027.06,253.52,120.30,98.66,1,-1,-1,-1
521,69,683.86,239.29,110.81,113.26,1,-1,-1,-1
522,63,576.33,251.23,111.74,95.89,1,-1,-1,-1
522,66,1026.82,253.57,120.34,98.59,1,-1,-1,-1
522,69,683.73,239.24,110.74,113.35,1,-1,-1,-1
523,63,576.22,251.28,111.59,95.64,1,-1,-1,-1
523,66,1026.50,253.85,120.24,98.29,1,-1,-1,-1
523,69,683.44,239.36,110.32,112.91,1,-1,-1,-1
524,63,576.21,251.44,111.68,95.56,1,-1,-1,-1
524,66,1026.34,253.93,120.27,98.11,1,-1,-1,-1
524,69,683.00,239.72,109.91,112.41,1,-1,-1,-1
525,63,575.73,251.30,112.15,95.77,1,-1,-1,-1
525,66,1025.83,253.58,120.88,98.45,1,-1,-1,-1
525,69,682.91,239.76,109.87,112.37,1,-1,-1,-1
526,63,575.26,251.05,112.54,96.02,1,-1,-1,-1
526,66,1025.57,253.17,121.39,98.85,1,-1,-1,-1
527,63,574.59,250.86,112.97,96.26,1,-1,-1,-1
527,66,1025.31,252.90,121.78,99.04,1,-1,-1,-1
528,63,574.92,250.66,112.91,96.24,1,-1,-1,-1
528,66,1025.79,252.58,121.88,99.22,1,-1,-1,-1
529,63,575.02,251.00,112.69,95.92,1,-1,-1,-1
529,66,1026.53,252.28,122.11,99.46,1,-1,-1,-1
530,63,575.07,251.10,112.85,95.97,1,-1,-1,-1
530,66,1026.92,251.92,122.49,99.86,1,-1,-1,-1
531,63,575.33,251.21,112.77,95.84,1,-1,-1,-1
531,66,1026.91,251.80,122.43,99.88,1,-1,-1,-1
531,70,682.07,239.47,112.13,112.66,1,-1,-1,-1
532,63,575.31,251.14,113.00,96.00,1,-1,-1,-1
532,66,1026.33,251.65,122.40,99.87,1,-1,-1,-1
532,70,681.91,239.17,112.46,113.04,1,-1,-1,-1
533,63,575.11,250.87,113.37,96.35,1,-1,-1,-1
533,66,1026.44,251.55,122.39,99.99,1,-1,-1,-1
533,70,681.56,238.74,113.08,113.77,1,-1,-1,-1
534,63,575.11,250.81,113.45,96.44,1,-1,-1,-1
534,66,1026.48,251.49,122.38,100.10,1,-1,-1,-1
534,70,681.53,238.69,113.11,113.92,1,-1,-1,-1
535,63,575.45,250.78,113.43,96.49,1,-1,-1,-1
535,66,1026.51,251.75,121.91,99.75,1,-1,-1,-1
535,70,681.44,238.51,113.41,114.21,1,-1,-1,-1
536,63,575.59,250.71,113.45,96.58,1,-1,-1,-1
536,66,1026.51,251.91,121.70,99.59,1,-1,-1,-1
537,63,575.63,250.68,113.37,96.59,1,-1,-1,-1
537,66,1026.38,251.94,121.67,99.59,1,-1,-1,-1
538,63,575.64,250.60,113.34,96.65,1,-1,-1,-1
538,66,1026.34,251.95,121.63,99.57,1,-1,-1,-1
539,63,575.62,250.58,113.25,96.67,1,-1,-1,-1
539,66,1026.30,251.93,121.59,99.56,1,-1,-1,-1
540,63,575.62,250.61,113.16,96.66,1,-1,-1,-1
540,66,1026.27,251.98,121.54,99.55,1,-1,-1,-1
541,63,575.59,250.76,112.83,96.45,1,-1,-1,-1
541,66,1026.30,251.93,121.62,99.66,1,-1,-1,-1
542,63,575.61,250.81,112.64,96.37,1,-1,-1,-1
542,66,1026.28,251.94,121.66,99.74,1,-1,-1,-1
542,71,684.06,239.01,110.04,113.17,1,-1,-1,-1
543,63,575.63,250.83,112.53,96.35,1,-1,-1,-1
543,66,1026.33,251.99,121.67,99.79,1,-1,-1,-1
543,71,684.08,239.02,110.02,113.11,1,-1,-1,-1
544,63,575.64,250.81,112.42,96.31,1,-1,-1,-1
544,66,1026.36,252.03,121.57,99.75,1,-1,-1,-1
544,71,684.04,239.02,109.96,113.00,1,-1,-1,-1
545,63,575.77,250.73,112.12,96.20,1,-1,-1,-1
545,66,1026.65,252.09,121.32,99.55,1,-1,-1,-1
545,71,683.39,239.72,109.95,112.93,1,-1,-1,-1
546,63,575.89,250.70,111.87,96.11,1,-1,-1,-1
546,66,1026.71,252.13,121.20,99.45,1,-1,-1,-1
546,71,683.13,239.97,109.94,112.85,1,-1,-1,-1
547,63,575.95,250.67,111.68,96.08,1,-1,-1,-1
547,66,1026.73,252.15,121.14,99.40,1,-1,-1,-1
547,71,683.02,240.09,109.94,112.78,1,-1,-1,-1
548,63,575.98,250.65,111.55,96.09,1,-1,-1,-1
548,66,1026.72,252.10,121.25,99.50,1,-1,-1,-1
548,71,682.96,240.12,110.00,112.77,1,-1,-1,-1
549,63,576.01,250.67,111.43,96.11,1,-1,-1,-1
549,66,1026.78,252.06,121.27,99.54,1,-1,-1,-1
549,71,682.92,240.13,110.08,112.79,1,-1,-1,-1
550,63,576.09,250.68,111.29,96.10,1,-1,-1,-1
550,66,1026.81,251.94,121.36,99.63,1,-1,-1,-1
550,71,682.92,240.17,110.10,112.76,1,-1,-1,-1
551,63,576.13,250.67,111.21,96.15,1,-1,-1,-1
551,66,1026.76,251.90,121.36,99.65,1,-1,-1,-1
551,71,683.00,240.05,110.24,112.88,1,-1,-1,-1
552,63,576.19,250.65,111.12,96.18,1,-1,-1,-1
552,66,1026.71,251.90,121.35,99.65,1,-1,-1,-1
552,71,683.06,240.06,110.26,112.86,1,-1,-1,-1
553,63,576.14,250.34,111.25,96.42,1,-1,-1,-1
553,66,1026.40,251.83,121.55,99.79,1,-1,-1,-1
553,71,683.25,239.70,110.57,113.24,1,-1,-1,-1
554,63,576.18,250.24,111.21,96.50,1,-1,-1,-1
554,66,1026.25,251.84,121.64,99.83,1,-1,-1,-1
554,71,683.35,239.57,110.66,113.37,1,-1,-1,-1
555,63,576.23,250.19,111.14,96.54,1,-1,-1,-1
555,66,1026.18,251.84,121.70,99.85,1,-1,-1,-1
555,71,683.38,239.52,110.68,113.42,1,-1,-1,-1
556,63,576.34,250.18,111.03,96.54,1,-1,-1,-1
556,66,1026.11,251.81,121.79,99.90,1,-1,-1,-1
556,71,683.33,239.53,110.69,113.46,1,-1,-1,-1
557,63,576.34,250.17,110.97,96.57,1,-1,-1,-1
557,66,1026.13,251.77,121.87,99.95,1,-1,-1,-1
557,71,683.30,239.52,110.71,113.50,1,-1,-1,-1
558,63,576.32,250.17,110.97,96.66,1,-1,-1,-1
558,66,1026.18,251.81,121.87,99.95,1,-1,-1,-1
558,71,683.32,239.55,110.70,113.52,1,-1,-1,-1
559,63,576.36,250.18,110.89,96.65,1,-1,-1,-1
559,66,1026.25,251.81,121.87,99.94,1,-1,-1,-1
559,71,683.27,239.55,110.71,113.55,1,-1,-1,-1
560,63,576.40,250.25,110.72,96.58,1,-1,-1,-1
560,66,1026.34,251.85,121.83,99.90,1,-1,-1,-1
560,71,683.46,239.61,110.59,113.48,1,-1,-1,-1
561,63,576.44,250.25,110.66,96.59,1,-1,-1,-1
561,66,1026.36,251.94,121.84,99.89,1,-1,-1,-1
561,71,683.46,239.66,110.57,113.49,1,-1,-1,-1
562,63,576.46,250.21,110.61,96.61,1,-1,-1,-1
562,66,1026.35,252.00,121.80,99.85,1,-1,-1,-1
562,71,683.45,239.65,110.56,113.51,1,-1,-1,-1
563,63,576.47,250.21,110.54,96.62,1,-1,-1,-1
563,66,1026.31,252.05,121.77,99.81,1,-1,-1,-1
563,71,683.38,239.66,110.58,113.55,1,-1,-1,-1
564,63,576.50,250.19,110.51,96.66,1,-1,-1,-1
564,66,1026.30,252.07,121.76,99.80,1,-1,-1,-1
564,71,683.41,239.62,110.60,113.61,1,-1,-1,-1
565,63,576.52,250.34,110.34,96.57,1,-1,-1,-1
565,66,1026.15,251.94,121.90,99.90,1,-1,-1,-1
565,71,683.43,239.58,110.44,113.46,1,-1,-1,-1
566,63,576.56,250.41,110.23,96.53,1,-1,-1,-1
566,66,1026.11,251.90,121.96,99.95,1,-1,-1,-1
566,71,683.44,239.57,110.36,113.40,1,-1,-1,-1
567,63,576.58,250.40,110.18,96.54,1,-1,-1,-1
567,66,1026.07,251.86,121.99,99.97,1,-1,-1,-1
567,71,683.45,239.56,110.32,113.37,1,-1,-1,-1
568,63,576.63,250.40,110.15,96.56,1,-1,-1,-1
568,66,1026.07,251.86,122.01,99.97,1,-1,-1,-1
568,71,683.39,239.52,110.33,113.40,1,-1,-1,-1
569,63,576.63,250.38,110.12,96.57,1,-1,-1,-1
569,66,1026.07,251.87,122.01,99.97,1,-1,-1,-1
569,71,683.38,239.52,110.30,113.38,1,-1,-1,-1
570,63,576.65,250.41,110.03,96.54,1,-1,-1,-1
570,66,1026.06,251.89,122.01,99.96,1,-1,-1,-1
570,71,683.43,239.55,110.21,113.31,1,-1,-1,-1
571,63,576.66,250.48,109.96,96.51,1,-1,-1,-1
571,66,1026.07,251.85,122.05,99.99,1,-1,-1,-1
571,71,683.56,239.60,110.17,113.31,1,-1,-1,-1
572,63,576.65,250.50,109.91,96.49,1,-1,-1,-1
572,66,1026.09,251.86,122.02,99.96,1,-1,-1,-1
572,71,683.58,239.60,110.16,113.33,1,-1,-1,-1
573,63,576.56,250.44,109.99,96.60,1,-1,-1,-1
573,66,1026.11,251.85,122.05,99.98,1,-1,-1,-1
573,71,683.58,239.62,110.16,113.36,1,-1,-1,-1
574,63,576.51,250.38,110.05,96.69,1,-1,-1,-1
574,66,1026.11,251.84,122.09,100.00,1,-1,-1,-1
574,71,683.54,239.60,110.20,113.42,1,-1,-1,-1
575,63,576.55,250.25,110.02,96.69,1,-1,-1,-1
575,66,1026.04,251.82,122.12,100.03,1,-1,-1,-1
575,71,683.42,239.54,110.27,113.51,1,-1,-1,-1
576,63,576.54,250.16,110.06,96.76,1,-1,-1,-1
576,66,1026.06,251.84,122.11,100.02,1,-1,-1,-1
576,71,683.38,239.51,110.27,113.54,1,-1,-1,-1
577,63,576.64,250.15,110.08,96.82,1,-1,-1,-1
577,66,1026.18,251.75,122.20,100.12,1,-1,-1,-1
577,71,683.58,239.49,110.25,113.56,1,-1,-1,-1
578,63,576.69,250.14,110.05,96.83,1,-1,-1,-1
578,66,1026.24,251.72,122.21,100.15,1,-1,-1,-1
578,71,683.69,239.48,110.20,113.54,1,-1,-1,-1
579,63,576.75,250.02,110.06,96.89,1,-1,-1,-1
579,66,1026.25,251.72,122.20,100.16,1,-1,-1,-1
579,71,683.62,239.41,110.24,113.62,1,-1,-1,-1
580,63,576.74,250.00,110.03,96.92,1,-1,-1,-1
580,66,1026.25,251.72,122.18,100.18,1,-1,-1,-1
580,71,683.58,239.34,110.30,113.72,1,-1,-1,-1
581,63,576.74,250.02,110.00,96.93,1,-1,-1,-1
581,66,1026.22,251.75,122.16,100.17,1,-1,-1,-1
581,71,683.52,239.34,110.30,113.75,1,-1,-1,-1
582,63,576.77,250.04,109.98,96.94,1,-1,-1,-1
582,66,1026.21,251.73,122.18,100.20,1,-1,-1,-1
582,71,683.49,239.33,110.30,113.78,1,-1,-1,-1
583,63,576.73,250.08,109.92,96.88,1,-1,-1,-1
583,66,1025.86,251.79,122.15,100.14,1,-1,-1,-1
583,71,683.60,239.45,110.24,113.68,1,-1,-1,-1
584,63,576.74,250.23,109.70,96.71,1,-1,-1,-1
584,66,1025.51,251.80,122.20,100.13,1,-1,-1,-1
584,71,683.68,239.44,110.14,113.57,1,-1,-1,-1
585,63,576.76,250.19,109.61,96.69,1,-1,-1,-1
585,66,1025.19,251.86,122.22,100.16,1,-1,-1,-1
585,71,683.94,239.38,110.01,113.47,1,-1,-1,-1
586,63,576.40,250.11,109.72,96.86,1,-1,-1,-1
586,66,1025.20,252.70,121.28,99.42,1,-1,-1,-1
586,71,684.03,239.21,109.86,113.27,1,-1,-1,-1
587,63,576.30,249.95,109.73,96.92,1,-1,-1,-1
587,66,1025.36,252.84,121.09,99.32,1,-1,-1,-1
587,71,684.20,238.97,109.97,113.36,1,-1,-1,-1
587,72,1345.91,335.07,185.21,180.75,1,-1,-1,-1
588,63,576.31,249.85,109.67,96.95,1,-1,-1,-1
588,66,1025.49,252.88,121.29,99.55,1,-1,-1,-1
588,71,684.53,238.88,109.98,113.36,1,-1,-1,-1
588,72,1300.24,329.11,196.83,184.03,1,-1,-1,-1
589,63,576.74,249.97,109.50,96.77,1,-1,-1,-1
589,66,1025.52,253.02,122.17,100.37,1,-1,-1,-1
589,71,683.77,238.72,110.36,113.67,1,-1,-1,-1
589,72,1249.77,327.06,209.49,183.23,1,-1,-1,-1
590,63,576.96,249.99,109.49,96.71,1,-1,-1,-1
590,66,1025.48,253.12,122.23,100.42,1,-1,-1,-1
590,71,683.09,238.51,110.87,114.08,1,-1,-1,-1
590,72,1173.42,327.70,219.61,179.10,1,-1,-1,-1
591,63,577.02,250.09,109.58,96.73,1,-1,-1,-1
591,71,682.80,238.49,111.32,114.42,1,-1,-1,-1
591,72,1078.01,325.55,232.95,177.21,1,-1,-1,-1
592,63,577.20,250.22,109.75,96.83,1,-1,-1,-1
592,71,682.44,238.32,111.85,114.82,1,-1,-1,-1
592,72,980.23,322.03,250.33,177.99,1,-1,-1,-1
593,63,577.61,250.36,109.96,96.97,1,-1,-1,-1
593,71,682.33,238.23,111.97,114.94,1,-1,-1,-1
593,72,885.57,318.39,265.84,177.62,1,-1,-1,-1
594,63,578.26,250.92,109.71,96.67,1,-1,-1,-1
594,72,791.56,316.81,281.09,177.05,1,-1,-1,-1
595,63,578.29,251.25,110.25,96.93,1,-1,-1,-1
595,72,696.80,314.12,295.25,176.22,1,-1,-1,-1
596,63,578.51,252.25,111.18,97.55,1,-1,-1,-1
596,72,605.25,312.91,306.30,173.52,1,-1,-1,-1
597,63,578.69,252.46,111.27,97.63,1,-1,-1,-1
597,72,512.33,309.23,320.53,173.83,1,-1,-1,-1
598,72,419.71,304.75,331.36,172.74,1,-1,-1,-1
598,74,1026.15,251.68,121.69,99.89,1,-1,-1,-1
599,72,331.33,302.61,339.80,170.81,1,-1,-1,-1
599,74,1026.34,251.87,121.71,99.92,1,-1,-1,-1
600,72,240.96,299.69,354.18,172.13,1,-1,-1,-1
600,74,1026.38,252.01,121.40,99.67,1,-1,-1,-1
601,72,158.92,298.28,358.91,169.34,1,-1,-1,-1
601,74,1026.12,252.24,121.12,99.44,1,-1,-1,-1
602,72,72.52,298.45,361.73,166.55,1,-1,-1,-1
602,74,1025.93,252.27,121.10,99.44,1,-1,-1,-1
602,75,576.15,251.59,112.07,95.68,1,-1,-1,-1
603,72,10.02,296.33,360.79,164.81,1,-1,-1,-1
603,74,1026.20,252.38,120.95,99.35,1,-1,-1,-1
603,75,576.64,251.25,111.50,95.24,1,-1,-1,-1
603,76,682.06,239.44,111.77,112.17,1,-1,-1,-1
604,72,-31.51,293.71,354.72,163.73,1,-1,-1,-1
604,74,1026.52,252.59,120.76,99.24,1,-1,-1,-1
604,75,576.72,251.03,111.25,95.07,1,-1,-1,-1
604,76,682.11,239.62,111.59,112.01,1,-1,-1,-1
605,72,-65.26,289.22,352.50,167.54,1,-1,-1,-1
605,74,1026.66,252.78,120.57,99.11,1,-1,-1,-1
605,75,576.79,250.97,111.05,94.95,1,-1,-1,-1
605,76,682.06,239.71,111.55,112.00,1,-1,-1,-1
606,72,-86.08,290.99,327.34,162.26,1,-1,-1,-1
606,74,1026.76,252.68,120.64,99.21,1,-1,-1,-1
606,75,576.82,250.73,111.29,95.29,1,-1,-1,-1
606,76,682.24,239.71,112.02,112.55,1,-1,-1,-1
607,72,-101.53,293.26,292.69,153.89,1,-1,-1,-1
607,74,1026.61,252.67,120.70,99.22,1,-1,-1,-1
607,75,576.65,250.68,111.31,95.40,1,-1,-1,-1
607,76,681.96,239.76,112.17,112.71,1,-1,-1,-1
608,72,-160.01,291.74,288.99,151.95,1,-1,-1,-1
608,74,1026.42,252.72,120.77,99.25,1,-1,-1,-1
608,75,576.46,250.73,111.26,95.47,1,-1,-1,-1
608,76,681.82,239.83,112.19,112.77,1,-1,-1,-1
609,74,1026.50,252.76,120.71,99.16,1,-1,-1,-1
609,75,576.60,250.67,111.25,95.55,1,-1,-1,-1
609,76,681.85,240.01,111.92,112.51,1,-1,-1,-1
610,74,1026.42,252.72,120.83,99.23,1,-1,-1,-1
610,75,576.62,250.68,111.20,95.59,1,-1,-1,-1
610,76,682.06,240.13,111.79,112.41,1,-1,-1,-1
611,74,1026.50,252.74,120.86,99.23,1,-1,-1,-1
611,75,576.57,250.68,111.20,95.67,1,-1,-1,-1
611,76,682.15,240.19,111.71,112.35,1,-1,-1,-1
612,74,1026.42,252.76,120.93,99.25,1,-1,-1,-1
612,75,576.62,250.75,111.15,95.69,1,-1,-1,-1
612,76,682.26,240.14,111.76,112.46,1,-1,-1,-1
613,74,1026.61,252.56,121.05,99.43,1,-1,-1,-1
613,75,576.78,250.97,111.13,95.76,1,-1,-1,-1
613,76,683.48,240.09,111.58,112.47,1,-1,-1,-1
614,74,1026.71,252.46,121.05,99.49,1,-1,-1,-1
614,75,576.85,251.04,111.10,95.80,1,-1,-1,-1
614,76,683.96,240.05,111.44,112.53,1,-1,-1,-1
615,74,1026.83,252.47,120.99,99.50,1,-1,-1,-1
615,75,576.89,251.08,111.04,95.82,1,-1,-1,-1
615,76,684.17,240.02,111.28,112.56,1,-1,-1,-1
616,74,1026.91,252.50,120.89,99.47,1,-1,-1,-1
616,75,576.91,251.07,111.03,95.86,1,-1,-1,-1
616,76,684.21,239.99,111.16,112.61,1,-1,-1,-1
617,74,1026.98,252.51,120.83,99.46,1,-1,-1,-1
617,75,576.91,251.13,110.94,95.83,1,-1,-1,-1
617,76,684.62,240.30,110.78,112.38,1,-1,-1,-1
618,74,1026.96,252.57,120.76,99.45,1,-1,-1,-1
618,75,576.90,251.17,110.85,95.80,1,-1,-1,-1
618,76,684.87,240.51,110.44,112.18,1,-1,-1,-1
619,74,1026.93,252.56,120.76,99.46,1,-1,-1,-1
619,75,576.84,251.13,110.86,95.84,1,-1,-1,-1
619,76,684.87,240.51,110.39,112.28,1,-1,-1,-1
620,74,1026.89,252.53,120.78,99.51,1,-1,-1,-1
620,75,576.81,251.04,110.97,95.96,1,-1,-1,-1
620,76,684.57,240.19,110.66,112.68,1,-1,-1,-1
621,74,1026.88,252.54,120.76,99.52,1,-1,-1,-1
621,75,576.88,251.01,110.97,95.98,1,-1,-1,-1
621,76,684.41,240.08,110.75,112.88,1,-1,-1,-1
622,74,1026.83,252.45,120.80,99.57,1,-1,-1,-1
622,75,576.94,250.99,110.95,95.98,1,-1,-1,-1
622,76,684.45,240.02,110.71,112.95,1,-1,-1,-1
623,74,1026.84,252.46,120.77,99.56,1,-1,-1,-1
623,75,576.99,250.95,110.96,96.01,1,-1,-1,-1
623,76,684.47,240.01,110.65,112.98,1,-1,-1,-1
624,74,1026.87,252.56,120.64,99.47,1,-1,-1,-1
624,75,577.00,250.94,110.94,96.00,1,-1,-1,-1
624,76,684.49,240.00,110.57,113.00,1,-1,-1,-1
625,74,1026.60,252.79,120.41,99.21,1,-1,-1,-1
625,75,577.06,250.98,110.75,95.85,1,-1,-1,-1
625,76,685.46,240.39,109.60,112.05,1,-1,-1,-1
626,74,1026.43,252.84,120.40,99.17,1,-1,-1,-1
626,75,577.07,250.97,110.70,95.81,1,-1,-1,-1
626,76,685.87,240.51,109.27,111.74,1,-1,-1,-1
627,74,1026.38,252.88,120.41,99.14,1,-1,-1,-1
627,75,577.08,250.96,110.69,95.83,1,-1,-1,-1
627,76,686.11,240.58,109.13,111.65,1,-1,-1,-1
628,74,1026.39,252.81,120.49,99.17,1,-1,-1,-1
628,75,577.10,250.98,110.67,95.81,1,-1,-1,-1
628,76,686.23,240.65,109.08,111.62,1,-1,-1,-1
629,74,1026.43,252.85,120.51,99.15,1,-1,-1,-1
629,75,577.07,251.05,110.59,95.75,1,-1,-1,-1
629,76,686.12,240.63,109.06,111.63,1,-1,-1,-1
630,74,1026.44,252.85,120.57,99.16,1,-1,-1,-1
630,75,577.09,251.05,110.62,95.77,1,-1,-1,-1
630,76,686.26,240.60,109.01,111.60,1,-1,-1,-1
631,74,1026.45,252.81,120.61,99.18,1,-1,-1,-1
631,75,577.10,251.07,110.60,95.76,1,-1,-1,-1
631,76,686.33,240.59,108.96,111.57,1,-1,-1,-1
632,74,1026.44,252.82,120.64,99.16,1,-1,-1,-1
632,75,577.10,251.12,110.53,95.71,1,-1,-1,-1
632,76,686.41,240.58,108.93,111.57,1,-1,-1,-1
633,74,1026.44,252.82,120.66,99.15,1,-1,-1,-1
633,75,577.13,251.17,110.46,95.65,1,-1,-1,-1
633,76,686.55,240.58,108.88,111.55,1,-1,-1,-1
634,74,1026.48,252.79,120.68,99.15,1,-1,-1,-1
634,75,577.18,251.19,110.51,95.69,1,-1,-1,-1
634,76,686.56,240.59,108.86,111.54,1,-1,-1,-1
635,74,1026.53,252.81,120.65,99.10,1,-1,-1,-1
635,75,577.26,251.27,110.49,95.67,1,-1,-1,-1
635,76,686.63,240.62,108.81,111.48,1,-1,-1,-1
636,74,1026.51,252.81,120.70,99.13,1,-1,-1,-1
636,75,577.32,251.27,110.48,95.67,1,-1,-1,-1
636,76,686.54,240.61,108.83,111.51,1,-1,-1,-1
637,74,1026.70,252.77,120.70,99.17,1,-1,-1,-1
637,75,577.54,251.31,110.33,95.54,1,-1,-1,-1
637,76,686.51,240.61,108.89,111.59,1,-1,-1,-1
638,74,1026.78,252.77,120.66,99.19,1,-1,-1,-1
638,75,577.64,251.37,110.27,95.49,1,-1,-1,-1
638,76,686.49,240.59,108.91,111.63,1,-1,-1,-1
639,74,1026.79,252.75,120.67,99.24,1,-1,-1,-1
639,75,577.69,251.36,110.26,95.48,1,-1,-1,-1
639,76,686.43,240.56,108.97,111.72,1,-1,-1,-1
640,74,1026.85,252.74,120.63,99.25,1,-1,-1,-1
640,75,577.67,251.44,110.18,95.39,1,-1,-1,-1
640,76,686.56,240.61,108.94,111.71,1,-1,-1,-1
641,74,1026.87,252.75,120.60,99.26,1,-1,-1,-1
641,75,577.61,251.44,110.14,95.36,1,-1,-1,-1
641,76,686.63,240.61,108.94,111.72,1,-1,-1,-1
642,74,1026.93,252.74,120.58,99.28,1,-1,-1,-1
642,75,577.63,251.44,110.10,95.32,1,-1,-1,-1
642,76,686.74,240.63,108.94,111.75,1,-1,-1,-1
643,74,1026.86,252.71,120.59,99.32,1,-1,-1,-1
643,75,577.63,251.42,110.13,95.35,1,-1,-1,-1
643,76,686.68,240.63,108.95,111.78,1,-1,-1,-1
644,74,1026.81,252.70,120.64,99.38,1,-1,-1,-1
644,75,577.58,251.33,110.19,95.41,1,-1,-1,-1
644,76,686.58,240.60,109.00,111.83,1,-1,-1,-1
645,74,1026.82,252.69,120.62,99.40,1,-1,-1,-1
645,75,577.59,251.32,110.20,95.42,1,-1,-1,-1
645,76,686.51,240.60,109.02,111.86,1,-1,-1,-1
646,74,1026.82,252.72,120.57,99.38,1,-1,-1,-1
646,75,577.64,251.36,110.16,95.40,1,-1,-1,-1
646,76,686.63,240.60,108.98,111.82,1,-1,-1,-1
647,74,1026.82,252.72,120.54,99.37,1,-1,-1,-1
647,75,577.54,251.40,110.18,95.41,1,-1,-1,-1
647,76,686.71,240.63,108.95,111.79,1,-1,-1,-1
648,74,1026.82,252.75,120.49,99.35,1,-1,-1,-1
648,75,577.52,251.40,110.19,95.41,1,-1,-1,-1
648,76,686.72,240.64,108.93,111.77,1,-1,-1,-1
649,74,1027.04,252.88,120.24,99.13,1,-1,-1,-1
649,75,577.43,251.40,110.23,95.40,1,-1,-1,-1
649,76,686.56,240.65,108.92,111.73,1,-1,-1,-1
650,74,1027.09,252.95,120.13,99.04,1,-1,-1,-1
650,75,577.41,251.39,110.26,95.41,1,-1,-1,-1
650,76,686.51,240.66,108.92,111.70,1,-1,-1,-1
651,74,1027.10,252.95,120.13,99.01,1,-1,-1,-1
651,75,577.42,251.40,110.23,95.36,1,-1,-1,-1
651,76,686.44,240.64,108.92,111.68,1,-1,-1,-1
652,74,1027.10,252.93,120.18,99.03,1,-1,-1,-1
652,75,577.39,251.41,110.26,95.35,1,-1,-1,-1
652,76,686.38,240.63,108.92,111.65,1,-1,-1,-1
653,74,1027.09,252.94,120.17,99.01,1,-1,-1,-1
653,75,577.38,251.37,110.22,95.30,1,-1,-1,-1
653,76,686.47,240.66,108.88,111.58,1,-1,-1,-1
654,74,1027.00,252.86,120.24,99.05,1,-1,-1,-1
654,75,577.50,251.29,110.22,95.30,1,-1,-1,-1
654,76,686.57,240.66,108.88,111.56,1,-1,-1,-1
655,74,1026.64,253.00,120.25,99.00,1,-1,-1,-1
655,75,577.78,251.52,109.96,95.07,1,-1,-1,-1
655,76,686.59,240.67,108.86,111.54,1,-1,-1,-1
