3,1,1029.46,555.34,91.33,82.49,1,-1,-1,-1
4,1,1032.41,554.56,88.76,80.15,1,-1,-1,-1
4,2,4.86,288.59,187.90,119.92,1,-1,-1,-1
5,1,1035.33,552.60,86.19,77.80,1,-1,-1,-1
5,2,4.98,288.77,187.37,119.58,1,-1,-1,-1
6,1,1036.70,550.81,85.16,76.91,1,-1,-1,-1
6,2,5.00,288.98,186.86,119.25,1,-1,-1,-1
7,1,1038.38,548.36,84.57,76.42,1,-1,-1,-1
7,2,5.05,289.20,186.51,119.01,1,-1,-1,-1
8,1,1040.35,546.54,82.57,74.59,1,-1,-1,-1
8,2,4.92,289.18,186.46,118.98,1,-1,-1,-1
9,1,1041.78,543.89,82.59,74.66,1,-1,-1,-1
9,2,5.20,289.50,185.71,118.46,1,-1,-1,-1
10,1,1043.64,541.26,81.71,73.96,1,-1,-1,-1
10,2,5.26,289.57,185.56,118.34,1,-1,-1,-1
11,1,1044.26,539.23,80.72,73.12,1,-1,-1,-1
11,2,5.12,289.05,186.24,118.76,1,-1,-1,-1
12,1,1044.35,536.87,79.89,72.47,1,-1,-1,-1
12,2,5.12,288.86,186.44,118.86,1,-1,-1,-1
13,1,1044.93,534.22,80.07,72.75,1,-1,-1,-1
13,2,5.48,289.62,185.15,117.93,1,-1,-1,-1
13,3,1324.75,698.57,190.85,126.19,1,-1,-1,-1
14,1,1045.32,531.48,80.41,73.28,1,-1,-1,-1
14,2,5.64,290.12,184.56,117.45,1,-1,-1,-1
14,3,1324.34,698.30,191.49,126.63,1,-1,-1,-1
15,1,1047.08,531.21,80.31,73.37,1,-1,-1,-1
15,2,5.63,290.38,184.39,117.25,1,-1,-1,-1
15,3,1324.30,698.27,191.53,126.68,1,-1,-1,-1
16,1,1048.17,529.98,79.76,73.05,1,-1,-1,-1
16,2,5.59,290.37,184.44,117.19,1,-1,-1,-1
16,3,1324.69,698.37,191.38,126.62,1,-1,-1,-1
17,1,1049.09,528.29,79.60,73.08,1,-1,-1,-1
17,2,5.53,290.44,184.59,117.19,1,-1,-1,-1
17,3,1324.12,698.01,191.79,126.92,1,-1,-1,-1
18,1,1050.14,526.50,78.84,72.56,1,-1,-1,-1
18,2,5.62,290.57,184.30,117.01,1,-1,-1,-1
18,3,1323.89,697.76,191.98,127.08,1,-1,-1,-1
19,1,1050.55,525.39,77.97,71.95,1,-1,-1,-1
19,3,1323.91,697.77,191.82,126.99,1,-1,-1,-1
20,1,1050.56,523.54,77.69,71.95,1,-1,-1,-1
20,3,1323.89,697.78,191.82,127.02,1,-1,-1,-1
21,1,1051.45,521.77,77.22,71.51,1,-1,-1,-1
21,3,1317.42,695.46,195.07,128.88,1,-1,-1,-1
21,5,1049.76,521.28,74.82,70.59,1,-1,-1,-1
22,3,1314.45,694.31,196.98,129.85,1,-1,-1,-1
22,5,1050.80,520.70,73.93,69.77,1,-1,-1,-1
22,6,914.90,486.97,76.05,67.85,1,-1,-1,-1
23,3,1313.63,694.11,197.84,130.16,1,-1,-1,-1
23,5,1050.99,519.89,73.27,69.19,1,-1,-1,-1
23,6,911.98,487.39,76.72,68.47,1,-1,-1,-1
23,7,4.99,290.53,185.09,117.00,1,-1,-1,-1
24,3,1312.44,693.60,198.54,130.61,1,-1,-1,-1
24,5,1050.95,519.35,72.65,68.60,1,-1,-1,-1
24,6,908.55,487.87,77.18,68.84,1,-1,-1,-1
24,7,5.04,290.58,184.97,116.92,1,-1,-1,-1
25,5,1051.47,518.64,72.55,68.52,1,-1,-1,-1
25,6,905.14,487.71,77.96,69.49,1,-1,-1,-1
25,7,4.64,289.90,186.26,117.76,1,-1,-1,-1
26,5,1052.21,518.46,72.48,68.50,1,-1,-1,-1
26,6,901.87,487.83,78.88,70.31,1,-1,-1,-1
26,7,4.43,289.62,186.87,118.17,1,-1,-1,-1
27,5,1051.91,517.09,72.76,68.81,1,-1,-1,-1
27,6,899.41,488.51,78.64,70.01,1,-1,-1,-1
27,7,4.36,289.58,187.07,118.33,1,-1,-1,-1
28,5,1052.26,516.51,72.75,68.87,1,-1,-1,-1
28,6,895.99,489.77,78.47,69.75,1,-1,-1,-1
28,7,4.38,289.53,187.09,118.38,1,-1,-1,-1
28,8,1305.01,692.28,206.83,131.51,1,-1,-1,-1
29,5,1052.51,514.79,73.24,69.48,1,-1,-1,-1
29,6,893.01,490.28,78.80,69.83,1,-1,-1,-1
29,7,4.45,289.55,186.99,118.34,1,-1,-1,-1
29,8,1305.34,692.18,206.75,131.45,1,-1,-1,-1
30,5,1052.98,513.39,73.37,69.76,1,-1,-1,-1
30,6,890.63,490.40,79.57,70.32,1,-1,-1,-1
30,7,4.45,289.57,187.00,118.38,1,-1,-1,-1
30,8,1305.11,691.98,207.06,131.61,1,-1,-1,-1
31,5,1052.57,511.69,72.97,69.56,1,-1,-1,-1
31,6,886.56,492.20,80.40,70.69,1,-1,-1,-1
31,7,4.67,290.15,186.36,117.96,1,-1,-1,-1
31,8,1315.55,696.57,200.13,127.39,1,-1,-1,-1
32,5,1052.77,510.70,72.87,69.47,1,-1,-1,-1
32,6,882.72,492.70,82.29,72.13,1,-1,-1,-1
32,7,4.74,290.44,186.05,117.76,1,-1,-1,-1
32,8,1319.11,697.99,197.77,126.11,1,-1,-1,-1
33,6,878.11,493.86,83.75,73.22,1,-1,-1,-1
33,7,4.71,290.47,186.02,117.75,1,-1,-1,-1
33,8,1320.02,697.98,197.41,126.10,1,-1,-1,-1
34,6,872.41,494.08,85.43,74.41,1,-1,-1,-1
34,7,4.86,290.60,185.64,117.49,1,-1,-1,-1
34,8,1325.88,700.66,192.88,123.61,1,-1,-1,-1
35,6,866.79,494.26,85.97,74.65,1,-1,-1,-1
35,7,5.00,290.53,185.16,117.17,1,-1,-1,-1
35,8,1327.00,701.02,191.51,123.05,1,-1,-1,-1
36,6,860.80,493.69,88.13,76.19,1,-1,-1,-1
36,7,5.05,290.66,184.93,117.00,1,-1,-1,-1
36,8,1327.41,701.16,190.63,122.80,1,-1,-1,-1
37,6,854.74,494.80,89.39,77.00,1,-1,-1,-1
37,7,5.08,290.70,184.84,116.94,1,-1,-1,-1
37,8,1326.92,700.94,190.80,123.19,1,-1,-1,-1
38,6,848.25,494.46,90.91,77.98,1,-1,-1,-1
38,8,1326.74,701.15,190.40,123.17,1,-1,-1,-1
39,6,841.70,495.38,91.53,77.99,1,-1,-1,-1
39,8,1326.59,701.03,190.35,123.38,1,-1,-1,-1
40,6,832.56,493.88,94.94,80.53,1,-1,-1,-1
40,8,1327.84,701.61,189.53,122.85,1,-1,-1,-1
41,6,824.82,492.02,98.75,83.30,1,-1,-1,-1
42,6,815.80,489.97,101.95,85.55,1,-1,-1,-1
43,6,805.93,487.61,107.40,89.94,1,-1,-1,-1
43,9,5.15,289.47,184.63,118.24,1,-1,-1,-1
44,6,795.54,486.74,110.52,92.21,1,-1,-1,-1
44,9,5.08,289.49,184.73,118.31,1,-1,-1,-1
45,6,785.45,487.09,112.33,92.98,1,-1,-1,-1
45,9,4.95,289.36,184.95,118.45,1,-1,-1,-1
46,6,774.06,487.25,115.00,94.39,1,-1,-1,-1
46,9,4.86,289.39,185.07,118.54,1,-1,-1,-1
47,6,762.04,486.95,115.85,93.68,1,-1,-1,-1
47,9,4.67,289.17,185.72,118.98,1,-1,-1,-1
48,6,746.37,485.30,122.28,97.56,1,-1,-1,-1
48,9,4.66,289.16,186.02,119.18,1,-1,-1,-1
49,6,730.20,484.28,126.07,99.22,1,-1,-1,-1
49,9,5.00,289.67,185.43,118.78,1,-1,-1,-1
50,6,711.63,482.68,131.47,101.94,1,-1,-1,-1
50,9,5.10,289.82,185.29,118.68,1,-1,-1,-1
51,6,691.49,480.24,136.52,104.60,1,-1,-1,-1
51,9,5.19,289.96,185.16,118.57,1,-1,-1,-1
52,6,669.53,476.49,142.60,108.01,1,-1,-1,-1
52,9,5.14,289.90,185.40,118.72,1,-1,-1,-1
53,6,647.16,473.08,148.30,110.87,1,-1,-1,-1
53,9,5.25,290.13,185.34,118.65,1,-1,-1,-1
54,6,623.47,470.73,153.47,112.80,1,-1,-1,-1
54,9,5.28,290.22,185.35,118.66,1,-1,-1,-1
55,6,596.29,466.40,162.13,117.13,1,-1,-1,-1
56,6,568.30,462.04,169.93,120.74,1,-1,-1,-1
57,6,535.88,457.78,177.42,123.56,1,-1,-1,-1
58,6,500.50,451.09,188.24,128.35,1,-1,-1,-1
59,6,462.35,444.42,199.33,133.04,1,-1,-1,-1
60,6,418.27,434.32,215.86,141.36,1,-1,-1,-1
61,6,367.24,424.36,232.86,149.75,1,-1,-1,-1
62,6,312.75,414.59,250.00,157.99,1,-1,-1,-1
63,6,253.60,404.75,266.27,165.21,1,-1,-1,-1
63,10,109.80,700.86,452.50,485.85,1,-1,-1,-1
64,6,185.50,394.88,279.25,169.37,1,-1,-1,-1
64,10,225.08,691.61,414.40,434.20,1,-1,-1,-1
65,6,111.91,385.23,291.34,172.82,1,-1,-1,-1
65,10,373.21,686.56,371.20,379.45,1,-1,-1,-1
66,6,42.50,374.11,301.42,175.91,1,-1,-1,-1
66,10,495.13,686.31,336.93,335.50,1,-1,-1,-1
67,6,-4.22,360.95,311.92,183.52,1,-1,-1,-1
67,10,591.07,683.68,315.11,306.35,1,-1,-1,-1
68,6,-43.00,347.28,314.07,190.61,1,-1,-1,-1
68,10,665.90,679.31,298.70,284.04,1,-1,-1,-1
69,6,-82.10,339.96,321.76,195.28,1,-1,-1,-1
69,10,729.57,676.01,283.84,264.71,1,-1,-1,-1
70,10,787.32,672.26,267.32,244.02,1,-1,-1,-1
71,10,829.22,669.78,250.33,224.13,1,-1,-1,-1
72,10,872.04,672.24,226.17,198.18,1,-1,-1,-1
73,10,906.88,669.84,210.47,180.75,1,-1,-1,-1
74,10,936.35,665.23,201.31,169.97,1,-1,-1,-1
75,10,960.41,664.00,192.88,160.76,1,-1,-1,-1
76,10,980.70,659.91,190.55,157.86,1,-1,-1,-1
77,10,1003.48,657.29,180.13,148.77,1,-1,-1,-1
78,10,1020.89,654.72,174.88,144.50,1,-1,-1,-1
79,10,1033.14,650.33,171.00,141.53,1,-1,-1,-1
80,10,1046.94,649.96,159.65,132.24,1,-1,-1,-1
80,13,1332.54,699.73,183.42,123.19,1,-1,-1,-1
80,14,118.58,550.10,292.04,265.11,1,-1,-1,-1
81,10,1057.71,649.04,151.06,125.73,1,-1,-1,-1
81,13,1333.36,700.90,182.14,122.33,1,-1,-1,-1
81,14,231.95,552.91,276.73,244.38,1,-1,-1,-1
82,10,1067.24,648.31,143.13,119.57,1,-1,-1,-1
82,13,1333.83,701.42,181.07,121.63,1,-1,-1,-1
82,14,349.02,560.43,258.89,221.86,1,-1,-1,-1
83,10,1075.91,646.45,137.41,115.45,1,-1,-1,-1
83,13,1334.35,701.99,180.01,120.94,1,-1,-1,-1
83,14,446.55,566.95,246.07,204.68,1,-1,-1,-1
84,10,1083.83,646.11,133.26,113.11,1,-1,-1,-1
84,13,1335.52,702.80,178.72,120.09,1,-1,-1,-1
84,14,524.83,572.16,234.43,189.48,1,-1,-1,-1
85,10,1102.87,644.34,124.32,105.53,1,-1,-1,-1
85,13,1332.68,700.93,181.45,121.87,1,-1,-1,-1
85,14,591.52,576.08,224.98,177.16,1,-1,-1,-1
86,13,1330.84,699.94,182.74,122.65,1,-1,-1,-1
86,14,647.20,580.18,214.45,164.43,1,-1,-1,-1
86,16,1094.63,642.42,113.39,106.68,1,-1,-1,-1
87,13,1329.78,699.81,182.84,122.54,1,-1,-1,-1
87,14,695.26,583.93,204.24,153.39,1,-1,-1,-1
87,16,1098.83,640.53,108.72,102.32,1,-1,-1,-1
88,13,1330.55,700.71,181.84,121.72,1,-1,-1,-1
88,14,738.95,586.92,195.83,144.71,1,-1,-1,-1
88,16,1101.98,637.27,105.22,99.00,1,-1,-1,-1
89,13,1333.46,701.83,179.73,120.37,1,-1,-1,-1
89,14,773.32,590.07,186.50,136.13,1,-1,-1,-1
89,16,1103.99,632.47,103.75,97.60,1,-1,-1,-1
90,13,1335.89,702.82,178.01,119.35,1,-1,-1,-1
90,14,805.82,592.02,178.82,129.49,1,-1,-1,-1
90,16,1106.08,628.17,102.89,96.78,1,-1,-1,-1
91,13,1336.80,703.30,177.39,119.04,1,-1,-1,-1
91,14,832.27,592.38,174.24,125.56,1,-1,-1,-1
91,16,1107.85,624.28,101.77,95.68,1,-1,-1,-1
92,13,1336.47,703.21,177.86,119.53,1,-1,-1,-1
92,14,856.24,592.74,167.21,120.13,1,-1,-1,-1
92,16,1108.83,620.78,99.42,93.30,1,-1,-1,-1
93,13,1337.93,704.05,176.68,118.98,1,-1,-1,-1
93,14,877.16,591.81,161.84,116.41,1,-1,-1,-1
93,16,1109.30,618.01,97.68,91.60,1,-1,-1,-1
94,13,1339.22,704.80,175.98,118.81,1,-1,-1,-1
94,14,895.51,591.00,158.03,114.41,1,-1,-1,-1
94,16,1108.49,615.32,96.28,90.26,1,-1,-1,-1
95,13,1340.74,705.90,174.57,118.05,1,-1,-1,-1
95,14,913.76,589.63,153.24,111.57,1,-1,-1,-1
95,16,1108.71,612.51,94.24,88.36,1,-1,-1,-1
96,13,1340.75,705.87,174.33,118.09,1,-1,-1,-1
96,14,929.64,588.93,147.52,108.07,1,-1,-1,-1
96,16,1108.98,608.90,93.27,87.52,1,-1,-1,-1
97,13,1341.29,705.66,174.93,118.87,1,-1,-1,-1
97,14,943.47,588.02,140.94,104.05,1,-1,-1,-1
97,16,1109.97,605.88,91.43,85.82,1,-1,-1,-1
98,13,1342.30,706.05,174.22,118.73,1,-1,-1,-1
98,14,956.47,587.90,135.03,100.58,1,-1,-1,-1
98,16,1109.44,602.03,92.27,86.78,1,-1,-1,-1
99,13,1339.35,704.63,176.25,120.04,1,-1,-1,-1
99,14,968.74,587.55,128.05,96.34,1,-1,-1,-1
99,16,1109.93,598.68,91.35,85.95,1,-1,-1,-1
100,13,1337.96,704.17,177.09,120.58,1,-1,-1,-1
100,14,978.41,586.71,123.00,93.39,1,-1,-1,-1
100,16,1110.66,596.78,89.98,84.71,1,-1,-1,-1
100,17,5.01,288.51,185.12,119.65,1,-1,-1,-1
101,13,1336.52,703.19,178.46,121.45,1,-1,-1,-1
101,14,987.33,585.93,117.67,90.20,1,-1,-1,-1
101,16,1111.32,594.42,87.09,81.81,1,-1,-1,-1
101,17,5.22,288.56,184.65,119.33,1,-1,-1,-1
102,13,1335.70,702.86,178.94,121.70,1,-1,-1,-1
102,14,994.66,584.51,113.73,87.82,1,-1,-1,-1
102,16,1110.53,592.00,86.15,80.70,1,-1,-1,-1
102,17,5.31,288.60,184.42,119.16,1,-1,-1,-1
103,13,1335.47,702.78,179.17,121.85,1,-1,-1,-1
103,14,1000.62,581.57,110.80,86.19,1,-1,-1,-1
103,16,1109.65,589.40,85.67,80.03,1,-1,-1,-1
103,17,5.07,289.00,185.51,119.88,1,-1,-1,-1
104,14,1005.93,579.44,108.11,84.72,1,-1,-1,-1
104,16,1108.20,586.53,84.73,78.72,1,-1,-1,-1
104,17,5.11,295.59,185.00,119.50,1,-1,-1,-1
105,14,1011.82,578.29,104.09,82.14,1,-1,-1,-1
105,16,1106.39,584.15,83.95,77.52,1,-1,-1,-1
105,17,5.14,297.01,184.95,119.47,1,-1,-1,-1
106,14,1018.23,576.94,101.30,80.58,1,-1,-1,-1
106,16,1104.07,582.16,82.88,76.19,1,-1,-1,-1
106,19,1317.08,697.04,197.18,127.00,1,-1,-1,-1
107,14,1021.64,575.53,100.14,80.30,1,-1,-1,-1
107,16,1103.86,579.45,81.42,74.85,1,-1,-1,-1
107,19,1316.01,696.28,198.89,128.12,1,-1,-1,-1
107,20,85.28,453.93,377.18,407.57,1,-1,-1,-1
108,14,1026.26,573.23,97.62,78.76,1,-1,-1,-1
108,19,1316.69,696.54,198.02,127.54,1,-1,-1,-1
108,20,119.37,424.43,400.24,423.13,1,-1,-1,-1
109,14,1031.70,570.90,97.17,78.88,1,-1,-1,-1
109,19,1316.56,696.33,198.30,127.73,1,-1,-1,-1
109,20,206.63,426.96,389.18,401.02,1,-1,-1,-1
110,14,1035.45,568.76,95.83,78.30,1,-1,-1,-1
110,20,307.02,441.02,367.02,369.04,1,-1,-1,-1
111,14,1038.88,565.79,93.99,77.31,1,-1,-1,-1
111,20,396.67,456.58,345.61,339.71,1,-1,-1,-1
112,14,1042.35,563.45,91.93,76.04,1,-1,-1,-1
112,20,474.48,472.78,324.89,312.12,1,-1,-1,-1
113,14,1044.67,561.68,90.21,74.95,1,-1,-1,-1
113,20,535.96,485.58,309.71,291.71,1,-1,-1,-1
114,14,1046.86,560.33,88.55,73.93,1,-1,-1,-1
114,20,593.39,495.94,297.94,275.50,1,-1,-1,-1
115,14,1048.35,559.12,87.30,73.25,1,-1,-1,-1
115,20,641.83,503.43,286.84,261.49,1,-1,-1,-1
116,14,1049.81,557.23,86.65,73.04,1,-1,-1,-1
116,20,686.83,507.30,276.57,248.69,1,-1,-1,-1
117,14,1054.92,555.59,85.00,71.65,1,-1,-1,-1
117,20,723.77,512.18,264.50,235.42,1,-1,-1,-1
118,20,757.00,517.92,252.14,222.64,1,-1,-1,-1
119,20,787.53,523.46,238.11,209.46,1,-1,-1,-1
120,20,813.94,527.92,228.64,200.17,1,-1,-1,-1
121,20,838.17,531.24,219.34,191.57,1,-1,-1,-1
122,20,862.12,537.61,208.17,181.35,1,-1,-1,-1
123,20,883.34,541.71,200.64,174.91,1,-1,-1,-1
124,20,902.14,547.79,191.23,166.94,1,-1,-1,-1
125,20,919.01,551.62,182.99,160.09,1,-1,-1,-1
126,20,933.23,554.07,174.52,153.35,1,-1,-1,-1
127,20,947.50,556.00,165.98,146.45,1,-1,-1,-1
128,20,960.32,556.10,160.71,142.20,1,-1,-1,-1
129,20,971.72,557.73,157.17,139.95,1,-1,-1,-1
130,20,980.77,558.13,152.50,136.48,1,-1,-1,-1
131,20,989.09,557.35,147.35,132.65,1,-1,-1,-1
131,21,862.93,492.26,84.23,70.10,1,-1,-1,-1
132,20,997.06,556.58,143.33,130.35,1,-1,-1,-1
132,21,857.28,494.47,84.86,70.59,1,-1,-1,-1
133,20,1004.02,555.10,139.34,128.04,1,-1,-1,-1
133,21,851.91,495.52,86.20,71.69,1,-1,-1,-1
134,20,1010.02,553.23,135.00,125.36,1,-1,-1,-1
134,21,845.77,496.16,87.13,72.32,1,-1,-1,-1
134,22,1324.70,699.70,188.29,125.62,1,-1,-1,-1
135,20,1017.54,555.20,125.13,116.98,1,-1,-1,-1
135,21,837.42,495.92,90.08,74.63,1,-1,-1,-1
135,22,1324.12,699.25,189.10,126.16,1,-1,-1,-1
136,20,1022.54,555.22,119.16,112.27,1,-1,-1,-1
136,21,829.18,496.33,92.30,76.25,1,-1,-1,-1
137,20,1027.87,555.80,114.77,108.89,1,-1,-1,-1
137,21,821.86,496.92,93.18,76.78,1,-1,-1,-1
138,20,1032.57,555.81,109.49,104.52,1,-1,-1,-1
138,21,812.37,497.09,94.82,77.80,1,-1,-1,-1
139,20,1034.75,554.69,107.00,102.80,1,-1,-1,-1
139,21,802.57,495.54,98.47,80.38,1,-1,-1,-1
139,24,1329.31,704.26,183.66,120.95,1,-1,-1,-1
140,20,1037.56,555.09,103.39,99.77,1,-1,-1,-1
140,21,792.02,494.76,101.17,82.16,1,-1,-1,-1
140,24,1328.53,703.70,184.03,121.17,1,-1,-1,-1
140,25,4.84,290.02,185.29,118.29,1,-1,-1,-1
141,20,1039.28,555.18,100.75,97.62,1,-1,-1,-1
141,21,781.54,494.55,104.03,83.95,1,-1,-1,-1
141,24,1328.09,703.70,184.45,121.40,1,-1,-1,-1
141,25,5.21,290.47,184.91,118.03,1,-1,-1,-1
142,20,1040.47,553.05,99.41,96.85,1,-1,-1,-1
142,21,768.43,494.24,107.48,86.10,1,-1,-1,-1
142,24,1326.18,702.58,186.95,123.01,1,-1,-1,-1
142,25,5.35,290.65,184.88,118.01,1,-1,-1,-1
143,20,1043.19,553.47,95.97,93.76,1,-1,-1,-1
143,21,753.85,493.78,110.72,87.70,1,-1,-1,-1
143,24,1326.81,702.99,186.56,122.74,1,-1,-1,-1
144,20,1045.64,553.00,92.70,90.71,1,-1,-1,-1
144,21,737.29,491.90,115.35,90.10,1,-1,-1,-1
144,24,1328.44,703.92,184.88,121.61,1,-1,-1,-1
145,20,1047.52,551.42,90.38,88.46,1,-1,-1,-1
145,21,718.32,488.90,121.66,93.94,1,-1,-1,-1
145,24,1330.71,705.16,183.07,120.46,1,-1,-1,-1
146,20,1048.27,549.71,89.25,87.42,1,-1,-1,-1
146,21,698.20,487.09,126.06,95.99,1,-1,-1,-1
146,24,1330.90,705.63,182.30,119.90,1,-1,-1,-1
147,20,1048.37,548.14,88.50,86.74,1,-1,-1,-1
147,21,676.70,485.26,130.58,97.73,1,-1,-1,-1
147,24,1330.80,705.93,182.20,119.83,1,-1,-1,-1
148,20,1049.04,546.41,87.45,85.75,1,-1,-1,-1
148,21,652.39,483.22,135.48,99.43,1,-1,-1,-1
148,24,1331.24,706.27,181.73,119.52,1,-1,-1,-1
149,20,1049.00,543.20,87.33,85.82,1,-1,-1,-1
149,21,626.23,479.66,142.07,102.23,1,-1,-1,-1
150,20,1048.97,540.74,86.15,84.76,1,-1,-1,-1
150,21,598.23,476.68,149.64,105.15,1,-1,-1,-1
151,20,1049.19,537.99,86.10,84.91,1,-1,-1,-1
151,21,567.56,472.97,156.48,107.44,1,-1,-1,-1
151,26,5.00,289.80,184.86,118.72,1,-1,-1,-1
152,20,1050.39,537.50,84.78,83.62,1,-1,-1,-1
152,21,532.08,469.35,165.30,110.61,1,-1,-1,-1
152,26,5.02,289.75,184.92,118.74,1,-1,-1,-1
153,20,1050.88,536.26,83.14,81.97,1,-1,-1,-1
153,21,494.11,464.38,173.73,113.32,1,-1,-1,-1
153,26,5.01,289.76,184.99,118.77,1,-1,-1,-1
154,20,1050.78,535.27,81.04,79.75,1,-1,-1,-1
154,21,449.01,455.32,185.76,118.01,1,-1,-1,-1
154,26,4.89,289.82,185.09,118.84,1,-1,-1,-1
155,20,1050.61,533.75,80.47,79.03,1,-1,-1,-1
155,21,398.12,446.65,199.72,123.48,1,-1,-1,-1
155,26,4.96,289.98,184.82,118.65,1,-1,-1,-1
156,20,1049.89,530.55,80.88,79.30,1,-1,-1,-1
156,21,340.36,436.61,215.85,129.98,1,-1,-1,-1
156,26,4.86,290.06,184.96,118.72,1,-1,-1,-1
157,20,1049.78,529.20,81.59,79.87,1,-1,-1,-1
157,21,279.48,427.64,230.53,134.89,1,-1,-1,-1
157,26,4.01,289.69,186.46,119.79,1,-1,-1,-1
158,20,1050.26,527.82,81.44,79.60,1,-1,-1,-1
158,21,206.44,414.74,249.61,142.29,1,-1,-1,-1
158,26,3.86,289.68,186.72,119.96,1,-1,-1,-1
159,20,1050.59,524.86,82.45,80.56,1,-1,-1,-1
159,21,127.07,401.55,267.17,148.52,1,-1,-1,-1
160,20,1050.43,522.57,82.31,80.41,1,-1,-1,-1
160,21,48.43,386.71,283.25,154.67,1,-1,-1,-1
161,20,1050.49,521.14,81.96,80.18,1,-1,-1,-1
161,21,-1.48,376.23,290.95,160.05,1,-1,-1,-1
162,20,1050.64,519.70,80.76,79.04,1,-1,-1,-1
162,21,-42.21,362.88,292.31,166.07,1,-1,-1,-1
163,20,1050.18,518.32,80.49,78.56,1,-1,-1,-1
163,21,-80.56,353.20,283.03,170.93,1,-1,-1,-1
164,20,1049.99,516.51,80.75,78.94,1,-1,-1,-1
164,21,-122.07,345.75,290.10,175.20,1,-1,-1,-1
165,20,1050.25,515.85,79.94,78.20,1,-1,-1,-1
165,27,1325.03,704.30,188.81,121.31,1,-1,-1,-1
166,20,1051.22,514.83,79.19,77.55,1,-1,-1,-1
166,27,1323.84,703.90,190.25,122.26,1,-1,-1,-1
167,20,1051.58,513.81,78.73,77.13,1,-1,-1,-1
167,27,1322.70,703.67,191.07,122.76,1,-1,-1,-1
168,20,1051.21,512.19,78.59,77.15,1,-1,-1,-1
168,27,1320.83,702.99,192.52,123.70,1,-1,-1,-1
169,20,1050.69,512.36,77.58,76.17,1,-1,-1,-1
169,29,342.11,704.92,561.65,371.05,1,-1,-1,-1
170,20,1050.93,512.81,75.89,74.49,1,-1,-1,-1
170,29,465.76,700.26,497.64,329.56,1,-1,-1,-1
171,20,1050.47,512.29,75.13,73.70,1,-1,-1,-1
171,29,559.93,696.04,451.35,300.02,1,-1,-1,-1
171,30,1335.60,707.90,178.80,115.80,1,-1,-1,-1
171,31,4.98,288.03,186.38,120.82,1,-1,-1,-1
172,20,1049.88,510.63,74.91,73.39,1,-1,-1,-1
172,29,633.86,689.90,425.99,284.88,1,-1,-1,-1
172,30,1341.04,708.51,177.83,115.23,1,-1,-1,-1
172,31,4.91,287.94,186.42,120.83,1,-1,-1,-1
173,20,1048.95,509.30,74.64,73.02,1,-1,-1,-1
173,29,703.29,683.10,393.28,265.09,1,-1,-1,-1
173,30,1341.96,708.76,177.48,115.08,1,-1,-1,-1
173,31,4.87,287.86,186.41,120.80,1,-1,-1,-1
174,20,1048.30,509.08,73.84,72.08,1,-1,-1,-1
174,29,758.50,679.57,360.98,245.37,1,-1,-1,-1
174,30,1342.09,708.72,177.38,115.13,1,-1,-1,-1
174,31,4.84,287.99,186.33,120.73,1,-1,-1,-1
175,20,1048.20,508.07,73.16,71.42,1,-1,-1,-1
175,29,803.20,674.40,333.12,228.50,1,-1,-1,-1
175,30,1341.44,708.60,178.36,115.90,1,-1,-1,-1
175,31,4.88,288.31,185.99,120.47,1,-1,-1,-1
176,29,850.71,672.69,293.55,202.36,1,-1,-1,-1
176,30,1340.47,708.25,179.10,116.52,1,-1,-1,-1
176,31,4.92,288.47,185.69,120.23,1,-1,-1,-1
177,29,892.33,671.68,260.86,180.39,1,-1,-1,-1
177,30,1339.76,707.58,180.13,117.40,1,-1,-1,-1
177,31,4.83,288.52,185.70,120.20,1,-1,-1,-1
177,32,987.03,502.59,73.14,67.37,1,-1,-1,-1
178,29,921.77,667.62,242.93,168.71,1,-1,-1,-1
178,30,1339.93,707.24,180.35,117.78,1,-1,-1,-1
178,31,4.91,288.49,185.58,120.07,1,-1,-1,-1
178,32,983.76,503.08,73.36,67.49,1,-1,-1,-1
179,29,944.89,663.80,232.49,162.62,1,-1,-1,-1
179,30,1339.27,706.87,180.38,118.03,1,-1,-1,-1
179,31,4.75,288.58,186.00,120.32,1,-1,-1,-1
179,32,981.74,504.03,72.79,66.89,1,-1,-1,-1
180,29,967.22,659.91,222.29,157.18,1,-1,-1,-1
180,30,1338.43,706.31,180.70,118.45,1,-1,-1,-1
180,31,4.72,288.57,186.11,120.36,1,-1,-1,-1
180,32,979.55,504.43,73.22,67.25,1,-1,-1,-1
181,29,989.86,657.70,208.84,149.37,1,-1,-1,-1
181,30,1334.77,704.11,183.55,120.51,1,-1,-1,-1
181,31,4.17,288.28,187.04,121.00,1,-1,-1,-1
181,32,976.36,504.63,74.68,68.54,1,-1,-1,-1
182,29,1009.70,654.77,196.98,142.70,1,-1,-1,-1
182,30,1334.04,703.76,183.93,120.96,1,-1,-1,-1
182,31,4.01,287.99,187.52,121.38,1,-1,-1,-1
182,32,974.67,505.10,75.95,69.67,1,-1,-1,-1
183,29,1026.80,652.76,183.92,134.80,1,-1,-1,-1
183,30,1334.82,704.07,182.61,120.33,1,-1,-1,-1
183,31,3.88,287.91,187.57,121.48,1,-1,-1,-1
183,32,972.85,505.27,76.96,70.49,1,-1,-1,-1
184,29,1040.30,651.59,171.44,127.41,1,-1,-1,-1
184,30,1335.72,705.06,181.09,119.62,1,-1,-1,-1
184,31,4.06,288.11,187.15,121.25,1,-1,-1,-1
184,32,970.66,506.40,77.41,70.69,1,-1,-1,-1
185,29,1052.83,650.08,164.40,124.13,1,-1,-1,-1
185,30,1334.74,704.59,181.27,119.97,1,-1,-1,-1
185,31,4.28,288.23,186.88,121.11,1,-1,-1,-1
185,32,968.01,507.40,77.82,70.80,1,-1,-1,-1
186,29,1077.69,647.46,151.49,114.39,1,-1,-1,-1
186,30,1335.77,705.20,180.20,119.56,1,-1,-1,-1
186,31,4.40,288.32,186.74,121.04,1,-1,-1,-1
186,32,964.47,508.52,78.28,70.81,1,-1,-1,-1
187,30,1335.69,704.76,180.04,119.71,1,-1,-1,-1
187,31,4.42,288.25,186.59,120.97,1,-1,-1,-1
187,32,961.28,509.65,78.80,71.01,1,-1,-1,-1
187,33,1075.68,647.79,129.71,117.95,1,-1,-1,-1
188,30,1336.75,705.33,178.76,119.11,1,-1,-1,-1
188,31,4.52,288.34,186.31,120.80,1,-1,-1,-1
188,32,957.26,511.34,79.76,71.64,1,-1,-1,-1
188,33,1082.13,646.14,125.00,113.72,1,-1,-1,-1
189,30,1337.79,704.90,178.32,119.22,1,-1,-1,-1
189,31,4.27,287.82,186.74,121.13,1,-1,-1,-1
189,32,953.46,512.56,81.65,73.17,1,-1,-1,-1
189,33,1090.58,644.85,118.60,107.92,1,-1,-1,-1
190,30,1338.51,704.74,177.86,119.28,1,-1,-1,-1
190,31,4.14,287.50,186.94,121.32,1,-1,-1,-1
190,32,949.31,514.17,82.95,74.14,1,-1,-1,-1
190,33,1097.51,642.14,113.56,103.29,1,-1,-1,-1
191,30,1340.24,705.82,175.78,118.23,1,-1,-1,-1
191,31,4.11,287.49,186.92,121.37,1,-1,-1,-1
191,32,944.91,515.88,84.81,75.69,1,-1,-1,-1
191,33,1101.13,639.67,110.13,100.17,1,-1,-1,-1
192,30,1341.14,706.44,174.69,117.85,1,-1,-1,-1
192,31,4.25,287.59,186.64,121.21,1,-1,-1,-1
192,32,940.55,517.48,86.50,77.11,1,-1,-1,-1
192,33,1104.58,635.87,107.56,98.08,1,-1,-1,-1
193,30,1343.76,708.15,171.99,116.38,1,-1,-1,-1
193,31,4.22,287.23,187.04,121.55,1,-1,-1,-1
193,32,936.81,519.90,87.46,77.80,1,-1,-1,-1
193,33,1107.94,632.68,105.95,96.89,1,-1,-1,-1
194,30,1345.15,708.96,170.42,115.63,1,-1,-1,-1
194,31,4.34,287.17,186.96,121.55,1,-1,-1,-1
194,32,932.14,522.89,88.72,78.69,1,-1,-1,-1
194,33,1111.75,629.99,102.89,94.26,1,-1,-1,-1
195,30,1346.53,709.77,169.07,115.00,1,-1,-1,-1
195,31,4.42,287.12,186.97,121.61,1,-1,-1,-1
195,32,925.60,525.96,89.12,78.63,1,-1,-1,-1
195,33,1114.82,626.32,100.82,92.42,1,-1,-1,-1
196,30,1347.31,709.94,168.45,114.85,1,-1,-1,-1
196,31,4.41,287.05,187.10,121.75,1,-1,-1,-1
196,32,918.78,527.65,91.07,80.00,1,-1,-1,-1
196,33,1116.75,623.19,99.36,91.12,1,-1,-1,-1
197,30,1347.86,709.92,167.84,114.70,1,-1,-1,-1
197,31,4.32,286.98,187.24,121.93,1,-1,-1,-1
197,32,911.86,529.75,93.12,81.48,1,-1,-1,-1
197,33,1118.50,620.26,97.81,89.56,1,-1,-1,-1
198,30,1348.34,710.10,167.48,114.70,1,-1,-1,-1
198,31,4.32,286.99,187.24,122.01,1,-1,-1,-1
198,32,904.52,530.58,96.02,83.75,1,-1,-1,-1
198,33,1120.71,617.58,94.78,86.69,1,-1,-1,-1
199,30,1345.80,708.36,168.60,115.51,1,-1,-1,-1
199,31,4.28,286.92,187.35,122.08,1,-1,-1,-1
199,32,894.20,531.81,99.28,86.31,1,-1,-1,-1
199,33,1121.05,615.03,92.97,84.77,1,-1,-1,-1
200,30,1345.52,708.08,168.48,115.50,1,-1,-1,-1
200,32,885.28,532.94,101.81,88.13,1,-1,-1,-1
200,33,1121.67,612.36,91.22,83.09,1,-1,-1,-1
201,30,1345.07,707.64,169.04,115.97,1,-1,-1,-1
201,32,874.27,533.04,105.72,91.06,1,-1,-1,-1
201,33,1121.55,609.49,90.19,82.05,1,-1,-1,-1
202,30,1344.10,707.00,169.50,116.32,1,-1,-1,-1
202,32,863.20,534.86,107.69,92.00,1,-1,-1,-1
202,33,1120.66,606.19,89.62,81.60,1,-1,-1,-1
203,30,1343.13,706.30,170.05,116.69,1,-1,-1,-1
203,32,851.15,536.01,109.40,92.29,1,-1,-1,-1
203,33,1118.97,603.77,89.92,82.26,1,-1,-1,-1
204,30,1341.45,704.96,171.72,117.83,1,-1,-1,-1
204,32,835.98,533.88,115.07,95.86,1,-1,-1,-1
204,33,1118.98,601.65,88.11,80.75,1,-1,-1,-1
205,30,1339.36,704.05,173.74,119.10,1,-1,-1,-1
205,32,818.08,529.97,122.75,101.13,1,-1,-1,-1
205,33,1119.23,600.00,86.02,78.94,1,-1,-1,-1
206,30,1330.84,702.59,178.66,121.84,1,-1,-1,-1
206,32,799.21,528.79,129.21,105.02,1,-1,-1,-1
206,33,1117.34,597.48,85.00,78.19,1,-1,-1,-1
207,30,1327.81,702.00,180.48,122.50,1,-1,-1,-1
207,32,777.25,528.61,134.03,107.08,1,-1,-1,-1
207,33,1116.47,594.33,83.88,77.14,1,-1,-1,-1
208,30,1326.75,701.56,181.26,122.37,1,-1,-1,-1
208,32,751.64,526.15,141.90,111.08,1,-1,-1,-1
208,33,1116.27,591.90,83.13,76.33,1,-1,-1,-1
208,35,4.59,287.61,185.72,120.86,1,-1,-1,-1
209,30,1325.39,701.09,181.96,122.85,1,-1,-1,-1
209,32,722.32,523.51,148.97,114.11,1,-1,-1,-1
209,33,1115.49,590.07,82.32,75.46,1,-1,-1,-1
209,35,4.69,288.02,185.01,120.40,1,-1,-1,-1
210,32,690.74,520.63,157.90,118.01,1,-1,-1,-1
210,33,1115.80,587.57,80.90,74.15,1,-1,-1,-1
210,35,4.74,288.22,184.59,120.12,1,-1,-1,-1
211,32,653.81,518.60,167.80,121.51,1,-1,-1,-1
211,35,4.59,287.98,184.80,120.28,1,-1,-1,-1
212,32,609.70,514.37,182.41,127.83,1,-1,-1,-1
212,35,4.58,288.05,184.60,120.15,1,-1,-1,-1
213,32,559.76,510.39,198.82,135.04,1,-1,-1,-1
213,36,773.64,494.54,112.61,86.74,1,-1,-1,-1
214,32,503.85,503.50,218.67,144.23,1,-1,-1,-1
214,36,763.14,494.62,113.35,87.18,1,-1,-1,-1
215,32,440.99,494.90,240.55,154.07,1,-1,-1,-1
215,36,751.53,493.58,115.61,88.69,1,-1,-1,-1
216,32,365.23,485.21,264.09,164.12,1,-1,-1,-1
216,36,738.98,491.94,118.79,90.73,1,-1,-1,-1
217,32,273.92,473.54,292.26,176.20,1,-1,-1,-1
217,36,724.58,489.94,121.80,92.24,1,-1,-1,-1
218,32,171.21,460.95,318.42,185.84,1,-1,-1,-1
218,36,708.03,487.12,128.84,96.80,1,-1,-1,-1
219,32,68.63,446.53,343.72,196.99,1,-1,-1,-1
219,36,691.79,485.92,131.76,98.02,1,-1,-1,-1
220,32,-0.93,435.85,357.85,207.27,1,-1,-1,-1
220,36,674.27,484.44,134.72,98.93,1,-1,-1,-1
221,32,-55.53,422.94,361.42,217.34,1,-1,-1,-1
221,36,656.26,483.60,138.01,99.80,1,-1,-1,-1
222,32,-102.20,417.16,372.25,223.85,1,-1,-1,-1
222,36,636.24,482.35,141.42,100.38,1,-1,-1,-1
223,36,614.98,479.95,146.03,101.73,1,-1,-1,-1
224,36,591.04,476.50,155.51,106.02,1,-1,-1,-1
225,36,566.66,473.77,161.37,107.78,1,-1,-1,-1
226,36,538.47,470.86,167.30,109.05,1,-1,-1,-1
227,36,509.45,468.34,174.78,111.07,1,-1,-1,-1
228,36,476.83,464.38,182.59,113.17,1,-1,-1,-1
229,36,440.20,458.20,193.43,116.75,1,-1,-1,-1
230,36,397.99,450.44,207.79,122.23,1,-1,-1,-1
231,36,351.88,443.07,220.28,126.26,1,-1,-1,-1
231,39,4.74,287.92,185.36,121.30,1,-1,-1,-1
231,40,1334.08,710.08,180.86,113.70,1,-1,-1,-1
232,36,304.50,436.10,232.68,129.63,1,-1,-1,-1
232,39,4.56,287.79,185.77,121.59,1,-1,-1,-1
232,40,1333.14,709.84,181.51,114.12,1,-1,-1,-1
233,36,251.31,429.16,247.48,133.91,1,-1,-1,-1
233,39,4.40,287.87,186.28,121.96,1,-1,-1,-1
233,40,1333.36,709.92,181.36,114.04,1,-1,-1,-1
234,36,188.50,419.62,264.86,139.38,1,-1,-1,-1
234,39,4.25,287.84,186.67,122.21,1,-1,-1,-1
234,40,1333.07,709.58,181.63,114.23,1,-1,-1,-1
235,36,118.73,406.97,286.17,147.15,1,-1,-1,-1
235,40,1333.71,709.64,181.44,114.19,1,-1,-1,-1
236,36,51.05,394.44,303.24,153.03,1,-1,-1,-1
236,40,1334.27,709.56,181.14,114.10,1,-1,-1,-1
237,36,5.01,383.51,314.18,158.71,1,-1,-1,-1
237,40,1333.76,709.30,181.20,114.18,1,-1,-1,-1
238,36,-26.83,374.97,317.14,163.07,1,-1,-1,-1
238,40,1333.17,709.06,181.05,114.03,1,-1,-1,-1
239,36,-53.28,366.27,309.37,164.63,1,-1,-1,-1
239,40,1331.45,708.46,181.62,114.32,1,-1,-1,-1
240,36,-90.36,359.61,316.17,168.24,1,-1,-1,-1
240,40,1331.35,708.25,181.75,114.36,1,-1,-1,-1
241,40,1332.77,708.93,180.61,113.55,1,-1,-1,-1
242,40,1332.83,709.06,180.24,113.21,1,-1,-1,-1
243,40,1332.63,709.00,180.47,113.26,1,-1,-1,-1
243,41,4.94,288.12,185.59,120.39,1,-1,-1,-1
244,40,1332.80,709.12,180.62,113.29,1,-1,-1,-1
244,41,4.91,288.07,185.65,120.39,1,-1,-1,-1
245,40,1332.70,709.11,180.76,113.28,1,-1,-1,-1
245,41,4.94,288.06,185.67,120.35,1,-1,-1,-1
246,40,1332.49,709.01,181.08,113.39,1,-1,-1,-1
246,41,4.89,288.06,185.80,120.38,1,-1,-1,-1
247,40,1332.77,709.23,180.94,113.24,1,-1,-1,-1
247,41,4.92,288.10,185.80,120.32,1,-1,-1,-1
248,40,1332.92,709.15,180.85,113.13,1,-1,-1,-1
248,41,4.84,288.06,185.96,120.37,1,-1,-1,-1
249,40,1332.88,709.15,180.88,113.09,1,-1,-1,-1
249,41,4.81,288.06,186.00,120.34,1,-1,-1,-1
250,40,1332.88,709.15,180.86,113.04,1,-1,-1,-1
250,41,4.74,288.04,186.11,120.36,1,-1,-1,-1
251,40,1330.97,708.55,182.57,113.97,1,-1,-1,-1
251,41,4.59,288.17,186.20,120.38,1,-1,-1,-1
252,40,1330.38,708.40,183.00,114.09,1,-1,-1,-1
252,41,4.54,288.25,186.23,120.35,1,-1,-1,-1
253,40,1330.27,708.64,183.27,114.13,1,-1,-1,-1
253,41,4.68,288.63,185.72,119.94,1,-1,-1,-1
254,40,1330.15,708.67,183.66,114.32,1,-1,-1,-1
254,41,4.69,288.80,185.54,119.76,1,-1,-1,-1
255,40,1330.82,708.90,183.44,114.22,1,-1,-1,-1
255,41,4.69,288.93,185.48,119.64,1,-1,-1,-1
256,40,1331.85,709.25,182.99,114.05,1,-1,-1,-1
256,41,4.65,288.99,185.54,119.62,1,-1,-1,-1
257,40,1332.10,709.48,182.96,114.14,1,-1,-1,-1
257,41,4.58,289.00,185.59,119.60,1,-1,-1,-1
258,40,1331.96,709.50,182.98,114.23,1,-1,-1,-1
258,41,4.55,289.02,185.59,119.54,1,-1,-1,-1
258,42,986.45,499.99,70.94,63.24,1,-1,-1,-1
259,40,1329.48,708.36,184.79,115.40,1,-1,-1,-1
259,41,4.76,289.34,184.81,118.94,1,-1,-1,-1
259,42,985.33,500.83,71.72,63.96,1,-1,-1,-1
260,40,1329.69,708.17,185.04,115.79,1,-1,-1,-1
260,41,4.81,289.48,184.68,118.76,1,-1,-1,-1
260,42,984.36,501.29,72.58,64.74,1,-1,-1,-1
261,40,1330.39,708.19,184.82,115.94,1,-1,-1,-1
261,41,4.78,289.48,184.69,118.69,1,-1,-1,-1
261,42,983.24,500.90,73.28,65.43,1,-1,-1,-1
262,40,1331.25,708.31,183.82,115.51,1,-1,-1,-1
262,41,4.67,289.38,184.92,118.77,1,-1,-1,-1
262,42,982.44,501.97,73.37,65.61,1,-1,-1,-1
263,40,1330.73,708.06,183.97,115.71,1,-1,-1,-1
263,41,4.59,289.30,185.10,118.84,1,-1,-1,-1
263,42,982.25,503.62,73.08,65.45,1,-1,-1,-1
264,40,1330.83,707.88,183.93,115.83,1,-1,-1,-1
264,41,4.48,289.20,185.28,118.92,1,-1,-1,-1
264,42,981.39,505.19,72.96,65.38,1,-1,-1,-1
265,40,1330.32,707.82,183.62,115.59,1,-1,-1,-1
265,41,4.22,288.85,185.93,119.35,1,-1,-1,-1
265,42,980.15,506.27,73.24,65.68,1,-1,-1,-1
266,40,1329.44,707.72,183.84,115.62,1,-1,-1,-1
266,41,4.14,288.73,186.09,119.47,1,-1,-1,-1
266,42,978.23,507.23,73.48,65.91,1,-1,-1,-1
267,40,1329.23,707.68,184.09,115.74,1,-1,-1,-1
267,41,4.09,288.65,186.20,119.55,1,-1,-1,-1
267,42,976.30,508.20,74.39,66.73,1,-1,-1,-1
268,40,1329.37,707.77,184.42,116.01,1,-1,-1,-1
268,41,4.05,288.64,186.23,119.60,1,-1,-1,-1
268,42,975.03,508.59,75.10,67.35,1,-1,-1,-1
269,40,1329.52,707.89,184.57,116.17,1,-1,-1,-1
269,41,4.00,288.59,186.24,119.64,1,-1,-1,-1
269,42,973.46,509.20,75.60,67.75,1,-1,-1,-1
270,40,1329.51,707.85,184.66,116.31,1,-1,-1,-1
270,41,4.02,288.58,186.16,119.61,1,-1,-1,-1
270,42,972.17,510.19,76.18,68.25,1,-1,-1,-1
271,40,1329.53,707.83,184.85,116.57,1,-1,-1,-1
271,41,3.97,288.57,186.17,119.68,1,-1,-1,-1
271,42,970.35,511.09,76.82,68.75,1,-1,-1,-1
272,40,1329.68,708.39,183.76,115.67,1,-1,-1,-1
272,41,4.38,288.97,186.45,119.74,1,-1,-1,-1
272,42,968.89,512.27,77.19,68.83,1,-1,-1,-1
273,40,1335.79,708.68,182.52,115.36,1,-1,-1,-1
273,41,3.49,288.71,188.12,120.85,1,-1,-1,-1
273,42,966.35,512.55,78.10,69.40,1,-1,-1,-1
273,44,899.90,483.43,80.76,71.88,1,-1,-1,-1
274,40,1336.35,708.74,182.49,115.34,1,-1,-1,-1
274,41,2.89,288.55,188.73,121.24,1,-1,-1,-1
274,42,963.89,513.68,78.65,69.61,1,-1,-1,-1
274,44,897.16,483.70,81.84,72.75,1,-1,-1,-1
275,41,2.49,288.15,189.68,122.01,1,-1,-1,-1
275,42,961.91,515.48,79.67,70.50,1,-1,-1,-1
275,44,894.92,484.04,82.85,73.65,1,-1,-1,-1
275,45,112.43,656.55,429.40,512.81,1,-1,-1,-1
276,41,2.31,288.08,190.04,122.25,1,-1,-1,-1
276,42,959.87,517.36,80.62,71.41,1,-1,-1,-1
276,44,892.29,484.72,83.57,74.36,1,-1,-1,-1
276,45,187.04,648.16,415.28,479.18,1,-1,-1,-1
277,42,957.12,518.98,81.86,72.62,1,-1,-1,-1
277,44,888.25,485.62,84.45,75.19,1,-1,-1,-1
277,45,312.73,644.34,378.92,418.77,1,-1,-1,-1
278,42,954.37,520.72,82.28,72.99,1,-1,-1,-1
278,44,884.45,486.36,84.00,74.81,1,-1,-1,-1
278,45,450.63,643.49,343.89,365.87,1,-1,-1,-1
279,42,951.49,521.91,83.48,74.14,1,-1,-1,-1
279,44,880.25,487.68,83.64,74.46,1,-1,-1,-1
279,45,561.25,644.16,322.95,332.43,1,-1,-1,-1
280,42,948.72,522.82,84.42,75.02,1,-1,-1,-1
280,44,876.75,488.59,84.16,74.87,1,-1,-1,-1
280,45,647.88,642.16,300.48,299.99,1,-1,-1,-1
281,42,946.06,524.16,84.86,75.48,1,-1,-1,-1
281,44,873.46,488.86,84.77,75.23,1,-1,-1,-1
281,45,724.02,641.57,280.34,272.79,1,-1,-1,-1
282,42,942.17,525.34,85.67,76.02,1,-1,-1,-1
282,44,869.00,488.81,86.26,76.47,1,-1,-1,-1
282,45,786.69,640.28,259.79,246.67,1,-1,-1,-1
283,42,937.85,526.68,86.88,76.75,1,-1,-1,-1
283,44,863.84,488.75,88.07,78.00,1,-1,-1,-1
283,45,833.39,637.22,248.33,231.23,1,-1,-1,-1
284,42,934.31,528.77,87.75,77.11,1,-1,-1,-1
284,44,859.01,488.57,90.34,79.80,1,-1,-1,-1
284,45,876.24,634.06,229.60,209.54,1,-1,-1,-1
285,42,930.65,530.52,89.18,77.99,1,-1,-1,-1
285,44,853.35,488.20,91.93,81.07,1,-1,-1,-1
285,45,911.19,631.48,214.40,192.07,1,-1,-1,-1
285,47,1342.58,709.53,173.99,116.64,1,-1,-1,-1
286,42,925.72,532.76,90.73,78.95,1,-1,-1,-1
286,44,847.05,488.27,93.59,82.48,1,-1,-1,-1
286,45,938.70,628.48,207.91,184.47,1,-1,-1,-1
286,47,1341.89,708.63,175.01,117.39,1,-1,-1,-1
287,42,919.51,533.82,92.26,80.04,1,-1,-1,-1
287,44,840.38,489.82,94.34,82.94,1,-1,-1,-1
287,45,964.34,626.96,194.74,171.03,1,-1,-1,-1
287,47,1340.38,707.92,176.49,118.45,1,-1,-1,-1
288,42,912.39,535.25,94.27,81.56,1,-1,-1,-1
288,44,832.37,491.06,94.83,82.80,1,-1,-1,-1
288,45,984.58,624.80,184.86,161.19,1,-1,-1,-1
288,47,1339.57,706.96,177.09,118.91,1,-1,-1,-1
289,42,905.07,534.89,98.14,84.77,1,-1,-1,-1
289,44,824.88,491.13,97.09,84.53,1,-1,-1,-1
289,45,1007.74,624.91,172.31,149.87,1,-1,-1,-1
289,47,1339.90,707.13,175.83,118.11,1,-1,-1,-1
290,42,895.46,535.62,102.14,88.05,1,-1,-1,-1
290,44,818.17,490.19,100.15,86.97,1,-1,-1,-1
290,45,1026.60,624.69,164.51,143.16,1,-1,-1,-1
290,47,1340.16,707.17,175.39,117.86,1,-1,-1,-1
291,42,885.70,536.96,104.95,90.07,1,-1,-1,-1
291,44,808.20,487.91,105.25,91.31,1,-1,-1,-1
291,45,1039.40,623.88,157.72,137.78,1,-1,-1,-1
291,47,1340.58,707.07,175.16,117.78,1,-1,-1,-1
292,42,875.15,536.76,109.29,93.50,1,-1,-1,-1
292,44,798.53,486.35,109.66,95.15,1,-1,-1,-1
292,45,1051.71,624.25,149.61,131.06,1,-1,-1,-1
292,47,1341.25,707.59,174.03,117.06,1,-1,-1,-1
293,42,863.81,536.21,113.03,96.24,1,-1,-1,-1
293,44,786.83,485.54,112.65,97.45,1,-1,-1,-1
293,45,1062.84,622.33,140.49,123.61,1,-1,-1,-1
293,47,1340.49,706.98,174.82,117.64,1,-1,-1,-1
294,42,851.94,536.14,115.38,97.55,1,-1,-1,-1
294,44,776.01,485.94,113.09,97.18,1,-1,-1,-1
294,45,1070.67,621.03,134.29,119.00,1,-1,-1,-1
294,47,1341.25,707.18,174.03,117.16,1,-1,-1,-1
295,42,838.58,535.72,118.92,99.71,1,-1,-1,-1
295,44,769.11,485.80,114.82,98.67,1,-1,-1,-1
295,45,1076.81,618.88,129.46,115.31,1,-1,-1,-1
295,47,1341.25,707.04,173.88,117.11,1,-1,-1,-1
296,42,823.42,535.17,124.07,102.45,1,-1,-1,-1
296,45,1083.22,615.40,125.18,111.98,1,-1,-1,-1
296,47,1341.62,707.18,173.44,116.90,1,-1,-1,-1
297,42,806.23,534.62,130.18,105.59,1,-1,-1,-1
297,45,1090.00,612.31,118.47,106.15,1,-1,-1,-1
297,47,1342.09,707.71,172.34,116.21,1,-1,-1,-1
298,42,789.10,533.54,135.31,107.74,1,-1,-1,-1
298,45,1092.92,608.88,115.61,103.83,1,-1,-1,-1
298,47,1342.29,707.61,171.68,115.70,1,-1,-1,-1
299,42,767.69,532.67,140.16,109.32,1,-1,-1,-1
299,45,1095.63,605.47,112.81,101.58,1,-1,-1,-1
299,47,1342.66,707.87,170.99,115.14,1,-1,-1,-1
300,42,745.57,530.82,145.43,111.09,1,-1,-1,-1
300,45,1098.00,603.24,109.10,98.42,1,-1,-1,-1
300,47,1343.81,708.76,169.97,114.35,1,-1,-1,-1
301,42,717.33,527.85,153.53,114.65,1,-1,-1,-1
301,45,1098.72,600.35,107.43,97.10,1,-1,-1,-1
301,47,1343.32,708.33,170.95,114.98,1,-1,-1,-1
302,42,688.49,525.00,162.16,118.00,1,-1,-1,-1
302,45,1099.96,598.12,104.33,94.64,1,-1,-1,-1
302,47,1343.36,708.66,171.37,115.27,1,-1,-1,-1
303,42,654.38,522.46,172.42,121.77,1,-1,-1,-1
303,45,1098.73,594.79,104.71,95.50,1,-1,-1,-1
303,47,1343.74,708.65,171.05,115.14,1,-1,-1,-1
304,42,615.25,518.47,185.65,127.11,1,-1,-1,-1
304,45,1099.91,592.19,102.22,93.66,1,-1,-1,-1
304,47,1343.82,708.71,170.58,114.81,1,-1,-1,-1
305,42,571.66,510.66,202.67,135.04,1,-1,-1,-1
305,45,1101.48,589.78,98.47,90.68,1,-1,-1,-1
305,47,1344.75,709.45,169.46,114.00,1,-1,-1,-1
306,42,518.53,492.16,234.40,154.19,1,-1,-1,-1
306,45,1100.62,586.48,95.25,87.68,1,-1,-1,-1
306,47,1345.30,709.76,168.87,113.55,1,-1,-1,-1
307,42,465.55,481.35,255.28,165.41,1,-1,-1,-1
307,45,1099.51,583.11,94.20,86.73,1,-1,-1,-1
307,47,1345.85,710.17,168.69,113.42,1,-1,-1,-1
307,48,869.28,501.39,82.52,67.92,1,-1,-1,-1
308,42,413.47,479.46,264.20,166.89,1,-1,-1,-1
308,45,1098.62,579.00,93.33,86.11,1,-1,-1,-1
308,47,1345.69,710.30,169.00,113.71,1,-1,-1,-1
308,48,863.17,500.89,84.05,69.16,1,-1,-1,-1
309,42,344.52,469.81,284.28,175.49,1,-1,-1,-1
309,45,1097.75,575.80,91.73,84.61,1,-1,-1,-1
309,47,1346.17,710.39,168.56,113.41,1,-1,-1,-1
309,48,857.30,500.62,85.44,70.18,1,-1,-1,-1
310,42,263.11,453.24,315.20,190.45,1,-1,-1,-1
310,45,1097.31,572.30,91.52,84.63,1,-1,-1,-1
310,47,1346.92,710.55,167.72,112.81,1,-1,-1,-1
310,48,851.54,500.69,86.92,71.42,1,-1,-1,-1
311,42,176.87,445.11,331.79,194.69,1,-1,-1,-1
311,45,1098.79,571.43,88.67,82.14,1,-1,-1,-1
311,47,1348.23,711.02,166.35,111.79,1,-1,-1,-1
311,48,845.18,501.83,87.17,71.56,1,-1,-1,-1
312,42,84.57,435.02,352.32,201.30,1,-1,-1,-1
312,45,1101.00,568.68,86.14,79.79,1,-1,-1,-1
312,47,1349.18,711.62,165.86,111.44,1,-1,-1,-1
312,48,837.30,501.89,88.00,72.11,1,-1,-1,-1
313,42,20.89,428.84,362.72,206.63,1,-1,-1,-1
313,47,1349.68,711.85,165.39,111.13,1,-1,-1,-1
313,48,828.50,500.99,90.45,74.07,1,-1,-1,-1
313,49,-5.79,395.52,474.21,232.33,1,-1,-1,-1
314,42,-21.64,423.30,372.66,212.29,1,-1,-1,-1
314,48,820.12,499.76,93.01,76.04,1,-1,-1,-1
314,49,-35.91,390.21,471.13,232.33,1,-1,-1,-1
315,48,809.30,498.20,96.59,78.64,1,-1,-1,-1
315,49,-32.63,374.56,404.16,200.46,1,-1,-1,-1
316,48,799.86,496.42,100.63,81.82,1,-1,-1,-1
316,49,-50.70,351.43,383.86,193.35,1,-1,-1,-1
317,48,789.54,494.66,103.77,84.14,1,-1,-1,-1
317,49,-82.40,328.92,379.83,196.87,1,-1,-1,-1
317,50,1334.25,708.08,178.94,115.77,1,-1,-1,-1
318,48,779.08,494.26,105.74,85.07,1,-1,-1,-1
318,49,-107.03,314.73,371.36,192.48,1,-1,-1,-1
318,50,1334.54,708.61,178.54,115.41,1,-1,-1,-1
319,48,766.61,493.49,109.25,87.05,1,-1,-1,-1
319,50,1334.39,708.73,179.02,115.67,1,-1,-1,-1
320,48,752.36,492.40,112.75,89.20,1,-1,-1,-1
320,50,1333.73,708.42,179.38,115.80,1,-1,-1,-1
321,48,737.87,491.74,114.54,89.44,1,-1,-1,-1
321,50,1333.98,708.65,179.34,115.68,1,-1,-1,-1
321,51,5.08,287.94,183.78,120.42,1,-1,-1,-1
322,48,722.09,490.31,117.04,89.82,1,-1,-1,-1
322,50,1334.19,708.89,179.79,115.93,1,-1,-1,-1
322,51,5.11,287.95,183.80,120.40,1,-1,-1,-1
323,48,703.60,488.50,121.46,91.65,1,-1,-1,-1
323,50,1335.47,709.85,178.78,115.29,1,-1,-1,-1
323,51,5.41,288.16,184.30,120.70,1,-1,-1,-1
324,48,684.83,487.16,125.10,92.59,1,-1,-1,-1
324,50,1335.04,709.91,178.78,115.24,1,-1,-1,-1
324,51,5.47,288.18,184.57,120.83,1,-1,-1,-1
325,48,665.53,484.48,129.60,94.12,1,-1,-1,-1
325,50,1335.04,709.94,177.81,114.44,1,-1,-1,-1
325,51,5.01,287.99,185.34,121.35,1,-1,-1,-1
326,48,643.92,483.17,132.55,94.05,1,-1,-1,-1
326,50,1335.55,710.22,177.29,113.99,1,-1,-1,-1
326,51,4.86,288.01,185.55,121.49,1,-1,-1,-1
327,48,620.02,481.43,136.19,94.58,1,-1,-1,-1
327,50,1335.00,709.96,177.68,114.09,1,-1,-1,-1
327,51,4.81,288.06,185.55,121.50,1,-1,-1,-1
328,48,592.96,477.28,146.41,99.43,1,-1,-1,-1
328,50,1335.15,710.24,177.70,113.99,1,-1,-1,-1
328,51,4.87,288.24,185.45,121.42,1,-1,-1,-1
329,48,563.97,473.18,154.82,103.15,1,-1,-1,-1
329,50,1336.49,710.80,176.64,113.32,1,-1,-1,-1
329,51,4.85,288.39,185.44,121.39,1,-1,-1,-1
330,48,532.52,469.87,161.45,105.41,1,-1,-1,-1
330,50,1336.39,710.90,176.81,113.41,1,-1,-1,-1
330,51,4.75,288.20,185.73,121.59,1,-1,-1,-1
331,48,498.47,466.94,169.82,108.46,1,-1,-1,-1
331,50,1338.10,711.65,175.56,112.76,1,-1,-1,-1
331,51,4.86,288.11,185.84,121.66,1,-1,-1,-1
331,54,894.57,481.33,79.17,71.61,1,-1,-1,-1
332,48,462.20,460.71,179.69,111.92,1,-1,-1,-1
332,50,1337.67,710.83,176.71,113.52,1,-1,-1,-1
332,51,4.84,288.57,187.06,122.45,1,-1,-1,-1
332,54,892.15,481.56,80.09,72.42,1,-1,-1,-1
333,48,420.13,452.20,191.07,116.37,1,-1,-1,-1
333,50,1337.90,710.94,176.55,113.41,1,-1,-1,-1
333,51,5.43,289.24,186.29,121.76,1,-1,-1,-1
333,54,888.62,482.36,80.71,72.96,1,-1,-1,-1
334,48,370.08,443.02,206.70,123.12,1,-1,-1,-1
334,51,5.13,289.41,186.76,121.97,1,-1,-1,-1
334,54,884.59,483.17,81.79,73.90,1,-1,-1,-1
335,48,320.45,436.74,218.63,127.12,1,-1,-1,-1
335,51,4.99,289.39,186.89,121.99,1,-1,-1,-1
335,54,880.00,483.85,82.35,74.35,1,-1,-1,-1
335,55,90.24,555.05,305.36,290.45,1,-1,-1,-1
336,48,264.67,429.69,232.62,131.64,1,-1,-1,-1
336,51,5.02,289.50,187.02,122.08,1,-1,-1,-1
336,54,876.61,484.96,82.84,74.72,1,-1,-1,-1
336,55,191.11,559.07,282.22,260.59,1,-1,-1,-1
337,48,201.24,420.52,245.49,135.48,1,-1,-1,-1
337,54,872.02,485.35,83.53,75.28,1,-1,-1,-1
337,55,302.32,565.06,266.17,238.33,1,-1,-1,-1
338,48,128.90,407.49,263.48,142.26,1,-1,-1,-1
338,54,868.19,486.03,83.76,75.30,1,-1,-1,-1
338,55,403.33,571.10,251.35,218.35,1,-1,-1,-1
339,48,55.26,396.05,278.33,146.99,1,-1,-1,-1
339,54,863.26,486.14,85.22,76.51,1,-1,-1,-1
339,55,483.16,573.36,241.92,204.45,1,-1,-1,-1
340,48,7.10,384.12,288.86,152.64,1,-1,-1,-1
340,54,858.21,486.09,86.85,77.89,1,-1,-1,-1
340,55,545.71,576.57,234.87,193.60,1,-1,-1,-1
341,48,-31.86,372.61,292.74,158.62,1,-1,-1,-1
341,54,853.73,487.04,87.01,77.80,1,-1,-1,-1
341,55,605.09,580.90,223.63,179.89,1,-1,-1,-1
342,48,-65.16,362.91,286.24,162.72,1,-1,-1,-1
342,54,848.70,487.21,88.06,78.53,1,-1,-1,-1
342,55,656.67,587.09,210.24,165.29,1,-1,-1,-1
343,48,-104.18,355.98,293.02,166.58,1,-1,-1,-1
343,54,842.50,487.74,88.71,78.74,1,-1,-1,-1
343,55,700.05,591.32,201.04,154.97,1,-1,-1,-1
344,54,835.94,489.02,89.75,79.18,1,-1,-1,-1
344,55,738.99,594.42,192.07,145.82,1,-1,-1,-1
345,54,829.73,489.44,91.33,80.07,1,-1,-1,-1
345,55,771.05,597.80,183.72,137.76,1,-1,-1,-1
345,56,1337.44,708.44,179.32,117.02,1,-1,-1,-1
346,54,822.53,488.30,93.91,81.99,1,-1,-1,-1
346,55,800.67,598.81,178.18,132.75,1,-1,-1,-1
346,56,1337.81,708.50,179.58,117.27,1,-1,-1,-1
346,57,4.59,290.37,185.26,118.85,1,-1,-1,-1
347,54,813.51,485.79,98.56,85.92,1,-1,-1,-1
347,55,825.44,598.79,173.87,128.48,1,-1,-1,-1
347,56,1335.65,707.95,180.76,118.03,1,-1,-1,-1
347,57,4.27,290.18,185.55,119.06,1,-1,-1,-1
348,54,804.22,483.42,102.77,89.31,1,-1,-1,-1
348,55,847.94,598.71,169.48,124.93,1,-1,-1,-1
348,56,1336.33,708.59,179.96,117.56,1,-1,-1,-1
348,57,4.38,290.21,185.44,119.01,1,-1,-1,-1
349,54,794.72,481.81,106.92,92.79,1,-1,-1,-1
349,55,870.54,600.29,161.94,119.32,1,-1,-1,-1
349,56,1336.70,709.18,179.08,117.04,1,-1,-1,-1
349,57,4.38,290.10,185.96,119.37,1,-1,-1,-1
350,54,784.89,482.06,109.21,94.41,1,-1,-1,-1
350,55,889.36,600.39,156.67,115.52,1,-1,-1,-1
350,56,1337.24,709.02,178.78,116.90,1,-1,-1,-1
350,57,4.34,290.00,186.11,119.50,1,-1,-1,-1
351,54,775.13,482.05,111.57,95.96,1,-1,-1,-1
351,55,905.47,599.77,152.57,112.77,1,-1,-1,-1
351,56,1337.94,709.55,177.96,116.46,1,-1,-1,-1
351,57,4.50,290.04,185.94,119.42,1,-1,-1,-1
352,54,763.71,481.62,114.11,97.34,1,-1,-1,-1
352,55,923.26,600.06,144.76,107.39,1,-1,-1,-1
352,56,1338.48,709.97,177.06,115.96,1,-1,-1,-1
352,57,4.60,290.03,185.85,119.39,1,-1,-1,-1
353,54,751.13,480.03,118.25,100.03,1,-1,-1,-1
353,55,937.55,599.45,138.93,103.51,1,-1,-1,-1
353,56,1344.14,710.35,175.36,115.35,1,-1,-1,-1
353,57,4.61,290.00,185.92,119.44,1,-1,-1,-1
354,54,736.15,477.82,122.84,103.23,1,-1,-1,-1
354,55,949.10,598.53,135.18,101.33,1,-1,-1,-1
354,56,1345.00,710.57,175.04,115.14,1,-1,-1,-1
355,54,721.14,477.24,125.55,104.39,1,-1,-1,-1
355,55,960.40,597.23,131.07,99.07,1,-1,-1,-1
356,54,704.61,476.82,128.67,105.55,1,-1,-1,-1
356,55,971.03,596.13,126.13,96.46,1,-1,-1,-1
357,54,683.79,474.05,134.42,109.19,1,-1,-1,-1
357,55,978.64,594.09,122.98,95.18,1,-1,-1,-1
358,54,663.70,470.99,138.64,111.40,1,-1,-1,-1
358,55,986.06,592.44,120.95,94.88,1,-1,-1,-1
359,54,639.91,468.16,144.41,114.38,1,-1,-1,-1
359,55,993.82,592.04,114.62,91.10,1,-1,-1,-1
360,54,615.35,466.75,147.46,114.88,1,-1,-1,-1
360,55,1000.02,591.61,109.48,88.02,1,-1,-1,-1
361,54,589.13,461.22,155.81,119.26,1,-1,-1,-1
361,55,1006.89,590.45,105.33,85.67,1,-1,-1,-1
362,54,561.63,458.32,161.03,120.73,1,-1,-1,-1
362,55,1013.17,589.26,101.74,83.58,1,-1,-1,-1
363,54,528.14,451.82,170.70,125.70,1,-1,-1,-1
363,55,1018.33,588.51,97.49,80.78,1,-1,-1,-1
364,54,491.36,445.71,181.80,131.26,1,-1,-1,-1
364,55,1022.66,585.84,94.96,79.08,1,-1,-1,-1
365,54,451.22,435.92,195.77,138.74,1,-1,-1,-1
365,55,1026.16,583.19,93.08,77.84,1,-1,-1,-1
366,54,407.83,428.04,207.96,144.83,1,-1,-1,-1
366,55,1028.88,581.22,91.26,76.49,1,-1,-1,-1
367,54,356.02,419.55,221.92,151.84,1,-1,-1,-1
367,55,1033.22,580.40,89.12,75.11,1,-1,-1,-1
368,54,300.94,406.50,239.38,161.32,1,-1,-1,-1
368,55,1041.22,579.23,86.24,72.69,1,-1,-1,-1
369,54,242.05,397.43,250.75,165.44,1,-1,-1,-1
369,61,1031.91,576.66,85.37,74.88,1,-1,-1,-1
370,54,175.12,388.00,262.45,169.10,1,-1,-1,-1
370,61,1034.23,574.04,84.36,74.05,1,-1,-1,-1
371,54,101.72,376.66,274.83,173.28,1,-1,-1,-1
371,61,1036.81,571.04,83.45,73.37,1,-1,-1,-1
372,54,34.45,362.56,286.91,178.81,1,-1,-1,-1
372,61,1039.11,568.54,82.50,72.71,1,-1,-1,-1
373,54,-12.79,346.29,299.30,189.34,1,-1,-1,-1
373,61,1039.91,566.36,82.14,72.60,1,-1,-1,-1
374,54,-52.44,327.71,306.61,201.50,1,-1,-1,-1
374,61,1040.90,564.99,81.00,71.72,1,-1,-1,-1
374,62,1340.27,709.86,173.43,114.19,1,-1,-1,-1
375,54,-91.97,319.34,314.77,206.86,1,-1,-1,-1
375,61,1041.08,563.51,80.47,71.39,1,-1,-1,-1
375,62,1340.43,710.56,173.13,113.84,1,-1,-1,-1
376,61,1041.73,562.33,80.10,71.18,1,-1,-1,-1
376,62,1341.15,711.13,172.34,113.16,1,-1,-1,-1
377,61,1041.68,560.52,79.54,70.87,1,-1,-1,-1
377,62,1341.61,711.31,172.20,112.93,1,-1,-1,-1
378,61,1041.86,558.73,79.37,70.97,1,-1,-1,-1
378,62,1342.02,711.72,172.22,112.83,1,-1,-1,-1
379,61,1042.04,556.29,78.39,70.35,1,-1,-1,-1
379,62,1342.04,711.89,172.27,112.74,1,-1,-1,-1
379,63,4.27,289.61,187.35,118.83,1,-1,-1,-1
380,61,1042.20,552.99,77.04,69.42,1,-1,-1,-1
380,62,1341.74,711.75,172.68,112.85,1,-1,-1,-1
380,63,4.31,289.70,187.15,118.71,1,-1,-1,-1
381,61,1042.31,551.13,76.25,69.00,1,-1,-1,-1
381,62,1341.31,711.54,172.94,112.84,1,-1,-1,-1
381,63,4.34,289.69,187.07,118.65,1,-1,-1,-1
382,61,1041.96,548.85,75.20,68.29,1,-1,-1,-1
382,62,1341.03,711.51,173.53,113.09,1,-1,-1,-1
382,63,4.33,289.65,187.11,118.68,1,-1,-1,-1
383,61,1041.33,545.46,74.44,67.78,1,-1,-1,-1
383,62,1341.01,711.58,173.44,112.88,1,-1,-1,-1
383,63,3.59,288.73,188.31,119.51,1,-1,-1,-1
384,61,1040.02,541.20,74.06,67.58,1,-1,-1,-1
384,62,1341.05,711.55,173.66,112.88,1,-1,-1,-1
384,63,3.38,288.42,188.59,119.75,1,-1,-1,-1
384,65,978.40,502.04,72.48,67.47,1,-1,-1,-1
385,61,1039.11,538.15,74.40,67.92,1,-1,-1,-1
385,62,1338.44,710.06,175.69,113.88,1,-1,-1,-1
385,63,3.16,288.67,189.20,120.21,1,-1,-1,-1
385,65,977.56,504.15,72.85,67.85,1,-1,-1,-1
386,61,1038.86,535.37,74.19,67.73,1,-1,-1,-1
386,62,1336.36,709.17,178.02,115.23,1,-1,-1,-1
386,63,2.64,288.76,190.86,121.43,1,-1,-1,-1
386,65,976.76,504.85,73.27,68.24,1,-1,-1,-1
387,61,1035.98,532.22,74.25,67.67,1,-1,-1,-1
387,62,1335.55,708.83,179.48,116.04,1,-1,-1,-1
387,63,2.04,288.76,191.86,122.28,1,-1,-1,-1
388,61,1021.39,525.06,74.77,68.15,1,-1,-1,-1
388,62,1335.13,708.63,179.89,116.31,1,-1,-1,-1
388,63,1.83,288.99,192.17,122.72,1,-1,-1,-1
388,66,88.97,540.37,277.04,300.17,1,-1,-1,-1
389,61,1019.36,521.91,74.53,67.93,1,-1,-1,-1
389,63,1.51,288.96,192.82,123.14,1,-1,-1,-1
389,66,181.84,544.06,260.94,271.41,1,-1,-1,-1
389,67,976.83,510.79,74.04,68.63,1,-1,-1,-1
390,66,299.96,551.43,245.32,244.65,1,-1,-1,-1
390,67,977.09,511.40,74.27,68.85,1,-1,-1,-1
391,66,412.14,558.67,231.97,222.00,1,-1,-1,-1
391,68,971.97,511.95,75.65,68.57,1,-1,-1,-1
392,66,499.43,566.75,219.32,201.71,1,-1,-1,-1
392,68,969.43,513.00,76.16,68.96,1,-1,-1,-1
393,66,571.70,571.95,209.20,185.40,1,-1,-1,-1
393,68,967.72,514.14,75.98,68.67,1,-1,-1,-1
393,69,964.69,514.86,77.74,68.43,1,-1,-1,-1
394,66,633.28,576.72,201.16,172.04,1,-1,-1,-1
394,68,966.52,514.92,76.02,68.70,1,-1,-1,-1
394,69,963.71,515.37,78.76,69.29,1,-1,-1,-1
395,66,685.49,578.60,195.57,162.39,1,-1,-1,-1
395,69,961.19,517.38,78.70,69.20,1,-1,-1,-1
395,70,4.72,289.12,185.87,120.09,1,-1,-1,-1
395,71,1337.09,710.11,178.04,115.50,1,-1,-1,-1
396,66,729.35,581.21,188.08,152.41,1,-1,-1,-1
396,69,958.70,518.83,79.60,69.99,1,-1,-1,-1
396,70,4.65,288.86,186.08,120.23,1,-1,-1,-1
396,71,1337.02,710.09,177.45,115.08,1,-1,-1,-1
397,66,768.17,584.00,183.28,145.72,1,-1,-1,-1
397,69,955.34,519.91,80.40,70.66,1,-1,-1,-1
397,70,4.52,288.64,186.63,120.59,1,-1,-1,-1
397,71,1336.14,709.49,178.98,116.07,1,-1,-1,-1
398,66,803.41,586.30,174.57,136.63,1,-1,-1,-1
398,69,952.20,521.10,81.13,71.20,1,-1,-1,-1
398,70,4.50,288.54,186.78,120.69,1,-1,-1,-1
398,71,1335.73,709.18,179.93,116.76,1,-1,-1,-1
399,66,834.81,589.62,166.99,128.94,1,-1,-1,-1
399,69,948.93,522.05,81.90,71.82,1,-1,-1,-1
399,71,1335.77,709.53,179.92,116.77,1,-1,-1,-1
400,66,861.01,592.68,157.26,119.94,1,-1,-1,-1
400,69,945.22,524.33,83.89,73.48,1,-1,-1,-1
400,71,1342.15,710.77,176.71,114.97,1,-1,-1,-1
401,66,886.51,595.35,148.93,112.47,1,-1,-1,-1
401,69,940.81,526.34,85.55,74.85,1,-1,-1,-1
401,71,1344.48,711.81,175.23,114.31,1,-1,-1,-1
402,66,907.14,595.51,142.84,107.05,1,-1,-1,-1
402,69,936.80,528.73,86.46,75.46,1,-1,-1,-1
402,71,1345.37,712.03,174.53,114.21,1,-1,-1,-1
403,66,927.14,594.25,137.72,102.77,1,-1,-1,-1
403,69,932.95,530.32,88.52,76.90,1,-1,-1,-1
403,71,1345.11,711.69,174.55,114.53,1,-1,-1,-1
404,66,943.13,595.12,132.47,98.38,1,-1,-1,-1
404,69,927.48,531.69,90.27,77.93,1,-1,-1,-1
404,71,1345.14,711.54,174.27,114.64,1,-1,-1,-1
405,66,956.35,594.19,129.86,96.46,1,-1,-1,-1
405,69,920.30,532.11,92.65,79.36,1,-1,-1,-1
405,71,1345.62,711.59,173.85,114.71,1,-1,-1,-1
405,72,5.19,288.42,186.35,120.61,1,-1,-1,-1
406,66,968.15,591.65,127.94,95.59,1,-1,-1,-1
406,69,912.41,532.57,95.27,80.99,1,-1,-1,-1
406,71,1345.30,711.14,173.77,114.97,1,-1,-1,-1
406,72,5.27,288.47,186.26,120.54,1,-1,-1,-1
407,66,978.30,589.42,125.37,94.20,1,-1,-1,-1
407,69,901.64,534.48,98.52,83.16,1,-1,-1,-1
407,71,1345.00,710.73,173.54,115.11,1,-1,-1,-1
407,72,5.14,288.35,186.45,120.68,1,-1,-1,-1
408,66,988.05,586.93,121.56,92.22,1,-1,-1,-1
408,69,890.47,534.79,102.69,86.32,1,-1,-1,-1
408,71,1345.10,710.64,172.95,114.97,1,-1,-1,-1
408,72,5.23,288.37,186.25,120.55,1,-1,-1,-1
409,66,998.70,586.91,115.26,88.21,1,-1,-1,-1
409,69,881.27,535.44,105.39,88.23,1,-1,-1,-1
409,71,1346.26,711.14,171.80,114.47,1,-1,-1,-1
409,72,4.84,288.26,186.81,120.98,1,-1,-1,-1
410,66,1007.23,586.73,110.72,85.61,1,-1,-1,-1
410,69,869.21,535.39,108.33,90.15,1,-1,-1,-1
410,71,1346.93,711.52,171.24,114.33,1,-1,-1,-1
410,72,4.73,288.27,186.77,121.01,1,-1,-1,-1
411,66,1014.88,585.81,107.36,83.94,1,-1,-1,-1
411,69,856.52,534.87,111.11,91.49,1,-1,-1,-1
411,71,1346.97,711.53,170.64,114.09,1,-1,-1,-1
411,72,4.66,288.27,186.69,121.03,1,-1,-1,-1
412,66,1022.07,583.48,103.94,81.98,1,-1,-1,-1
412,69,842.61,532.77,115.43,93.90,1,-1,-1,-1
412,71,1346.83,711.32,169.92,113.68,1,-1,-1,-1
412,72,4.66,288.32,186.52,120.98,1,-1,-1,-1
413,66,1026.45,580.53,101.68,81.03,1,-1,-1,-1
413,69,826.87,531.36,120.58,96.84,1,-1,-1,-1
413,71,1348.16,711.99,169.50,113.68,1,-1,-1,-1
413,72,4.58,288.32,186.58,121.02,1,-1,-1,-1
414,66,1030.69,578.72,98.88,79.38,1,-1,-1,-1
414,69,810.26,529.66,125.97,99.92,1,-1,-1,-1
414,71,1348.57,712.17,168.89,113.49,1,-1,-1,-1
415,66,1033.02,576.97,98.38,79.61,1,-1,-1,-1
415,69,792.58,528.19,131.00,102.51,1,-1,-1,-1
415,71,1348.98,712.36,168.30,113.30,1,-1,-1,-1
416,66,1035.04,574.20,97.72,79.75,1,-1,-1,-1
416,69,773.24,526.54,135.40,104.13,1,-1,-1,-1
416,71,1348.87,712.06,167.93,113.23,1,-1,-1,-1
417,66,1037.35,571.88,95.25,78.38,1,-1,-1,-1
417,69,751.87,525.02,140.81,106.39,1,-1,-1,-1
417,71,1349.33,712.24,167.36,113.02,1,-1,-1,-1
418,66,1039.99,569.40,93.13,77.21,1,-1,-1,-1
418,69,724.84,522.20,147.57,109.37,1,-1,-1,-1
418,71,1349.33,712.31,167.26,113.10,1,-1,-1,-1
418,73,5.47,290.17,183.60,118.58,1,-1,-1,-1
419,66,1043.65,567.78,90.60,75.76,1,-1,-1,-1
419,69,698.21,519.25,154.86,112.63,1,-1,-1,-1
419,71,1349.55,712.40,167.09,112.99,1,-1,-1,-1
419,73,5.54,290.36,183.44,118.45,1,-1,-1,-1
420,66,1046.67,566.63,87.92,74.12,1,-1,-1,-1
420,69,667.50,515.97,162.42,115.34,1,-1,-1,-1
420,73,5.45,290.27,183.51,118.47,1,-1,-1,-1
421,66,1048.28,564.62,87.33,74.21,1,-1,-1,-1
421,69,632.06,512.46,172.66,119.54,1,-1,-1,-1
421,73,5.34,289.96,183.84,118.65,1,-1,-1,-1
422,66,1049.60,562.66,86.82,74.38,1,-1,-1,-1
422,69,592.54,507.94,186.36,126.11,1,-1,-1,-1
422,73,5.11,289.82,184.37,118.96,1,-1,-1,-1
423,66,1051.10,561.82,85.66,73.95,1,-1,-1,-1
423,69,550.06,502.45,199.89,131.72,1,-1,-1,-1
423,73,4.84,289.40,184.96,119.35,1,-1,-1,-1
424,66,1052.37,560.35,84.31,73.38,1,-1,-1,-1
424,69,502.08,496.13,216.65,139.32,1,-1,-1,-1
424,73,4.81,289.46,185.12,119.45,1,-1,-1,-1
424,74,879.66,490.75,84.20,69.88,1,-1,-1,-1
425,66,1056.96,558.83,82.88,72.14,1,-1,-1,-1
425,69,450.29,489.79,231.19,144.63,1,-1,-1,-1
425,73,4.81,289.58,185.14,119.44,1,-1,-1,-1
425,74,875.18,491.23,84.81,70.37,1,-1,-1,-1
426,69,390.32,481.05,250.71,152.86,1,-1,-1,-1
426,73,4.58,289.63,185.41,119.63,1,-1,-1,-1
426,74,869.03,491.66,85.54,70.91,1,-1,-1,-1
427,69,320.37,472.23,270.53,160.68,1,-1,-1,-1
427,73,4.45,289.73,185.65,119.80,1,-1,-1,-1
427,74,864.05,491.38,86.67,71.75,1,-1,-1,-1
428,69,245.38,462.47,291.89,168.31,1,-1,-1,-1
428,73,4.34,289.98,186.02,120.09,1,-1,-1,-1
428,74,857.73,491.40,88.73,73.41,1,-1,-1,-1
429,69,156.15,450.44,313.59,175.72,1,-1,-1,-1
429,73,4.31,290.47,187.02,120.83,1,-1,-1,-1
429,74,852.62,492.52,89.61,74.07,1,-1,-1,-1
430,69,67.58,439.25,332.02,181.78,1,-1,-1,-1
430,73,3.67,290.80,189.09,122.32,1,-1,-1,-1
430,74,846.73,493.71,89.80,74.12,1,-1,-1,-1
431,69,7.56,429.95,342.61,188.00,1,-1,-1,-1
431,73,3.49,290.89,189.64,122.68,1,-1,-1,-1
431,74,839.27,494.15,91.02,75.11,1,-1,-1,-1
432,69,-35.06,420.65,344.86,193.73,1,-1,-1,-1
432,74,831.19,493.24,93.96,77.42,1,-1,-1,-1
433,69,-78.71,414.87,353.76,198.72,1,-1,-1,-1
433,74,824.18,493.53,94.61,77.62,1,-1,-1,-1
434,74,816.80,494.36,95.45,78.04,1,-1,-1,-1
435,74,807.27,493.74,98.33,80.15,1,-1,-1,-1
436,74,799.40,494.02,99.85,80.99,1,-1,-1,-1
436,79,1051.92,530.68,74.18,68.88,1,-1,-1,-1
436,80,5.36,288.78,183.65,120.09,1,-1,-1,-1
437,74,789.36,494.21,101.98,82.15,1,-1,-1,-1
437,79,1052.57,529.72,72.26,67.11,1,-1,-1,-1
437,80,5.24,288.68,183.87,120.21,1,-1,-1,-1
437,81,1331.32,709.58,182.56,115.84,1,-1,-1,-1
438,74,779.04,493.55,106.02,84.94,1,-1,-1,-1
438,79,1052.93,529.01,71.37,66.29,1,-1,-1,-1
438,80,5.18,288.66,184.03,120.29,1,-1,-1,-1
438,81,1331.22,709.52,182.65,115.85,1,-1,-1,-1
439,74,765.61,492.17,109.98,87.52,1,-1,-1,-1
439,80,5.18,288.68,184.13,120.31,1,-1,-1,-1
439,81,1331.56,709.59,182.64,115.80,1,-1,-1,-1
440,74,751.49,490.75,113.36,89.35,1,-1,-1,-1
440,80,5.13,288.64,184.35,120.43,1,-1,-1,-1
440,81,1331.93,709.66,182.38,115.58,1,-1,-1,-1
441,74,737.30,488.99,116.94,91.25,1,-1,-1,-1
441,80,5.08,288.66,184.51,120.49,1,-1,-1,-1
441,81,1331.68,709.56,182.12,115.30,1,-1,-1,-1
442,74,720.26,487.00,122.80,94.74,1,-1,-1,-1
442,80,5.05,288.70,184.65,120.53,1,-1,-1,-1
442,81,1331.41,709.55,182.23,115.24,1,-1,-1,-1
443,74,701.59,485.55,126.20,96.27,1,-1,-1,-1
443,80,5.05,288.73,184.83,120.60,1,-1,-1,-1
443,81,1332.62,709.55,181.75,114.99,1,-1,-1,-1
444,74,682.36,484.53,129.23,96.99,1,-1,-1,-1
444,80,5.00,288.67,185.06,120.70,1,-1,-1,-1
444,81,1333.03,709.40,181.42,114.78,1,-1,-1,-1
445,74,660.37,483.17,135.03,99.66,1,-1,-1,-1
445,80,5.56,289.11,184.36,120.12,1,-1,-1,-1
445,81,1334.20,710.06,179.96,113.89,1,-1,-1,-1
446,74,636.13,480.93,140.05,101.58,1,-1,-1,-1
446,80,5.69,289.26,184.37,120.02,1,-1,-1,-1
446,81,1335.20,710.49,179.50,113.74,1,-1,-1,-1
447,74,610.59,477.01,146.58,104.44,1,-1,-1,-1
447,80,5.73,289.35,184.53,120.01,1,-1,-1,-1
447,81,1336.09,710.66,178.82,113.44,1,-1,-1,-1
448,74,582.94,472.43,154.64,108.02,1,-1,-1,-1
448,80,5.64,289.42,184.86,120.13,1,-1,-1,-1
448,81,1335.20,710.35,179.25,113.74,1,-1,-1,-1
449,74,552.12,468.21,161.98,111.06,1,-1,-1,-1
449,80,5.57,289.42,185.16,120.22,1,-1,-1,-1
449,81,1335.23,710.27,179.27,113.79,1,-1,-1,-1
450,74,518.62,465.92,167.92,112.33,1,-1,-1,-1
450,80,5.39,289.18,185.77,120.55,1,-1,-1,-1
450,81,1336.32,710.57,178.77,113.63,1,-1,-1,-1
451,74,481.44,459.89,177.67,116.17,1,-1,-1,-1
451,80,5.33,289.07,185.93,120.58,1,-1,-1,-1
451,81,1336.83,710.60,178.19,113.37,1,-1,-1,-1
452,74,439.29,453.03,187.41,119.38,1,-1,-1,-1
452,80,5.35,289.15,186.05,120.58,1,-1,-1,-1
452,81,1337.29,710.71,177.87,113.28,1,-1,-1,-1
453,74,389.26,443.78,201.60,125.25,1,-1,-1,-1
453,80,4.93,289.23,186.00,120.56,1,-1,-1,-1
453,81,1338.97,710.48,177.14,113.05,1,-1,-1,-1
454,74,336.24,436.22,214.80,129.86,1,-1,-1,-1
454,80,4.57,289.03,186.35,120.81,1,-1,-1,-1
454,81,1339.50,710.30,176.68,112.94,1,-1,-1,-1
455,74,276.79,427.41,229.51,134.72,1,-1,-1,-1
455,80,4.42,288.99,186.68,121.07,1,-1,-1,-1
455,81,1340.03,710.45,176.36,112.96,1,-1,-1,-1
456,74,203.77,414.25,253.09,145.12,1,-1,-1,-1
456,80,4.46,288.99,187.26,121.48,1,-1,-1,-1
456,81,1339.93,710.22,176.35,113.14,1,-1,-1,-1
457,74,125.90,400.73,271.60,152.08,1,-1,-1,-1
457,80,4.41,288.97,187.42,121.58,1,-1,-1,-1
457,81,1339.29,710.01,176.64,113.43,1,-1,-1,-1
458,74,49.26,386.75,286.43,157.42,1,-1,-1,-1
458,81,1338.76,709.56,176.54,113.39,1,-1,-1,-1
459,74,0.78,376.40,293.86,162.36,1,-1,-1,-1
459,81,1337.37,709.08,176.85,113.43,1,-1,-1,-1
460,74,-39.86,362.42,297.57,169.49,1,-1,-1,-1
460,81,1336.66,709.06,176.68,113.00,1,-1,-1,-1
461,74,-80.22,355.27,305.12,173.79,1,-1,-1,-1
461,81,1336.86,709.35,176.44,112.53,1,-1,-1,-1
462,81,1335.83,709.11,176.77,112.38,1,-1,-1,-1
463,81,1335.60,709.64,176.35,111.80,1,-1,-1,-1
464,81,1335.29,709.84,176.59,111.70,1,-1,-1,-1
464,82,4.74,288.73,186.24,120.11,1,-1,-1,-1
465,81,1335.06,709.93,176.86,111.64,1,-1,-1,-1
465,82,4.78,288.74,186.15,120.05,1,-1,-1,-1
466,81,1334.51,709.85,177.42,111.77,1,-1,-1,-1
466,82,4.72,288.71,186.24,120.10,1,-1,-1,-1
467,81,1334.39,709.91,177.45,111.56,1,-1,-1,-1
467,82,4.69,288.60,186.42,120.22,1,-1,-1,-1
468,81,1334.00,709.76,177.72,111.52,1,-1,-1,-1
468,82,4.52,288.42,186.84,120.49,1,-1,-1,-1
469,81,1329.71,706.98,183.10,114.86,1,-1,-1,-1
469,82,4.37,288.81,186.74,120.43,1,-1,-1,-1
470,81,1328.41,705.95,185.13,116.15,1,-1,-1,-1
470,82,4.25,288.90,186.78,120.46,1,-1,-1,-1
471,81,1327.92,705.60,185.97,116.72,1,-1,-1,-1
471,82,4.15,288.93,186.89,120.55,1,-1,-1,-1
472,81,1328.01,705.67,185.84,116.68,1,-1,-1,-1
472,82,4.14,288.91,186.92,120.59,1,-1,-1,-1
473,81,1328.70,705.87,185.48,116.55,1,-1,-1,-1
473,82,4.19,289.00,186.83,120.54,1,-1,-1,-1
474,81,1329.18,706.01,185.11,116.39,1,-1,-1,-1
474,82,4.21,289.01,186.79,120.52,1,-1,-1,-1
475,81,1328.64,705.97,185.18,116.42,1,-1,-1,-1
475,82,4.22,288.95,186.82,120.55,1,-1,-1,-1
476,81,1328.25,705.92,185.27,116.42,1,-1,-1,-1
476,82,4.17,288.81,186.98,120.68,1,-1,-1,-1
477,81,1328.04,705.92,185.40,116.46,1,-1,-1,-1
477,82,4.14,288.73,187.04,120.74,1,-1,-1,-1
478,81,1327.70,705.74,185.69,116.64,1,-1,-1,-1
478,82,3.59,288.90,189.37,122.43,1,-1,-1,-1
479,82,3.26,288.42,190.55,123.26,1,-1,-1,-1
480,82,3.12,288.37,191.01,123.56,1,-1,-1,-1
481,83,65.36,468.12,322.58,377.92,1,-1,-1,-1
482,83,109.61,467.85,329.18,374.74,1,-1,-1,-1
482,84,1336.53,708.33,180.46,115.50,1,-1,-1,-1
483,83,159.43,476.92,323.38,351.77,1,-1,-1,-1
483,84,1337.19,708.52,180.27,115.38,1,-1,-1,-1
484,83,244.24,489.55,312.98,324.67,1,-1,-1,-1
485,83,333.79,500.92,300.98,298.63,1,-1,-1,-1
486,83,412.13,508.94,293.25,280.11,1,-1,-1,-1
487,83,480.95,518.30,284.10,262.18,1,-1,-1,-1
488,83,537.56,527.21,275.72,246.48,1,-1,-1,-1
489,83,592.34,533.97,265.52,230.49,1,-1,-1,-1
490,83,636.92,540.29,255.90,216.52,1,-1,-1,-1
491,83,679.37,545.45,247.67,204.87,1,-1,-1,-1
491,85,4.27,288.00,187.95,121.52,1,-1,-1,-1
492,83,718.40,552.88,236.36,191.12,1,-1,-1,-1
492,85,4.52,288.25,187.47,121.20,1,-1,-1,-1
492,86,1331.89,709.77,183.32,114.41,1,-1,-1,-1
493,83,748.42,556.83,228.67,182.04,1,-1,-1,-1
493,85,4.54,288.00,187.88,121.47,1,-1,-1,-1
493,86,1332.33,708.59,183.71,114.70,1,-1,-1,-1
494,83,777.80,561.82,218.72,171.57,1,-1,-1,-1
494,85,4.56,287.98,187.84,121.46,1,-1,-1,-1
494,86,1331.73,707.77,184.57,115.27,1,-1,-1,-1
495,83,804.10,566.05,211.19,164.00,1,-1,-1,-1
495,85,4.50,287.97,187.89,121.50,1,-1,-1,-1
495,86,1331.25,707.37,185.18,115.69,1,-1,-1,-1
496,83,824.18,566.88,209.14,161.26,1,-1,-1,-1
496,85,4.33,288.05,187.91,121.55,1,-1,-1,-1
496,86,1331.47,707.47,185.83,116.19,1,-1,-1,-1
497,83,847.14,570.12,200.09,153.19,1,-1,-1,-1
497,85,4.19,287.96,188.02,121.67,1,-1,-1,-1
497,86,1332.24,707.71,185.55,116.16,1,-1,-1,-1
498,83,867.79,572.12,192.90,146.97,1,-1,-1,-1
498,85,4.23,288.05,187.91,121.64,1,-1,-1,-1
498,86,1333.11,708.09,184.89,115.92,1,-1,-1,-1
499,83,887.06,575.15,184.48,140.51,1,-1,-1,-1
499,85,4.37,288.06,187.72,121.54,1,-1,-1,-1
499,86,1329.01,706.87,186.82,117.08,1,-1,-1,-1
500,83,904.59,576.19,178.00,135.50,1,-1,-1,-1
500,85,4.54,288.16,187.47,121.39,1,-1,-1,-1
500,86,1329.60,707.23,186.27,116.83,1,-1,-1,-1
501,83,918.78,576.23,174.11,133.08,1,-1,-1,-1
501,85,4.97,288.60,186.87,120.98,1,-1,-1,-1
501,86,1328.63,707.62,186.36,116.91,1,-1,-1,-1
502,83,931.77,577.17,167.50,128.51,1,-1,-1,-1
502,85,5.17,288.81,186.51,120.73,1,-1,-1,-1
502,86,1329.12,707.99,185.41,116.38,1,-1,-1,-1
503,83,943.40,577.22,161.37,124.38,1,-1,-1,-1
503,85,5.40,289.22,186.74,120.83,1,-1,-1,-1
503,86,1327.13,707.34,185.65,116.24,1,-1,-1,-1
504,83,953.16,575.67,156.76,121.39,1,-1,-1,-1
504,85,4.82,289.39,188.63,122.10,1,-1,-1,-1
504,86,1329.01,707.87,185.15,116.00,1,-1,-1,-1
505,83,963.78,576.32,149.88,116.86,1,-1,-1,-1
505,85,4.39,289.18,188.99,122.39,1,-1,-1,-1
505,86,1330.41,707.84,185.44,116.39,1,-1,-1,-1
506,83,971.54,575.85,146.08,114.97,1,-1,-1,-1
506,85,4.00,289.38,189.28,122.68,1,-1,-1,-1
506,86,1330.34,707.77,185.59,116.49,1,-1,-1,-1
506,87,69.63,534.54,243.37,293.87,1,-1,-1,-1
507,83,979.90,576.57,140.53,111.74,1,-1,-1,-1
507,85,3.98,289.57,189.13,122.69,1,-1,-1,-1
507,87,117.61,532.22,248.94,288.70,1,-1,-1,-1
508,83,987.19,576.83,134.24,107.67,1,-1,-1,-1
508,85,3.90,289.69,189.31,122.81,1,-1,-1,-1
508,87,199.46,536.80,241.45,264.70,1,-1,-1,-1
509,83,995.15,576.91,128.30,103.82,1,-1,-1,-1
509,87,296.11,543.85,236.60,245.55,1,-1,-1,-1
510,83,1000.55,575.69,124.73,101.72,1,-1,-1,-1
510,87,392.62,551.81,229.46,226.21,1,-1,-1,-1
511,83,1006.43,575.23,120.66,99.49,1,-1,-1,-1
511,87,474.72,560.58,219.98,206.48,1,-1,-1,-1
511,88,1335.08,708.99,178.97,116.50,1,-1,-1,-1
512,83,1011.15,574.99,116.10,96.56,1,-1,-1,-1
512,87,539.16,566.11,213.92,192.05,1,-1,-1,-1
512,88,1335.83,709.39,177.98,115.84,1,-1,-1,-1
513,83,1014.76,573.96,111.97,93.98,1,-1,-1,-1
513,87,597.94,571.22,208.80,180.21,1,-1,-1,-1
513,88,1335.78,709.41,177.47,115.46,1,-1,-1,-1
514,83,1020.13,573.28,108.44,91.95,1,-1,-1,-1
514,87,646.75,576.69,202.21,168.18,1,-1,-1,-1
514,88,1334.87,708.83,177.89,115.64,1,-1,-1,-1
515,83,1024.57,572.29,104.85,89.69,1,-1,-1,-1
515,87,691.03,580.93,195.96,158.02,1,-1,-1,-1
515,88,1334.44,708.76,178.44,115.92,1,-1,-1,-1
516,83,1027.63,571.13,101.91,87.81,1,-1,-1,-1
516,87,728.91,582.17,191.82,151.04,1,-1,-1,-1
516,88,1334.72,708.94,178.10,115.66,1,-1,-1,-1
517,83,1029.61,569.07,100.69,87.37,1,-1,-1,-1
517,87,764.09,585.64,185.97,143.67,1,-1,-1,-1
517,88,1333.07,708.84,178.66,115.72,1,-1,-1,-1
518,83,1031.69,567.72,98.84,86.28,1,-1,-1,-1
518,87,793.86,586.82,180.31,137.42,1,-1,-1,-1
518,88,1332.39,708.76,179.18,115.79,1,-1,-1,-1
519,83,1033.05,565.62,98.27,86.50,1,-1,-1,-1
519,87,820.91,588.81,175.20,131.87,1,-1,-1,-1
519,88,1333.53,710.18,178.60,115.22,1,-1,-1,-1
519,89,4.78,289.09,186.09,120.44,1,-1,-1,-1
520,83,1034.17,563.46,97.40,86.46,1,-1,-1,-1
520,87,846.58,590.81,167.03,124.65,1,-1,-1,-1
520,88,1342.18,712.10,174.27,112.72,1,-1,-1,-1
520,89,4.93,289.18,185.83,120.27,1,-1,-1,-1
521,83,1035.52,561.64,95.90,85.68,1,-1,-1,-1
521,87,869.27,592.29,159.19,117.99,1,-1,-1,-1
521,88,1345.52,712.98,172.14,111.63,1,-1,-1,-1
521,89,4.81,288.97,186.13,120.48,1,-1,-1,-1
522,83,1037.51,560.79,93.19,83.70,1,-1,-1,-1
522,87,888.86,592.35,153.38,113.07,1,-1,-1,-1
522,88,1347.10,713.63,171.28,111.42,1,-1,-1,-1
522,89,4.84,289.12,185.92,120.35,1,-1,-1,-1
523,83,1039.13,559.11,91.08,82.13,1,-1,-1,-1
523,87,906.57,592.96,145.79,107.08,1,-1,-1,-1
523,88,1347.77,713.69,170.52,111.22,1,-1,-1,-1
523,89,4.81,288.94,185.96,120.38,1,-1,-1,-1
524,83,1042.84,558.00,89.10,80.34,1,-1,-1,-1
524,87,923.35,591.70,141.43,103.79,1,-1,-1,-1
524,88,1348.69,713.99,170.15,111.35,1,-1,-1,-1
524,89,4.89,288.99,186.06,120.47,1,-1,-1,-1
525,87,935.68,590.88,138.36,101.59,1,-1,-1,-1
525,88,1348.83,713.99,169.42,111.20,1,-1,-1,-1
525,89,4.92,289.02,186.00,120.44,1,-1,-1,-1
526,87,947.48,589.58,134.74,99.34,1,-1,-1,-1
526,88,1348.93,713.88,168.90,111.24,1,-1,-1,-1
526,89,5.01,289.08,185.69,120.23,1,-1,-1,-1
527,87,957.37,588.76,130.73,96.79,1,-1,-1,-1
527,88,1348.82,714.17,168.51,111.20,1,-1,-1,-1
527,89,5.38,289.39,184.92,119.61,1,-1,-1,-1
528,87,966.89,587.18,128.37,95.99,1,-1,-1,-1
528,88,1347.66,713.86,169.40,112.00,1,-1,-1,-1
528,89,5.37,289.17,185.43,119.80,1,-1,-1,-1
529,87,975.59,586.46,123.97,93.68,1,-1,-1,-1
529,88,1346.95,712.77,170.82,113.28,1,-1,-1,-1
529,89,4.90,288.42,186.80,120.59,1,-1,-1,-1
530,87,982.17,585.11,120.71,92.21,1,-1,-1,-1
530,88,1346.67,712.10,171.79,114.27,1,-1,-1,-1
530,89,4.66,288.20,187.30,120.84,1,-1,-1,-1
530,91,1037.22,538.90,82.84,75.90,1,-1,-1,-1
531,87,988.92,582.57,116.52,90.09,1,-1,-1,-1
531,88,1346.03,711.70,172.82,115.33,1,-1,-1,-1
531,89,4.46,288.22,187.54,120.95,1,-1,-1,-1
531,91,1037.25,538.15,82.23,75.39,1,-1,-1,-1
531,92,892.74,484.29,81.47,70.70,1,-1,-1,-1
532,87,994.33,578.20,113.72,89.20,1,-1,-1,-1
532,88,1346.05,711.89,172.60,115.54,1,-1,-1,-1
532,89,4.46,288.60,187.20,120.71,1,-1,-1,-1
532,91,1037.55,536.89,81.91,75.09,1,-1,-1,-1
532,92,891.11,485.00,81.64,70.80,1,-1,-1,-1
533,87,998.01,574.92,111.85,89.01,1,-1,-1,-1
533,88,1346.59,711.41,172.32,115.73,1,-1,-1,-1
533,89,4.46,288.57,187.24,120.74,1,-1,-1,-1
533,92,889.33,486.10,81.32,70.45,1,-1,-1,-1
534,87,1003.42,570.58,109.22,88.11,1,-1,-1,-1
534,88,1347.31,711.46,171.15,115.24,1,-1,-1,-1
534,92,887.34,487.61,80.79,69.89,1,-1,-1,-1
534,93,425.70,761.97,534.18,332.90,1,-1,-1,-1
535,87,1007.03,565.15,109.26,89.53,1,-1,-1,-1
535,88,1347.95,711.63,169.97,114.66,1,-1,-1,-1
535,92,883.77,488.80,80.89,69.90,1,-1,-1,-1
535,93,533.93,751.34,470.84,294.14,1,-1,-1,-1
536,87,1010.71,561.09,107.82,89.81,1,-1,-1,-1
536,88,1348.29,711.65,168.87,113.99,1,-1,-1,-1
536,92,881.00,489.92,80.91,69.84,1,-1,-1,-1
536,93,637.56,740.60,434.44,271.02,1,-1,-1,-1
536,94,5.03,289.14,185.53,120.06,1,-1,-1,-1
537,87,1014.56,558.70,104.36,88.33,1,-1,-1,-1
537,88,1348.32,711.74,168.52,113.82,1,-1,-1,-1
537,92,877.28,490.75,81.51,70.29,1,-1,-1,-1
537,93,699.37,730.80,414.00,259.15,1,-1,-1,-1
537,94,5.14,289.34,185.32,119.90,1,-1,-1,-1
538,87,1018.81,555.07,102.16,87.82,1,-1,-1,-1
538,88,1348.44,711.68,167.80,113.37,1,-1,-1,-1
538,92,873.44,491.84,81.55,70.24,1,-1,-1,-1
538,93,748.56,725.61,385.10,242.80,1,-1,-1,-1
538,94,4.93,289.11,185.71,120.13,1,-1,-1,-1
539,87,1021.63,554.32,98.28,85.64,1,-1,-1,-1
539,88,1346.19,710.82,168.69,113.80,1,-1,-1,-1
539,92,869.59,492.02,82.14,70.61,1,-1,-1,-1
539,93,777.24,721.84,385.65,247.15,1,-1,-1,-1
539,94,4.30,288.95,186.85,120.90,1,-1,-1,-1
540,87,1022.98,551.90,96.43,85.15,1,-1,-1,-1
540,88,1344.86,710.52,169.29,114.04,1,-1,-1,-1
540,92,863.99,491.40,84.15,72.16,1,-1,-1,-1
540,93,806.74,717.00,382.44,250.35,1,-1,-1,-1
540,94,3.89,288.62,187.48,121.36,1,-1,-1,-1
541,87,1024.59,547.85,95.41,85.42,1,-1,-1,-1
541,88,1343.27,710.38,170.78,114.82,1,-1,-1,-1
541,92,858.99,490.78,86.54,73.98,1,-1,-1,-1
541,93,870.02,710.82,310.82,205.52,1,-1,-1,-1
541,94,3.88,288.42,187.52,121.39,1,-1,-1,-1
542,87,1026.28,541.60,94.13,85.30,1,-1,-1,-1
542,88,1342.79,710.58,171.70,115.24,1,-1,-1,-1
542,92,854.53,491.56,87.23,74.40,1,-1,-1,-1
542,93,916.60,702.70,262.92,175.17,1,-1,-1,-1
542,94,4.11,288.59,187.20,121.17,1,-1,-1,-1
543,87,1028.06,537.97,92.78,84.99,1,-1,-1,-1
543,88,1343.06,710.74,171.74,115.13,1,-1,-1,-1
543,92,849.74,492.38,88.24,74.95,1,-1,-1,-1
543,93,944.61,695.82,245.46,165.06,1,-1,-1,-1
543,94,4.35,288.78,186.97,120.99,1,-1,-1,-1
544,87,1029.15,535.53,91.34,84.57,1,-1,-1,-1
544,88,1342.93,710.49,172.10,115.24,1,-1,-1,-1
544,92,844.91,493.35,88.59,74.70,1,-1,-1,-1
544,93,973.16,691.13,227.97,154.94,1,-1,-1,-1
544,94,4.38,288.71,186.92,120.94,1,-1,-1,-1
545,87,1030.27,532.86,90.61,84.77,1,-1,-1,-1
545,88,1342.28,709.87,172.28,115.18,1,-1,-1,-1
545,92,839.23,493.03,90.57,75.91,1,-1,-1,-1
545,93,997.54,686.83,212.77,146.28,1,-1,-1,-1
545,94,4.28,288.54,187.06,121.03,1,-1,-1,-1
546,87,1032.25,530.76,89.31,84.37,1,-1,-1,-1
546,88,1342.14,709.30,172.40,115.16,1,-1,-1,-1
546,92,832.58,492.63,92.66,77.18,1,-1,-1,-1
546,93,1019.00,682.77,198.73,138.61,1,-1,-1,-1
546,94,4.28,288.44,187.04,121.02,1,-1,-1,-1
547,87,1033.90,530.62,86.98,82.81,1,-1,-1,-1
547,88,1342.98,709.69,171.84,114.72,1,-1,-1,-1
547,92,826.36,492.76,94.15,77.90,1,-1,-1,-1
547,93,1035.99,680.05,185.44,131.04,1,-1,-1,-1
547,94,4.35,288.44,187.01,121.00,1,-1,-1,-1
548,87,1035.04,530.81,84.33,80.82,1,-1,-1,-1
548,88,1342.38,709.35,172.10,114.81,1,-1,-1,-1
548,92,820.04,491.97,96.08,79.20,1,-1,-1,-1
548,93,1049.37,676.06,174.91,125.55,1,-1,-1,-1
548,94,4.40,288.37,187.00,120.99,1,-1,-1,-1
549,87,1036.58,529.24,82.41,79.28,1,-1,-1,-1
549,88,1343.80,710.52,170.65,113.87,1,-1,-1,-1
549,92,812.44,490.55,99.14,81.44,1,-1,-1,-1
549,93,1062.68,673.12,164.11,119.67,1,-1,-1,-1
549,94,4.29,288.05,187.28,121.25,1,-1,-1,-1
550,87,1036.39,526.97,82.58,79.82,1,-1,-1,-1
550,88,1344.65,711.11,169.43,113.11,1,-1,-1,-1
550,92,804.21,489.02,102.76,84.25,1,-1,-1,-1
550,93,1073.31,669.63,155.34,115.05,1,-1,-1,-1
550,94,4.43,288.16,186.88,121.04,1,-1,-1,-1
551,87,1036.53,524.75,82.41,80.06,1,-1,-1,-1
551,88,1344.76,711.24,168.58,112.56,1,-1,-1,-1
551,92,796.83,487.74,105.60,86.53,1,-1,-1,-1
551,93,1081.62,667.31,149.25,112.13,1,-1,-1,-1
551,94,4.33,288.01,186.88,121.11,1,-1,-1,-1
552,87,1036.53,523.04,82.30,80.49,1,-1,-1,-1
552,88,1344.58,711.14,168.23,112.31,1,-1,-1,-1
552,92,789.86,487.56,107.07,87.40,1,-1,-1,-1
552,93,1091.04,665.65,140.85,107.25,1,-1,-1,-1
552,94,4.29,287.92,186.77,121.11,1,-1,-1,-1
553,87,1038.39,522.51,80.29,78.91,1,-1,-1,-1
553,88,1345.39,710.93,169.25,113.14,1,-1,-1,-1
553,92,783.42,488.93,107.37,87.05,1,-1,-1,-1
553,93,1099.98,664.47,130.23,100.12,1,-1,-1,-1
553,94,4.26,287.65,186.35,120.91,1,-1,-1,-1
554,87,1040.11,522.86,77.56,76.44,1,-1,-1,-1
554,88,1346.21,711.17,169.31,113.38,1,-1,-1,-1
554,92,776.62,489.21,109.11,87.80,1,-1,-1,-1
554,93,1104.02,660.70,126.84,98.72,1,-1,-1,-1
554,94,4.34,287.62,186.11,120.80,1,-1,-1,-1
555,87,1040.96,521.94,76.17,75.38,1,-1,-1,-1
555,88,1346.78,711.56,168.74,113.12,1,-1,-1,-1
555,92,767.84,488.38,111.93,89.30,1,-1,-1,-1
555,93,1108.61,658.23,120.82,95.14,1,-1,-1,-1
555,94,4.40,287.62,185.96,120.75,1,-1,-1,-1
556,87,1041.61,521.30,75.41,74.86,1,-1,-1,-1
556,88,1347.20,711.81,168.41,113.03,1,-1,-1,-1
556,92,757.19,487.40,115.47,91.29,1,-1,-1,-1
556,93,1112.86,653.60,116.58,92.61,1,-1,-1,-1
556,94,4.43,287.60,185.94,120.78,1,-1,-1,-1
557,87,1041.81,520.49,75.43,75.21,1,-1,-1,-1
557,88,1347.61,712.20,167.96,112.86,1,-1,-1,-1
557,92,746.59,486.40,118.53,92.75,1,-1,-1,-1
557,93,1116.01,648.85,113.29,90.80,1,-1,-1,-1
557,94,4.48,287.60,186.08,120.92,1,-1,-1,-1
558,87,1041.94,519.18,74.98,75.01,1,-1,-1,-1
558,88,1347.99,712.53,167.71,112.81,1,-1,-1,-1
558,92,735.04,485.63,120.60,93.28,1,-1,-1,-1
558,93,1116.61,643.83,111.28,90.08,1,-1,-1,-1
558,94,4.54,287.62,186.07,120.94,1,-1,-1,-1
559,87,1043.16,517.80,74.30,74.33,1,-1,-1,-1
559,88,1348.49,712.96,167.39,112.71,1,-1,-1,-1
559,92,722.71,485.16,123.80,94.52,1,-1,-1,-1
559,93,1117.87,639.99,107.94,88.21,1,-1,-1,-1
559,94,4.58,287.62,186.10,120.99,1,-1,-1,-1
560,88,1349.17,712.64,167.70,113.17,1,-1,-1,-1
560,92,710.90,484.56,127.79,95.98,1,-1,-1,-1
560,93,1119.25,635.64,104.71,86.55,1,-1,-1,-1
560,94,4.75,287.89,185.81,120.78,1,-1,-1,-1
561,88,1350.01,712.70,167.49,113.29,1,-1,-1,-1
561,92,695.95,483.72,131.70,97.61,1,-1,-1,-1
561,93,1120.72,631.07,101.80,84.94,1,-1,-1,-1
561,94,4.79,287.87,185.78,120.78,1,-1,-1,-1
562,88,1350.34,712.53,167.03,113.16,1,-1,-1,-1
562,92,682.10,483.32,134.55,98.06,1,-1,-1,-1
562,93,1120.16,626.83,99.76,83.77,1,-1,-1,-1
562,94,4.89,287.91,185.58,120.64,1,-1,-1,-1
563,88,1350.73,712.45,166.68,113.08,1,-1,-1,-1
563,92,667.30,482.81,137.24,98.29,1,-1,-1,-1
563,93,1120.09,622.91,97.27,82.17,1,-1,-1,-1
563,94,4.94,287.89,185.48,120.57,1,-1,-1,-1
564,88,1350.86,712.36,166.74,113.25,1,-1,-1,-1
564,92,649.52,480.86,142.71,100.55,1,-1,-1,-1
564,93,1120.09,619.23,94.38,80.18,1,-1,-1,-1
564,94,4.94,287.98,185.40,120.51,1,-1,-1,-1
565,88,1348.90,711.00,168.22,114.28,1,-1,-1,-1
565,92,631.46,478.43,147.91,102.30,1,-1,-1,-1
565,93,1118.70,615.20,92.62,79.42,1,-1,-1,-1
565,94,4.80,287.70,186.01,120.92,1,-1,-1,-1
566,88,1347.88,710.15,169.20,114.99,1,-1,-1,-1
566,92,612.31,475.12,153.46,104.43,1,-1,-1,-1
566,93,1117.71,610.67,89.99,77.88,1,-1,-1,-1
566,94,4.74,287.65,186.21,121.05,1,-1,-1,-1
567,88,1347.80,710.00,169.16,114.97,1,-1,-1,-1
567,92,591.45,472.63,161.55,107.87,1,-1,-1,-1
567,93,1116.64,607.33,88.07,76.84,1,-1,-1,-1
567,94,4.76,287.63,186.36,121.14,1,-1,-1,-1
568,88,1347.54,709.83,169.17,114.96,1,-1,-1,-1
568,92,569.19,468.93,170.43,112.04,1,-1,-1,-1
568,93,1116.46,604.93,86.83,76.30,1,-1,-1,-1
568,94,4.73,287.67,186.42,121.17,1,-1,-1,-1
569,88,1347.87,710.20,168.98,114.84,1,-1,-1,-1
569,92,545.77,466.60,176.15,113.68,1,-1,-1,-1
569,93,1116.37,602.66,85.95,75.97,1,-1,-1,-1
569,94,4.65,287.64,186.57,121.27,1,-1,-1,-1
570,88,1348.17,710.40,168.86,114.81,1,-1,-1,-1
570,92,521.25,464.82,180.44,114.07,1,-1,-1,-1
570,93,1115.95,600.51,84.97,75.36,1,-1,-1,-1
570,94,4.55,287.64,186.70,121.36,1,-1,-1,-1
571,88,1348.29,710.68,168.59,114.64,1,-1,-1,-1
571,92,492.55,459.70,190.36,117.92,1,-1,-1,-1
571,93,1114.93,597.44,84.41,74.95,1,-1,-1,-1
571,94,4.41,287.56,187.06,121.64,1,-1,-1,-1
572,88,1348.90,711.12,167.79,114.06,1,-1,-1,-1
572,92,464.38,455.47,197.51,120.02,1,-1,-1,-1
572,93,1114.37,594.86,83.03,73.67,1,-1,-1,-1
572,94,4.39,287.54,187.19,121.77,1,-1,-1,-1
573,88,1349.27,711.48,167.13,113.61,1,-1,-1,-1
573,92,434.25,450.30,205.28,122.11,1,-1,-1,-1
573,93,1113.49,592.15,82.18,72.79,1,-1,-1,-1
573,94,4.44,287.56,187.13,121.76,1,-1,-1,-1
574,88,1349.20,711.65,166.83,113.38,1,-1,-1,-1
574,92,394.57,443.13,219.73,128.21,1,-1,-1,-1
574,93,1110.31,589.80,81.18,71.80,1,-1,-1,-1
574,94,4.42,287.57,187.10,121.77,1,-1,-1,-1
575,88,1349.23,711.57,166.79,113.36,1,-1,-1,-1
575,92,354.30,437.22,231.23,132.27,1,-1,-1,-1
575,93,1108.32,586.39,81.45,72.06,1,-1,-1,-1
575,94,4.32,287.47,187.28,121.96,1,-1,-1,-1
576,88,1348.76,711.18,167.33,113.72,1,-1,-1,-1
576,92,311.49,429.40,245.16,137.53,1,-1,-1,-1
576,93,1106.90,583.83,80.94,71.74,1,-1,-1,-1
576,94,4.42,287.99,186.84,121.66,1,-1,-1,-1
577,88,1348.78,711.18,167.30,113.70,1,-1,-1,-1
577,92,267.56,424.31,255.21,140.04,1,-1,-1,-1
577,93,1105.80,581.67,80.02,71.04,1,-1,-1,-1
577,94,4.78,288.74,185.26,120.56,1,-1,-1,-1
578,92,215.23,414.58,272.13,146.25,1,-1,-1,-1
578,93,1104.90,578.76,79.83,71.16,1,-1,-1,-1
578,94,4.99,289.25,184.99,120.33,1,-1,-1,-1
579,92,155.06,404.84,288.76,151.93,1,-1,-1,-1
579,93,1104.37,575.81,78.83,70.26,1,-1,-1,-1
579,94,5.03,289.40,184.82,120.22,1,-1,-1,-1
580,92,94.28,395.01,302.35,155.97,1,-1,-1,-1
580,96,1338.70,710.51,174.86,113.98,1,-1,-1,-1
581,92,36.16,383.26,317.77,161.75,1,-1,-1,-1
581,96,1339.00,710.22,174.58,113.79,1,-1,-1,-1
582,92,0.10,375.89,322.61,164.45,1,-1,-1,-1
582,96,1339.27,710.28,174.28,113.57,1,-1,-1,-1
583,92,-32.00,362.21,332.99,173.44,1,-1,-1,-1
583,96,1338.80,710.13,174.33,113.52,1,-1,-1,-1
584,92,-54.59,355.18,326.29,175.72,1,-1,-1,-1
584,96,1338.84,710.08,174.11,113.26,1,-1,-1,-1
585,92,-76.47,350.41,311.53,176.40,1,-1,-1,-1
585,96,1339.76,710.54,173.44,112.70,1,-1,-1,-1
586,92,-109.97,343.98,317.75,179.93,1,-1,-1,-1
586,96,1341.17,711.51,171.74,111.38,1,-1,-1,-1
587,96,1340.76,711.50,171.64,111.10,1,-1,-1,-1
588,96,1340.50,711.41,171.88,111.06,1,-1,-1,-1
589,96,1337.59,710.28,174.13,112.17,1,-1,-1,-1
589,98,4.75,288.30,186.89,120.07,1,-1,-1,-1
590,96,1336.00,709.67,175.67,112.86,1,-1,-1,-1
590,98,4.87,288.32,186.77,119.98,1,-1,-1,-1
591,96,1335.34,709.23,176.71,113.30,1,-1,-1,-1
591,98,4.87,288.27,186.80,119.98,1,-1,-1,-1
592,96,1335.49,709.08,177.21,113.45,1,-1,-1,-1
592,98,4.82,288.28,186.90,120.04,1,-1,-1,-1
592,99,928.43,485.66,69.96,63.55,1,-1,-1,-1
593,96,1334.62,709.06,177.67,113.48,1,-1,-1,-1
593,98,4.77,288.23,186.99,120.08,1,-1,-1,-1
593,99,927.41,486.42,70.08,63.59,1,-1,-1,-1
594,96,1334.92,709.32,177.60,113.24,1,-1,-1,-1
594,98,4.73,288.29,186.95,120.04,1,-1,-1,-1
594,99,925.82,487.14,69.88,63.29,1,-1,-1,-1
595,96,1334.84,709.48,177.66,113.07,1,-1,-1,-1
595,98,4.70,288.31,186.91,120.01,1,-1,-1,-1
595,99,923.69,487.58,70.25,63.46,1,-1,-1,-1
596,96,1334.59,709.49,178.04,113.14,1,-1,-1,-1
596,98,4.56,288.19,187.06,120.11,1,-1,-1,-1
596,99,921.89,487.68,71.23,64.20,1,-1,-1,-1
597,96,1334.31,709.51,178.30,113.12,1,-1,-1,-1
597,98,4.57,288.24,186.99,120.06,1,-1,-1,-1
597,99,919.32,488.14,71.92,64.64,1,-1,-1,-1
598,96,1333.49,709.29,179.14,113.47,1,-1,-1,-1
598,98,4.47,288.07,187.22,120.22,1,-1,-1,-1
598,99,916.54,488.75,72.68,65.13,1,-1,-1,-1
599,96,1334.11,709.52,179.00,113.27,1,-1,-1,-1
599,98,4.57,288.18,186.98,120.07,1,-1,-1,-1
599,99,913.42,488.50,73.95,66.11,1,-1,-1,-1
600,96,1334.11,709.59,179.02,113.17,1,-1,-1,-1
600,98,4.41,288.02,187.33,120.34,1,-1,-1,-1
600,99,910.31,489.08,75.05,66.99,1,-1,-1,-1
601,96,1334.77,709.84,178.57,112.79,1,-1,-1,-1
601,98,4.24,287.81,187.68,120.63,1,-1,-1,-1
601,99,907.58,489.86,75.72,67.49,1,-1,-1,-1
602,96,1335.36,709.97,178.44,112.66,1,-1,-1,-1
602,98,4.20,287.93,187.54,120.59,1,-1,-1,-1
602,99,905.67,490.74,76.22,67.78,1,-1,-1,-1
603,96,1335.22,709.86,178.67,112.73,1,-1,-1,-1
603,98,4.16,287.94,187.56,120.66,1,-1,-1,-1
603,99,903.56,491.73,76.47,67.84,1,-1,-1,-1
604,96,1334.80,709.67,178.83,112.73,1,-1,-1,-1
604,98,4.17,287.95,187.49,120.68,1,-1,-1,-1
604,99,901.28,492.40,76.80,68.00,1,-1,-1,-1
605,96,1334.67,709.64,178.91,112.66,1,-1,-1,-1
605,98,4.19,287.93,187.43,120.70,1,-1,-1,-1
605,99,899.47,493.23,76.60,67.61,1,-1,-1,-1
606,96,1334.64,709.59,179.16,112.77,1,-1,-1,-1
606,98,4.19,287.93,187.37,120.73,1,-1,-1,-1
606,99,897.36,494.09,77.16,67.95,1,-1,-1,-1
607,96,1334.72,709.70,178.87,112.52,1,-1,-1,-1
607,98,4.28,287.97,187.18,120.65,1,-1,-1,-1
607,99,895.13,494.92,77.68,68.25,1,-1,-1,-1
608,96,1334.62,709.75,178.81,112.40,1,-1,-1,-1
608,98,4.36,288.00,187.05,120.60,1,-1,-1,-1
608,99,892.65,495.37,77.89,68.24,1,-1,-1,-1
609,96,1334.55,709.78,178.81,112.33,1,-1,-1,-1
609,98,4.45,288.04,186.85,120.49,1,-1,-1,-1
609,99,889.21,496.38,78.61,68.66,1,-1,-1,-1
610,96,1334.44,709.65,179.20,112.53,1,-1,-1,-1
610,98,4.40,288.01,186.85,120.54,1,-1,-1,-1
610,99,886.45,497.15,79.47,69.14,1,-1,-1,-1
611,96,1334.35,709.62,179.35,112.59,1,-1,-1,-1
611,98,4.43,288.15,186.62,120.41,1,-1,-1,-1
611,99,883.37,498.34,81.13,70.48,1,-1,-1,-1
612,96,1334.30,709.50,179.63,112.77,1,-1,-1,-1
612,98,4.43,288.22,186.53,120.39,1,-1,-1,-1
612,99,880.11,499.24,82.03,71.11,1,-1,-1,-1
613,96,1333.18,709.28,180.66,113.38,1,-1,-1,-1
613,98,4.87,288.70,185.55,119.68,1,-1,-1,-1
613,99,877.31,500.16,82.16,70.98,1,-1,-1,-1
614,96,1332.86,709.24,180.99,113.54,1,-1,-1,-1
614,98,5.01,288.89,185.23,119.42,1,-1,-1,-1
614,99,873.04,500.80,82.22,70.73,1,-1,-1,-1
615,96,1332.57,709.26,180.81,113.34,1,-1,-1,-1
615,98,5.01,288.91,185.20,119.35,1,-1,-1,-1
615,99,868.58,501.00,82.95,71.09,1,-1,-1,-1
616,96,1332.38,709.27,180.60,113.11,1,-1,-1,-1
616,98,4.97,288.87,185.27,119.36,1,-1,-1,-1
616,99,863.77,502.06,83.59,71.41,1,-1,-1,-1
617,96,1332.24,709.29,180.44,112.89,1,-1,-1,-1
617,98,4.94,288.86,185.35,119.38,1,-1,-1,-1
617,99,858.61,502.75,84.86,72.04,1,-1,-1,-1
618,96,1331.78,709.00,180.90,113.10,1,-1,-1,-1
618,98,4.92,288.86,185.39,119.39,1,-1,-1,-1
618,99,853.55,503.06,86.60,73.18,1,-1,-1,-1
619,96,1331.80,709.01,181.34,113.35,1,-1,-1,-1
619,98,4.84,288.80,185.51,119.47,1,-1,-1,-1
619,99,848.20,503.54,88.31,74.22,1,-1,-1,-1
620,96,1331.92,709.00,181.74,113.61,1,-1,-1,-1
620,98,4.83,288.80,185.50,119.46,1,-1,-1,-1
620,99,841.32,503.06,90.86,75.91,1,-1,-1,-1
621,96,1332.14,709.06,181.76,113.65,1,-1,-1,-1
621,98,4.84,288.88,185.32,119.34,1,-1,-1,-1
621,99,834.78,501.59,93.29,77.61,1,-1,-1,-1
622,96,1333.24,709.09,181.94,114.00,1,-1,-1,-1
622,98,4.86,288.94,185.23,119.30,1,-1,-1,-1
622,99,827.30,500.16,95.98,79.72,1,-1,-1,-1
623,96,1334.15,709.22,181.51,113.95,1,-1,-1,-1
623,98,4.89,289.02,185.12,119.22,1,-1,-1,-1
623,99,819.83,499.96,97.49,80.58,1,-1,-1,-1
624,96,1333.97,709.17,181.31,113.97,1,-1,-1,-1
624,98,4.90,289.09,184.99,119.15,1,-1,-1,-1
624,99,811.48,499.56,99.69,82.06,1,-1,-1,-1
