3,1,207.38,571.97,280.61,241.39,1,-1,-1,-1
3,2,1446.45,446.52,326.05,247.81,1,-1,-1,-1
3,3,363.80,328.74,250.15,241.14,1,-1,-1,-1
3,4,488.62,762.47,410.66,320.26,1,-1,-1,-1
3,5,1023.59,216.97,265.27,279.79,1,-1,-1,-1
4,1,200.73,579.99,283.31,243.59,1,-1,-1,-1
4,2,1439.18,440.86,324.75,246.94,1,-1,-1,-1
4,3,356.25,334.50,251.18,242.12,1,-1,-1,-1
4,4,491.74,773.60,398.97,309.15,1,-1,-1,-1
4,5,1023.34,216.40,264.71,279.16,1,-1,-1,-1
5,1,190.97,585.25,287.50,247.10,1,-1,-1,-1
5,2,1433.33,436.82,320.84,244.16,1,-1,-1,-1
5,3,351.39,337.39,252.95,243.81,1,-1,-1,-1
5,4,494.83,785.04,388.31,297.96,1,-1,-1,-1
5,5,1022.41,214.96,265.68,280.19,1,-1,-1,-1
5,7,546.02,65.13,175.99,137.73,1,-1,-1,-1
6,1,179.21,593.07,290.91,250.13,1,-1,-1,-1
6,2,1428.48,432.27,319.93,243.79,1,-1,-1,-1
6,3,347.57,343.82,254.15,244.82,1,-1,-1,-1
6,4,494.32,796.35,379.21,287.18,1,-1,-1,-1
6,5,1022.40,215.25,263.69,278.05,1,-1,-1,-1
6,7,547.39,66.59,175.35,137.42,1,-1,-1,-1
7,1,168.92,599.87,294.38,253.16,1,-1,-1,-1
7,2,1424.85,427.80,317.57,242.28,1,-1,-1,-1
7,3,343.84,349.57,254.13,244.55,1,-1,-1,-1
7,4,497.41,805.78,367.08,278.00,1,-1,-1,-1
7,5,1022.17,214.51,262.20,276.45,1,-1,-1,-1
7,7,548.05,69.66,172.83,135.65,1,-1,-1,-1
8,1,157.42,607.00,298.01,256.51,1,-1,-1,-1
8,2,1420.74,423.70,314.10,240.11,1,-1,-1,-1
8,3,339.72,353.08,254.94,245.12,1,-1,-1,-1
8,5,1021.91,213.19,261.69,275.80,1,-1,-1,-1
8,7,548.91,71.29,172.23,135.47,1,-1,-1,-1
9,1,148.31,615.28,302.88,260.85,1,-1,-1,-1
9,2,1416.56,418.99,312.56,239.56,1,-1,-1,-1
9,3,335.01,358.99,254.44,244.46,1,-1,-1,-1
9,5,1022.52,212.46,260.35,274.39,1,-1,-1,-1
9,7,550.56,72.18,171.18,135.02,1,-1,-1,-1
10,1,138.98,622.66,305.03,262.66,1,-1,-1,-1
10,2,1414.90,416.12,308.03,236.63,1,-1,-1,-1
10,3,326.89,363.41,255.42,244.69,1,-1,-1,-1
10,5,1021.85,211.27,260.13,274.17,1,-1,-1,-1
10,7,551.68,73.27,170.81,135.15,1,-1,-1,-1
11,1,130.85,632.03,304.90,262.34,1,-1,-1,-1
11,2,1413.11,410.87,307.51,236.76,1,-1,-1,-1
11,3,323.47,368.25,255.50,244.02,1,-1,-1,-1
11,5,1021.54,210.15,260.91,275.26,1,-1,-1,-1
11,7,553.61,74.74,168.97,134.19,1,-1,-1,-1
12,1,120.05,639.95,306.70,263.52,1,-1,-1,-1
12,2,1410.01,406.31,305.77,236.21,1,-1,-1,-1
12,3,318.65,373.18,257.18,245.07,1,-1,-1,-1
12,5,1021.63,209.68,259.81,274.33,1,-1,-1,-1
12,7,555.01,77.34,167.25,133.24,1,-1,-1,-1
13,1,110.41,647.62,310.96,267.26,1,-1,-1,-1
13,2,1406.95,400.71,305.35,236.78,1,-1,-1,-1
13,3,316.62,376.92,259.21,247.04,1,-1,-1,-1
13,5,1022.78,208.30,259.03,273.78,1,-1,-1,-1
13,7,555.81,78.66,166.91,133.51,1,-1,-1,-1
14,1,98.56,654.80,314.26,269.96,1,-1,-1,-1
14,2,1402.40,395.41,304.26,237.08,1,-1,-1,-1
14,3,312.69,380.13,263.58,251.64,1,-1,-1,-1
14,5,1022.95,206.84,258.76,273.67,1,-1,-1,-1
14,7,556.15,79.86,167.31,134.44,1,-1,-1,-1
15,1,88.46,663.29,318.85,273.93,1,-1,-1,-1
15,2,1398.08,390.71,303.44,237.82,1,-1,-1,-1
15,3,309.95,386.99,262.84,251.29,1,-1,-1,-1
15,5,1023.49,205.18,258.29,273.47,1,-1,-1,-1
15,7,556.66,81.11,167.98,135.73,1,-1,-1,-1
16,1,80.35,672.80,318.91,273.35,1,-1,-1,-1
16,2,1394.99,385.67,299.61,236.22,1,-1,-1,-1
16,3,304.99,392.57,264.80,253.56,1,-1,-1,-1
16,5,1022.55,203.55,258.58,274.15,1,-1,-1,-1
16,7,556.06,81.56,169.18,137.41,1,-1,-1,-1
17,1,71.49,681.34,321.69,275.43,1,-1,-1,-1
17,2,1393.74,382.36,295.15,234.01,1,-1,-1,-1
17,3,300.58,397.50,266.39,255.57,1,-1,-1,-1
17,5,1022.13,202.10,258.53,274.22,1,-1,-1,-1
17,7,554.79,82.65,169.66,138.39,1,-1,-1,-1
18,1,58.99,692.20,326.60,279.11,1,-1,-1,-1
18,2,1394.55,380.11,288.45,229.60,1,-1,-1,-1
18,3,296.11,403.96,268.30,257.80,1,-1,-1,-1
18,5,1021.87,203.03,256.98,272.52,1,-1,-1,-1
18,7,554.55,85.50,168.67,138.21,1,-1,-1,-1
19,1,46.34,703.41,334.34,285.60,1,-1,-1,-1
19,2,1394.59,376.02,282.42,225.38,1,-1,-1,-1
19,3,291.58,412.42,267.56,257.31,1,-1,-1,-1
19,5,1022.14,202.97,255.46,270.58,1,-1,-1,-1
19,7,553.90,86.82,167.88,138.03,1,-1,-1,-1
20,1,33.67,713.68,343.05,292.81,1,-1,-1,-1
20,2,1393.39,371.39,279.30,223.49,1,-1,-1,-1
20,3,286.38,419.22,267.23,256.47,1,-1,-1,-1
20,5,1022.03,203.70,253.74,268.23,1,-1,-1,-1
20,7,553.86,88.29,167.65,138.22,1,-1,-1,-1
21,1,20.87,722.20,351.72,300.67,1,-1,-1,-1
21,2,1390.52,365.99,277.97,223.58,1,-1,-1,-1
21,3,280.25,425.67,267.74,256.14,1,-1,-1,-1
21,5,1023.50,204.30,252.26,266.22,1,-1,-1,-1
21,7,553.80,90.80,166.28,137.50,1,-1,-1,-1
21,8,850.76,122.21,196.28,139.15,1,-1,-1,-1
22,1,5.03,731.83,364.20,312.69,1,-1,-1,-1
22,2,1388.18,360.80,276.26,223.41,1,-1,-1,-1
22,3,273.97,431.26,269.30,256.98,1,-1,-1,-1
22,5,1022.32,203.67,253.04,266.95,1,-1,-1,-1
22,7,553.07,94.10,165.15,136.83,1,-1,-1,-1
22,8,835.88,123.07,201.33,142.33,1,-1,-1,-1
23,1,-5.35,741.89,370.13,319.45,1,-1,-1,-1
23,2,1385.00,356.55,273.93,222.71,1,-1,-1,-1
23,3,267.19,435.61,272.61,259.66,1,-1,-1,-1
23,5,1020.18,202.60,254.00,268.23,1,-1,-1,-1
23,7,552.91,97.59,164.17,136.33,1,-1,-1,-1
23,8,819.13,124.05,205.93,145.37,1,-1,-1,-1
24,1,-11.04,752.56,368.85,320.51,1,-1,-1,-1
24,2,1383.48,352.84,271.21,221.51,1,-1,-1,-1
24,3,259.71,440.21,277.70,264.40,1,-1,-1,-1
24,5,1019.50,201.99,253.91,268.57,1,-1,-1,-1
24,7,552.50,102.48,162.86,135.19,1,-1,-1,-1
24,8,803.31,127.10,208.36,146.85,1,-1,-1,-1
25,1,-14.26,764.83,364.53,319.17,1,-1,-1,-1
25,2,1381.00,347.88,269.44,220.97,1,-1,-1,-1
25,3,251.94,445.57,280.66,267.15,1,-1,-1,-1
25,5,1018.23,200.78,253.08,268.50,1,-1,-1,-1
25,7,550.61,103.60,164.72,136.79,1,-1,-1,-1
25,8,788.07,130.68,210.91,148.51,1,-1,-1,-1
26,1,-12.65,779.12,352.57,310.23,1,-1,-1,-1
26,2,1378.11,343.57,267.89,220.62,1,-1,-1,-1
26,3,242.76,451.69,283.86,270.00,1,-1,-1,-1
26,5,1017.07,199.63,252.89,268.89,1,-1,-1,-1
26,7,548.98,106.43,164.95,136.77,1,-1,-1,-1
26,8,775.75,134.62,209.78,147.66,1,-1,-1,-1
27,1,-21.60,788.92,355.52,312.82,1,-1,-1,-1
27,2,1374.59,339.43,267.20,221.21,1,-1,-1,-1
27,3,234.61,456.55,287.92,273.82,1,-1,-1,-1
27,5,1016.48,199.09,252.22,268.84,1,-1,-1,-1
27,7,546.85,108.81,165.99,137.65,1,-1,-1,-1
27,8,766.57,137.93,209.61,147.85,1,-1,-1,-1
28,2,1372.91,334.20,265.68,221.04,1,-1,-1,-1
28,3,226.98,463.34,289.47,274.73,1,-1,-1,-1
28,5,1016.34,198.55,252.16,269.47,1,-1,-1,-1
28,7,544.94,111.53,166.74,138.22,1,-1,-1,-1
28,8,756.20,141.65,209.46,148.47,1,-1,-1,-1
28,9,1269.10,146.66,179.73,177.76,1,-1,-1,-1
29,2,1371.15,330.29,262.07,219.01,1,-1,-1,-1
29,3,219.92,470.26,290.94,275.63,1,-1,-1,-1
29,5,1017.82,198.77,250.35,268.13,1,-1,-1,-1
29,7,543.32,113.22,168.69,139.96,1,-1,-1,-1
29,8,746.12,144.93,210.44,150.22,1,-1,-1,-1
29,9,1270.06,145.59,179.32,177.35,1,-1,-1,-1
30,2,1369.24,327.72,259.75,217.91,1,-1,-1,-1
30,3,211.69,476.48,294.92,279.62,1,-1,-1,-1
30,5,1016.95,196.94,251.32,269.91,1,-1,-1,-1
30,7,541.79,116.47,170.20,141.38,1,-1,-1,-1
30,8,740.12,149.39,209.71,150.86,1,-1,-1,-1
30,9,1270.38,145.01,178.89,176.92,1,-1,-1,-1
31,2,1367.92,325.02,257.02,216.21,1,-1,-1,-1
31,3,202.97,483.54,297.99,282.76,1,-1,-1,-1
31,5,1016.53,196.08,250.78,270.10,1,-1,-1,-1
31,7,540.75,120.34,170.28,141.41,1,-1,-1,-1
31,8,736.51,154.57,207.68,150.66,1,-1,-1,-1
32,2,1366.45,323.10,253.93,214.33,1,-1,-1,-1
32,3,194.35,489.31,300.45,285.33,1,-1,-1,-1
32,5,1016.37,195.77,249.47,268.95,1,-1,-1,-1
32,7,539.36,123.59,171.12,142.28,1,-1,-1,-1
32,8,734.08,159.50,204.83,149.77,1,-1,-1,-1
32,10,377.42,33.22,208.46,146.04,1,-1,-1,-1
33,2,1365.11,321.00,250.22,211.50,1,-1,-1,-1
33,3,185.68,496.04,301.76,286.63,1,-1,-1,-1
33,5,1017.09,195.91,247.59,266.85,1,-1,-1,-1
33,7,538.14,126.18,171.52,142.68,1,-1,-1,-1
33,8,731.30,163.42,204.64,150.94,1,-1,-1,-1
33,10,378.32,33.32,208.20,145.86,1,-1,-1,-1
34,2,1362.18,319.45,247.70,209.37,1,-1,-1,-1
34,3,175.95,502.64,304.69,289.47,1,-1,-1,-1
34,5,1016.26,195.81,247.50,266.60,1,-1,-1,-1
34,7,536.82,129.23,171.44,142.70,1,-1,-1,-1
34,8,729.67,168.12,203.42,151.21,1,-1,-1,-1
34,11,637.09,46.61,234.20,132.96,1,-1,-1,-1
35,2,1357.59,315.12,247.99,210.04,1,-1,-1,-1
35,3,166.49,509.47,307.71,292.56,1,-1,-1,-1
35,5,1015.83,195.02,246.14,264.88,1,-1,-1,-1
35,7,535.50,131.67,171.63,142.80,1,-1,-1,-1
35,8,726.86,171.52,201.72,151.28,1,-1,-1,-1
35,11,636.26,45.93,235.63,133.76,1,-1,-1,-1
36,2,1355.88,312.55,246.98,209.47,1,-1,-1,-1
36,3,156.25,515.47,311.27,296.05,1,-1,-1,-1
36,5,1015.85,193.97,245.77,264.21,1,-1,-1,-1
36,7,533.79,134.98,171.78,142.87,1,-1,-1,-1
36,8,725.93,176.12,199.22,150.48,1,-1,-1,-1
36,11,636.70,45.64,236.20,134.13,1,-1,-1,-1
37,2,1354.49,310.20,246.14,209.32,1,-1,-1,-1
37,3,145.99,522.52,314.85,299.53,1,-1,-1,-1
37,5,1017.13,193.46,244.37,262.48,1,-1,-1,-1
37,7,531.45,138.08,174.31,145.17,1,-1,-1,-1
37,8,725.62,180.31,197.55,150.30,1,-1,-1,-1
37,11,637.90,46.01,235.29,133.65,1,-1,-1,-1
38,2,1353.70,307.78,244.50,208.56,1,-1,-1,-1
38,3,137.03,529.95,317.14,302.11,1,-1,-1,-1
38,5,1018.07,193.65,242.41,260.11,1,-1,-1,-1
38,7,530.11,141.64,174.20,145.19,1,-1,-1,-1
38,8,724.85,183.46,198.50,152.23,1,-1,-1,-1
38,11,638.90,46.02,235.85,134.04,1,-1,-1,-1
39,2,1351.59,304.16,243.98,208.93,1,-1,-1,-1
39,3,125.96,536.75,320.44,305.98,1,-1,-1,-1
39,5,1018.31,193.09,241.96,259.41,1,-1,-1,-1
39,7,528.41,145.91,174.99,145.92,1,-1,-1,-1
39,8,723.06,187.01,199.27,154.05,1,-1,-1,-1
39,11,638.81,45.92,237.47,135.09,1,-1,-1,-1
40,2,1351.15,302.06,240.10,205.84,1,-1,-1,-1
40,3,117.31,544.10,322.20,308.67,1,-1,-1,-1
40,5,1018.23,192.70,241.39,258.69,1,-1,-1,-1
40,7,527.14,150.33,174.23,145.33,1,-1,-1,-1
40,8,722.86,192.60,198.29,154.49,1,-1,-1,-1
40,11,638.74,45.88,237.72,135.40,1,-1,-1,-1
41,2,1349.76,298.81,237.77,204.36,1,-1,-1,-1
41,3,108.31,550.65,324.01,311.37,1,-1,-1,-1
41,5,1018.44,191.81,240.12,257.76,1,-1,-1,-1
41,7,524.81,153.94,175.04,146.31,1,-1,-1,-1
41,8,723.72,198.02,196.59,154.21,1,-1,-1,-1
41,11,638.99,45.82,236.49,134.86,1,-1,-1,-1
41,12,384.92,37.37,245.03,146.15,1,-1,-1,-1
42,2,1348.84,297.00,235.37,202.76,1,-1,-1,-1
42,3,98.04,557.49,327.10,315.72,1,-1,-1,-1
42,5,1017.80,190.98,239.80,257.93,1,-1,-1,-1
42,7,522.69,156.93,176.99,148.38,1,-1,-1,-1
42,8,722.59,202.74,197.57,156.20,1,-1,-1,-1
42,11,639.14,45.72,236.51,134.98,1,-1,-1,-1
42,12,389.93,38.51,244.89,145.94,1,-1,-1,-1
42,13,1264.71,139.08,180.10,170.89,1,-1,-1,-1
43,2,1347.47,295.52,232.47,200.93,1,-1,-1,-1
43,3,88.54,564.35,327.39,316.92,1,-1,-1,-1
43,5,1017.07,189.68,239.14,257.90,1,-1,-1,-1
43,7,521.57,161.14,177.08,148.92,1,-1,-1,-1
43,8,721.37,207.01,198.31,157.94,1,-1,-1,-1
43,11,638.81,45.21,237.53,135.72,1,-1,-1,-1
43,12,392.44,38.54,245.23,145.93,1,-1,-1,-1
43,13,1264.37,138.97,179.31,170.29,1,-1,-1,-1
44,2,1346.72,293.30,230.21,199.27,1,-1,-1,-1
44,3,78.95,573.06,328.08,318.48,1,-1,-1,-1
44,5,1017.54,188.08,237.58,256.91,1,-1,-1,-1
44,7,520.42,165.96,177.48,149.85,1,-1,-1,-1
44,8,719.38,211.78,197.82,158.83,1,-1,-1,-1
44,11,638.95,45.08,237.60,135.86,1,-1,-1,-1
44,12,397.26,39.48,244.60,145.17,1,-1,-1,-1
44,13,1264.15,138.13,179.05,170.20,1,-1,-1,-1
45,2,1344.72,291.05,229.59,199.24,1,-1,-1,-1
45,3,70.58,584.18,328.21,319.25,1,-1,-1,-1
45,5,1017.34,186.28,238.16,258.32,1,-1,-1,-1
45,7,519.13,169.12,178.07,150.94,1,-1,-1,-1
45,8,719.10,216.20,197.77,159.65,1,-1,-1,-1
45,11,639.19,45.05,237.46,135.85,1,-1,-1,-1
45,12,402.57,39.11,244.68,144.93,1,-1,-1,-1
45,13,1263.91,137.63,178.84,170.00,1,-1,-1,-1
46,2,1343.95,288.54,226.67,197.09,1,-1,-1,-1
46,3,61.81,593.40,327.47,318.88,1,-1,-1,-1
46,5,1018.22,186.68,236.52,257.08,1,-1,-1,-1
46,7,516.94,172.65,179.60,152.81,1,-1,-1,-1
46,8,717.52,220.08,198.97,161.62,1,-1,-1,-1
46,11,638.82,44.82,238.71,136.75,1,-1,-1,-1
46,12,408.02,40.28,243.02,143.66,1,-1,-1,-1
47,2,1342.18,285.73,222.93,194.02,1,-1,-1,-1
47,3,49.66,601.42,330.66,322.22,1,-1,-1,-1
47,5,1017.81,184.54,237.92,259.34,1,-1,-1,-1
47,7,516.39,177.38,177.75,151.60,1,-1,-1,-1
47,8,717.01,224.72,199.60,162.94,1,-1,-1,-1
47,11,639.24,44.74,238.92,137.07,1,-1,-1,-1
47,12,413.44,40.85,243.28,143.72,1,-1,-1,-1
48,2,1340.35,283.63,221.33,192.54,1,-1,-1,-1
48,3,38.64,609.40,333.05,324.36,1,-1,-1,-1
48,5,1017.98,182.97,237.69,259.70,1,-1,-1,-1
48,7,514.51,180.69,177.26,151.14,1,-1,-1,-1
48,8,716.33,231.54,200.10,163.97,1,-1,-1,-1
48,11,639.06,44.90,238.98,137.22,1,-1,-1,-1
48,12,417.61,41.37,242.91,143.50,1,-1,-1,-1
49,2,1337.90,281.13,221.42,192.76,1,-1,-1,-1
49,3,28.12,617.58,337.64,329.06,1,-1,-1,-1
49,5,1017.77,180.80,238.52,261.25,1,-1,-1,-1
49,7,513.34,184.39,176.39,150.49,1,-1,-1,-1
49,8,715.50,238.01,201.17,165.28,1,-1,-1,-1
49,11,638.49,45.07,239.11,137.37,1,-1,-1,-1
50,2,1336.77,279.35,220.63,192.09,1,-1,-1,-1
50,3,17.89,625.10,340.15,331.45,1,-1,-1,-1
50,5,1018.26,181.58,237.13,260.19,1,-1,-1,-1
50,7,512.06,186.92,177.27,151.43,1,-1,-1,-1
50,8,714.00,243.62,201.84,166.48,1,-1,-1,-1
50,11,639.08,45.14,238.74,137.34,1,-1,-1,-1
51,2,1334.92,276.86,219.25,190.89,1,-1,-1,-1
51,3,6.40,631.76,345.32,337.40,1,-1,-1,-1
51,5,1018.12,182.77,235.62,258.76,1,-1,-1,-1
51,7,512.55,190.68,176.69,151.02,1,-1,-1,-1
51,8,712.76,248.51,200.61,166.12,1,-1,-1,-1
51,11,639.08,45.10,239.13,137.57,1,-1,-1,-1
52,3,-4.04,638.23,353.44,347.42,1,-1,-1,-1
52,5,1017.89,182.19,235.68,259.17,1,-1,-1,-1
52,7,510.09,193.33,180.10,154.35,1,-1,-1,-1
52,8,710.82,252.91,200.60,166.83,1,-1,-1,-1
53,3,-12.01,643.73,359.58,356.90,1,-1,-1,-1
53,5,1019.63,182.99,233.22,256.69,1,-1,-1,-1
53,7,508.89,196.38,181.31,155.90,1,-1,-1,-1
53,8,710.33,257.42,199.99,166.95,1,-1,-1,-1
54,3,-21.18,650.03,369.39,372.19,1,-1,-1,-1
54,5,1020.19,183.06,231.76,255.27,1,-1,-1,-1
54,7,507.71,200.90,182.89,157.76,1,-1,-1,-1
54,8,709.89,261.31,200.40,167.75,1,-1,-1,-1
55,3,-28.89,659.79,375.10,384.96,1,-1,-1,-1
55,5,1020.10,181.57,231.91,255.77,1,-1,-1,-1
55,7,506.39,203.46,183.91,159.02,1,-1,-1,-1
55,8,708.68,264.57,201.37,169.20,1,-1,-1,-1
56,3,-31.54,670.78,371.17,388.05,1,-1,-1,-1
56,5,1020.37,180.91,231.74,255.96,1,-1,-1,-1
56,7,505.13,208.37,184.84,160.28,1,-1,-1,-1
56,8,707.23,269.59,201.61,169.96,1,-1,-1,-1
57,3,-32.34,680.88,364.23,388.04,1,-1,-1,-1
57,5,1021.16,181.51,230.60,254.92,1,-1,-1,-1
57,7,504.22,212.35,183.66,159.63,1,-1,-1,-1
57,8,706.11,275.00,201.82,170.63,1,-1,-1,-1
58,3,-41.58,688.81,369.07,393.20,1,-1,-1,-1
58,5,1020.85,181.28,230.54,254.96,1,-1,-1,-1
58,7,502.05,216.12,183.97,160.18,1,-1,-1,-1
58,8,706.45,280.83,201.24,170.26,1,-1,-1,-1
59,5,1018.74,177.96,233.32,258.26,1,-1,-1,-1
59,7,500.85,219.96,184.25,160.43,1,-1,-1,-1
59,8,707.12,286.47,200.45,169.34,1,-1,-1,-1
60,5,1018.32,178.11,232.85,257.60,1,-1,-1,-1
60,7,499.98,222.86,184.66,160.60,1,-1,-1,-1
60,8,705.79,291.51,200.74,169.40,1,-1,-1,-1
61,5,1017.13,177.26,233.89,258.80,1,-1,-1,-1
61,7,496.86,226.32,186.89,162.55,1,-1,-1,-1
61,8,704.32,295.90,201.72,170.12,1,-1,-1,-1
62,5,1016.87,177.49,233.90,258.78,1,-1,-1,-1
62,7,494.21,229.99,190.00,165.38,1,-1,-1,-1
62,8,702.92,300.11,203.32,171.43,1,-1,-1,-1
63,5,1016.90,177.37,234.27,259.18,1,-1,-1,-1
63,7,493.86,234.27,190.03,165.40,1,-1,-1,-1
63,8,701.61,304.15,204.72,172.54,1,-1,-1,-1
64,5,1016.67,178.54,233.25,258.11,1,-1,-1,-1
64,7,492.39,238.23,192.65,167.80,1,-1,-1,-1
64,8,699.09,307.64,206.97,174.39,1,-1,-1,-1
64,18,1635.14,663.29,280.06,409.17,1,-1,-1,-1
65,5,1016.67,177.79,233.59,258.86,1,-1,-1,-1
65,7,491.86,244.16,191.27,166.71,1,-1,-1,-1
65,8,698.69,310.83,209.62,176.68,1,-1,-1,-1
65,18,1629.43,649.90,284.21,415.01,1,-1,-1,-1
66,5,1017.27,179.02,232.09,257.01,1,-1,-1,-1
66,7,490.23,249.29,190.84,166.44,1,-1,-1,-1
66,8,697.28,314.60,213.25,179.88,1,-1,-1,-1
66,18,1624.62,636.63,284.18,413.86,1,-1,-1,-1
66,19,1313.08,240.39,205.01,186.51,1,-1,-1,-1
67,5,1017.53,179.32,231.73,256.47,1,-1,-1,-1
67,7,486.97,252.87,192.95,168.58,1,-1,-1,-1
67,8,696.82,320.00,213.93,180.20,1,-1,-1,-1
67,18,1618.88,624.29,283.61,410.70,1,-1,-1,-1
67,19,1310.49,237.24,204.87,186.46,1,-1,-1,-1
67,20,1262.82,133.83,170.02,154.61,1,-1,-1,-1
68,5,1019.18,181.47,229.87,254.17,1,-1,-1,-1
68,7,485.87,257.41,192.76,168.61,1,-1,-1,-1
68,8,696.42,324.69,215.24,181.10,1,-1,-1,-1
68,18,1617.39,612.70,278.14,398.75,1,-1,-1,-1
68,19,1308.95,234.37,203.84,185.65,1,-1,-1,-1
68,20,1263.48,133.34,169.21,153.82,1,-1,-1,-1
69,5,1019.79,182.03,229.29,253.29,1,-1,-1,-1
69,7,482.60,260.81,194.54,170.41,1,-1,-1,-1
69,8,694.70,328.36,217.77,183.29,1,-1,-1,-1
69,18,1609.79,600.08,276.61,390.32,1,-1,-1,-1
69,19,1307.13,230.94,202.73,184.73,1,-1,-1,-1
69,20,1263.60,132.62,169.21,153.82,1,-1,-1,-1
70,5,1020.80,182.02,228.90,252.81,1,-1,-1,-1
70,7,478.94,263.98,195.80,171.74,1,-1,-1,-1
70,8,693.62,331.60,219.77,185.11,1,-1,-1,-1
70,18,1604.77,590.04,273.75,378.05,1,-1,-1,-1
70,19,1306.13,226.74,201.54,183.65,1,-1,-1,-1
71,5,1022.36,183.67,226.88,250.37,1,-1,-1,-1
71,7,474.71,268.26,197.39,173.26,1,-1,-1,-1
71,8,693.24,336.43,219.41,184.87,1,-1,-1,-1
71,18,1598.28,578.33,276.70,373.33,1,-1,-1,-1
71,19,1304.56,223.65,200.38,182.69,1,-1,-1,-1
72,5,1022.47,183.29,227.50,250.90,1,-1,-1,-1
72,7,471.64,272.67,198.06,173.76,1,-1,-1,-1
72,8,691.57,340.80,222.62,187.67,1,-1,-1,-1
72,18,1593.14,568.23,279.08,366.87,1,-1,-1,-1
72,19,1303.82,220.60,199.45,181.96,1,-1,-1,-1
73,5,1022.09,180.20,230.23,254.14,1,-1,-1,-1
73,7,469.89,278.50,196.25,171.61,1,-1,-1,-1
73,8,690.00,346.11,224.64,189.28,1,-1,-1,-1
73,18,1584.67,558.04,281.68,358.79,1,-1,-1,-1
73,19,1304.25,217.53,198.63,181.25,1,-1,-1,-1
74,5,1021.88,179.04,230.82,254.99,1,-1,-1,-1
74,7,467.35,282.32,195.57,170.59,1,-1,-1,-1
74,8,689.84,351.65,225.37,189.71,1,-1,-1,-1
74,18,1573.74,548.19,289.40,357.01,1,-1,-1,-1
74,19,1305.14,215.73,195.65,178.59,1,-1,-1,-1
75,5,1021.80,178.59,230.27,254.53,1,-1,-1,-1
75,7,462.10,284.99,196.27,170.87,1,-1,-1,-1
75,8,688.20,356.57,228.23,192.21,1,-1,-1,-1
75,18,1566.57,539.98,294.62,351.70,1,-1,-1,-1
75,19,1304.17,212.03,193.57,176.68,1,-1,-1,-1
76,5,1021.06,177.45,230.92,255.59,1,-1,-1,-1
76,7,456.75,289.02,196.96,171.12,1,-1,-1,-1
76,8,686.94,361.91,229.54,193.26,1,-1,-1,-1
76,18,1558.00,530.89,300.98,347.58,1,-1,-1,-1
76,19,1301.67,208.74,193.10,176.21,1,-1,-1,-1
77,5,1022.28,178.06,229.66,254.36,1,-1,-1,-1
77,7,452.16,292.76,197.93,171.85,1,-1,-1,-1
77,8,686.67,367.44,230.02,193.50,1,-1,-1,-1
77,18,1544.16,520.90,309.65,347.65,1,-1,-1,-1
77,19,1300.55,205.81,192.05,175.26,1,-1,-1,-1
78,5,1022.84,177.45,229.52,254.40,1,-1,-1,-1
78,7,447.72,295.73,199.10,172.80,1,-1,-1,-1
78,8,685.27,372.67,232.05,194.99,1,-1,-1,-1
78,18,1532.08,511.50,315.59,344.62,1,-1,-1,-1
78,23,674.89,47.43,211.06,137.41,1,-1,-1,-1
79,5,1023.90,177.00,229.29,254.43,1,-1,-1,-1
79,7,443.66,298.52,200.95,174.63,1,-1,-1,-1
79,8,684.13,377.52,235.34,197.55,1,-1,-1,-1
79,18,1522.36,503.39,320.09,340.97,1,-1,-1,-1
79,23,674.94,46.90,212.14,138.12,1,-1,-1,-1
80,5,1024.27,176.46,228.94,254.42,1,-1,-1,-1
80,7,438.14,301.29,202.08,175.87,1,-1,-1,-1
80,8,684.10,383.78,236.70,198.38,1,-1,-1,-1
80,18,1512.97,496.91,320.48,333.75,1,-1,-1,-1
81,5,1024.63,176.63,227.30,253.03,1,-1,-1,-1
81,7,433.40,304.43,204.98,178.54,1,-1,-1,-1
81,8,684.18,389.74,236.56,198.00,1,-1,-1,-1
81,18,1507.07,491.59,318.83,324.84,1,-1,-1,-1
82,5,1023.49,174.76,228.48,254.84,1,-1,-1,-1
82,7,429.56,308.59,205.14,178.58,1,-1,-1,-1
82,8,682.86,395.03,238.69,199.51,1,-1,-1,-1
82,18,1495.90,483.33,320.53,319.71,1,-1,-1,-1
83,5,1021.81,172.68,229.49,256.57,1,-1,-1,-1
83,7,426.85,314.07,203.75,176.87,1,-1,-1,-1
83,8,680.99,400.94,240.69,200.82,1,-1,-1,-1
83,18,1486.54,476.50,320.14,312.84,1,-1,-1,-1
84,5,1020.18,170.02,231.23,259.10,1,-1,-1,-1
84,7,423.26,319.12,203.60,176.09,1,-1,-1,-1
84,8,677.22,407.44,243.98,203.18,1,-1,-1,-1
84,18,1473.66,469.86,321.09,307.83,1,-1,-1,-1
84,25,685.31,45.60,230.12,140.50,1,-1,-1,-1
85,5,1018.68,167.33,232.78,261.87,1,-1,-1,-1
85,7,417.40,322.13,206.74,178.52,1,-1,-1,-1
85,8,674.72,414.32,245.66,204.14,1,-1,-1,-1
85,18,1463.05,463.93,321.24,302.46,1,-1,-1,-1
85,25,693.34,47.29,227.95,139.29,1,-1,-1,-1
86,5,1019.18,167.18,231.85,261.80,1,-1,-1,-1
86,7,411.53,325.79,210.63,181.98,1,-1,-1,-1
86,8,672.42,419.55,247.95,205.55,1,-1,-1,-1
86,18,1454.29,457.79,319.75,296.55,1,-1,-1,-1
86,25,699.26,47.18,229.06,140.03,1,-1,-1,-1
87,5,1020.82,169.41,229.07,259.11,1,-1,-1,-1
87,7,407.39,329.37,213.26,184.34,1,-1,-1,-1
87,8,671.56,425.81,249.59,206.29,1,-1,-1,-1
87,18,1444.72,450.51,321.29,294.10,1,-1,-1,-1
87,25,703.74,46.29,231.28,141.17,1,-1,-1,-1
88,5,1021.79,170.52,227.14,257.29,1,-1,-1,-1
88,7,404.30,333.78,213.04,184.30,1,-1,-1,-1
88,8,668.83,432.88,251.91,207.58,1,-1,-1,-1
88,18,1434.57,443.32,321.01,290.23,1,-1,-1,-1
88,25,714.04,47.83,229.98,140.40,1,-1,-1,-1
89,5,1022.51,170.60,226.53,256.93,1,-1,-1,-1
89,7,400.77,337.58,213.94,185.17,1,-1,-1,-1
89,8,664.77,438.82,255.10,209.53,1,-1,-1,-1
89,18,1425.51,436.46,320.78,287.26,1,-1,-1,-1
89,25,721.52,47.64,232.20,141.36,1,-1,-1,-1
90,5,1022.49,169.37,227.36,258.27,1,-1,-1,-1
90,7,395.73,341.29,217.07,188.25,1,-1,-1,-1
90,8,661.08,445.90,257.82,211.08,1,-1,-1,-1
90,18,1416.01,429.38,320.26,284.27,1,-1,-1,-1
90,25,732.05,48.80,232.00,140.85,1,-1,-1,-1
91,5,1023.29,170.57,225.05,255.73,1,-1,-1,-1
91,7,392.28,345.81,218.21,189.35,1,-1,-1,-1
91,8,657.74,452.31,259.78,211.64,1,-1,-1,-1
91,18,1410.45,421.78,318.34,280.32,1,-1,-1,-1
91,25,741.79,50.53,230.88,139.49,1,-1,-1,-1
92,5,1022.86,169.88,224.93,255.80,1,-1,-1,-1
92,7,390.07,352.35,215.85,187.06,1,-1,-1,-1
92,8,653.65,459.59,262.95,213.29,1,-1,-1,-1
92,18,1404.99,415.37,316.75,277.42,1,-1,-1,-1
92,25,754.00,52.33,229.35,138.04,1,-1,-1,-1
93,5,1023.50,170.17,224.10,254.95,1,-1,-1,-1
93,7,386.23,357.30,216.81,187.91,1,-1,-1,-1
93,8,648.47,465.42,267.37,216.19,1,-1,-1,-1
93,18,1399.43,409.32,312.44,272.30,1,-1,-1,-1
93,25,763.42,53.73,230.19,137.81,1,-1,-1,-1
94,5,1022.99,169.12,224.33,255.29,1,-1,-1,-1
94,7,381.33,363.43,219.83,190.46,1,-1,-1,-1
94,8,645.11,472.00,269.16,216.76,1,-1,-1,-1
94,18,1393.26,403.02,312.60,271.58,1,-1,-1,-1
94,25,775.75,55.10,231.33,137.81,1,-1,-1,-1
95,5,1022.80,169.06,224.05,255.12,1,-1,-1,-1
95,7,377.52,369.31,220.80,191.14,1,-1,-1,-1
95,8,640.30,478.73,273.49,219.69,1,-1,-1,-1
95,18,1387.24,396.30,311.64,270.39,1,-1,-1,-1
95,25,788.81,55.23,233.09,138.29,1,-1,-1,-1
96,5,1023.38,168.36,224.21,255.41,1,-1,-1,-1
96,7,373.14,374.22,221.35,191.20,1,-1,-1,-1
96,8,636.54,486.88,275.32,220.30,1,-1,-1,-1
96,18,1382.65,391.31,307.97,266.95,1,-1,-1,-1
96,25,801.36,55.06,236.02,139.53,1,-1,-1,-1
97,5,1023.48,168.10,224.33,255.81,1,-1,-1,-1
97,7,368.82,379.45,223.56,192.95,1,-1,-1,-1
97,8,631.49,494.82,279.86,223.07,1,-1,-1,-1
97,18,1380.49,387.13,305.78,264.93,1,-1,-1,-1
97,25,814.27,56.62,236.44,139.11,1,-1,-1,-1
98,5,1023.18,166.74,225.27,256.92,1,-1,-1,-1
98,7,364.28,383.65,226.54,195.19,1,-1,-1,-1
98,8,627.10,501.78,283.18,224.60,1,-1,-1,-1
98,18,1375.47,380.90,305.50,264.58,1,-1,-1,-1
98,25,826.33,57.10,236.22,138.13,1,-1,-1,-1
99,5,1024.14,166.33,225.24,256.75,1,-1,-1,-1
99,7,359.26,388.42,227.58,195.46,1,-1,-1,-1
99,8,622.52,509.78,285.55,225.31,1,-1,-1,-1
99,18,1371.85,376.46,302.94,262.23,1,-1,-1,-1
99,25,835.98,56.53,238.05,138.89,1,-1,-1,-1
99,30,531.60,57.77,189.42,143.43,1,-1,-1,-1
100,5,1025.41,165.95,225.32,256.69,1,-1,-1,-1
100,7,354.32,392.98,228.83,196.16,1,-1,-1,-1
100,8,616.25,516.66,291.82,229.63,1,-1,-1,-1
100,18,1367.55,371.32,302.29,261.44,1,-1,-1,-1
100,25,850.48,58.15,234.94,136.77,1,-1,-1,-1
100,30,533.96,58.32,190.10,144.13,1,-1,-1,-1
101,5,1025.19,164.43,225.45,256.79,1,-1,-1,-1
101,7,350.20,398.01,229.60,196.41,1,-1,-1,-1
101,8,610.35,523.18,297.02,232.91,1,-1,-1,-1
101,18,1363.61,365.41,301.66,261.31,1,-1,-1,-1
101,25,861.51,58.84,234.52,136.52,1,-1,-1,-1
101,30,536.52,59.44,189.51,143.93,1,-1,-1,-1
102,5,1026.47,165.38,224.47,255.43,1,-1,-1,-1
102,7,344.89,401.46,232.68,198.78,1,-1,-1,-1
102,8,604.78,532.06,300.58,234.87,1,-1,-1,-1
102,18,1360.66,357.70,298.09,258.73,1,-1,-1,-1
102,30,539.58,60.27,188.64,143.54,1,-1,-1,-1
103,5,1027.54,165.84,223.86,254.43,1,-1,-1,-1
103,7,338.95,405.92,235.80,201.05,1,-1,-1,-1
103,8,600.62,541.24,302.75,235.39,1,-1,-1,-1
103,18,1356.85,350.68,294.81,256.13,1,-1,-1,-1
103,30,542.25,61.11,187.53,143.02,1,-1,-1,-1
104,5,1027.27,165.98,224.29,254.49,1,-1,-1,-1
104,7,333.65,410.31,238.28,202.92,1,-1,-1,-1
104,8,595.87,550.61,306.01,236.96,1,-1,-1,-1
104,18,1354.09,345.34,292.36,254.58,1,-1,-1,-1
104,30,545.32,62.20,186.06,142.23,1,-1,-1,-1
105,5,1027.19,165.74,224.05,253.86,1,-1,-1,-1
105,7,329.69,416.02,238.26,202.39,1,-1,-1,-1
105,8,590.31,557.34,312.53,241.41,1,-1,-1,-1
105,18,1350.97,339.99,289.93,253.12,1,-1,-1,-1
105,30,548.06,62.91,185.39,142.19,1,-1,-1,-1
106,5,1026.35,165.24,224.30,253.93,1,-1,-1,-1
106,7,325.68,420.35,240.68,203.99,1,-1,-1,-1
106,8,583.74,564.67,319.17,246.18,1,-1,-1,-1
106,18,1347.33,334.09,289.12,253.33,1,-1,-1,-1
106,30,551.41,64.53,184.10,141.72,1,-1,-1,-1
107,5,1025.61,164.19,225.06,254.72,1,-1,-1,-1
107,7,320.84,425.76,243.58,206.15,1,-1,-1,-1
107,8,579.27,575.87,322.74,248.50,1,-1,-1,-1
107,18,1343.91,328.97,286.95,252.40,1,-1,-1,-1
107,30,554.84,65.69,182.98,141.57,1,-1,-1,-1
108,5,1024.53,163.46,224.58,254.07,1,-1,-1,-1
108,7,314.53,431.11,247.68,209.68,1,-1,-1,-1
108,8,572.58,586.31,327.18,251.68,1,-1,-1,-1
108,18,1343.65,325.90,281.70,248.09,1,-1,-1,-1
108,30,557.36,66.50,181.94,141.69,1,-1,-1,-1
109,5,1023.89,160.76,226.38,256.38,1,-1,-1,-1
109,7,309.75,437.41,250.75,212.50,1,-1,-1,-1
109,8,567.07,596.28,332.52,255.50,1,-1,-1,-1
109,18,1340.64,321.83,278.65,246.11,1,-1,-1,-1
109,30,558.56,67.31,181.76,142.33,1,-1,-1,-1
110,5,1022.28,155.64,230.37,261.56,1,-1,-1,-1
110,7,303.88,443.55,254.19,215.91,1,-1,-1,-1
110,8,560.14,604.11,339.51,260.81,1,-1,-1,-1
110,18,1337.18,317.05,277.22,245.54,1,-1,-1,-1
110,30,560.13,69.50,180.19,141.89,1,-1,-1,-1
110,31,373.36,2.76,219.38,174.89,1,-1,-1,-1
111,5,1023.81,155.75,228.56,259.71,1,-1,-1,-1
111,7,299.84,451.37,253.99,215.69,1,-1,-1,-1
111,8,554.50,614.30,344.26,264.50,1,-1,-1,-1
111,18,1333.02,311.71,275.74,245.21,1,-1,-1,-1
111,30,562.26,71.10,177.68,140.68,1,-1,-1,-1
111,31,376.12,4.54,218.35,173.46,1,-1,-1,-1
112,5,1024.95,156.96,226.66,257.70,1,-1,-1,-1
112,7,295.32,459.56,252.59,214.20,1,-1,-1,-1
112,8,550.46,625.20,345.32,265.12,1,-1,-1,-1
112,18,1329.59,306.61,274.40,244.97,1,-1,-1,-1
112,30,564.67,73.71,174.99,139.29,1,-1,-1,-1
112,31,377.84,4.12,218.94,173.30,1,-1,-1,-1
113,5,1022.90,151.54,229.93,262.24,1,-1,-1,-1
113,7,289.53,466.25,254.14,215.24,1,-1,-1,-1
113,8,546.26,636.85,346.09,265.24,1,-1,-1,-1
113,18,1326.74,301.26,273.35,245.16,1,-1,-1,-1
113,30,565.32,75.13,175.69,140.71,1,-1,-1,-1
113,31,378.71,4.49,218.37,172.84,1,-1,-1,-1
114,5,1020.74,146.23,232.68,266.35,1,-1,-1,-1
114,7,284.17,473.17,255.28,215.99,1,-1,-1,-1
114,8,539.48,647.15,350.10,268.29,1,-1,-1,-1
114,18,1324.40,298.58,270.08,243.08,1,-1,-1,-1
114,30,565.33,77.00,175.78,141.69,1,-1,-1,-1
115,5,1020.05,144.55,232.07,266.50,1,-1,-1,-1
115,7,277.26,479.42,258.55,218.60,1,-1,-1,-1
115,8,532.50,656.83,355.09,271.96,1,-1,-1,-1
115,18,1324.00,295.99,265.31,239.47,1,-1,-1,-1
115,30,565.17,79.92,174.71,141.65,1,-1,-1,-1
116,5,1019.90,145.23,230.74,265.42,1,-1,-1,-1
116,7,270.83,485.85,261.12,220.59,1,-1,-1,-1
116,8,523.78,666.05,362.11,277.25,1,-1,-1,-1
116,18,1320.42,291.77,263.34,238.07,1,-1,-1,-1
116,30,564.53,82.44,173.56,141.39,1,-1,-1,-1
117,5,1017.49,140.81,232.63,268.27,1,-1,-1,-1
117,7,266.18,493.67,260.80,220.04,1,-1,-1,-1
117,8,513.28,676.03,373.61,286.43,1,-1,-1,-1
117,18,1318.39,289.33,262.09,237.13,1,-1,-1,-1
117,30,563.74,84.59,172.39,141.16,1,-1,-1,-1
118,5,1014.71,132.36,236.77,274.07,1,-1,-1,-1
118,7,258.66,500.29,265.28,223.69,1,-1,-1,-1
118,8,500.99,685.87,388.93,299.37,1,-1,-1,-1
118,18,1315.85,285.90,260.68,236.41,1,-1,-1,-1
118,30,562.68,86.44,171.79,141.21,1,-1,-1,-1
119,5,1014.87,131.91,235.91,273.62,1,-1,-1,-1
119,7,251.28,507.24,269.39,226.82,1,-1,-1,-1
119,8,490.30,698.38,398.70,307.94,1,-1,-1,-1
119,18,1313.89,284.37,258.36,234.73,1,-1,-1,-1
119,30,561.43,88.61,171.49,141.34,1,-1,-1,-1
120,5,1015.34,135.38,233.11,270.69,1,-1,-1,-1
120,7,242.67,514.89,274.44,231.04,1,-1,-1,-1
120,8,479.92,710.84,410.04,317.89,1,-1,-1,-1
120,18,1311.84,281.94,255.65,232.62,1,-1,-1,-1
120,30,559.68,91.39,170.65,140.94,1,-1,-1,-1
121,5,1017.73,140.48,228.51,265.22,1,-1,-1,-1
121,7,235.52,521.14,277.50,233.79,1,-1,-1,-1
121,8,468.46,723.19,421.38,328.16,1,-1,-1,-1
121,18,1309.11,277.76,256.14,233.82,1,-1,-1,-1
121,30,558.74,94.85,169.40,140.08,1,-1,-1,-1
122,5,1018.73,141.82,226.92,263.33,1,-1,-1,-1
122,7,229.43,527.35,281.07,236.70,1,-1,-1,-1
122,8,461.75,736.84,425.71,332.45,1,-1,-1,-1
122,18,1306.87,274.00,255.44,234.06,1,-1,-1,-1
122,30,556.60,97.25,170.17,141.00,1,-1,-1,-1
123,5,1018.92,140.93,227.25,263.83,1,-1,-1,-1
123,7,221.70,533.84,285.97,240.98,1,-1,-1,-1
123,8,456.14,750.06,425.32,332.09,1,-1,-1,-1
123,18,1305.06,270.86,250.04,229.36,1,-1,-1,-1
123,30,554.70,100.28,169.81,140.66,1,-1,-1,-1
124,5,1018.29,137.97,229.19,266.49,1,-1,-1,-1
124,7,215.38,539.41,288.61,243.53,1,-1,-1,-1
124,8,452.50,763.32,418.58,325.06,1,-1,-1,-1
124,18,1300.90,266.14,249.20,229.16,1,-1,-1,-1
124,30,551.93,102.12,170.27,140.91,1,-1,-1,-1
125,5,1017.96,136.20,229.45,267.05,1,-1,-1,-1
125,7,208.92,546.30,291.37,246.01,1,-1,-1,-1
125,8,451.57,777.24,407.96,312.89,1,-1,-1,-1
125,18,1298.13,262.83,247.76,228.47,1,-1,-1,-1
125,30,548.97,104.89,171.56,141.69,1,-1,-1,-1
126,5,1019.87,140.81,224.80,261.21,1,-1,-1,-1
126,7,201.39,552.93,297.17,250.89,1,-1,-1,-1
126,8,451.15,791.04,397.68,299.46,1,-1,-1,-1
126,18,1296.53,259.99,244.15,225.73,1,-1,-1,-1
126,30,546.13,107.06,172.15,142.16,1,-1,-1,-1
127,5,1020.10,141.72,223.55,259.78,1,-1,-1,-1
127,7,193.74,558.49,299.50,252.86,1,-1,-1,-1
127,8,451.22,805.73,386.49,284.23,1,-1,-1,-1
127,18,1294.91,257.84,240.42,222.68,1,-1,-1,-1
127,30,543.02,109.21,174.17,143.86,1,-1,-1,-1
128,5,1018.16,136.58,226.90,264.27,1,-1,-1,-1
128,7,185.05,566.27,301.67,254.21,1,-1,-1,-1
128,8,449.76,821.37,375.40,267.85,1,-1,-1,-1
128,18,1293.36,254.46,238.11,220.78,1,-1,-1,-1
128,30,539.53,111.93,176.26,145.63,1,-1,-1,-1
129,5,1018.70,137.12,226.11,263.69,1,-1,-1,-1
129,7,177.03,575.64,304.72,256.73,1,-1,-1,-1
129,8,446.67,833.68,371.19,264.84,1,-1,-1,-1
129,18,1290.28,251.80,237.88,221.18,1,-1,-1,-1
129,30,536.41,115.65,177.79,147.12,1,-1,-1,-1
130,5,1017.55,133.36,228.13,266.66,1,-1,-1,-1
130,7,169.04,584.18,307.74,259.69,1,-1,-1,-1
130,18,1287.30,248.81,237.17,221.20,1,-1,-1,-1
130,30,533.81,117.89,179.11,148.44,1,-1,-1,-1
131,5,1019.14,135.07,225.50,263.96,1,-1,-1,-1
131,7,160.15,591.34,309.98,261.46,1,-1,-1,-1
131,18,1286.09,246.84,234.80,219.51,1,-1,-1,-1
131,30,532.41,120.69,178.83,148.44,1,-1,-1,-1
132,5,1020.91,138.74,221.60,259.35,1,-1,-1,-1
132,7,151.30,598.89,312.86,264.38,1,-1,-1,-1
132,18,1284.77,245.01,231.78,216.84,1,-1,-1,-1
132,30,530.66,122.76,179.61,149.10,1,-1,-1,-1
133,5,1022.27,140.22,219.48,256.74,1,-1,-1,-1
133,7,142.53,606.88,316.15,267.37,1,-1,-1,-1
133,18,1282.79,242.78,230.66,216.26,1,-1,-1,-1
133,30,528.65,124.62,179.70,149.09,1,-1,-1,-1
134,5,1023.10,143.59,215.79,251.86,1,-1,-1,-1
134,7,132.68,613.14,320.79,271.64,1,-1,-1,-1
134,18,1282.31,241.47,226.79,212.75,1,-1,-1,-1
134,30,526.79,127.47,179.58,148.92,1,-1,-1,-1
135,5,1023.91,147.10,212.51,246.96,1,-1,-1,-1
135,7,122.36,621.95,322.92,273.26,1,-1,-1,-1
135,18,1280.11,237.87,227.49,213.88,1,-1,-1,-1
135,30,524.37,130.14,180.14,149.38,1,-1,-1,-1
136,5,1024.21,148.51,211.44,244.85,1,-1,-1,-1
136,7,111.93,630.72,324.86,274.97,1,-1,-1,-1
136,18,1279.43,235.38,226.62,213.53,1,-1,-1,-1
136,30,522.98,134.08,179.34,148.87,1,-1,-1,-1
136,33,395.58,7.62,284.48,172.72,1,-1,-1,-1
137,5,1024.51,150.06,210.97,243.28,1,-1,-1,-1
137,7,101.09,640.15,327.14,276.74,1,-1,-1,-1
137,18,1278.49,232.31,225.64,212.91,1,-1,-1,-1
137,30,521.57,137.58,178.91,148.64,1,-1,-1,-1
137,33,397.18,6.87,287.13,174.19,1,-1,-1,-1
137,34,1102.58,775.58,479.02,306.80,1,-1,-1,-1
138,5,1024.87,151.39,209.88,240.91,1,-1,-1,-1
138,7,89.68,647.41,331.83,281.11,1,-1,-1,-1
138,18,1277.79,229.16,224.64,212.24,1,-1,-1,-1
138,30,521.18,141.38,178.78,148.61,1,-1,-1,-1
138,33,399.05,7.16,289.76,175.70,1,-1,-1,-1
138,34,1089.15,767.47,489.94,314.81,1,-1,-1,-1
139,5,1025.06,152.36,209.69,239.54,1,-1,-1,-1
139,7,79.34,656.03,334.04,283.15,1,-1,-1,-1
139,18,1277.88,226.07,223.00,210.94,1,-1,-1,-1
139,30,520.70,144.04,179.00,148.72,1,-1,-1,-1
139,33,399.96,6.80,289.44,175.24,1,-1,-1,-1
139,34,1074.48,756.48,501.77,324.34,1,-1,-1,-1
140,5,1025.14,153.03,209.69,238.28,1,-1,-1,-1
140,7,71.30,666.14,334.76,283.43,1,-1,-1,-1
140,18,1276.98,222.83,221.79,209.75,1,-1,-1,-1
140,30,519.10,147.17,181.12,150.45,1,-1,-1,-1
140,33,406.75,10.61,285.86,172.55,1,-1,-1,-1
140,34,1060.33,747.53,508.64,331.10,1,-1,-1,-1
141,5,1024.53,152.98,209.03,236.54,1,-1,-1,-1
141,7,57.35,675.70,339.43,286.92,1,-1,-1,-1
141,18,1275.93,220.52,219.87,208.14,1,-1,-1,-1
141,30,516.74,151.05,182.51,151.62,1,-1,-1,-1
141,33,410.72,12.32,284.33,171.06,1,-1,-1,-1
141,34,1049.73,739.70,508.83,333.89,1,-1,-1,-1
142,5,1023.82,152.81,209.06,235.72,1,-1,-1,-1
142,7,41.73,685.68,349.02,294.89,1,-1,-1,-1
142,18,1273.97,214.87,220.05,209.10,1,-1,-1,-1
142,30,514.89,155.03,183.87,152.97,1,-1,-1,-1
142,33,411.67,12.35,285.89,171.49,1,-1,-1,-1
142,34,1038.67,731.15,505.68,334.64,1,-1,-1,-1
143,5,1023.37,152.03,209.39,235.64,1,-1,-1,-1
143,7,30.96,697.90,353.58,298.62,1,-1,-1,-1
143,18,1273.56,211.36,218.45,208.43,1,-1,-1,-1
143,30,514.53,160.11,183.35,152.78,1,-1,-1,-1
143,33,411.56,12.19,287.00,171.63,1,-1,-1,-1
143,34,1027.13,722.58,502.05,335.26,1,-1,-1,-1
144,5,1022.95,151.39,210.34,236.43,1,-1,-1,-1
144,7,13.52,709.88,366.11,309.50,1,-1,-1,-1
144,18,1273.15,207.14,217.76,208.30,1,-1,-1,-1
144,30,515.82,165.00,182.76,152.63,1,-1,-1,-1
144,33,411.33,12.28,288.00,171.76,1,-1,-1,-1
144,34,1015.92,717.03,494.11,332.49,1,-1,-1,-1
145,5,1022.44,150.62,211.37,237.26,1,-1,-1,-1
145,7,-0.67,720.86,377.74,320.55,1,-1,-1,-1
145,18,1272.68,203.80,215.53,206.53,1,-1,-1,-1
145,30,515.23,168.17,184.99,154.78,1,-1,-1,-1
145,33,410.98,12.41,288.95,171.81,1,-1,-1,-1
145,34,1002.09,709.93,487.07,329.66,1,-1,-1,-1
146,5,1021.36,149.02,213.21,239.20,1,-1,-1,-1
146,7,-12.05,730.71,385.19,329.79,1,-1,-1,-1
146,18,1272.70,202.19,212.27,203.63,1,-1,-1,-1
146,30,515.48,171.24,185.46,155.32,1,-1,-1,-1
146,33,410.05,12.72,289.97,171.97,1,-1,-1,-1
146,34,984.33,699.34,482.36,327.82,1,-1,-1,-1
147,5,1019.30,144.54,216.96,243.59,1,-1,-1,-1
147,7,-17.93,741.61,385.83,333.77,1,-1,-1,-1
147,18,1270.46,197.18,212.37,203.75,1,-1,-1,-1
147,30,516.46,174.22,184.65,154.56,1,-1,-1,-1
147,33,409.92,12.52,291.75,172.70,1,-1,-1,-1
147,34,966.89,694.08,472.98,321.85,1,-1,-1,-1
148,5,1018.57,141.29,219.11,246.44,1,-1,-1,-1
148,7,-20.21,752.82,379.37,331.65,1,-1,-1,-1
148,18,1268.93,191.60,212.51,204.14,1,-1,-1,-1
148,30,517.20,177.59,184.05,154.16,1,-1,-1,-1
148,33,410.80,12.86,291.74,172.45,1,-1,-1,-1
148,34,942.63,686.73,470.80,320.41,1,-1,-1,-1
149,5,1018.12,139.64,220.44,248.31,1,-1,-1,-1
149,7,-30.57,762.40,384.24,335.91,1,-1,-1,-1
149,18,1267.45,187.19,212.86,204.77,1,-1,-1,-1
149,30,517.91,180.21,183.42,153.47,1,-1,-1,-1
149,33,409.55,12.23,293.13,172.90,1,-1,-1,-1
149,34,918.70,680.73,464.87,315.06,1,-1,-1,-1
150,5,1018.71,138.77,220.20,248.11,1,-1,-1,-1
150,18,1266.04,183.49,212.17,204.10,1,-1,-1,-1
150,30,519.24,183.49,182.07,152.10,1,-1,-1,-1
150,33,409.77,13.15,292.10,171.76,1,-1,-1,-1
150,34,888.74,675.12,460.23,309.25,1,-1,-1,-1
151,5,1019.38,139.05,218.03,245.68,1,-1,-1,-1
151,30,519.49,185.98,182.75,152.78,1,-1,-1,-1
151,33,410.87,13.86,290.01,170.03,1,-1,-1,-1
151,34,857.68,672.31,454.08,301.17,1,-1,-1,-1
152,5,1019.03,137.52,218.65,246.55,1,-1,-1,-1
152,30,518.71,188.63,186.25,156.14,1,-1,-1,-1
152,33,411.34,14.39,290.19,169.67,1,-1,-1,-1
152,34,821.59,668.27,454.61,296.52,1,-1,-1,-1
152,36,856.78,29.67,232.61,145.54,1,-1,-1,-1
153,5,1016.67,134.29,220.31,248.82,1,-1,-1,-1
153,30,518.60,191.98,188.12,157.98,1,-1,-1,-1
153,33,410.33,14.23,292.09,170.36,1,-1,-1,-1
153,34,775.70,663.43,461.33,295.62,1,-1,-1,-1
153,36,834.32,27.39,235.67,147.19,1,-1,-1,-1
154,5,1016.24,133.32,220.09,248.95,1,-1,-1,-1
154,30,517.99,196.66,189.98,159.98,1,-1,-1,-1
154,33,409.44,13.78,294.37,171.38,1,-1,-1,-1
154,34,731.10,661.02,465.74,292.46,1,-1,-1,-1
154,36,813.06,25.75,238.01,148.31,1,-1,-1,-1
155,5,1016.77,132.12,219.83,248.78,1,-1,-1,-1
155,30,517.59,199.29,191.13,161.21,1,-1,-1,-1
155,33,408.61,13.40,295.57,171.82,1,-1,-1,-1
155,34,685.78,659.59,470.82,289.40,1,-1,-1,-1
155,36,791.35,24.94,238.07,147.75,1,-1,-1,-1
156,5,1016.57,130.80,221.08,250.30,1,-1,-1,-1
156,30,518.81,203.76,189.70,160.08,1,-1,-1,-1
156,33,407.62,13.21,296.46,171.96,1,-1,-1,-1
156,34,639.98,659.01,476.78,285.88,1,-1,-1,-1
156,36,760.52,21.67,241.36,148.90,1,-1,-1,-1
157,5,1016.95,130.23,221.56,251.01,1,-1,-1,-1
157,30,518.19,206.87,190.85,161.07,1,-1,-1,-1
157,33,407.57,13.14,297.47,172.28,1,-1,-1,-1
157,34,588.78,657.28,484.29,283.86,1,-1,-1,-1
157,36,732.86,14.70,249.07,152.92,1,-1,-1,-1
158,5,1016.64,129.05,221.54,251.21,1,-1,-1,-1
158,30,517.64,208.77,193.75,163.66,1,-1,-1,-1
158,33,408.11,13.00,297.94,172.49,1,-1,-1,-1
158,34,535.85,654.53,493.35,283.72,1,-1,-1,-1
158,36,706.90,14.44,248.98,151.64,1,-1,-1,-1
159,5,1017.43,128.08,220.87,250.51,1,-1,-1,-1
159,30,517.33,211.68,195.42,165.07,1,-1,-1,-1
159,33,407.40,12.81,298.83,173.03,1,-1,-1,-1
159,34,481.32,652.38,501.53,283.26,1,-1,-1,-1
159,36,678.60,15.33,247.65,149.47,1,-1,-1,-1
159,38,1259.00,145.15,207.22,217.50,1,-1,-1,-1
160,5,1016.98,126.46,221.15,251.33,1,-1,-1,-1
160,30,518.36,215.40,194.58,164.48,1,-1,-1,-1
160,33,406.36,13.19,298.62,173.06,1,-1,-1,-1
160,34,429.64,651.66,508.12,281.36,1,-1,-1,-1
160,36,656.41,13.63,248.33,149.88,1,-1,-1,-1
160,38,1258.65,142.41,206.94,217.30,1,-1,-1,-1
161,5,1016.88,125.67,219.93,250.46,1,-1,-1,-1
161,30,517.72,218.54,195.62,165.82,1,-1,-1,-1
161,33,405.95,13.68,298.38,173.16,1,-1,-1,-1
161,34,382.15,651.63,517.58,280.61,1,-1,-1,-1
161,38,1261.04,143.61,202.81,212.97,1,-1,-1,-1
162,5,1017.08,125.81,218.81,249.55,1,-1,-1,-1
162,30,517.84,222.94,196.25,166.80,1,-1,-1,-1
162,33,406.34,14.22,298.64,173.17,1,-1,-1,-1
162,34,326.70,651.81,527.95,280.82,1,-1,-1,-1
162,38,1263.10,144.81,199.40,209.23,1,-1,-1,-1
163,5,1017.68,125.47,218.60,249.73,1,-1,-1,-1
163,30,517.69,226.52,199.47,169.99,1,-1,-1,-1
163,33,407.53,15.05,299.11,173.03,1,-1,-1,-1
163,34,269.88,651.33,537.27,280.86,1,-1,-1,-1
163,38,1261.19,139.80,201.72,211.70,1,-1,-1,-1
164,5,1018.02,125.26,218.51,249.87,1,-1,-1,-1
164,30,517.83,231.57,198.99,169.95,1,-1,-1,-1
164,33,410.36,16.80,298.56,172.19,1,-1,-1,-1
164,34,214.58,650.89,548.07,281.69,1,-1,-1,-1
164,38,1260.52,138.47,202.19,212.00,1,-1,-1,-1
165,5,1016.98,124.28,219.15,250.83,1,-1,-1,-1
165,30,517.49,236.07,200.05,171.18,1,-1,-1,-1
165,33,412.72,17.60,298.14,171.71,1,-1,-1,-1
165,34,159.67,650.77,556.66,282.12,1,-1,-1,-1
165,38,1259.29,135.23,202.49,212.24,1,-1,-1,-1
166,5,1018.19,124.85,216.14,247.46,1,-1,-1,-1
166,30,516.26,240.59,200.93,172.38,1,-1,-1,-1
166,33,415.91,17.38,300.16,172.45,1,-1,-1,-1
166,34,108.60,651.70,565.29,282.82,1,-1,-1,-1
166,38,1259.16,133.50,202.08,211.93,1,-1,-1,-1
167,5,1018.86,124.25,215.08,246.20,1,-1,-1,-1
167,30,515.92,246.04,199.73,171.67,1,-1,-1,-1
167,33,415.76,18.30,301.43,173.17,1,-1,-1,-1
167,34,61.27,654.55,571.67,282.70,1,-1,-1,-1
167,38,1259.66,132.62,200.76,210.47,1,-1,-1,-1
168,5,1019.00,123.33,214.80,246.03,1,-1,-1,-1
168,30,515.09,249.68,200.50,172.65,1,-1,-1,-1
168,33,415.46,16.32,305.07,175.53,1,-1,-1,-1
168,34,21.58,658.36,574.53,282.39,1,-1,-1,-1
168,38,1259.91,132.07,198.91,208.55,1,-1,-1,-1
169,5,1019.09,122.84,214.01,245.10,1,-1,-1,-1
169,30,514.64,253.53,199.60,172.06,1,-1,-1,-1
169,33,416.74,16.01,306.36,176.38,1,-1,-1,-1
169,34,-6.31,662.33,568.74,280.12,1,-1,-1,-1
169,38,1259.55,131.77,198.77,208.39,1,-1,-1,-1
170,5,1019.40,122.60,212.89,243.60,1,-1,-1,-1
170,30,513.95,257.88,198.76,171.36,1,-1,-1,-1
170,33,425.45,17.84,301.31,173.92,1,-1,-1,-1
170,34,-27.01,665.55,560.44,278.51,1,-1,-1,-1
170,38,1259.59,131.46,197.55,207.14,1,-1,-1,-1
171,5,1019.73,122.04,212.35,242.88,1,-1,-1,-1
171,30,513.20,261.73,199.16,171.71,1,-1,-1,-1
171,33,425.81,18.49,300.26,173.02,1,-1,-1,-1
171,34,-39.60,669.78,544.43,273.96,1,-1,-1,-1
171,38,1260.27,132.90,194.25,203.34,1,-1,-1,-1
172,5,1020.27,121.83,211.92,242.39,1,-1,-1,-1
172,30,511.71,265.63,200.68,172.92,1,-1,-1,-1
172,33,454.53,21.62,287.57,168.19,1,-1,-1,-1
172,34,-50.79,672.34,527.43,270.09,1,-1,-1,-1
172,38,1260.27,132.78,192.81,201.60,1,-1,-1,-1
173,5,1021.11,121.98,210.87,240.96,1,-1,-1,-1
173,30,511.27,270.24,200.78,172.64,1,-1,-1,-1
173,33,451.33,20.55,288.32,169.36,1,-1,-1,-1
173,34,-63.67,672.35,516.99,271.18,1,-1,-1,-1
173,38,1259.97,133.16,192.20,200.57,1,-1,-1,-1
174,5,1021.14,121.48,210.42,240.16,1,-1,-1,-1
174,30,510.10,274.53,199.55,171.19,1,-1,-1,-1
174,33,448.04,19.89,289.32,170.50,1,-1,-1,-1
174,34,-72.52,673.64,503.58,271.67,1,-1,-1,-1
174,38,1259.19,130.79,193.33,201.73,1,-1,-1,-1
175,5,1020.83,120.99,210.25,239.79,1,-1,-1,-1
175,30,508.18,278.71,200.12,171.27,1,-1,-1,-1
175,33,448.95,20.88,288.06,170.27,1,-1,-1,-1
175,34,-84.63,672.35,492.56,275.12,1,-1,-1,-1
175,38,1260.32,132.24,190.51,198.51,1,-1,-1,-1
176,5,1020.37,120.80,210.79,240.19,1,-1,-1,-1
176,30,505.67,282.00,201.09,171.50,1,-1,-1,-1
176,33,450.59,20.56,289.24,171.91,1,-1,-1,-1
176,34,-95.39,670.04,479.10,278.61,1,-1,-1,-1
176,38,1260.97,135.13,187.19,194.49,1,-1,-1,-1
176,40,1189.41,762.66,514.26,319.25,1,-1,-1,-1
177,5,1020.43,120.85,210.00,239.00,1,-1,-1,-1
177,30,502.77,285.68,202.08,171.82,1,-1,-1,-1
177,33,452.26,20.94,288.55,172.24,1,-1,-1,-1
177,34,-123.81,670.34,478.90,278.49,1,-1,-1,-1
177,38,1260.50,135.02,186.61,193.27,1,-1,-1,-1
177,40,1164.74,748.00,528.90,330.37,1,-1,-1,-1
178,5,1020.44,121.07,209.85,238.53,1,-1,-1,-1
178,30,500.20,288.80,203.35,172.53,1,-1,-1,-1
178,33,453.83,21.33,287.41,172.25,1,-1,-1,-1
178,38,1261.03,134.36,187.06,193.09,1,-1,-1,-1
178,40,1150.43,731.66,531.19,334.59,1,-1,-1,-1
179,5,1020.20,120.45,210.45,238.80,1,-1,-1,-1
179,30,497.16,291.10,205.96,174.47,1,-1,-1,-1
179,33,458.88,22.42,284.68,171.39,1,-1,-1,-1
179,38,1259.75,131.49,188.72,193.98,1,-1,-1,-1
179,40,1141.93,718.57,523.29,332.65,1,-1,-1,-1
180,5,1020.64,121.24,209.95,237.75,1,-1,-1,-1
180,30,494.90,293.72,206.68,175.03,1,-1,-1,-1
180,33,466.41,25.19,279.89,169.34,1,-1,-1,-1
180,38,1260.13,132.37,187.03,191.21,1,-1,-1,-1
180,40,1136.88,702.62,510.11,327.50,1,-1,-1,-1
181,5,1020.45,121.28,211.11,238.74,1,-1,-1,-1
181,30,493.37,297.77,206.42,174.58,1,-1,-1,-1
181,33,473.44,25.00,278.95,170.32,1,-1,-1,-1
181,38,1259.80,128.03,189.86,193.18,1,-1,-1,-1
181,40,1135.65,688.83,493.79,320.10,1,-1,-1,-1
182,5,1020.36,121.02,211.93,239.42,1,-1,-1,-1
182,30,490.31,300.74,208.88,176.62,1,-1,-1,-1
182,33,479.96,25.95,275.70,170.03,1,-1,-1,-1
182,38,1260.39,124.72,191.50,193.85,1,-1,-1,-1
182,40,1135.97,678.11,471.95,308.56,1,-1,-1,-1
183,5,1019.72,120.15,212.56,240.03,1,-1,-1,-1
183,30,486.81,303.55,211.51,178.70,1,-1,-1,-1
183,33,485.69,26.51,272.48,170.12,1,-1,-1,-1
183,38,1260.76,124.68,189.87,191.18,1,-1,-1,-1
183,40,1133.51,665.02,454.28,299.46,1,-1,-1,-1
184,5,1019.58,119.66,212.51,239.64,1,-1,-1,-1
184,30,482.84,307.37,213.20,180.13,1,-1,-1,-1
184,33,493.18,28.81,265.98,168.18,1,-1,-1,-1
184,38,1261.14,121.42,192.29,192.52,1,-1,-1,-1
184,40,1128.17,651.96,444.22,295.23,1,-1,-1,-1
185,5,1019.85,119.89,212.55,239.10,1,-1,-1,-1
185,30,481.09,311.69,214.21,180.75,1,-1,-1,-1
185,33,501.43,31.83,258.69,165.83,1,-1,-1,-1
185,38,1261.68,119.45,193.41,192.29,1,-1,-1,-1
185,40,1122.70,640.06,433.78,290.47,1,-1,-1,-1
186,5,1019.53,119.30,213.38,239.65,1,-1,-1,-1
186,30,478.33,315.63,215.08,181.16,1,-1,-1,-1
186,33,514.17,36.18,248.84,162.22,1,-1,-1,-1
186,38,1260.33,118.70,194.25,192.32,1,-1,-1,-1
186,40,1119.02,630.44,422.77,285.16,1,-1,-1,-1
187,5,1017.64,117.22,215.12,241.11,1,-1,-1,-1
187,30,474.19,319.72,216.86,182.54,1,-1,-1,-1
187,33,524.45,39.57,240.44,159.55,1,-1,-1,-1
187,38,1261.95,120.60,192.50,189.04,1,-1,-1,-1
187,40,1113.24,616.87,418.77,284.50,1,-1,-1,-1
188,5,1019.13,120.27,212.91,238.12,1,-1,-1,-1
188,30,469.45,322.51,222.76,187.49,1,-1,-1,-1
188,33,527.53,39.45,237.25,160.04,1,-1,-1,-1
188,38,1260.47,124.15,188.97,184.52,1,-1,-1,-1
188,40,1109.42,607.01,414.84,283.97,1,-1,-1,-1
189,5,1018.98,118.16,214.08,239.09,1,-1,-1,-1
189,30,466.85,326.70,222.97,187.34,1,-1,-1,-1
189,33,533.57,42.06,231.06,158.31,1,-1,-1,-1
189,38,1260.19,121.59,191.54,185.97,1,-1,-1,-1
189,40,1107.02,597.52,409.81,282.56,1,-1,-1,-1
190,5,1018.39,116.64,214.92,239.60,1,-1,-1,-1
190,30,463.57,330.63,223.69,187.63,1,-1,-1,-1
190,33,536.65,44.52,226.38,157.29,1,-1,-1,-1
190,38,1257.19,121.57,191.83,185.97,1,-1,-1,-1
190,40,1103.72,588.09,403.81,280.69,1,-1,-1,-1
191,5,1015.52,114.90,217.18,241.64,1,-1,-1,-1
191,30,460.00,336.06,224.20,187.39,1,-1,-1,-1
191,33,538.45,45.43,222.95,157.01,1,-1,-1,-1
191,38,1257.86,121.44,192.11,185.64,1,-1,-1,-1
191,40,1101.62,577.37,399.23,279.89,1,-1,-1,-1
192,5,1013.63,112.75,219.21,243.51,1,-1,-1,-1
192,30,455.88,341.47,225.52,188.19,1,-1,-1,-1
192,33,535.58,44.78,222.23,158.08,1,-1,-1,-1
192,38,1256.98,122.04,191.11,184.39,1,-1,-1,-1
192,40,1102.70,568.76,389.84,275.26,1,-1,-1,-1
193,5,1015.83,114.83,217.76,241.66,1,-1,-1,-1
193,30,451.89,346.65,227.41,189.42,1,-1,-1,-1
193,33,536.49,44.51,220.67,158.93,1,-1,-1,-1
193,38,1258.54,121.69,191.45,184.06,1,-1,-1,-1
193,40,1105.64,560.41,377.34,268.18,1,-1,-1,-1
194,5,1016.66,115.34,217.40,241.28,1,-1,-1,-1
194,30,447.23,350.66,228.97,190.30,1,-1,-1,-1
194,33,539.52,45.89,217.21,158.40,1,-1,-1,-1
194,38,1254.68,123.16,189.75,182.76,1,-1,-1,-1
194,40,1106.98,551.62,367.63,262.69,1,-1,-1,-1
195,5,1019.49,116.55,215.05,239.24,1,-1,-1,-1
195,30,441.36,353.94,232.50,193.13,1,-1,-1,-1
195,33,540.75,47.25,214.40,158.22,1,-1,-1,-1
195,38,1253.33,123.05,188.55,182.14,1,-1,-1,-1
195,40,1108.41,542.15,361.43,259.26,1,-1,-1,-1
196,5,1021.91,117.43,212.73,237.24,1,-1,-1,-1
196,30,435.24,357.25,236.18,196.22,1,-1,-1,-1
196,33,540.58,46.24,214.50,160.12,1,-1,-1,-1
196,38,1252.93,122.95,187.23,181.17,1,-1,-1,-1
196,40,1112.48,532.99,353.93,254.75,1,-1,-1,-1
196,42,843.82,99.00,224.61,143.23,1,-1,-1,-1
197,5,1021.72,116.30,213.11,238.09,1,-1,-1,-1
197,30,429.88,363.68,238.07,197.63,1,-1,-1,-1
197,33,541.00,46.51,214.01,161.52,1,-1,-1,-1
197,38,1254.10,121.99,186.22,180.42,1,-1,-1,-1
197,40,1114.74,525.46,348.41,251.51,1,-1,-1,-1
197,42,827.87,102.12,225.71,143.49,1,-1,-1,-1
198,5,1022.04,115.48,212.98,238.37,1,-1,-1,-1
198,30,424.24,368.52,240.07,198.99,1,-1,-1,-1
198,33,542.17,47.19,212.44,162.03,1,-1,-1,-1
198,38,1255.64,122.25,184.29,178.63,1,-1,-1,-1
198,40,1117.84,516.48,343.54,248.70,1,-1,-1,-1
198,42,810.74,104.71,228.62,144.93,1,-1,-1,-1
199,5,1022.07,114.68,212.93,238.80,1,-1,-1,-1
199,30,420.95,374.98,239.36,197.93,1,-1,-1,-1
199,33,544.58,49.37,209.00,160.92,1,-1,-1,-1
199,38,1256.11,122.20,183.39,177.77,1,-1,-1,-1
199,40,1119.58,508.78,338.20,245.68,1,-1,-1,-1
199,42,791.18,107.15,230.98,146.07,1,-1,-1,-1
200,5,1022.47,114.09,212.64,238.96,1,-1,-1,-1
200,30,415.70,380.89,239.48,197.37,1,-1,-1,-1
200,33,544.85,50.49,207.54,161.40,1,-1,-1,-1
200,38,1256.10,122.22,183.51,177.77,1,-1,-1,-1
200,40,1123.57,502.75,330.97,240.72,1,-1,-1,-1
200,42,771.95,109.28,234.72,148.38,1,-1,-1,-1
201,5,1023.39,113.22,212.21,239.05,1,-1,-1,-1
201,30,411.07,386.90,238.69,195.74,1,-1,-1,-1
201,33,545.24,51.02,206.50,162.03,1,-1,-1,-1
201,38,1256.53,121.18,184.01,178.37,1,-1,-1,-1
201,40,1129.76,497.52,323.39,235.67,1,-1,-1,-1
201,42,755.78,111.95,235.10,148.54,1,-1,-1,-1
201,43,1425.97,81.70,253.47,172.32,1,-1,-1,-1
202,5,1024.18,112.60,211.83,239.04,1,-1,-1,-1
202,30,406.27,390.82,239.67,195.84,1,-1,-1,-1
202,33,545.92,52.89,205.01,162.36,1,-1,-1,-1
202,38,1255.91,120.67,183.91,178.46,1,-1,-1,-1
202,40,1131.49,491.19,318.82,232.78,1,-1,-1,-1
202,42,738.77,114.69,236.61,149.70,1,-1,-1,-1
202,43,1430.59,79.72,257.82,175.28,1,-1,-1,-1
203,5,1024.00,110.94,212.16,239.85,1,-1,-1,-1
203,30,400.92,394.72,241.14,196.30,1,-1,-1,-1
203,33,547.08,54.86,204.34,163.28,1,-1,-1,-1
203,38,1255.60,119.87,183.79,178.53,1,-1,-1,-1
203,40,1137.05,484.63,312.81,228.81,1,-1,-1,-1
203,42,723.33,117.72,237.69,150.67,1,-1,-1,-1
204,5,1024.45,112.11,211.16,238.88,1,-1,-1,-1
204,30,395.11,399.16,243.11,197.17,1,-1,-1,-1
204,33,547.01,55.76,205.21,165.55,1,-1,-1,-1
204,38,1255.86,119.67,183.47,178.30,1,-1,-1,-1
204,40,1140.53,476.79,308.90,226.55,1,-1,-1,-1
204,42,706.98,119.98,239.01,152.03,1,-1,-1,-1
205,5,1025.67,114.14,208.28,235.56,1,-1,-1,-1
205,30,388.23,403.47,246.40,199.24,1,-1,-1,-1
205,33,547.65,56.89,204.61,166.62,1,-1,-1,-1
205,38,1256.45,120.38,182.25,176.81,1,-1,-1,-1
205,40,1142.50,468.28,307.00,226.19,1,-1,-1,-1
205,42,693.10,122.69,238.38,152.19,1,-1,-1,-1
206,5,1026.13,115.98,207.08,234.18,1,-1,-1,-1
206,30,382.10,408.06,248.45,200.17,1,-1,-1,-1
206,33,548.08,58.02,205.17,167.08,1,-1,-1,-1
206,38,1256.63,120.64,181.90,176.15,1,-1,-1,-1
206,40,1146.90,461.32,303.01,223.98,1,-1,-1,-1
206,42,679.20,125.04,238.95,153.44,1,-1,-1,-1
207,5,1026.41,118.42,205.56,232.21,1,-1,-1,-1
207,30,377.07,413.36,250.27,201.12,1,-1,-1,-1
207,38,1256.65,120.82,181.68,175.67,1,-1,-1,-1
207,40,1150.34,455.06,299.28,221.65,1,-1,-1,-1
207,42,666.37,128.36,238.38,153.92,1,-1,-1,-1
208,5,1026.77,120.58,204.38,230.67,1,-1,-1,-1
208,30,371.40,418.13,252.91,202.74,1,-1,-1,-1
208,38,1257.06,120.77,181.22,174.85,1,-1,-1,-1
208,40,1153.31,448.50,297.85,221.07,1,-1,-1,-1
208,42,655.28,132.09,235.87,153.45,1,-1,-1,-1
209,5,1026.70,121.07,203.77,229.44,1,-1,-1,-1
209,30,364.74,422.61,254.57,203.48,1,-1,-1,-1
209,38,1256.87,120.27,181.17,174.46,1,-1,-1,-1
209,40,1158.58,444.51,293.50,218.57,1,-1,-1,-1
209,42,643.98,134.90,234.62,153.73,1,-1,-1,-1
210,5,1026.88,121.94,202.91,228.01,1,-1,-1,-1
210,30,360.00,428.35,256.80,205.06,1,-1,-1,-1
210,38,1256.50,120.16,181.27,174.20,1,-1,-1,-1
210,40,1163.48,439.72,287.79,214.97,1,-1,-1,-1
210,42,634.53,139.82,230.78,152.44,1,-1,-1,-1
211,5,1027.24,121.84,202.78,227.76,1,-1,-1,-1
211,30,354.62,433.72,259.68,207.35,1,-1,-1,-1
211,38,1256.21,119.41,181.34,174.28,1,-1,-1,-1
211,40,1168.21,434.21,282.29,211.57,1,-1,-1,-1
211,42,624.01,145.51,227.96,152.03,1,-1,-1,-1
212,5,1027.99,122.22,201.77,226.57,1,-1,-1,-1
212,30,347.76,439.83,264.67,211.33,1,-1,-1,-1
212,38,1256.42,119.18,181.29,174.24,1,-1,-1,-1
212,40,1172.38,428.14,278.07,209.18,1,-1,-1,-1
212,42,614.24,151.01,224.79,151.41,1,-1,-1,-1
213,5,1027.60,121.86,202.07,226.87,1,-1,-1,-1
213,30,340.91,445.88,267.51,213.49,1,-1,-1,-1
213,38,1256.91,118.65,180.96,173.94,1,-1,-1,-1
213,40,1177.37,422.55,274.41,206.90,1,-1,-1,-1
213,42,602.86,155.83,224.72,152.89,1,-1,-1,-1
214,5,1027.06,121.00,203.00,227.78,1,-1,-1,-1
214,30,335.58,451.52,268.20,213.90,1,-1,-1,-1
214,38,1256.82,118.37,181.24,174.30,1,-1,-1,-1
214,40,1179.34,414.62,273.72,206.57,1,-1,-1,-1
214,42,593.44,160.79,223.08,153.27,1,-1,-1,-1
215,5,1027.49,120.49,201.99,226.17,1,-1,-1,-1
215,30,329.05,457.57,269.29,214.46,1,-1,-1,-1
215,38,1256.80,118.68,180.86,173.97,1,-1,-1,-1
215,40,1182.51,406.87,272.62,206.39,1,-1,-1,-1
215,42,585.31,165.71,220.83,153.07,1,-1,-1,-1
216,5,1027.00,119.56,202.41,226.18,1,-1,-1,-1
216,30,322.23,463.29,271.13,215.71,1,-1,-1,-1
216,38,1256.98,118.95,180.21,173.33,1,-1,-1,-1
216,40,1189.70,402.24,269.29,204.46,1,-1,-1,-1
216,42,576.77,170.41,218.74,152.92,1,-1,-1,-1
217,5,1027.32,119.50,201.90,225.20,1,-1,-1,-1
217,30,316.85,468.59,272.31,216.31,1,-1,-1,-1
217,38,1257.50,119.68,179.42,172.62,1,-1,-1,-1
217,40,1194.62,396.79,266.44,202.90,1,-1,-1,-1
217,42,570.14,174.83,215.71,151.97,1,-1,-1,-1
218,5,1027.73,119.69,201.45,224.43,1,-1,-1,-1
218,30,309.55,474.60,274.24,217.68,1,-1,-1,-1
218,38,1257.08,119.49,179.67,173.01,1,-1,-1,-1
218,40,1198.74,391.32,263.14,201.28,1,-1,-1,-1
218,42,564.25,179.01,212.54,151.00,1,-1,-1,-1
219,5,1027.53,119.18,201.17,223.81,1,-1,-1,-1
219,30,302.10,480.38,277.68,220.30,1,-1,-1,-1
219,38,1257.37,119.85,179.29,172.70,1,-1,-1,-1
219,40,1203.98,387.27,258.86,198.87,1,-1,-1,-1
219,42,559.09,182.73,209.79,150.23,1,-1,-1,-1
220,5,1028.33,118.81,200.30,222.52,1,-1,-1,-1
220,30,294.87,486.16,280.51,222.43,1,-1,-1,-1
220,38,1257.17,120.09,178.99,172.47,1,-1,-1,-1
220,40,1208.31,382.14,255.31,196.88,1,-1,-1,-1
220,42,554.84,187.25,207.40,149.55,1,-1,-1,-1
221,5,1028.13,117.51,200.32,222.34,1,-1,-1,-1
221,30,286.96,492.84,283.28,224.47,1,-1,-1,-1
221,38,1256.44,119.10,180.06,173.65,1,-1,-1,-1
221,40,1213.32,378.67,249.76,193.14,1,-1,-1,-1
221,42,550.84,191.52,205.06,148.92,1,-1,-1,-1
222,5,1028.70,117.13,199.59,221.18,1,-1,-1,-1
222,30,279.45,500.98,283.04,223.87,1,-1,-1,-1
222,38,1255.95,118.79,180.53,174.16,1,-1,-1,-1
222,40,1216.34,372.46,247.65,192.46,1,-1,-1,-1
222,42,546.82,195.33,202.99,148.36,1,-1,-1,-1
223,5,1029.23,116.69,198.80,220.00,1,-1,-1,-1
223,30,272.04,507.82,285.45,225.54,1,-1,-1,-1
223,38,1255.33,118.15,181.52,175.17,1,-1,-1,-1
223,40,1219.10,367.65,244.88,190.83,1,-1,-1,-1
223,42,540.22,198.56,203.21,149.63,1,-1,-1,-1
224,5,1028.54,115.84,198.89,219.63,1,-1,-1,-1
224,30,263.11,513.66,289.86,229.08,1,-1,-1,-1
224,38,1255.57,117.32,181.65,175.29,1,-1,-1,-1
224,40,1220.43,360.97,245.27,191.80,1,-1,-1,-1
224,42,534.59,201.38,203.62,151.12,1,-1,-1,-1
225,5,1028.38,115.75,198.38,218.61,1,-1,-1,-1
225,30,254.70,519.59,293.47,232.06,1,-1,-1,-1
225,38,1255.37,116.95,182.13,175.70,1,-1,-1,-1
225,40,1224.02,355.00,243.84,191.43,1,-1,-1,-1
225,42,530.41,205.58,202.63,151.49,1,-1,-1,-1
226,5,1028.79,116.17,197.45,217.07,1,-1,-1,-1
226,30,245.99,524.78,298.85,236.57,1,-1,-1,-1
226,38,1255.23,116.96,182.42,175.82,1,-1,-1,-1
226,40,1227.68,350.07,240.17,189.08,1,-1,-1,-1
226,42,527.31,209.67,201.41,151.52,1,-1,-1,-1
227,5,1027.40,114.32,198.94,218.70,1,-1,-1,-1
227,30,238.00,531.02,302.40,239.40,1,-1,-1,-1
227,38,1255.28,116.99,182.66,175.90,1,-1,-1,-1
227,40,1231.62,347.04,236.71,186.47,1,-1,-1,-1
227,42,519.78,213.58,201.58,151.65,1,-1,-1,-1
228,5,1027.61,113.07,198.91,218.52,1,-1,-1,-1
228,30,232.03,536.32,304.22,240.96,1,-1,-1,-1
228,38,1255.67,116.85,183.16,176.30,1,-1,-1,-1
228,40,1233.81,341.59,236.59,186.63,1,-1,-1,-1
229,5,1026.96,113.53,198.07,217.21,1,-1,-1,-1
229,30,224.10,543.21,307.74,244.33,1,-1,-1,-1
229,38,1256.04,116.68,183.85,176.99,1,-1,-1,-1
229,40,1235.40,335.26,237.88,188.64,1,-1,-1,-1
230,5,1026.27,112.87,198.37,217.11,1,-1,-1,-1
230,30,218.17,550.81,308.78,245.39,1,-1,-1,-1
230,38,1256.30,116.88,183.85,176.96,1,-1,-1,-1
230,40,1240.44,332.56,232.55,185.06,1,-1,-1,-1
230,44,519.92,219.69,194.83,159.91,1,-1,-1,-1
231,5,1025.35,111.05,198.63,216.93,1,-1,-1,-1
231,30,210.06,555.40,312.41,248.74,1,-1,-1,-1
231,38,1256.27,116.60,183.04,175.98,1,-1,-1,-1
231,40,1244.68,328.95,228.78,182.53,1,-1,-1,-1
231,44,516.20,223.63,193.88,159.20,1,-1,-1,-1
232,5,1024.97,110.93,197.52,215.21,1,-1,-1,-1
232,30,201.10,560.87,316.32,252.75,1,-1,-1,-1
232,38,1256.37,116.46,182.80,175.69,1,-1,-1,-1
232,40,1249.15,327.39,223.95,179.00,1,-1,-1,-1
232,44,513.55,228.86,193.42,158.92,1,-1,-1,-1
233,5,1024.46,111.06,196.87,213.92,1,-1,-1,-1
233,30,192.38,567.06,318.39,255.13,1,-1,-1,-1
233,38,1257.61,116.16,182.30,175.21,1,-1,-1,-1
233,40,1253.17,325.04,221.07,177.06,1,-1,-1,-1
233,44,509.78,232.85,195.28,160.54,1,-1,-1,-1
234,5,1024.39,109.90,197.23,213.94,1,-1,-1,-1
234,30,183.50,575.07,321.15,257.96,1,-1,-1,-1
234,38,1258.65,116.00,182.14,174.93,1,-1,-1,-1
234,40,1257.32,321.87,219.24,176.05,1,-1,-1,-1
234,44,506.88,238.01,194.48,159.87,1,-1,-1,-1
235,5,1024.04,108.50,198.19,214.61,1,-1,-1,-1
235,30,177.32,583.05,321.71,259.05,1,-1,-1,-1
235,38,1259.16,116.28,181.69,174.30,1,-1,-1,-1
235,40,1260.24,318.79,217.38,174.90,1,-1,-1,-1
235,44,503.95,242.55,194.17,159.64,1,-1,-1,-1
236,5,1023.87,106.54,199.30,215.73,1,-1,-1,-1
236,30,169.79,591.35,322.43,259.78,1,-1,-1,-1
236,38,1259.15,116.14,182.07,174.46,1,-1,-1,-1
236,40,1263.29,315.76,215.13,173.65,1,-1,-1,-1
236,44,500.20,245.98,195.71,160.95,1,-1,-1,-1
237,5,1024.41,105.44,199.36,215.85,1,-1,-1,-1
237,30,160.42,597.39,327.63,264.58,1,-1,-1,-1
237,38,1259.01,115.93,182.58,174.73,1,-1,-1,-1
237,40,1266.81,312.11,211.95,171.57,1,-1,-1,-1
237,44,495.07,248.99,199.17,164.03,1,-1,-1,-1
238,5,1024.06,103.46,200.14,216.78,1,-1,-1,-1
238,30,151.20,603.78,332.54,269.38,1,-1,-1,-1
238,38,1258.83,115.30,182.94,174.86,1,-1,-1,-1
238,40,1268.42,308.60,210.87,171.24,1,-1,-1,-1
238,44,491.65,253.24,199.57,164.69,1,-1,-1,-1
238,45,828.49,13.76,238.87,157.07,1,-1,-1,-1
239,5,1023.49,102.81,200.39,216.96,1,-1,-1,-1
239,30,140.46,609.69,336.08,272.92,1,-1,-1,-1
239,38,1258.53,114.91,183.07,174.93,1,-1,-1,-1
239,40,1270.76,305.63,208.48,169.55,1,-1,-1,-1
239,44,489.09,257.14,199.40,164.73,1,-1,-1,-1
239,45,800.33,5.45,248.76,163.03,1,-1,-1,-1
240,5,1022.77,101.66,200.26,216.51,1,-1,-1,-1
240,30,133.11,615.81,336.61,274.08,1,-1,-1,-1
240,38,1258.42,115.01,182.94,174.56,1,-1,-1,-1
240,40,1273.05,303.84,205.39,167.21,1,-1,-1,-1
240,44,486.65,261.73,199.32,164.82,1,-1,-1,-1
240,45,773.72,1.59,252.49,164.67,1,-1,-1,-1
240,46,1438.69,52.74,305.23,157.98,1,-1,-1,-1
241,5,1022.35,98.60,201.72,218.29,1,-1,-1,-1
241,30,123.63,624.65,338.15,276.00,1,-1,-1,-1
241,38,1259.04,114.46,182.44,173.87,1,-1,-1,-1
241,40,1274.28,300.06,205.64,167.89,1,-1,-1,-1
241,44,485.26,267.49,198.37,164.07,1,-1,-1,-1
241,45,744.41,1.85,251.61,163.10,1,-1,-1,-1
241,46,1424.95,53.77,303.23,156.94,1,-1,-1,-1
242,5,1022.75,98.02,201.63,218.51,1,-1,-1,-1
242,30,115.64,633.76,338.88,276.69,1,-1,-1,-1
242,38,1259.67,114.32,182.80,174.20,1,-1,-1,-1
242,40,1277.30,297.50,203.02,166.11,1,-1,-1,-1
242,44,482.87,272.51,199.06,164.76,1,-1,-1,-1
242,45,715.18,1.53,252.00,162.08,1,-1,-1,-1
243,5,1023.18,98.09,201.24,218.17,1,-1,-1,-1
243,30,104.92,641.47,342.65,279.94,1,-1,-1,-1
243,38,1261.25,113.72,184.04,174.66,1,-1,-1,-1
243,40,1277.58,294.09,203.93,167.20,1,-1,-1,-1
243,44,480.77,277.58,200.21,165.64,1,-1,-1,-1
243,45,686.32,0.76,252.53,161.06,1,-1,-1,-1
244,5,1022.60,97.33,202.11,219.30,1,-1,-1,-1
244,30,95.57,647.11,346.65,283.49,1,-1,-1,-1
244,38,1261.70,113.47,184.02,174.64,1,-1,-1,-1
244,40,1278.82,291.26,203.68,167.51,1,-1,-1,-1
244,44,479.68,282.43,199.51,164.75,1,-1,-1,-1
244,45,661.70,8.40,243.08,153.62,1,-1,-1,-1
245,5,1022.37,96.60,202.49,219.92,1,-1,-1,-1
245,30,86.72,653.03,350.55,287.39,1,-1,-1,-1
245,40,1279.67,289.05,200.91,165.48,1,-1,-1,-1
245,44,478.03,286.46,199.09,164.05,1,-1,-1,-1
245,45,625.46,3.32,249.87,157.02,1,-1,-1,-1
246,5,1022.37,96.29,202.07,219.48,1,-1,-1,-1
246,30,78.59,659.44,353.00,290.12,1,-1,-1,-1
246,40,1279.37,286.08,200.39,165.41,1,-1,-1,-1
246,44,475.52,290.80,199.35,164.27,1,-1,-1,-1
246,45,596.15,1.39,249.71,155.64,1,-1,-1,-1
247,5,1022.17,96.02,201.94,219.37,1,-1,-1,-1
247,30,67.93,667.62,355.94,292.85,1,-1,-1,-1
247,40,1279.66,282.71,199.54,165.43,1,-1,-1,-1
247,45,570.77,-0.15,249.58,155.56,1,-1,-1,-1
248,5,1021.81,95.94,201.74,219.13,1,-1,-1,-1
248,30,56.16,675.19,360.31,296.39,1,-1,-1,-1
248,40,1280.40,279.34,197.70,164.35,1,-1,-1,-1
249,5,1020.51,94.99,203.09,220.54,1,-1,-1,-1
249,30,42.48,685.10,368.37,303.13,1,-1,-1,-1
249,40,1280.06,274.24,197.89,164.98,1,-1,-1,-1
249,48,462.94,294.25,209.24,166.66,1,-1,-1,-1
250,5,1020.67,94.73,202.87,220.37,1,-1,-1,-1
250,30,31.02,694.74,376.79,310.67,1,-1,-1,-1
250,40,1281.03,270.06,196.42,164.30,1,-1,-1,-1
250,48,460.84,297.68,210.24,167.53,1,-1,-1,-1
251,5,1021.27,94.77,202.22,219.71,1,-1,-1,-1
251,30,17.49,704.22,383.38,316.54,1,-1,-1,-1
251,40,1281.34,265.29,195.34,163.65,1,-1,-1,-1
251,48,458.69,300.85,211.08,168.41,1,-1,-1,-1
252,5,1021.20,94.33,202.95,220.58,1,-1,-1,-1
252,30,4.74,714.01,394.44,327.01,1,-1,-1,-1
252,40,1281.45,260.76,194.70,163.35,1,-1,-1,-1
252,48,456.86,304.97,211.31,168.75,1,-1,-1,-1
253,5,1021.96,96.05,201.58,219.16,1,-1,-1,-1
253,30,-5.77,723.31,401.37,334.50,1,-1,-1,-1
253,40,1282.20,255.78,194.92,164.12,1,-1,-1,-1
253,48,454.00,307.64,215.37,172.30,1,-1,-1,-1
254,5,1022.03,96.36,201.88,219.58,1,-1,-1,-1
254,30,-11.08,731.53,401.74,336.92,1,-1,-1,-1
254,40,1283.50,252.58,193.72,163.68,1,-1,-1,-1
254,48,451.74,312.55,215.82,172.88,1,-1,-1,-1
255,5,1017.99,94.12,205.04,222.35,1,-1,-1,-1
255,30,-16.41,740.04,402.08,340.29,1,-1,-1,-1
255,40,1283.11,247.99,193.10,163.65,1,-1,-1,-1
255,48,448.90,316.35,215.72,173.05,1,-1,-1,-1
256,5,1015.02,92.63,207.69,224.12,1,-1,-1,-1
256,30,-14.96,750.39,394.32,335.79,1,-1,-1,-1
256,40,1283.40,243.69,190.58,161.63,1,-1,-1,-1
256,48,446.21,320.36,214.97,172.60,1,-1,-1,-1
256,49,1261.54,100.01,174.18,170.39,1,-1,-1,-1
257,5,1013.54,90.73,210.20,226.15,1,-1,-1,-1
257,30,-13.05,761.53,382.96,327.80,1,-1,-1,-1
257,40,1283.33,237.38,189.84,161.23,1,-1,-1,-1
257,48,443.08,323.90,215.67,173.35,1,-1,-1,-1
257,49,1261.16,97.97,173.33,169.52,1,-1,-1,-1
258,5,1008.00,91.20,211.23,225.58,1,-1,-1,-1
258,30,-11.08,772.91,368.96,317.07,1,-1,-1,-1
258,40,1284.27,233.33,187.32,159.03,1,-1,-1,-1
258,48,440.41,328.49,215.28,173.33,1,-1,-1,-1
258,49,1260.97,96.89,171.73,167.85,1,-1,-1,-1
259,5,998.91,87.53,216.22,228.30,1,-1,-1,-1
259,30,-18.07,781.79,370.15,318.10,1,-1,-1,-1
259,40,1284.99,229.55,185.28,157.02,1,-1,-1,-1
259,48,436.82,331.50,217.11,175.05,1,-1,-1,-1
259,49,1260.87,95.43,170.92,167.05,1,-1,-1,-1
260,5,1005.28,89.13,213.52,224.68,1,-1,-1,-1
260,40,1285.22,226.00,183.25,155.32,1,-1,-1,-1
260,48,434.82,335.75,217.18,175.30,1,-1,-1,-1
261,5,1009.04,90.87,211.92,222.09,1,-1,-1,-1
261,40,1284.98,224.24,182.21,154.34,1,-1,-1,-1
261,48,431.56,339.78,217.86,175.95,1,-1,-1,-1
262,5,1012.05,93.50,209.94,219.27,1,-1,-1,-1
262,40,1284.99,221.36,181.04,153.13,1,-1,-1,-1
262,48,428.47,344.30,218.51,176.28,1,-1,-1,-1
262,50,887.26,83.97,300.03,225.13,1,-1,-1,-1
263,5,1012.00,92.96,210.85,219.68,1,-1,-1,-1
263,40,1284.88,218.19,180.16,152.03,1,-1,-1,-1
263,48,425.14,348.20,221.37,178.64,1,-1,-1,-1
263,50,872.25,81.32,302.60,225.39,1,-1,-1,-1
264,5,1013.46,93.70,210.43,219.17,1,-1,-1,-1
264,40,1283.99,215.81,180.32,151.72,1,-1,-1,-1
264,48,420.80,352.57,224.25,180.78,1,-1,-1,-1
264,50,863.61,80.62,301.91,224.88,1,-1,-1,-1
264,52,819.09,72.04,246.80,162.69,1,-1,-1,-1
265,5,1016.45,95.60,208.58,217.58,1,-1,-1,-1
265,40,1284.35,212.58,180.10,151.35,1,-1,-1,-1
265,48,417.69,356.55,224.68,181.00,1,-1,-1,-1
265,52,805.59,75.87,250.30,164.40,1,-1,-1,-1
265,53,1263.84,84.05,176.90,164.58,1,-1,-1,-1
266,5,1017.00,97.23,207.84,216.67,1,-1,-1,-1
266,40,1283.75,209.99,180.44,151.37,1,-1,-1,-1
266,48,413.78,360.78,226.30,182.05,1,-1,-1,-1
266,52,786.05,79.05,252.37,165.27,1,-1,-1,-1
266,53,1263.37,82.23,178.33,165.95,1,-1,-1,-1
267,5,1017.27,97.61,207.87,216.81,1,-1,-1,-1
267,40,1282.60,206.31,182.26,153.06,1,-1,-1,-1
267,48,410.74,364.62,227.47,182.99,1,-1,-1,-1
267,52,764.90,81.16,256.02,167.41,1,-1,-1,-1
267,53,1265.22,79.66,178.36,166.10,1,-1,-1,-1
268,5,1018.05,97.93,207.40,216.53,1,-1,-1,-1
268,40,1282.63,204.25,182.11,152.93,1,-1,-1,-1
268,52,747.01,83.07,259.62,169.79,1,-1,-1,-1
268,53,1266.70,78.51,179.15,167.00,1,-1,-1,-1
269,5,1018.44,98.11,207.28,216.56,1,-1,-1,-1
269,40,1282.81,201.13,182.39,153.24,1,-1,-1,-1
269,52,729.25,83.91,263.53,172.67,1,-1,-1,-1
269,53,1268.03,78.24,179.14,167.32,1,-1,-1,-1
270,5,1019.19,97.66,206.80,216.53,1,-1,-1,-1
270,40,1282.32,198.53,182.38,153.44,1,-1,-1,-1
270,52,712.34,86.17,265.67,174.70,1,-1,-1,-1
270,53,1269.43,76.95,179.13,167.57,1,-1,-1,-1
270,54,398.75,379.34,236.63,189.09,1,-1,-1,-1
271,5,1019.93,97.47,205.99,216.04,1,-1,-1,-1
271,40,1282.00,195.93,182.41,153.58,1,-1,-1,-1
271,52,698.15,89.63,265.38,175.08,1,-1,-1,-1
271,53,1270.19,74.03,177.84,166.63,1,-1,-1,-1
271,54,396.86,381.28,237.77,190.00,1,-1,-1,-1
272,5,1019.34,97.48,205.63,215.93,1,-1,-1,-1
272,40,1280.71,192.90,182.71,153.91,1,-1,-1,-1
272,52,684.46,94.80,263.72,174.97,1,-1,-1,-1
272,53,1271.94,71.91,174.45,163.53,1,-1,-1,-1
273,5,1018.45,96.67,205.71,216.33,1,-1,-1,-1
273,40,1280.44,191.03,180.56,152.33,1,-1,-1,-1
273,52,672.35,99.01,261.77,174.86,1,-1,-1,-1
273,53,1272.79,68.46,174.57,163.97,1,-1,-1,-1
274,5,1018.78,95.99,205.59,216.69,1,-1,-1,-1
274,40,1279.22,187.13,180.71,153.09,1,-1,-1,-1
274,52,663.34,104.33,257.13,172.90,1,-1,-1,-1
274,53,1271.39,64.78,174.23,164.22,1,-1,-1,-1
275,5,1019.45,96.14,204.70,216.19,1,-1,-1,-1
275,40,1278.46,184.59,180.32,153.34,1,-1,-1,-1
275,52,654.96,109.12,253.04,171.45,1,-1,-1,-1
275,53,1271.97,62.64,174.11,164.11,1,-1,-1,-1
276,5,1019.89,96.37,203.87,215.62,1,-1,-1,-1
276,40,1278.02,182.35,179.34,152.95,1,-1,-1,-1
276,52,645.77,112.09,252.03,172.63,1,-1,-1,-1
276,55,378.40,405.83,241.89,193.62,1,-1,-1,-1
277,5,1020.27,96.26,203.54,215.56,1,-1,-1,-1
277,40,1278.23,180.39,177.64,151.80,1,-1,-1,-1
277,52,638.17,115.20,250.34,173.72,1,-1,-1,-1
277,55,375.87,411.06,241.53,193.24,1,-1,-1,-1
278,5,1020.50,95.78,203.12,215.22,1,-1,-1,-1
278,40,1277.10,177.21,177.91,152.39,1,-1,-1,-1
278,52,631.42,118.49,246.89,173.84,1,-1,-1,-1
278,55,372.85,415.51,242.74,193.96,1,-1,-1,-1
279,5,1020.51,95.34,202.75,214.79,1,-1,-1,-1
279,40,1276.78,174.33,176.82,151.75,1,-1,-1,-1
279,52,624.02,120.93,246.39,176.03,1,-1,-1,-1
279,55,367.23,416.85,247.39,197.59,1,-1,-1,-1
280,5,1020.51,94.68,202.79,214.80,1,-1,-1,-1
280,40,1275.65,172.24,176.66,151.87,1,-1,-1,-1
280,52,617.01,124.38,243.01,175.98,1,-1,-1,-1
280,55,362.80,420.26,251.04,200.52,1,-1,-1,-1
280,56,1063.41,730.50,548.95,349.88,1,-1,-1,-1
281,5,1021.08,93.74,202.10,214.07,1,-1,-1,-1
281,40,1275.91,170.52,173.32,148.89,1,-1,-1,-1
281,52,609.79,128.12,239.24,175.76,1,-1,-1,-1
281,55,358.55,422.82,254.17,203.16,1,-1,-1,-1
281,56,1046.12,717.66,566.57,362.93,1,-1,-1,-1
282,5,1020.32,93.05,202.06,213.75,1,-1,-1,-1
282,40,1275.64,169.07,171.58,147.11,1,-1,-1,-1
282,52,603.41,132.13,236.74,176.53,1,-1,-1,-1
282,55,355.81,428.21,255.00,204.20,1,-1,-1,-1
282,56,1032.53,707.67,577.37,372.58,1,-1,-1,-1
283,5,1020.34,92.94,201.69,213.25,1,-1,-1,-1
283,40,1274.31,165.26,172.89,148.19,1,-1,-1,-1
283,52,596.28,134.70,238.07,180.23,1,-1,-1,-1
283,55,351.66,434.91,258.36,207.22,1,-1,-1,-1
283,56,1020.32,697.11,588.29,383.35,1,-1,-1,-1
284,5,1020.47,92.04,201.38,212.94,1,-1,-1,-1
284,40,1273.41,163.12,173.04,148.37,1,-1,-1,-1
284,52,592.66,139.41,235.88,181.10,1,-1,-1,-1
284,55,347.32,440.54,261.59,209.99,1,-1,-1,-1
284,56,1009.50,685.45,596.48,393.80,1,-1,-1,-1
285,5,1020.65,91.16,200.79,212.36,1,-1,-1,-1
285,40,1273.02,159.97,172.74,148.18,1,-1,-1,-1
285,52,591.11,146.13,229.79,178.48,1,-1,-1,-1
285,55,343.32,447.12,263.95,212.02,1,-1,-1,-1
285,56,1004.33,675.88,596.92,399.84,1,-1,-1,-1
286,5,1020.24,89.74,201.17,212.89,1,-1,-1,-1
286,40,1272.66,158.29,172.30,147.88,1,-1,-1,-1
286,52,589.08,151.74,224.71,176.65,1,-1,-1,-1
286,55,340.60,454.40,263.44,211.72,1,-1,-1,-1
286,56,1001.26,662.72,591.33,402.39,1,-1,-1,-1
287,5,1019.68,87.82,201.88,213.79,1,-1,-1,-1
287,40,1272.28,156.47,171.91,147.41,1,-1,-1,-1
287,52,585.44,156.32,222.40,176.79,1,-1,-1,-1
287,55,336.41,459.75,264.23,212.04,1,-1,-1,-1
287,56,1002.07,649.01,576.87,398.95,1,-1,-1,-1
288,5,1018.73,86.70,201.82,213.64,1,-1,-1,-1
288,40,1271.34,154.49,171.50,146.99,1,-1,-1,-1
288,52,579.52,160.34,222.45,178.93,1,-1,-1,-1
288,55,330.52,462.81,268.97,215.54,1,-1,-1,-1
288,56,1004.06,637.30,562.91,395.71,1,-1,-1,-1
289,5,1017.89,84.90,202.45,214.41,1,-1,-1,-1
289,40,1269.63,152.09,171.05,146.65,1,-1,-1,-1
289,52,574.48,164.02,221.99,180.57,1,-1,-1,-1
289,55,326.34,467.75,270.49,216.42,1,-1,-1,-1
289,56,1008.27,627.51,543.27,387.79,1,-1,-1,-1
289,57,376.33,285.92,292.08,254.35,1,-1,-1,-1
290,5,1016.99,83.29,202.83,214.94,1,-1,-1,-1
290,40,1268.84,149.45,171.31,147.05,1,-1,-1,-1
290,52,569.26,167.12,221.46,182.17,1,-1,-1,-1
290,55,320.49,471.80,273.54,218.84,1,-1,-1,-1
290,56,1011.70,618.54,525.18,380.20,1,-1,-1,-1
290,57,375.82,286.13,294.50,256.38,1,-1,-1,-1
291,5,1017.22,82.43,202.80,215.00,1,-1,-1,-1
291,40,1268.32,146.47,171.76,147.64,1,-1,-1,-1
291,52,562.34,170.47,222.25,184.64,1,-1,-1,-1
291,55,316.00,476.66,276.62,221.18,1,-1,-1,-1
291,56,1015.54,609.90,510.33,374.62,1,-1,-1,-1
291,57,369.55,287.48,301.47,262.34,1,-1,-1,-1
292,5,1016.54,80.69,203.46,215.67,1,-1,-1,-1
292,40,1268.26,145.19,171.70,147.48,1,-1,-1,-1
292,52,557.82,174.78,222.94,187.00,1,-1,-1,-1
292,55,311.60,483.62,278.73,222.55,1,-1,-1,-1
292,56,1019.13,600.93,494.08,367.13,1,-1,-1,-1
292,57,373.22,291.80,298.62,259.62,1,-1,-1,-1
293,5,1016.51,79.96,203.30,215.22,1,-1,-1,-1
293,40,1268.69,143.64,171.46,147.34,1,-1,-1,-1
293,52,553.33,178.88,223.23,188.76,1,-1,-1,-1
293,55,308.00,490.95,277.39,221.19,1,-1,-1,-1
293,56,1023.37,594.59,475.94,357.11,1,-1,-1,-1
293,57,375.13,297.09,296.01,256.89,1,-1,-1,-1
294,5,1016.47,78.67,203.87,215.64,1,-1,-1,-1
294,40,1268.18,142.11,171.19,147.19,1,-1,-1,-1
294,52,551.00,183.15,221.62,188.98,1,-1,-1,-1
294,55,302.74,497.70,279.72,222.59,1,-1,-1,-1
294,56,1021.58,585.50,470.97,357.14,1,-1,-1,-1
294,57,372.81,296.79,300.69,260.80,1,-1,-1,-1
294,58,378.77,2.32,227.47,176.06,1,-1,-1,-1
295,5,1016.57,78.23,203.52,215.38,1,-1,-1,-1
295,40,1267.13,140.43,170.86,147.07,1,-1,-1,-1
295,52,547.25,188.43,220.24,189.17,1,-1,-1,-1
295,55,298.24,503.48,282.46,224.23,1,-1,-1,-1
295,56,1012.17,580.66,488.54,376.09,1,-1,-1,-1
295,57,374.08,301.98,300.44,260.03,1,-1,-1,-1
295,58,385.69,4.09,228.57,176.23,1,-1,-1,-1
296,5,1016.08,76.79,203.90,216.02,1,-1,-1,-1
296,40,1267.99,139.92,169.70,146.28,1,-1,-1,-1
296,52,545.48,193.45,218.06,188.72,1,-1,-1,-1
296,55,287.84,509.34,289.65,230.20,1,-1,-1,-1
296,56,1014.52,572.30,478.39,372.83,1,-1,-1,-1
296,57,372.48,303.67,302.39,261.30,1,-1,-1,-1
296,58,393.48,5.60,228.31,175.09,1,-1,-1,-1
297,5,1014.83,75.61,203.75,216.18,1,-1,-1,-1
297,40,1268.42,138.51,168.59,145.53,1,-1,-1,-1
297,52,539.26,197.63,218.99,189.52,1,-1,-1,-1
297,55,277.94,514.35,294.36,234.04,1,-1,-1,-1
297,56,1018.23,562.32,450.51,353.75,1,-1,-1,-1
297,57,372.13,306.26,303.13,261.94,1,-1,-1,-1
297,58,398.25,8.10,227.07,172.59,1,-1,-1,-1
298,5,1017.13,78.99,198.93,210.76,1,-1,-1,-1
298,40,1268.43,138.05,167.95,145.15,1,-1,-1,-1
298,55,269.34,519.48,297.59,236.96,1,-1,-1,-1
298,56,1013.95,553.41,448.79,352.40,1,-1,-1,-1
298,58,396.77,8.72,231.39,173.98,1,-1,-1,-1
299,5,1016.54,77.30,199.05,210.78,1,-1,-1,-1
299,40,1268.20,137.31,167.31,144.66,1,-1,-1,-1
299,55,263.92,525.09,297.91,237.40,1,-1,-1,-1
299,58,397.80,6.51,238.54,177.25,1,-1,-1,-1
299,59,1031.92,566.64,477.51,509.98,1,-1,-1,-1
300,5,1016.12,76.14,199.54,211.23,1,-1,-1,-1
300,40,1269.18,136.82,166.66,144.21,1,-1,-1,-1
300,55,257.29,532.27,298.41,238.25,1,-1,-1,-1
300,58,404.24,9.33,238.73,174.92,1,-1,-1,-1
300,59,1028.13,559.65,478.69,512.53,1,-1,-1,-1
300,60,364.65,314.06,313.03,261.13,1,-1,-1,-1
301,5,1015.59,74.58,199.88,211.27,1,-1,-1,-1
301,40,1270.82,137.70,164.82,142.79,1,-1,-1,-1
301,55,250.88,539.13,298.93,238.92,1,-1,-1,-1
301,58,410.82,9.95,239.74,173.36,1,-1,-1,-1
301,59,1028.16,550.71,476.54,511.90,1,-1,-1,-1
301,60,362.84,316.11,316.81,264.42,1,-1,-1,-1
302,5,1017.42,74.97,198.98,210.37,1,-1,-1,-1
302,40,1270.83,136.47,164.29,142.33,1,-1,-1,-1
302,55,242.96,545.80,301.08,240.72,1,-1,-1,-1
302,58,416.48,11.48,241.28,172.25,1,-1,-1,-1
302,59,1030.80,542.18,469.84,506.47,1,-1,-1,-1
302,60,360.40,317.95,319.74,267.18,1,-1,-1,-1
303,5,1018.89,76.98,197.10,208.19,1,-1,-1,-1
303,55,235.62,551.34,304.99,244.03,1,-1,-1,-1
303,58,420.61,12.40,242.85,171.14,1,-1,-1,-1
303,59,1030.11,534.43,461.04,499.12,1,-1,-1,-1
303,60,358.84,320.07,322.52,269.78,1,-1,-1,-1
304,5,1020.43,77.77,195.72,206.35,1,-1,-1,-1
304,55,226.15,554.83,312.49,250.84,1,-1,-1,-1
304,58,425.84,14.49,242.97,168.83,1,-1,-1,-1
304,59,1027.73,526.45,455.24,495.08,1,-1,-1,-1
304,60,358.09,325.40,321.84,269.21,1,-1,-1,-1
304,62,820.53,1.46,234.58,158.84,1,-1,-1,-1
305,5,1019.35,76.37,196.49,206.99,1,-1,-1,-1
305,55,218.88,560.20,314.94,253.19,1,-1,-1,-1
305,58,428.23,13.56,247.64,170.14,1,-1,-1,-1
305,59,1029.06,516.91,446.37,487.39,1,-1,-1,-1
305,60,352.17,327.89,323.94,271.12,1,-1,-1,-1
305,62,796.57,1.28,236.60,158.73,1,-1,-1,-1
306,5,1018.33,74.91,197.77,208.20,1,-1,-1,-1
306,55,210.85,566.93,316.86,255.19,1,-1,-1,-1
306,58,432.28,14.54,248.44,168.80,1,-1,-1,-1
306,59,1032.05,508.11,432.75,473.88,1,-1,-1,-1
306,60,347.97,330.54,323.43,269.74,1,-1,-1,-1
306,62,765.54,1.27,240.71,159.34,1,-1,-1,-1
306,64,1272.98,134.01,164.20,145.76,1,-1,-1,-1
307,5,1017.81,74.72,197.68,207.72,1,-1,-1,-1
307,55,203.75,575.15,316.13,254.86,1,-1,-1,-1
307,58,436.82,17.04,247.99,166.86,1,-1,-1,-1
307,59,1033.17,500.40,421.44,462.32,1,-1,-1,-1
307,60,340.99,332.86,323.78,268.50,1,-1,-1,-1
307,62,747.99,0.97,241.14,159.63,1,-1,-1,-1
307,64,1272.77,133.36,164.73,146.23,1,-1,-1,-1
308,5,1015.65,74.13,198.85,208.20,1,-1,-1,-1
308,55,195.47,582.60,317.69,256.14,1,-1,-1,-1
308,58,439.79,17.43,250.57,167.08,1,-1,-1,-1
308,59,1033.44,493.58,411.70,452.25,1,-1,-1,-1
308,60,331.54,336.37,323.35,266.23,1,-1,-1,-1
309,5,1015.73,73.85,199.43,208.47,1,-1,-1,-1
309,55,185.94,589.36,321.68,259.66,1,-1,-1,-1
309,58,442.71,20.29,250.65,165.63,1,-1,-1,-1
309,59,1033.40,487.71,401.45,441.11,1,-1,-1,-1
309,60,317.66,337.62,329.95,268.89,1,-1,-1,-1
310,5,1013.90,72.79,200.68,209.15,1,-1,-1,-1
310,55,175.50,595.38,325.87,263.51,1,-1,-1,-1
310,58,449.21,25.49,248.13,162.55,1,-1,-1,-1
310,59,1032.79,481.97,394.21,433.72,1,-1,-1,-1
310,60,302.91,336.72,337.88,271.63,1,-1,-1,-1
311,5,1016.09,73.51,199.63,207.86,1,-1,-1,-1
311,55,166.50,601.26,330.58,267.87,1,-1,-1,-1
311,58,454.53,27.14,246.76,161.65,1,-1,-1,-1
311,59,1032.09,475.06,388.61,427.78,1,-1,-1,-1
311,60,285.93,339.99,345.18,271.75,1,-1,-1,-1
312,5,1016.41,74.05,199.32,207.02,1,-1,-1,-1
312,55,155.94,608.49,334.21,271.39,1,-1,-1,-1
312,59,1028.64,468.51,384.37,423.35,1,-1,-1,-1
312,60,265.08,343.19,353.56,272.05,1,-1,-1,-1
312,68,1278.37,129.10,174.59,147.99,1,-1,-1,-1
313,5,1017.78,74.93,198.58,205.95,1,-1,-1,-1
313,55,145.50,617.53,332.59,269.79,1,-1,-1,-1
313,59,1026.17,462.90,381.41,420.52,1,-1,-1,-1
313,60,236.29,344.80,365.13,274.45,1,-1,-1,-1
313,68,1278.67,128.09,175.46,148.59,1,-1,-1,-1
314,5,1017.45,74.44,199.35,206.77,1,-1,-1,-1
314,55,133.45,625.10,334.99,271.64,1,-1,-1,-1
314,59,1022.69,456.29,379.76,418.86,1,-1,-1,-1
314,60,206.62,348.41,375.06,274.51,1,-1,-1,-1
314,68,1277.67,126.16,177.72,150.33,1,-1,-1,-1
315,5,1018.03,75.17,198.52,205.91,1,-1,-1,-1
315,55,123.69,633.06,335.46,271.51,1,-1,-1,-1
315,59,1021.53,452.29,375.77,414.24,1,-1,-1,-1
315,60,180.82,352.35,385.84,275.34,1,-1,-1,-1
315,68,1277.97,126.17,177.20,149.75,1,-1,-1,-1
315,70,434.35,11.43,285.07,176.30,1,-1,-1,-1
316,5,1018.13,74.61,198.65,206.03,1,-1,-1,-1
316,55,111.53,639.87,341.32,276.45,1,-1,-1,-1
316,59,1021.00,447.66,369.84,408.04,1,-1,-1,-1
316,60,151.79,355.21,394.64,275.15,1,-1,-1,-1
316,68,1278.73,126.69,175.87,148.43,1,-1,-1,-1
316,70,446.49,17.65,276.00,170.55,1,-1,-1,-1
317,5,1018.24,74.21,198.84,206.32,1,-1,-1,-1
317,55,98.94,647.52,344.65,279.28,1,-1,-1,-1
317,59,1019.04,440.95,367.58,405.90,1,-1,-1,-1
317,60,113.01,352.34,415.34,283.75,1,-1,-1,-1
317,68,1279.64,127.22,175.25,147.48,1,-1,-1,-1
317,70,445.80,16.52,278.93,172.03,1,-1,-1,-1
318,5,1017.93,73.69,199.34,206.75,1,-1,-1,-1
318,55,86.69,654.46,348.83,282.81,1,-1,-1,-1
318,59,1017.68,435.06,363.60,401.42,1,-1,-1,-1
318,60,77.96,351.38,430.66,289.54,1,-1,-1,-1
318,68,1279.98,124.90,178.50,149.63,1,-1,-1,-1
318,70,458.65,24.87,268.22,164.97,1,-1,-1,-1
319,5,1018.32,74.60,198.57,205.86,1,-1,-1,-1
319,55,77.84,660.76,352.45,285.82,1,-1,-1,-1
319,59,1017.47,429.15,358.56,395.35,1,-1,-1,-1
319,60,49.79,356.88,436.14,288.35,1,-1,-1,-1
319,68,1280.51,124.26,178.83,149.91,1,-1,-1,-1
319,70,473.05,30.69,261.76,161.02,1,-1,-1,-1
319,72,1029.82,563.97,347.54,273.49,1,-1,-1,-1
319,73,833.88,39.81,204.69,137.12,1,-1,-1,-1
320,5,1018.11,74.81,198.34,205.46,1,-1,-1,-1
320,55,66.86,667.93,357.74,290.31,1,-1,-1,-1
320,59,1017.17,423.42,352.84,389.00,1,-1,-1,-1
320,60,27.10,362.30,441.05,289.56,1,-1,-1,-1
320,70,470.27,31.15,262.85,161.21,1,-1,-1,-1
320,72,1029.16,555.12,343.07,269.74,1,-1,-1,-1
320,73,813.52,37.22,205.90,137.48,1,-1,-1,-1
320,74,456.29,286.38,231.77,228.56,1,-1,-1,-1
321,5,1018.36,74.18,197.86,205.04,1,-1,-1,-1
321,55,54.41,675.67,362.54,294.27,1,-1,-1,-1
321,59,1018.46,419.35,346.73,381.73,1,-1,-1,-1
321,60,13.83,363.95,446.50,291.95,1,-1,-1,-1
321,70,483.53,33.60,256.28,157.60,1,-1,-1,-1
321,72,1029.65,548.00,338.11,265.49,1,-1,-1,-1
321,73,792.34,36.51,204.64,135.95,1,-1,-1,-1
321,74,457.20,291.37,226.27,222.33,1,-1,-1,-1
322,5,1017.17,73.17,199.18,206.27,1,-1,-1,-1
322,55,41.37,683.60,370.94,301.63,1,-1,-1,-1
322,59,1017.52,415.29,341.84,375.52,1,-1,-1,-1
322,60,5.54,368.04,441.28,288.53,1,-1,-1,-1
322,70,492.41,35.04,253.23,156.21,1,-1,-1,-1
322,72,1027.91,538.64,336.30,263.87,1,-1,-1,-1
322,73,765.66,34.18,205.05,135.22,1,-1,-1,-1
322,74,452.27,294.78,223.57,218.50,1,-1,-1,-1
323,5,1016.60,73.19,199.69,206.29,1,-1,-1,-1
323,55,29.28,692.29,377.17,307.57,1,-1,-1,-1
323,59,1017.12,410.36,337.20,369.35,1,-1,-1,-1
323,60,-11.94,376.35,442.77,291.75,1,-1,-1,-1
323,70,498.39,35.90,251.01,155.44,1,-1,-1,-1
323,72,1028.69,533.07,330.17,258.68,1,-1,-1,-1
323,73,737.56,32.64,206.51,134.91,1,-1,-1,-1
323,74,446.37,298.14,223.97,217.75,1,-1,-1,-1
324,5,1015.40,73.26,199.94,206.40,1,-1,-1,-1
324,55,16.45,703.40,384.20,313.98,1,-1,-1,-1
324,59,1014.45,404.16,334.92,365.43,1,-1,-1,-1
324,60,-22.24,374.93,433.36,288.85,1,-1,-1,-1
324,70,504.63,37.55,247.82,154.33,1,-1,-1,-1
324,72,1024.68,525.83,327.51,255.84,1,-1,-1,-1
324,73,711.75,30.54,210.16,136.01,1,-1,-1,-1
324,74,441.70,302.50,225.43,217.87,1,-1,-1,-1
325,5,1015.97,73.78,200.75,206.66,1,-1,-1,-1
325,55,3.98,713.52,395.21,324.30,1,-1,-1,-1
325,59,1012.56,398.33,332.93,362.22,1,-1,-1,-1
325,60,-39.09,377.60,434.75,289.78,1,-1,-1,-1
325,70,509.21,37.28,248.58,155.95,1,-1,-1,-1
325,72,1022.63,521.63,323.21,251.75,1,-1,-1,-1
325,73,691.68,29.12,209.67,135.69,1,-1,-1,-1
325,74,437.90,304.62,228.46,219.48,1,-1,-1,-1
325,76,1279.49,127.35,185.22,146.35,1,-1,-1,-1
326,5,1017.40,75.16,200.28,205.50,1,-1,-1,-1
326,55,-7.47,722.59,402.77,332.69,1,-1,-1,-1
326,59,1010.26,392.56,332.14,360.51,1,-1,-1,-1
326,70,515.15,38.91,246.33,155.85,1,-1,-1,-1
326,72,1021.88,515.30,318.66,248.21,1,-1,-1,-1
326,74,433.00,307.32,233.14,223.13,1,-1,-1,-1
326,76,1280.33,127.64,184.95,146.20,1,-1,-1,-1
327,5,1020.84,74.87,202.13,205.73,1,-1,-1,-1
327,55,-11.98,732.52,403.01,335.06,1,-1,-1,-1
327,59,1008.97,387.10,331.73,359.19,1,-1,-1,-1
327,70,520.27,39.70,245.02,156.08,1,-1,-1,-1
327,74,428.98,310.79,236.31,225.07,1,-1,-1,-1
327,76,1280.64,127.36,185.09,146.36,1,-1,-1,-1
328,5,1019.30,74.44,203.13,205.28,1,-1,-1,-1
328,55,-16.70,741.94,403.81,338.81,1,-1,-1,-1
328,59,1007.02,381.68,330.75,357.47,1,-1,-1,-1
328,70,525.93,39.87,244.99,157.50,1,-1,-1,-1
328,74,425.85,315.42,238.21,226.02,1,-1,-1,-1
328,76,1280.63,127.01,185.11,146.47,1,-1,-1,-1
329,5,1014.30,76.74,201.27,201.93,1,-1,-1,-1
329,55,-16.46,753.21,395.05,333.89,1,-1,-1,-1
329,59,1006.13,378.91,327.23,352.75,1,-1,-1,-1
329,70,528.35,38.55,245.15,159.15,1,-1,-1,-1
329,74,420.79,318.94,240.88,227.60,1,-1,-1,-1
329,76,1280.01,126.49,185.51,146.85,1,-1,-1,-1
330,5,1010.18,77.20,201.23,200.09,1,-1,-1,-1
330,55,-25.89,761.75,399.33,337.51,1,-1,-1,-1
330,59,1005.04,374.85,324.92,349.94,1,-1,-1,-1
330,70,530.28,36.92,245.68,161.21,1,-1,-1,-1
330,74,416.47,322.86,242.04,227.47,1,-1,-1,-1
330,76,1279.25,126.26,186.12,147.50,1,-1,-1,-1
330,77,1013.82,488.33,319.59,243.97,1,-1,-1,-1
331,5,1012.04,76.66,201.04,199.31,1,-1,-1,-1
331,59,1002.65,368.59,324.18,349.34,1,-1,-1,-1
331,70,541.61,42.46,234.92,156.23,1,-1,-1,-1
331,74,411.05,325.27,244.61,228.89,1,-1,-1,-1
331,76,1278.78,125.91,185.90,147.54,1,-1,-1,-1
331,77,1013.20,485.08,318.22,242.92,1,-1,-1,-1
332,5,1015.16,75.87,201.76,200.49,1,-1,-1,-1
332,59,1001.46,363.18,321.91,347.33,1,-1,-1,-1
332,70,548.08,45.21,228.89,154.39,1,-1,-1,-1
332,74,406.76,329.15,246.60,229.75,1,-1,-1,-1
332,76,1279.40,126.35,185.48,147.45,1,-1,-1,-1
333,5,1017.18,75.60,201.29,200.79,1,-1,-1,-1
333,59,1035.00,435.96,259.69,270.06,1,-1,-1,-1
333,70,550.44,45.63,227.02,155.09,1,-1,-1,-1
333,74,401.03,332.12,250.09,232.39,1,-1,-1,-1
333,76,1280.00,126.82,184.54,147.00,1,-1,-1,-1
334,5,1017.36,75.63,201.23,201.28,1,-1,-1,-1
334,59,1045.73,460.77,237.02,238.41,1,-1,-1,-1
334,70,556.61,47.72,222.90,154.66,1,-1,-1,-1
334,74,396.60,337.68,251.61,232.61,1,-1,-1,-1
334,76,1280.63,127.27,184.14,146.92,1,-1,-1,-1
334,78,823.48,112.08,216.78,146.08,1,-1,-1,-1
335,5,1016.58,75.28,201.41,201.88,1,-1,-1,-1
335,59,1045.40,464.61,233.28,227.74,1,-1,-1,-1
335,70,561.33,51.66,216.38,152.07,1,-1,-1,-1
335,74,392.09,343.33,254.21,233.62,1,-1,-1,-1
335,76,1281.11,127.55,183.91,146.84,1,-1,-1,-1
335,78,792.88,115.70,219.09,147.11,1,-1,-1,-1
336,5,1016.20,74.95,201.41,202.26,1,-1,-1,-1
336,59,1042.18,461.16,235.10,223.75,1,-1,-1,-1
336,70,565.33,55.09,211.66,150.83,1,-1,-1,-1
336,74,387.56,348.47,256.76,234.82,1,-1,-1,-1
336,76,1281.20,127.63,183.70,146.74,1,-1,-1,-1
336,78,765.32,119.12,220.46,147.49,1,-1,-1,-1
337,5,1016.03,74.29,201.47,202.77,1,-1,-1,-1
337,59,1010.15,395.54,290.24,278.13,1,-1,-1,-1
337,70,568.85,56.53,209.16,151.21,1,-1,-1,-1
337,74,383.30,354.11,257.96,234.98,1,-1,-1,-1
337,76,1281.52,127.51,183.18,146.41,1,-1,-1,-1
337,78,738.73,124.20,219.92,146.49,1,-1,-1,-1
338,5,1015.51,72.94,201.72,203.41,1,-1,-1,-1
338,59,990.51,354.47,319.93,310.92,1,-1,-1,-1
338,70,571.43,58.28,204.96,150.31,1,-1,-1,-1
338,74,377.72,359.86,258.84,234.52,1,-1,-1,-1
338,76,1281.09,127.23,183.68,146.92,1,-1,-1,-1
338,78,711.67,128.38,221.64,147.21,1,-1,-1,-1
339,5,1014.68,70.90,202.93,205.24,1,-1,-1,-1
339,59,983.09,335.64,327.64,322.62,1,-1,-1,-1
339,70,574.70,61.60,199.14,147.99,1,-1,-1,-1
339,74,373.19,365.59,259.74,233.88,1,-1,-1,-1
339,76,1280.47,126.91,184.13,147.51,1,-1,-1,-1
339,78,686.33,132.44,222.88,147.97,1,-1,-1,-1
340,5,1014.49,69.90,202.89,205.62,1,-1,-1,-1
340,59,1004.96,387.66,279.26,269.71,1,-1,-1,-1
340,70,577.14,61.00,197.31,148.84,1,-1,-1,-1
340,74,368.51,370.75,260.76,233.61,1,-1,-1,-1
340,76,1279.98,126.79,184.48,147.97,1,-1,-1,-1
340,78,665.30,138.88,220.66,146.49,1,-1,-1,-1
340,81,1649.61,645.23,259.40,305.45,1,-1,-1,-1
341,5,1015.57,70.21,200.92,204.08,1,-1,-1,-1
341,59,1018.01,417.70,249.33,235.73,1,-1,-1,-1
341,70,578.87,61.48,193.82,148.45,1,-1,-1,-1
341,74,363.69,375.03,262.38,233.73,1,-1,-1,-1
341,76,1280.76,127.28,183.15,147.03,1,-1,-1,-1
341,78,648.55,146.12,216.64,144.10,1,-1,-1,-1
341,81,1645.42,635.17,255.93,299.81,1,-1,-1,-1
342,5,1016.25,69.84,200.32,203.84,1,-1,-1,-1
342,59,990.13,353.18,299.86,287.39,1,-1,-1,-1
342,70,582.84,63.46,189.07,146.74,1,-1,-1,-1
342,74,358.77,379.69,265.90,235.51,1,-1,-1,-1
342,76,1281.37,127.54,182.65,146.67,1,-1,-1,-1
342,78,630.48,152.44,214.57,143.45,1,-1,-1,-1
342,81,1640.96,627.18,252.92,293.64,1,-1,-1,-1
343,5,1016.91,69.53,199.71,203.44,1,-1,-1,-1
343,59,1007.51,392.18,260.92,245.46,1,-1,-1,-1
343,70,585.54,65.07,188.06,145.96,1,-1,-1,-1
343,74,354.85,386.00,267.98,236.62,1,-1,-1,-1
343,76,1281.63,128.18,182.03,146.04,1,-1,-1,-1
343,78,614.05,159.10,212.65,143.17,1,-1,-1,-1
343,81,1636.99,619.61,253.41,290.92,1,-1,-1,-1
344,5,1017.17,68.71,199.45,203.35,1,-1,-1,-1
344,59,1015.16,408.32,243.09,225.03,1,-1,-1,-1
344,74,349.34,391.89,271.64,239.23,1,-1,-1,-1
344,76,1281.75,128.40,182.12,146.01,1,-1,-1,-1
344,78,598.52,165.91,211.58,143.68,1,-1,-1,-1
344,81,1631.39,611.30,254.61,287.94,1,-1,-1,-1
345,5,1017.73,66.89,198.97,202.95,1,-1,-1,-1
345,59,1018.58,413.14,235.27,214.25,1,-1,-1,-1
345,74,343.89,398.00,275.53,242.38,1,-1,-1,-1
345,76,1283.36,129.40,180.98,144.92,1,-1,-1,-1
345,78,585.37,172.17,210.03,143.89,1,-1,-1,-1
345,81,1624.38,602.88,257.75,286.23,1,-1,-1,-1
346,5,1017.51,64.80,199.24,203.37,1,-1,-1,-1
346,59,1017.23,411.11,234.53,210.60,1,-1,-1,-1
346,74,338.88,404.81,277.72,243.94,1,-1,-1,-1
346,76,1283.79,129.20,181.10,144.91,1,-1,-1,-1
346,78,572.67,178.63,208.62,144.54,1,-1,-1,-1
346,81,1616.23,594.35,262.97,286.11,1,-1,-1,-1
347,5,1017.31,62.93,198.84,203.06,1,-1,-1,-1
347,59,1016.05,406.20,234.53,207.85,1,-1,-1,-1
347,74,333.79,411.49,280.15,245.77,1,-1,-1,-1
347,76,1282.99,128.16,182.11,145.65,1,-1,-1,-1
347,78,562.83,183.65,206.22,144.50,1,-1,-1,-1
347,81,1610.00,587.73,265.81,282.43,1,-1,-1,-1
348,5,1017.56,61.60,197.66,201.90,1,-1,-1,-1
348,59,1016.01,402.81,233.55,204.55,1,-1,-1,-1
348,74,326.92,418.14,282.94,247.32,1,-1,-1,-1
348,76,1283.15,127.93,182.32,145.77,1,-1,-1,-1
348,78,555.06,189.47,202.90,143.75,1,-1,-1,-1
348,81,1605.25,581.93,267.50,276.90,1,-1,-1,-1
349,5,1018.05,59.94,196.73,201.18,1,-1,-1,-1
349,59,1015.57,400.23,232.53,201.69,1,-1,-1,-1
349,74,322.03,424.75,284.38,248.20,1,-1,-1,-1
349,76,1283.94,127.65,182.13,145.79,1,-1,-1,-1
349,78,547.80,194.32,200.82,144.08,1,-1,-1,-1
349,81,1597.91,574.48,269.35,271.63,1,-1,-1,-1
