3,1,822.15,349.20,251.90,177.20,1,-1,-1,-1
3,2,1077.59,413.77,411.78,268.99,1,-1,-1,-1
3,3,1481.85,516.13,439.09,356.87,1,-1,-1,-1
4,1,826.64,350.50,257.53,181.31,1,-1,-1,-1
4,2,1083.56,416.62,409.79,267.50,1,-1,-1,-1
4,3,1486.28,519.04,436.54,355.29,1,-1,-1,-1
5,1,831.04,352.03,260.84,183.66,1,-1,-1,-1
5,2,1090.61,418.14,411.28,268.10,1,-1,-1,-1
5,3,1491.44,523.19,433.17,353.32,1,-1,-1,-1
6,1,838.49,354.42,259.20,182.47,1,-1,-1,-1
6,2,1096.62,420.17,411.82,267.96,1,-1,-1,-1
6,3,1496.47,526.27,430.46,352.26,1,-1,-1,-1
7,1,843.45,356.84,259.95,182.76,1,-1,-1,-1
7,2,1101.74,421.09,414.91,269.61,1,-1,-1,-1
7,3,1501.04,528.31,429.43,353.10,1,-1,-1,-1
8,1,850.26,358.31,260.75,183.46,1,-1,-1,-1
8,2,1107.12,422.27,418.23,271.43,1,-1,-1,-1
8,3,1504.34,530.75,428.87,352.64,1,-1,-1,-1
9,1,856.61,360.16,262.51,184.90,1,-1,-1,-1
9,2,1113.45,423.43,420.19,272.18,1,-1,-1,-1
10,1,863.88,361.26,265.13,186.88,1,-1,-1,-1
10,2,1120.59,426.25,419.70,271.16,1,-1,-1,-1
11,1,870.07,362.85,267.38,188.79,1,-1,-1,-1
11,2,1125.47,425.48,424.71,273.81,1,-1,-1,-1
12,1,875.88,364.30,269.57,190.59,1,-1,-1,-1
12,2,1132.36,428.31,425.03,273.12,1,-1,-1,-1
13,1,880.69,365.49,270.99,191.71,1,-1,-1,-1
13,2,1138.15,428.87,428.52,274.73,1,-1,-1,-1
14,1,883.46,366.36,274.17,193.93,1,-1,-1,-1
14,2,1144.44,429.65,432.33,276.53,1,-1,-1,-1
15,1,887.61,367.28,275.68,195.14,1,-1,-1,-1
15,2,1151.11,433.06,432.72,275.83,1,-1,-1,-1
16,1,892.04,368.72,278.02,196.76,1,-1,-1,-1
16,2,1156.60,435.69,434.78,276.13,1,-1,-1,-1
17,1,896.22,370.83,278.99,197.20,1,-1,-1,-1
17,2,1162.65,439.64,433.84,274.44,1,-1,-1,-1
18,1,900.21,372.03,281.18,198.84,1,-1,-1,-1
18,2,1167.13,442.54,435.36,274.18,1,-1,-1,-1
18,7,864.42,272.92,246.39,154.15,1,-1,-1,-1
19,1,904.85,373.12,282.12,199.54,1,-1,-1,-1
19,2,1170.43,444.30,439.91,276.06,1,-1,-1,-1
19,7,869.13,274.79,245.51,153.51,1,-1,-1,-1
20,1,909.04,373.50,282.91,200.19,1,-1,-1,-1
20,2,1173.97,445.19,443.85,277.86,1,-1,-1,-1
20,7,874.37,276.81,245.33,153.13,1,-1,-1,-1
21,1,912.92,373.62,285.54,202.06,1,-1,-1,-1
21,2,1178.23,447.13,445.86,278.51,1,-1,-1,-1
21,7,878.76,278.74,244.56,152.32,1,-1,-1,-1
22,1,916.34,375.04,286.03,201.91,1,-1,-1,-1
22,2,1182.58,448.32,447.90,279.22,1,-1,-1,-1
22,7,882.99,280.08,245.18,152.32,1,-1,-1,-1
23,1,920.49,375.97,287.11,202.07,1,-1,-1,-1
23,2,1188.15,449.98,450.81,280.73,1,-1,-1,-1
23,7,886.03,280.78,245.57,152.21,1,-1,-1,-1
24,1,925.31,376.70,287.67,201.82,1,-1,-1,-1
24,2,1194.37,451.07,452.16,282.03,1,-1,-1,-1
24,7,889.93,282.10,244.90,151.79,1,-1,-1,-1
25,1,930.40,377.92,288.68,202.03,1,-1,-1,-1
25,2,1202.83,452.84,454.42,283.91,1,-1,-1,-1
25,9,1079.59,292.39,227.06,127.72,1,-1,-1,-1
26,1,933.17,378.10,292.25,204.50,1,-1,-1,-1
26,2,1217.37,457.00,451.96,282.15,1,-1,-1,-1
26,9,1070.65,290.93,225.36,126.76,1,-1,-1,-1
26,10,351.73,191.99,135.37,107.30,1,-1,-1,-1
27,1,936.58,378.76,293.62,205.62,1,-1,-1,-1
27,2,1224.56,457.66,455.67,284.43,1,-1,-1,-1
27,10,356.09,193.35,136.48,108.25,1,-1,-1,-1
28,1,939.89,379.54,294.62,206.38,1,-1,-1,-1
28,2,1233.78,459.60,458.07,285.91,1,-1,-1,-1
28,10,360.43,195.25,137.58,109.10,1,-1,-1,-1
29,1,943.23,380.98,293.77,205.56,1,-1,-1,-1
29,2,1244.50,461.86,460.96,287.90,1,-1,-1,-1
29,10,363.95,196.31,139.29,110.53,1,-1,-1,-1
30,1,946.62,382.14,294.42,205.92,1,-1,-1,-1
30,2,1250.71,462.31,465.88,291.04,1,-1,-1,-1
30,10,368.73,197.70,139.81,111.05,1,-1,-1,-1
31,1,950.00,384.14,293.84,205.32,1,-1,-1,-1
31,2,1259.15,465.77,466.82,291.42,1,-1,-1,-1
31,10,372.23,198.79,140.82,111.86,1,-1,-1,-1
32,1,952.98,384.98,295.50,206.05,1,-1,-1,-1
32,2,1266.72,466.98,468.69,292.26,1,-1,-1,-1
32,12,909.31,283.63,264.09,163.80,1,-1,-1,-1
33,1,955.58,385.32,297.08,206.83,1,-1,-1,-1
33,2,1272.86,468.46,475.62,296.81,1,-1,-1,-1
33,12,905.22,275.63,274.78,170.66,1,-1,-1,-1
34,1,960.05,386.05,298.85,207.91,1,-1,-1,-1
34,2,1281.58,470.43,478.73,298.86,1,-1,-1,-1
34,12,904.59,272.54,279.64,173.68,1,-1,-1,-1
34,13,389.36,205.21,140.08,115.89,1,-1,-1,-1
35,1,963.51,386.46,301.19,209.57,1,-1,-1,-1
35,2,1289.73,472.79,481.83,300.85,1,-1,-1,-1
35,13,393.89,206.42,142.23,117.79,1,-1,-1,-1
36,1,967.17,387.11,302.63,210.69,1,-1,-1,-1
36,2,1298.24,475.73,485.17,302.91,1,-1,-1,-1
36,13,399.54,208.46,143.17,118.58,1,-1,-1,-1
37,1,969.87,388.45,304.86,212.39,1,-1,-1,-1
37,2,1308.08,479.44,486.64,303.44,1,-1,-1,-1
37,13,406.43,210.74,142.12,117.66,1,-1,-1,-1
38,1,972.50,389.90,306.46,213.39,1,-1,-1,-1
38,2,1319.09,485.31,484.13,301.11,1,-1,-1,-1
38,13,411.01,212.62,142.48,117.95,1,-1,-1,-1
39,1,977.45,392.60,306.11,212.95,1,-1,-1,-1
39,2,1328.92,488.23,487.10,302.76,1,-1,-1,-1
39,13,415.14,213.98,143.00,118.39,1,-1,-1,-1
40,1,982.26,395.02,306.62,213.18,1,-1,-1,-1
40,2,1336.42,488.76,492.62,305.86,1,-1,-1,-1
40,13,418.67,214.97,144.24,119.51,1,-1,-1,-1
40,14,818.67,236.40,162.10,105.69,1,-1,-1,-1
40,15,1306.99,370.50,371.76,200.34,1,-1,-1,-1
41,1,989.01,396.69,308.48,214.52,1,-1,-1,-1
41,2,1343.50,490.47,498.90,309.48,1,-1,-1,-1
41,13,420.90,215.51,146.06,121.18,1,-1,-1,-1
41,14,804.07,232.28,161.65,105.49,1,-1,-1,-1
41,15,1306.77,370.82,371.44,200.31,1,-1,-1,-1
42,1,991.17,397.10,310.84,216.19,1,-1,-1,-1
42,2,1351.43,494.41,502.31,311.30,1,-1,-1,-1
42,13,424.48,216.67,148.00,122.93,1,-1,-1,-1
42,14,790.46,229.83,159.98,104.55,1,-1,-1,-1
42,15,1305.90,370.93,372.42,201.02,1,-1,-1,-1
43,1,997.46,399.16,310.76,216.14,1,-1,-1,-1
43,2,1358.97,496.04,508.66,315.25,1,-1,-1,-1
43,13,429.20,218.73,148.46,123.48,1,-1,-1,-1
43,14,776.09,228.37,157.43,103.02,1,-1,-1,-1
43,15,1304.49,371.70,375.67,203.09,1,-1,-1,-1
43,16,588.40,214.76,149.41,114.59,1,-1,-1,-1
44,1,1002.97,400.17,311.44,216.48,1,-1,-1,-1
44,2,1369.51,497.45,514.49,319.02,1,-1,-1,-1
44,13,433.77,220.01,150.41,125.16,1,-1,-1,-1
44,14,763.24,226.63,155.44,101.86,1,-1,-1,-1
44,15,1303.34,372.16,380.65,206.23,1,-1,-1,-1
44,16,595.80,215.95,149.42,114.60,1,-1,-1,-1
45,1,1007.71,401.40,311.28,216.30,1,-1,-1,-1
45,2,1377.78,498.79,524.11,325.43,1,-1,-1,-1
45,13,438.77,221.48,151.54,126.16,1,-1,-1,-1
45,14,750.53,224.84,154.19,101.15,1,-1,-1,-1
45,15,1305.03,372.68,385.73,209.39,1,-1,-1,-1
45,16,603.51,219.25,148.12,113.41,1,-1,-1,-1
46,1,1013.14,402.35,311.16,216.34,1,-1,-1,-1
46,2,1385.89,498.75,528.95,328.77,1,-1,-1,-1
46,13,443.47,223.67,152.40,126.91,1,-1,-1,-1
46,14,739.06,222.36,153.10,100.87,1,-1,-1,-1
46,15,1308.69,372.71,391.67,212.91,1,-1,-1,-1
46,16,607.74,220.31,149.14,114.19,1,-1,-1,-1
47,1,1017.15,402.49,312.57,217.29,1,-1,-1,-1
47,2,1390.72,499.20,533.38,332.78,1,-1,-1,-1
47,13,449.32,226.22,152.74,127.28,1,-1,-1,-1
47,14,727.14,220.19,151.71,99.95,1,-1,-1,-1
47,15,1308.74,373.05,394.93,214.68,1,-1,-1,-1
48,1,1022.99,403.56,313.92,218.22,1,-1,-1,-1
48,2,1392.39,500.79,543.50,342.11,1,-1,-1,-1
48,13,454.68,228.33,154.01,128.52,1,-1,-1,-1
49,1,1029.79,405.85,313.45,217.43,1,-1,-1,-1
49,2,1397.81,502.72,544.13,345.92,1,-1,-1,-1
49,13,459.29,229.77,153.56,128.63,1,-1,-1,-1
50,1,1034.68,406.71,316.29,219.00,1,-1,-1,-1
50,2,1402.95,505.16,544.01,349.91,1,-1,-1,-1
50,13,464.03,231.61,153.25,129.10,1,-1,-1,-1
50,17,1305.01,376.39,420.40,215.47,1,-1,-1,-1
50,18,961.41,299.27,288.64,166.59,1,-1,-1,-1
50,19,887.85,211.34,157.32,114.03,1,-1,-1,-1
51,1,1038.60,407.07,322.10,222.51,1,-1,-1,-1
51,2,1408.98,509.09,542.59,353.78,1,-1,-1,-1
51,13,468.60,233.39,155.68,131.79,1,-1,-1,-1
51,17,1313.63,378.87,424.69,218.27,1,-1,-1,-1
51,18,962.18,300.08,292.59,169.07,1,-1,-1,-1
51,19,872.31,209.57,155.94,113.15,1,-1,-1,-1
51,20,660.09,237.49,138.94,109.27,1,-1,-1,-1
52,1,1043.74,408.11,324.52,223.64,1,-1,-1,-1
52,2,1415.61,511.98,540.36,357.86,1,-1,-1,-1
52,13,474.51,235.16,156.56,133.12,1,-1,-1,-1
52,17,1321.36,381.61,426.48,219.95,1,-1,-1,-1
52,18,964.26,300.33,294.65,170.49,1,-1,-1,-1
52,19,860.28,208.14,153.43,111.62,1,-1,-1,-1
52,20,664.05,239.14,139.24,109.34,1,-1,-1,-1
53,1,1049.36,410.41,325.41,223.33,1,-1,-1,-1
53,2,1424.70,515.98,534.71,360.17,1,-1,-1,-1
53,13,483.12,238.05,156.22,132.88,1,-1,-1,-1
53,17,1329.19,383.59,426.54,220.74,1,-1,-1,-1
53,18,966.14,300.99,295.21,171.08,1,-1,-1,-1
53,19,844.99,205.88,151.42,110.36,1,-1,-1,-1
53,20,667.89,240.63,140.95,110.49,1,-1,-1,-1
54,1,1055.40,413.27,327.89,224.37,1,-1,-1,-1
54,2,1435.94,519.77,524.26,359.25,1,-1,-1,-1
54,13,491.79,241.58,156.89,133.05,1,-1,-1,-1
54,17,1339.27,384.22,428.86,222.57,1,-1,-1,-1
54,18,966.50,301.63,296.17,171.95,1,-1,-1,-1
54,19,833.15,203.54,148.15,108.30,1,-1,-1,-1
54,20,672.54,242.83,142.12,111.12,1,-1,-1,-1
55,1,1060.30,414.45,331.94,226.59,1,-1,-1,-1
55,2,1441.59,522.25,528.68,362.27,1,-1,-1,-1
55,13,497.42,243.83,160.15,135.52,1,-1,-1,-1
55,17,1348.28,386.67,424.69,221.06,1,-1,-1,-1
55,18,966.21,301.20,299.27,174.17,1,-1,-1,-1
55,19,820.19,200.86,146.77,107.68,1,-1,-1,-1
55,20,676.84,243.31,145.00,113.05,1,-1,-1,-1
56,1,1065.43,415.44,336.23,229.32,1,-1,-1,-1
56,13,503.87,246.05,162.66,137.20,1,-1,-1,-1
56,17,1356.25,387.73,425.25,222.08,1,-1,-1,-1
56,18,968.17,301.11,301.04,175.51,1,-1,-1,-1
56,19,807.83,198.86,145.52,106.76,1,-1,-1,-1
56,20,683.56,245.33,146.41,113.59,1,-1,-1,-1
56,22,382.90,146.29,129.06,109.89,1,-1,-1,-1
57,1,1071.14,416.54,340.71,232.20,1,-1,-1,-1
57,13,505.92,246.10,169.08,142.91,1,-1,-1,-1
57,17,1364.94,388.53,428.10,224.07,1,-1,-1,-1
57,18,970.48,300.84,302.23,176.39,1,-1,-1,-1
57,20,688.97,246.20,150.37,116.07,1,-1,-1,-1
57,22,385.43,145.96,130.65,111.41,1,-1,-1,-1
58,1,1077.56,419.07,343.40,233.73,1,-1,-1,-1
58,13,509.68,248.31,172.27,146.37,1,-1,-1,-1
58,17,1368.33,388.59,438.04,230.33,1,-1,-1,-1
58,18,974.26,300.44,303.41,177.00,1,-1,-1,-1
58,20,695.74,248.21,152.79,117.24,1,-1,-1,-1
58,22,387.61,145.88,132.95,113.65,1,-1,-1,-1
58,23,1215.90,291.95,214.24,123.05,1,-1,-1,-1
59,1,1081.30,419.78,350.33,238.40,1,-1,-1,-1
59,13,517.62,249.30,175.18,149.69,1,-1,-1,-1
59,17,1377.65,389.67,442.73,233.72,1,-1,-1,-1
59,18,978.61,300.99,306.00,178.14,1,-1,-1,-1
59,20,701.38,249.94,155.08,118.52,1,-1,-1,-1
59,22,389.60,145.81,134.34,114.84,1,-1,-1,-1
59,23,1201.55,289.98,212.69,122.15,1,-1,-1,-1
60,1,1090.92,422.07,352.74,240.04,1,-1,-1,-1
60,13,527.58,250.13,180.12,154.22,1,-1,-1,-1
60,17,1384.08,391.68,452.54,240.13,1,-1,-1,-1
60,18,978.11,301.64,307.07,179.00,1,-1,-1,-1
60,20,708.62,251.89,157.24,119.86,1,-1,-1,-1
60,24,403.53,146.67,127.73,116.14,1,-1,-1,-1
61,1,1098.92,423.86,354.80,241.65,1,-1,-1,-1
61,13,537.28,250.69,183.80,157.77,1,-1,-1,-1
61,17,1394.18,393.85,454.72,242.67,1,-1,-1,-1
61,18,979.78,303.66,304.75,177.87,1,-1,-1,-1
61,20,715.98,253.82,159.51,121.18,1,-1,-1,-1
61,24,406.74,147.31,129.17,117.46,1,-1,-1,-1
62,1,1106.74,426.07,355.78,242.49,1,-1,-1,-1
62,13,543.91,251.00,188.66,162.14,1,-1,-1,-1
62,17,1404.22,394.08,461.85,247.91,1,-1,-1,-1
62,18,979.53,304.64,305.18,178.79,1,-1,-1,-1
62,20,722.26,255.46,162.48,122.70,1,-1,-1,-1
62,24,411.15,148.73,129.70,117.90,1,-1,-1,-1
63,1,1113.67,426.63,359.79,245.58,1,-1,-1,-1
63,13,550.15,254.26,190.17,163.55,1,-1,-1,-1
63,17,1414.27,396.76,464.44,250.89,1,-1,-1,-1
63,18,980.50,305.25,302.98,178.14,1,-1,-1,-1
63,20,728.87,257.42,164.41,123.69,1,-1,-1,-1
63,24,415.69,148.88,130.12,118.31,1,-1,-1,-1
64,1,1123.93,429.52,360.21,245.80,1,-1,-1,-1
64,13,560.72,262.02,185.72,159.33,1,-1,-1,-1
64,17,1425.39,399.54,462.47,251.38,1,-1,-1,-1
64,18,981.68,306.40,300.63,177.45,1,-1,-1,-1
64,20,736.14,259.02,166.60,124.85,1,-1,-1,-1
64,24,419.52,148.88,131.22,119.39,1,-1,-1,-1
65,1,1133.76,433.75,361.24,246.42,1,-1,-1,-1
65,13,570.52,268.21,182.85,156.13,1,-1,-1,-1
65,17,1436.80,401.88,465.27,254.48,1,-1,-1,-1
65,18,983.90,307.17,299.85,177.65,1,-1,-1,-1
65,20,744.73,260.80,167.77,125.08,1,-1,-1,-1
65,24,423.24,149.88,131.68,119.92,1,-1,-1,-1
66,1,1143.57,437.44,362.14,246.94,1,-1,-1,-1
66,13,575.82,270.77,187.42,159.82,1,-1,-1,-1
66,17,1446.69,402.24,468.35,257.42,1,-1,-1,-1
66,18,986.46,306.69,299.02,177.71,1,-1,-1,-1
66,20,752.90,263.17,169.81,125.94,1,-1,-1,-1
66,24,426.23,151.04,131.84,120.06,1,-1,-1,-1
67,1,1152.41,441.02,364.57,248.46,1,-1,-1,-1
67,13,579.46,272.95,192.73,163.64,1,-1,-1,-1
67,17,1458.29,404.74,465.60,256.84,1,-1,-1,-1
67,18,989.15,306.93,297.58,177.25,1,-1,-1,-1
67,20,762.51,265.04,172.67,127.42,1,-1,-1,-1
67,24,429.20,151.89,132.40,120.64,1,-1,-1,-1
68,1,1161.77,443.77,369.18,251.57,1,-1,-1,-1
68,13,582.81,274.10,197.17,166.51,1,-1,-1,-1
68,17,1465.53,405.32,465.64,258.44,1,-1,-1,-1
68,18,991.67,305.87,298.35,178.20,1,-1,-1,-1
68,20,772.36,267.97,174.63,128.17,1,-1,-1,-1
68,24,433.49,153.43,132.35,120.58,1,-1,-1,-1
69,1,1172.12,446.44,372.77,254.12,1,-1,-1,-1
69,13,587.52,276.45,198.18,165.78,1,-1,-1,-1
69,17,1473.61,407.41,463.19,259.21,1,-1,-1,-1
69,18,992.51,305.83,300.53,180.08,1,-1,-1,-1
69,20,780.81,270.47,176.67,128.83,1,-1,-1,-1
69,24,437.97,154.47,132.49,120.62,1,-1,-1,-1
70,1,1184.71,448.55,373.68,254.85,1,-1,-1,-1
70,13,594.65,279.40,200.01,166.30,1,-1,-1,-1
70,17,1484.46,414.82,453.47,255.77,1,-1,-1,-1
70,18,994.54,306.46,300.84,180.62,1,-1,-1,-1
70,20,788.45,272.37,179.00,129.69,1,-1,-1,-1
70,24,442.03,155.32,133.24,121.23,1,-1,-1,-1
71,1,1198.07,451.48,375.54,255.62,1,-1,-1,-1
71,13,603.60,283.54,201.08,166.00,1,-1,-1,-1
71,17,1489.66,419.97,450.89,256.75,1,-1,-1,-1
71,18,995.87,306.04,303.79,182.91,1,-1,-1,-1
71,20,796.99,275.01,179.80,129.39,1,-1,-1,-1
71,24,446.04,156.07,134.01,121.89,1,-1,-1,-1
72,1,1209.59,454.14,379.27,257.75,1,-1,-1,-1
72,13,611.46,286.94,202.71,166.35,1,-1,-1,-1
72,17,1496.34,423.02,446.72,257.19,1,-1,-1,-1
72,18,998.21,305.98,305.88,184.71,1,-1,-1,-1
72,20,806.07,277.77,181.50,129.83,1,-1,-1,-1
72,24,448.94,155.87,135.56,123.20,1,-1,-1,-1
73,1,1221.80,457.55,380.44,257.75,1,-1,-1,-1
73,13,613.50,289.57,207.63,168.67,1,-1,-1,-1
73,17,1503.23,425.60,449.06,258.54,1,-1,-1,-1
73,18,1000.91,306.12,307.33,186.07,1,-1,-1,-1
73,20,814.13,280.62,182.54,129.78,1,-1,-1,-1
73,24,451.77,156.61,137.09,124.42,1,-1,-1,-1
74,1,1238.23,461.92,380.77,257.37,1,-1,-1,-1
74,13,612.05,292.36,215.51,172.08,1,-1,-1,-1
74,18,1005.23,307.05,305.71,185.28,1,-1,-1,-1
74,20,820.73,282.45,184.33,130.40,1,-1,-1,-1
74,24,455.28,157.28,137.87,125.13,1,-1,-1,-1
75,1,1253.61,468.50,381.35,257.32,1,-1,-1,-1
75,13,629.13,295.18,214.73,170.94,1,-1,-1,-1
75,18,1008.20,307.44,305.93,185.77,1,-1,-1,-1
75,20,827.59,284.61,186.09,130.92,1,-1,-1,-1
76,1,1264.74,471.60,387.45,261.44,1,-1,-1,-1
76,13,641.57,297.26,214.93,170.19,1,-1,-1,-1
76,18,1010.30,307.86,307.08,186.86,1,-1,-1,-1
76,20,835.61,286.56,188.07,131.61,1,-1,-1,-1
77,1,1277.78,474.82,392.55,264.93,1,-1,-1,-1
77,13,649.11,298.77,218.23,171.59,1,-1,-1,-1
77,18,1012.73,307.75,308.28,188.09,1,-1,-1,-1
77,20,840.82,287.16,191.65,133.56,1,-1,-1,-1
77,28,464.06,158.85,144.45,127.77,1,-1,-1,-1
78,1,1293.29,477.69,397.90,268.52,1,-1,-1,-1
78,13,658.12,301.01,221.85,173.37,1,-1,-1,-1
78,18,1015.86,307.96,308.43,188.76,1,-1,-1,-1
78,20,845.75,288.66,193.45,134.08,1,-1,-1,-1
78,28,469.39,160.85,143.44,126.99,1,-1,-1,-1
79,1,1308.16,482.84,398.06,268.06,1,-1,-1,-1
79,13,669.41,302.58,224.93,174.99,1,-1,-1,-1
79,18,1019.28,307.81,308.30,188.93,1,-1,-1,-1
79,20,850.67,289.61,196.09,135.40,1,-1,-1,-1
79,28,473.91,162.70,143.50,127.03,1,-1,-1,-1
80,1,1322.02,488.06,402.08,270.39,1,-1,-1,-1
80,13,678.35,305.06,228.07,176.89,1,-1,-1,-1
80,18,1023.79,308.36,307.08,188.18,1,-1,-1,-1
80,20,857.85,291.42,197.32,136.26,1,-1,-1,-1
80,28,477.65,163.81,144.00,127.51,1,-1,-1,-1
80,29,1417.60,296.98,247.34,156.53,1,-1,-1,-1
81,1,1336.57,492.77,405.52,272.33,1,-1,-1,-1
81,13,685.73,306.34,231.77,179.43,1,-1,-1,-1
81,18,1025.61,308.61,310.64,190.60,1,-1,-1,-1
81,28,481.25,164.95,144.10,127.60,1,-1,-1,-1
81,29,1386.70,292.37,243.89,154.53,1,-1,-1,-1
82,1,1352.98,497.47,413.62,276.63,1,-1,-1,-1
82,13,693.39,307.87,234.85,181.34,1,-1,-1,-1
82,18,1029.55,309.70,311.17,190.96,1,-1,-1,-1
82,29,1355.00,289.21,237.62,150.85,1,-1,-1,-1
83,1,1369.66,500.86,421.64,280.34,1,-1,-1,-1
83,13,701.01,310.78,236.94,181.79,1,-1,-1,-1
83,18,1034.53,310.84,311.42,190.94,1,-1,-1,-1
83,29,1328.63,285.37,230.45,146.62,1,-1,-1,-1
84,1,1386.02,503.71,430.82,284.86,1,-1,-1,-1
84,13,710.54,313.50,239.23,182.32,1,-1,-1,-1
84,18,1038.29,312.02,311.89,190.99,1,-1,-1,-1
84,29,1301.98,281.38,227.39,145.03,1,-1,-1,-1
85,1,1400.21,506.33,437.85,288.17,1,-1,-1,-1
85,13,720.52,315.99,240.02,181.54,1,-1,-1,-1
85,18,1040.25,313.06,314.26,192.25,1,-1,-1,-1
85,29,1276.58,277.78,222.77,142.52,1,-1,-1,-1
86,1,1415.89,510.85,443.68,290.86,1,-1,-1,-1
86,13,728.28,317.42,245.49,184.38,1,-1,-1,-1
86,18,1045.39,315.10,314.06,192.11,1,-1,-1,-1
86,29,1251.36,274.15,219.28,140.29,1,-1,-1,-1
87,1,1430.32,514.05,450.60,294.52,1,-1,-1,-1
87,13,736.71,318.29,250.76,187.47,1,-1,-1,-1
87,18,1053.40,318.79,310.79,189.72,1,-1,-1,-1
88,1,1441.55,514.15,461.95,301.40,1,-1,-1,-1
88,13,745.24,320.20,256.55,190.95,1,-1,-1,-1
88,18,1059.59,321.61,310.32,188.95,1,-1,-1,-1
89,1,1450.02,518.43,467.76,305.59,1,-1,-1,-1
89,13,755.00,322.01,259.25,192.12,1,-1,-1,-1
89,18,1063.68,324.55,312.09,189.47,1,-1,-1,-1
90,1,1457.16,521.08,470.27,308.53,1,-1,-1,-1
90,13,765.93,324.71,262.44,193.10,1,-1,-1,-1
90,18,1069.05,326.47,313.76,189.69,1,-1,-1,-1
91,1,1464.99,527.71,468.00,308.86,1,-1,-1,-1
91,13,776.20,327.13,268.36,196.76,1,-1,-1,-1
91,18,1072.69,325.67,318.67,192.17,1,-1,-1,-1
92,1,1466.57,527.48,477.12,318.59,1,-1,-1,-1
92,13,785.39,329.29,274.45,200.71,1,-1,-1,-1
92,18,1075.99,325.65,321.21,193.31,1,-1,-1,-1
93,1,1477.40,530.69,482.45,322.15,1,-1,-1,-1
93,13,793.70,332.05,277.26,202.03,1,-1,-1,-1
93,18,1081.94,326.23,324.91,195.28,1,-1,-1,-1
94,13,803.06,335.48,280.14,203.12,1,-1,-1,-1
94,18,1086.82,326.98,327.61,196.45,1,-1,-1,-1
95,13,813.60,337.84,283.08,204.50,1,-1,-1,-1
95,18,1090.71,325.98,333.03,199.54,1,-1,-1,-1
96,13,821.71,339.07,287.11,206.95,1,-1,-1,-1
96,18,1095.65,326.98,336.92,201.63,1,-1,-1,-1
97,13,829.97,340.95,291.66,209.76,1,-1,-1,-1
97,18,1100.20,327.72,339.82,203.17,1,-1,-1,-1
97,35,548.89,184.65,174.14,143.75,1,-1,-1,-1
98,13,838.97,344.10,293.32,210.29,1,-1,-1,-1
98,18,1102.12,328.35,343.83,205.28,1,-1,-1,-1
98,35,553.88,182.63,176.74,146.14,1,-1,-1,-1
99,13,850.02,346.84,296.30,211.85,1,-1,-1,-1
99,18,1105.53,329.78,347.14,207.00,1,-1,-1,-1
99,35,558.59,179.72,180.05,149.50,1,-1,-1,-1
100,13,859.32,350.58,301.26,215.01,1,-1,-1,-1
100,18,1109.53,330.12,350.84,208.98,1,-1,-1,-1
100,35,567.11,182.40,175.54,146.43,1,-1,-1,-1
101,13,869.34,353.98,305.29,217.63,1,-1,-1,-1
101,18,1112.49,331.00,354.63,211.07,1,-1,-1,-1
101,35,571.79,182.45,174.52,146.26,1,-1,-1,-1
102,13,880.47,355.60,308.93,219.60,1,-1,-1,-1
102,18,1117.56,332.48,356.61,212.05,1,-1,-1,-1
102,35,577.00,183.49,174.02,146.48,1,-1,-1,-1
103,13,891.58,357.66,314.95,223.24,1,-1,-1,-1
103,18,1121.67,333.74,359.28,213.66,1,-1,-1,-1
103,35,580.29,183.23,175.87,148.63,1,-1,-1,-1
103,37,944.15,218.15,149.46,117.36,1,-1,-1,-1
104,13,903.26,360.44,319.89,225.87,1,-1,-1,-1
104,18,1126.53,335.41,361.11,214.83,1,-1,-1,-1
104,35,582.21,183.03,179.79,152.56,1,-1,-1,-1
104,37,926.38,213.59,149.86,117.75,1,-1,-1,-1
105,13,914.93,362.83,324.01,227.46,1,-1,-1,-1
105,18,1134.38,338.10,359.36,213.63,1,-1,-1,-1
105,35,587.84,185.43,176.54,150.01,1,-1,-1,-1
105,37,909.99,210.50,148.56,116.57,1,-1,-1,-1
106,13,923.18,363.38,330.28,230.82,1,-1,-1,-1
106,18,1138.72,339.28,360.04,213.63,1,-1,-1,-1
106,35,591.79,189.01,174.83,148.30,1,-1,-1,-1
106,37,897.34,207.89,147.59,115.81,1,-1,-1,-1
107,13,931.70,365.05,335.93,233.86,1,-1,-1,-1
107,18,1147.88,340.91,358.93,212.94,1,-1,-1,-1
107,35,597.05,191.34,175.02,148.58,1,-1,-1,-1
108,13,940.74,366.01,344.41,238.93,1,-1,-1,-1
108,18,1156.07,342.26,358.47,212.70,1,-1,-1,-1
108,35,599.38,192.45,176.86,149.89,1,-1,-1,-1
109,13,955.21,366.83,356.56,244.54,1,-1,-1,-1
109,18,1161.77,342.65,361.45,214.66,1,-1,-1,-1
109,35,602.93,193.22,178.03,150.90,1,-1,-1,-1
109,38,857.90,204.21,139.39,110.90,1,-1,-1,-1
110,13,960.72,368.36,364.10,247.88,1,-1,-1,-1
110,18,1172.77,343.08,362.17,216.02,1,-1,-1,-1
110,35,608.15,195.20,177.67,150.45,1,-1,-1,-1
110,38,844.32,201.52,137.36,109.10,1,-1,-1,-1
111,13,970.89,372.01,366.16,247.81,1,-1,-1,-1
111,18,1178.75,344.14,363.68,216.91,1,-1,-1,-1
111,35,613.10,196.21,177.94,150.53,1,-1,-1,-1
111,38,832.00,197.51,137.72,109.49,1,-1,-1,-1
112,13,981.84,374.92,371.56,249.76,1,-1,-1,-1
112,35,621.35,197.70,177.02,149.69,1,-1,-1,-1
112,38,821.05,195.70,137.32,109.21,1,-1,-1,-1
112,41,290.84,168.26,122.99,105.92,1,-1,-1,-1
112,42,1178.80,345.28,350.58,217.31,1,-1,-1,-1
113,13,991.96,377.36,375.72,251.32,1,-1,-1,-1
113,35,622.53,198.54,178.83,150.80,1,-1,-1,-1
113,38,808.17,193.96,136.39,108.48,1,-1,-1,-1
113,41,295.79,169.17,122.99,105.98,1,-1,-1,-1
113,42,1179.60,347.29,351.84,217.49,1,-1,-1,-1
114,13,1004.08,380.70,377.81,251.31,1,-1,-1,-1
114,35,627.03,200.60,179.97,151.35,1,-1,-1,-1
114,38,797.23,192.40,135.63,108.03,1,-1,-1,-1
114,41,298.98,170.37,123.50,106.39,1,-1,-1,-1
114,42,1182.11,347.94,357.16,220.41,1,-1,-1,-1
115,13,1013.80,385.44,380.90,251.53,1,-1,-1,-1
115,35,629.29,201.14,182.77,153.17,1,-1,-1,-1
115,38,786.59,190.56,134.81,107.37,1,-1,-1,-1
115,41,301.69,171.15,123.80,106.65,1,-1,-1,-1
115,42,1194.45,347.88,354.83,218.89,1,-1,-1,-1
116,13,1025.30,388.80,385.27,253.56,1,-1,-1,-1
116,35,637.21,200.71,184.06,154.31,1,-1,-1,-1
116,42,1206.07,348.97,352.84,217.81,1,-1,-1,-1
117,13,1035.58,393.72,386.58,253.18,1,-1,-1,-1
117,35,642.82,201.98,183.65,153.75,1,-1,-1,-1
117,42,1211.33,349.76,352.73,217.75,1,-1,-1,-1
118,13,1044.96,398.06,390.85,254.10,1,-1,-1,-1
118,35,644.21,201.48,187.21,156.69,1,-1,-1,-1
119,13,1051.50,402.52,395.64,255.55,1,-1,-1,-1
119,35,644.47,202.28,188.82,157.60,1,-1,-1,-1
120,13,1057.93,406.71,400.70,256.49,1,-1,-1,-1
120,35,645.68,202.33,191.25,159.15,1,-1,-1,-1
121,13,1070.59,408.42,408.84,260.53,1,-1,-1,-1
121,35,650.39,202.66,192.91,160.44,1,-1,-1,-1
122,13,1075.21,409.57,416.29,263.52,1,-1,-1,-1
122,35,655.30,203.53,193.38,160.92,1,-1,-1,-1
123,13,1076.68,410.77,424.44,266.75,1,-1,-1,-1
123,35,658.76,204.72,193.67,160.73,1,-1,-1,-1
123,44,339.32,191.90,131.06,104.76,1,-1,-1,-1
124,13,1081.44,412.73,431.87,269.77,1,-1,-1,-1
124,35,661.75,203.90,197.40,163.86,1,-1,-1,-1
124,44,343.17,194.73,130.24,104.13,1,-1,-1,-1
125,13,1095.69,413.90,437.51,273.10,1,-1,-1,-1
125,35,666.64,205.08,197.35,163.64,1,-1,-1,-1
125,44,348.54,196.14,131.09,104.94,1,-1,-1,-1
126,13,1107.65,416.76,441.04,275.22,1,-1,-1,-1
126,35,670.38,205.68,197.76,163.98,1,-1,-1,-1
126,44,352.29,197.22,133.05,106.71,1,-1,-1,-1
127,13,1120.77,418.84,441.25,275.48,1,-1,-1,-1
127,35,674.16,207.06,197.89,163.84,1,-1,-1,-1
127,44,356.84,198.19,135.03,108.52,1,-1,-1,-1
128,13,1133.54,421.45,441.22,275.67,1,-1,-1,-1
128,35,676.73,206.55,200.34,165.97,1,-1,-1,-1
128,44,361.08,199.29,136.65,110.03,1,-1,-1,-1
129,13,1144.97,424.36,441.76,275.91,1,-1,-1,-1
129,35,681.87,208.66,200.33,165.74,1,-1,-1,-1
129,44,365.43,200.46,137.86,111.28,1,-1,-1,-1
130,13,1155.39,426.03,444.39,277.51,1,-1,-1,-1
130,35,685.78,209.74,201.21,166.31,1,-1,-1,-1
130,44,370.01,201.49,139.61,113.17,1,-1,-1,-1
131,13,1165.94,431.43,445.94,277.99,1,-1,-1,-1
131,35,688.92,210.24,204.29,168.83,1,-1,-1,-1
131,44,373.20,203.06,142.82,116.28,1,-1,-1,-1
132,13,1173.17,435.06,451.15,281.17,1,-1,-1,-1
132,35,692.44,211.91,205.57,169.77,1,-1,-1,-1
132,44,378.40,204.96,143.56,117.43,1,-1,-1,-1
133,13,1183.37,438.73,453.13,282.38,1,-1,-1,-1
133,35,696.69,213.42,206.14,170.20,1,-1,-1,-1
133,44,385.04,207.92,143.39,117.71,1,-1,-1,-1
134,13,1193.74,442.03,453.69,282.57,1,-1,-1,-1
134,35,700.95,214.43,207.03,170.72,1,-1,-1,-1
134,44,392.89,211.03,142.85,117.74,1,-1,-1,-1
135,13,1204.23,446.29,454.52,282.53,1,-1,-1,-1
135,35,704.25,214.67,209.42,172.47,1,-1,-1,-1
135,44,400.73,213.27,142.94,118.07,1,-1,-1,-1
136,13,1214.11,449.90,456.80,283.29,1,-1,-1,-1
136,35,707.83,214.10,211.97,174.26,1,-1,-1,-1
136,44,406.40,214.79,144.19,119.46,1,-1,-1,-1
137,13,1225.40,452.70,459.64,284.58,1,-1,-1,-1
137,35,711.75,214.36,214.66,176.36,1,-1,-1,-1
137,44,411.37,216.07,144.43,119.98,1,-1,-1,-1
137,46,1031.13,336.75,250.21,158.94,1,-1,-1,-1
138,13,1236.24,456.31,462.84,285.91,1,-1,-1,-1
138,35,715.97,215.01,216.71,177.99,1,-1,-1,-1
138,44,415.75,217.47,146.29,122.00,1,-1,-1,-1
138,46,1030.24,336.93,250.53,159.18,1,-1,-1,-1
139,13,1247.44,458.51,466.30,287.51,1,-1,-1,-1
139,35,720.51,216.05,218.45,179.33,1,-1,-1,-1
139,44,420.79,219.11,148.14,124.10,1,-1,-1,-1
139,46,1029.94,337.05,250.63,159.24,1,-1,-1,-1
140,13,1258.78,461.87,466.47,287.52,1,-1,-1,-1
140,35,726.15,217.67,219.02,179.47,1,-1,-1,-1
140,44,427.94,221.73,148.97,125.08,1,-1,-1,-1
141,13,1266.89,463.05,471.48,290.19,1,-1,-1,-1
141,35,731.25,218.05,220.80,180.89,1,-1,-1,-1
141,44,434.62,224.81,149.02,125.29,1,-1,-1,-1
142,13,1276.75,464.40,476.45,292.99,1,-1,-1,-1
142,35,737.21,219.84,221.03,180.79,1,-1,-1,-1
142,44,441.14,226.90,149.72,126.19,1,-1,-1,-1
143,13,1283.29,465.66,485.28,298.67,1,-1,-1,-1
143,35,742.02,220.73,222.49,181.80,1,-1,-1,-1
143,44,446.87,228.42,151.21,127.75,1,-1,-1,-1
144,13,1290.71,466.71,492.03,303.06,1,-1,-1,-1
144,35,746.37,221.03,225.72,184.45,1,-1,-1,-1
144,44,453.62,232.36,150.44,127.21,1,-1,-1,-1
145,13,1301.94,468.42,495.94,305.49,1,-1,-1,-1
145,35,750.28,221.20,229.34,187.45,1,-1,-1,-1
145,44,459.23,234.39,151.42,128.32,1,-1,-1,-1
146,13,1310.83,468.01,500.62,308.40,1,-1,-1,-1
146,35,754.28,221.07,231.86,189.43,1,-1,-1,-1
146,44,465.46,236.65,152.99,130.05,1,-1,-1,-1
146,50,1196.33,351.10,400.56,194.59,1,-1,-1,-1
147,13,1317.62,470.94,501.52,308.32,1,-1,-1,-1
147,35,759.29,221.11,233.53,190.79,1,-1,-1,-1
147,44,471.05,237.40,155.96,133.10,1,-1,-1,-1
147,50,1193.86,350.97,404.40,196.48,1,-1,-1,-1
148,13,1328.87,474.10,503.36,309.58,1,-1,-1,-1
148,35,764.14,221.89,234.69,191.77,1,-1,-1,-1
148,44,477.46,239.23,159.24,136.31,1,-1,-1,-1
148,50,1191.93,351.41,410.47,199.64,1,-1,-1,-1
149,13,1340.57,477.69,504.32,309.61,1,-1,-1,-1
149,35,769.68,222.90,234.70,191.86,1,-1,-1,-1
149,44,484.98,241.16,163.58,140.24,1,-1,-1,-1
149,50,1190.83,351.66,413.33,201.43,1,-1,-1,-1
150,13,1348.92,480.77,506.22,310.02,1,-1,-1,-1
150,35,775.12,224.54,234.22,191.56,1,-1,-1,-1
150,44,491.09,241.58,168.58,144.83,1,-1,-1,-1
150,50,1189.17,351.73,414.88,202.72,1,-1,-1,-1
151,13,1353.52,481.12,511.96,313.44,1,-1,-1,-1
151,35,780.60,226.67,233.53,190.94,1,-1,-1,-1
151,44,497.91,243.34,172.74,148.56,1,-1,-1,-1
151,50,1190.07,351.35,418.20,204.89,1,-1,-1,-1
152,13,1363.63,484.94,510.73,312.83,1,-1,-1,-1
152,35,785.19,228.03,233.06,190.30,1,-1,-1,-1
152,44,503.38,245.22,176.82,152.72,1,-1,-1,-1
152,50,1205.53,351.55,423.84,207.08,1,-1,-1,-1
153,13,1371.37,487.29,513.37,314.76,1,-1,-1,-1
153,35,787.96,228.59,234.78,191.58,1,-1,-1,-1
153,44,508.86,246.99,178.87,155.85,1,-1,-1,-1
153,50,1228.02,351.17,435.88,210.84,1,-1,-1,-1
154,13,1376.36,487.92,519.37,318.55,1,-1,-1,-1
154,35,791.63,229.39,235.36,191.85,1,-1,-1,-1
154,44,511.77,247.33,183.75,162.28,1,-1,-1,-1
154,50,1211.20,349.98,438.28,211.88,1,-1,-1,-1
155,13,1382.47,486.39,527.37,323.84,1,-1,-1,-1
155,35,794.97,230.63,235.28,191.58,1,-1,-1,-1
155,44,528.20,253.37,184.85,163.39,1,-1,-1,-1
155,50,1195.20,348.12,443.56,215.10,1,-1,-1,-1
156,13,1382.78,487.52,531.84,326.24,1,-1,-1,-1
156,35,799.22,232.35,234.28,190.34,1,-1,-1,-1
156,44,539.40,256.88,185.81,164.02,1,-1,-1,-1
156,50,1184.41,345.23,449.18,219.37,1,-1,-1,-1
157,13,1389.48,488.05,536.37,330.70,1,-1,-1,-1
157,35,802.85,234.21,234.13,189.80,1,-1,-1,-1
157,44,550.71,264.62,183.08,160.88,1,-1,-1,-1
157,50,1178.90,343.27,453.78,223.40,1,-1,-1,-1
158,13,1392.84,488.94,539.39,334.72,1,-1,-1,-1
158,35,805.88,235.71,233.52,188.79,1,-1,-1,-1
158,44,559.67,270.47,182.91,159.89,1,-1,-1,-1
158,50,1178.44,343.56,451.11,223.69,1,-1,-1,-1
159,13,1396.99,490.64,540.25,337.97,1,-1,-1,-1
159,35,808.18,236.24,234.08,188.77,1,-1,-1,-1
159,44,569.80,275.56,184.62,160.55,1,-1,-1,-1
159,50,1161.77,344.41,449.30,221.98,1,-1,-1,-1
160,13,1401.61,494.10,537.77,339.24,1,-1,-1,-1
160,35,809.74,236.55,235.07,189.30,1,-1,-1,-1
160,44,575.69,278.88,191.91,166.32,1,-1,-1,-1
160,50,1134.01,346.51,452.51,219.75,1,-1,-1,-1
161,13,1405.42,494.81,538.08,342.97,1,-1,-1,-1
161,35,810.56,236.38,236.51,190.27,1,-1,-1,-1
161,44,582.67,280.15,194.61,167.57,1,-1,-1,-1
161,50,1171.91,350.32,445.40,217.98,1,-1,-1,-1
162,13,1409.37,496.18,538.37,347.36,1,-1,-1,-1
162,35,811.51,236.95,237.71,190.99,1,-1,-1,-1
162,44,590.58,283.69,196.56,167.87,1,-1,-1,-1
162,50,1191.35,351.50,440.71,217.54,1,-1,-1,-1
163,13,1413.97,498.10,535.65,349.98,1,-1,-1,-1
163,35,813.15,238.43,237.17,190.22,1,-1,-1,-1
163,44,599.43,286.13,198.75,168.28,1,-1,-1,-1
163,50,1201.84,351.97,437.78,217.77,1,-1,-1,-1
164,13,1419.66,500.15,532.36,352.70,1,-1,-1,-1
164,35,814.37,239.10,237.82,190.45,1,-1,-1,-1
164,44,609.12,290.20,199.80,167.41,1,-1,-1,-1
164,50,1207.85,352.47,436.07,218.52,1,-1,-1,-1
164,54,1038.40,337.03,242.41,161.21,1,-1,-1,-1
165,13,1424.95,502.24,528.97,355.63,1,-1,-1,-1
165,35,815.50,239.13,238.22,190.59,1,-1,-1,-1
165,44,616.62,293.55,204.80,170.30,1,-1,-1,-1
165,50,1214.01,353.68,433.12,218.40,1,-1,-1,-1
165,54,1040.55,337.19,242.62,161.14,1,-1,-1,-1
166,13,1430.63,504.36,523.47,357.15,1,-1,-1,-1
166,35,816.58,239.66,239.01,191.07,1,-1,-1,-1
166,44,615.57,296.52,213.61,173.95,1,-1,-1,-1
166,50,1221.41,354.31,431.63,219.24,1,-1,-1,-1
166,54,1042.22,337.26,242.44,160.60,1,-1,-1,-1
167,13,1438.45,507.08,515.10,356.63,1,-1,-1,-1
167,35,816.93,239.89,240.67,192.20,1,-1,-1,-1
167,44,619.02,298.06,221.46,176.89,1,-1,-1,-1
167,50,1230.25,356.09,428.59,219.06,1,-1,-1,-1
167,54,1043.72,337.20,241.68,159.63,1,-1,-1,-1
168,13,1445.21,508.95,509.15,358.07,1,-1,-1,-1
168,35,816.21,240.40,243.90,194.29,1,-1,-1,-1
168,44,636.36,302.23,222.85,176.56,1,-1,-1,-1
168,50,1237.46,357.79,426.99,219.40,1,-1,-1,-1
168,54,1043.66,336.55,242.39,159.64,1,-1,-1,-1
169,13,1450.55,509.58,505.19,361.21,1,-1,-1,-1
169,35,817.18,240.29,245.60,194.99,1,-1,-1,-1
169,44,653.30,305.82,223.74,176.15,1,-1,-1,-1
169,50,1246.34,359.27,424.06,218.57,1,-1,-1,-1
169,54,1044.33,336.33,243.93,160.05,1,-1,-1,-1
170,13,1457.34,511.10,498.34,362.25,1,-1,-1,-1
170,35,816.89,239.71,247.48,195.66,1,-1,-1,-1
170,44,668.23,310.08,225.87,176.64,1,-1,-1,-1
170,50,1253.84,359.87,423.84,219.06,1,-1,-1,-1
170,54,1047.54,336.44,245.36,160.02,1,-1,-1,-1
171,13,1464.23,512.80,491.39,363.29,1,-1,-1,-1
171,35,815.17,238.96,251.16,198.01,1,-1,-1,-1
171,44,679.89,313.31,228.89,177.65,1,-1,-1,-1
171,50,1262.99,360.54,427.57,221.22,1,-1,-1,-1
171,54,1049.70,337.75,246.00,159.50,1,-1,-1,-1
172,13,1472.02,513.95,484.48,364.65,1,-1,-1,-1
172,35,812.78,238.51,255.10,200.92,1,-1,-1,-1
172,44,692.55,318.14,228.41,175.95,1,-1,-1,-1
172,50,1268.88,362.13,428.86,222.25,1,-1,-1,-1
172,54,1051.25,338.68,246.77,159.03,1,-1,-1,-1
173,13,1475.48,515.60,487.15,366.66,1,-1,-1,-1
173,35,808.25,238.27,260.63,205.12,1,-1,-1,-1
173,44,702.39,320.24,232.28,177.42,1,-1,-1,-1
173,50,1273.97,363.16,428.93,222.77,1,-1,-1,-1
173,54,1052.35,339.31,247.81,158.71,1,-1,-1,-1
174,35,808.37,238.77,261.64,205.69,1,-1,-1,-1
174,44,712.13,322.49,236.83,179.43,1,-1,-1,-1
174,50,1280.15,365.64,429.90,223.94,1,-1,-1,-1
174,54,1053.90,339.90,248.05,157.91,1,-1,-1,-1
175,35,808.80,239.01,263.22,206.93,1,-1,-1,-1
175,44,724.27,326.72,238.99,179.01,1,-1,-1,-1
175,50,1290.64,370.30,426.59,222.52,1,-1,-1,-1
175,54,1055.21,340.18,249.87,157.98,1,-1,-1,-1
176,44,736.78,330.66,240.69,178.55,1,-1,-1,-1
176,50,1298.20,373.11,426.29,222.60,1,-1,-1,-1
176,54,1055.35,340.26,251.72,158.18,1,-1,-1,-1
177,44,747.25,331.49,250.07,184.00,1,-1,-1,-1
177,50,1303.94,373.34,429.26,224.33,1,-1,-1,-1
177,54,1056.02,340.44,252.99,157.96,1,-1,-1,-1
178,44,758.30,333.82,255.50,186.49,1,-1,-1,-1
178,50,1312.42,374.93,430.74,225.01,1,-1,-1,-1
178,54,1057.25,340.59,254.74,158.32,1,-1,-1,-1
179,44,769.21,337.15,261.42,189.61,1,-1,-1,-1
179,50,1319.61,376.89,433.82,226.46,1,-1,-1,-1
179,54,1059.55,340.59,256.30,158.53,1,-1,-1,-1
180,44,781.35,339.00,268.20,193.29,1,-1,-1,-1
180,50,1329.07,378.16,433.63,226.16,1,-1,-1,-1
180,54,1061.11,341.46,257.59,158.44,1,-1,-1,-1
181,44,792.17,341.15,273.40,196.03,1,-1,-1,-1
181,50,1336.46,379.24,436.06,227.20,1,-1,-1,-1
181,54,1063.39,341.34,261.61,159.96,1,-1,-1,-1
182,44,803.03,343.99,278.46,198.52,1,-1,-1,-1
182,50,1342.58,380.29,440.65,229.42,1,-1,-1,-1
182,54,1066.84,342.05,262.64,159.79,1,-1,-1,-1
183,44,814.02,345.42,283.16,200.99,1,-1,-1,-1
183,50,1349.65,381.64,443.79,230.73,1,-1,-1,-1
183,54,1068.94,343.21,264.66,160.07,1,-1,-1,-1
184,44,824.47,347.34,288.07,203.88,1,-1,-1,-1
184,50,1356.37,383.30,445.32,231.03,1,-1,-1,-1
184,54,1070.33,344.60,266.11,159.92,1,-1,-1,-1
184,56,692.34,210.97,133.41,93.88,1,-1,-1,-1
185,44,838.44,351.75,291.19,204.15,1,-1,-1,-1
185,50,1361.95,384.84,449.69,233.16,1,-1,-1,-1
185,54,1072.13,345.48,269.17,160.99,1,-1,-1,-1
185,56,679.77,207.62,132.50,93.23,1,-1,-1,-1
186,44,850.86,356.84,296.81,206.03,1,-1,-1,-1
186,50,1370.78,386.65,451.15,233.70,1,-1,-1,-1
186,54,1074.43,346.74,272.15,161.82,1,-1,-1,-1
186,56,670.04,204.38,130.09,91.60,1,-1,-1,-1
187,44,861.50,359.89,304.47,209.97,1,-1,-1,-1
187,50,1377.32,387.34,455.78,236.03,1,-1,-1,-1
187,54,1079.97,346.95,276.49,164.09,1,-1,-1,-1
187,56,661.28,201.96,128.50,90.48,1,-1,-1,-1
187,58,829.62,237.28,252.78,177.98,1,-1,-1,-1
188,44,871.18,361.96,312.40,214.16,1,-1,-1,-1
188,50,1382.56,388.41,458.88,237.56,1,-1,-1,-1
188,54,1085.05,346.84,281.96,167.37,1,-1,-1,-1
188,58,823.36,236.94,260.42,183.79,1,-1,-1,-1
188,59,1101.13,257.55,186.54,122.29,1,-1,-1,-1
189,44,880.37,363.51,319.87,217.90,1,-1,-1,-1
189,50,1387.19,388.66,462.28,239.39,1,-1,-1,-1
189,54,1088.95,347.79,287.33,170.40,1,-1,-1,-1
189,58,820.70,236.79,264.29,187.08,1,-1,-1,-1
189,59,1082.40,254.55,184.56,121.05,1,-1,-1,-1
190,44,893.99,364.81,327.83,221.57,1,-1,-1,-1
190,50,1392.64,389.31,462.88,239.77,1,-1,-1,-1
190,54,1094.18,349.15,291.52,172.70,1,-1,-1,-1
190,58,818.08,237.10,269.85,191.76,1,-1,-1,-1
190,59,1065.31,252.13,180.92,118.97,1,-1,-1,-1
191,44,907.83,366.86,335.63,224.91,1,-1,-1,-1
191,50,1396.24,390.56,466.19,241.67,1,-1,-1,-1
191,54,1102.14,351.25,296.83,176.04,1,-1,-1,-1
191,58,818.46,238.04,273.99,195.41,1,-1,-1,-1
191,59,1050.50,249.72,179.60,118.10,1,-1,-1,-1
192,44,919.88,367.95,344.36,228.75,1,-1,-1,-1
192,50,1401.28,392.11,467.42,242.38,1,-1,-1,-1
192,54,1108.66,353.21,300.57,178.48,1,-1,-1,-1
192,58,819.98,238.44,276.70,198.11,1,-1,-1,-1
193,44,935.59,370.35,352.93,231.86,1,-1,-1,-1
193,50,1407.84,393.03,467.63,242.40,1,-1,-1,-1
193,54,1113.98,354.33,302.08,178.99,1,-1,-1,-1
193,58,821.20,238.02,279.96,201.37,1,-1,-1,-1
194,44,943.39,374.37,358.70,234.10,1,-1,-1,-1
194,50,1414.69,394.34,466.99,241.80,1,-1,-1,-1
194,54,1118.22,355.26,304.39,180.36,1,-1,-1,-1
194,58,823.65,238.75,279.69,202.25,1,-1,-1,-1
195,44,954.65,377.42,364.09,236.34,1,-1,-1,-1
195,50,1420.57,395.21,467.67,241.97,1,-1,-1,-1
195,58,826.47,239.35,278.35,202.41,1,-1,-1,-1
196,44,961.14,379.12,373.01,241.53,1,-1,-1,-1
196,50,1423.74,396.22,470.20,243.03,1,-1,-1,-1
196,58,829.16,239.45,276.28,202.11,1,-1,-1,-1
197,44,972.06,383.99,375.05,242.09,1,-1,-1,-1
197,50,1427.20,397.79,472.18,244.04,1,-1,-1,-1
197,58,831.77,239.15,274.02,201.64,1,-1,-1,-1
198,44,984.37,388.57,378.34,243.51,1,-1,-1,-1
198,50,1430.40,398.52,476.65,246.47,1,-1,-1,-1
198,58,833.57,239.01,272.76,202.06,1,-1,-1,-1
199,44,996.65,392.69,382.58,245.81,1,-1,-1,-1
199,50,1433.30,400.12,477.04,246.70,1,-1,-1,-1
199,58,835.59,239.12,272.94,203.45,1,-1,-1,-1
200,44,1009.55,397.56,386.26,247.63,1,-1,-1,-1
200,50,1435.71,400.73,479.94,248.44,1,-1,-1,-1
200,58,836.89,238.17,273.56,205.21,1,-1,-1,-1
201,44,1022.05,399.58,392.90,251.77,1,-1,-1,-1
201,50,1437.08,401.56,482.03,249.90,1,-1,-1,-1
201,58,838.28,236.85,274.62,207.38,1,-1,-1,-1
202,44,1034.13,402.63,397.09,254.21,1,-1,-1,-1
202,50,1437.93,402.19,483.73,251.27,1,-1,-1,-1
202,58,840.73,237.16,273.91,207.99,1,-1,-1,-1
203,44,1044.73,406.31,402.01,257.12,1,-1,-1,-1
203,50,1439.27,403.38,484.16,252.14,1,-1,-1,-1
203,58,843.82,239.36,270.28,205.93,1,-1,-1,-1
204,44,1056.52,410.19,405.98,259.17,1,-1,-1,-1
204,50,1441.65,403.33,484.81,253.53,1,-1,-1,-1
204,58,846.65,241.81,266.93,203.96,1,-1,-1,-1
205,44,1068.53,411.92,411.91,262.85,1,-1,-1,-1
205,50,1444.43,403.31,485.50,255.33,1,-1,-1,-1
205,58,849.44,242.72,266.09,203.99,1,-1,-1,-1
205,62,328.99,176.19,131.18,106.37,1,-1,-1,-1
206,44,1078.96,412.70,419.79,267.81,1,-1,-1,-1
206,50,1448.87,404.62,483.24,255.73,1,-1,-1,-1
206,58,851.87,243.26,265.84,204.32,1,-1,-1,-1
206,62,334.13,178.77,131.35,106.51,1,-1,-1,-1
207,44,1090.78,415.59,426.95,272.48,1,-1,-1,-1
207,50,1452.11,405.77,481.70,256.65,1,-1,-1,-1
207,58,854.05,243.60,266.94,205.59,1,-1,-1,-1
207,62,341.89,181.44,131.45,106.67,1,-1,-1,-1
208,44,1104.99,419.18,429.14,273.70,1,-1,-1,-1
208,50,1452.82,406.66,483.12,259.40,1,-1,-1,-1
208,58,856.65,243.13,268.18,206.85,1,-1,-1,-1
208,62,349.18,185.05,130.24,105.66,1,-1,-1,-1
209,44,1120.18,424.53,430.15,273.64,1,-1,-1,-1
209,50,1455.29,408.32,483.89,262.28,1,-1,-1,-1
209,58,859.63,242.95,269.08,207.81,1,-1,-1,-1
209,62,353.63,187.19,132.02,106.95,1,-1,-1,-1
210,44,1135.74,426.74,434.72,275.85,1,-1,-1,-1
210,50,1462.77,410.25,481.18,263.93,1,-1,-1,-1
210,58,862.88,242.70,270.17,208.83,1,-1,-1,-1
210,62,358.51,188.63,134.73,109.05,1,-1,-1,-1
211,44,1149.90,433.75,437.27,276.68,1,-1,-1,-1
211,50,1470.79,412.46,474.97,263.73,1,-1,-1,-1
211,58,866.23,243.64,270.11,209.01,1,-1,-1,-1
211,62,362.68,190.62,136.71,110.55,1,-1,-1,-1
212,44,1163.48,439.38,441.15,278.23,1,-1,-1,-1
212,50,1478.95,415.57,468.50,263.56,1,-1,-1,-1
212,58,869.62,244.75,269.19,208.29,1,-1,-1,-1
212,62,367.18,192.95,137.84,111.39,1,-1,-1,-1
213,44,1175.18,444.98,443.58,278.49,1,-1,-1,-1
213,50,1486.68,418.55,462.77,264.08,1,-1,-1,-1
213,58,873.28,245.25,268.28,207.63,1,-1,-1,-1
213,62,373.51,195.85,138.29,111.70,1,-1,-1,-1
213,64,730.36,190.37,130.20,94.50,1,-1,-1,-1
214,44,1184.64,446.99,450.47,282.23,1,-1,-1,-1
214,50,1489.93,420.13,464.62,265.14,1,-1,-1,-1
214,58,877.96,246.22,267.28,206.79,1,-1,-1,-1
214,62,379.82,198.17,139.52,112.59,1,-1,-1,-1
214,64,719.18,187.70,128.29,93.10,1,-1,-1,-1
215,44,1196.20,451.32,455.50,285.00,1,-1,-1,-1
215,58,880.10,246.04,268.86,207.94,1,-1,-1,-1
215,62,386.61,200.21,142.21,114.77,1,-1,-1,-1
215,64,709.03,186.19,125.82,91.31,1,-1,-1,-1
216,44,1209.84,454.85,460.01,287.33,1,-1,-1,-1
216,58,882.52,245.89,270.49,209.28,1,-1,-1,-1
216,62,394.11,202.21,143.12,115.46,1,-1,-1,-1
216,64,698.45,184.10,124.32,90.34,1,-1,-1,-1
217,44,1223.22,457.03,463.15,288.74,1,-1,-1,-1
217,58,886.71,247.04,270.60,209.24,1,-1,-1,-1
217,62,402.76,204.12,144.46,116.56,1,-1,-1,-1
217,64,688.17,181.26,123.21,89.61,1,-1,-1,-1
218,44,1236.31,458.82,467.89,291.61,1,-1,-1,-1
218,58,890.74,248.30,271.67,210.14,1,-1,-1,-1
218,62,409.88,206.45,146.33,118.15,1,-1,-1,-1
218,64,679.68,179.37,122.11,88.88,1,-1,-1,-1
219,44,1248.22,459.87,474.67,295.85,1,-1,-1,-1
219,58,894.77,249.16,272.63,210.89,1,-1,-1,-1
219,62,416.43,208.71,148.49,119.99,1,-1,-1,-1
219,64,670.54,177.32,121.09,88.14,1,-1,-1,-1
220,44,1260.49,461.65,478.05,297.55,1,-1,-1,-1
220,58,898.60,250.06,273.64,211.67,1,-1,-1,-1
220,62,422.88,210.61,150.78,121.91,1,-1,-1,-1
221,44,1270.98,464.30,481.45,299.47,1,-1,-1,-1
221,58,901.95,249.89,275.14,212.70,1,-1,-1,-1
221,62,429.89,212.75,152.54,123.39,1,-1,-1,-1
222,44,1282.68,469.52,484.85,301.37,1,-1,-1,-1
222,58,906.18,250.59,275.38,212.67,1,-1,-1,-1
222,62,436.91,215.11,153.76,124.20,1,-1,-1,-1
223,44,1294.00,474.31,488.17,302.88,1,-1,-1,-1
223,58,910.55,250.91,276.82,213.63,1,-1,-1,-1
223,62,445.13,218.04,154.95,125.13,1,-1,-1,-1
224,44,1305.23,476.52,492.96,305.33,1,-1,-1,-1
224,58,915.71,252.52,276.95,213.53,1,-1,-1,-1
224,62,452.37,220.33,156.74,126.86,1,-1,-1,-1
225,44,1317.19,479.93,496.06,306.47,1,-1,-1,-1
225,58,921.01,253.67,278.34,214.58,1,-1,-1,-1
225,62,458.46,222.18,159.00,129.35,1,-1,-1,-1
226,44,1330.37,482.68,498.68,307.30,1,-1,-1,-1
226,58,925.52,254.67,279.73,215.45,1,-1,-1,-1
226,62,465.53,225.35,160.46,130.97,1,-1,-1,-1
227,44,1339.81,484.59,506.56,311.65,1,-1,-1,-1
227,58,930.18,255.84,279.86,215.00,1,-1,-1,-1
227,62,476.34,227.08,165.77,135.49,1,-1,-1,-1
228,44,1350.79,488.20,510.58,313.31,1,-1,-1,-1
228,58,933.94,256.60,281.90,216.30,1,-1,-1,-1
228,62,485.11,228.65,167.68,137.27,1,-1,-1,-1
229,44,1361.23,490.63,516.35,316.38,1,-1,-1,-1
229,58,937.98,257.02,283.43,217.29,1,-1,-1,-1
229,62,494.41,232.26,168.89,137.93,1,-1,-1,-1
230,44,1374.53,493.36,520.72,318.33,1,-1,-1,-1
230,58,940.74,256.72,285.94,219.36,1,-1,-1,-1
230,62,502.79,236.41,170.42,139.18,1,-1,-1,-1
231,44,1382.94,495.18,529.85,324.02,1,-1,-1,-1
231,58,943.34,256.42,286.99,220.19,1,-1,-1,-1
231,62,507.64,237.78,176.45,145.37,1,-1,-1,-1
232,44,1387.39,496.62,537.69,330.08,1,-1,-1,-1
232,58,945.96,256.74,287.05,220.12,1,-1,-1,-1
232,62,522.69,240.89,181.75,149.58,1,-1,-1,-1
233,44,1392.86,499.57,540.69,334.08,1,-1,-1,-1
233,58,947.75,257.49,287.89,220.47,1,-1,-1,-1
233,62,533.88,243.29,188.59,154.98,1,-1,-1,-1
234,44,1398.99,502.17,540.84,336.98,1,-1,-1,-1
234,58,949.23,257.87,289.26,221.16,1,-1,-1,-1
234,62,546.33,250.50,189.46,154.40,1,-1,-1,-1
235,44,1403.78,504.54,542.24,341.54,1,-1,-1,-1
235,58,951.11,257.95,291.87,222.96,1,-1,-1,-1
235,62,556.47,254.14,194.86,157.97,1,-1,-1,-1
236,44,1406.80,506.88,544.66,347.53,1,-1,-1,-1
236,58,954.50,258.75,292.38,223.18,1,-1,-1,-1
236,62,567.33,259.69,195.92,158.05,1,-1,-1,-1
237,44,1411.76,508.90,543.78,352.03,1,-1,-1,-1
237,58,957.86,259.47,293.23,223.80,1,-1,-1,-1
237,62,576.83,261.55,202.55,163.04,1,-1,-1,-1
238,44,1420.35,512.21,538.52,354.24,1,-1,-1,-1
238,58,962.13,260.06,293.40,223.95,1,-1,-1,-1
238,62,587.56,263.43,203.65,162.83,1,-1,-1,-1
239,44,1428.60,516.21,532.00,355.86,1,-1,-1,-1
239,58,965.04,259.95,294.11,224.59,1,-1,-1,-1
239,62,592.34,264.97,210.75,167.43,1,-1,-1,-1
240,44,1437.62,519.85,523.44,356.18,1,-1,-1,-1
240,58,966.21,259.10,296.20,226.52,1,-1,-1,-1
240,62,598.86,270.40,217.47,170.78,1,-1,-1,-1
241,44,1447.30,524.68,513.49,355.55,1,-1,-1,-1
241,58,968.06,258.85,297.40,227.63,1,-1,-1,-1
241,62,610.54,277.51,223.60,173.47,1,-1,-1,-1
242,44,1457.43,529.24,502.25,353.88,1,-1,-1,-1
242,58,969.69,258.74,298.55,228.65,1,-1,-1,-1
242,62,629.72,282.96,224.31,173.93,1,-1,-1,-1
243,44,1468.03,532.94,492.19,353.26,1,-1,-1,-1
243,58,971.08,259.25,299.75,229.61,1,-1,-1,-1
243,62,648.62,286.36,224.31,174.17,1,-1,-1,-1
244,44,1478.24,537.06,480.85,351.46,1,-1,-1,-1
244,58,972.95,259.63,300.12,229.88,1,-1,-1,-1
244,62,655.33,289.06,230.18,177.36,1,-1,-1,-1
245,44,1487.59,540.18,471.50,351.17,1,-1,-1,-1
245,58,975.57,260.34,300.05,229.89,1,-1,-1,-1
245,62,667.90,292.71,235.39,180.15,1,-1,-1,-1
246,44,1493.78,543.54,473.20,352.44,1,-1,-1,-1
246,58,978.29,260.98,300.40,230.33,1,-1,-1,-1
246,62,679.49,296.41,240.14,181.98,1,-1,-1,-1
247,58,981.27,261.97,299.89,229.98,1,-1,-1,-1
247,62,691.08,299.21,246.52,185.67,1,-1,-1,-1
248,58,983.53,262.59,300.96,230.87,1,-1,-1,-1
248,62,703.87,302.22,251.86,188.05,1,-1,-1,-1
249,58,985.22,262.29,302.86,232.45,1,-1,-1,-1
249,62,713.41,305.10,260.36,192.56,1,-1,-1,-1
250,58,987.31,263.44,303.12,232.62,1,-1,-1,-1
250,62,725.63,307.70,269.46,197.76,1,-1,-1,-1
251,58,990.50,264.26,304.01,233.08,1,-1,-1,-1
251,62,740.31,311.22,273.97,199.44,1,-1,-1,-1
252,58,992.00,264.73,305.34,233.39,1,-1,-1,-1
252,62,752.85,314.25,279.18,201.26,1,-1,-1,-1
253,58,992.84,265.10,307.33,234.13,1,-1,-1,-1
253,62,766.15,316.67,288.33,205.70,1,-1,-1,-1
254,58,997.21,264.90,309.44,235.48,1,-1,-1,-1
254,62,779.99,319.12,296.78,210.16,1,-1,-1,-1
255,58,997.44,266.78,311.65,236.29,1,-1,-1,-1
255,62,792.78,321.20,304.41,214.28,1,-1,-1,-1
255,67,1549.97,458.31,368.41,192.74,1,-1,-1,-1
256,58,1000.96,267.87,314.37,238.04,1,-1,-1,-1
256,62,806.93,327.60,308.31,215.52,1,-1,-1,-1
256,67,1548.25,458.64,372.13,194.88,1,-1,-1,-1
257,58,1002.47,269.02,317.24,239.69,1,-1,-1,-1
257,62,822.87,331.25,315.09,218.44,1,-1,-1,-1
257,67,1545.34,458.88,377.64,198.12,1,-1,-1,-1
258,58,1004.50,269.36,321.42,242.59,1,-1,-1,-1
258,62,836.21,334.13,324.40,223.14,1,-1,-1,-1
258,67,1543.00,458.53,381.15,200.43,1,-1,-1,-1
259,58,1003.10,270.30,326.92,245.96,1,-1,-1,-1
259,62,849.49,338.05,334.29,228.40,1,-1,-1,-1
259,67,1540.40,458.77,385.14,203.18,1,-1,-1,-1
260,58,1005.16,270.97,328.73,247.32,1,-1,-1,-1
260,62,882.77,315.58,377.75,254.11,1,-1,-1,-1
260,67,1539.30,458.75,387.45,205.20,1,-1,-1,-1
261,62,891.78,331.21,370.69,246.73,1,-1,-1,-1
261,67,1537.90,458.47,390.27,207.67,1,-1,-1,-1
262,62,901.38,344.60,366.40,242.33,1,-1,-1,-1
262,67,1535.23,458.69,396.61,212.48,1,-1,-1,-1
263,62,911.05,353.00,367.34,241.59,1,-1,-1,-1
263,67,1536.12,458.23,393.99,212.19,1,-1,-1,-1
263,68,1026.95,274.43,329.22,242.24,1,-1,-1,-1
264,62,921.61,358.44,373.02,243.94,1,-1,-1,-1
264,67,1536.34,458.58,395.00,214.19,1,-1,-1,-1
264,68,1029.77,274.42,329.36,242.35,1,-1,-1,-1
265,62,935.54,363.27,377.75,245.79,1,-1,-1,-1
265,67,1536.55,459.31,395.10,215.75,1,-1,-1,-1
266,62,947.52,366.71,386.50,249.85,1,-1,-1,-1
266,67,1537.11,459.11,395.20,217.41,1,-1,-1,-1
267,62,963.07,372.39,391.51,251.31,1,-1,-1,-1
267,67,1538.29,459.89,394.22,218.52,1,-1,-1,-1
268,62,978.27,377.43,398.85,254.54,1,-1,-1,-1
268,67,1540.43,460.58,391.14,218.33,1,-1,-1,-1
269,62,993.05,381.57,407.80,259.05,1,-1,-1,-1
269,67,1542.28,459.79,388.09,218.01,1,-1,-1,-1
270,62,1006.27,387.05,415.41,262.67,1,-1,-1,-1
270,67,1542.63,459.52,386.83,218.64,1,-1,-1,-1
271,62,1022.19,393.85,421.20,264.89,1,-1,-1,-1
271,67,1537.62,455.84,391.69,222.77,1,-1,-1,-1
272,62,1039.33,399.62,425.42,265.42,1,-1,-1,-1
272,67,1541.71,457.30,386.90,221.32,1,-1,-1,-1
272,69,1477.23,332.84,336.00,154.17,1,-1,-1,-1
273,62,1050.52,402.89,434.61,269.28,1,-1,-1,-1
273,67,1544.07,457.87,384.58,221.31,1,-1,-1,-1
273,69,1439.58,328.44,326.45,150.35,1,-1,-1,-1
274,62,1062.71,407.36,442.68,271.81,1,-1,-1,-1
274,67,1544.63,458.15,381.81,220.66,1,-1,-1,-1
274,69,1406.31,324.48,313.06,144.77,1,-1,-1,-1
275,62,1072.50,409.08,457.50,279.15,1,-1,-1,-1
275,67,1544.83,458.24,381.37,221.46,1,-1,-1,-1
275,69,1376.23,317.84,308.27,143.52,1,-1,-1,-1
276,62,1086.86,412.87,465.70,282.18,1,-1,-1,-1
276,67,1543.23,457.87,382.16,222.82,1,-1,-1,-1
276,69,1342.33,311.13,309.83,145.77,1,-1,-1,-1
277,62,1104.86,417.92,469.67,282.53,1,-1,-1,-1
277,67,1543.85,457.41,381.61,223.46,1,-1,-1,-1
277,69,1311.58,306.29,306.82,144.36,1,-1,-1,-1
278,62,1118.94,421.92,479.14,286.37,1,-1,-1,-1
278,67,1543.18,457.46,381.49,224.19,1,-1,-1,-1
279,62,1129.23,425.97,488.16,289.76,1,-1,-1,-1
279,67,1542.02,457.41,382.04,225.23,1,-1,-1,-1
280,62,1145.69,430.57,494.46,291.34,1,-1,-1,-1
280,67,1541.03,457.33,383.65,226.18,1,-1,-1,-1
281,62,1161.20,436.52,498.20,291.51,1,-1,-1,-1
282,62,1172.84,440.91,506.09,293.39,1,-1,-1,-1
282,70,1108.10,286.41,366.57,243.02,1,-1,-1,-1
283,62,1188.45,445.51,513.58,295.37,1,-1,-1,-1
283,70,1109.58,286.59,368.27,244.69,1,-1,-1,-1
284,62,1203.90,448.65,523.06,299.20,1,-1,-1,-1
284,70,1111.21,288.45,369.12,245.73,1,-1,-1,-1
285,62,1219.17,451.27,532.22,302.92,1,-1,-1,-1
285,70,1110.78,288.39,374.50,250.00,1,-1,-1,-1
286,62,1236.11,453.14,544.63,307.84,1,-1,-1,-1
286,70,1110.74,289.84,378.27,253.05,1,-1,-1,-1
287,62,1266.07,455.54,563.86,314.57,1,-1,-1,-1
287,70,1115.09,291.67,377.43,252.97,1,-1,-1,-1
288,62,1278.47,458.28,577.37,319.18,1,-1,-1,-1
288,70,1117.39,292.83,378.07,253.87,1,-1,-1,-1
289,62,1284.95,460.75,585.15,321.53,1,-1,-1,-1
289,70,1119.07,292.67,380.35,256.04,1,-1,-1,-1
290,62,1290.69,462.56,594.50,325.67,1,-1,-1,-1
290,70,1119.92,293.15,383.80,259.34,1,-1,-1,-1
291,62,1298.91,465.15,603.53,329.86,1,-1,-1,-1
291,70,1119.58,292.08,389.38,264.36,1,-1,-1,-1
292,62,1303.24,466.87,612.91,334.68,1,-1,-1,-1
292,70,1120.75,293.54,389.20,265.43,1,-1,-1,-1
293,62,1305.63,466.08,627.64,344.53,1,-1,-1,-1
293,70,1123.49,292.33,389.10,266.47,1,-1,-1,-1
293,71,987.15,243.87,172.41,116.20,1,-1,-1,-1
294,62,1309.27,467.39,639.65,354.71,1,-1,-1,-1
294,70,1125.25,291.98,386.86,265.74,1,-1,-1,-1
294,71,968.66,239.95,170.89,114.81,1,-1,-1,-1
295,62,1310.75,466.39,648.49,364.14,1,-1,-1,-1
295,70,1127.67,290.92,386.09,266.00,1,-1,-1,-1
295,71,950.14,235.33,171.94,115.42,1,-1,-1,-1
296,62,1317.19,468.01,648.43,369.33,1,-1,-1,-1
296,70,1128.97,289.93,386.90,267.55,1,-1,-1,-1
296,71,933.37,231.74,168.99,113.35,1,-1,-1,-1
297,62,1322.61,468.35,656.08,381.24,1,-1,-1,-1
297,70,1132.06,290.40,383.42,265.72,1,-1,-1,-1
297,71,915.19,227.79,167.98,112.61,1,-1,-1,-1
298,62,1331.73,471.59,651.53,386.43,1,-1,-1,-1
298,70,1135.10,291.01,381.37,264.77,1,-1,-1,-1
298,71,900.63,226.25,162.85,108.88,1,-1,-1,-1
299,62,1340.28,473.71,647.30,392.58,1,-1,-1,-1
299,70,1139.28,292.26,378.30,262.61,1,-1,-1,-1
299,71,884.69,224.33,158.59,105.86,1,-1,-1,-1
300,62,1355.33,482.59,631.84,391.90,1,-1,-1,-1
300,70,1142.75,293.45,375.63,260.58,1,-1,-1,-1
300,71,868.83,221.37,157.95,105.29,1,-1,-1,-1
301,62,1362.85,479.56,628.70,399.78,1,-1,-1,-1
301,70,1144.40,292.78,376.73,261.46,1,-1,-1,-1
301,71,855.81,219.18,155.28,103.44,1,-1,-1,-1
302,62,1369.78,481.76,637.38,405.29,1,-1,-1,-1
302,70,1146.45,292.79,376.39,261.20,1,-1,-1,-1
302,71,841.36,215.62,154.86,103.47,1,-1,-1,-1
303,70,1147.31,291.62,377.89,262.29,1,-1,-1,-1
303,71,826.64,212.50,154.56,103.48,1,-1,-1,-1
304,70,1148.00,291.30,378.61,262.78,1,-1,-1,-1
304,71,813.62,210.27,152.19,101.97,1,-1,-1,-1
305,70,1150.31,292.23,377.78,262.12,1,-1,-1,-1
305,71,801.94,208.51,149.16,99.95,1,-1,-1,-1
306,70,1152.21,293.11,377.23,261.40,1,-1,-1,-1
306,71,789.83,205.82,147.65,98.93,1,-1,-1,-1
307,70,1153.45,293.78,377.93,261.47,1,-1,-1,-1
307,71,779.68,205.14,143.92,96.26,1,-1,-1,-1
308,70,1154.23,293.82,378.57,261.49,1,-1,-1,-1
308,71,768.54,202.00,143.41,96.12,1,-1,-1,-1
309,70,1154.77,293.14,379.76,261.94,1,-1,-1,-1
309,71,757.61,198.98,143.58,96.62,1,-1,-1,-1
310,70,1155.60,293.11,381.61,262.80,1,-1,-1,-1
310,71,746.34,196.96,141.36,95.29,1,-1,-1,-1
311,70,1157.59,294.56,380.83,261.74,1,-1,-1,-1
311,71,737.39,195.39,138.90,93.75,1,-1,-1,-1
312,70,1160.02,295.12,381.67,262.04,1,-1,-1,-1
312,71,727.72,192.81,138.95,93.99,1,-1,-1,-1
313,70,1162.71,296.94,380.75,260.86,1,-1,-1,-1
313,71,717.92,190.65,139.23,94.49,1,-1,-1,-1
314,70,1164.54,298.01,380.37,260.07,1,-1,-1,-1
314,71,707.12,188.88,139.34,94.85,1,-1,-1,-1
315,70,1166.03,297.93,382.09,260.88,1,-1,-1,-1
315,71,698.87,187.85,136.58,93.25,1,-1,-1,-1
316,70,1167.49,297.28,383.89,261.84,1,-1,-1,-1
316,71,691.35,186.21,134.06,91.72,1,-1,-1,-1
317,70,1169.04,296.69,386.19,263.04,1,-1,-1,-1
317,71,684.03,184.05,132.07,90.54,1,-1,-1,-1
317,72,377.60,171.10,122.15,94.06,1,-1,-1,-1
318,70,1171.70,297.03,387.90,263.78,1,-1,-1,-1
318,71,676.29,181.89,130.66,89.84,1,-1,-1,-1
318,72,382.32,173.19,122.86,94.67,1,-1,-1,-1
319,70,1174.15,298.39,389.39,264.29,1,-1,-1,-1
319,71,670.91,180.93,128.86,89.03,1,-1,-1,-1
319,72,387.09,175.65,123.04,94.89,1,-1,-1,-1
320,70,1176.09,298.59,391.45,265.24,1,-1,-1,-1
320,71,661.25,178.95,127.61,88.17,1,-1,-1,-1
320,72,392.48,178.60,123.70,95.58,1,-1,-1,-1
321,70,1178.50,299.87,392.03,265.14,1,-1,-1,-1
321,72,397.68,182.23,124.01,95.98,1,-1,-1,-1
322,70,1184.07,302.15,390.52,263.43,1,-1,-1,-1
322,72,404.31,185.65,124.09,96.24,1,-1,-1,-1
323,70,1188.67,301.85,393.28,264.66,1,-1,-1,-1
323,72,411.22,188.49,123.88,96.21,1,-1,-1,-1
324,70,1193.39,302.15,397.15,266.85,1,-1,-1,-1
324,72,418.61,190.87,123.81,96.23,1,-1,-1,-1
325,70,1199.30,302.68,400.04,268.24,1,-1,-1,-1
325,72,423.98,192.64,124.93,97.22,1,-1,-1,-1
326,70,1206.51,303.51,403.95,270.56,1,-1,-1,-1
326,72,428.26,194.13,126.04,98.16,1,-1,-1,-1
327,70,1214.10,304.17,407.01,272.29,1,-1,-1,-1
327,72,431.78,196.11,127.52,99.50,1,-1,-1,-1
328,70,1223.83,306.80,407.77,272.30,1,-1,-1,-1
328,72,437.17,199.71,128.27,100.20,1,-1,-1,-1
329,70,1234.60,308.30,410.64,273.90,1,-1,-1,-1
329,72,443.13,203.51,128.89,100.87,1,-1,-1,-1
330,70,1243.75,307.56,416.20,277.54,1,-1,-1,-1
330,72,449.58,206.45,129.40,101.45,1,-1,-1,-1
331,70,1252.70,306.69,421.68,281.18,1,-1,-1,-1
331,72,455.99,208.98,130.31,102.29,1,-1,-1,-1
332,70,1263.73,306.66,424.67,282.92,1,-1,-1,-1
332,72,462.50,212.43,130.38,102.37,1,-1,-1,-1
333,70,1274.24,308.07,428.27,284.89,1,-1,-1,-1
333,72,468.55,215.74,131.73,103.62,1,-1,-1,-1
334,70,1284.13,309.22,433.42,288.14,1,-1,-1,-1
334,72,473.71,218.28,134.18,106.02,1,-1,-1,-1
335,70,1295.76,313.04,436.32,289.41,1,-1,-1,-1
335,72,478.58,221.22,134.79,107.07,1,-1,-1,-1
336,70,1309.78,318.26,434.76,287.10,1,-1,-1,-1
336,72,485.48,224.75,135.31,108.36,1,-1,-1,-1
337,70,1323.24,320.36,439.88,289.19,1,-1,-1,-1
337,72,492.30,228.21,136.90,110.60,1,-1,-1,-1
338,70,1336.39,323.85,444.06,290.73,1,-1,-1,-1
338,72,500.02,229.21,141.97,115.85,1,-1,-1,-1
339,70,1350.23,326.17,449.79,292.81,1,-1,-1,-1
339,72,509.81,230.51,145.91,119.36,1,-1,-1,-1
340,70,1359.41,326.45,459.76,298.11,1,-1,-1,-1
340,72,519.41,235.34,147.59,120.35,1,-1,-1,-1
341,70,1372.09,329.31,466.06,301.15,1,-1,-1,-1
341,72,527.76,238.47,149.41,121.91,1,-1,-1,-1
342,70,1381.53,330.93,472.49,304.77,1,-1,-1,-1
342,72,532.59,239.93,152.51,125.04,1,-1,-1,-1
343,70,1389.51,332.73,480.61,310.01,1,-1,-1,-1
343,72,536.68,241.15,155.71,128.87,1,-1,-1,-1
344,70,1401.12,334.28,484.59,312.52,1,-1,-1,-1
344,72,557.69,251.86,152.76,125.30,1,-1,-1,-1
345,70,1413.12,336.26,487.63,314.23,1,-1,-1,-1
345,72,568.97,256.53,154.54,126.12,1,-1,-1,-1
346,70,1417.22,333.61,499.50,322.33,1,-1,-1,-1
346,72,578.80,260.75,155.96,126.69,1,-1,-1,-1
347,70,1422.34,333.20,503.25,325.78,1,-1,-1,-1
347,72,585.74,263.85,161.86,130.70,1,-1,-1,-1
348,70,1428.27,335.65,502.11,326.37,1,-1,-1,-1
348,72,591.63,266.65,169.40,136.41,1,-1,-1,-1
349,70,1434.62,337.47,500.19,327.02,1,-1,-1,-1
349,72,600.35,273.11,172.17,137.96,1,-1,-1,-1
350,70,1438.63,338.96,499.79,329.11,1,-1,-1,-1
350,72,611.25,278.97,173.91,138.28,1,-1,-1,-1
351,70,1442.48,337.54,500.08,332.32,1,-1,-1,-1
351,72,627.20,286.09,172.70,136.43,1,-1,-1,-1
351,75,1296.95,295.78,194.35,129.27,1,-1,-1,-1
352,70,1445.33,335.91,501.01,336.51,1,-1,-1,-1
352,72,641.56,292.28,175.87,138.55,1,-1,-1,-1
352,75,1291.05,293.17,193.74,128.86,1,-1,-1,-1
353,70,1446.40,335.28,502.87,341.77,1,-1,-1,-1
353,72,653.12,298.16,179.02,140.50,1,-1,-1,-1
353,77,1232.40,287.38,220.14,125.94,1,-1,-1,-1
354,70,1448.65,335.11,502.08,345.43,1,-1,-1,-1
354,72,663.61,303.63,182.01,142.03,1,-1,-1,-1
354,77,1205.04,282.64,219.63,125.61,1,-1,-1,-1
355,70,1452.06,333.71,500.06,348.53,1,-1,-1,-1
355,72,673.81,307.50,186.85,144.79,1,-1,-1,-1
355,77,1182.28,277.50,218.63,125.13,1,-1,-1,-1
356,70,1457.69,336.27,491.36,346.25,1,-1,-1,-1
356,72,686.02,311.06,190.85,146.81,1,-1,-1,-1
356,77,1159.27,272.11,215.75,123.74,1,-1,-1,-1
357,70,1462.05,336.54,486.13,346.51,1,-1,-1,-1
357,72,697.41,316.13,195.73,149.50,1,-1,-1,-1
357,77,1137.85,267.92,212.26,122.12,1,-1,-1,-1
358,70,1465.45,335.73,482.28,347.72,1,-1,-1,-1
358,72,709.96,321.38,200.27,151.98,1,-1,-1,-1
358,77,1113.70,263.24,211.07,121.83,1,-1,-1,-1
359,70,1469.34,336.09,476.56,347.22,1,-1,-1,-1
359,72,723.35,325.68,206.61,155.60,1,-1,-1,-1
359,77,1092.18,258.98,209.14,121.16,1,-1,-1,-1
360,70,1471.86,334.68,473.41,348.61,1,-1,-1,-1
360,72,737.88,329.71,210.61,157.41,1,-1,-1,-1
360,77,1074.07,255.57,205.36,119.57,1,-1,-1,-1
361,70,1475.61,334.86,469.01,349.01,1,-1,-1,-1
361,72,754.70,335.92,213.53,157.83,1,-1,-1,-1
361,77,1057.01,252.18,201.98,118.29,1,-1,-1,-1
362,70,1477.33,334.83,466.41,350.64,1,-1,-1,-1
362,72,770.10,341.50,216.15,157.82,1,-1,-1,-1
362,77,1036.99,248.47,199.35,117.50,1,-1,-1,-1
363,70,1476.42,334.59,461.63,349.30,1,-1,-1,-1
363,72,784.98,345.17,221.02,159.42,1,-1,-1,-1
363,77,1019.53,245.94,196.28,116.56,1,-1,-1,-1
364,70,1480.13,338.20,453.29,344.65,1,-1,-1,-1
364,72,801.09,349.33,226.78,161.81,1,-1,-1,-1
364,77,1003.31,243.60,193.18,115.55,1,-1,-1,-1
365,70,1479.34,337.84,451.30,344.54,1,-1,-1,-1
365,72,816.24,352.76,236.87,167.40,1,-1,-1,-1
365,77,988.03,242.01,187.82,113.19,1,-1,-1,-1
366,70,1481.05,338.04,449.21,344.57,1,-1,-1,-1
366,72,829.31,356.99,245.62,172.65,1,-1,-1,-1
366,77,972.43,239.60,183.78,111.64,1,-1,-1,-1
367,70,1479.59,337.35,449.32,345.97,1,-1,-1,-1
367,72,842.69,361.07,252.78,176.42,1,-1,-1,-1
367,77,957.22,235.93,180.69,110.95,1,-1,-1,-1
368,70,1484.40,338.46,445.48,344.73,1,-1,-1,-1
368,72,854.50,364.35,261.88,181.94,1,-1,-1,-1
368,77,941.48,232.26,178.44,110.54,1,-1,-1,-1
369,70,1485.55,336.84,444.75,345.90,1,-1,-1,-1
369,72,871.09,369.33,268.94,185.89,1,-1,-1,-1
369,77,926.43,228.84,175.36,109.73,1,-1,-1,-1
370,70,1488.55,337.56,440.78,344.30,1,-1,-1,-1
370,72,884.63,374.04,277.78,191.29,1,-1,-1,-1
370,77,910.44,225.69,173.29,109.36,1,-1,-1,-1
370,79,1305.43,256.40,222.98,172.16,1,-1,-1,-1
371,70,1491.15,339.82,437.17,342.80,1,-1,-1,-1
371,72,901.04,378.81,285.51,195.57,1,-1,-1,-1
371,77,899.05,224.69,166.01,105.12,1,-1,-1,-1
371,79,1294.37,247.78,232.08,177.91,1,-1,-1,-1
372,70,1492.45,340.35,435.44,342.76,1,-1,-1,-1
372,72,919.49,385.02,291.57,198.49,1,-1,-1,-1
372,77,884.66,223.56,159.99,101.79,1,-1,-1,-1
372,79,1276.15,245.39,232.07,176.27,1,-1,-1,-1
373,70,1494.16,341.71,433.09,342.12,1,-1,-1,-1
373,72,938.58,390.30,299.94,203.20,1,-1,-1,-1
373,77,870.50,220.15,159.15,101.71,1,-1,-1,-1
373,79,1254.98,245.71,229.61,172.26,1,-1,-1,-1
374,70,1494.57,341.68,432.51,342.89,1,-1,-1,-1
374,72,956.80,396.95,306.74,206.36,1,-1,-1,-1
374,77,856.72,217.59,157.44,101.30,1,-1,-1,-1
374,79,1232.04,244.99,229.22,169.72,1,-1,-1,-1
375,70,1495.12,341.64,431.80,343.54,1,-1,-1,-1
375,72,975.91,403.35,315.18,210.58,1,-1,-1,-1
375,77,844.19,214.59,155.13,100.57,1,-1,-1,-1
375,79,1207.92,241.46,228.18,166.55,1,-1,-1,-1
376,70,1496.24,341.95,430.46,343.67,1,-1,-1,-1
376,72,994.89,408.52,324.39,215.03,1,-1,-1,-1
376,77,830.72,210.96,154.54,100.80,1,-1,-1,-1
376,79,1188.92,240.66,223.57,160.78,1,-1,-1,-1
377,70,1498.02,342.91,428.19,342.95,1,-1,-1,-1
377,72,1015.79,414.59,330.15,217.14,1,-1,-1,-1
377,77,819.42,209.36,150.64,98.59,1,-1,-1,-1
377,79,1169.30,232.76,229.05,162.43,1,-1,-1,-1
378,70,1499.70,343.99,426.26,342.52,1,-1,-1,-1
378,72,1038.59,421.13,336.04,219.29,1,-1,-1,-1
378,77,808.49,208.63,146.65,96.33,1,-1,-1,-1
378,79,1145.41,224.77,232.49,163.62,1,-1,-1,-1
379,70,1502.05,345.18,423.95,341.82,1,-1,-1,-1
379,72,1056.12,426.66,350.12,227.38,1,-1,-1,-1
379,77,796.03,205.72,145.66,96.05,1,-1,-1,-1
379,79,1122.98,218.16,237.11,165.91,1,-1,-1,-1
380,70,1501.77,345.52,423.41,342.37,1,-1,-1,-1
380,72,1076.47,433.74,359.44,232.28,1,-1,-1,-1
380,77,784.18,203.34,144.20,95.40,1,-1,-1,-1
380,79,1106.83,223.69,225.21,156.74,1,-1,-1,-1
381,70,1503.90,348.86,420.38,340.78,1,-1,-1,-1
381,72,1097.54,441.44,365.20,234.31,1,-1,-1,-1
381,77,772.59,200.63,142.17,94.56,1,-1,-1,-1
381,79,1083.61,215.51,229.46,159.09,1,-1,-1,-1
382,70,1504.85,349.29,420.64,342.29,1,-1,-1,-1
382,72,1120.01,448.58,372.59,237.57,1,-1,-1,-1
382,77,760.51,197.88,141.24,94.46,1,-1,-1,-1
382,79,1070.99,217.63,222.35,153.24,1,-1,-1,-1
383,70,1509.98,351.28,418.17,342.17,1,-1,-1,-1
383,72,1147.88,458.18,377.07,238.81,1,-1,-1,-1
383,77,748.80,195.79,139.54,93.74,1,-1,-1,-1
383,79,1057.03,218.47,217.06,148.95,1,-1,-1,-1
384,70,1510.45,349.97,420.74,346.73,1,-1,-1,-1
384,72,1176.38,467.16,382.73,240.35,1,-1,-1,-1
384,77,738.54,194.21,136.89,92.20,1,-1,-1,-1
384,79,1040.94,216.16,213.97,146.11,1,-1,-1,-1
385,70,1514.09,347.85,421.27,350.39,1,-1,-1,-1
385,72,1201.56,473.18,394.62,246.34,1,-1,-1,-1
385,77,728.21,191.80,136.82,92.64,1,-1,-1,-1
385,79,1028.01,216.66,210.41,142.93,1,-1,-1,-1
386,70,1515.08,348.25,422.27,351.23,1,-1,-1,-1
386,72,1229.16,483.87,399.28,247.43,1,-1,-1,-1
386,77,718.83,189.95,136.16,92.65,1,-1,-1,-1
386,79,1014.43,213.14,213.56,144.58,1,-1,-1,-1
387,72,1258.76,494.14,406.13,250.00,1,-1,-1,-1
387,77,708.21,187.90,135.76,92.79,1,-1,-1,-1
387,79,997.91,209.28,213.51,144.02,1,-1,-1,-1
388,72,1288.76,502.49,413.46,252.25,1,-1,-1,-1
388,77,699.69,186.94,132.91,91.14,1,-1,-1,-1
388,79,986.66,210.93,210.09,140.59,1,-1,-1,-1
389,72,1314.49,508.93,426.74,258.60,1,-1,-1,-1
389,77,690.75,184.81,131.60,90.59,1,-1,-1,-1
389,79,973.85,208.23,211.66,141.19,1,-1,-1,-1
390,72,1338.09,514.53,442.54,266.61,1,-1,-1,-1
390,77,683.08,182.45,130.17,89.90,1,-1,-1,-1
390,79,959.06,203.03,212.62,141.56,1,-1,-1,-1
391,72,1366.10,521.82,455.02,272.37,1,-1,-1,-1
391,77,671.88,180.26,129.13,89.18,1,-1,-1,-1
391,79,945.58,201.33,210.24,140.05,1,-1,-1,-1
392,72,1400.49,530.49,466.83,276.92,1,-1,-1,-1
392,79,934.02,201.41,206.22,137.50,1,-1,-1,-1
393,72,1424.95,538.62,480.84,284.73,1,-1,-1,-1
393,79,920.14,193.92,209.77,140.40,1,-1,-1,-1
394,72,1439.03,546.32,496.84,296.78,1,-1,-1,-1
394,79,907.47,192.25,208.19,139.44,1,-1,-1,-1
395,72,1451.66,553.87,507.97,308.61,1,-1,-1,-1
395,79,893.43,183.54,213.34,143.38,1,-1,-1,-1
396,72,1469.12,566.68,502.92,311.85,1,-1,-1,-1
396,79,882.40,180.49,212.08,143.41,1,-1,-1,-1
397,72,1491.24,574.53,511.91,317.42,1,-1,-1,-1
397,79,871.51,179.17,210.34,142.67,1,-1,-1,-1
398,79,860.35,179.47,207.10,141.05,1,-1,-1,-1
399,79,853.44,184.90,198.12,135.37,1,-1,-1,-1
400,79,843.16,183.60,196.72,134.85,1,-1,-1,-1
401,79,834.12,185.68,191.78,131.68,1,-1,-1,-1
402,79,823.85,182.87,192.25,132.21,1,-1,-1,-1
403,79,816.54,184.18,188.70,129.93,1,-1,-1,-1
404,79,807.89,185.11,184.59,127.06,1,-1,-1,-1
405,79,800.92,183.42,184.31,126.84,1,-1,-1,-1
406,79,792.98,182.83,182.81,126.08,1,-1,-1,-1
406,80,1575.74,335.44,270.89,165.59,1,-1,-1,-1
407,79,782.79,178.69,185.28,128.40,1,-1,-1,-1
407,80,1532.44,327.72,273.24,166.06,1,-1,-1,-1
408,79,778.16,181.74,179.94,124.71,1,-1,-1,-1
408,80,1494.42,321.64,269.55,162.82,1,-1,-1,-1
409,79,769.13,177.29,182.81,126.78,1,-1,-1,-1
409,80,1459.05,317.67,262.07,157.23,1,-1,-1,-1
