3,1,1142.74,62.94,211.43,134.51,1,-1,-1,-1
3,2,542.92,531.44,543.49,338.75,1,-1,-1,-1
3,3,1424.74,493.47,368.61,244.28,1,-1,-1,-1
4,1,1158.57,57.47,208.93,133.25,1,-1,-1,-1
4,2,587.52,545.54,552.40,344.07,1,-1,-1,-1
4,3,1409.95,487.12,370.02,245.02,1,-1,-1,-1
5,1,1173.53,51.06,207.32,132.97,1,-1,-1,-1
5,2,633.35,560.93,567.61,353.57,1,-1,-1,-1
5,3,1394.71,478.86,372.82,246.62,1,-1,-1,-1
6,1,1190.40,46.38,200.50,129.45,1,-1,-1,-1
6,2,678.60,578.08,580.05,361.35,1,-1,-1,-1
6,3,1382.33,473.28,374.17,247.38,1,-1,-1,-1
7,1,1204.85,42.18,194.44,126.45,1,-1,-1,-1
7,2,727.09,593.22,592.63,369.28,1,-1,-1,-1
7,3,1372.67,467.23,373.00,246.46,1,-1,-1,-1
8,1,1217.29,37.26,187.28,122.90,1,-1,-1,-1
8,2,776.92,605.95,611.52,382.13,1,-1,-1,-1
8,3,1358.86,459.38,373.25,246.25,1,-1,-1,-1
9,1,1229.69,32.58,178.84,118.71,1,-1,-1,-1
9,2,831.66,623.12,622.03,389.80,1,-1,-1,-1
9,3,1340.62,449.82,380.39,250.75,1,-1,-1,-1
10,1,1238.87,27.76,174.71,117.59,1,-1,-1,-1
10,2,889.85,643.06,629.39,395.86,1,-1,-1,-1
10,3,1324.50,441.43,382.78,251.44,1,-1,-1,-1
11,1,1244.88,21.68,173.53,118.55,1,-1,-1,-1
11,2,951.23,667.00,625.19,394.48,1,-1,-1,-1
11,3,1304.42,432.07,387.06,253.42,1,-1,-1,-1
12,1,1253.60,17.51,166.59,115.34,1,-1,-1,-1
12,2,1018.62,690.78,613.14,387.55,1,-1,-1,-1
12,3,1288.22,423.51,385.84,251.25,1,-1,-1,-1
12,6,988.73,0.22,187.75,113.41,1,-1,-1,-1
13,1,1260.67,14.16,162.25,113.64,1,-1,-1,-1
13,2,1097.08,717.23,583.02,368.04,1,-1,-1,-1
13,3,1274.17,413.08,385.06,248.57,1,-1,-1,-1
13,6,984.99,0.13,188.13,113.65,1,-1,-1,-1
14,1,1265.94,10.27,159.88,113.47,1,-1,-1,-1
14,2,1174.40,743.80,549.33,344.83,1,-1,-1,-1
14,3,1249.53,404.56,388.33,249.08,1,-1,-1,-1
14,6,984.07,0.08,188.31,113.64,1,-1,-1,-1
15,1,1274.96,5.87,157.41,111.71,1,-1,-1,-1
15,2,1250.83,768.33,513.91,320.93,1,-1,-1,-1
15,3,1223.51,393.11,392.49,250.22,1,-1,-1,-1
15,6,982.69,0.07,188.91,113.92,1,-1,-1,-1
16,2,1323.88,793.09,479.54,296.58,1,-1,-1,-1
16,3,1197.89,383.86,391.31,247.76,1,-1,-1,-1
16,6,980.80,0.09,189.48,114.13,1,-1,-1,-1
17,2,1384.00,813.02,468.73,289.90,1,-1,-1,-1
17,3,1172.02,375.22,387.57,243.52,1,-1,-1,-1
17,6,979.30,0.11,190.25,114.36,1,-1,-1,-1
18,3,1144.09,365.88,386.70,240.91,1,-1,-1,-1
18,6,977.99,0.09,190.34,114.42,1,-1,-1,-1
19,3,1115.62,356.11,385.94,238.64,1,-1,-1,-1
20,3,1088.34,346.03,384.84,235.90,1,-1,-1,-1
21,3,1059.18,334.79,383.30,232.95,1,-1,-1,-1
22,3,1033.47,326.47,376.97,226.98,1,-1,-1,-1
23,3,1004.11,317.61,375.44,223.98,1,-1,-1,-1
24,3,975.47,310.63,370.61,218.93,1,-1,-1,-1
25,3,944.79,302.93,369.17,216.61,1,-1,-1,-1
26,3,912.61,295.80,365.60,213.12,1,-1,-1,-1
27,3,883.41,289.61,360.63,208.74,1,-1,-1,-1
28,3,852.54,283.00,354.17,203.05,1,-1,-1,-1
29,3,822.76,275.29,349.15,198.33,1,-1,-1,-1
29,8,943.43,0.13,213.53,117.19,1,-1,-1,-1
30,3,793.86,267.70,344.94,194.47,1,-1,-1,-1
30,8,937.60,0.12,215.13,117.84,1,-1,-1,-1
31,3,761.53,261.36,344.03,192.60,1,-1,-1,-1
31,8,930.51,0.01,217.17,118.62,1,-1,-1,-1
32,3,730.55,257.36,339.41,188.21,1,-1,-1,-1
32,8,921.30,0.12,223.74,122.09,1,-1,-1,-1
33,3,698.75,253.03,334.36,183.99,1,-1,-1,-1
33,8,914.04,0.17,230.97,125.96,1,-1,-1,-1
34,3,669.67,249.10,329.19,179.95,1,-1,-1,-1
34,8,907.27,0.12,233.68,127.11,1,-1,-1,-1
35,3,639.45,246.33,322.26,175.06,1,-1,-1,-1
35,8,898.69,0.07,238.29,129.13,1,-1,-1,-1
36,3,609.91,243.98,314.00,169.51,1,-1,-1,-1
36,8,887.15,0.60,248.19,134.49,1,-1,-1,-1
37,3,578.94,242.22,311.21,167.18,1,-1,-1,-1
37,8,877.27,0.44,252.09,136.48,1,-1,-1,-1
38,3,548.98,242.86,304.18,162.35,1,-1,-1,-1
38,8,866.30,0.34,257.05,139.21,1,-1,-1,-1
39,3,518.79,242.41,299.97,159.44,1,-1,-1,-1
39,8,856.82,2.12,257.94,139.57,1,-1,-1,-1
40,3,492.51,242.54,295.64,156.46,1,-1,-1,-1
40,8,845.39,1.77,261.17,141.14,1,-1,-1,-1
41,3,461.49,243.77,291.79,153.76,1,-1,-1,-1
41,8,833.17,1.37,265.21,143.10,1,-1,-1,-1
41,9,45.88,533.53,306.03,203.61,1,-1,-1,-1
42,3,431.61,245.39,288.92,151.96,1,-1,-1,-1
42,8,822.55,4.41,264.75,142.26,1,-1,-1,-1
42,9,57.03,528.87,311.36,206.84,1,-1,-1,-1
43,3,399.06,247.29,287.82,151.33,1,-1,-1,-1
43,8,809.76,6.27,267.56,143.44,1,-1,-1,-1
43,9,72.32,526.62,312.31,206.84,1,-1,-1,-1
44,3,369.71,249.36,285.20,150.22,1,-1,-1,-1
44,8,796.47,8.69,271.43,145.32,1,-1,-1,-1
44,9,91.73,526.45,314.33,207.45,1,-1,-1,-1
45,3,342.38,252.07,282.72,149.29,1,-1,-1,-1
45,8,781.40,10.19,275.84,147.32,1,-1,-1,-1
45,9,113.07,528.04,313.94,205.97,1,-1,-1,-1
46,3,314.10,256.60,279.00,147.59,1,-1,-1,-1
46,8,766.62,12.52,277.02,147.86,1,-1,-1,-1
46,9,132.40,527.15,317.31,206.57,1,-1,-1,-1
47,3,286.11,261.26,275.06,146.56,1,-1,-1,-1
47,8,753.06,19.03,273.98,145.77,1,-1,-1,-1
47,9,151.03,526.53,323.61,208.95,1,-1,-1,-1
48,3,262.73,266.02,272.26,146.43,1,-1,-1,-1
48,8,739.36,23.41,270.34,143.07,1,-1,-1,-1
48,9,171.49,526.54,329.73,210.85,1,-1,-1,-1
49,3,237.32,271.90,270.18,146.59,1,-1,-1,-1
49,8,722.86,28.13,275.28,145.02,1,-1,-1,-1
49,9,191.26,527.54,337.90,213.84,1,-1,-1,-1
50,3,212.20,276.96,268.04,146.86,1,-1,-1,-1
50,8,704.25,29.76,281.27,147.78,1,-1,-1,-1
50,9,209.11,526.86,353.28,221.41,1,-1,-1,-1
51,3,189.29,283.43,263.59,146.05,1,-1,-1,-1
51,8,687.32,34.61,286.81,150.40,1,-1,-1,-1
51,9,234.45,530.28,364.94,226.36,1,-1,-1,-1
52,3,164.30,289.20,263.72,148.16,1,-1,-1,-1
52,8,669.13,38.64,289.70,151.95,1,-1,-1,-1
52,9,255.61,531.16,380.33,233.66,1,-1,-1,-1
53,3,140.56,297.02,258.67,147.26,1,-1,-1,-1
53,8,652.81,44.94,287.34,150.54,1,-1,-1,-1
53,9,278.49,533.60,398.05,243.14,1,-1,-1,-1
54,3,115.04,304.19,257.87,148.61,1,-1,-1,-1
54,8,633.56,47.05,290.94,152.69,1,-1,-1,-1
54,9,302.50,536.11,414.41,251.74,1,-1,-1,-1
55,3,86.38,307.82,265.17,155.07,1,-1,-1,-1
55,8,615.62,48.45,294.38,154.73,1,-1,-1,-1
55,9,329.54,537.83,435.75,263.85,1,-1,-1,-1
56,3,58.73,311.65,265.26,155.12,1,-1,-1,-1
56,8,595.11,49.79,298.28,156.84,1,-1,-1,-1
56,9,359.77,540.76,456.61,275.86,1,-1,-1,-1
57,8,575.45,60.69,291.27,153.16,1,-1,-1,-1
57,9,389.62,543.97,481.50,291.17,1,-1,-1,-1
58,8,549.00,64.74,295.13,155.24,1,-1,-1,-1
58,9,422.67,549.38,498.62,301.77,1,-1,-1,-1
58,11,58.85,362.93,308.48,212.69,1,-1,-1,-1
59,8,526.43,74.48,292.41,153.70,1,-1,-1,-1
59,9,458.42,563.01,511.95,309.68,1,-1,-1,-1
59,11,76.07,360.26,308.42,212.16,1,-1,-1,-1
60,8,501.01,81.53,296.74,156.03,1,-1,-1,-1
60,9,496.49,573.22,525.39,317.34,1,-1,-1,-1
60,11,93.57,354.89,311.35,213.24,1,-1,-1,-1
61,8,480.11,86.77,298.75,156.99,1,-1,-1,-1
61,9,533.27,580.61,545.41,329.21,1,-1,-1,-1
61,11,118.06,345.05,317.59,216.38,1,-1,-1,-1
62,8,449.99,85.60,309.41,163.39,1,-1,-1,-1
62,9,571.42,586.17,569.18,343.68,1,-1,-1,-1
62,11,144.71,335.25,323.66,219.27,1,-1,-1,-1
63,8,425.87,87.65,314.11,166.44,1,-1,-1,-1
63,9,615.93,596.09,591.06,357.77,1,-1,-1,-1
63,11,173.79,324.33,327.17,220.33,1,-1,-1,-1
64,8,397.28,94.99,317.17,168.67,1,-1,-1,-1
64,9,661.88,609.31,602.41,364.84,1,-1,-1,-1
64,11,204.19,311.93,334.20,223.77,1,-1,-1,-1
65,8,363.95,102.14,327.16,175.09,1,-1,-1,-1
65,9,709.90,621.37,620.17,376.86,1,-1,-1,-1
65,11,237.58,297.29,343.40,228.57,1,-1,-1,-1
66,8,338.95,110.47,326.81,176.17,1,-1,-1,-1
66,9,763.98,638.84,629.35,383.95,1,-1,-1,-1
66,11,276.54,286.59,339.97,223.72,1,-1,-1,-1
67,8,316.23,115.07,328.71,179.16,1,-1,-1,-1
67,9,822.37,657.97,633.36,387.69,1,-1,-1,-1
67,11,311.69,271.70,343.08,223.37,1,-1,-1,-1
68,8,289.49,123.42,328.98,181.63,1,-1,-1,-1
68,9,885.47,680.09,630.10,386.59,1,-1,-1,-1
68,11,345.36,255.36,351.63,226.68,1,-1,-1,-1
69,8,259.22,136.81,332.83,186.46,1,-1,-1,-1
69,9,953.90,703.90,613.97,376.34,1,-1,-1,-1
69,11,383.43,242.96,356.02,226.68,1,-1,-1,-1
70,8,231.99,148.40,329.35,187.52,1,-1,-1,-1
70,9,1029.38,728.73,586.78,357.15,1,-1,-1,-1
70,11,425.86,227.75,361.19,227.72,1,-1,-1,-1
71,8,206.56,157.50,326.10,188.58,1,-1,-1,-1
71,9,1074.04,740.51,591.97,360.30,1,-1,-1,-1
71,11,473.75,215.62,360.84,225.18,1,-1,-1,-1
72,8,181.69,165.88,324.22,190.77,1,-1,-1,-1
72,11,519.37,205.69,356.76,219.79,1,-1,-1,-1
73,8,156.19,180.29,319.54,191.46,1,-1,-1,-1
73,11,561.64,191.40,354.34,215.49,1,-1,-1,-1
74,8,128.40,186.75,325.13,199.02,1,-1,-1,-1
74,11,607.48,178.61,353.02,212.18,1,-1,-1,-1
75,8,101.34,192.95,324.93,202.50,1,-1,-1,-1
75,11,652.22,166.16,349.63,207.49,1,-1,-1,-1
76,8,81.13,205.06,316.90,200.92,1,-1,-1,-1
76,11,696.59,154.51,344.02,201.31,1,-1,-1,-1
77,8,62.98,222.12,308.01,198.31,1,-1,-1,-1
77,11,740.65,143.06,342.01,197.71,1,-1,-1,-1
78,8,46.29,233.68,301.59,197.14,1,-1,-1,-1
78,11,785.35,133.72,333.78,190.82,1,-1,-1,-1
78,13,1515.09,526.18,358.16,279.13,1,-1,-1,-1
79,8,29.97,248.54,296.02,196.70,1,-1,-1,-1
79,11,825.96,125.07,326.83,184.70,1,-1,-1,-1
79,13,1496.09,516.48,351.77,272.91,1,-1,-1,-1
80,8,10.92,259.42,295.59,199.86,1,-1,-1,-1
80,11,865.49,116.03,318.70,178.73,1,-1,-1,-1
80,13,1473.50,505.38,353.53,272.66,1,-1,-1,-1
81,8,-3.25,272.88,285.38,196.04,1,-1,-1,-1
81,11,905.53,106.37,310.78,173.25,1,-1,-1,-1
81,13,1443.12,489.99,360.83,276.47,1,-1,-1,-1
82,8,-26.37,283.07,286.70,196.95,1,-1,-1,-1
82,11,940.01,97.60,306.04,170.36,1,-1,-1,-1
82,13,1414.56,477.00,360.97,273.95,1,-1,-1,-1
83,11,977.95,88.59,293.70,163.50,1,-1,-1,-1
83,13,1386.31,463.78,365.02,274.54,1,-1,-1,-1
84,11,1013.54,82.32,278.87,155.11,1,-1,-1,-1
84,13,1358.89,450.93,364.28,270.69,1,-1,-1,-1
85,11,1044.27,75.73,269.34,150.43,1,-1,-1,-1
85,13,1331.23,437.23,364.05,266.86,1,-1,-1,-1
86,11,1070.37,69.35,261.88,147.25,1,-1,-1,-1
86,13,1299.32,423.30,370.29,267.98,1,-1,-1,-1
87,11,1095.56,61.01,255.54,145.07,1,-1,-1,-1
87,13,1265.59,406.56,372.34,265.76,1,-1,-1,-1
88,11,1118.98,51.44,251.70,144.63,1,-1,-1,-1
88,13,1227.31,389.41,377.05,264.65,1,-1,-1,-1
89,11,1141.27,46.26,242.83,141.69,1,-1,-1,-1
89,13,1189.17,375.06,379.97,262.69,1,-1,-1,-1
90,11,1161.77,42.62,233.16,138.20,1,-1,-1,-1
90,13,1149.13,361.85,382.48,260.83,1,-1,-1,-1
91,11,1183.14,39.94,220.76,132.96,1,-1,-1,-1
91,13,1109.76,342.87,386.66,260.18,1,-1,-1,-1
92,11,1205.04,37.08,206.07,126.12,1,-1,-1,-1
92,13,1072.19,328.82,388.72,258.23,1,-1,-1,-1
93,11,1221.97,31.61,194.87,121.32,1,-1,-1,-1
93,13,1038.55,317.13,386.21,253.56,1,-1,-1,-1
94,11,1234.13,26.00,189.19,120.26,1,-1,-1,-1
94,13,1003.61,305.66,381.68,247.27,1,-1,-1,-1
95,11,1244.41,20.36,186.26,121.09,1,-1,-1,-1
95,13,967.98,294.09,380.56,243.86,1,-1,-1,-1
96,11,1253.84,14.70,182.50,121.32,1,-1,-1,-1
96,13,934.18,284.88,375.08,237.84,1,-1,-1,-1
97,11,1263.69,10.22,174.85,118.40,1,-1,-1,-1
97,13,898.91,275.51,369.42,231.77,1,-1,-1,-1
98,11,1272.71,7.10,167.54,115.43,1,-1,-1,-1
98,13,863.09,265.41,366.30,227.45,1,-1,-1,-1
99,11,1279.99,4.00,161.60,113.11,1,-1,-1,-1
99,13,827.43,255.75,359.99,221.42,1,-1,-1,-1
100,11,1287.03,1.26,158.29,112.60,1,-1,-1,-1
100,13,796.74,247.52,352.51,214.28,1,-1,-1,-1
101,11,1294.43,-0.70,151.93,109.72,1,-1,-1,-1
101,13,761.71,241.86,345.73,207.94,1,-1,-1,-1
102,11,1307.36,-5.27,148.47,107.23,1,-1,-1,-1
102,13,725.91,234.42,342.74,204.05,1,-1,-1,-1
103,13,691.14,227.93,336.69,198.39,1,-1,-1,-1
104,13,658.54,223.95,330.66,192.73,1,-1,-1,-1
105,13,626.21,220.22,323.19,186.60,1,-1,-1,-1
106,13,593.77,218.79,315.63,180.41,1,-1,-1,-1
107,13,563.43,217.37,309.89,175.33,1,-1,-1,-1
108,13,531.47,214.63,306.81,172.13,1,-1,-1,-1
109,13,501.07,214.38,301.16,167.66,1,-1,-1,-1
110,13,472.13,216.07,294.88,162.99,1,-1,-1,-1
111,13,438.40,216.66,292.59,160.57,1,-1,-1,-1
112,13,405.19,217.12,293.45,160.67,1,-1,-1,-1
113,13,375.81,219.51,292.11,159.94,1,-1,-1,-1
114,13,347.12,222.46,291.89,160.33,1,-1,-1,-1
115,13,317.65,226.94,290.91,160.43,1,-1,-1,-1
116,13,290.37,232.13,288.32,159.99,1,-1,-1,-1
117,13,262.54,237.36,286.50,160.46,1,-1,-1,-1
117,14,32.99,451.74,365.58,240.07,1,-1,-1,-1
118,13,233.49,242.26,286.99,162.65,1,-1,-1,-1
118,14,82.32,435.92,372.00,244.13,1,-1,-1,-1
119,13,207.38,249.04,285.45,163.93,1,-1,-1,-1
119,14,108.74,423.20,377.32,246.81,1,-1,-1,-1
120,13,181.18,255.28,283.39,164.56,1,-1,-1,-1
120,14,138.28,411.76,382.84,249.30,1,-1,-1,-1
121,13,157.84,264.54,279.53,164.38,1,-1,-1,-1
121,14,166.96,396.47,392.17,253.94,1,-1,-1,-1
122,13,133.41,272.09,276.55,165.06,1,-1,-1,-1
122,14,198.19,381.27,399.35,256.39,1,-1,-1,-1
123,13,110.66,280.64,276.52,167.45,1,-1,-1,-1
123,14,226.00,364.87,410.83,260.69,1,-1,-1,-1
124,13,87.23,288.32,273.83,168.35,1,-1,-1,-1
124,14,252.20,346.50,428.96,269.13,1,-1,-1,-1
125,13,65.97,296.70,267.39,167.02,1,-1,-1,-1
125,14,299.05,333.22,425.19,263.37,1,-1,-1,-1
126,13,47.69,306.18,260.79,165.52,1,-1,-1,-1
126,14,338.02,317.71,436.25,267.57,1,-1,-1,-1
127,13,29.03,315.01,257.05,166.08,1,-1,-1,-1
127,14,383.82,305.30,445.96,271.44,1,-1,-1,-1
128,13,14.55,325.88,252.95,166.65,1,-1,-1,-1
128,14,429.29,294.47,447.39,269.85,1,-1,-1,-1
129,13,-10.68,332.13,252.54,166.38,1,-1,-1,-1
129,14,472.74,282.83,447.97,268.21,1,-1,-1,-1
130,14,520.28,269.19,446.70,265.57,1,-1,-1,-1
131,14,567.39,253.70,445.77,263.44,1,-1,-1,-1
131,15,27.41,424.05,257.69,186.75,1,-1,-1,-1
132,14,613.84,243.27,441.80,259.36,1,-1,-1,-1
132,15,27.26,413.17,259.11,186.86,1,-1,-1,-1
133,14,661.31,229.70,440.64,257.29,1,-1,-1,-1
133,15,52.27,409.16,249.06,179.15,1,-1,-1,-1
134,14,709.90,216.33,431.96,250.61,1,-1,-1,-1
134,15,72.63,403.10,244.14,174.68,1,-1,-1,-1
135,14,758.64,207.21,422.51,243.69,1,-1,-1,-1
135,15,90.66,393.60,243.04,172.61,1,-1,-1,-1
136,14,806.15,196.27,412.47,236.85,1,-1,-1,-1
136,15,106.26,385.84,248.38,175.31,1,-1,-1,-1
137,14,853.72,184.06,399.84,228.97,1,-1,-1,-1
137,15,125.35,374.69,254.09,179.07,1,-1,-1,-1
138,14,900.83,176.23,379.81,217.10,1,-1,-1,-1
138,15,143.37,363.58,258.35,181.26,1,-1,-1,-1
139,14,945.48,165.73,367.79,210.18,1,-1,-1,-1
139,15,164.91,352.96,258.01,179.84,1,-1,-1,-1
140,14,986.17,154.85,354.79,203.13,1,-1,-1,-1
140,15,186.08,341.08,259.12,179.36,1,-1,-1,-1
141,14,1025.25,146.11,337.94,194.17,1,-1,-1,-1
141,15,206.33,328.38,267.21,184.28,1,-1,-1,-1
142,14,1063.01,135.89,321.87,185.70,1,-1,-1,-1
142,15,230.42,315.54,273.46,187.77,1,-1,-1,-1
143,14,1097.25,128.25,308.93,179.50,1,-1,-1,-1
143,15,261.45,303.24,271.20,184.57,1,-1,-1,-1
144,14,1125.94,120.20,300.42,176.54,1,-1,-1,-1
144,15,291.20,290.76,274.26,185.10,1,-1,-1,-1
145,14,1153.00,112.16,290.64,172.88,1,-1,-1,-1
145,15,324.75,281.26,274.86,183.09,1,-1,-1,-1
146,14,1180.33,107.35,274.57,165.20,1,-1,-1,-1
146,15,356.50,270.57,275.21,180.79,1,-1,-1,-1
147,14,1205.30,100.97,260.84,159.24,1,-1,-1,-1
147,15,390.30,258.43,276.13,179.12,1,-1,-1,-1
148,14,1228.95,94.08,247.67,153.79,1,-1,-1,-1
148,15,428.59,245.52,281.14,179.57,1,-1,-1,-1
148,16,1677.39,671.46,222.53,237.11,1,-1,-1,-1
149,14,1250.35,86.25,235.77,148.94,1,-1,-1,-1
149,15,467.15,233.46,280.88,176.69,1,-1,-1,-1
149,16,1664.57,662.13,226.93,239.75,1,-1,-1,-1
150,14,1270.28,79.36,224.11,144.20,1,-1,-1,-1
150,15,505.41,221.74,282.06,174.68,1,-1,-1,-1
150,16,1644.81,652.55,233.03,243.08,1,-1,-1,-1
151,14,1284.53,71.19,215.34,141.47,1,-1,-1,-1
151,15,541.94,209.89,285.56,174.71,1,-1,-1,-1
151,16,1621.96,641.29,241.66,248.11,1,-1,-1,-1
152,14,1296.51,65.32,208.00,140.00,1,-1,-1,-1
152,15,579.33,198.31,287.59,173.72,1,-1,-1,-1
152,16,1595.57,631.59,248.66,250.64,1,-1,-1,-1
153,14,1309.06,60.54,198.03,136.37,1,-1,-1,-1
153,15,622.48,187.75,282.18,168.16,1,-1,-1,-1
153,16,1564.82,622.49,252.27,248.67,1,-1,-1,-1
154,14,1319.51,55.13,191.49,134.90,1,-1,-1,-1
154,15,661.44,177.48,281.67,165.75,1,-1,-1,-1
154,16,1534.80,615.63,252.00,241.70,1,-1,-1,-1
155,14,1328.47,50.37,186.58,134.42,1,-1,-1,-1
155,15,701.63,167.83,278.95,161.95,1,-1,-1,-1
155,16,1495.18,600.24,262.10,244.88,1,-1,-1,-1
156,14,1339.31,45.47,175.34,128.75,1,-1,-1,-1
156,15,740.03,159.39,276.19,157.97,1,-1,-1,-1
156,16,1452.51,581.74,275.34,250.71,1,-1,-1,-1
157,14,1345.83,40.30,167.72,125.36,1,-1,-1,-1
157,15,780.60,149.32,273.00,153.92,1,-1,-1,-1
157,16,1408.67,564.90,286.34,253.44,1,-1,-1,-1
157,17,1019.69,-0.00,173.12,110.06,1,-1,-1,-1
158,14,1350.37,35.09,163.45,124.49,1,-1,-1,-1
158,15,819.77,138.67,273.21,152.41,1,-1,-1,-1
158,16,1364.93,549.38,293.47,251.62,1,-1,-1,-1
158,17,1016.91,0.06,174.28,110.79,1,-1,-1,-1
159,14,1355.76,30.38,156.79,121.55,1,-1,-1,-1
159,15,860.94,131.65,264.67,146.07,1,-1,-1,-1
159,16,1320.57,532.23,302.44,251.23,1,-1,-1,-1
160,14,1360.30,25.97,151.85,119.51,1,-1,-1,-1
160,15,896.11,123.03,260.15,142.51,1,-1,-1,-1
160,16,1264.37,513.14,312.56,250.77,1,-1,-1,-1
161,14,1363.80,21.38,148.57,118.62,1,-1,-1,-1
161,15,929.50,115.96,255.86,139.68,1,-1,-1,-1
161,16,1215.57,495.83,322.48,250.94,1,-1,-1,-1
162,14,1366.05,16.54,145.46,117.59,1,-1,-1,-1
162,15,966.77,110.11,249.20,135.76,1,-1,-1,-1
162,16,1163.43,477.19,328.20,247.41,1,-1,-1,-1
162,18,997.24,0.17,188.14,115.83,1,-1,-1,-1
163,14,1365.47,11.58,145.15,118.81,1,-1,-1,-1
163,15,998.03,103.56,243.33,132.43,1,-1,-1,-1
163,16,1112.73,459.59,333.26,243.39,1,-1,-1,-1
163,18,995.19,0.17,188.31,115.81,1,-1,-1,-1
164,14,1373.05,6.07,142.52,116.66,1,-1,-1,-1
164,15,1025.22,95.81,238.95,130.08,1,-1,-1,-1
164,16,1059.03,442.22,340.32,241.84,1,-1,-1,-1
164,18,993.42,0.26,190.81,117.20,1,-1,-1,-1
165,15,1050.59,87.32,236.71,129.44,1,-1,-1,-1
165,16,1011.94,425.83,340.39,234.76,1,-1,-1,-1
165,18,991.42,0.28,191.68,117.73,1,-1,-1,-1
166,15,1075.53,82.72,228.94,125.52,1,-1,-1,-1
166,16,960.71,410.73,342.15,229.88,1,-1,-1,-1
167,15,1100.09,77.69,220.95,121.88,1,-1,-1,-1
167,16,907.34,393.40,347.84,228.80,1,-1,-1,-1
168,15,1122.73,72.01,217.79,120.96,1,-1,-1,-1
168,16,858.86,378.97,350.39,226.09,1,-1,-1,-1
169,15,1147.15,68.96,209.98,117.71,1,-1,-1,-1
169,16,816.30,368.24,345.87,219.05,1,-1,-1,-1
169,19,971.34,0.50,203.63,119.48,1,-1,-1,-1
170,15,1165.10,62.58,206.21,117.12,1,-1,-1,-1
170,16,768.88,355.00,344.55,215.07,1,-1,-1,-1
170,19,968.92,0.56,203.17,119.32,1,-1,-1,-1
171,15,1182.30,56.95,202.88,117.12,1,-1,-1,-1
171,16,721.95,341.99,343.41,211.70,1,-1,-1,-1
171,19,964.44,0.60,203.48,119.52,1,-1,-1,-1
172,15,1201.11,52.61,194.37,113.99,1,-1,-1,-1
172,16,680.29,331.19,335.22,203.84,1,-1,-1,-1
172,19,960.10,0.67,203.62,119.40,1,-1,-1,-1
173,15,1216.87,47.86,187.55,111.47,1,-1,-1,-1
173,16,636.14,321.07,327.23,196.70,1,-1,-1,-1
173,19,951.81,0.63,205.83,120.33,1,-1,-1,-1
174,15,1230.71,44.01,181.28,109.45,1,-1,-1,-1
174,16,593.98,312.60,319.71,190.36,1,-1,-1,-1
174,19,944.56,0.71,206.01,120.06,1,-1,-1,-1
175,15,1241.11,39.00,175.13,107.61,1,-1,-1,-1
175,16,550.45,305.57,315.00,186.37,1,-1,-1,-1
175,19,935.09,0.82,211.79,123.25,1,-1,-1,-1
176,15,1252.07,34.79,170.11,106.51,1,-1,-1,-1
176,16,512.29,298.96,304.07,178.74,1,-1,-1,-1
176,19,926.88,0.88,217.10,126.11,1,-1,-1,-1
177,15,1260.69,30.05,167.16,106.60,1,-1,-1,-1
177,16,478.87,296.72,286.89,167.20,1,-1,-1,-1
177,19,918.52,1.94,220.51,127.84,1,-1,-1,-1
178,15,1268.06,24.47,165.13,107.31,1,-1,-1,-1
178,16,440.73,293.52,279.23,161.88,1,-1,-1,-1
178,19,907.04,1.81,223.93,129.39,1,-1,-1,-1
179,15,1275.72,20.21,159.77,105.60,1,-1,-1,-1
179,16,402.39,289.61,273.53,157.76,1,-1,-1,-1
179,19,894.85,3.18,229.91,132.51,1,-1,-1,-1
180,15,1280.92,16.07,156.65,105.36,1,-1,-1,-1
180,16,368.92,289.11,265.59,152.60,1,-1,-1,-1
180,19,885.81,5.74,231.86,133.13,1,-1,-1,-1
181,15,1294.50,10.88,154.62,104.00,1,-1,-1,-1
181,16,335.20,289.56,259.53,149.04,1,-1,-1,-1
181,19,875.45,9.37,231.02,131.84,1,-1,-1,-1
182,16,299.80,291.29,253.29,145.80,1,-1,-1,-1
182,19,861.85,12.51,232.78,132.03,1,-1,-1,-1
183,16,268.44,293.25,248.24,143.66,1,-1,-1,-1
183,19,849.40,14.88,234.48,132.01,1,-1,-1,-1
184,16,237.92,298.00,241.01,140.44,1,-1,-1,-1
184,19,836.99,19.97,233.87,130.54,1,-1,-1,-1
185,16,208.03,303.75,233.62,137.21,1,-1,-1,-1
185,19,821.05,22.72,237.97,131.55,1,-1,-1,-1
186,16,179.01,309.40,229.63,136.19,1,-1,-1,-1
186,19,805.60,26.18,242.17,132.80,1,-1,-1,-1
187,16,150.43,314.37,227.09,136.08,1,-1,-1,-1
187,19,788.94,30.76,243.59,132.48,1,-1,-1,-1
188,16,125.54,325.49,218.59,132.24,1,-1,-1,-1
188,19,768.93,33.99,247.07,133.30,1,-1,-1,-1
189,16,100.43,332.95,214.83,131.39,1,-1,-1,-1
189,19,747.82,36.56,253.00,135.73,1,-1,-1,-1
190,16,72.31,339.35,220.23,136.69,1,-1,-1,-1
190,19,726.54,38.78,261.33,139.73,1,-1,-1,-1
191,16,49.85,351.23,213.81,134.64,1,-1,-1,-1
191,19,705.45,43.33,266.66,141.98,1,-1,-1,-1
192,16,26.20,359.31,214.51,137.59,1,-1,-1,-1
192,19,686.75,49.24,266.49,141.24,1,-1,-1,-1
193,16,-4.19,363.58,212.33,136.19,1,-1,-1,-1
193,19,664.72,51.98,270.38,143.21,1,-1,-1,-1
194,19,644.31,57.16,268.78,142.17,1,-1,-1,-1
195,19,624.30,62.19,268.90,141.98,1,-1,-1,-1
196,19,601.21,69.30,266.12,140.11,1,-1,-1,-1
197,19,572.67,72.44,272.85,143.92,1,-1,-1,-1
198,19,541.11,76.50,278.72,147.43,1,-1,-1,-1
199,19,516.17,84.06,278.28,147.38,1,-1,-1,-1
200,19,490.36,91.53,278.53,147.78,1,-1,-1,-1
201,19,463.67,97.40,279.22,148.51,1,-1,-1,-1
202,19,435.16,102.15,282.44,150.84,1,-1,-1,-1
203,19,403.90,106.86,291.24,156.71,1,-1,-1,-1
203,20,1060.74,-0.38,158.73,98.99,1,-1,-1,-1
204,19,369.34,107.63,305.10,166.30,1,-1,-1,-1
204,20,1056.36,-0.32,161.91,101.15,1,-1,-1,-1
205,19,342.62,113.78,306.10,169.20,1,-1,-1,-1
205,20,1054.00,-0.28,162.98,102.01,1,-1,-1,-1
205,21,30.23,347.63,333.00,222.18,1,-1,-1,-1
206,19,316.72,122.67,301.79,169.08,1,-1,-1,-1
206,20,1051.83,-0.24,164.31,103.06,1,-1,-1,-1
206,21,44.35,333.82,345.77,231.12,1,-1,-1,-1
207,19,290.96,138.51,291.64,165.23,1,-1,-1,-1
207,20,1049.18,-0.20,166.14,104.21,1,-1,-1,-1
207,21,62.22,320.11,356.06,238.37,1,-1,-1,-1
208,19,264.50,149.99,286.08,163.69,1,-1,-1,-1
208,21,90.55,308.62,355.67,238.10,1,-1,-1,-1
209,19,237.86,161.82,278.08,160.49,1,-1,-1,-1
209,21,116.04,292.29,364.69,244.35,1,-1,-1,-1
209,22,29.45,553.10,255.44,188.69,1,-1,-1,-1
