3,1,1241.24,163.30,152.19,142.17,1,-1,-1,-1
3,2,1429.33,206.89,316.17,260.25,1,-1,-1,-1
4,1,1241.57,163.21,151.78,141.77,1,-1,-1,-1
4,2,1438.87,206.46,310.45,255.59,1,-1,-1,-1
5,1,1242.16,162.63,151.36,141.37,1,-1,-1,-1
5,2,1446.99,204.84,305.07,251.15,1,-1,-1,-1
6,1,1242.66,162.58,150.03,140.06,1,-1,-1,-1
6,2,1455.30,203.28,299.29,246.41,1,-1,-1,-1
7,1,1243.05,162.33,149.86,139.89,1,-1,-1,-1
7,2,1462.26,201.12,293.83,241.89,1,-1,-1,-1
7,3,636.47,196.33,224.41,191.75,1,-1,-1,-1
8,1,1243.53,162.24,149.93,139.96,1,-1,-1,-1
8,2,1469.98,200.95,287.32,236.48,1,-1,-1,-1
8,3,629.51,198.25,226.41,193.12,1,-1,-1,-1
9,1,1243.74,162.85,149.49,139.54,1,-1,-1,-1
9,2,1475.91,200.21,284.14,233.83,1,-1,-1,-1
9,3,622.95,199.04,228.80,194.85,1,-1,-1,-1
10,1,1244.10,163.21,149.06,139.14,1,-1,-1,-1
10,2,1483.84,198.45,279.11,229.59,1,-1,-1,-1
10,3,616.88,199.68,231.59,196.79,1,-1,-1,-1
11,1,1244.73,162.09,148.70,138.88,1,-1,-1,-1
11,2,1491.35,197.63,272.94,224.62,1,-1,-1,-1
11,3,609.35,199.55,235.70,199.92,1,-1,-1,-1
12,1,1245.42,161.51,147.55,137.79,1,-1,-1,-1
12,2,1498.85,194.78,271.04,223.13,1,-1,-1,-1
12,3,605.79,198.82,241.30,203.71,1,-1,-1,-1
13,1,1246.14,161.54,146.87,137.14,1,-1,-1,-1
13,2,1504.71,192.69,267.84,220.30,1,-1,-1,-1
13,3,600.72,199.38,243.56,205.62,1,-1,-1,-1
14,1,1246.36,161.46,146.95,137.22,1,-1,-1,-1
14,2,1510.12,192.67,261.97,215.09,1,-1,-1,-1
15,1,1246.13,161.77,147.48,137.76,1,-1,-1,-1
15,2,1512.23,190.31,261.23,214.68,1,-1,-1,-1
16,1,1246.13,162.24,147.52,137.86,1,-1,-1,-1
16,2,1514.96,188.97,258.98,213.00,1,-1,-1,-1
17,1,1246.19,162.51,147.46,137.85,1,-1,-1,-1
17,2,1518.62,188.45,255.45,210.28,1,-1,-1,-1
18,1,1246.31,162.82,147.10,137.49,1,-1,-1,-1
18,2,1521.14,187.67,253.12,208.65,1,-1,-1,-1
19,1,1246.97,162.82,145.94,136.15,1,-1,-1,-1
19,2,1523.08,186.31,249.52,205.65,1,-1,-1,-1
20,1,1247.36,162.51,145.08,135.03,1,-1,-1,-1
20,2,1525.63,184.21,246.43,203.08,1,-1,-1,-1
21,1,1248.13,162.24,144.52,134.23,1,-1,-1,-1
21,2,1529.25,184.91,242.26,199.72,1,-1,-1,-1
22,1,1248.44,162.36,144.44,133.85,1,-1,-1,-1
22,2,1529.97,182.97,241.43,199.30,1,-1,-1,-1
22,5,508.41,206.29,288.81,229.72,1,-1,-1,-1
23,1,1248.79,163.23,144.29,133.38,1,-1,-1,-1
23,2,1532.47,183.59,237.96,196.47,1,-1,-1,-1
23,5,501.53,207.95,293.14,233.54,1,-1,-1,-1
24,1,1248.49,163.53,145.09,133.95,1,-1,-1,-1
24,2,1534.36,184.28,234.00,193.09,1,-1,-1,-1
24,5,495.77,211.65,292.27,233.37,1,-1,-1,-1
25,1,1248.35,163.51,145.47,134.18,1,-1,-1,-1
25,2,1535.68,184.94,230.64,190.05,1,-1,-1,-1
25,5,487.27,212.49,295.63,236.47,1,-1,-1,-1
26,1,1248.52,163.27,145.15,133.67,1,-1,-1,-1
26,2,1533.86,181.02,231.37,190.56,1,-1,-1,-1
26,5,477.40,212.90,299.32,239.68,1,-1,-1,-1
27,1,1249.10,162.89,144.58,132.89,1,-1,-1,-1
27,2,1531.90,178.13,231.03,190.29,1,-1,-1,-1
27,5,465.92,213.27,301.57,241.90,1,-1,-1,-1
28,1,1249.01,162.68,144.09,132.23,1,-1,-1,-1
28,2,1530.81,177.39,228.43,187.87,1,-1,-1,-1
28,5,456.98,214.03,304.52,244.96,1,-1,-1,-1
29,1,1249.02,162.20,144.11,132.05,1,-1,-1,-1
29,2,1532.53,176.21,225.82,185.71,1,-1,-1,-1
29,5,446.48,215.15,308.43,249.25,1,-1,-1,-1
30,1,1249.07,162.25,143.98,131.73,1,-1,-1,-1
30,5,436.32,216.07,313.17,254.21,1,-1,-1,-1
31,1,1248.50,162.63,143.52,131.13,1,-1,-1,-1
31,5,426.93,219.37,313.72,255.12,1,-1,-1,-1
32,1,1248.06,162.66,143.67,131.11,1,-1,-1,-1
32,5,417.89,222.89,313.31,254.92,1,-1,-1,-1
33,1,1248.08,162.78,143.59,130.94,1,-1,-1,-1
33,5,403.40,222.81,318.74,259.41,1,-1,-1,-1
34,1,1248.13,162.64,143.68,130.91,1,-1,-1,-1
34,5,392.10,226.47,318.22,258.92,1,-1,-1,-1
35,1,1248.30,162.57,143.24,130.38,1,-1,-1,-1
35,5,376.55,226.83,325.05,264.54,1,-1,-1,-1
36,1,1247.90,162.68,143.05,130.02,1,-1,-1,-1
36,5,364.72,229.91,327.11,265.63,1,-1,-1,-1
37,1,1247.85,162.88,142.95,129.87,1,-1,-1,-1
37,5,351.16,230.14,332.55,270.13,1,-1,-1,-1
38,1,1248.15,163.58,142.49,129.34,1,-1,-1,-1
38,5,341.38,232.10,333.16,270.43,1,-1,-1,-1
39,1,1247.73,163.27,142.99,129.74,1,-1,-1,-1
39,5,331.60,236.37,335.07,271.45,1,-1,-1,-1
40,1,1247.53,162.93,143.09,129.77,1,-1,-1,-1
40,5,318.45,239.12,339.48,274.62,1,-1,-1,-1
41,1,1247.67,162.75,142.90,129.64,1,-1,-1,-1
41,5,302.99,239.35,347.43,281.04,1,-1,-1,-1
42,1,1247.35,162.12,142.96,129.78,1,-1,-1,-1
42,5,287.65,239.93,354.29,286.56,1,-1,-1,-1
43,1,1247.66,162.32,142.25,129.10,1,-1,-1,-1
43,5,273.93,242.26,360.02,291.18,1,-1,-1,-1
44,1,1247.23,162.55,141.62,128.44,1,-1,-1,-1
44,5,259.45,245.34,364.20,294.25,1,-1,-1,-1
44,12,608.07,609.04,1250.11,465.04,1,-1,-1,-1
45,1,1246.94,162.38,141.32,128.12,1,-1,-1,-1
45,5,245.48,247.76,368.16,297.09,1,-1,-1,-1
45,12,645.66,575.46,1320.90,497.66,1,-1,-1,-1
46,1,1247.05,162.52,141.15,127.88,1,-1,-1,-1
46,5,229.94,251.05,373.65,301.72,1,-1,-1,-1
46,12,688.65,545.27,1371.25,526.30,1,-1,-1,-1
46,13,609.62,195.47,245.31,211.15,1,-1,-1,-1
47,1,1246.73,162.97,140.91,127.56,1,-1,-1,-1
47,5,210.26,252.30,382.33,308.87,1,-1,-1,-1
47,12,733.91,518.95,1399.11,549.81,1,-1,-1,-1
47,13,603.79,197.55,246.30,211.94,1,-1,-1,-1
48,1,1246.21,162.92,140.77,127.33,1,-1,-1,-1
48,5,189.76,255.07,389.52,314.28,1,-1,-1,-1
48,12,777.33,493.02,1414.63,572.29,1,-1,-1,-1
48,13,597.54,197.94,249.76,214.91,1,-1,-1,-1
49,1,1246.44,162.88,140.55,127.08,1,-1,-1,-1
49,5,175.31,258.87,391.87,315.76,1,-1,-1,-1
49,12,843.23,467.74,1374.83,574.55,1,-1,-1,-1
49,13,592.07,200.69,249.60,214.65,1,-1,-1,-1
50,1,1246.39,162.21,141.09,127.51,1,-1,-1,-1
50,5,161.09,262.08,395.81,318.76,1,-1,-1,-1
50,12,916.12,439.79,1310.23,566.64,1,-1,-1,-1
50,13,583.27,200.47,256.02,220.03,1,-1,-1,-1
51,1,1246.07,161.82,141.27,127.59,1,-1,-1,-1
51,5,144.14,264.69,400.00,321.97,1,-1,-1,-1
51,12,990.27,411.76,1222.57,547.81,1,-1,-1,-1
51,13,576.62,201.40,259.26,222.66,1,-1,-1,-1
52,1,1246.06,162.00,141.22,127.49,1,-1,-1,-1
52,5,128.35,266.13,403.52,324.99,1,-1,-1,-1
52,12,1051.41,387.67,1146.22,533.16,1,-1,-1,-1
52,13,570.78,202.97,261.11,224.11,1,-1,-1,-1
53,1,1246.14,162.43,141.03,127.22,1,-1,-1,-1
53,5,117.73,270.44,402.21,323.63,1,-1,-1,-1
53,12,1099.81,366.80,1085.86,525.48,1,-1,-1,-1
53,13,563.21,203.36,265.60,228.02,1,-1,-1,-1
54,1,1245.45,162.47,140.93,127.02,1,-1,-1,-1
54,5,102.69,272.60,406.43,327.48,1,-1,-1,-1
54,12,1136.53,342.82,1040.88,525.11,1,-1,-1,-1
54,13,555.09,204.05,267.79,229.87,1,-1,-1,-1
55,1,1244.67,162.30,141.08,127.09,1,-1,-1,-1
55,5,84.99,275.90,413.12,333.68,1,-1,-1,-1
55,12,1175.82,319.07,991.86,522.41,1,-1,-1,-1
55,13,548.18,204.35,270.96,232.53,1,-1,-1,-1
56,1,1244.40,161.99,140.84,126.69,1,-1,-1,-1
56,5,69.60,279.11,417.01,337.18,1,-1,-1,-1
56,12,1220.42,302.03,925.49,508.48,1,-1,-1,-1
56,13,543.21,205.07,272.34,233.34,1,-1,-1,-1
57,1,1244.05,161.88,140.54,126.25,1,-1,-1,-1
57,5,47.38,281.37,424.50,343.86,1,-1,-1,-1
57,12,1257.40,288.18,870.25,498.70,1,-1,-1,-1
57,13,536.17,205.93,273.05,233.71,1,-1,-1,-1
58,1,1243.75,161.88,140.22,125.85,1,-1,-1,-1
58,5,31.36,283.51,433.67,352.58,1,-1,-1,-1
58,12,1295.77,277.53,812.12,484.94,1,-1,-1,-1
58,13,528.90,207.49,273.95,234.09,1,-1,-1,-1
59,1,1243.82,162.20,140.31,125.60,1,-1,-1,-1
59,5,15.00,287.76,438.62,358.38,1,-1,-1,-1
59,12,1327.69,266.37,764.98,475.87,1,-1,-1,-1
59,13,520.97,207.48,279.58,238.73,1,-1,-1,-1
60,1,1243.70,162.74,139.64,124.77,1,-1,-1,-1
60,5,0.06,290.81,443.20,364.25,1,-1,-1,-1
60,12,1359.62,254.02,714.01,461.78,1,-1,-1,-1
60,13,515.21,208.94,282.25,240.89,1,-1,-1,-1
61,1,1244.90,162.30,140.24,124.99,1,-1,-1,-1
61,5,-13.89,291.26,449.86,373.39,1,-1,-1,-1
61,12,1389.38,244.32,667.36,448.17,1,-1,-1,-1
61,13,508.20,208.89,287.06,245.08,1,-1,-1,-1
62,1,1244.53,162.51,140.06,124.76,1,-1,-1,-1
62,5,-23.48,297.39,453.09,380.40,1,-1,-1,-1
62,12,1415.49,234.44,625.57,435.49,1,-1,-1,-1
62,13,500.29,208.72,292.38,250.06,1,-1,-1,-1
63,1,1246.62,161.99,140.30,124.63,1,-1,-1,-1
63,5,-32.94,300.31,460.00,392.33,1,-1,-1,-1
63,12,1441.42,227.33,580.96,417.73,1,-1,-1,-1
63,13,490.58,209.89,297.88,254.47,1,-1,-1,-1
64,1,1247.22,161.23,142.74,125.16,1,-1,-1,-1
64,5,-39.79,305.61,459.69,399.54,1,-1,-1,-1
64,12,1465.97,220.82,541.23,401.09,1,-1,-1,-1
64,13,482.42,210.60,302.01,257.69,1,-1,-1,-1
65,1,1246.84,161.52,142.77,125.01,1,-1,-1,-1
65,5,-45.92,310.65,463.84,411.87,1,-1,-1,-1
65,12,1487.73,214.97,507.75,387.13,1,-1,-1,-1
65,13,474.01,211.78,305.83,260.42,1,-1,-1,-1
65,15,1455.69,174.85,166.10,138.88,1,-1,-1,-1
66,1,1245.43,161.79,141.84,124.36,1,-1,-1,-1
66,5,-50.05,314.31,463.41,421.26,1,-1,-1,-1
66,12,1507.71,210.14,477.99,374.23,1,-1,-1,-1
66,13,464.80,213.93,307.71,261.49,1,-1,-1,-1
66,15,1453.04,174.24,166.16,138.96,1,-1,-1,-1
67,1,1245.24,162.02,141.68,124.37,1,-1,-1,-1
67,5,-57.38,313.61,467.13,436.46,1,-1,-1,-1
67,12,1522.77,205.71,453.90,364.01,1,-1,-1,-1
67,13,456.41,216.24,309.94,262.70,1,-1,-1,-1
67,15,1450.38,174.35,164.46,137.56,1,-1,-1,-1
68,1,1245.86,162.73,141.06,124.15,1,-1,-1,-1
68,5,-58.14,326.62,457.94,439.72,1,-1,-1,-1
68,12,1535.07,203.28,433.47,355.21,1,-1,-1,-1
68,13,445.91,217.93,313.92,265.47,1,-1,-1,-1
68,15,1448.32,175.06,163.74,137.03,1,-1,-1,-1
69,1,1245.91,162.90,140.87,124.32,1,-1,-1,-1
69,5,-57.49,340.03,446.33,440.63,1,-1,-1,-1
69,12,1547.08,200.55,414.96,346.85,1,-1,-1,-1
69,13,437.03,219.23,317.50,267.92,1,-1,-1,-1
69,15,1447.32,176.55,160.84,134.61,1,-1,-1,-1
70,1,1244.77,162.66,140.90,124.32,1,-1,-1,-1
70,5,-57.54,353.02,435.44,442.31,1,-1,-1,-1
70,12,1559.05,197.87,395.02,335.66,1,-1,-1,-1
70,13,426.26,219.44,323.18,272.10,1,-1,-1,-1
70,15,1446.27,176.16,160.01,133.89,1,-1,-1,-1
71,1,1244.76,161.59,140.96,124.56,1,-1,-1,-1
71,5,-56.08,369.27,420.64,439.60,1,-1,-1,-1
71,12,1569.28,197.58,377.93,325.60,1,-1,-1,-1
71,13,417.09,220.01,326.07,274.01,1,-1,-1,-1
71,15,1444.73,174.83,160.75,134.51,1,-1,-1,-1
72,1,1244.29,160.23,141.56,125.20,1,-1,-1,-1
72,5,-58.76,377.53,415.26,447.64,1,-1,-1,-1
72,12,1576.72,196.60,365.71,318.92,1,-1,-1,-1
72,13,404.94,221.38,328.83,275.21,1,-1,-1,-1
72,15,1443.94,173.59,161.44,135.00,1,-1,-1,-1
73,1,1244.02,159.75,142.12,125.69,1,-1,-1,-1
73,5,-61.44,384.57,410.14,456.78,1,-1,-1,-1
73,12,1581.84,195.25,355.76,313.28,1,-1,-1,-1
73,13,392.01,223.29,333.72,278.17,1,-1,-1,-1
73,15,1442.46,172.45,162.14,135.63,1,-1,-1,-1
74,1,1243.79,160.40,142.36,125.99,1,-1,-1,-1
74,5,-71.80,391.35,415.46,462.71,1,-1,-1,-1
74,12,1587.27,195.11,346.01,307.06,1,-1,-1,-1
74,13,378.39,225.58,339.68,281.87,1,-1,-1,-1
74,15,1442.05,173.71,161.71,135.20,1,-1,-1,-1
74,16,1046.94,178.47,178.02,118.36,1,-1,-1,-1
75,1,1244.31,160.73,142.25,125.95,1,-1,-1,-1
75,12,1591.36,194.09,338.52,302.30,1,-1,-1,-1
75,13,365.48,227.39,345.80,285.82,1,-1,-1,-1
75,15,1441.83,173.99,161.49,134.82,1,-1,-1,-1
75,16,1037.93,180.69,177.92,118.29,1,-1,-1,-1
76,1,1244.31,160.88,141.99,125.79,1,-1,-1,-1
76,12,1594.42,192.24,331.75,297.48,1,-1,-1,-1
76,13,350.81,228.49,353.67,291.81,1,-1,-1,-1
76,15,1440.64,173.84,161.16,134.55,1,-1,-1,-1
77,1,1244.36,160.56,141.86,125.72,1,-1,-1,-1
77,12,1596.20,189.76,327.43,294.57,1,-1,-1,-1
77,13,342.30,231.49,357.84,295.13,1,-1,-1,-1
78,1,1244.77,159.96,141.73,125.64,1,-1,-1,-1
78,12,1598.45,189.06,322.23,290.37,1,-1,-1,-1
78,13,331.40,231.77,363.35,299.46,1,-1,-1,-1
79,1,1244.54,159.76,141.95,125.78,1,-1,-1,-1
79,12,1599.14,188.33,316.88,285.50,1,-1,-1,-1
79,13,318.86,234.30,368.50,303.36,1,-1,-1,-1
79,17,1436.03,174.12,159.17,132.09,1,-1,-1,-1
80,1,1244.59,159.91,141.82,125.72,1,-1,-1,-1
80,12,1598.88,187.13,311.12,279.67,1,-1,-1,-1
80,13,307.87,236.17,372.68,306.43,1,-1,-1,-1
80,17,1435.60,174.71,157.81,131.01,1,-1,-1,-1
81,1,1244.86,160.56,141.25,125.28,1,-1,-1,-1
81,12,1598.65,186.12,305.81,274.36,1,-1,-1,-1
81,13,297.39,238.71,374.76,307.71,1,-1,-1,-1
81,17,1435.85,174.82,157.23,130.54,1,-1,-1,-1
82,1,1245.06,161.30,140.66,124.86,1,-1,-1,-1
82,12,1596.71,185.03,302.24,270.81,1,-1,-1,-1
82,13,285.87,240.81,379.60,311.32,1,-1,-1,-1
82,17,1434.38,174.83,156.29,129.80,1,-1,-1,-1
83,1,1244.76,161.44,140.52,124.76,1,-1,-1,-1
83,12,1595.51,184.18,295.87,264.37,1,-1,-1,-1
83,13,272.33,242.61,385.95,315.74,1,-1,-1,-1
83,17,1432.61,174.95,155.87,129.45,1,-1,-1,-1
84,1,1244.81,161.95,140.25,124.55,1,-1,-1,-1
84,12,1593.28,183.76,291.60,259.66,1,-1,-1,-1
84,13,256.68,243.49,394.87,322.85,1,-1,-1,-1
84,17,1430.30,175.25,155.43,129.17,1,-1,-1,-1
85,1,1245.00,161.45,140.17,124.54,1,-1,-1,-1
85,12,1590.90,182.19,288.04,256.19,1,-1,-1,-1
85,13,242.82,245.02,400.56,327.49,1,-1,-1,-1
85,17,1428.28,175.86,154.59,128.71,1,-1,-1,-1
86,1,1244.92,161.14,140.05,124.43,1,-1,-1,-1
86,12,1587.96,180.85,283.33,251.50,1,-1,-1,-1
86,13,229.65,246.38,405.36,331.42,1,-1,-1,-1
86,17,1426.71,174.66,154.48,128.78,1,-1,-1,-1
87,1,1244.69,161.05,140.05,124.45,1,-1,-1,-1
87,12,1585.97,180.03,278.69,246.88,1,-1,-1,-1
87,13,213.43,248.12,409.16,334.08,1,-1,-1,-1
87,17,1424.46,173.28,154.42,128.91,1,-1,-1,-1
88,1,1244.48,160.95,139.84,124.23,1,-1,-1,-1
88,12,1582.66,177.99,274.60,242.75,1,-1,-1,-1
88,13,192.63,246.94,416.79,339.97,1,-1,-1,-1
88,17,1422.98,173.14,154.01,128.57,1,-1,-1,-1
89,1,1244.13,160.79,139.79,124.25,1,-1,-1,-1
89,12,1580.42,176.79,269.91,238.14,1,-1,-1,-1
89,13,177.36,249.31,418.97,341.39,1,-1,-1,-1
90,1,1244.52,161.50,139.50,124.12,1,-1,-1,-1
90,12,1576.35,174.82,266.04,234.75,1,-1,-1,-1
90,13,161.89,251.48,422.37,343.59,1,-1,-1,-1
91,1,1244.78,161.65,139.08,123.83,1,-1,-1,-1
91,12,1575.12,174.45,260.20,229.30,1,-1,-1,-1
91,13,148.73,254.73,425.05,345.22,1,-1,-1,-1
91,19,1105.15,164.57,124.35,106.37,1,-1,-1,-1
92,1,1244.64,161.73,138.90,123.75,1,-1,-1,-1
92,12,1571.89,172.56,256.47,226.12,1,-1,-1,-1
92,13,134.21,258.94,429.12,348.56,1,-1,-1,-1
92,19,1103.63,164.49,125.01,106.93,1,-1,-1,-1
93,1,1244.50,161.55,138.76,123.69,1,-1,-1,-1
93,12,1567.58,171.49,252.41,222.57,1,-1,-1,-1
93,13,123.36,264.79,429.31,348.54,1,-1,-1,-1
93,19,1103.03,164.27,125.27,107.12,1,-1,-1,-1
94,1,1244.36,161.36,138.77,123.66,1,-1,-1,-1
94,12,1564.24,170.79,247.65,218.20,1,-1,-1,-1
94,13,110.38,268.14,432.51,350.93,1,-1,-1,-1
94,19,1102.04,164.20,125.94,107.67,1,-1,-1,-1
95,1,1244.17,161.42,138.49,123.34,1,-1,-1,-1
95,12,1561.03,170.40,244.24,214.89,1,-1,-1,-1
95,13,96.72,271.94,436.57,354.49,1,-1,-1,-1
95,19,1101.31,164.97,125.50,107.23,1,-1,-1,-1
96,1,1244.54,161.77,138.14,122.88,1,-1,-1,-1
96,12,1557.19,169.38,242.04,213.08,1,-1,-1,-1
96,13,81.04,273.27,444.23,361.48,1,-1,-1,-1
96,19,1100.71,166.00,124.52,106.25,1,-1,-1,-1
97,1,1244.08,161.84,138.27,122.78,1,-1,-1,-1
97,12,1553.76,168.19,240.44,211.50,1,-1,-1,-1
97,13,63.61,274.79,451.15,368.05,1,-1,-1,-1
97,19,1099.31,165.83,124.71,106.17,1,-1,-1,-1
98,1,1243.60,162.14,138.64,122.96,1,-1,-1,-1
98,12,1549.30,165.87,239.49,210.75,1,-1,-1,-1
98,13,43.91,275.63,460.07,376.34,1,-1,-1,-1
98,19,1098.00,166.24,125.55,106.70,1,-1,-1,-1
98,21,583.27,212.52,263.54,209.50,1,-1,-1,-1
99,1,1243.59,161.96,138.96,123.12,1,-1,-1,-1
99,12,1545.03,164.09,238.82,210.18,1,-1,-1,-1
99,13,31.02,279.22,462.28,379.47,1,-1,-1,-1
99,19,1097.65,166.91,125.90,106.74,1,-1,-1,-1
99,21,579.95,207.84,273.50,217.08,1,-1,-1,-1
100,1,1243.47,162.16,139.17,123.17,1,-1,-1,-1
100,12,1541.51,161.83,237.24,208.80,1,-1,-1,-1
100,13,16.35,282.88,467.22,385.23,1,-1,-1,-1
100,19,1096.89,167.17,125.91,106.75,1,-1,-1,-1
100,21,568.43,209.70,276.06,219.04,1,-1,-1,-1
101,1,1244.01,162.75,138.43,122.33,1,-1,-1,-1
101,12,1542.05,163.29,230.33,202.15,1,-1,-1,-1
101,13,1.27,287.28,471.74,391.27,1,-1,-1,-1
101,21,559.19,212.28,275.97,218.97,1,-1,-1,-1
102,1,1243.96,162.29,138.68,122.46,1,-1,-1,-1
102,12,1540.07,163.09,226.97,198.97,1,-1,-1,-1
102,13,-10.11,290.88,478.36,400.33,1,-1,-1,-1
102,21,551.04,214.12,277.54,220.35,1,-1,-1,-1
103,1,1243.93,161.79,138.70,122.44,1,-1,-1,-1
103,12,1534.49,163.59,222.76,195.26,1,-1,-1,-1
103,13,-19.13,294.49,480.70,406.38,1,-1,-1,-1
103,21,544.50,214.87,280.05,222.45,1,-1,-1,-1
104,1,1243.66,161.28,139.29,122.97,1,-1,-1,-1
104,12,1529.75,164.78,219.44,192.38,1,-1,-1,-1
104,13,-27.51,297.83,483.47,414.04,1,-1,-1,-1
104,21,538.79,214.99,283.11,224.97,1,-1,-1,-1
105,1,1243.86,161.38,139.05,122.78,1,-1,-1,-1
105,12,1529.90,164.27,217.89,190.82,1,-1,-1,-1
105,13,-34.54,303.01,486.98,423.54,1,-1,-1,-1
105,21,530.68,212.94,288.90,229.94,1,-1,-1,-1
106,1,1244.67,162.02,138.82,122.65,1,-1,-1,-1
106,12,1528.76,164.12,215.32,188.37,1,-1,-1,-1
106,13,-40.74,307.22,489.27,433.31,1,-1,-1,-1
106,21,526.64,216.81,288.77,229.82,1,-1,-1,-1
107,1,1244.43,162.17,138.43,122.38,1,-1,-1,-1
107,12,1524.99,161.90,213.66,186.95,1,-1,-1,-1
107,13,-43.98,311.29,485.60,438.41,1,-1,-1,-1
107,21,520.34,218.72,291.73,232.41,1,-1,-1,-1
108,1,1244.47,162.07,137.92,121.91,1,-1,-1,-1
108,12,1521.18,160.30,212.63,186.30,1,-1,-1,-1
108,13,-46.45,316.89,480.31,442.68,1,-1,-1,-1
108,21,514.30,220.26,293.21,233.81,1,-1,-1,-1
109,1,1245.02,162.08,137.36,121.52,1,-1,-1,-1
109,12,1517.05,161.99,207.91,182.38,1,-1,-1,-1
109,13,-50.05,319.83,479.96,452.60,1,-1,-1,-1
109,21,507.98,222.56,295.58,236.05,1,-1,-1,-1
110,1,1244.74,161.72,137.18,121.45,1,-1,-1,-1
110,12,1512.64,161.65,205.54,180.35,1,-1,-1,-1
110,13,-51.93,323.35,474.81,458.55,1,-1,-1,-1
110,21,500.14,223.71,299.54,239.06,1,-1,-1,-1
111,1,1244.28,161.03,137.69,122.14,1,-1,-1,-1
111,12,1511.00,161.70,201.61,177.08,1,-1,-1,-1
111,13,-54.03,328.19,468.50,464.30,1,-1,-1,-1
111,21,492.70,225.28,301.59,240.02,1,-1,-1,-1
112,1,1244.10,160.67,137.73,122.35,1,-1,-1,-1
112,12,1508.65,160.65,201.45,177.45,1,-1,-1,-1
112,13,-51.02,338.78,456.37,463.22,1,-1,-1,-1
112,21,484.79,227.89,302.78,239.88,1,-1,-1,-1
113,1,1243.70,160.13,137.91,122.63,1,-1,-1,-1
113,12,1507.33,161.78,198.37,174.83,1,-1,-1,-1
113,13,-52.57,349.01,448.84,467.72,1,-1,-1,-1
113,21,474.95,230.23,305.11,240.77,1,-1,-1,-1
114,1,1243.60,159.69,137.89,122.76,1,-1,-1,-1
114,12,1504.35,162.81,195.90,172.85,1,-1,-1,-1
114,13,-50.28,360.44,436.85,466.84,1,-1,-1,-1
114,21,468.79,230.33,312.10,245.16,1,-1,-1,-1
115,1,1243.59,159.32,137.87,122.84,1,-1,-1,-1
115,12,1501.69,163.81,193.00,170.21,1,-1,-1,-1
115,13,-49.77,367.95,428.39,469.81,1,-1,-1,-1
115,21,458.24,232.91,315.80,247.06,1,-1,-1,-1
116,1,1243.14,159.22,137.74,122.89,1,-1,-1,-1
116,12,1499.90,164.37,190.49,168.06,1,-1,-1,-1
116,13,-58.31,373.69,432.52,474.34,1,-1,-1,-1
116,21,447.80,236.48,319.34,248.47,1,-1,-1,-1
117,1,1242.59,158.39,137.95,123.33,1,-1,-1,-1
117,12,1497.30,164.23,188.66,166.45,1,-1,-1,-1
117,21,433.99,236.96,324.41,251.75,1,-1,-1,-1
118,1,1242.33,157.98,137.75,123.38,1,-1,-1,-1
118,12,1494.87,164.89,186.99,165.04,1,-1,-1,-1
118,21,423.04,235.90,328.81,254.86,1,-1,-1,-1
119,1,1242.30,158.14,137.23,123.01,1,-1,-1,-1
119,12,1493.02,167.03,184.38,162.57,1,-1,-1,-1
119,21,414.84,236.62,332.78,257.42,1,-1,-1,-1
120,1,1242.54,158.00,137.06,122.98,1,-1,-1,-1
120,12,1489.99,167.59,183.38,161.57,1,-1,-1,-1
120,21,399.96,237.05,339.38,262.43,1,-1,-1,-1
120,23,-3.95,411.52,291.62,464.52,1,-1,-1,-1
121,1,1243.31,158.02,136.47,122.58,1,-1,-1,-1
121,12,1487.08,167.92,182.31,160.36,1,-1,-1,-1
121,21,388.51,237.66,343.98,265.65,1,-1,-1,-1
121,23,-6.44,415.47,291.52,464.37,1,-1,-1,-1
122,1,1243.05,157.98,136.27,122.57,1,-1,-1,-1
122,12,1483.67,167.93,182.21,159.85,1,-1,-1,-1
122,21,376.45,238.54,350.53,270.37,1,-1,-1,-1
123,1,1243.06,157.91,136.16,122.62,1,-1,-1,-1
123,12,1480.39,169.12,180.36,157.54,1,-1,-1,-1
123,21,366.19,242.30,351.80,271.27,1,-1,-1,-1
124,1,1243.29,158.02,135.82,122.28,1,-1,-1,-1
124,12,1477.65,169.68,179.35,156.21,1,-1,-1,-1
124,21,353.66,242.28,358.97,276.81,1,-1,-1,-1
124,24,1759.02,224.74,150.91,476.43,1,-1,-1,-1
125,1,1243.69,157.86,135.60,122.07,1,-1,-1,-1
125,12,1476.00,171.28,176.68,153.52,1,-1,-1,-1
125,21,343.95,244.69,362.43,280.14,1,-1,-1,-1
125,24,1755.05,216.78,144.43,450.15,1,-1,-1,-1
125,26,-8.27,453.75,254.34,473.37,1,-1,-1,-1
126,1,1243.74,157.59,135.00,121.56,1,-1,-1,-1
126,12,1473.65,170.39,177.06,153.72,1,-1,-1,-1
126,21,335.01,245.47,365.63,283.21,1,-1,-1,-1
126,24,1750.89,212.86,143.79,440.60,1,-1,-1,-1
126,26,-11.97,457.76,255.66,475.83,1,-1,-1,-1
127,1,1243.43,157.56,134.52,121.10,1,-1,-1,-1
127,12,1471.47,169.25,176.72,153.49,1,-1,-1,-1
127,21,326.11,248.55,367.62,285.17,1,-1,-1,-1
127,24,1750.05,211.57,139.00,415.12,1,-1,-1,-1
127,28,861.99,687.98,1008.40,391.27,1,-1,-1,-1
128,1,1243.41,157.38,134.64,121.33,1,-1,-1,-1
128,12,1468.23,168.01,176.40,153.32,1,-1,-1,-1
128,21,314.95,249.97,373.54,290.44,1,-1,-1,-1
128,24,1747.72,207.26,138.49,401.21,1,-1,-1,-1
128,28,879.71,660.48,1060.41,417.03,1,-1,-1,-1
129,1,1243.67,158.51,133.47,120.22,1,-1,-1,-1
129,12,1466.77,169.50,174.08,151.22,1,-1,-1,-1
129,21,304.62,252.69,377.13,293.13,1,-1,-1,-1
129,24,1743.37,205.63,139.98,391.13,1,-1,-1,-1
129,28,895.79,636.66,1096.93,439.81,1,-1,-1,-1
129,29,1072.61,172.88,133.46,113.04,1,-1,-1,-1
130,1,1243.65,158.92,133.01,119.88,1,-1,-1,-1
130,12,1463.96,169.04,173.14,150.51,1,-1,-1,-1
130,21,293.93,256.34,381.01,296.39,1,-1,-1,-1
130,24,1736.70,206.38,142.55,381.41,1,-1,-1,-1
130,28,918.51,612.69,1113.65,457.60,1,-1,-1,-1
130,29,1071.91,172.73,134.74,114.18,1,-1,-1,-1
131,1,1243.09,158.33,133.70,120.62,1,-1,-1,-1
131,12,1459.75,165.85,174.28,151.69,1,-1,-1,-1
131,21,283.21,259.06,382.41,298.19,1,-1,-1,-1
131,24,1732.70,202.68,146.58,375.76,1,-1,-1,-1
131,28,953.89,583.24,1091.77,461.61,1,-1,-1,-1
131,29,1071.34,172.54,135.18,114.65,1,-1,-1,-1
132,1,1242.57,157.26,134.43,121.46,1,-1,-1,-1
132,12,1458.10,163.48,173.02,150.72,1,-1,-1,-1
132,21,271.29,259.79,386.33,302.14,1,-1,-1,-1
132,24,1725.78,200.19,153.37,376.54,1,-1,-1,-1
132,28,989.80,556.01,1053.94,459.85,1,-1,-1,-1
132,29,1070.64,171.85,136.24,115.65,1,-1,-1,-1
133,1,1242.70,156.11,134.66,121.82,1,-1,-1,-1
133,12,1456.44,163.18,171.20,149.20,1,-1,-1,-1
133,21,258.71,260.83,392.37,307.39,1,-1,-1,-1
133,24,1721.52,197.28,154.37,359.88,1,-1,-1,-1
133,28,1032.51,530.49,989.25,446.16,1,-1,-1,-1
133,29,1070.11,171.66,136.09,115.66,1,-1,-1,-1
134,1,1242.89,155.66,134.49,121.90,1,-1,-1,-1
134,12,1455.01,162.52,169.80,147.99,1,-1,-1,-1
134,21,247.13,264.35,394.07,308.91,1,-1,-1,-1
134,24,1716.65,197.05,154.57,339.35,1,-1,-1,-1
134,28,1071.97,508.25,917.21,427.53,1,-1,-1,-1
134,29,1069.49,172.23,136.20,115.92,1,-1,-1,-1
135,1,1243.12,156.09,134.17,121.78,1,-1,-1,-1
135,12,1453.91,162.07,168.96,147.51,1,-1,-1,-1
135,21,237.37,269.67,393.18,308.25,1,-1,-1,-1
135,24,1711.74,196.91,158.64,328.69,1,-1,-1,-1
135,28,1099.67,485.43,865.03,416.77,1,-1,-1,-1
135,29,1068.39,172.63,137.61,117.39,1,-1,-1,-1
136,1,1243.61,156.31,133.66,121.47,1,-1,-1,-1
136,12,1453.46,162.99,166.97,145.79,1,-1,-1,-1
136,21,228.60,274.47,394.92,308.74,1,-1,-1,-1
136,24,1705.46,195.48,168.11,331.68,1,-1,-1,-1
136,28,1120.00,466.89,823.18,409.68,1,-1,-1,-1
136,29,1067.12,173.15,138.05,118.07,1,-1,-1,-1
137,1,1243.48,156.59,133.19,121.13,1,-1,-1,-1
137,12,1453.44,164.82,165.98,144.99,1,-1,-1,-1
137,21,216.40,278.39,396.46,309.30,1,-1,-1,-1
137,24,1703.59,195.46,169.80,317.67,1,-1,-1,-1
137,28,1136.04,446.82,784.17,402.92,1,-1,-1,-1
137,29,1066.35,176.07,136.70,116.93,1,-1,-1,-1
138,1,1243.25,156.64,133.11,121.11,1,-1,-1,-1
138,12,1453.77,166.67,163.87,143.24,1,-1,-1,-1
138,21,201.48,281.13,399.80,311.29,1,-1,-1,-1
138,24,1698.96,193.19,174.92,310.95,1,-1,-1,-1
138,28,1155.77,429.71,735.91,389.30,1,-1,-1,-1
138,29,1066.27,177.80,136.64,117.01,1,-1,-1,-1
139,1,1243.44,156.48,132.75,120.90,1,-1,-1,-1
139,12,1452.74,166.80,161.91,141.42,1,-1,-1,-1
139,21,186.32,281.99,404.46,313.89,1,-1,-1,-1
139,24,1692.06,186.08,182.59,309.28,1,-1,-1,-1
139,28,1172.30,412.70,692.37,376.30,1,-1,-1,-1
139,29,1065.88,177.91,137.16,117.50,1,-1,-1,-1
140,1,1243.58,156.51,132.50,120.79,1,-1,-1,-1
140,12,1451.29,167.13,160.70,140.29,1,-1,-1,-1
140,21,173.74,283.83,409.25,317.34,1,-1,-1,-1
140,24,1684.04,182.04,190.18,306.96,1,-1,-1,-1
140,28,1183.32,394.95,659.36,367.68,1,-1,-1,-1
140,29,1065.90,178.00,137.52,117.93,1,-1,-1,-1
141,1,1244.19,156.88,131.36,119.77,1,-1,-1,-1
141,12,1450.95,168.88,158.86,138.62,1,-1,-1,-1
141,21,161.91,285.50,411.42,318.46,1,-1,-1,-1
141,24,1678.26,180.37,193.62,296.66,1,-1,-1,-1
141,28,1190.46,380.00,631.57,361.30,1,-1,-1,-1
141,29,1067.10,179.61,135.89,116.62,1,-1,-1,-1
142,1,1244.86,157.01,130.62,119.12,1,-1,-1,-1
142,12,1450.57,169.95,157.69,137.28,1,-1,-1,-1
142,21,148.32,287.02,415.56,321.53,1,-1,-1,-1
142,24,1673.52,180.20,196.59,285.69,1,-1,-1,-1
142,28,1199.40,360.30,625.54,357.86,1,-1,-1,-1
142,29,1067.76,180.39,135.43,116.28,1,-1,-1,-1
143,1,1245.21,157.03,129.81,118.44,1,-1,-1,-1
143,12,1450.22,170.35,158.22,137.26,1,-1,-1,-1
143,21,134.27,289.52,421.76,326.60,1,-1,-1,-1
143,24,1666.03,178.24,203.92,282.10,1,-1,-1,-1
143,29,1067.75,181.64,134.77,115.85,1,-1,-1,-1
143,30,1274.74,362.76,434.12,337.15,1,-1,-1,-1
144,1,1245.89,156.93,129.83,118.45,1,-1,-1,-1
144,12,1452.08,170.26,159.85,137.89,1,-1,-1,-1
144,21,121.50,290.55,426.80,331.13,1,-1,-1,-1
144,24,1662.22,178.19,208.64,275.50,1,-1,-1,-1
144,29,1067.36,182.87,134.46,115.60,1,-1,-1,-1
144,30,1272.13,345.67,430.71,334.04,1,-1,-1,-1
145,1,1245.66,156.73,130.43,118.96,1,-1,-1,-1
145,12,1448.65,169.57,160.54,138.19,1,-1,-1,-1
145,21,108.35,292.57,433.19,336.92,1,-1,-1,-1
145,24,1654.66,176.48,216.13,272.85,1,-1,-1,-1
145,29,1067.09,183.70,134.45,115.60,1,-1,-1,-1
145,30,1270.07,333.41,421.69,326.35,1,-1,-1,-1
146,1,1245.06,156.44,129.94,118.41,1,-1,-1,-1
146,12,1447.68,169.82,159.63,137.41,1,-1,-1,-1
146,21,99.14,294.37,441.45,343.45,1,-1,-1,-1
146,24,1651.25,188.42,214.10,255.80,1,-1,-1,-1
146,30,1270.84,323.86,412.53,318.46,1,-1,-1,-1
147,1,1245.09,155.96,129.83,118.23,1,-1,-1,-1
147,21,83.14,296.60,444.76,347.80,1,-1,-1,-1
147,24,1642.28,186.55,219.91,251.61,1,-1,-1,-1
147,30,1269.32,313.16,406.62,313.15,1,-1,-1,-1
148,1,1244.57,155.52,129.58,117.83,1,-1,-1,-1
148,21,69.98,297.67,448.08,351.72,1,-1,-1,-1
148,24,1627.91,181.20,229.01,252.41,1,-1,-1,-1
148,30,1265.55,303.03,398.07,305.73,1,-1,-1,-1
149,1,1243.93,155.22,129.43,117.51,1,-1,-1,-1
149,21,57.27,298.63,451.42,356.01,1,-1,-1,-1
149,24,1619.17,181.64,231.66,246.64,1,-1,-1,-1
149,30,1264.75,296.58,389.70,298.13,1,-1,-1,-1
150,1,1243.70,155.53,129.51,117.42,1,-1,-1,-1
150,21,44.10,300.62,457.89,361.99,1,-1,-1,-1
150,24,1610.53,182.42,232.62,239.02,1,-1,-1,-1
150,30,1263.42,293.03,381.62,290.75,1,-1,-1,-1
150,32,1060.90,184.58,140.16,119.06,1,-1,-1,-1
151,1,1243.58,155.85,129.94,117.73,1,-1,-1,-1
151,21,32.65,307.37,456.71,362.42,1,-1,-1,-1
151,24,1600.24,178.74,237.90,238.56,1,-1,-1,-1
151,30,1263.01,289.56,372.74,282.91,1,-1,-1,-1
151,32,1059.51,185.28,140.46,119.23,1,-1,-1,-1
152,1,1243.65,155.99,129.56,117.23,1,-1,-1,-1
152,21,20.87,311.91,456.82,364.88,1,-1,-1,-1
152,24,1590.96,176.82,235.98,231.54,1,-1,-1,-1
152,30,1260.63,285.30,365.35,276.29,1,-1,-1,-1
152,32,1057.76,185.84,140.65,119.29,1,-1,-1,-1
153,1,1243.86,155.67,129.53,117.09,1,-1,-1,-1
153,21,10.27,315.49,459.22,369.41,1,-1,-1,-1
153,24,1581.66,174.29,235.55,227.32,1,-1,-1,-1
153,30,1258.60,282.07,358.65,270.12,1,-1,-1,-1
153,32,1056.34,186.39,141.68,120.02,1,-1,-1,-1
154,1,1244.02,155.10,129.03,116.63,1,-1,-1,-1
154,21,-2.18,317.76,464.86,376.84,1,-1,-1,-1
154,24,1564.08,173.46,237.82,225.06,1,-1,-1,-1
154,30,1254.81,277.53,354.05,265.80,1,-1,-1,-1
154,32,1055.40,186.75,142.34,120.41,1,-1,-1,-1
155,1,1243.76,154.17,128.83,116.41,1,-1,-1,-1
155,21,-11.34,320.99,469.37,384.17,1,-1,-1,-1
155,24,1553.83,169.47,240.05,223.50,1,-1,-1,-1
155,30,1250.48,273.47,349.93,261.99,1,-1,-1,-1
155,32,1054.10,187.11,142.27,120.19,1,-1,-1,-1
156,1,1244.03,154.00,128.63,116.19,1,-1,-1,-1
156,21,-20.00,325.18,473.16,391.54,1,-1,-1,-1
156,24,1531.27,164.44,245.85,223.65,1,-1,-1,-1
156,30,1249.76,270.13,343.89,256.87,1,-1,-1,-1
156,32,1052.20,187.27,143.12,120.79,1,-1,-1,-1
157,1,1244.93,154.70,128.40,115.92,1,-1,-1,-1
157,21,-26.30,331.61,474.19,397.41,1,-1,-1,-1
157,24,1523.89,162.57,247.80,222.51,1,-1,-1,-1
157,30,1246.39,267.09,338.82,252.70,1,-1,-1,-1
157,32,1051.47,187.85,144.09,121.44,1,-1,-1,-1
158,1,1245.30,154.87,127.90,115.36,1,-1,-1,-1
158,21,-29.86,338.60,471.83,400.96,1,-1,-1,-1
158,24,1525.45,160.75,246.67,219.98,1,-1,-1,-1
158,30,1242.97,264.31,333.80,248.61,1,-1,-1,-1
158,32,1051.16,188.30,144.12,121.29,1,-1,-1,-1
159,1,1245.47,154.59,128.28,115.74,1,-1,-1,-1
159,21,-33.30,345.14,472.95,408.17,1,-1,-1,-1
159,24,1517.50,157.48,248.25,219.50,1,-1,-1,-1
159,30,1239.92,260.56,330.42,246.10,1,-1,-1,-1
159,32,1050.39,188.97,144.21,121.17,1,-1,-1,-1
159,34,321.66,256.68,428.95,270.87,1,-1,-1,-1
160,1,1245.77,154.10,128.62,116.13,1,-1,-1,-1
160,21,-35.49,352.12,468.99,411.51,1,-1,-1,-1
160,24,1511.52,155.61,249.19,218.66,1,-1,-1,-1
160,30,1240.32,258.61,322.75,240.33,1,-1,-1,-1
160,32,1049.52,189.02,144.78,121.45,1,-1,-1,-1
160,34,313.69,258.69,433.90,274.21,1,-1,-1,-1
160,35,723.67,216.36,222.76,138.29,1,-1,-1,-1
161,1,1246.49,153.20,127.83,115.54,1,-1,-1,-1
161,21,-36.05,359.54,462.07,412.39,1,-1,-1,-1
161,24,1501.65,155.03,247.70,214.32,1,-1,-1,-1
161,30,1238.50,255.54,318.33,237.45,1,-1,-1,-1
161,32,1048.46,188.56,145.20,121.69,1,-1,-1,-1
161,34,309.74,257.82,441.27,278.98,1,-1,-1,-1
161,35,710.22,215.83,225.07,139.53,1,-1,-1,-1
162,1,1246.45,152.13,127.75,115.61,1,-1,-1,-1
162,21,-45.98,364.05,466.93,416.73,1,-1,-1,-1
162,24,1505.23,154.02,245.10,211.73,1,-1,-1,-1
162,30,1237.64,253.68,310.88,232.30,1,-1,-1,-1
162,32,1047.74,188.65,145.19,121.59,1,-1,-1,-1
162,34,295.69,251.28,458.20,289.85,1,-1,-1,-1
162,35,700.57,216.87,223.87,138.45,1,-1,-1,-1
163,1,1246.09,151.19,127.89,115.82,1,-1,-1,-1
163,24,1509.91,156.13,240.61,207.86,1,-1,-1,-1
163,30,1236.92,250.56,305.00,228.34,1,-1,-1,-1
163,32,1046.56,188.61,145.77,122.00,1,-1,-1,-1
163,34,266.87,262.37,446.32,284.27,1,-1,-1,-1
163,35,690.71,218.01,225.30,139.12,1,-1,-1,-1
164,1,1246.54,151.24,127.45,115.46,1,-1,-1,-1
164,24,1509.41,158.43,235.82,203.46,1,-1,-1,-1
164,30,1237.40,249.56,295.96,221.95,1,-1,-1,-1
164,32,1045.03,188.54,146.52,122.51,1,-1,-1,-1
164,34,254.69,264.55,449.85,286.51,1,-1,-1,-1
164,35,682.14,218.51,225.96,139.52,1,-1,-1,-1
165,1,1246.78,151.15,127.01,115.04,1,-1,-1,-1
165,24,1504.29,156.59,233.14,200.77,1,-1,-1,-1
165,30,1236.42,246.20,292.10,219.56,1,-1,-1,-1
165,32,1044.72,189.06,146.55,122.37,1,-1,-1,-1
166,1,1247.09,151.18,126.06,114.02,1,-1,-1,-1
166,24,1503.86,162.00,222.88,191.09,1,-1,-1,-1
166,30,1236.97,243.56,286.04,215.70,1,-1,-1,-1
166,32,1043.09,189.21,147.60,122.94,1,-1,-1,-1
167,1,1247.68,151.12,125.70,113.46,1,-1,-1,-1
167,24,1498.22,158.34,222.61,191.34,1,-1,-1,-1
167,30,1238.47,241.17,279.53,211.62,1,-1,-1,-1
167,32,1042.21,189.95,148.16,123.10,1,-1,-1,-1
167,36,246.80,285.19,382.86,279.66,1,-1,-1,-1
168,1,1248.28,150.15,125.73,112.97,1,-1,-1,-1
168,24,1494.08,156.97,220.78,189.76,1,-1,-1,-1
168,30,1239.40,238.23,275.09,209.04,1,-1,-1,-1
168,32,1039.68,189.53,149.45,123.71,1,-1,-1,-1
168,36,225.38,288.63,383.46,280.61,1,-1,-1,-1
169,1,1248.61,149.81,125.38,112.65,1,-1,-1,-1
169,24,1490.96,154.23,220.82,189.86,1,-1,-1,-1
169,30,1239.88,235.53,271.79,207.38,1,-1,-1,-1
169,32,1038.15,189.38,149.97,123.70,1,-1,-1,-1
169,36,220.21,290.59,388.71,284.11,1,-1,-1,-1
170,24,1487.47,153.22,217.51,187.02,1,-1,-1,-1
170,30,1241.14,232.96,266.68,204.15,1,-1,-1,-1
170,32,1037.01,189.67,150.73,123.88,1,-1,-1,-1
170,36,215.05,291.07,398.47,290.22,1,-1,-1,-1
171,30,1245.69,232.49,257.78,197.81,1,-1,-1,-1
171,32,1038.32,190.04,151.00,123.88,1,-1,-1,-1
171,36,191.92,292.51,398.18,290.74,1,-1,-1,-1
172,30,1247.57,231.83,252.28,194.31,1,-1,-1,-1
172,32,1037.57,189.96,152.47,124.90,1,-1,-1,-1
172,36,178.99,293.55,399.88,292.33,1,-1,-1,-1
172,37,1242.62,149.69,128.51,110.38,1,-1,-1,-1
173,30,1249.42,228.78,249.81,193.13,1,-1,-1,-1
173,32,1036.39,189.72,153.39,125.40,1,-1,-1,-1
173,36,167.26,294.88,402.00,294.07,1,-1,-1,-1
173,37,1243.35,149.21,128.54,110.43,1,-1,-1,-1
174,30,1250.28,225.16,248.26,192.79,1,-1,-1,-1
174,32,1036.10,189.17,153.98,125.37,1,-1,-1,-1
174,36,155.11,297.39,400.99,294.02,1,-1,-1,-1
174,37,1244.06,147.94,127.86,109.84,1,-1,-1,-1
175,30,1253.14,221.92,244.12,190.22,1,-1,-1,-1
175,32,1035.37,187.87,154.91,125.90,1,-1,-1,-1
175,36,142.85,299.26,400.72,294.47,1,-1,-1,-1
175,37,1244.46,147.68,127.58,109.60,1,-1,-1,-1
175,38,1475.10,161.68,197.52,175.57,1,-1,-1,-1
176,30,1255.51,218.31,239.98,187.23,1,-1,-1,-1
176,32,1034.96,187.47,155.94,126.37,1,-1,-1,-1
176,36,129.86,299.93,405.75,298.79,1,-1,-1,-1
176,38,1472.50,163.47,194.85,173.00,1,-1,-1,-1
177,30,1259.93,215.19,236.22,184.93,1,-1,-1,-1
177,32,1034.23,187.15,156.66,126.70,1,-1,-1,-1
177,36,118.38,300.73,410.03,303.24,1,-1,-1,-1
177,38,1470.34,165.16,192.20,170.66,1,-1,-1,-1
178,30,1263.24,213.66,230.82,181.02,1,-1,-1,-1
178,32,1033.69,188.03,156.58,126.14,1,-1,-1,-1
178,36,108.10,301.91,415.13,308.28,1,-1,-1,-1
179,30,1267.25,214.19,225.91,177.09,1,-1,-1,-1
179,32,1032.44,188.86,157.46,126.28,1,-1,-1,-1
179,36,98.29,303.77,418.87,312.34,1,-1,-1,-1
180,30,1269.95,211.68,224.55,176.18,1,-1,-1,-1
180,32,1030.92,188.71,160.52,128.20,1,-1,-1,-1
180,36,90.36,306.58,422.17,315.91,1,-1,-1,-1
181,30,1274.05,208.54,221.25,173.93,1,-1,-1,-1
181,32,1030.03,188.68,162.24,128.73,1,-1,-1,-1
181,36,80.21,309.89,422.97,318.00,1,-1,-1,-1
182,30,1277.94,206.55,218.11,171.72,1,-1,-1,-1
182,32,1028.22,188.06,163.59,129.10,1,-1,-1,-1
182,36,73.29,312.68,422.93,318.62,1,-1,-1,-1
183,30,1280.04,204.95,214.97,169.25,1,-1,-1,-1
183,32,1027.60,187.77,166.12,129.65,1,-1,-1,-1
183,36,60.91,314.42,424.41,320.55,1,-1,-1,-1
184,30,1282.73,202.55,212.45,167.15,1,-1,-1,-1
184,32,1025.56,187.01,169.37,130.70,1,-1,-1,-1
184,36,50.39,316.87,428.65,323.90,1,-1,-1,-1
185,30,1284.95,201.58,210.89,165.79,1,-1,-1,-1
185,32,1024.12,187.14,171.57,131.23,1,-1,-1,-1
185,36,79.33,316.30,446.09,328.83,1,-1,-1,-1
186,30,1286.15,196.66,212.81,167.17,1,-1,-1,-1
186,32,1021.24,187.97,173.49,131.84,1,-1,-1,-1
186,36,74.87,318.06,465.33,338.04,1,-1,-1,-1
187,30,1289.34,194.38,211.44,166.05,1,-1,-1,-1
187,32,1020.38,187.96,174.16,132.36,1,-1,-1,-1
187,36,49.36,322.00,472.26,341.85,1,-1,-1,-1
187,40,1436.27,162.54,197.48,170.87,1,-1,-1,-1
188,30,1292.77,193.75,208.24,163.30,1,-1,-1,-1
188,36,19.56,326.34,470.98,342.95,1,-1,-1,-1
188,40,1434.66,162.27,198.04,171.36,1,-1,-1,-1
189,30,1298.26,193.65,205.28,160.84,1,-1,-1,-1
189,36,-0.33,332.14,465.46,342.17,1,-1,-1,-1
190,30,1302.01,193.41,201.44,157.92,1,-1,-1,-1
190,36,24.12,326.39,487.44,353.52,1,-1,-1,-1
190,43,499.56,514.13,1331.57,554.40,1,-1,-1,-1
191,30,1306.52,193.09,197.76,155.07,1,-1,-1,-1
191,36,16.81,328.08,492.58,357.25,1,-1,-1,-1
191,43,548.19,482.51,1385.10,583.19,1,-1,-1,-1
192,30,1310.81,192.71,195.91,153.28,1,-1,-1,-1
192,43,590.91,452.52,1428.63,611.57,1,-1,-1,-1
192,45,1246.89,140.00,116.76,103.47,1,-1,-1,-1
193,30,1314.81,194.04,194.50,151.82,1,-1,-1,-1
193,43,627.99,417.35,1469.04,643.35,1,-1,-1,-1
193,45,1247.05,141.18,115.69,102.48,1,-1,-1,-1
194,30,1318.23,192.92,191.80,149.70,1,-1,-1,-1
194,43,672.65,398.54,1464.35,659.20,1,-1,-1,-1
194,45,1248.25,142.12,114.31,101.13,1,-1,-1,-1
194,46,-14.55,295.88,599.87,408.87,1,-1,-1,-1
195,43,705.29,376.62,1458.96,677.78,1,-1,-1,-1
195,45,1249.39,142.28,113.43,100.13,1,-1,-1,-1
195,46,-11.66,311.34,586.65,400.71,1,-1,-1,-1
196,43,739.33,358.43,1435.94,692.96,1,-1,-1,-1
196,45,1250.07,142.74,112.32,99.15,1,-1,-1,-1
196,46,2.71,339.96,548.84,374.79,1,-1,-1,-1
197,43,781.12,339.01,1395.12,701.69,1,-1,-1,-1
197,46,-3.23,339.70,557.53,381.69,1,-1,-1,-1
197,47,1001.17,189.97,187.27,137.09,1,-1,-1,-1
198,43,828.61,318.63,1331.33,699.28,1,-1,-1,-1
198,46,-2.42,349.10,550.81,377.09,1,-1,-1,-1
198,47,999.53,189.82,188.02,137.64,1,-1,-1,-1
199,43,887.64,300.58,1244.85,682.74,1,-1,-1,-1
200,43,931.10,275.86,1177.17,673.74,1,-1,-1,-1
201,43,967.72,255.77,1111.73,663.50,1,-1,-1,-1
201,48,992.07,194.01,189.95,138.07,1,-1,-1,-1
202,43,991.23,237.61,1067.41,664.07,1,-1,-1,-1
202,48,991.67,194.13,190.57,138.53,1,-1,-1,-1
203,43,1014.82,226.50,1015.91,657.63,1,-1,-1,-1
204,43,1040.28,216.20,964.78,648.84,1,-1,-1,-1
205,43,1065.90,205.54,913.45,636.89,1,-1,-1,-1
206,43,1088.18,197.82,866.47,625.41,1,-1,-1,-1
207,43,1106.64,185.54,828.44,617.77,1,-1,-1,-1
208,43,1123.34,177.71,792.31,609.45,1,-1,-1,-1
209,43,1140.16,170.03,757.62,600.43,1,-1,-1,-1
210,43,1155.61,161.24,721.63,588.06,1,-1,-1,-1
211,43,1171.63,154.01,681.76,568.86,1,-1,-1,-1
212,43,1185.37,147.71,643.83,549.31,1,-1,-1,-1
213,43,1199.16,144.41,605.87,526.90,1,-1,-1,-1
213,49,25.45,278.77,445.90,354.67,1,-1,-1,-1
214,43,1205.92,133.21,583.70,516.92,1,-1,-1,-1
214,49,20.08,279.53,447.89,356.40,1,-1,-1,-1
215,43,1206.17,125.52,570.59,514.69,1,-1,-1,-1
215,49,14.06,280.07,450.20,358.80,1,-1,-1,-1
216,43,1209.00,118.47,553.25,507.32,1,-1,-1,-1
216,49,12.43,281.17,449.19,358.76,1,-1,-1,-1
217,43,1216.90,115.97,523.16,485.78,1,-1,-1,-1
217,49,8.64,282.82,450.70,360.90,1,-1,-1,-1
218,43,1217.46,107.07,506.18,475.64,1,-1,-1,-1
218,49,5.47,283.88,451.88,363.24,1,-1,-1,-1
218,50,958.47,180.71,221.65,173.25,1,-1,-1,-1
219,43,1220.33,100.36,492.89,469.28,1,-1,-1,-1
219,49,1.11,285.17,451.43,364.64,1,-1,-1,-1
219,50,955.03,179.95,223.42,174.70,1,-1,-1,-1
220,43,1224.82,97.25,476.07,457.93,1,-1,-1,-1
220,49,-4.05,286.00,453.67,368.66,1,-1,-1,-1
220,50,952.45,179.35,225.21,176.10,1,-1,-1,-1
221,43,1227.38,95.84,462.17,448.76,1,-1,-1,-1
221,49,-9.32,287.82,456.19,373.27,1,-1,-1,-1
222,43,1231.39,95.81,444.25,434.63,1,-1,-1,-1
222,49,-13.42,288.63,458.27,378.05,1,-1,-1,-1
223,43,1234.17,96.24,431.82,425.78,1,-1,-1,-1
223,49,-16.63,291.23,456.43,379.74,1,-1,-1,-1
224,43,1235.32,97.58,422.84,419.88,1,-1,-1,-1
224,49,-16.98,293.88,452.00,379.01,1,-1,-1,-1
225,43,1236.60,98.39,414.97,414.91,1,-1,-1,-1
225,49,-18.08,295.84,451.65,382.29,1,-1,-1,-1
226,43,1238.03,97.29,403.88,406.23,1,-1,-1,-1
226,49,-18.47,298.83,448.73,383.31,1,-1,-1,-1
227,43,1240.81,97.44,393.52,398.15,1,-1,-1,-1
227,49,-19.87,300.44,446.06,384.98,1,-1,-1,-1
228,43,1243.28,98.07,383.14,389.26,1,-1,-1,-1
228,49,-21.38,301.48,443.84,387.41,1,-1,-1,-1
229,43,1245.65,98.14,371.94,378.70,1,-1,-1,-1
229,49,-22.73,304.94,439.03,387.88,1,-1,-1,-1
230,43,1247.20,97.67,365.82,373.96,1,-1,-1,-1
230,49,-22.62,307.84,435.38,389.28,1,-1,-1,-1
231,43,1248.20,98.44,361.37,370.79,1,-1,-1,-1
231,49,-23.04,310.40,431.20,390.40,1,-1,-1,-1
232,43,1250.05,99.40,356.08,366.87,1,-1,-1,-1
232,49,-23.73,313.11,428.16,392.83,1,-1,-1,-1
233,43,1250.68,99.51,348.77,360.44,1,-1,-1,-1
233,49,-23.56,316.12,424.61,394.75,1,-1,-1,-1
234,43,1250.57,98.86,339.34,351.90,1,-1,-1,-1
234,49,-25.70,317.25,425.71,401.81,1,-1,-1,-1
235,43,1251.96,99.07,331.59,344.96,1,-1,-1,-1
235,49,-25.66,317.45,422.73,404.85,1,-1,-1,-1
236,43,1251.76,97.68,326.60,340.97,1,-1,-1,-1
236,49,-26.94,318.13,422.22,410.72,1,-1,-1,-1
237,43,1253.06,97.55,319.55,334.53,1,-1,-1,-1
237,49,-26.57,318.63,418.90,413.77,1,-1,-1,-1
238,43,1254.87,98.64,312.88,328.29,1,-1,-1,-1
238,49,-26.67,319.86,414.77,416.15,1,-1,-1,-1
239,43,1255.82,97.86,308.60,324.85,1,-1,-1,-1
239,49,-26.94,321.40,411.11,419.15,1,-1,-1,-1
240,43,1254.52,96.56,306.54,323.45,1,-1,-1,-1
240,49,-24.68,326.88,403.46,417.40,1,-1,-1,-1
241,43,1255.74,97.08,300.59,318.02,1,-1,-1,-1
241,49,-24.87,328.12,401.32,421.66,1,-1,-1,-1
242,43,1253.79,94.48,296.85,314.67,1,-1,-1,-1
242,49,-25.72,329.04,398.59,425.63,1,-1,-1,-1
242,52,841.74,210.32,283.53,222.34,1,-1,-1,-1
243,43,1251.49,92.83,294.05,311.92,1,-1,-1,-1
243,49,-24.97,331.75,393.59,426.89,1,-1,-1,-1
243,52,837.01,210.81,287.51,225.46,1,-1,-1,-1
244,43,1251.35,91.88,290.74,308.92,1,-1,-1,-1
244,49,-23.62,336.75,387.95,427.12,1,-1,-1,-1
244,52,829.98,211.74,292.27,228.99,1,-1,-1,-1
245,43,1251.10,91.22,285.84,303.81,1,-1,-1,-1
245,49,-23.57,339.27,384.16,429.53,1,-1,-1,-1
245,52,824.46,212.63,297.84,233.37,1,-1,-1,-1
246,43,1250.79,92.02,282.23,300.24,1,-1,-1,-1
246,49,-24.00,337.86,383.09,435.20,1,-1,-1,-1
246,52,817.94,212.29,304.33,238.38,1,-1,-1,-1
247,43,1252.46,92.24,277.18,294.95,1,-1,-1,-1
247,49,-22.95,339.68,378.07,436.04,1,-1,-1,-1
247,52,813.54,214.73,306.45,240.08,1,-1,-1,-1
248,43,1253.28,92.94,272.12,289.73,1,-1,-1,-1
248,49,-23.02,340.31,375.10,439.38,1,-1,-1,-1
248,52,807.11,215.26,311.36,244.12,1,-1,-1,-1
249,43,1253.16,93.13,267.93,285.15,1,-1,-1,-1
249,49,-21.15,343.60,370.45,440.11,1,-1,-1,-1
249,52,801.02,216.54,316.28,248.28,1,-1,-1,-1
250,43,1253.82,94.00,264.35,281.48,1,-1,-1,-1
250,49,-20.06,347.46,366.03,440.93,1,-1,-1,-1
250,52,794.90,216.65,322.76,253.73,1,-1,-1,-1
251,43,1253.77,93.32,262.11,278.87,1,-1,-1,-1
251,49,-21.17,349.07,363.43,444.50,1,-1,-1,-1
251,52,787.20,217.33,328.60,258.99,1,-1,-1,-1
252,43,1252.95,93.34,259.58,275.65,1,-1,-1,-1
252,49,-20.05,354.52,357.29,443.14,1,-1,-1,-1
252,52,780.24,219.40,332.94,263.27,1,-1,-1,-1
253,43,1253.96,94.44,255.29,270.48,1,-1,-1,-1
253,49,-20.40,355.00,354.61,446.32,1,-1,-1,-1
253,52,775.49,222.71,335.07,265.16,1,-1,-1,-1
254,43,1254.09,94.92,251.24,265.54,1,-1,-1,-1
254,49,-22.95,357.20,356.28,448.42,1,-1,-1,-1
254,52,768.74,223.98,340.11,269.63,1,-1,-1,-1
255,43,1253.92,95.38,246.79,260.31,1,-1,-1,-1
255,52,762.23,225.81,343.43,272.54,1,-1,-1,-1
256,43,1252.98,95.66,244.07,257.34,1,-1,-1,-1
256,52,753.96,227.61,348.40,276.64,1,-1,-1,-1
257,43,1251.96,96.08,240.80,254.16,1,-1,-1,-1
257,52,746.08,232.30,351.07,278.68,1,-1,-1,-1
258,43,1253.28,96.14,238.06,250.96,1,-1,-1,-1
258,52,737.16,236.94,357.14,283.79,1,-1,-1,-1
259,43,1253.66,95.86,235.01,247.56,1,-1,-1,-1
259,52,727.13,237.54,364.33,289.86,1,-1,-1,-1
260,43,1251.40,96.47,232.74,245.47,1,-1,-1,-1
260,52,719.36,241.18,369.96,294.08,1,-1,-1,-1
261,43,1251.20,99.36,227.76,240.67,1,-1,-1,-1
261,52,711.34,245.28,373.75,296.79,1,-1,-1,-1
262,43,1252.10,101.67,223.02,235.88,1,-1,-1,-1
262,52,703.98,248.37,377.14,299.14,1,-1,-1,-1
263,43,1251.77,102.79,219.43,232.20,1,-1,-1,-1
263,52,696.57,249.88,384.32,304.89,1,-1,-1,-1
264,43,1252.83,103.62,216.20,228.71,1,-1,-1,-1
264,52,685.03,250.35,394.17,312.66,1,-1,-1,-1
265,43,1252.15,104.22,213.50,225.88,1,-1,-1,-1
265,52,675.49,253.92,400.39,317.36,1,-1,-1,-1
266,43,1250.78,104.77,211.66,224.10,1,-1,-1,-1
266,52,665.20,256.06,408.49,324.16,1,-1,-1,-1
267,43,1250.63,105.05,210.07,222.69,1,-1,-1,-1
267,52,656.04,257.07,415.49,330.13,1,-1,-1,-1
268,43,1250.81,107.21,207.41,220.31,1,-1,-1,-1
268,52,649.42,263.28,419.02,332.80,1,-1,-1,-1
269,43,1249.10,109.25,206.07,218.93,1,-1,-1,-1
269,52,640.36,270.13,424.43,336.79,1,-1,-1,-1
270,43,1252.48,111.62,201.94,214.84,1,-1,-1,-1
270,52,628.45,274.27,435.60,346.09,1,-1,-1,-1
271,43,1255.23,113.77,196.51,209.87,1,-1,-1,-1
271,52,615.81,278.90,445.91,354.94,1,-1,-1,-1
271,56,1072.50,198.60,246.15,166.90,1,-1,-1,-1
272,43,1256.31,114.69,194.02,207.78,1,-1,-1,-1
272,52,604.87,285.25,453.85,361.59,1,-1,-1,-1
272,56,1098.38,199.09,245.80,165.78,1,-1,-1,-1
273,43,1256.68,115.92,191.07,204.62,1,-1,-1,-1
273,52,592.77,289.57,465.01,371.16,1,-1,-1,-1
273,56,1123.09,200.43,246.82,164.92,1,-1,-1,-1
274,52,576.85,292.48,481.32,385.87,1,-1,-1,-1
274,56,1146.05,200.55,249.92,165.14,1,-1,-1,-1
275,52,567.49,303.54,484.95,389.78,1,-1,-1,-1
275,56,1171.05,200.28,254.49,166.00,1,-1,-1,-1
276,52,554.89,311.96,494.75,399.33,1,-1,-1,-1
276,56,1195.25,201.52,259.37,166.61,1,-1,-1,-1
277,52,542.68,316.44,509.85,412.82,1,-1,-1,-1
277,56,1225.35,202.06,263.06,165.84,1,-1,-1,-1
277,57,1009.38,202.59,162.61,127.50,1,-1,-1,-1
278,52,529.02,324.18,520.75,423.45,1,-1,-1,-1
278,56,1253.28,203.02,269.11,166.52,1,-1,-1,-1
278,57,1008.64,202.56,162.30,127.25,1,-1,-1,-1
279,52,518.04,335.18,527.23,430.07,1,-1,-1,-1
279,56,1278.87,201.54,279.25,169.55,1,-1,-1,-1
280,52,509.09,351.02,529.97,433.63,1,-1,-1,-1
280,56,1302.85,201.78,288.36,171.13,1,-1,-1,-1
281,52,497.26,364.03,538.36,442.68,1,-1,-1,-1
281,56,1332.26,203.13,295.32,171.25,1,-1,-1,-1
281,58,1004.28,206.93,157.09,126.90,1,-1,-1,-1
282,52,483.02,374.03,552.62,457.19,1,-1,-1,-1
282,56,1358.19,201.89,303.82,172.21,1,-1,-1,-1
282,58,1000.28,206.97,158.63,128.13,1,-1,-1,-1
283,52,467.62,381.16,567.33,473.11,1,-1,-1,-1
283,56,1385.44,200.80,313.22,174.40,1,-1,-1,-1
283,58,996.79,206.59,160.78,129.94,1,-1,-1,-1
284,52,456.85,395.68,570.96,478.74,1,-1,-1,-1
284,56,1406.99,200.42,322.55,176.24,1,-1,-1,-1
284,58,993.44,206.27,162.13,131.10,1,-1,-1,-1
285,52,442.31,405.33,577.21,486.54,1,-1,-1,-1
285,56,1431.10,200.41,330.70,177.58,1,-1,-1,-1
285,58,990.40,205.81,162.87,131.73,1,-1,-1,-1
285,59,1252.47,123.60,179.94,190.60,1,-1,-1,-1
286,52,420.68,414.10,589.29,499.14,1,-1,-1,-1
286,56,1454.16,200.41,336.27,177.58,1,-1,-1,-1
286,58,986.79,206.15,163.98,132.50,1,-1,-1,-1
286,59,1253.32,125.09,177.20,187.51,1,-1,-1,-1
287,52,402.61,427.25,597.86,509.15,1,-1,-1,-1
287,56,1473.43,199.88,342.73,178.39,1,-1,-1,-1
287,58,983.06,205.78,165.01,133.31,1,-1,-1,-1
287,59,1253.14,125.05,175.95,185.94,1,-1,-1,-1
288,52,382.33,439.18,609.58,522.52,1,-1,-1,-1
288,56,1488.25,198.93,349.04,179.73,1,-1,-1,-1
288,58,980.13,205.76,165.87,134.01,1,-1,-1,-1
288,59,1250.95,123.65,176.71,186.66,1,-1,-1,-1
289,52,357.71,458.68,620.65,535.45,1,-1,-1,-1
289,56,1507.07,199.00,356.15,180.67,1,-1,-1,-1
289,58,976.97,205.91,166.44,134.45,1,-1,-1,-1
289,59,1249.83,123.95,175.33,185.35,1,-1,-1,-1
290,52,333.36,472.33,633.81,549.79,1,-1,-1,-1
290,56,1521.82,198.10,363.01,181.51,1,-1,-1,-1
290,58,973.17,205.64,168.42,135.80,1,-1,-1,-1
290,59,1248.72,124.68,173.01,182.88,1,-1,-1,-1
291,52,302.80,492.82,641.46,558.83,1,-1,-1,-1
291,56,1535.28,198.63,365.76,180.79,1,-1,-1,-1
291,58,969.90,205.19,170.25,137.00,1,-1,-1,-1
291,59,1247.52,124.04,172.77,182.56,1,-1,-1,-1
292,52,277.32,509.32,643.55,560.32,1,-1,-1,-1
292,56,1543.41,198.91,368.77,181.08,1,-1,-1,-1
292,58,967.99,205.73,170.92,137.24,1,-1,-1,-1
292,59,1246.40,124.15,171.82,181.35,1,-1,-1,-1
293,52,247.72,521.65,643.86,557.66,1,-1,-1,-1
293,56,1549.86,198.75,369.33,180.76,1,-1,-1,-1
293,58,964.44,206.37,172.16,137.89,1,-1,-1,-1
293,59,1244.98,124.86,170.33,179.53,1,-1,-1,-1
294,52,220.98,536.45,638.06,545.85,1,-1,-1,-1
294,56,1555.49,199.35,368.28,180.13,1,-1,-1,-1
294,58,960.12,205.79,174.36,139.32,1,-1,-1,-1
294,59,1243.09,125.46,169.00,177.98,1,-1,-1,-1
294,60,638.67,316.91,378.64,291.84,1,-1,-1,-1
295,52,194.19,552.02,631.02,531.24,1,-1,-1,-1
295,56,1561.82,200.15,366.34,179.59,1,-1,-1,-1
295,58,956.83,206.63,175.36,139.75,1,-1,-1,-1
295,59,1242.00,126.57,167.58,176.30,1,-1,-1,-1
295,60,624.03,320.12,389.93,300.52,1,-1,-1,-1
296,52,162.29,563.17,631.12,521.07,1,-1,-1,-1
296,56,1567.80,200.56,363.85,179.19,1,-1,-1,-1
296,58,952.92,207.26,177.65,141.14,1,-1,-1,-1
296,59,1239.95,127.30,167.18,175.54,1,-1,-1,-1
296,60,608.42,322.58,402.69,310.40,1,-1,-1,-1
297,52,129.58,579.34,627.56,505.82,1,-1,-1,-1
297,56,1575.31,201.01,361.51,179.54,1,-1,-1,-1
297,58,949.90,207.86,178.83,141.67,1,-1,-1,-1
297,59,1239.35,128.41,165.12,173.10,1,-1,-1,-1
297,60,596.71,326.78,409.77,315.92,1,-1,-1,-1
298,52,108.23,592.06,628.15,506.30,1,-1,-1,-1
298,56,1585.08,201.57,354.21,177.57,1,-1,-1,-1
298,58,946.85,207.26,181.25,143.22,1,-1,-1,-1
298,59,1238.49,129.61,163.03,170.76,1,-1,-1,-1
298,60,583.13,330.67,421.17,325.04,1,-1,-1,-1
299,56,1593.19,201.61,350.21,177.81,1,-1,-1,-1
299,58,944.26,207.15,183.69,145.08,1,-1,-1,-1
299,59,1237.96,130.36,161.22,169.07,1,-1,-1,-1
299,60,573.67,335.29,425.28,328.54,1,-1,-1,-1
300,56,1600.99,200.71,346.31,178.56,1,-1,-1,-1
300,58,941.80,207.16,185.00,145.99,1,-1,-1,-1
300,59,1237.38,131.93,158.64,166.71,1,-1,-1,-1
300,60,562.20,341.32,433.96,335.85,1,-1,-1,-1
301,56,1608.64,200.19,342.09,179.53,1,-1,-1,-1
301,58,939.46,208.38,185.38,146.07,1,-1,-1,-1
301,59,1236.80,131.95,158.36,166.75,1,-1,-1,-1
301,60,552.77,350.75,438.45,339.90,1,-1,-1,-1
302,56,1616.88,200.73,334.83,178.94,1,-1,-1,-1
302,58,937.36,209.55,185.52,145.90,1,-1,-1,-1
302,59,1236.33,132.32,157.52,166.10,1,-1,-1,-1
302,60,541.90,360.06,444.98,345.59,1,-1,-1,-1
303,56,1623.26,198.10,332.01,181.29,1,-1,-1,-1
303,58,935.11,210.31,185.98,146.18,1,-1,-1,-1
303,59,1236.47,133.27,156.54,165.49,1,-1,-1,-1
303,60,530.47,367.38,452.45,352.48,1,-1,-1,-1
304,56,1629.67,194.76,328.58,183.71,1,-1,-1,-1
304,58,933.39,211.71,186.35,146.21,1,-1,-1,-1
304,59,1236.99,134.15,155.81,164.95,1,-1,-1,-1
304,60,519.89,377.33,456.72,356.69,1,-1,-1,-1
305,56,1638.69,194.18,329.61,184.29,1,-1,-1,-1
305,58,930.76,212.98,187.02,146.54,1,-1,-1,-1
305,59,1238.36,135.08,154.26,163.41,1,-1,-1,-1
305,60,508.71,384.89,465.83,365.35,1,-1,-1,-1
306,58,926.34,212.13,189.75,148.41,1,-1,-1,-1
306,59,1238.87,135.65,153.23,162.18,1,-1,-1,-1
306,60,499.79,393.81,468.26,368.20,1,-1,-1,-1
307,58,921.52,211.85,192.67,150.37,1,-1,-1,-1
307,59,1239.28,134.85,152.24,161.02,1,-1,-1,-1
307,60,488.66,400.61,474.03,373.72,1,-1,-1,-1
308,58,918.63,212.28,194.59,151.28,1,-1,-1,-1
308,59,1239.96,134.96,151.00,159.42,1,-1,-1,-1
308,60,475.44,408.52,480.46,379.81,1,-1,-1,-1
309,58,915.72,212.63,195.72,152.17,1,-1,-1,-1
309,59,1241.09,135.45,150.71,158.74,1,-1,-1,-1
309,60,465.74,419.90,484.97,384.30,1,-1,-1,-1
310,59,1242.56,136.53,149.76,157.48,1,-1,-1,-1
310,60,453.08,430.38,491.61,390.67,1,-1,-1,-1
310,65,175.87,325.59,401.60,302.14,1,-1,-1,-1
311,59,1242.50,138.17,149.32,156.54,1,-1,-1,-1
311,60,440.13,438.58,500.10,399.18,1,-1,-1,-1
311,65,157.62,328.08,412.66,310.51,1,-1,-1,-1
311,67,1493.18,178.69,276.84,138.66,1,-1,-1,-1
312,59,1243.28,139.28,148.40,155.20,1,-1,-1,-1
312,60,429.52,447.33,505.73,405.29,1,-1,-1,-1
312,65,137.76,332.87,417.51,314.32,1,-1,-1,-1
312,67,1467.24,181.22,274.11,136.38,1,-1,-1,-1
312,68,904.17,214.12,213.62,159.99,1,-1,-1,-1
313,59,1244.51,138.89,148.05,154.79,1,-1,-1,-1
313,60,418.88,457.25,509.85,409.83,1,-1,-1,-1
313,65,121.84,335.43,424.38,319.85,1,-1,-1,-1
313,67,1440.18,182.07,273.29,135.08,1,-1,-1,-1
313,68,903.17,215.06,213.20,159.85,1,-1,-1,-1
314,59,1245.93,139.44,146.96,153.37,1,-1,-1,-1
314,60,408.59,466.73,512.12,412.48,1,-1,-1,-1
314,65,106.81,339.94,427.94,322.81,1,-1,-1,-1
314,67,1406.78,180.94,277.10,136.07,1,-1,-1,-1
314,68,902.68,216.62,212.58,159.45,1,-1,-1,-1
315,59,1246.87,139.62,145.55,151.44,1,-1,-1,-1
315,60,397.76,476.16,513.99,414.53,1,-1,-1,-1
315,65,90.20,342.67,432.79,327.06,1,-1,-1,-1
315,67,1375.52,180.12,280.82,137.19,1,-1,-1,-1
315,68,900.55,216.87,214.96,161.34,1,-1,-1,-1
316,59,1247.95,139.80,143.71,148.82,1,-1,-1,-1
316,60,386.38,485.18,516.53,417.11,1,-1,-1,-1
316,65,72.87,346.56,439.78,333.46,1,-1,-1,-1
316,67,1338.74,179.77,284.42,138.04,1,-1,-1,-1
316,68,898.18,217.67,216.22,162.19,1,-1,-1,-1
317,59,1248.69,140.29,142.38,147.44,1,-1,-1,-1
317,60,373.07,495.07,521.82,421.89,1,-1,-1,-1
317,65,57.42,353.88,443.11,336.92,1,-1,-1,-1
317,67,1303.36,181.61,286.94,138.49,1,-1,-1,-1
317,68,895.87,218.77,219.81,164.88,1,-1,-1,-1
318,60,358.92,503.23,528.67,428.09,1,-1,-1,-1
318,65,41.39,361.31,446.16,340.22,1,-1,-1,-1
318,67,1271.75,181.18,294.03,141.21,1,-1,-1,-1
318,68,895.20,219.49,222.73,166.96,1,-1,-1,-1
319,60,347.40,513.64,530.89,430.20,1,-1,-1,-1
319,65,23.98,365.70,453.15,347.60,1,-1,-1,-1
319,67,1243.26,181.06,296.80,142.21,1,-1,-1,-1
319,68,894.09,220.77,225.23,168.67,1,-1,-1,-1
320,60,334.34,522.73,535.27,433.97,1,-1,-1,-1
320,65,8.68,373.13,457.82,353.43,1,-1,-1,-1
320,67,1217.40,183.44,294.63,140.50,1,-1,-1,-1
320,68,892.81,221.70,226.75,169.81,1,-1,-1,-1
321,60,320.67,531.17,541.85,440.04,1,-1,-1,-1
321,65,-1.58,380.14,456.95,354.69,1,-1,-1,-1
321,67,1191.43,184.89,294.33,140.03,1,-1,-1,-1
322,60,306.74,541.52,549.71,447.02,1,-1,-1,-1
322,65,-10.38,387.42,456.50,356.73,1,-1,-1,-1
322,67,1165.00,185.21,294.88,140.30,1,-1,-1,-1
323,60,289.99,550.70,559.38,455.42,1,-1,-1,-1
323,65,-18.53,393.98,456.65,359.89,1,-1,-1,-1
323,67,1144.57,185.96,296.30,141.24,1,-1,-1,-1
324,60,275.07,561.61,568.42,463.43,1,-1,-1,-1
324,65,-23.60,402.50,456.04,363.14,1,-1,-1,-1
324,67,1124.32,188.28,295.53,141.45,1,-1,-1,-1
325,60,260.64,570.47,571.51,466.24,1,-1,-1,-1
325,65,-25.86,411.07,454.74,366.14,1,-1,-1,-1
325,67,1105.29,187.25,297.18,143.70,1,-1,-1,-1
326,60,246.37,578.10,575.89,469.51,1,-1,-1,-1
326,65,-38.56,417.02,459.56,370.02,1,-1,-1,-1
326,67,1089.22,189.55,292.25,142.60,1,-1,-1,-1
327,60,234.49,586.44,580.62,472.51,1,-1,-1,-1
327,67,1071.56,191.74,284.88,141.07,1,-1,-1,-1
328,60,224.57,592.44,583.50,473.15,1,-1,-1,-1
328,67,1058.48,191.23,281.78,142.27,1,-1,-1,-1
329,60,211.96,598.72,587.23,473.54,1,-1,-1,-1
329,67,1035.72,191.97,282.28,142.52,1,-1,-1,-1
330,60,202.77,603.20,588.87,471.69,1,-1,-1,-1
330,70,1384.51,144.86,120.49,109.70,1,-1,-1,-1
330,71,866.14,233.53,251.61,193.51,1,-1,-1,-1
330,72,1256.58,141.14,131.72,141.30,1,-1,-1,-1
331,60,201.94,605.18,576.26,456.02,1,-1,-1,-1
331,70,1384.80,145.49,120.97,110.18,1,-1,-1,-1
331,71,864.01,236.57,253.16,194.77,1,-1,-1,-1
331,72,1257.03,140.71,130.76,140.29,1,-1,-1,-1
332,60,192.61,609.10,570.52,445.99,1,-1,-1,-1
332,70,1384.36,146.32,121.58,110.77,1,-1,-1,-1
332,71,860.79,238.95,254.76,196.09,1,-1,-1,-1
332,72,1256.54,141.03,129.83,139.21,1,-1,-1,-1
333,60,182.90,612.89,572.04,441.94,1,-1,-1,-1
333,70,1384.38,147.09,121.99,111.17,1,-1,-1,-1
333,71,857.59,241.64,257.44,198.17,1,-1,-1,-1
333,72,1257.14,142.11,128.39,137.47,1,-1,-1,-1
334,60,165.70,616.06,587.86,450.14,1,-1,-1,-1
334,70,1384.95,147.13,121.76,110.92,1,-1,-1,-1
334,71,854.01,243.54,259.80,199.87,1,-1,-1,-1
334,72,1257.53,141.78,128.04,136.78,1,-1,-1,-1
335,60,151.15,620.26,595.74,452.71,1,-1,-1,-1
335,70,1384.72,146.57,121.60,110.72,1,-1,-1,-1
335,71,849.24,244.20,263.31,202.31,1,-1,-1,-1
335,72,1257.07,140.58,128.27,136.67,1,-1,-1,-1
336,60,139.80,624.62,600.39,452.09,1,-1,-1,-1
336,70,1384.59,145.68,121.86,110.85,1,-1,-1,-1
336,71,843.81,245.14,267.48,205.16,1,-1,-1,-1
336,72,1256.65,139.20,128.06,136.02,1,-1,-1,-1
337,60,126.27,627.49,604.17,451.37,1,-1,-1,-1
337,70,1384.84,144.83,121.52,110.33,1,-1,-1,-1
337,71,839.89,244.97,271.79,208.22,1,-1,-1,-1
337,72,1255.95,138.34,128.28,135.76,1,-1,-1,-1
338,60,114.82,632.30,606.68,449.62,1,-1,-1,-1
338,70,1384.76,144.78,121.34,109.92,1,-1,-1,-1
338,71,836.52,247.01,274.32,209.78,1,-1,-1,-1
338,72,1255.18,137.55,129.22,136.39,1,-1,-1,-1
339,60,109.78,637.12,607.64,445.67,1,-1,-1,-1
339,70,1383.89,144.97,121.93,110.31,1,-1,-1,-1
339,71,830.53,247.83,279.19,213.22,1,-1,-1,-1
339,72,1254.31,137.01,129.88,136.83,1,-1,-1,-1
340,60,106.41,642.31,608.07,440.70,1,-1,-1,-1
340,70,1383.61,145.30,122.64,110.74,1,-1,-1,-1
340,71,824.11,250.01,284.21,216.67,1,-1,-1,-1
340,72,1253.93,137.24,130.11,136.76,1,-1,-1,-1
341,60,99.64,646.41,610.04,436.52,1,-1,-1,-1
341,70,1382.93,145.59,123.35,111.33,1,-1,-1,-1
341,71,819.49,253.59,286.74,218.10,1,-1,-1,-1
341,72,1254.14,137.75,129.13,135.38,1,-1,-1,-1
342,60,94.00,649.92,612.34,432.88,1,-1,-1,-1
342,70,1382.97,145.68,123.03,110.93,1,-1,-1,-1
342,71,812.96,255.02,293.07,222.59,1,-1,-1,-1
342,72,1254.21,137.94,128.31,134.06,1,-1,-1,-1
342,73,805.49,600.81,1104.39,473.52,1,-1,-1,-1
343,60,87.54,654.16,614.65,428.84,1,-1,-1,-1
343,70,1383.30,146.09,122.09,109.79,1,-1,-1,-1
343,71,807.45,257.59,296.91,224.70,1,-1,-1,-1
343,72,1254.34,138.43,127.16,132.21,1,-1,-1,-1
343,73,827.64,579.81,1139.77,493.56,1,-1,-1,-1
344,60,77.58,657.56,619.22,426.09,1,-1,-1,-1
344,70,1383.60,145.82,121.99,109.44,1,-1,-1,-1
344,71,801.16,258.98,301.86,227.80,1,-1,-1,-1
344,72,1254.25,138.31,127.00,131.45,1,-1,-1,-1
344,73,845.74,558.46,1168.73,513.73,1,-1,-1,-1
345,60,71.17,660.57,623.16,423.34,1,-1,-1,-1
345,70,1383.64,145.69,121.95,109.20,1,-1,-1,-1
345,71,792.99,259.55,309.14,232.83,1,-1,-1,-1
345,72,1254.25,138.79,126.30,130.16,1,-1,-1,-1
345,73,864.32,535.49,1192.58,535.12,1,-1,-1,-1
346,60,66.27,663.05,627.33,421.05,1,-1,-1,-1
346,70,1384.07,146.36,121.43,108.44,1,-1,-1,-1
346,71,785.29,261.28,315.00,236.92,1,-1,-1,-1
346,72,1253.66,138.80,126.33,129.63,1,-1,-1,-1
346,73,876.82,514.89,1203.65,554.30,1,-1,-1,-1
347,60,62.01,665.53,630.96,418.71,1,-1,-1,-1
347,70,1384.66,146.56,121.03,107.80,1,-1,-1,-1
347,71,778.20,263.66,319.70,240.07,1,-1,-1,-1
347,72,1252.52,138.59,126.93,129.89,1,-1,-1,-1
347,73,895.27,496.96,1199.44,569.15,1,-1,-1,-1
348,60,58.28,667.21,634.57,416.80,1,-1,-1,-1
348,70,1384.46,146.71,121.37,107.97,1,-1,-1,-1
348,71,772.03,267.09,322.86,241.98,1,-1,-1,-1
348,72,1252.18,138.37,127.19,129.96,1,-1,-1,-1
348,73,921.24,480.15,1169.99,573.58,1,-1,-1,-1
349,60,54.30,668.60,638.34,415.38,1,-1,-1,-1
349,70,1384.23,146.46,122.47,109.01,1,-1,-1,-1
349,71,765.05,269.78,326.94,244.80,1,-1,-1,-1
349,72,1252.61,138.43,126.92,129.54,1,-1,-1,-1
349,73,954.53,460.19,1122.85,569.59,1,-1,-1,-1
350,60,51.31,670.35,641.25,413.63,1,-1,-1,-1
350,70,1384.39,146.12,123.00,109.51,1,-1,-1,-1
350,71,757.77,272.03,331.81,248.17,1,-1,-1,-1
350,72,1252.45,137.85,127.33,129.84,1,-1,-1,-1
350,73,992.25,439.29,1060.25,556.34,1,-1,-1,-1
351,60,49.29,671.69,644.42,412.21,1,-1,-1,-1
351,70,1382.90,145.84,123.06,109.62,1,-1,-1,-1
351,71,750.40,274.24,336.31,251.11,1,-1,-1,-1
351,72,1252.33,137.70,126.99,129.27,1,-1,-1,-1
351,73,1025.68,421.85,987.79,535.93,1,-1,-1,-1
352,60,46.22,671.71,649.30,412.24,1,-1,-1,-1
352,70,1382.84,145.39,123.24,109.79,1,-1,-1,-1
352,71,742.92,276.35,340.94,254.23,1,-1,-1,-1
352,72,1252.06,137.28,127.00,129.13,1,-1,-1,-1
352,73,1049.61,399.90,939.30,526.96,1,-1,-1,-1
353,60,41.75,672.13,653.53,412.01,1,-1,-1,-1
353,70,1382.97,145.47,123.16,109.73,1,-1,-1,-1
353,71,736.87,279.16,344.43,256.51,1,-1,-1,-1
353,72,1252.07,137.03,127.12,129.14,1,-1,-1,-1
353,73,1076.01,386.16,885.89,512.91,1,-1,-1,-1
354,60,38.78,673.22,655.80,410.93,1,-1,-1,-1
354,70,1382.74,145.72,123.52,110.11,1,-1,-1,-1
354,71,731.12,282.06,346.56,257.73,1,-1,-1,-1
354,72,1252.02,137.08,126.81,128.72,1,-1,-1,-1
354,73,1092.12,374.23,847.12,506.00,1,-1,-1,-1
355,60,36.17,675.35,656.93,409.04,1,-1,-1,-1
355,70,1382.68,146.05,123.52,110.11,1,-1,-1,-1
355,71,725.13,285.25,348.25,258.45,1,-1,-1,-1
355,72,1251.55,137.13,126.68,128.50,1,-1,-1,-1
355,73,1100.72,355.55,823.84,507.52,1,-1,-1,-1
356,60,34.99,676.99,658.55,407.53,1,-1,-1,-1
356,70,1383.23,146.19,123.22,109.79,1,-1,-1,-1
356,71,717.47,287.10,352.20,260.94,1,-1,-1,-1
356,72,1251.22,137.12,126.47,128.19,1,-1,-1,-1
356,73,1113.66,338.75,795.58,504.85,1,-1,-1,-1
357,60,31.99,677.51,661.46,407.13,1,-1,-1,-1
357,70,1383.35,145.82,123.39,109.91,1,-1,-1,-1
357,71,709.14,288.32,357.80,264.64,1,-1,-1,-1
357,72,1251.13,137.00,126.20,127.85,1,-1,-1,-1
357,73,1125.12,323.28,767.89,501.08,1,-1,-1,-1
358,60,28.37,678.19,664.23,406.76,1,-1,-1,-1
358,70,1383.35,145.81,123.42,109.93,1,-1,-1,-1
358,71,702.53,289.26,362.89,268.32,1,-1,-1,-1
358,72,1251.12,136.81,125.75,127.30,1,-1,-1,-1
358,73,1138.61,308.58,734.73,491.65,1,-1,-1,-1
359,60,25.32,678.94,666.36,406.16,1,-1,-1,-1
359,71,695.61,290.59,368.32,272.37,1,-1,-1,-1
359,72,1251.49,136.88,124.89,126.22,1,-1,-1,-1
359,73,1147.38,297.45,708.86,485.61,1,-1,-1,-1
