3,1,1087.14,289.26,632.19,497.88,1,-1,-1,-1
3,2,381.48,102.28,227.99,186.34,1,-1,-1,-1
4,1,1109.19,294.57,640.95,505.10,1,-1,-1,-1
4,2,375.08,102.61,229.20,187.33,1,-1,-1,-1
5,1,1127.61,302.84,652.81,515.13,1,-1,-1,-1
5,2,369.57,103.55,231.11,188.98,1,-1,-1,-1
6,1,1133.59,305.42,656.01,518.44,1,-1,-1,-1
6,2,367.93,103.71,231.72,189.59,1,-1,-1,-1
7,1,1153.27,314.12,661.08,522.97,1,-1,-1,-1
7,2,364.52,104.59,232.83,190.50,1,-1,-1,-1
8,1,1171.81,320.71,671.38,532.22,1,-1,-1,-1
8,2,358.37,104.74,234.45,191.71,1,-1,-1,-1
9,1,1190.95,327.50,684.32,543.79,1,-1,-1,-1
9,2,353.53,104.44,236.02,192.77,1,-1,-1,-1
10,1,1218.77,335.63,687.29,547.25,1,-1,-1,-1
10,2,349.04,106.59,236.30,192.90,1,-1,-1,-1
11,1,1238.62,344.94,690.90,551.91,1,-1,-1,-1
11,2,344.72,108.24,237.14,193.42,1,-1,-1,-1
12,1,1255.16,357.14,685.31,549.88,1,-1,-1,-1
12,2,338.99,108.51,238.63,194.62,1,-1,-1,-1
12,4,1498.28,142.38,353.25,274.50,1,-1,-1,-1
13,1,1264.95,367.74,684.92,553.59,1,-1,-1,-1
13,2,333.06,108.94,241.00,196.55,1,-1,-1,-1
13,4,1474.24,136.05,360.11,280.27,1,-1,-1,-1
14,1,1277.25,379.00,685.00,560.26,1,-1,-1,-1
14,2,327.19,109.63,242.83,198.24,1,-1,-1,-1
14,4,1454.64,133.95,362.16,282.46,1,-1,-1,-1
15,1,1285.01,389.35,692.94,576.58,1,-1,-1,-1
15,2,320.86,109.42,245.48,200.94,1,-1,-1,-1
15,4,1438.12,129.12,362.02,283.02,1,-1,-1,-1
16,1,1300.77,405.35,686.92,583.02,1,-1,-1,-1
16,2,315.26,110.07,247.93,202.97,1,-1,-1,-1
16,4,1427.81,129.63,353.17,276.53,1,-1,-1,-1
17,1,1315.82,419.45,681.85,592.43,1,-1,-1,-1
17,2,309.95,112.33,247.72,202.79,1,-1,-1,-1
17,4,1416.99,131.39,344.63,270.19,1,-1,-1,-1
18,1,1330.31,433.88,673.64,600.34,1,-1,-1,-1
18,2,305.41,113.00,248.90,203.72,1,-1,-1,-1
18,4,1406.39,130.84,339.69,266.76,1,-1,-1,-1
19,1,1342.17,444.05,681.38,607.24,1,-1,-1,-1
19,2,299.25,112.58,252.05,206.49,1,-1,-1,-1
19,4,1395.76,127.24,336.27,264.75,1,-1,-1,-1
20,2,292.38,112.74,255.12,209.41,1,-1,-1,-1
20,4,1386.60,127.13,330.18,260.50,1,-1,-1,-1
21,2,285.53,112.72,257.96,212.03,1,-1,-1,-1
21,4,1373.30,121.07,332.19,263.40,1,-1,-1,-1
22,2,283.17,112.80,258.81,212.98,1,-1,-1,-1
22,4,1369.40,118.99,331.94,264.46,1,-1,-1,-1
23,2,282.53,112.84,258.89,213.28,1,-1,-1,-1
23,4,1369.04,118.38,330.91,264.83,1,-1,-1,-1
24,2,282.59,112.85,258.60,213.22,1,-1,-1,-1
24,4,1369.60,118.14,329.95,265.18,1,-1,-1,-1
25,2,283.46,113.32,257.92,212.79,1,-1,-1,-1
25,4,1370.35,117.94,329.21,265.67,1,-1,-1,-1
26,2,284.03,113.47,257.53,212.59,1,-1,-1,-1
26,4,1371.37,117.94,328.21,265.92,1,-1,-1,-1
27,2,284.42,113.50,257.22,212.43,1,-1,-1,-1
27,4,1372.46,117.93,327.34,266.19,1,-1,-1,-1
28,2,284.69,113.49,257.07,212.42,1,-1,-1,-1
28,4,1373.45,118.02,326.38,266.32,1,-1,-1,-1
29,2,284.92,113.47,256.92,212.39,1,-1,-1,-1
29,4,1374.35,118.09,325.41,266.36,1,-1,-1,-1
30,2,285.16,113.45,256.75,212.34,1,-1,-1,-1
30,4,1375.19,118.16,324.46,266.34,1,-1,-1,-1
31,2,285.40,113.47,256.56,212.25,1,-1,-1,-1
31,4,1375.97,118.27,323.60,266.32,1,-1,-1,-1
32,2,260.02,119.87,272.66,226.24,1,-1,-1,-1
32,4,1309.94,118.69,295.84,243.44,1,-1,-1,-1
33,2,249.74,123.01,280.86,233.82,1,-1,-1,-1
33,4,1278.97,118.35,284.02,233.91,1,-1,-1,-1
34,2,245.90,126.43,284.65,237.65,1,-1,-1,-1
34,4,1263.70,117.43,277.96,228.24,1,-1,-1,-1
34,5,1608.60,167.53,296.03,310.31,1,-1,-1,-1
35,2,244.31,129.37,287.46,240.40,1,-1,-1,-1
35,4,1253.35,118.51,273.98,224.18,1,-1,-1,-1
35,5,1604.16,163.40,293.46,305.86,1,-1,-1,-1
36,2,244.69,131.91,288.81,241.75,1,-1,-1,-1
36,4,1243.38,116.22,274.16,223.87,1,-1,-1,-1
36,5,1593.32,157.85,296.22,305.85,1,-1,-1,-1
37,2,244.88,131.90,292.38,245.03,1,-1,-1,-1
37,4,1233.19,113.75,273.70,223.16,1,-1,-1,-1
37,5,1583.78,155.62,295.65,300.77,1,-1,-1,-1
38,2,247.07,134.36,292.40,244.74,1,-1,-1,-1
38,4,1221.60,111.14,273.72,223.20,1,-1,-1,-1
38,5,1573.92,152.24,297.79,297.25,1,-1,-1,-1
39,2,247.76,135.88,294.12,246.08,1,-1,-1,-1
39,4,1211.25,109.45,273.95,224.06,1,-1,-1,-1
39,5,1558.48,150.88,297.98,291.36,1,-1,-1,-1
40,2,248.05,136.48,294.75,246.50,1,-1,-1,-1
40,4,1208.14,108.91,273.67,224.43,1,-1,-1,-1
40,5,1551.36,150.58,302.07,289.39,1,-1,-1,-1
41,2,248.78,137.26,294.77,246.46,1,-1,-1,-1
41,4,1207.50,108.24,273.87,225.24,1,-1,-1,-1
41,5,1546.70,151.06,307.49,289.02,1,-1,-1,-1
42,2,249.01,138.58,302.89,253.28,1,-1,-1,-1
42,4,1191.38,105.92,271.59,223.86,1,-1,-1,-1
42,5,1519.47,145.80,303.04,280.37,1,-1,-1,-1
43,2,250.77,141.62,306.99,256.69,1,-1,-1,-1
43,4,1180.02,103.89,270.80,223.81,1,-1,-1,-1
43,5,1498.34,141.41,303.06,275.99,1,-1,-1,-1
44,2,253.84,144.80,309.71,258.99,1,-1,-1,-1
44,4,1173.70,105.08,266.05,220.02,1,-1,-1,-1
44,5,1479.21,138.27,304.26,273.11,1,-1,-1,-1
45,2,257.74,148.16,311.58,260.46,1,-1,-1,-1
45,4,1166.18,104.54,263.68,218.47,1,-1,-1,-1
45,5,1461.91,135.81,305.66,270.79,1,-1,-1,-1
46,2,261.25,151.91,314.21,262.39,1,-1,-1,-1
46,4,1158.18,102.78,264.18,219.17,1,-1,-1,-1
46,5,1446.45,134.05,305.09,266.96,1,-1,-1,-1
47,2,263.44,155.37,319.53,266.35,1,-1,-1,-1
47,4,1153.82,104.67,259.63,215.47,1,-1,-1,-1
47,5,1431.36,132.98,304.40,263.61,1,-1,-1,-1
48,2,264.29,156.00,326.01,271.57,1,-1,-1,-1
48,4,1149.34,104.98,255.69,212.12,1,-1,-1,-1
48,5,1418.01,131.16,305.53,262.30,1,-1,-1,-1
49,2,267.19,159.94,328.86,273.23,1,-1,-1,-1
49,4,1143.55,104.72,252.87,209.70,1,-1,-1,-1
49,5,1404.71,130.19,305.64,260.49,1,-1,-1,-1
50,2,269.29,163.35,334.16,276.81,1,-1,-1,-1
50,4,1136.59,104.23,251.16,208.54,1,-1,-1,-1
50,5,1391.83,128.17,305.49,258.85,1,-1,-1,-1
51,2,269.57,165.22,341.59,282.37,1,-1,-1,-1
51,4,1131.56,105.13,247.54,205.55,1,-1,-1,-1
51,5,1379.87,126.32,304.93,257.03,1,-1,-1,-1
52,2,269.37,165.75,344.81,284.53,1,-1,-1,-1
52,4,1130.10,105.44,246.32,204.56,1,-1,-1,-1
52,5,1375.51,125.58,305.91,256.64,1,-1,-1,-1
53,2,269.05,165.89,346.26,285.27,1,-1,-1,-1
53,4,1129.80,105.60,245.96,204.31,1,-1,-1,-1
53,5,1374.06,125.51,307.04,256.53,1,-1,-1,-1
54,2,268.74,165.86,346.97,285.44,1,-1,-1,-1
54,4,1129.91,105.66,245.92,204.31,1,-1,-1,-1
54,5,1373.71,125.73,307.94,256.29,1,-1,-1,-1
55,2,268.49,165.84,347.33,285.34,1,-1,-1,-1
55,4,1130.34,105.76,245.88,204.29,1,-1,-1,-1
55,5,1373.47,125.92,309.10,256.33,1,-1,-1,-1
56,2,268.21,165.73,347.62,285.23,1,-1,-1,-1
56,4,1130.67,105.57,246.11,204.53,1,-1,-1,-1
56,5,1373.47,126.12,310.08,256.29,1,-1,-1,-1
57,2,267.95,165.62,347.90,285.14,1,-1,-1,-1
57,4,1130.95,105.44,246.33,204.77,1,-1,-1,-1
57,5,1373.48,126.25,311.03,256.29,1,-1,-1,-1
58,2,267.76,165.49,348.12,285.03,1,-1,-1,-1
58,4,1131.27,105.46,246.40,204.88,1,-1,-1,-1
58,5,1373.53,126.36,311.93,256.32,1,-1,-1,-1
59,2,267.62,165.47,348.27,284.89,1,-1,-1,-1
59,4,1131.66,105.65,246.14,204.71,1,-1,-1,-1
59,5,1373.70,126.53,312.63,256.26,1,-1,-1,-1
60,2,267.47,165.43,348.42,284.78,1,-1,-1,-1
60,4,1131.94,105.77,246.02,204.64,1,-1,-1,-1
60,5,1373.80,126.71,313.25,256.18,1,-1,-1,-1
61,2,267.50,165.98,348.40,284.48,1,-1,-1,-1
61,4,1132.45,106.04,245.49,204.20,1,-1,-1,-1
61,5,1373.40,126.54,314.60,256.80,1,-1,-1,-1
62,2,295.46,195.04,370.39,301.46,1,-1,-1,-1
62,4,1080.93,96.45,248.62,207.19,1,-1,-1,-1
62,5,1295.66,122.65,296.75,241.01,1,-1,-1,-1
63,2,307.41,208.26,383.01,310.81,1,-1,-1,-1
63,4,1058.43,91.35,250.55,209.94,1,-1,-1,-1
63,5,1284.06,121.69,293.75,238.57,1,-1,-1,-1
64,2,313.50,215.36,391.26,316.47,1,-1,-1,-1
64,4,1047.26,89.15,249.61,210.17,1,-1,-1,-1
64,7,325.62,96.44,219.53,161.36,1,-1,-1,-1
65,2,316.14,219.24,398.29,321.14,1,-1,-1,-1
65,4,1038.94,83.81,253.10,213.53,1,-1,-1,-1
65,7,315.77,94.50,224.39,165.55,1,-1,-1,-1
66,2,318.68,225.00,404.12,324.87,1,-1,-1,-1
66,4,1032.02,84.33,249.59,211.36,1,-1,-1,-1
66,7,307.03,91.93,228.86,169.71,1,-1,-1,-1
67,2,321.45,230.08,409.25,328.25,1,-1,-1,-1
67,4,1027.24,86.65,246.61,208.71,1,-1,-1,-1
67,7,299.92,88.67,233.34,174.12,1,-1,-1,-1
68,2,323.55,233.70,414.52,331.74,1,-1,-1,-1
68,4,1022.08,87.92,245.08,207.43,1,-1,-1,-1
68,7,292.87,86.47,234.72,176.55,1,-1,-1,-1
68,9,1204.47,117.62,283.14,222.39,1,-1,-1,-1
69,2,322.90,234.42,424.19,339.39,1,-1,-1,-1
69,4,1019.04,88.19,240.47,203.13,1,-1,-1,-1
69,7,288.71,85.81,233.20,176.83,1,-1,-1,-1
69,9,1193.69,117.28,280.71,220.38,1,-1,-1,-1
70,2,324.11,233.99,434.14,347.48,1,-1,-1,-1
70,4,1016.67,91.50,235.57,198.26,1,-1,-1,-1
70,7,285.16,84.34,231.83,177.35,1,-1,-1,-1
70,9,1187.03,117.38,278.45,218.51,1,-1,-1,-1
71,2,325.30,235.10,441.42,353.60,1,-1,-1,-1
71,4,1013.14,92.81,232.07,194.89,1,-1,-1,-1
71,7,281.56,84.21,230.92,178.23,1,-1,-1,-1
71,9,1180.12,117.32,276.68,216.90,1,-1,-1,-1
72,2,328.19,237.87,446.55,358.04,1,-1,-1,-1
72,4,1009.42,95.78,226.02,189.50,1,-1,-1,-1
72,7,278.12,85.10,230.67,179.64,1,-1,-1,-1
72,9,1172.98,118.10,274.19,214.92,1,-1,-1,-1
73,2,331.80,243.35,450.19,360.84,1,-1,-1,-1
73,4,1003.12,95.95,223.74,187.59,1,-1,-1,-1
73,7,274.04,85.52,231.46,181.88,1,-1,-1,-1
73,9,1163.65,116.52,274.08,214.53,1,-1,-1,-1
74,2,333.02,247.00,459.88,368.90,1,-1,-1,-1
74,7,270.48,86.55,231.33,183.41,1,-1,-1,-1
74,9,1155.20,115.27,273.77,214.81,1,-1,-1,-1
75,2,333.60,248.34,463.11,371.75,1,-1,-1,-1
75,7,269.88,86.97,230.04,183.94,1,-1,-1,-1
75,9,1152.73,114.85,273.27,214.88,1,-1,-1,-1
76,2,333.87,248.77,463.87,372.60,1,-1,-1,-1
76,7,270.43,87.15,228.40,184.09,1,-1,-1,-1
76,9,1152.65,114.84,272.48,214.71,1,-1,-1,-1
76,11,993.82,94.09,230.87,193.42,1,-1,-1,-1
77,2,333.88,248.67,463.90,372.84,1,-1,-1,-1
77,7,271.34,87.23,226.67,184.07,1,-1,-1,-1
77,9,1153.04,114.83,271.91,214.68,1,-1,-1,-1
77,11,993.77,94.04,230.98,193.48,1,-1,-1,-1
78,2,333.90,248.54,463.51,372.71,1,-1,-1,-1
78,7,272.34,87.31,224.99,183.98,1,-1,-1,-1
78,9,1153.60,114.84,271.44,214.71,1,-1,-1,-1
78,11,993.71,93.98,231.06,193.53,1,-1,-1,-1
79,2,333.87,248.34,463.11,372.57,1,-1,-1,-1
79,7,273.32,87.37,223.41,183.86,1,-1,-1,-1
79,9,1154.17,114.88,270.97,214.73,1,-1,-1,-1
79,11,993.71,93.99,231.05,193.50,1,-1,-1,-1
80,2,333.84,248.17,462.69,372.40,1,-1,-1,-1
80,7,274.23,87.40,221.97,183.77,1,-1,-1,-1
80,9,1154.70,114.91,270.57,214.78,1,-1,-1,-1
80,11,993.71,94.01,231.05,193.47,1,-1,-1,-1
81,2,334.68,248.96,461.26,371.21,1,-1,-1,-1
81,7,274.78,86.84,220.85,183.98,1,-1,-1,-1
81,9,1153.26,114.66,271.10,215.07,1,-1,-1,-1
81,11,993.14,93.54,231.79,194.15,1,-1,-1,-1
82,2,335.00,249.16,460.60,370.65,1,-1,-1,-1
82,7,275.46,86.66,219.65,184.04,1,-1,-1,-1
82,9,1152.72,114.53,271.48,215.27,1,-1,-1,-1
82,11,992.85,93.47,232.07,194.44,1,-1,-1,-1
83,2,335.11,249.23,460.18,370.27,1,-1,-1,-1
83,7,276.17,86.62,218.44,184.00,1,-1,-1,-1
83,9,1152.53,114.45,271.76,215.38,1,-1,-1,-1
83,11,992.81,93.48,232.13,194.55,1,-1,-1,-1
84,2,335.19,249.29,459.79,369.91,1,-1,-1,-1
84,7,276.80,86.62,217.34,183.95,1,-1,-1,-1
84,9,1152.39,114.43,271.95,215.41,1,-1,-1,-1
84,11,992.92,93.59,231.97,194.44,1,-1,-1,-1
85,2,334.88,248.73,460.30,370.36,1,-1,-1,-1
85,7,277.48,86.38,216.53,184.19,1,-1,-1,-1
85,9,1151.68,114.18,272.51,215.62,1,-1,-1,-1
85,11,992.99,93.58,231.95,194.38,1,-1,-1,-1
86,2,334.74,248.44,460.39,370.47,1,-1,-1,-1
86,7,278.09,86.31,215.61,184.25,1,-1,-1,-1
86,9,1151.33,114.07,272.93,215.75,1,-1,-1,-1
86,11,993.04,93.53,231.95,194.34,1,-1,-1,-1
87,2,334.68,248.28,460.34,370.47,1,-1,-1,-1
87,7,278.66,86.30,214.71,184.25,1,-1,-1,-1
87,9,1151.16,114.02,273.27,215.81,1,-1,-1,-1
87,11,993.05,93.49,232.02,194.37,1,-1,-1,-1
88,2,334.64,248.20,460.23,370.41,1,-1,-1,-1
88,7,279.17,86.29,213.88,184.24,1,-1,-1,-1
88,9,1151.11,114.01,273.51,215.81,1,-1,-1,-1
88,11,993.03,93.48,232.10,194.40,1,-1,-1,-1
89,2,334.57,248.10,460.15,370.37,1,-1,-1,-1
89,7,279.63,86.33,213.06,184.17,1,-1,-1,-1
89,9,1150.92,113.96,273.85,215.90,1,-1,-1,-1
89,11,992.98,93.36,232.22,194.46,1,-1,-1,-1
90,2,334.54,248.04,460.05,370.31,1,-1,-1,-1
90,7,280.04,86.36,212.34,184.12,1,-1,-1,-1
90,9,1150.86,113.93,274.08,215.92,1,-1,-1,-1
90,11,992.96,93.33,232.28,194.47,1,-1,-1,-1
91,2,334.55,248.00,459.89,370.20,1,-1,-1,-1
91,7,280.41,86.39,211.70,184.08,1,-1,-1,-1
91,9,1151.00,113.98,274.22,215.92,1,-1,-1,-1
91,11,992.90,93.38,232.29,194.47,1,-1,-1,-1
92,2,334.98,248.54,460.73,370.88,1,-1,-1,-1
92,7,250.64,100.49,233.20,202.87,1,-1,-1,-1
92,9,1150.02,113.88,274.13,215.85,1,-1,-1,-1
92,11,993.33,97.44,245.16,199.28,1,-1,-1,-1
93,7,239.82,105.77,242.23,210.82,1,-1,-1,-1
93,11,987.24,98.27,253.87,200.88,1,-1,-1,-1
94,7,234.02,107.53,247.31,215.41,1,-1,-1,-1
94,11,987.29,98.74,254.76,201.58,1,-1,-1,-1
94,12,458.94,411.97,624.67,535.62,1,-1,-1,-1
94,13,1391.19,151.46,321.80,241.02,1,-1,-1,-1
95,7,229.69,108.94,249.51,217.46,1,-1,-1,-1
95,12,466.17,421.78,650.10,558.07,1,-1,-1,-1
95,13,1376.46,145.85,325.52,244.08,1,-1,-1,-1
96,7,227.28,109.52,252.12,219.82,1,-1,-1,-1
96,12,469.59,431.73,680.16,585.52,1,-1,-1,-1
96,13,1365.35,143.90,322.22,241.89,1,-1,-1,-1
97,7,226.34,109.24,254.96,222.22,1,-1,-1,-1
97,12,480.62,445.56,688.57,593.97,1,-1,-1,-1
97,13,1352.79,142.76,318.61,239.41,1,-1,-1,-1
98,7,226.09,109.92,257.15,224.06,1,-1,-1,-1
98,12,490.56,465.02,694.35,599.50,1,-1,-1,-1
98,13,1341.73,144.67,314.24,236.23,1,-1,-1,-1
99,7,225.03,110.60,258.82,225.56,1,-1,-1,-1
99,12,505.16,482.20,692.53,596.99,1,-1,-1,-1
99,13,1334.37,144.37,310.42,233.27,1,-1,-1,-1
100,7,224.74,110.81,261.99,228.41,1,-1,-1,-1
100,12,528.01,502.02,681.07,584.04,1,-1,-1,-1
100,13,1323.70,141.80,309.18,232.45,1,-1,-1,-1
101,7,224.67,112.09,264.19,230.24,1,-1,-1,-1
101,12,551.11,514.35,674.81,573.77,1,-1,-1,-1
101,13,1313.39,142.68,303.20,227.75,1,-1,-1,-1
102,7,226.09,113.62,265.27,230.80,1,-1,-1,-1
102,12,576.54,529.22,666.43,559.69,1,-1,-1,-1
102,13,1306.39,146.36,295.28,221.75,1,-1,-1,-1
103,7,228.24,114.39,268.44,232.88,1,-1,-1,-1
103,12,604.22,545.50,655.99,541.68,1,-1,-1,-1
103,13,1294.07,141.10,298.32,224.01,1,-1,-1,-1
104,7,228.79,113.71,276.11,238.57,1,-1,-1,-1
104,12,629.31,557.94,649.25,525.58,1,-1,-1,-1
104,13,1283.96,138.86,298.17,223.96,1,-1,-1,-1
105,7,228.93,116.66,278.24,239.63,1,-1,-1,-1
105,12,652.87,573.03,648.46,513.00,1,-1,-1,-1
105,13,1275.35,137.74,297.69,223.90,1,-1,-1,-1
106,7,227.83,117.79,282.38,242.96,1,-1,-1,-1
106,12,673.71,586.67,643.40,508.99,1,-1,-1,-1
106,13,1267.34,135.54,295.76,222.72,1,-1,-1,-1
107,7,226.76,118.56,287.08,246.97,1,-1,-1,-1
107,13,1259.66,134.79,292.72,220.70,1,-1,-1,-1
107,16,937.53,94.93,279.54,189.40,1,-1,-1,-1
108,7,227.01,120.69,290.39,249.84,1,-1,-1,-1
108,13,1251.47,135.60,288.59,217.59,1,-1,-1,-1
108,16,937.59,93.77,279.38,189.29,1,-1,-1,-1
108,17,1632.09,197.31,276.86,270.31,1,-1,-1,-1
109,7,226.29,123.06,292.96,252.08,1,-1,-1,-1
109,13,1242.95,134.37,285.71,215.23,1,-1,-1,-1
109,17,1624.03,194.76,278.27,270.33,1,-1,-1,-1
110,7,226.29,125.63,294.44,253.09,1,-1,-1,-1
110,13,1233.59,132.36,284.32,214.63,1,-1,-1,-1
110,17,1615.89,191.65,277.29,266.89,1,-1,-1,-1
111,7,226.06,126.02,298.51,256.51,1,-1,-1,-1
111,13,1225.86,130.15,283.68,214.60,1,-1,-1,-1
111,17,1607.60,188.10,279.05,265.30,1,-1,-1,-1
112,7,225.89,125.89,300.25,257.93,1,-1,-1,-1
112,13,1223.46,129.41,283.29,214.73,1,-1,-1,-1
112,17,1603.85,187.01,281.99,264.64,1,-1,-1,-1
113,7,225.82,125.81,300.69,258.21,1,-1,-1,-1
113,13,1222.87,129.20,283.02,214.91,1,-1,-1,-1
113,17,1601.49,186.71,285.64,264.56,1,-1,-1,-1
114,7,225.76,125.65,300.96,258.36,1,-1,-1,-1
114,13,1222.90,128.85,283.05,215.31,1,-1,-1,-1
114,17,1599.70,186.72,289.28,264.43,1,-1,-1,-1
115,7,225.91,125.58,300.93,258.29,1,-1,-1,-1
115,13,1223.46,128.85,282.69,215.35,1,-1,-1,-1
115,17,1598.02,186.79,293.08,264.50,1,-1,-1,-1
115,20,954.18,96.31,247.64,185.64,1,-1,-1,-1
116,7,225.99,125.59,300.85,258.20,1,-1,-1,-1
116,13,1224.28,128.99,282.09,215.18,1,-1,-1,-1
116,17,1596.50,186.93,296.65,264.45,1,-1,-1,-1
116,20,954.39,96.33,247.54,185.55,1,-1,-1,-1
117,7,226.05,125.60,300.66,258.01,1,-1,-1,-1
117,13,1224.80,128.99,281.85,215.29,1,-1,-1,-1
117,17,1594.92,187.03,300.17,264.48,1,-1,-1,-1
118,7,226.07,125.59,300.53,257.88,1,-1,-1,-1
118,13,1225.33,129.01,281.57,215.34,1,-1,-1,-1
118,17,1593.44,187.11,303.52,264.51,1,-1,-1,-1
119,7,226.01,125.49,300.62,257.96,1,-1,-1,-1
119,13,1225.74,128.98,281.41,215.45,1,-1,-1,-1
119,17,1591.98,187.18,306.82,264.71,1,-1,-1,-1
119,21,955.07,95.97,246.25,185.66,1,-1,-1,-1
120,7,226.08,125.53,300.43,257.77,1,-1,-1,-1
120,13,1226.12,128.98,281.22,215.52,1,-1,-1,-1
120,17,1590.64,187.23,309.78,264.76,1,-1,-1,-1
120,21,955.29,95.95,246.23,185.66,1,-1,-1,-1
121,7,226.15,125.54,300.35,257.65,1,-1,-1,-1
121,13,1226.30,128.93,281.11,215.52,1,-1,-1,-1
121,17,1588.70,187.24,314.16,266.43,1,-1,-1,-1
121,21,955.08,96.00,246.53,185.87,1,-1,-1,-1
122,7,238.46,146.68,331.56,284.99,1,-1,-1,-1
122,13,1177.28,127.97,267.35,204.83,1,-1,-1,-1
122,17,1507.48,175.19,301.01,254.44,1,-1,-1,-1
122,21,955.07,96.01,246.61,185.93,1,-1,-1,-1
123,7,245.92,156.31,344.62,296.17,1,-1,-1,-1
123,13,1154.16,126.34,261.91,200.67,1,-1,-1,-1
123,17,1469.87,168.65,299.89,253.12,1,-1,-1,-1
124,7,250.66,163.71,352.41,302.65,1,-1,-1,-1
124,13,1141.53,124.35,259.71,199.06,1,-1,-1,-1
124,17,1448.58,166.04,288.43,243.52,1,-1,-1,-1
125,7,253.87,170.47,356.54,305.75,1,-1,-1,-1
125,13,1132.40,123.52,258.17,198.13,1,-1,-1,-1
125,17,1433.71,164.39,285.74,241.50,1,-1,-1,-1
126,7,258.40,175.31,359.72,307.50,1,-1,-1,-1
126,13,1125.60,122.26,257.16,197.74,1,-1,-1,-1
126,17,1425.56,162.79,279.64,236.69,1,-1,-1,-1
127,7,259.70,177.00,361.41,308.06,1,-1,-1,-1
127,13,1123.63,121.83,256.63,197.70,1,-1,-1,-1
127,17,1423.31,162.30,277.25,234.96,1,-1,-1,-1
127,22,944.82,115.14,217.18,171.15,1,-1,-1,-1
128,7,259.88,177.43,362.53,308.22,1,-1,-1,-1
128,13,1123.50,121.78,256.12,197.62,1,-1,-1,-1
128,17,1423.12,162.21,276.33,234.45,1,-1,-1,-1
128,22,944.69,115.11,217.08,171.08,1,-1,-1,-1
129,7,259.46,177.39,363.47,308.33,1,-1,-1,-1
129,13,1123.85,121.82,255.72,197.57,1,-1,-1,-1
129,17,1423.68,162.25,276.44,234.78,1,-1,-1,-1
129,22,944.37,115.07,217.11,171.11,1,-1,-1,-1
130,7,258.92,177.23,364.21,308.34,1,-1,-1,-1
130,13,1124.31,121.85,255.51,197.65,1,-1,-1,-1
130,17,1424.29,162.33,276.44,235.01,1,-1,-1,-1
130,22,944.18,115.00,217.38,171.32,1,-1,-1,-1
131,7,257.94,176.59,365.36,308.80,1,-1,-1,-1
131,13,1124.58,121.65,256.12,198.28,1,-1,-1,-1
131,17,1424.67,162.34,275.12,234.14,1,-1,-1,-1
131,22,943.93,115.08,217.10,171.11,1,-1,-1,-1
132,7,269.79,194.65,385.49,324.75,1,-1,-1,-1
132,13,1103.22,119.15,249.48,193.70,1,-1,-1,-1
132,17,1417.34,161.11,273.21,232.52,1,-1,-1,-1
133,7,277.60,203.36,395.45,331.89,1,-1,-1,-1
133,13,1092.68,118.12,244.49,190.46,1,-1,-1,-1
134,7,281.19,206.59,406.25,340.26,1,-1,-1,-1
134,13,1084.34,118.35,240.13,187.35,1,-1,-1,-1
134,24,199.99,84.05,222.04,180.97,1,-1,-1,-1
135,7,283.26,209.03,416.56,348.86,1,-1,-1,-1
135,13,1079.03,117.49,238.87,186.97,1,-1,-1,-1
135,24,199.71,85.53,223.66,182.49,1,-1,-1,-1
136,7,287.39,212.78,423.44,354.24,1,-1,-1,-1
136,13,1075.74,117.89,236.48,185.86,1,-1,-1,-1
136,24,198.21,86.85,225.69,184.39,1,-1,-1,-1
137,7,288.46,215.16,431.95,361.50,1,-1,-1,-1
137,13,1070.62,118.10,234.32,184.48,1,-1,-1,-1
137,24,198.09,88.61,227.24,185.96,1,-1,-1,-1
138,7,292.75,220.07,436.52,365.22,1,-1,-1,-1
138,13,1067.43,119.33,231.92,183.12,1,-1,-1,-1
138,24,197.23,90.30,230.43,188.89,1,-1,-1,-1
138,25,1348.27,141.53,463.84,265.95,1,-1,-1,-1
139,7,298.52,225.57,440.43,368.08,1,-1,-1,-1
139,13,1059.96,117.80,232.18,183.13,1,-1,-1,-1
139,24,197.92,91.34,232.30,190.61,1,-1,-1,-1
139,25,1336.10,139.75,460.81,264.18,1,-1,-1,-1
140,7,302.35,231.15,445.00,371.22,1,-1,-1,-1
140,13,1056.48,117.06,231.82,182.61,1,-1,-1,-1
140,24,199.72,92.71,234.24,192.26,1,-1,-1,-1
140,25,1327.80,138.72,456.54,261.75,1,-1,-1,-1
141,7,304.55,236.48,454.89,379.19,1,-1,-1,-1
141,13,1054.87,116.20,232.86,182.42,1,-1,-1,-1
141,24,200.01,94.07,234.98,192.85,1,-1,-1,-1
141,25,1319.26,139.58,449.53,257.72,1,-1,-1,-1
142,7,304.10,242.77,470.00,392.40,1,-1,-1,-1
142,13,1048.32,116.11,233.34,182.23,1,-1,-1,-1
142,24,201.79,95.73,237.12,194.65,1,-1,-1,-1
142,25,1310.90,139.45,443.87,254.39,1,-1,-1,-1
143,7,304.65,248.49,480.77,401.67,1,-1,-1,-1
143,13,1042.55,116.12,231.35,180.43,1,-1,-1,-1
143,24,204.61,96.89,237.41,194.89,1,-1,-1,-1
143,25,1303.06,138.27,443.86,254.89,1,-1,-1,-1
144,7,307.71,254.88,491.35,411.09,1,-1,-1,-1
144,13,1037.39,116.31,231.07,179.66,1,-1,-1,-1
144,24,205.05,97.53,238.67,195.87,1,-1,-1,-1
144,25,1295.28,137.35,440.44,253.57,1,-1,-1,-1
145,7,308.85,257.25,494.75,414.47,1,-1,-1,-1
145,13,1034.51,116.05,231.60,179.39,1,-1,-1,-1
145,24,204.92,97.66,239.18,196.27,1,-1,-1,-1
145,25,1293.72,137.01,438.02,252.77,1,-1,-1,-1
146,7,309.23,257.91,495.61,415.70,1,-1,-1,-1
146,13,1033.52,116.01,232.35,179.39,1,-1,-1,-1
146,24,204.83,97.64,239.35,196.39,1,-1,-1,-1
146,25,1293.77,136.86,436.65,252.56,1,-1,-1,-1
147,7,309.29,257.88,495.61,416.23,1,-1,-1,-1
147,13,1032.85,115.90,233.19,179.47,1,-1,-1,-1
147,24,204.69,97.53,239.46,196.47,1,-1,-1,-1
147,25,1294.19,136.79,435.68,252.56,1,-1,-1,-1
148,7,309.37,257.70,495.10,416.28,1,-1,-1,-1
148,13,1033.02,115.92,233.74,179.44,1,-1,-1,-1
148,24,204.58,97.50,239.47,196.49,1,-1,-1,-1
148,25,1295.31,136.91,434.65,252.52,1,-1,-1,-1
149,7,309.37,257.46,494.47,416.22,1,-1,-1,-1
149,13,1033.09,115.92,234.31,179.46,1,-1,-1,-1
149,24,204.48,97.42,239.44,196.48,1,-1,-1,-1
149,25,1296.10,136.93,433.87,252.59,1,-1,-1,-1
150,7,309.40,257.27,493.71,415.97,1,-1,-1,-1
150,13,1032.60,115.82,235.01,179.52,1,-1,-1,-1
150,24,204.43,97.37,239.43,196.50,1,-1,-1,-1
150,25,1296.29,136.90,433.27,252.64,1,-1,-1,-1
151,7,309.62,257.73,492.09,415.01,1,-1,-1,-1
151,13,1033.33,115.89,234.93,179.22,1,-1,-1,-1
151,24,204.13,97.37,239.40,196.61,1,-1,-1,-1
151,25,1296.38,137.41,431.59,251.73,1,-1,-1,-1
152,7,337.18,302.37,548.93,464.78,1,-1,-1,-1
152,13,1014.02,114.53,231.59,177.47,1,-1,-1,-1
152,24,208.77,102.42,251.42,206.97,1,-1,-1,-1
152,25,1298.88,133.78,407.34,243.55,1,-1,-1,-1
153,7,354.18,324.63,576.76,489.81,1,-1,-1,-1
153,13,1005.59,113.64,230.07,177.14,1,-1,-1,-1
153,24,210.41,104.75,257.41,212.67,1,-1,-1,-1
153,25,1300.22,133.06,390.45,238.83,1,-1,-1,-1
154,7,367.18,343.31,593.36,505.28,1,-1,-1,-1
154,13,1000.18,113.09,228.60,176.62,1,-1,-1,-1
154,24,212.27,106.68,259.91,215.51,1,-1,-1,-1
154,25,1292.49,132.10,379.36,236.31,1,-1,-1,-1
155,7,379.76,359.29,603.10,514.12,1,-1,-1,-1
155,13,996.49,112.27,228.43,177.37,1,-1,-1,-1
155,24,213.91,108.12,261.37,217.29,1,-1,-1,-1
155,25,1288.44,131.42,375.91,234.16,1,-1,-1,-1
156,7,393.17,371.94,609.46,520.20,1,-1,-1,-1
156,13,981.05,110.32,233.17,180.42,1,-1,-1,-1
156,24,215.30,107.87,264.22,220.34,1,-1,-1,-1
157,7,404.22,384.96,617.44,527.44,1,-1,-1,-1
157,13,980.14,110.80,232.51,180.12,1,-1,-1,-1
157,24,217.14,108.09,267.89,224.03,1,-1,-1,-1
158,7,415.11,397.42,628.75,538.18,1,-1,-1,-1
158,13,981.63,111.45,230.17,179.03,1,-1,-1,-1
158,24,218.96,108.98,270.65,226.76,1,-1,-1,-1
159,7,423.66,410.29,645.17,553.52,1,-1,-1,-1
159,13,982.24,111.44,230.76,180.33,1,-1,-1,-1
159,24,220.63,109.32,273.06,229.17,1,-1,-1,-1
160,7,428.42,423.24,671.30,579.39,1,-1,-1,-1
160,13,974.89,111.76,228.70,178.85,1,-1,-1,-1
160,24,223.58,111.64,273.44,229.56,1,-1,-1,-1
161,7,438.61,437.43,688.49,597.46,1,-1,-1,-1
161,13,975.31,112.95,226.68,177.59,1,-1,-1,-1
161,24,225.64,112.40,276.64,232.09,1,-1,-1,-1
161,28,471.91,120.81,201.23,159.15,1,-1,-1,-1
162,7,443.44,442.63,692.72,604.11,1,-1,-1,-1
162,13,975.78,113.37,225.77,177.16,1,-1,-1,-1
162,24,226.31,112.66,277.93,233.02,1,-1,-1,-1
162,28,472.19,121.03,202.08,160.00,1,-1,-1,-1
163,7,445.90,444.29,692.04,606.20,1,-1,-1,-1
163,13,976.06,113.47,225.23,177.00,1,-1,-1,-1
163,24,226.38,112.66,278.47,233.34,1,-1,-1,-1
163,28,472.26,121.10,202.08,160.21,1,-1,-1,-1
164,7,447.33,444.54,689.83,606.72,1,-1,-1,-1
164,13,976.78,113.56,224.62,176.85,1,-1,-1,-1
164,24,226.41,112.72,278.52,233.27,1,-1,-1,-1
164,28,472.47,121.08,201.74,160.17,1,-1,-1,-1
165,7,448.34,444.34,687.03,606.46,1,-1,-1,-1
165,13,977.43,113.66,224.05,176.72,1,-1,-1,-1
165,24,226.35,112.73,278.52,233.15,1,-1,-1,-1
165,28,472.64,121.04,201.33,160.08,1,-1,-1,-1
166,7,449.35,443.87,683.90,605.62,1,-1,-1,-1
166,13,979.04,114.17,223.09,176.30,1,-1,-1,-1
166,24,226.23,112.65,278.60,233.11,1,-1,-1,-1
166,28,472.79,121.02,201.02,160.08,1,-1,-1,-1
167,7,450.01,443.41,681.31,605.08,1,-1,-1,-1
167,13,980.01,114.76,222.46,176.21,1,-1,-1,-1
167,24,226.08,112.60,278.57,233.00,1,-1,-1,-1
167,28,472.92,121.06,200.60,159.99,1,-1,-1,-1
168,7,450.58,442.98,678.99,604.62,1,-1,-1,-1
168,13,980.59,114.83,221.92,176.14,1,-1,-1,-1
168,24,225.96,112.56,278.54,232.90,1,-1,-1,-1
168,28,473.04,121.07,200.22,159.94,1,-1,-1,-1
169,7,451.04,442.38,677.18,604.51,1,-1,-1,-1
169,13,981.16,114.35,221.13,175.85,1,-1,-1,-1
169,24,226.10,112.57,278.23,232.64,1,-1,-1,-1
169,28,473.75,121.39,199.31,159.46,1,-1,-1,-1
170,7,451.44,441.96,675.38,604.25,1,-1,-1,-1
170,13,981.47,114.19,220.59,175.72,1,-1,-1,-1
170,24,226.16,112.57,278.01,232.46,1,-1,-1,-1
170,28,474.04,121.49,198.79,159.28,1,-1,-1,-1
171,7,451.90,441.59,673.56,603.84,1,-1,-1,-1
171,13,981.58,114.11,220.23,175.70,1,-1,-1,-1
171,24,226.10,112.56,277.93,232.41,1,-1,-1,-1
171,28,474.20,121.51,198.44,159.22,1,-1,-1,-1
172,7,641.84,574.43,602.71,499.84,1,-1,-1,-1
172,13,980.59,114.13,219.97,175.49,1,-1,-1,-1
172,24,239.63,121.95,303.38,254.65,1,-1,-1,-1
172,28,506.63,128.06,204.79,163.77,1,-1,-1,-1
173,7,667.47,592.33,593.97,492.59,1,-1,-1,-1
173,24,246.29,126.05,313.51,263.80,1,-1,-1,-1
173,28,521.50,131.72,207.37,165.34,1,-1,-1,-1
174,24,252.67,129.31,318.18,268.19,1,-1,-1,-1
174,28,528.05,133.80,211.05,167.66,1,-1,-1,-1
175,24,258.64,133.35,321.74,271.55,1,-1,-1,-1
175,28,532.73,135.27,214.22,169.70,1,-1,-1,-1
176,24,262.84,135.34,326.41,275.49,1,-1,-1,-1
176,28,538.71,136.73,214.40,169.65,1,-1,-1,-1
176,30,1136.01,123.04,327.68,206.41,1,-1,-1,-1
177,24,263.48,137.18,333.87,281.84,1,-1,-1,-1
177,28,542.98,137.24,216.83,171.83,1,-1,-1,-1
177,30,1117.83,121.80,326.21,206.33,1,-1,-1,-1
178,24,263.55,139.59,340.47,287.37,1,-1,-1,-1
178,28,547.01,139.47,216.42,171.55,1,-1,-1,-1
178,30,1114.34,122.14,323.97,204.91,1,-1,-1,-1
179,24,264.84,142.92,345.65,291.37,1,-1,-1,-1
179,28,549.91,139.99,216.91,171.69,1,-1,-1,-1
180,24,265.02,144.72,352.73,296.83,1,-1,-1,-1
180,28,555.82,141.09,215.08,170.33,1,-1,-1,-1
181,24,267.65,146.54,362.77,305.08,1,-1,-1,-1
181,28,560.47,143.36,215.42,170.48,1,-1,-1,-1
182,24,271.80,149.62,369.23,310.26,1,-1,-1,-1
182,28,565.41,145.98,215.07,170.26,1,-1,-1,-1
182,33,1075.01,116.59,323.40,203.65,1,-1,-1,-1
183,24,276.26,155.29,372.81,312.59,1,-1,-1,-1
183,28,567.99,147.07,218.56,173.69,1,-1,-1,-1
183,33,1079.58,116.83,321.34,203.09,1,-1,-1,-1
184,24,280.64,159.63,378.03,316.40,1,-1,-1,-1
184,28,569.74,148.71,221.30,176.11,1,-1,-1,-1
184,33,1066.42,115.58,321.49,203.46,1,-1,-1,-1
185,24,283.86,164.43,381.89,319.00,1,-1,-1,-1
185,28,575.23,148.20,224.48,178.87,1,-1,-1,-1
185,33,1062.73,114.03,320.13,203.19,1,-1,-1,-1
186,24,287.46,169.58,386.80,321.69,1,-1,-1,-1
186,28,577.22,146.50,228.65,183.07,1,-1,-1,-1
186,33,1059.43,113.52,319.46,202.76,1,-1,-1,-1
187,24,291.59,174.63,391.53,323.88,1,-1,-1,-1
187,28,582.29,149.88,226.13,181.26,1,-1,-1,-1
188,24,292.36,178.79,399.53,328.67,1,-1,-1,-1
188,28,587.05,154.29,224.97,180.79,1,-1,-1,-1
189,24,292.03,180.24,403.60,330.35,1,-1,-1,-1
189,28,588.82,155.88,224.22,180.64,1,-1,-1,-1
190,24,291.19,180.65,406.08,330.90,1,-1,-1,-1
190,28,589.51,156.40,223.59,180.56,1,-1,-1,-1
190,34,997.92,109.21,358.98,203.19,1,-1,-1,-1
191,24,289.71,179.49,409.04,332.03,1,-1,-1,-1
191,28,588.61,155.55,225.47,182.67,1,-1,-1,-1
191,34,1004.40,109.64,357.41,202.59,1,-1,-1,-1
192,24,301.50,190.31,425.50,344.66,1,-1,-1,-1
192,28,591.71,156.74,226.59,183.58,1,-1,-1,-1
192,34,1006.59,109.77,357.06,202.39,1,-1,-1,-1
193,24,308.67,197.39,435.39,352.28,1,-1,-1,-1
194,24,315.80,205.12,439.72,355.29,1,-1,-1,-1
195,24,320.45,208.05,448.43,362.02,1,-1,-1,-1
196,24,323.18,208.92,459.90,371.88,1,-1,-1,-1
197,24,331.99,214.35,464.52,375.55,1,-1,-1,-1
198,24,342.32,223.48,466.40,375.39,1,-1,-1,-1
199,24,347.43,232.78,475.18,381.41,1,-1,-1,-1
199,36,412.75,96.69,242.50,163.74,1,-1,-1,-1
200,24,348.33,237.14,493.74,395.91,1,-1,-1,-1
200,36,403.29,97.64,250.00,169.87,1,-1,-1,-1
201,24,352.27,242.46,508.69,408.18,1,-1,-1,-1
201,36,393.71,95.83,251.48,172.61,1,-1,-1,-1
202,24,353.74,244.37,514.20,412.85,1,-1,-1,-1
202,36,391.76,95.14,249.74,173.36,1,-1,-1,-1
203,24,354.34,244.88,515.84,414.34,1,-1,-1,-1
203,36,392.46,94.81,247.06,173.60,1,-1,-1,-1
203,37,1585.26,273.20,334.72,386.19,1,-1,-1,-1
204,24,354.53,244.94,516.16,414.75,1,-1,-1,-1
204,36,394.02,94.70,243.87,173.54,1,-1,-1,-1
204,37,1585.24,273.08,334.97,386.50,1,-1,-1,-1
205,24,354.62,244.55,516.25,415.07,1,-1,-1,-1
205,36,395.87,94.14,241.35,174.01,1,-1,-1,-1
205,37,1585.30,273.07,334.79,386.31,1,-1,-1,-1
206,24,354.62,244.23,515.87,414.99,1,-1,-1,-1
206,36,397.71,93.90,238.44,174.19,1,-1,-1,-1
206,37,1585.19,273.01,335.06,386.67,1,-1,-1,-1
207,24,354.54,243.88,515.48,414.86,1,-1,-1,-1
207,36,399.56,93.86,235.32,174.15,1,-1,-1,-1
207,37,1585.18,272.98,335.20,386.90,1,-1,-1,-1
207,38,1076.21,112.47,229.51,187.60,1,-1,-1,-1
208,24,354.61,243.66,514.92,414.57,1,-1,-1,-1
208,36,401.33,93.90,232.17,173.97,1,-1,-1,-1
208,37,1585.21,273.04,335.09,386.82,1,-1,-1,-1
208,38,1076.37,112.44,229.58,187.68,1,-1,-1,-1
209,24,354.61,243.45,514.50,414.38,1,-1,-1,-1
209,36,402.97,93.93,229.23,173.84,1,-1,-1,-1
209,37,1585.27,273.09,335.00,386.77,1,-1,-1,-1
209,38,1076.61,112.45,229.54,187.69,1,-1,-1,-1
210,24,354.50,243.23,514.16,414.26,1,-1,-1,-1
210,36,404.46,93.99,226.43,173.70,1,-1,-1,-1
210,37,1585.31,273.13,334.95,386.78,1,-1,-1,-1
210,38,1076.88,112.49,229.43,187.66,1,-1,-1,-1
211,24,354.57,243.12,513.58,413.91,1,-1,-1,-1
211,36,405.86,94.05,223.87,173.60,1,-1,-1,-1
211,37,1585.32,273.16,334.95,386.85,1,-1,-1,-1
211,38,1076.89,112.50,229.40,187.70,1,-1,-1,-1
212,24,417.15,317.31,603.30,487.28,1,-1,-1,-1
212,36,399.71,75.93,239.31,188.99,1,-1,-1,-1
212,37,1585.30,273.15,335.03,386.94,1,-1,-1,-1
212,38,1062.10,111.71,225.15,184.82,1,-1,-1,-1
213,24,450.88,350.28,641.39,518.95,1,-1,-1,-1
213,36,398.15,66.88,245.27,197.14,1,-1,-1,-1
213,38,1059.58,111.57,224.56,184.34,1,-1,-1,-1
214,24,471.13,373.13,665.88,539.19,1,-1,-1,-1
214,36,400.34,64.67,244.09,199.27,1,-1,-1,-1
214,40,1288.02,205.93,381.07,296.74,1,-1,-1,-1
215,24,486.51,390.74,685.24,555.60,1,-1,-1,-1
215,36,401.01,59.14,247.40,204.95,1,-1,-1,-1
215,40,1264.10,200.14,377.07,293.42,1,-1,-1,-1
216,24,492.30,406.89,713.75,581.13,1,-1,-1,-1
216,36,402.61,53.98,249.93,209.85,1,-1,-1,-1
216,40,1241.84,196.53,374.47,291.38,1,-1,-1,-1
216,41,566.77,252.40,326.13,222.93,1,-1,-1,-1
217,24,496.22,423.27,738.71,603.82,1,-1,-1,-1
217,36,407.24,53.47,246.80,209.70,1,-1,-1,-1
217,40,1219.56,190.41,373.92,291.23,1,-1,-1,-1
217,41,555.94,256.49,351.48,240.57,1,-1,-1,-1
218,24,505.38,441.77,755.80,619.48,1,-1,-1,-1
218,36,409.94,50.22,247.28,212.64,1,-1,-1,-1
218,40,1197.92,186.73,370.25,289.00,1,-1,-1,-1
218,41,542.88,261.51,382.97,263.33,1,-1,-1,-1
219,24,526.84,462.05,752.47,614.75,1,-1,-1,-1
219,36,413.50,48.59,245.35,213.24,1,-1,-1,-1
219,40,1181.06,182.00,364.47,285.22,1,-1,-1,-1
219,41,543.03,272.06,392.47,271.17,1,-1,-1,-1
220,24,550.34,477.89,750.04,608.02,1,-1,-1,-1
220,36,415.28,48.86,245.52,215.71,1,-1,-1,-1
220,40,1162.57,177.56,359.86,282.23,1,-1,-1,-1
220,41,543.51,280.75,399.56,277.43,1,-1,-1,-1
221,24,576.33,492.90,745.76,597.01,1,-1,-1,-1
221,36,416.56,45.26,248.58,220.69,1,-1,-1,-1
221,40,1146.26,173.92,352.92,277.26,1,-1,-1,-1
221,41,547.91,287.11,402.68,280.72,1,-1,-1,-1
222,24,607.90,511.10,738.07,580.46,1,-1,-1,-1
222,36,420.00,44.10,247.75,222.11,1,-1,-1,-1
222,40,1133.63,169.53,345.89,271.81,1,-1,-1,-1
222,41,551.62,291.31,407.06,284.73,1,-1,-1,-1
223,24,645.23,528.46,733.66,563.18,1,-1,-1,-1
223,36,423.90,43.06,248.27,224.66,1,-1,-1,-1
223,40,1119.56,163.91,343.39,270.38,1,-1,-1,-1
223,41,552.95,295.84,417.02,293.04,1,-1,-1,-1
223,42,1539.46,300.76,348.64,317.56,1,-1,-1,-1
224,24,664.63,543.65,739.25,567.47,1,-1,-1,-1
224,36,426.63,42.94,247.49,225.57,1,-1,-1,-1
224,40,1106.56,158.86,338.55,266.97,1,-1,-1,-1
224,41,552.58,298.79,427.82,302.45,1,-1,-1,-1
224,42,1526.85,296.63,343.44,309.53,1,-1,-1,-1
225,36,428.01,42.94,246.10,225.80,1,-1,-1,-1
225,40,1102.31,156.91,337.00,266.13,1,-1,-1,-1
225,41,553.30,299.71,430.09,305.83,1,-1,-1,-1
225,42,1521.91,295.56,344.62,306.82,1,-1,-1,-1
226,36,429.01,43.24,244.52,225.72,1,-1,-1,-1
226,40,1101.28,156.34,336.44,266.07,1,-1,-1,-1
226,41,554.41,299.83,429.11,306.84,1,-1,-1,-1
226,42,1518.89,295.30,348.75,306.38,1,-1,-1,-1
227,36,429.79,43.69,242.86,225.38,1,-1,-1,-1
227,40,1101.71,156.32,335.98,266.07,1,-1,-1,-1
227,41,555.55,299.66,426.93,306.90,1,-1,-1,-1
227,42,1516.44,295.35,353.77,306.50,1,-1,-1,-1
228,36,430.48,43.85,241.44,225.16,1,-1,-1,-1
228,40,1102.46,156.48,335.66,266.12,1,-1,-1,-1
228,41,556.67,299.40,424.50,306.66,1,-1,-1,-1
228,42,1514.14,295.46,358.98,306.63,1,-1,-1,-1
229,36,430.98,44.15,240.22,225.04,1,-1,-1,-1
229,40,1103.45,156.68,335.38,266.31,1,-1,-1,-1
229,41,557.97,299.07,421.84,306.14,1,-1,-1,-1
229,42,1511.86,295.48,364.23,306.72,1,-1,-1,-1
230,36,431.50,44.46,238.98,224.79,1,-1,-1,-1
230,40,1104.41,156.98,335.02,266.36,1,-1,-1,-1
230,41,558.98,298.79,419.62,305.84,1,-1,-1,-1
230,42,1509.63,295.61,369.41,306.82,1,-1,-1,-1
231,36,431.87,43.99,238.95,225.79,1,-1,-1,-1
231,40,1104.88,157.12,335.35,266.92,1,-1,-1,-1
231,41,559.75,299.40,416.85,305.02,1,-1,-1,-1
231,42,1507.47,295.55,374.13,306.73,1,-1,-1,-1
232,36,441.78,41.77,252.47,239.28,1,-1,-1,-1
232,40,1047.60,141.90,313.80,250.48,1,-1,-1,-1
232,41,565.70,348.17,469.74,345.70,1,-1,-1,-1
232,42,1505.65,294.72,372.62,305.49,1,-1,-1,-1
233,36,447.12,40.62,258.30,245.78,1,-1,-1,-1
233,40,1018.56,132.99,306.04,245.55,1,-1,-1,-1
233,41,568.83,373.03,496.47,367.68,1,-1,-1,-1
234,36,452.90,45.42,256.25,244.05,1,-1,-1,-1
234,40,995.61,123.22,308.80,249.00,1,-1,-1,-1
234,41,575.44,392.34,507.90,377.84,1,-1,-1,-1
235,36,454.68,43.35,260.61,249.02,1,-1,-1,-1
235,40,986.74,119.06,302.94,245.84,1,-1,-1,-1
235,41,580.34,404.61,521.00,389.48,1,-1,-1,-1
236,36,457.33,42.58,262.06,250.85,1,-1,-1,-1
236,40,971.94,112.25,304.13,247.61,1,-1,-1,-1
236,41,587.60,420.95,530.58,398.23,1,-1,-1,-1
236,44,1502.85,308.38,382.46,319.18,1,-1,-1,-1
237,36,460.11,42.77,264.06,252.97,1,-1,-1,-1
237,40,964.94,111.22,298.13,243.83,1,-1,-1,-1
237,41,590.50,435.24,546.05,411.95,1,-1,-1,-1
237,44,1490.76,303.50,372.51,308.07,1,-1,-1,-1
238,36,463.01,41.24,266.97,256.14,1,-1,-1,-1
238,40,952.94,109.43,296.04,242.28,1,-1,-1,-1
238,41,595.44,448.42,558.35,423.21,1,-1,-1,-1
238,44,1473.56,300.46,364.30,298.53,1,-1,-1,-1
239,36,465.33,41.01,269.91,259.39,1,-1,-1,-1
239,40,947.45,108.63,292.10,239.67,1,-1,-1,-1
239,41,603.89,465.45,563.51,428.48,1,-1,-1,-1
239,44,1445.96,293.82,365.96,297.04,1,-1,-1,-1
240,36,470.43,44.88,268.53,258.38,1,-1,-1,-1
240,40,941.99,109.73,286.52,235.41,1,-1,-1,-1
240,41,611.68,481.56,570.18,434.44,1,-1,-1,-1
240,44,1433.52,289.86,357.46,290.14,1,-1,-1,-1
241,36,473.61,47.71,267.85,257.44,1,-1,-1,-1
241,40,934.90,111.72,282.70,232.19,1,-1,-1,-1
241,41,617.70,494.51,583.60,446.38,1,-1,-1,-1
242,36,474.64,48.77,267.74,257.06,1,-1,-1,-1
242,40,932.87,112.62,281.19,230.85,1,-1,-1,-1
242,41,620.59,499.19,587.25,450.74,1,-1,-1,-1
243,36,474.77,49.03,267.90,256.99,1,-1,-1,-1
243,40,932.44,113.03,280.91,230.53,1,-1,-1,-1
243,41,622.12,500.58,587.10,452.07,1,-1,-1,-1
243,45,1362.48,284.99,420.43,289.68,1,-1,-1,-1
244,36,474.70,49.10,268.08,256.96,1,-1,-1,-1
244,40,932.66,113.20,281.24,230.73,1,-1,-1,-1
244,41,623.11,500.68,585.64,452.25,1,-1,-1,-1
244,45,1362.31,284.92,420.63,289.82,1,-1,-1,-1
245,36,474.55,49.09,268.20,256.90,1,-1,-1,-1
245,40,932.98,113.26,281.39,230.80,1,-1,-1,-1
245,41,623.86,500.33,583.76,451.98,1,-1,-1,-1
245,45,1362.21,284.79,420.80,289.94,1,-1,-1,-1
246,36,474.41,49.31,268.06,256.62,1,-1,-1,-1
246,40,933.32,113.40,281.68,230.93,1,-1,-1,-1
246,41,624.43,499.85,581.85,451.57,1,-1,-1,-1
246,45,1362.05,284.68,421.05,290.13,1,-1,-1,-1
247,36,474.24,49.35,268.08,256.48,1,-1,-1,-1
247,40,933.74,113.49,281.97,231.08,1,-1,-1,-1
247,41,624.94,499.35,580.06,451.14,1,-1,-1,-1
247,45,1362.00,284.68,421.17,290.22,1,-1,-1,-1
248,36,474.07,49.29,268.15,256.43,1,-1,-1,-1
248,40,934.02,113.52,282.36,231.33,1,-1,-1,-1
248,41,625.39,498.87,578.45,450.76,1,-1,-1,-1
248,45,1362.00,284.69,421.11,290.18,1,-1,-1,-1
249,36,473.93,49.18,268.27,256.44,1,-1,-1,-1
249,40,934.30,113.57,282.57,231.44,1,-1,-1,-1
249,41,625.81,498.41,577.01,450.43,1,-1,-1,-1
249,45,1361.99,284.72,421.07,290.15,1,-1,-1,-1
250,36,473.83,49.17,268.28,256.36,1,-1,-1,-1
250,40,934.54,113.64,282.80,231.57,1,-1,-1,-1
250,41,626.16,498.00,575.70,450.12,1,-1,-1,-1
250,45,1362.08,284.78,420.93,290.05,1,-1,-1,-1
251,36,473.79,49.22,268.25,256.22,1,-1,-1,-1
251,40,934.86,113.67,283.06,231.72,1,-1,-1,-1
251,41,626.46,497.63,574.53,449.86,1,-1,-1,-1
251,45,1362.01,284.64,421.05,290.14,1,-1,-1,-1
252,36,497.36,46.74,288.48,276.50,1,-1,-1,-1
252,40,884.81,116.08,269.04,220.13,1,-1,-1,-1
252,41,627.53,501.85,578.78,453.18,1,-1,-1,-1
252,45,1361.96,284.61,421.11,290.18,1,-1,-1,-1
253,36,509.43,46.08,297.23,285.44,1,-1,-1,-1
253,40,863.38,116.13,257.85,210.09,1,-1,-1,-1
254,36,516.91,44.72,303.32,292.19,1,-1,-1,-1
254,40,853.47,115.85,254.33,207.23,1,-1,-1,-1
255,36,522.03,44.42,306.45,296.07,1,-1,-1,-1
256,36,528.24,42.89,309.59,299.74,1,-1,-1,-1
257,36,536.14,45.17,309.69,300.59,1,-1,-1,-1
258,36,541.71,44.25,312.51,304.35,1,-1,-1,-1
259,36,545.51,41.27,318.18,311.32,1,-1,-1,-1
260,36,550.22,40.47,322.40,317.07,1,-1,-1,-1
261,36,555.26,39.52,325.09,321.05,1,-1,-1,-1
262,36,562.75,38.24,328.10,325.26,1,-1,-1,-1
263,36,571.31,38.91,331.06,329.36,1,-1,-1,-1
263,49,1050.93,191.80,390.95,223.98,1,-1,-1,-1
264,36,577.12,40.79,336.43,335.51,1,-1,-1,-1
264,49,1049.19,190.10,380.56,219.87,1,-1,-1,-1
265,36,584.77,42.58,339.68,339.97,1,-1,-1,-1
265,49,1039.81,188.11,374.34,218.26,1,-1,-1,-1
265,50,1579.16,213.61,315.65,255.49,1,-1,-1,-1
266,36,590.35,41.83,344.43,346.43,1,-1,-1,-1
266,49,1040.45,187.51,368.69,214.97,1,-1,-1,-1
266,50,1563.71,208.49,310.81,250.00,1,-1,-1,-1
267,36,597.53,43.82,347.31,350.67,1,-1,-1,-1
267,50,1542.30,204.59,306.67,245.24,1,-1,-1,-1
268,36,605.69,45.73,349.03,353.77,1,-1,-1,-1
268,50,1522.77,200.83,301.80,239.73,1,-1,-1,-1
269,36,613.50,46.32,354.70,360.24,1,-1,-1,-1
269,50,1501.50,196.15,300.10,237.02,1,-1,-1,-1
269,51,1035.44,175.97,291.07,212.10,1,-1,-1,-1
270,36,620.15,47.25,358.27,365.00,1,-1,-1,-1
270,50,1481.57,193.46,296.54,232.75,1,-1,-1,-1
270,51,1018.62,172.44,292.53,212.93,1,-1,-1,-1
271,36,626.92,48.63,361.80,369.54,1,-1,-1,-1
271,50,1461.45,190.99,293.08,228.59,1,-1,-1,-1
271,51,999.14,170.65,291.96,211.93,1,-1,-1,-1
272,36,636.40,50.59,364.71,373.37,1,-1,-1,-1
272,50,1444.25,189.05,288.48,223.28,1,-1,-1,-1
272,51,970.83,164.96,298.04,215.73,1,-1,-1,-1
273,36,715.19,59.89,385.74,370.43,1,-1,-1,-1
273,50,1429.10,186.96,285.21,219.30,1,-1,-1,-1
273,51,946.31,156.64,307.11,222.14,1,-1,-1,-1
274,36,730.35,57.27,413.98,381.27,1,-1,-1,-1
274,50,1413.25,184.70,282.20,215.55,1,-1,-1,-1
274,51,928.78,152.75,309.41,223.81,1,-1,-1,-1
275,36,682.24,57.86,414.57,384.66,1,-1,-1,-1
275,50,1396.09,182.99,279.93,212.57,1,-1,-1,-1
276,36,664.81,56.98,419.19,392.49,1,-1,-1,-1
276,50,1381.71,181.12,277.20,209.61,1,-1,-1,-1
277,36,672.96,59.56,423.86,397.11,1,-1,-1,-1
277,50,1363.70,177.52,276.85,208.46,1,-1,-1,-1
278,36,675.13,62.61,425.58,401.03,1,-1,-1,-1
278,50,1350.01,174.56,277.14,207.47,1,-1,-1,-1
279,36,678.89,64.35,429.73,407.72,1,-1,-1,-1
279,50,1333.62,171.99,275.95,205.87,1,-1,-1,-1
280,36,680.85,65.00,429.71,410.24,1,-1,-1,-1
280,50,1327.95,171.14,276.17,205.39,1,-1,-1,-1
281,36,681.66,64.99,428.25,411.02,1,-1,-1,-1
281,50,1326.49,171.03,276.50,205.06,1,-1,-1,-1
282,36,682.35,64.98,426.31,411.12,1,-1,-1,-1
282,50,1326.28,170.99,277.29,205.12,1,-1,-1,-1
283,36,682.88,64.87,424.50,411.18,1,-1,-1,-1
283,50,1326.45,171.10,278.11,205.23,1,-1,-1,-1
284,36,683.40,64.72,422.75,411.15,1,-1,-1,-1
284,50,1326.83,171.16,278.84,205.33,1,-1,-1,-1
285,36,683.90,64.68,421.11,411.07,1,-1,-1,-1
285,50,1327.24,171.27,279.51,205.39,1,-1,-1,-1
286,36,684.29,64.53,419.75,411.12,1,-1,-1,-1
286,50,1327.41,171.28,280.34,205.66,1,-1,-1,-1
287,36,684.75,64.48,418.30,410.93,1,-1,-1,-1
287,50,1327.59,171.32,280.96,205.79,1,-1,-1,-1
288,36,685.16,64.44,416.99,410.77,1,-1,-1,-1
288,50,1327.75,171.38,281.51,205.91,1,-1,-1,-1
289,36,686.07,64.70,415.37,410.18,1,-1,-1,-1
289,50,1328.06,171.40,281.82,205.97,1,-1,-1,-1
290,36,686.62,64.80,414.14,409.88,1,-1,-1,-1
290,50,1328.35,171.50,282.03,205.97,1,-1,-1,-1
291,36,687.04,64.83,413.11,409.73,1,-1,-1,-1
291,50,1328.52,171.54,282.31,206.05,1,-1,-1,-1
292,36,782.06,93.86,470.77,465.66,1,-1,-1,-1
292,50,1325.06,170.92,281.44,205.41,1,-1,-1,-1
293,36,826.30,116.36,491.29,484.05,1,-1,-1,-1
294,36,848.72,121.28,513.49,504.64,1,-1,-1,-1
294,52,164.61,157.68,456.62,195.79,1,-1,-1,-1
294,53,1392.39,261.22,399.15,276.21,1,-1,-1,-1
295,36,866.17,120.32,534.86,525.31,1,-1,-1,-1
295,52,139.38,158.35,455.30,195.28,1,-1,-1,-1
295,53,1375.45,256.38,392.52,271.81,1,-1,-1,-1
296,36,883.06,123.67,555.42,545.48,1,-1,-1,-1
296,52,117.70,158.45,456.81,196.19,1,-1,-1,-1
296,53,1363.20,252.96,388.06,268.73,1,-1,-1,-1
297,36,902.68,127.48,572.94,562.95,1,-1,-1,-1
297,52,101.88,158.49,454.48,195.54,1,-1,-1,-1
297,54,682.07,122.30,272.06,157.86,1,-1,-1,-1
298,36,925.03,132.57,587.36,576.28,1,-1,-1,-1
298,52,88.07,159.51,450.62,194.28,1,-1,-1,-1
298,54,692.10,123.58,267.32,155.10,1,-1,-1,-1
