3,1,90.61,411.25,228.27,179.00,1,-1,-1,-1
3,2,1705.37,499.29,853.68,515.72,1,-1,-1,-1
4,1,83.64,406.52,226.92,178.13,1,-1,-1,-1
4,2,1705.34,499.66,853.28,515.37,1,-1,-1,-1
5,1,81.47,404.38,221.36,173.84,1,-1,-1,-1
5,2,1704.83,499.42,853.97,515.70,1,-1,-1,-1
6,1,75.92,400.52,218.99,172.24,1,-1,-1,-1
6,2,1704.45,499.31,854.51,515.92,1,-1,-1,-1
7,1,69.92,396.34,217.29,171.36,1,-1,-1,-1
7,2,1704.27,499.03,854.86,516.03,1,-1,-1,-1
8,1,64.82,392.50,213.23,168.69,1,-1,-1,-1
8,2,1704.20,499.00,855.15,516.11,1,-1,-1,-1
9,1,60.96,389.69,208.72,165.63,1,-1,-1,-1
9,2,1704.12,498.92,855.26,516.07,1,-1,-1,-1
10,1,56.08,385.93,205.32,163.52,1,-1,-1,-1
10,2,1703.87,498.78,855.53,516.12,1,-1,-1,-1
11,1,52.41,382.43,202.00,161.50,1,-1,-1,-1
11,2,1703.00,498.26,856.33,516.49,1,-1,-1,-1
12,1,47.46,379.22,199.99,160.69,1,-1,-1,-1
12,2,1702.57,498.09,856.87,516.72,1,-1,-1,-1
13,1,44.44,377.09,197.75,159.83,1,-1,-1,-1
13,2,1702.93,498.61,855.89,515.94,1,-1,-1,-1
14,1,40.14,374.11,195.40,158.98,1,-1,-1,-1
14,2,1702.73,498.76,856.04,515.86,1,-1,-1,-1
15,1,36.60,371.35,192.59,157.55,1,-1,-1,-1
15,2,1702.24,498.97,856.30,515.82,1,-1,-1,-1
16,1,33.16,369.02,190.37,156.56,1,-1,-1,-1
16,2,1701.71,498.89,857.08,516.15,1,-1,-1,-1
16,3,43.87,596.27,126.10,364.11,1,-1,-1,-1
17,1,30.63,367.17,187.77,155.33,1,-1,-1,-1
17,2,1701.82,498.96,857.17,516.08,1,-1,-1,-1
17,3,75.03,598.32,143.04,394.80,1,-1,-1,-1
18,1,28.25,363.18,187.36,156.03,1,-1,-1,-1
18,2,1701.09,498.91,857.82,516.31,1,-1,-1,-1
18,3,108.33,602.19,161.88,416.88,1,-1,-1,-1
19,1,24.92,358.96,186.14,156.33,1,-1,-1,-1
19,2,1700.82,498.86,858.63,516.74,1,-1,-1,-1
19,3,141.50,603.84,190.56,449.66,1,-1,-1,-1
20,1,20.71,355.81,184.90,155.29,1,-1,-1,-1
20,2,1700.28,498.40,860.11,517.70,1,-1,-1,-1
20,3,179.90,614.42,224.20,473.37,1,-1,-1,-1
21,2,1698.81,497.15,862.54,519.35,1,-1,-1,-1
21,3,208.23,613.81,236.00,498.28,1,-1,-1,-1
22,2,1698.84,496.44,862.45,519.40,1,-1,-1,-1
23,2,1698.32,496.02,862.86,519.73,1,-1,-1,-1
23,5,112.43,627.62,899.28,624.97,1,-1,-1,-1
24,2,1697.99,495.79,862.85,519.71,1,-1,-1,-1
24,5,218.56,642.45,988.23,678.63,1,-1,-1,-1
25,2,1698.36,496.42,862.66,519.63,1,-1,-1,-1
25,5,366.49,671.84,1065.51,718.17,1,-1,-1,-1
26,2,1699.10,498.17,860.12,517.79,1,-1,-1,-1
26,5,537.04,701.07,1161.08,766.61,1,-1,-1,-1
27,2,1698.95,498.22,860.12,517.79,1,-1,-1,-1
27,5,723.97,723.21,1266.01,813.39,1,-1,-1,-1
28,5,897.63,736.75,1381.82,869.49,1,-1,-1,-1
29,5,1039.18,748.84,1442.31,899.77,1,-1,-1,-1
30,5,1238.13,791.94,1358.42,846.90,1,-1,-1,-1
31,5,1473.47,864.17,1215.71,768.95,1,-1,-1,-1
32,5,1615.74,888.22,1245.86,788.03,1,-1,-1,-1
34,6,1712.16,497.73,839.50,515.95,1,-1,-1,-1
35,6,1712.79,497.48,838.60,514.97,1,-1,-1,-1
36,6,1712.58,497.50,839.11,514.80,1,-1,-1,-1
37,6,1712.30,497.63,839.94,514.77,1,-1,-1,-1
38,6,1711.62,497.52,841.33,515.07,1,-1,-1,-1
39,6,1711.16,497.48,842.42,515.19,1,-1,-1,-1
40,6,1710.24,497.41,843.98,515.60,1,-1,-1,-1
41,6,1708.40,496.84,847.20,517.15,1,-1,-1,-1
42,6,1705.12,495.24,851.57,519.48,1,-1,-1,-1
43,6,1702.16,494.36,854.21,520.63,1,-1,-1,-1
44,6,1698.94,493.15,855.54,520.66,1,-1,-1,-1
45,6,1696.35,493.59,855.98,519.88,1,-1,-1,-1
46,6,1690.04,494.13,859.11,520.31,1,-1,-1,-1
47,6,1681.11,492.93,864.69,521.79,1,-1,-1,-1
48,6,1671.13,493.13,869.70,522.23,1,-1,-1,-1
49,6,1659.53,491.12,875.20,522.10,1,-1,-1,-1
50,6,1643.25,489.07,884.63,523.29,1,-1,-1,-1
51,6,1622.51,489.57,895.62,523.95,1,-1,-1,-1
52,6,1602.70,491.59,905.92,523.10,1,-1,-1,-1
53,6,1572.91,490.67,925.99,526.66,1,-1,-1,-1
54,6,1536.37,492.03,944.66,526.63,1,-1,-1,-1
55,6,1493.22,493.03,969.27,527.98,1,-1,-1,-1
56,6,1446.44,492.12,999.87,530.78,1,-1,-1,-1
57,6,1392.77,491.66,1032.45,531.68,1,-1,-1,-1
58,6,1344.39,495.28,1058.55,526.48,1,-1,-1,-1
59,6,1280.58,496.49,1090.98,523.39,1,-1,-1,-1
60,6,1200.67,504.99,1104.56,512.17,1,-1,-1,-1
61,6,1104.43,512.46,1124.22,505.61,1,-1,-1,-1
62,6,991.07,511.38,1152.01,505.68,1,-1,-1,-1
63,6,870.49,510.15,1183.75,508.67,1,-1,-1,-1
64,6,741.43,505.96,1219.92,515.88,1,-1,-1,-1
65,6,611.88,504.99,1245.00,519.70,1,-1,-1,-1
66,6,481.47,502.60,1269.13,523.17,1,-1,-1,-1
67,6,348.14,502.15,1284.87,523.34,1,-1,-1,-1
68,6,217.71,495.63,1303.93,527.78,1,-1,-1,-1
69,6,95.13,494.99,1310.55,528.66,1,-1,-1,-1
70,6,3.41,494.24,1302.18,526.62,1,-1,-1,-1
71,6,-55.68,498.93,1280.75,522.53,1,-1,-1,-1
72,6,-97.02,505.59,1238.45,512.55,1,-1,-1,-1
73,6,-143.16,508.78,1204.87,510.59,1,-1,-1,-1
74,6,-187.94,512.75,1162.66,509.29,1,-1,-1,-1
75,6,-219.62,520.06,1098.12,500.93,1,-1,-1,-1
76,6,-235.91,537.93,1010.84,482.89,1,-1,-1,-1
77,6,-226.34,577.33,888.28,445.57,1,-1,-1,-1
78,6,-219.79,595.34,767.23,406.79,1,-1,-1,-1
79,6,-278.11,604.67,745.02,395.01,1,-1,-1,-1
80,7,1763.81,490.21,715.40,522.36,1,-1,-1,-1
81,7,1695.29,489.82,730.16,524.72,1,-1,-1,-1
82,7,1611.07,489.63,756.86,529.97,1,-1,-1,-1
83,7,1522.91,489.54,790.34,533.36,1,-1,-1,-1
84,7,1443.86,499.66,812.95,521.77,1,-1,-1,-1
85,7,1316.82,509.29,839.73,512.71,1,-1,-1,-1
86,7,1158.92,507.01,879.89,513.45,1,-1,-1,-1
87,7,993.93,504.26,904.81,504.37,1,-1,-1,-1
88,7,907.02,504.78,902.80,503.26,1,-1,-1,-1
90,9,387.67,648.00,1974.99,915.83,1,-1,-1,-1
91,9,465.11,629.20,2018.10,935.82,1,-1,-1,-1
92,10,967.82,670.80,1979.58,885.57,1,-1,-1,-1
93,10,1180.21,658.07,1952.63,894.64,1,-1,-1,-1
93,11,-73.09,494.67,1358.00,532.27,1,-1,-1,-1
94,10,1304.39,646.36,1969.35,902.30,1,-1,-1,-1
94,11,-129.83,506.11,1315.40,519.86,1,-1,-1,-1
95,11,-199.92,509.62,1299.24,521.50,1,-1,-1,-1
96,11,-256.13,518.69,1243.94,511.21,1,-1,-1,-1
97,11,-265.22,562.15,1107.64,468.68,1,-1,-1,-1
98,11,-271.24,592.42,988.81,434.06,1,-1,-1,-1
98,12,1782.54,495.14,690.70,372.41,1,-1,-1,-1
99,11,-321.40,608.58,952.16,417.97,1,-1,-1,-1
99,12,1718.48,503.75,676.72,359.09,1,-1,-1,-1
100,12,1618.55,512.50,669.78,348.42,1,-1,-1,-1
101,12,1507.11,514.44,675.06,343.55,1,-1,-1,-1
102,12,1392.80,511.32,684.26,340.25,1,-1,-1,-1
103,12,1277.02,507.16,699.64,340.51,1,-1,-1,-1
104,12,1165.24,505.86,713.59,340.52,1,-1,-1,-1
105,12,1057.92,505.24,725.97,340.46,1,-1,-1,-1
106,12,959.07,504.13,738.75,341.48,1,-1,-1,-1
107,12,865.70,502.37,745.73,340.56,1,-1,-1,-1
108,12,780.66,506.00,746.91,336.65,1,-1,-1,-1
109,12,695.64,503.31,757.47,338.45,1,-1,-1,-1
110,12,616.38,502.67,758.40,337.04,1,-1,-1,-1
110,13,322.35,746.80,640.75,695.85,1,-1,-1,-1
111,12,544.61,503.37,753.59,333.08,1,-1,-1,-1
111,13,564.53,752.28,676.46,690.39,1,-1,-1,-1
112,12,482.10,497.36,750.84,331.53,1,-1,-1,-1
112,13,916.94,758.98,728.95,695.63,1,-1,-1,-1
113,12,422.36,498.70,735.22,323.79,1,-1,-1,-1
113,13,1283.12,743.46,791.46,712.40,1,-1,-1,-1
114,12,362.96,493.77,730.25,322.23,1,-1,-1,-1
114,13,1545.85,732.71,824.37,722.56,1,-1,-1,-1
115,12,308.79,491.88,722.38,319.63,1,-1,-1,-1
115,13,1796.52,741.49,798.33,702.21,1,-1,-1,-1
116,12,261.21,487.47,716.29,319.22,1,-1,-1,-1
116,13,2047.78,736.85,803.34,706.62,1,-1,-1,-1
117,12,219.27,481.73,707.53,318.35,1,-1,-1,-1
118,12,184.50,478.71,689.01,313.58,1,-1,-1,-1
119,12,154.29,472.76,670.58,309.83,1,-1,-1,-1
120,12,127.33,467.42,649.30,305.08,1,-1,-1,-1
121,12,109.53,463.93,620.44,296.64,1,-1,-1,-1
122,12,98.53,462.59,588.78,286.98,1,-1,-1,-1
123,12,89.75,461.27,563.53,280.29,1,-1,-1,-1
124,12,73.37,455.36,548.01,278.37,1,-1,-1,-1
125,12,61.72,453.76,523.76,271.73,1,-1,-1,-1
126,12,51.67,449.61,507.09,269.28,1,-1,-1,-1
126,14,353.02,715.29,652.09,633.91,1,-1,-1,-1
127,12,48.07,444.04,485.89,264.38,1,-1,-1,-1
127,14,711.07,718.37,681.35,631.63,1,-1,-1,-1
128,12,45.79,440.94,459.33,255.97,1,-1,-1,-1
128,14,1147.41,722.58,716.66,628.68,1,-1,-1,-1
129,12,45.17,439.06,432.73,247.09,1,-1,-1,-1
129,14,1491.51,706.93,767.02,648.00,1,-1,-1,-1
130,12,45.02,436.10,409.29,239.17,1,-1,-1,-1
130,14,1772.88,708.47,759.97,638.22,1,-1,-1,-1
131,12,46.52,433.69,387.50,231.39,1,-1,-1,-1
131,14,2024.77,713.15,710.61,613.40,1,-1,-1,-1
132,12,46.76,432.29,367.90,224.83,1,-1,-1,-1
132,14,2300.51,710.46,709.91,612.81,1,-1,-1,-1
133,12,43.91,427.01,358.01,224.25,1,-1,-1,-1
134,12,43.53,421.79,343.81,220.58,1,-1,-1,-1
135,12,43.65,417.74,331.30,217.34,1,-1,-1,-1
136,12,43.97,413.30,319.11,214.00,1,-1,-1,-1
137,12,48.03,411.22,304.33,207.69,1,-1,-1,-1
138,12,48.31,407.30,293.53,203.54,1,-1,-1,-1
139,12,49.25,405.00,281.59,198.03,1,-1,-1,-1
140,12,46.25,398.39,276.19,196.94,1,-1,-1,-1
141,12,43.59,393.66,269.90,195.61,1,-1,-1,-1
142,12,45.15,393.41,258.99,190.07,1,-1,-1,-1
143,12,44.70,389.99,251.66,187.02,1,-1,-1,-1
144,12,42.92,385.57,244.07,183.61,1,-1,-1,-1
145,12,42.34,381.77,235.67,179.23,1,-1,-1,-1
146,12,41.57,379.28,228.17,175.23,1,-1,-1,-1
147,12,38.98,375.26,224.58,174.25,1,-1,-1,-1
148,12,35.66,370.46,221.48,173.82,1,-1,-1,-1
149,12,34.85,368.48,214.99,170.35,1,-1,-1,-1
150,12,33.71,366.12,209.51,167.43,1,-1,-1,-1
151,12,32.05,364.31,206.38,166.36,1,-1,-1,-1
152,12,29.97,361.82,203.15,165.37,1,-1,-1,-1
153,12,28.41,359.31,198.57,163.23,1,-1,-1,-1
154,12,25.51,355.33,196.22,162.99,1,-1,-1,-1
155,12,23.30,351.50,193.21,162.07,1,-1,-1,-1
156,12,22.19,349.54,189.91,160.67,1,-1,-1,-1
156,15,1909.16,483.19,564.11,392.60,1,-1,-1,-1
157,12,20.59,346.24,187.88,160.25,1,-1,-1,-1
157,15,1840.08,478.59,587.12,400.98,1,-1,-1,-1
158,12,18.97,343.50,186.21,160.14,1,-1,-1,-1
158,15,1769.40,474.30,613.69,407.22,1,-1,-1,-1
159,12,18.05,343.36,182.47,157.83,1,-1,-1,-1
159,15,1695.64,475.96,634.16,403.04,1,-1,-1,-1
160,12,16.39,340.15,180.27,157.05,1,-1,-1,-1
160,15,1590.69,482.05,651.59,394.90,1,-1,-1,-1
161,12,12.19,335.03,180.16,158.69,1,-1,-1,-1
161,15,1464.41,482.98,667.25,385.60,1,-1,-1,-1
162,12,9.25,330.31,179.76,160.09,1,-1,-1,-1
162,15,1345.35,485.42,685.45,377.67,1,-1,-1,-1
163,12,7.02,326.19,177.30,159.48,1,-1,-1,-1
163,15,1223.13,483.29,717.89,378.88,1,-1,-1,-1
164,12,4.94,324.11,174.28,158.29,1,-1,-1,-1
164,15,1100.81,482.67,745.57,378.91,1,-1,-1,-1
165,12,1.63,320.92,173.23,157.34,1,-1,-1,-1
165,15,973.19,482.09,772.79,380.64,1,-1,-1,-1
166,15,859.52,485.44,789.54,378.04,1,-1,-1,-1
167,15,760.71,491.38,796.86,371.19,1,-1,-1,-1
168,15,670.60,491.56,805.61,366.10,1,-1,-1,-1
169,15,576.45,491.38,810.46,360.98,1,-1,-1,-1
170,15,484.83,484.56,824.98,361.87,1,-1,-1,-1
171,15,408.60,481.36,825.58,358.20,1,-1,-1,-1
172,15,335.83,479.82,825.18,355.72,1,-1,-1,-1
173,15,263.65,474.40,830.94,357.15,1,-1,-1,-1
173,16,337.79,743.64,494.49,704.75,1,-1,-1,-1
174,15,224.61,474.19,803.76,343.89,1,-1,-1,-1
174,16,433.20,719.56,514.79,733.68,1,-1,-1,-1
175,15,176.21,472.95,799.45,343.67,1,-1,-1,-1
176,15,132.87,469.92,786.10,340.81,1,-1,-1,-1
176,17,768.89,735.36,1870.75,732.32,1,-1,-1,-1
177,15,93.82,464.06,770.24,338.37,1,-1,-1,-1
177,17,1099.09,733.68,1825.15,726.37,1,-1,-1,-1
178,15,58.82,458.17,754.45,337.65,1,-1,-1,-1
178,17,1336.91,724.87,1842.77,733.38,1,-1,-1,-1
179,15,32.92,454.96,728.25,332.57,1,-1,-1,-1
180,15,18.07,453.12,693.61,323.73,1,-1,-1,-1
181,15,9.05,453.31,653.34,311.75,1,-1,-1,-1
182,15,3.65,453.29,613.43,299.30,1,-1,-1,-1
183,15,2.45,450.54,575.19,287.09,1,-1,-1,-1
184,15,1.96,447.36,542.53,277.37,1,-1,-1,-1
185,15,-0.01,444.28,519.70,272.63,1,-1,-1,-1
186,15,1.75,439.85,492.27,265.33,1,-1,-1,-1
187,15,5.99,437.80,462.51,256.16,1,-1,-1,-1
188,15,7.29,433.07,441.07,251.32,1,-1,-1,-1
189,15,9.40,428.23,416.76,244.00,1,-1,-1,-1
190,15,11.98,423.29,395.88,238.19,1,-1,-1,-1
191,15,14.58,419.96,377.35,233.35,1,-1,-1,-1
192,15,16.92,414.99,364.84,232.08,1,-1,-1,-1
193,15,15.86,407.87,355.63,232.62,1,-1,-1,-1
194,15,18.69,402.11,342.12,229.62,1,-1,-1,-1
195,15,22.87,397.41,326.45,224.40,1,-1,-1,-1
196,15,28.25,395.88,311.83,219.25,1,-1,-1,-1
197,15,31.90,392.43,300.05,215.46,1,-1,-1,-1
198,15,34.39,388.85,288.38,211.08,1,-1,-1,-1
199,15,37.05,386.63,275.30,204.94,1,-1,-1,-1
200,15,39.42,384.24,265.02,200.38,1,-1,-1,-1
201,15,40.60,380.76,255.08,195.48,1,-1,-1,-1
202,15,40.09,377.65,247.53,192.35,1,-1,-1,-1
203,15,37.82,373.13,243.69,192.31,1,-1,-1,-1
204,15,36.99,369.99,238.13,190.51,1,-1,-1,-1
205,15,35.70,366.33,231.42,187.49,1,-1,-1,-1
206,15,34.61,364.03,225.03,184.14,1,-1,-1,-1
206,19,1887.15,473.36,568.68,396.09,1,-1,-1,-1
207,15,33.86,360.88,218.37,180.49,1,-1,-1,-1
207,19,1809.84,470.26,586.88,399.26,1,-1,-1,-1
208,15,31.89,356.55,214.42,179.03,1,-1,-1,-1
208,19,1730.47,470.33,606.00,397.09,1,-1,-1,-1
209,15,30.99,355.00,209.50,176.33,1,-1,-1,-1
209,19,1630.02,473.82,619.40,385.68,1,-1,-1,-1
210,15,29.30,353.72,206.09,175.04,1,-1,-1,-1
210,19,1489.84,470.51,643.67,380.97,1,-1,-1,-1
211,15,26.93,351.25,203.66,174.64,1,-1,-1,-1
211,19,1339.32,468.17,670.74,377.98,1,-1,-1,-1
212,15,24.09,347.95,200.61,173.71,1,-1,-1,-1
212,19,1191.03,471.44,692.56,373.40,1,-1,-1,-1
213,15,21.17,345.11,197.68,172.80,1,-1,-1,-1
213,19,1041.92,469.67,720.81,374.80,1,-1,-1,-1
214,15,19.77,343.77,192.48,169.53,1,-1,-1,-1
214,19,904.32,470.85,744.74,375.22,1,-1,-1,-1
215,15,17.47,341.29,188.43,167.45,1,-1,-1,-1
215,19,786.23,468.62,766.80,376.25,1,-1,-1,-1
216,15,16.17,340.16,184.18,165.00,1,-1,-1,-1
216,19,678.41,465.65,782.69,375.30,1,-1,-1,-1
217,15,13.34,336.60,182.60,165.23,1,-1,-1,-1
217,19,567.52,465.98,785.61,369.92,1,-1,-1,-1
218,15,11.08,332.41,181.56,166.15,1,-1,-1,-1
218,19,468.81,462.46,786.23,365.03,1,-1,-1,-1
219,15,10.42,330.17,177.18,163.61,1,-1,-1,-1
219,19,385.83,460.97,780.59,358.26,1,-1,-1,-1
220,15,8.65,328.05,173.69,161.95,1,-1,-1,-1
220,19,312.01,462.32,766.95,348.98,1,-1,-1,-1
221,15,5.35,323.45,171.50,161.58,1,-1,-1,-1
221,19,248.49,462.50,762.05,345.44,1,-1,-1,-1
222,15,4.78,320.71,169.63,161.05,1,-1,-1,-1
222,19,189.27,458.50,753.08,342.18,1,-1,-1,-1
223,15,1.81,317.81,168.05,159.55,1,-1,-1,-1
223,19,140.95,453.95,737.38,336.92,1,-1,-1,-1
224,19,105.15,450.45,705.10,325.36,1,-1,-1,-1
224,20,7.66,314.95,154.00,159.91,1,-1,-1,-1
225,19,74.79,444.32,680.27,318.35,1,-1,-1,-1
225,20,6.97,313.42,151.56,157.36,1,-1,-1,-1
226,19,48.93,439.75,653.13,310.88,1,-1,-1,-1
226,20,5.97,312.13,150.89,156.79,1,-1,-1,-1
227,19,32.31,437.24,618.01,299.55,1,-1,-1,-1
227,20,4.76,311.14,149.88,156.00,1,-1,-1,-1
228,19,16.20,431.35,596.21,295.55,1,-1,-1,-1
228,20,3.06,310.21,149.55,156.13,1,-1,-1,-1
229,19,7.59,426.72,567.82,288.19,1,-1,-1,-1
229,20,1.79,308.96,148.91,155.46,1,-1,-1,-1
230,19,6.57,424.56,531.05,275.94,1,-1,-1,-1
231,19,8.01,422.57,495.94,263.64,1,-1,-1,-1
232,19,5.63,417.62,467.41,254.26,1,-1,-1,-1
233,19,8.17,412.75,441.66,246.16,1,-1,-1,-1
234,19,10.35,410.43,416.86,238.60,1,-1,-1,-1
235,19,7.07,404.27,402.25,236.98,1,-1,-1,-1
236,19,6.31,399.10,383.30,232.12,1,-1,-1,-1
236,21,1692.85,562.88,715.05,308.94,1,-1,-1,-1
237,19,7.49,394.55,364.47,226.19,1,-1,-1,-1
237,21,1565.29,565.43,712.79,304.61,1,-1,-1,-1
238,19,12.79,390.42,347.34,221.07,1,-1,-1,-1
238,21,1428.09,562.71,721.47,304.75,1,-1,-1,-1
239,19,15.69,386.03,334.22,218.13,1,-1,-1,-1
239,21,1302.23,559.70,721.10,300.60,1,-1,-1,-1
240,19,16.91,381.58,322.93,216.01,1,-1,-1,-1
240,21,1170.35,555.49,736.02,303.28,1,-1,-1,-1
241,19,20.46,377.56,312.04,213.50,1,-1,-1,-1
241,21,1056.06,554.77,742.73,302.95,1,-1,-1,-1
242,19,22.92,374.02,297.93,208.09,1,-1,-1,-1
242,21,950.49,556.43,742.68,300.34,1,-1,-1,-1
243,19,23.96,370.91,286.70,204.34,1,-1,-1,-1
243,21,851.06,557.24,736.37,294.97,1,-1,-1,-1
244,19,23.64,368.31,274.19,199.16,1,-1,-1,-1
244,21,757.55,554.17,738.76,293.65,1,-1,-1,-1
245,19,23.41,366.99,264.03,195.07,1,-1,-1,-1
245,21,671.86,553.30,731.65,289.44,1,-1,-1,-1
246,19,23.35,363.34,257.25,193.21,1,-1,-1,-1
246,21,587.07,548.45,728.16,287.33,1,-1,-1,-1
247,19,23.16,359.98,249.37,190.35,1,-1,-1,-1
247,21,514.88,545.58,719.94,284.08,1,-1,-1,-1
248,19,22.30,356.62,242.85,188.52,1,-1,-1,-1
248,21,448.35,543.32,707.72,280.12,1,-1,-1,-1
249,19,21.76,354.01,233.80,184.23,1,-1,-1,-1
249,21,383.86,539.55,694.72,276.33,1,-1,-1,-1
250,19,20.41,350.66,227.54,182.08,1,-1,-1,-1
250,21,321.65,534.18,687.11,275.75,1,-1,-1,-1
251,19,18.60,348.54,221.33,179.79,1,-1,-1,-1
251,21,269.37,527.08,680.09,276.38,1,-1,-1,-1
252,19,14.88,345.18,217.87,179.64,1,-1,-1,-1
252,21,237.47,523.16,658.38,271.37,1,-1,-1,-1
253,19,13.85,343.61,211.00,176.33,1,-1,-1,-1
253,21,201.22,516.66,639.29,267.84,1,-1,-1,-1
254,19,12.14,340.12,207.11,175.36,1,-1,-1,-1
254,21,176.42,511.74,613.44,262.01,1,-1,-1,-1
255,19,11.77,337.67,201.14,172.17,1,-1,-1,-1
255,21,161.17,507.72,582.83,254.50,1,-1,-1,-1
256,19,11.54,335.16,196.45,170.19,1,-1,-1,-1
256,21,144.36,501.14,555.57,248.71,1,-1,-1,-1
257,19,10.25,331.87,192.98,169.25,1,-1,-1,-1
257,21,134.07,495.52,528.49,242.61,1,-1,-1,-1
258,19,9.39,329.59,188.97,167.52,1,-1,-1,-1
258,21,123.38,488.83,508.28,239.44,1,-1,-1,-1
259,19,8.51,327.18,185.78,166.43,1,-1,-1,-1
259,21,114.27,480.35,490.91,237.68,1,-1,-1,-1
260,19,7.34,325.35,181.07,163.80,1,-1,-1,-1
260,21,108.64,475.72,467.05,232.66,1,-1,-1,-1
261,19,3.49,321.92,178.93,163.93,1,-1,-1,-1
261,21,105.10,470.89,446.12,228.36,1,-1,-1,-1
262,19,1.69,319.74,175.95,163.14,1,-1,-1,-1
262,21,101.57,465.63,429.34,225.76,1,-1,-1,-1
263,19,0.19,317.44,173.53,162.95,1,-1,-1,-1
263,21,99.00,462.20,406.88,219.73,1,-1,-1,-1
264,19,-1.13,315.27,169.88,161.48,1,-1,-1,-1
264,21,95.64,458.59,387.42,214.33,1,-1,-1,-1
265,19,-4.42,312.65,168.11,159.80,1,-1,-1,-1
265,21,89.16,452.49,373.71,211.75,1,-1,-1,-1
266,21,83.90,448.46,358.23,207.44,1,-1,-1,-1
267,21,78.62,443.88,343.95,203.41,1,-1,-1,-1
268,21,72.98,440.26,329.79,199.06,1,-1,-1,-1
269,21,66.77,436.68,317.09,194.92,1,-1,-1,-1
270,21,59.67,432.25,308.53,193.23,1,-1,-1,-1
271,21,53.95,428.81,300.02,191.30,1,-1,-1,-1
272,21,50.00,423.49,291.64,189.17,1,-1,-1,-1
273,21,44.38,417.71,283.09,186.72,1,-1,-1,-1
274,21,39.69,412.23,277.24,185.79,1,-1,-1,-1
275,21,26.09,407.51,272.80,182.81,1,-1,-1,-1
276,22,53.61,407.02,224.37,179.74,1,-1,-1,-1
277,22,46.25,403.96,221.15,177.35,1,-1,-1,-1
278,22,42.45,400.69,215.95,173.34,1,-1,-1,-1
279,22,39.36,395.87,210.73,169.55,1,-1,-1,-1
280,22,37.16,392.92,207.12,167.10,1,-1,-1,-1
281,22,32.64,388.14,206.91,167.69,1,-1,-1,-1
282,22,28.20,383.41,205.30,167.27,1,-1,-1,-1
283,22,25.69,379.60,201.74,165.06,1,-1,-1,-1
283,23,339.62,579.24,625.86,900.13,1,-1,-1,-1
284,22,23.58,376.50,199.85,164.38,1,-1,-1,-1
284,23,565.70,568.96,680.28,909.71,1,-1,-1,-1
285,22,19.67,372.39,198.15,163.64,1,-1,-1,-1
285,23,707.80,548.04,697.35,932.54,1,-1,-1,-1
286,22,18.37,372.44,193.05,160.57,1,-1,-1,-1
287,22,18.31,370.37,189.15,158.58,1,-1,-1,-1
287,24,485.67,535.94,2605.42,954.65,1,-1,-1,-1
288,22,16.25,366.59,186.59,157.87,1,-1,-1,-1
288,24,578.27,523.14,2691.71,986.26,1,-1,-1,-1
289,22,14.97,364.26,182.57,155.67,1,-1,-1,-1
290,22,13.97,361.96,179.41,154.05,1,-1,-1,-1
291,22,11.44,357.78,177.62,153.83,1,-1,-1,-1
292,22,9.11,355.28,174.78,152.72,1,-1,-1,-1
293,22,7.03,351.92,173.13,152.82,1,-1,-1,-1
294,22,5.49,350.48,171.02,152.51,1,-1,-1,-1
294,26,1728.93,371.62,679.10,616.95,1,-1,-1,-1
295,22,2.54,347.65,169.67,151.30,1,-1,-1,-1
295,26,1544.61,356.66,722.72,631.99,1,-1,-1,-1
296,26,1270.10,357.10,748.49,624.35,1,-1,-1,-1
297,26,928.55,369.45,773.96,615.54,1,-1,-1,-1
298,26,575.81,372.84,810.43,614.06,1,-1,-1,-1
299,26,272.80,374.87,836.15,610.51,1,-1,-1,-1
300,26,60.36,359.50,860.15,621.51,1,-1,-1,-1
301,26,-111.09,354.96,860.24,632.96,1,-1,-1,-1
302,26,-238.81,355.81,841.33,644.88,1,-1,-1,-1
303,26,-440.61,347.31,854.69,655.12,1,-1,-1,-1
440,28,54.40,689.74,323.27,674.91,1,-1,-1,-1
441,28,91.34,662.88,379.43,777.08,1,-1,-1,-1
442,28,148.61,657.35,437.68,865.28,1,-1,-1,-1
443,28,223.99,658.90,496.44,926.95,1,-1,-1,-1
444,28,301.13,671.27,569.14,986.83,1,-1,-1,-1
445,28,391.98,692.47,665.50,1054.36,1,-1,-1,-1
446,28,481.22,720.30,784.42,1119.19,1,-1,-1,-1
447,28,612.89,749.42,898.54,1141.53,1,-1,-1,-1
448,28,798.93,770.33,1008.29,1144.85,1,-1,-1,-1
449,28,936.92,798.38,1082.51,1124.78,1,-1,-1,-1
450,28,1092.01,836.05,1108.53,1085.13,1,-1,-1,-1
451,28,1257.79,833.44,1137.09,1087.64,1,-1,-1,-1
