3,1,1385.31,341.69,182.50,157.02,1,-1,-1,-1
3,2,552.21,520.97,122.85,86.16,1,-1,-1,-1
3,3,297.08,589.71,86.07,71.58,1,-1,-1,-1
4,1,1381.21,347.31,191.80,165.11,1,-1,-1,-1
4,2,552.25,520.81,122.76,86.11,1,-1,-1,-1
4,3,299.28,589.84,85.76,71.22,1,-1,-1,-1
5,1,1379.10,354.74,198.41,170.76,1,-1,-1,-1
5,2,552.28,520.84,122.71,86.11,1,-1,-1,-1
5,3,301.48,590.13,85.49,70.83,1,-1,-1,-1
6,1,1377.74,359.86,203.47,174.97,1,-1,-1,-1
6,2,552.42,520.78,122.72,86.13,1,-1,-1,-1
6,3,303.21,590.12,86.32,71.35,1,-1,-1,-1
7,1,1378.59,365.75,207.43,177.89,1,-1,-1,-1
7,2,552.50,520.80,122.65,86.12,1,-1,-1,-1
7,3,305.44,589.99,87.11,71.90,1,-1,-1,-1
8,1,1379.36,371.14,211.46,180.66,1,-1,-1,-1
8,2,552.58,520.78,122.55,86.09,1,-1,-1,-1
8,3,307.94,589.72,87.92,72.45,1,-1,-1,-1
9,1,1380.26,373.64,216.83,185.18,1,-1,-1,-1
9,2,552.56,520.74,122.50,86.09,1,-1,-1,-1
9,3,310.59,589.60,88.44,72.76,1,-1,-1,-1
10,1,1377.91,375.43,225.54,193.36,1,-1,-1,-1
10,2,552.56,520.59,122.52,86.16,1,-1,-1,-1
10,3,312.55,589.28,89.47,73.51,1,-1,-1,-1
11,1,1374.83,377.67,233.71,201.74,1,-1,-1,-1
11,2,552.39,520.65,122.56,86.25,1,-1,-1,-1
11,3,314.30,588.72,91.25,75.02,1,-1,-1,-1
12,1,1369.89,378.10,246.59,215.72,1,-1,-1,-1
12,2,552.41,520.59,122.56,86.33,1,-1,-1,-1
12,3,316.72,588.26,92.00,75.73,1,-1,-1,-1
13,1,1364.41,377.86,259.42,231.04,1,-1,-1,-1
13,2,552.37,520.09,122.65,86.56,1,-1,-1,-1
13,3,319.16,588.48,92.14,75.70,1,-1,-1,-1
14,1,1360.26,377.39,271.98,248.03,1,-1,-1,-1
14,2,552.57,519.84,122.64,86.72,1,-1,-1,-1
14,3,321.24,587.80,93.42,76.60,1,-1,-1,-1
15,1,1363.78,380.48,276.89,260.11,1,-1,-1,-1
15,2,552.80,519.98,122.20,86.55,1,-1,-1,-1
15,3,323.26,588.16,93.83,76.73,1,-1,-1,-1
16,1,1369.53,385.65,279.63,272.23,1,-1,-1,-1
16,2,553.10,520.13,121.72,86.30,1,-1,-1,-1
16,3,325.15,588.01,94.35,77.01,1,-1,-1,-1
17,1,1387.38,394.03,264.59,267.99,1,-1,-1,-1
17,2,553.15,520.05,121.69,86.38,1,-1,-1,-1
17,3,326.95,587.52,95.36,77.73,1,-1,-1,-1
18,1,1411.53,402.75,243.31,258.14,1,-1,-1,-1
18,2,553.11,520.04,121.64,86.44,1,-1,-1,-1
18,3,329.30,587.89,96.84,78.67,1,-1,-1,-1
19,1,1412.55,406.75,249.04,264.23,1,-1,-1,-1
19,2,553.04,520.01,121.58,86.44,1,-1,-1,-1
19,3,331.77,587.64,97.80,79.15,1,-1,-1,-1
20,2,553.13,520.00,121.44,86.36,1,-1,-1,-1
20,3,333.49,587.50,98.72,79.71,1,-1,-1,-1
21,2,552.50,520.33,121.65,86.55,1,-1,-1,-1
21,3,336.56,587.62,99.81,80.41,1,-1,-1,-1
22,2,552.22,520.42,121.70,86.63,1,-1,-1,-1
22,3,338.96,587.32,101.21,81.45,1,-1,-1,-1
23,2,552.14,520.45,121.68,86.66,1,-1,-1,-1
23,3,341.67,587.58,101.36,81.38,1,-1,-1,-1
24,2,552.12,520.37,121.76,86.75,1,-1,-1,-1
24,3,343.53,587.20,102.60,82.36,1,-1,-1,-1
25,2,552.07,520.53,121.65,86.64,1,-1,-1,-1
25,3,346.41,587.49,103.04,82.57,1,-1,-1,-1
26,2,552.11,520.55,121.63,86.62,1,-1,-1,-1
26,3,348.28,587.34,104.31,83.48,1,-1,-1,-1
27,2,552.06,520.51,121.74,86.69,1,-1,-1,-1
27,3,350.53,586.84,106.28,85.03,1,-1,-1,-1
28,2,552.19,520.52,121.75,86.70,1,-1,-1,-1
28,3,352.60,586.55,107.57,85.94,1,-1,-1,-1
29,2,552.26,520.54,121.77,86.71,1,-1,-1,-1
29,3,354.27,586.00,109.32,87.28,1,-1,-1,-1
30,2,552.39,520.57,121.61,86.59,1,-1,-1,-1
30,3,355.77,585.28,110.99,88.48,1,-1,-1,-1
31,2,552.49,520.11,122.54,87.37,1,-1,-1,-1
31,3,357.98,584.62,112.95,89.99,1,-1,-1,-1
32,2,552.80,519.98,122.54,87.47,1,-1,-1,-1
32,3,359.96,584.30,115.21,91.76,1,-1,-1,-1
33,2,553.18,520.01,122.25,87.36,1,-1,-1,-1
33,3,362.08,584.18,116.52,92.84,1,-1,-1,-1
34,2,553.32,519.96,122.00,87.25,1,-1,-1,-1
34,3,364.23,584.09,117.90,93.85,1,-1,-1,-1
35,2,553.18,520.61,121.91,87.31,1,-1,-1,-1
35,3,365.93,583.92,119.28,94.76,1,-1,-1,-1
36,2,553.29,520.86,121.64,87.23,1,-1,-1,-1
36,3,368.32,583.27,121.09,96.23,1,-1,-1,-1
37,2,553.58,520.95,121.47,87.12,1,-1,-1,-1
37,3,371.03,582.91,122.49,97.19,1,-1,-1,-1
38,2,553.69,520.90,121.43,87.11,1,-1,-1,-1
38,3,373.66,582.50,123.56,97.73,1,-1,-1,-1
39,2,553.78,520.91,121.35,87.07,1,-1,-1,-1
39,3,376.98,582.89,124.98,98.66,1,-1,-1,-1
40,2,554.03,520.83,121.31,87.08,1,-1,-1,-1
40,3,379.37,582.91,126.68,99.61,1,-1,-1,-1
41,2,554.37,521.02,120.50,86.57,1,-1,-1,-1
41,3,381.82,582.22,130.02,101.84,1,-1,-1,-1
42,2,554.46,520.84,120.40,86.57,1,-1,-1,-1
42,3,384.84,581.23,133.46,104.12,1,-1,-1,-1
43,2,554.79,520.77,120.05,86.37,1,-1,-1,-1
43,3,388.08,580.72,135.07,105.01,1,-1,-1,-1
44,2,554.90,520.73,119.88,86.30,1,-1,-1,-1
44,3,391.34,579.69,137.96,106.90,1,-1,-1,-1
45,2,554.97,520.68,119.73,86.25,1,-1,-1,-1
45,3,394.55,578.90,140.85,108.81,1,-1,-1,-1
46,2,554.95,520.64,119.65,86.26,1,-1,-1,-1
46,3,398.42,578.72,142.29,109.46,1,-1,-1,-1
47,2,555.11,520.62,119.53,86.30,1,-1,-1,-1
47,3,402.80,578.65,144.35,110.63,1,-1,-1,-1
48,2,555.39,520.52,119.42,86.38,1,-1,-1,-1
48,3,406.02,577.83,147.46,112.76,1,-1,-1,-1
49,2,556.17,520.00,119.41,86.61,1,-1,-1,-1
49,3,408.56,576.66,151.03,115.38,1,-1,-1,-1
50,2,556.04,519.56,119.51,86.83,1,-1,-1,-1
50,3,412.18,575.58,154.44,117.85,1,-1,-1,-1
51,2,555.23,519.76,119.37,86.80,1,-1,-1,-1
51,3,416.66,574.70,156.90,119.46,1,-1,-1,-1
52,2,554.88,519.79,119.23,86.71,1,-1,-1,-1
52,3,420.84,573.88,159.68,121.30,1,-1,-1,-1
53,2,555.57,519.79,118.56,86.19,1,-1,-1,-1
53,3,425.65,573.57,162.62,123.16,1,-1,-1,-1
54,2,557.04,519.81,118.08,85.98,1,-1,-1,-1
54,3,429.91,572.80,166.40,125.58,1,-1,-1,-1
55,2,558.46,519.91,117.70,85.95,1,-1,-1,-1
55,3,434.17,572.48,170.37,128.11,1,-1,-1,-1
56,2,559.97,519.81,117.39,86.24,1,-1,-1,-1
56,3,438.37,571.56,174.22,130.81,1,-1,-1,-1
57,2,560.38,519.77,117.35,86.21,1,-1,-1,-1
57,3,442.74,570.56,179.16,134.36,1,-1,-1,-1
58,3,447.78,569.82,184.69,138.06,1,-1,-1,-1
59,3,453.20,569.56,188.86,140.64,1,-1,-1,-1
60,3,457.95,566.76,197.94,147.01,1,-1,-1,-1
61,3,464.25,565.47,204.31,150.95,1,-1,-1,-1
62,3,470.20,563.58,212.35,156.00,1,-1,-1,-1
62,4,321.63,594.38,90.17,70.48,1,-1,-1,-1
63,3,478.71,561.16,220.85,161.06,1,-1,-1,-1
63,4,325.86,594.42,90.03,70.29,1,-1,-1,-1
64,3,485.13,557.57,231.73,168.54,1,-1,-1,-1
64,4,329.16,593.97,91.33,71.20,1,-1,-1,-1
65,3,493.47,553.89,242.85,175.55,1,-1,-1,-1
65,4,333.99,593.40,92.29,71.94,1,-1,-1,-1
66,3,501.99,549.37,255.24,183.45,1,-1,-1,-1
66,4,337.57,593.67,93.26,72.72,1,-1,-1,-1
67,3,514.15,548.95,262.69,187.17,1,-1,-1,-1
67,4,340.52,593.44,94.26,73.46,1,-1,-1,-1
68,3,525.80,546.04,274.61,194.18,1,-1,-1,-1
68,4,343.34,593.24,96.02,74.79,1,-1,-1,-1
69,3,542.47,544.90,284.40,199.04,1,-1,-1,-1
69,4,346.40,593.44,96.72,75.20,1,-1,-1,-1
70,3,555.98,542.16,299.02,207.69,1,-1,-1,-1
70,4,349.75,592.89,98.46,76.43,1,-1,-1,-1
71,3,570.45,538.65,316.35,218.11,1,-1,-1,-1
71,4,353.72,591.99,100.77,78.30,1,-1,-1,-1
71,5,1370.43,348.57,194.08,300.64,1,-1,-1,-1
72,3,587.31,535.26,334.79,228.89,1,-1,-1,-1
72,4,357.28,591.39,101.53,78.86,1,-1,-1,-1
72,5,1337.45,343.07,202.27,305.36,1,-1,-1,-1
73,3,604.97,531.30,357.80,242.39,1,-1,-1,-1
73,4,362.13,590.85,102.49,79.55,1,-1,-1,-1
73,5,1305.46,338.59,212.16,307.92,1,-1,-1,-1
73,6,557.66,519.22,115.01,86.60,1,-1,-1,-1
74,3,626.52,526.64,383.87,257.99,1,-1,-1,-1
74,4,367.07,590.59,103.93,80.62,1,-1,-1,-1
74,5,1276.00,336.87,225.38,311.05,1,-1,-1,-1
74,6,556.86,519.81,114.82,86.45,1,-1,-1,-1
75,3,651.46,519.83,415.71,277.22,1,-1,-1,-1
75,4,371.56,590.38,105.54,81.81,1,-1,-1,-1
75,5,1248.86,344.24,235.57,304.38,1,-1,-1,-1
75,6,556.56,520.71,114.94,86.50,1,-1,-1,-1
76,3,681.03,515.52,451.82,299.01,1,-1,-1,-1
76,4,375.91,590.82,107.13,82.89,1,-1,-1,-1
76,5,1222.33,355.91,246.04,293.38,1,-1,-1,-1
76,6,556.13,521.10,115.67,86.97,1,-1,-1,-1
77,3,721.70,509.80,490.28,320.83,1,-1,-1,-1
77,4,379.59,590.37,108.99,84.10,1,-1,-1,-1
77,5,1203.10,366.00,257.60,281.96,1,-1,-1,-1
77,6,555.37,522.03,115.58,86.79,1,-1,-1,-1
78,3,768.84,501.83,536.85,345.97,1,-1,-1,-1
78,4,384.29,589.56,111.73,85.94,1,-1,-1,-1
78,5,1183.10,365.79,257.56,281.91,1,-1,-1,-1
78,6,555.23,522.04,116.44,87.30,1,-1,-1,-1
79,3,821.71,485.81,601.89,382.71,1,-1,-1,-1
79,4,389.94,588.88,114.19,87.50,1,-1,-1,-1
79,6,555.18,522.06,116.73,87.33,1,-1,-1,-1
80,3,864.19,468.50,678.51,430.57,1,-1,-1,-1
80,4,395.36,587.59,117.90,90.02,1,-1,-1,-1
80,6,554.96,521.55,117.41,87.69,1,-1,-1,-1
81,3,886.62,458.92,739.32,476.42,1,-1,-1,-1
81,4,400.61,586.57,122.64,93.30,1,-1,-1,-1
81,6,555.19,521.20,117.18,87.37,1,-1,-1,-1
82,3,921.74,449.55,758.94,501.39,1,-1,-1,-1
82,4,405.73,585.66,127.41,96.55,1,-1,-1,-1
82,6,555.20,521.03,116.80,86.93,1,-1,-1,-1
83,3,970.07,439.85,760.28,521.98,1,-1,-1,-1
83,4,413.39,584.60,131.71,99.43,1,-1,-1,-1
83,6,554.98,520.53,116.99,86.96,1,-1,-1,-1
84,3,1051.59,447.16,716.18,517.76,1,-1,-1,-1
84,4,421.40,583.82,135.89,101.89,1,-1,-1,-1
84,6,555.07,519.72,117.48,87.27,1,-1,-1,-1
85,3,1078.38,442.13,738.59,533.96,1,-1,-1,-1
85,4,431.06,583.21,139.65,103.89,1,-1,-1,-1
85,6,554.63,519.18,118.05,87.48,1,-1,-1,-1
85,8,812.64,433.43,391.27,212.76,1,-1,-1,-1
86,4,441.07,582.92,144.41,106.63,1,-1,-1,-1
86,6,555.38,519.33,116.96,86.42,1,-1,-1,-1
86,8,783.83,443.65,373.61,203.02,1,-1,-1,-1
87,4,450.65,581.67,150.10,110.01,1,-1,-1,-1
87,6,555.37,519.24,116.91,86.38,1,-1,-1,-1
87,8,758.38,451.73,358.84,195.16,1,-1,-1,-1
88,4,460.48,580.52,155.90,113.41,1,-1,-1,-1
88,8,732.82,456.29,348.51,190.10,1,-1,-1,-1
88,9,341.16,594.79,91.14,72.68,1,-1,-1,-1
89,4,470.20,578.04,164.72,118.85,1,-1,-1,-1
89,8,713.97,462.95,336.63,184.27,1,-1,-1,-1
89,9,345.74,595.23,91.86,73.15,1,-1,-1,-1
90,4,483.41,576.02,173.57,124.05,1,-1,-1,-1
90,8,694.02,465.02,329.29,181.32,1,-1,-1,-1
90,9,351.13,595.12,92.72,73.71,1,-1,-1,-1
91,4,496.67,575.08,182.82,129.59,1,-1,-1,-1
91,8,674.73,469.53,318.27,176.65,1,-1,-1,-1
91,9,355.62,594.15,95.13,75.58,1,-1,-1,-1
92,4,511.79,574.04,192.63,135.29,1,-1,-1,-1
92,8,659.61,476.07,303.70,169.58,1,-1,-1,-1
92,9,361.12,593.13,96.90,76.90,1,-1,-1,-1
93,4,527.95,572.84,203.34,140.97,1,-1,-1,-1
93,8,636.20,480.53,296.26,166.17,1,-1,-1,-1
93,9,366.26,592.09,99.10,78.49,1,-1,-1,-1
93,10,1339.31,342.14,216.82,309.32,1,-1,-1,-1
94,4,545.81,569.82,216.82,147.80,1,-1,-1,-1
94,8,619.58,481.41,294.85,166.59,1,-1,-1,-1
94,9,370.68,590.87,101.47,80.26,1,-1,-1,-1
94,10,1302.70,337.76,224.60,311.72,1,-1,-1,-1
95,4,565.14,564.47,236.70,159.46,1,-1,-1,-1
95,8,599.01,485.91,287.23,162.28,1,-1,-1,-1
95,9,375.47,590.13,102.53,81.00,1,-1,-1,-1
95,10,1269.31,337.78,234.13,311.75,1,-1,-1,-1
96,4,586.30,556.87,258.91,172.59,1,-1,-1,-1
96,9,381.02,590.73,103.70,81.66,1,-1,-1,-1
96,10,1239.18,347.22,240.07,300.87,1,-1,-1,-1
97,4,609.51,550.95,279.69,184.39,1,-1,-1,-1
97,9,388.13,590.70,104.98,82.28,1,-1,-1,-1
97,10,1209.81,359.00,250.45,291.33,1,-1,-1,-1
98,4,640.75,545.61,301.67,196.44,1,-1,-1,-1
98,9,393.93,589.86,107.56,83.74,1,-1,-1,-1
98,10,1182.02,373.72,260.17,276.66,1,-1,-1,-1
99,4,672.23,542.61,327.46,210.58,1,-1,-1,-1
99,9,400.23,589.11,111.50,86.08,1,-1,-1,-1
99,10,1141.35,392.82,264.66,257.06,1,-1,-1,-1
100,4,711.75,536.62,358.94,227.69,1,-1,-1,-1
100,9,406.66,587.26,117.17,90.13,1,-1,-1,-1
100,10,1080.86,402.90,272.64,244.95,1,-1,-1,-1
101,4,754.11,526.34,405.00,253.52,1,-1,-1,-1
101,9,412.58,586.23,122.29,93.61,1,-1,-1,-1
101,10,1030.17,417.05,279.04,237.05,1,-1,-1,-1
101,11,249.41,608.20,90.19,78.22,1,-1,-1,-1
102,4,809.84,521.16,447.88,275.44,1,-1,-1,-1
102,9,420.54,584.95,126.77,96.56,1,-1,-1,-1
102,10,992.58,432.07,252.80,197.77,1,-1,-1,-1
102,11,250.91,609.01,91.86,79.68,1,-1,-1,-1
102,12,549.91,518.52,194.13,123.33,1,-1,-1,-1
103,4,880.37,512.60,510.95,307.87,1,-1,-1,-1
103,9,428.58,581.93,133.67,101.06,1,-1,-1,-1
103,10,963.56,440.80,237.43,185.74,1,-1,-1,-1
103,11,252.94,609.46,94.16,81.71,1,-1,-1,-1
103,12,528.83,519.40,195.47,124.21,1,-1,-1,-1
104,4,949.53,503.01,577.15,346.14,1,-1,-1,-1
104,9,438.34,579.60,140.72,105.77,1,-1,-1,-1
104,11,255.75,609.93,95.45,82.87,1,-1,-1,-1
104,12,518.56,521.41,193.02,122.66,1,-1,-1,-1
105,4,990.99,493.33,632.92,386.82,1,-1,-1,-1
105,9,450.29,577.63,146.98,109.87,1,-1,-1,-1
105,11,257.93,610.08,98.13,85.20,1,-1,-1,-1
106,4,1052.29,484.12,643.22,408.34,1,-1,-1,-1
106,9,464.96,576.44,150.58,111.35,1,-1,-1,-1
106,11,259.61,610.13,100.84,87.45,1,-1,-1,-1
106,13,754.64,446.86,389.36,200.09,1,-1,-1,-1
107,4,1152.22,499.62,597.37,401.82,1,-1,-1,-1
107,9,478.80,572.39,159.27,116.66,1,-1,-1,-1
107,11,262.56,610.94,101.34,87.54,1,-1,-1,-1
107,13,729.84,454.90,371.20,191.35,1,-1,-1,-1
108,4,1185.38,496.11,617.08,415.07,1,-1,-1,-1
108,9,495.68,571.41,165.60,120.06,1,-1,-1,-1
108,11,265.46,612.51,102.19,87.68,1,-1,-1,-1
108,13,709.64,462.70,353.67,182.96,1,-1,-1,-1
109,9,511.70,569.63,175.58,125.40,1,-1,-1,-1
109,11,267.58,615.12,103.81,88.55,1,-1,-1,-1
109,13,689.70,468.75,338.96,176.30,1,-1,-1,-1
110,9,529.50,567.00,186.74,131.28,1,-1,-1,-1
110,11,270.19,617.00,106.25,90.12,1,-1,-1,-1
110,13,668.18,477.59,321.63,168.12,1,-1,-1,-1
111,9,549.77,563.38,201.25,138.97,1,-1,-1,-1
111,11,272.04,617.46,110.06,92.76,1,-1,-1,-1
111,13,639.37,483.35,315.82,165.48,1,-1,-1,-1
112,9,574.83,558.87,218.09,148.65,1,-1,-1,-1
112,11,276.08,618.49,112.47,94.29,1,-1,-1,-1
112,13,616.84,489.28,305.11,159.87,1,-1,-1,-1
112,14,1466.11,232.69,107.76,95.85,1,-1,-1,-1
113,9,603.61,555.51,236.76,158.57,1,-1,-1,-1
113,11,280.20,619.94,115.54,96.36,1,-1,-1,-1
113,14,1466.69,233.14,107.94,96.08,1,-1,-1,-1
114,9,631.22,544.60,264.73,175.24,1,-1,-1,-1
114,11,285.44,622.00,116.74,96.67,1,-1,-1,-1
114,14,1467.21,233.46,107.81,96.00,1,-1,-1,-1
115,9,669.20,537.09,289.97,189.22,1,-1,-1,-1
115,11,290.07,623.20,120.27,98.88,1,-1,-1,-1
115,14,1467.28,234.15,108.21,96.47,1,-1,-1,-1
116,9,711.19,530.93,317.23,203.88,1,-1,-1,-1
116,11,295.43,624.80,125.25,102.24,1,-1,-1,-1
116,14,1467.27,235.12,108.31,96.70,1,-1,-1,-1
117,9,759.55,522.69,355.53,225.15,1,-1,-1,-1
117,11,300.30,626.94,129.46,104.92,1,-1,-1,-1
117,14,1466.65,235.74,108.81,97.30,1,-1,-1,-1
118,9,824.38,515.63,395.99,245.47,1,-1,-1,-1
118,11,305.20,627.68,134.58,108.32,1,-1,-1,-1
118,14,1466.28,237.13,108.49,97.13,1,-1,-1,-1
119,9,909.63,508.37,449.23,272.00,1,-1,-1,-1
119,11,309.45,626.36,143.86,115.54,1,-1,-1,-1
119,14,1464.59,236.61,110.24,98.88,1,-1,-1,-1
119,15,563.49,516.81,199.77,125.46,1,-1,-1,-1
120,9,989.15,493.97,521.87,313.79,1,-1,-1,-1
120,11,314.72,625.24,153.74,122.99,1,-1,-1,-1
120,14,1462.63,237.17,110.76,99.43,1,-1,-1,-1
120,15,552.10,522.67,193.38,121.55,1,-1,-1,-1
121,9,1049.49,480.54,568.71,349.37,1,-1,-1,-1
121,11,320.26,627.31,162.12,129.00,1,-1,-1,-1
121,14,1461.99,236.90,112.03,100.74,1,-1,-1,-1
121,15,538.03,522.45,190.83,120.30,1,-1,-1,-1
122,9,1131.88,472.90,563.97,362.17,1,-1,-1,-1
122,11,327.58,627.92,170.90,135.24,1,-1,-1,-1
122,14,1461.59,237.56,112.08,100.83,1,-1,-1,-1
122,15,526.36,523.18,188.17,119.09,1,-1,-1,-1
123,9,1166.45,467.66,583.84,374.93,1,-1,-1,-1
123,11,334.85,628.72,183.48,144.42,1,-1,-1,-1
123,14,1460.05,238.65,111.62,100.56,1,-1,-1,-1
123,15,515.62,522.76,186.18,118.48,1,-1,-1,-1
124,11,341.70,627.99,199.37,156.00,1,-1,-1,-1
124,14,1459.55,239.87,110.39,99.49,1,-1,-1,-1
124,15,505.07,522.57,184.11,117.94,1,-1,-1,-1
125,11,351.54,629.57,215.75,167.71,1,-1,-1,-1
125,14,1458.92,241.37,109.61,98.72,1,-1,-1,-1
125,15,497.89,522.79,181.51,116.90,1,-1,-1,-1
126,11,366.79,629.10,234.21,180.55,1,-1,-1,-1
126,14,1457.93,242.56,109.77,98.73,1,-1,-1,-1
126,15,490.45,529.46,173.85,112.47,1,-1,-1,-1
126,16,400.30,557.83,99.71,82.01,1,-1,-1,-1
127,11,383.18,628.03,257.18,196.45,1,-1,-1,-1
127,14,1457.40,243.89,110.00,98.80,1,-1,-1,-1
127,15,482.23,531.79,169.74,110.42,1,-1,-1,-1
127,16,382.36,563.28,95.18,78.21,1,-1,-1,-1
128,11,397.35,627.22,292.25,222.11,1,-1,-1,-1
128,14,1456.92,245.33,110.23,98.82,1,-1,-1,-1
128,15,474.96,536.94,160.74,105.39,1,-1,-1,-1
128,16,382.73,563.77,94.74,77.82,1,-1,-1,-1
129,11,412.15,625.89,335.00,254.85,1,-1,-1,-1
129,14,1456.68,246.91,110.38,98.89,1,-1,-1,-1
129,15,466.71,539.29,154.60,102.24,1,-1,-1,-1
129,16,379.55,564.83,93.22,76.48,1,-1,-1,-1
130,11,429.80,625.93,388.21,296.26,1,-1,-1,-1
130,14,1455.76,248.50,110.80,99.25,1,-1,-1,-1
130,15,460.85,541.85,148.85,99.25,1,-1,-1,-1
130,16,374.98,566.48,91.46,75.04,1,-1,-1,-1
131,11,458.40,630.08,446.57,340.04,1,-1,-1,-1
131,14,1455.54,248.99,111.94,100.41,1,-1,-1,-1
131,15,455.62,543.42,143.35,96.35,1,-1,-1,-1
132,11,504.21,637.94,516.45,389.98,1,-1,-1,-1
132,14,1455.02,249.31,113.32,101.87,1,-1,-1,-1
132,15,447.90,545.74,139.69,94.87,1,-1,-1,-1
132,17,298.31,591.43,92.20,72.41,1,-1,-1,-1
133,11,566.23,646.86,629.45,470.06,1,-1,-1,-1
133,14,1454.16,249.81,114.43,103.14,1,-1,-1,-1
133,15,440.73,546.66,138.01,94.52,1,-1,-1,-1
133,17,300.62,594.01,93.27,73.19,1,-1,-1,-1
134,11,579.73,648.12,652.79,487.49,1,-1,-1,-1
134,14,1453.09,251.53,114.82,103.77,1,-1,-1,-1
134,15,436.40,547.31,134.73,93.14,1,-1,-1,-1
134,17,304.05,595.64,94.60,74.16,1,-1,-1,-1
135,14,1452.35,253.93,114.64,103.87,1,-1,-1,-1
135,15,431.15,549.27,129.64,90.78,1,-1,-1,-1
135,17,307.63,596.10,95.45,74.76,1,-1,-1,-1
136,14,1451.65,255.93,114.07,103.51,1,-1,-1,-1
136,15,427.64,551.28,124.72,88.20,1,-1,-1,-1
136,17,311.13,595.32,97.24,76.10,1,-1,-1,-1
137,14,1451.30,258.00,113.11,102.70,1,-1,-1,-1
137,15,423.54,553.93,119.74,85.68,1,-1,-1,-1
137,17,316.50,595.34,97.10,75.80,1,-1,-1,-1
138,14,1449.79,259.25,113.52,103.24,1,-1,-1,-1
138,15,416.53,555.98,116.61,83.44,1,-1,-1,-1
138,17,321.98,595.03,97.26,75.68,1,-1,-1,-1
138,18,555.87,521.26,118.10,87.72,1,-1,-1,-1
139,14,1449.23,260.82,113.21,103.02,1,-1,-1,-1
139,17,329.78,593.70,98.53,76.28,1,-1,-1,-1
139,18,555.65,521.58,117.93,87.52,1,-1,-1,-1
140,14,1449.12,261.31,113.61,103.44,1,-1,-1,-1
140,17,335.22,592.61,100.46,77.44,1,-1,-1,-1
140,18,555.51,521.66,117.88,87.38,1,-1,-1,-1
141,14,1448.73,263.18,112.98,102.77,1,-1,-1,-1
141,17,338.68,589.80,105.96,81.72,1,-1,-1,-1
141,18,555.38,521.47,117.30,86.71,1,-1,-1,-1
142,14,1448.05,264.40,113.26,103.02,1,-1,-1,-1
142,17,341.78,587.11,110.56,85.50,1,-1,-1,-1
142,18,555.02,521.39,117.43,86.54,1,-1,-1,-1
143,14,1447.17,264.96,114.13,103.79,1,-1,-1,-1
143,17,346.38,586.72,111.49,86.49,1,-1,-1,-1
143,18,554.53,521.33,117.90,86.62,1,-1,-1,-1
144,14,1446.71,266.29,114.38,103.84,1,-1,-1,-1
144,17,353.05,590.33,109.94,84.86,1,-1,-1,-1
144,18,554.24,521.25,118.41,86.71,1,-1,-1,-1
145,14,1445.58,267.40,115.60,105.01,1,-1,-1,-1
145,17,361.03,594.35,108.34,82.92,1,-1,-1,-1
145,18,554.54,521.43,118.76,86.63,1,-1,-1,-1
146,14,1444.91,268.56,116.22,105.60,1,-1,-1,-1
146,17,366.36,594.71,111.27,84.58,1,-1,-1,-1
146,18,554.59,521.27,119.31,86.72,1,-1,-1,-1
147,14,1443.64,268.89,117.89,107.23,1,-1,-1,-1
147,17,371.02,592.22,116.56,88.36,1,-1,-1,-1
147,18,554.53,521.03,119.95,86.90,1,-1,-1,-1
148,14,1442.45,269.98,118.39,107.73,1,-1,-1,-1
148,17,376.97,590.16,121.86,92.20,1,-1,-1,-1
148,18,554.01,521.31,120.74,87.29,1,-1,-1,-1
149,14,1441.25,271.62,118.93,108.25,1,-1,-1,-1
149,17,384.92,590.66,126.28,95.02,1,-1,-1,-1
149,18,553.79,521.41,121.05,87.33,1,-1,-1,-1
150,14,1440.56,273.58,119.88,108.85,1,-1,-1,-1
150,17,394.99,591.41,129.38,96.59,1,-1,-1,-1
150,18,554.09,521.33,120.94,87.08,1,-1,-1,-1
151,14,1438.93,275.30,120.53,109.26,1,-1,-1,-1
151,17,404.36,590.11,134.97,100.15,1,-1,-1,-1
151,18,554.35,521.10,120.78,86.89,1,-1,-1,-1
152,14,1437.07,277.07,121.44,109.88,1,-1,-1,-1
152,17,413.47,588.97,141.30,104.09,1,-1,-1,-1
152,18,554.02,520.59,121.04,87.01,1,-1,-1,-1
153,14,1435.30,278.04,123.70,111.80,1,-1,-1,-1
153,17,425.31,587.92,147.91,108.17,1,-1,-1,-1
153,18,553.48,519.77,121.43,87.27,1,-1,-1,-1
154,14,1434.31,279.18,125.24,113.22,1,-1,-1,-1
154,17,437.35,585.76,156.98,113.99,1,-1,-1,-1
154,18,553.60,519.39,121.31,87.18,1,-1,-1,-1
155,14,1433.20,280.27,127.60,115.36,1,-1,-1,-1
155,17,450.60,584.48,164.77,118.77,1,-1,-1,-1
155,18,553.58,519.21,121.28,87.16,1,-1,-1,-1
156,14,1431.28,281.44,130.32,117.97,1,-1,-1,-1
156,17,462.59,580.84,178.16,127.50,1,-1,-1,-1
157,14,1430.30,282.93,131.30,118.89,1,-1,-1,-1
157,17,478.99,579.08,189.76,134.27,1,-1,-1,-1
158,14,1429.01,284.13,133.27,120.80,1,-1,-1,-1
158,17,497.77,576.99,202.52,141.52,1,-1,-1,-1
159,14,1426.75,284.90,135.14,122.57,1,-1,-1,-1
159,17,518.65,574.32,216.65,149.03,1,-1,-1,-1
160,14,1426.29,287.26,134.59,122.12,1,-1,-1,-1
160,17,544.60,569.04,234.14,158.45,1,-1,-1,-1
161,14,1424.40,288.32,135.95,123.61,1,-1,-1,-1
161,17,571.96,563.53,255.22,169.83,1,-1,-1,-1
161,20,553.95,518.75,119.05,87.02,1,-1,-1,-1
162,14,1423.13,288.83,137.21,124.81,1,-1,-1,-1
162,17,598.72,556.84,280.31,183.76,1,-1,-1,-1
162,20,554.25,519.09,117.73,86.08,1,-1,-1,-1
163,14,1422.23,290.61,136.86,124.27,1,-1,-1,-1
163,17,633.52,550.43,310.84,200.90,1,-1,-1,-1
163,20,553.88,520.38,117.62,86.01,1,-1,-1,-1
164,14,1420.99,291.87,138.18,125.24,1,-1,-1,-1
164,17,672.51,541.29,349.40,222.71,1,-1,-1,-1
164,20,554.03,521.14,117.90,86.21,1,-1,-1,-1
165,14,1419.37,293.05,140.53,127.07,1,-1,-1,-1
165,17,722.72,534.39,391.59,245.52,1,-1,-1,-1
165,20,554.38,520.72,118.35,86.45,1,-1,-1,-1
166,14,1418.01,295.07,141.99,128.05,1,-1,-1,-1
166,17,784.59,526.45,447.84,275.92,1,-1,-1,-1
166,20,553.83,520.63,118.77,86.63,1,-1,-1,-1
167,14,1416.50,297.09,143.83,129.52,1,-1,-1,-1
167,17,870.70,517.48,518.26,312.23,1,-1,-1,-1
167,20,553.62,520.56,119.00,86.67,1,-1,-1,-1
168,14,1414.55,297.16,146.44,131.81,1,-1,-1,-1
168,17,936.06,501.71,601.17,363.04,1,-1,-1,-1
168,20,553.45,520.72,118.85,86.48,1,-1,-1,-1
169,14,1413.70,300.68,147.02,132.13,1,-1,-1,-1
169,17,992.44,485.31,650.74,403.58,1,-1,-1,-1
169,20,553.22,521.21,118.33,86.03,1,-1,-1,-1
170,14,1412.53,302.16,147.83,132.76,1,-1,-1,-1
170,17,1086.35,487.34,631.71,410.86,1,-1,-1,-1
170,20,553.04,521.19,118.42,85.98,1,-1,-1,-1
171,14,1410.53,303.12,148.49,133.39,1,-1,-1,-1
171,17,1118.86,482.70,653.91,425.29,1,-1,-1,-1
171,20,553.41,521.13,118.82,86.09,1,-1,-1,-1
172,14,1409.37,303.25,149.08,134.06,1,-1,-1,-1
172,20,553.59,521.52,118.81,85.90,1,-1,-1,-1
173,14,1407.59,304.17,150.00,134.89,1,-1,-1,-1
173,20,553.58,521.63,119.00,85.87,1,-1,-1,-1
174,14,1405.91,305.56,150.67,135.53,1,-1,-1,-1
174,20,553.44,521.67,119.27,85.91,1,-1,-1,-1
175,14,1404.64,306.18,151.80,136.65,1,-1,-1,-1
175,20,553.31,521.67,119.57,85.98,1,-1,-1,-1
176,14,1404.52,308.23,151.77,136.51,1,-1,-1,-1
176,20,553.28,521.65,119.79,86.01,1,-1,-1,-1
177,14,1403.39,309.75,151.60,136.32,1,-1,-1,-1
177,20,553.13,521.58,120.10,86.14,1,-1,-1,-1
178,14,1402.54,310.71,152.38,136.97,1,-1,-1,-1
178,20,553.11,521.62,120.20,86.14,1,-1,-1,-1
179,14,1401.61,311.16,153.43,137.94,1,-1,-1,-1
179,20,553.06,521.65,120.27,86.12,1,-1,-1,-1
180,14,1401.41,311.96,153.95,138.36,1,-1,-1,-1
180,20,553.03,521.72,120.27,86.06,1,-1,-1,-1
181,14,1400.42,311.04,154.91,139.40,1,-1,-1,-1
181,20,552.76,521.53,120.40,86.06,1,-1,-1,-1
182,14,1399.98,310.81,155.30,139.88,1,-1,-1,-1
182,20,552.59,521.43,120.59,86.14,1,-1,-1,-1
183,14,1400.21,312.60,154.24,138.94,1,-1,-1,-1
183,20,552.43,521.34,120.79,86.25,1,-1,-1,-1
184,14,1400.05,313.45,154.22,138.92,1,-1,-1,-1
184,20,552.41,521.32,120.81,86.23,1,-1,-1,-1
185,14,1399.73,313.39,154.44,139.09,1,-1,-1,-1
185,20,552.37,521.29,120.85,86.23,1,-1,-1,-1
186,14,1399.75,313.82,154.24,138.85,1,-1,-1,-1
186,20,552.29,521.29,120.88,86.24,1,-1,-1,-1
187,14,1399.60,313.86,154.32,138.87,1,-1,-1,-1
187,20,552.21,521.24,120.96,86.30,1,-1,-1,-1
188,14,1399.46,313.52,154.84,139.35,1,-1,-1,-1
188,20,552.22,521.26,120.92,86.25,1,-1,-1,-1
189,14,1399.44,312.81,155.49,140.03,1,-1,-1,-1
189,20,552.23,521.28,120.84,86.16,1,-1,-1,-1
190,14,1399.63,313.10,155.29,139.85,1,-1,-1,-1
190,20,552.14,521.28,120.87,86.17,1,-1,-1,-1
191,14,1399.58,312.20,156.07,140.65,1,-1,-1,-1
191,20,551.90,521.65,121.09,86.30,1,-1,-1,-1
192,14,1399.44,312.19,156.11,140.75,1,-1,-1,-1
192,20,551.77,521.81,121.17,86.34,1,-1,-1,-1
193,14,1399.30,312.79,155.18,139.97,1,-1,-1,-1
193,20,551.86,521.84,121.15,86.33,1,-1,-1,-1
194,14,1399.11,312.79,154.95,139.86,1,-1,-1,-1
194,20,551.84,521.82,121.20,86.39,1,-1,-1,-1
195,14,1399.30,313.03,154.54,139.53,1,-1,-1,-1
195,20,551.86,521.83,121.18,86.38,1,-1,-1,-1
196,14,1399.26,313.09,154.47,139.52,1,-1,-1,-1
196,20,551.85,521.84,121.14,86.38,1,-1,-1,-1
197,14,1399.26,313.20,154.31,139.45,1,-1,-1,-1
197,20,551.84,521.79,121.17,86.42,1,-1,-1,-1
198,14,1399.21,313.28,154.32,139.54,1,-1,-1,-1
198,20,551.80,521.78,121.16,86.44,1,-1,-1,-1
199,14,1399.10,313.14,154.43,139.74,1,-1,-1,-1
199,20,551.76,521.78,121.17,86.47,1,-1,-1,-1
200,14,1398.93,312.87,154.51,139.93,1,-1,-1,-1
200,20,551.69,521.73,121.25,86.55,1,-1,-1,-1
201,14,1398.90,313.05,154.32,139.83,1,-1,-1,-1
201,20,551.65,521.70,121.30,86.60,1,-1,-1,-1
202,14,1398.96,313.24,154.12,139.68,1,-1,-1,-1
202,20,551.62,521.69,121.29,86.59,1,-1,-1,-1
203,14,1399.08,313.15,154.20,139.77,1,-1,-1,-1
203,20,551.55,521.65,121.37,86.66,1,-1,-1,-1
204,14,1399.13,313.15,154.17,139.77,1,-1,-1,-1
204,20,551.46,521.55,121.53,86.80,1,-1,-1,-1
205,14,1399.41,313.33,153.94,139.54,1,-1,-1,-1
205,20,551.32,521.49,121.64,86.91,1,-1,-1,-1
206,14,1399.57,313.64,153.53,139.11,1,-1,-1,-1
206,20,551.30,521.50,121.66,86.92,1,-1,-1,-1
207,14,1399.64,313.76,153.36,138.88,1,-1,-1,-1
207,20,551.32,521.55,121.64,86.91,1,-1,-1,-1
208,14,1399.54,313.73,153.43,138.88,1,-1,-1,-1
208,20,551.33,521.60,121.60,86.88,1,-1,-1,-1
209,14,1399.44,313.78,153.40,138.80,1,-1,-1,-1
209,20,551.25,521.53,121.71,86.97,1,-1,-1,-1
210,14,1399.56,314.07,153.16,138.51,1,-1,-1,-1
210,20,551.26,521.55,121.71,86.96,1,-1,-1,-1
211,14,1399.43,313.96,153.27,138.57,1,-1,-1,-1
211,20,551.26,521.55,121.69,86.95,1,-1,-1,-1
212,14,1399.25,313.66,153.51,138.79,1,-1,-1,-1
212,20,551.26,521.55,121.68,86.95,1,-1,-1,-1
213,14,1399.18,313.57,153.59,138.86,1,-1,-1,-1
213,20,551.32,521.59,121.63,86.90,1,-1,-1,-1
214,14,1399.20,313.78,153.43,138.66,1,-1,-1,-1
214,20,551.34,521.60,121.64,86.90,1,-1,-1,-1
215,14,1399.24,314.00,153.28,138.50,1,-1,-1,-1
215,20,551.36,521.59,121.62,86.88,1,-1,-1,-1
216,14,1399.18,314.10,153.27,138.46,1,-1,-1,-1
216,20,551.35,521.56,121.68,86.93,1,-1,-1,-1
217,14,1399.12,313.74,153.69,138.85,1,-1,-1,-1
217,20,551.36,521.48,121.66,86.95,1,-1,-1,-1
218,14,1399.22,313.64,153.76,138.92,1,-1,-1,-1
218,20,551.40,521.49,121.61,86.92,1,-1,-1,-1
219,14,1399.17,313.38,154.00,139.17,1,-1,-1,-1
219,20,551.40,521.47,121.63,86.96,1,-1,-1,-1
220,14,1399.20,313.27,154.13,139.32,1,-1,-1,-1
220,20,551.45,521.46,121.62,86.96,1,-1,-1,-1
221,14,1399.11,313.37,154.13,139.32,1,-1,-1,-1
221,20,551.44,521.45,121.66,87.02,1,-1,-1,-1
222,14,1399.05,313.20,154.31,139.51,1,-1,-1,-1
222,20,551.46,521.45,121.69,87.06,1,-1,-1,-1
223,14,1399.01,313.05,154.48,139.68,1,-1,-1,-1
223,20,551.50,521.48,121.62,87.03,1,-1,-1,-1
224,14,1399.05,312.88,154.66,139.88,1,-1,-1,-1
224,20,551.55,521.55,121.54,86.98,1,-1,-1,-1
225,14,1399.10,312.89,154.62,139.89,1,-1,-1,-1
225,20,551.58,521.58,121.48,86.96,1,-1,-1,-1
226,14,1399.14,312.90,154.58,139.89,1,-1,-1,-1
226,20,551.60,521.57,121.45,86.93,1,-1,-1,-1
227,14,1399.22,312.94,154.53,139.87,1,-1,-1,-1
227,20,551.59,521.62,121.39,86.87,1,-1,-1,-1
228,14,1399.26,312.97,154.52,139.85,1,-1,-1,-1
228,20,551.62,521.67,121.32,86.80,1,-1,-1,-1
229,14,1399.20,312.71,154.61,139.97,1,-1,-1,-1
229,20,551.45,521.60,121.52,86.94,1,-1,-1,-1
230,14,1399.12,312.60,154.56,140.00,1,-1,-1,-1
230,20,551.32,521.51,121.70,87.08,1,-1,-1,-1
231,14,1399.23,312.60,154.49,140.01,1,-1,-1,-1
231,20,551.48,521.57,121.60,87.02,1,-1,-1,-1
232,14,1399.36,312.68,154.35,139.94,1,-1,-1,-1
232,20,551.47,521.59,121.55,86.99,1,-1,-1,-1
233,14,1399.40,312.69,154.30,139.94,1,-1,-1,-1
233,20,551.49,521.58,121.55,87.00,1,-1,-1,-1
234,14,1399.42,312.84,154.17,139.84,1,-1,-1,-1
234,20,551.54,521.57,121.55,87.01,1,-1,-1,-1
235,14,1399.49,313.30,153.66,139.29,1,-1,-1,-1
235,20,551.65,521.74,121.14,86.67,1,-1,-1,-1
236,14,1399.47,313.38,153.55,139.12,1,-1,-1,-1
236,20,551.78,521.75,121.12,86.61,1,-1,-1,-1
237,14,1399.48,313.38,153.59,139.09,1,-1,-1,-1
237,20,551.72,521.71,121.21,86.61,1,-1,-1,-1
238,14,1399.55,313.42,153.65,139.08,1,-1,-1,-1
238,20,551.62,521.70,121.29,86.60,1,-1,-1,-1
239,14,1399.67,313.58,153.59,138.94,1,-1,-1,-1
239,20,551.61,521.62,121.51,86.69,1,-1,-1,-1
240,14,1399.67,313.59,153.55,138.84,1,-1,-1,-1
240,20,551.60,521.57,121.59,86.68,1,-1,-1,-1
241,14,1399.69,313.67,153.58,138.80,1,-1,-1,-1
241,20,551.60,521.34,121.98,86.86,1,-1,-1,-1
241,21,298.68,583.29,102.19,82.43,1,-1,-1,-1
242,14,1399.71,313.74,153.56,138.70,1,-1,-1,-1
242,20,551.61,521.30,122.13,86.88,1,-1,-1,-1
242,21,302.42,583.05,103.43,83.40,1,-1,-1,-1
243,14,1399.72,313.74,153.59,138.67,1,-1,-1,-1
243,20,551.60,521.30,122.27,86.88,1,-1,-1,-1
243,21,307.00,583.16,104.19,83.92,1,-1,-1,-1
244,14,1399.77,313.75,153.60,138.63,1,-1,-1,-1
244,20,551.59,521.36,122.34,86.85,1,-1,-1,-1
244,21,312.14,583.27,104.92,84.40,1,-1,-1,-1
245,14,1399.86,313.91,153.54,138.51,1,-1,-1,-1
245,20,551.52,521.41,122.50,86.87,1,-1,-1,-1
245,21,318.04,583.31,105.79,84.88,1,-1,-1,-1
246,14,1399.98,314.18,153.43,138.33,1,-1,-1,-1
246,20,551.45,521.34,122.76,86.98,1,-1,-1,-1
246,21,323.21,583.08,106.77,85.51,1,-1,-1,-1
247,14,1400.05,314.20,153.54,138.33,1,-1,-1,-1
247,20,551.39,521.36,122.94,87.03,1,-1,-1,-1
247,21,327.80,583.32,108.75,86.85,1,-1,-1,-1
248,14,1399.99,313.99,153.82,138.52,1,-1,-1,-1
248,20,551.33,521.44,123.06,87.04,1,-1,-1,-1
248,21,332.40,583.52,110.56,87.98,1,-1,-1,-1
249,14,1399.96,314.25,153.77,138.39,1,-1,-1,-1
249,20,551.36,521.48,123.23,87.12,1,-1,-1,-1
249,21,338.80,583.53,111.66,88.62,1,-1,-1,-1
250,14,1399.80,314.31,153.84,138.39,1,-1,-1,-1
250,20,551.39,521.37,123.47,87.27,1,-1,-1,-1
250,21,343.91,582.58,113.05,89.54,1,-1,-1,-1
251,14,1399.79,313.79,154.09,138.60,1,-1,-1,-1
251,20,551.39,521.09,123.73,87.43,1,-1,-1,-1
251,21,346.29,580.99,116.35,91.97,1,-1,-1,-1
252,14,1399.71,313.38,154.45,138.93,1,-1,-1,-1
252,20,551.69,521.08,123.60,87.31,1,-1,-1,-1
252,21,349.10,579.40,119.96,94.75,1,-1,-1,-1
253,14,1399.52,312.97,154.95,139.42,1,-1,-1,-1
253,20,551.64,520.95,123.91,87.55,1,-1,-1,-1
253,21,351.03,578.93,122.61,96.56,1,-1,-1,-1
254,14,1399.38,312.75,155.16,139.65,1,-1,-1,-1
254,20,551.51,520.87,124.19,87.80,1,-1,-1,-1
254,21,359.15,576.66,125.53,98.63,1,-1,-1,-1
255,14,1399.37,312.78,155.15,139.65,1,-1,-1,-1
255,20,551.57,520.62,124.39,88.02,1,-1,-1,-1
255,21,364.98,574.89,130.81,102.45,1,-1,-1,-1
256,14,1399.28,312.66,155.20,139.74,1,-1,-1,-1
256,20,551.48,521.03,124.55,88.34,1,-1,-1,-1
256,21,372.04,573.01,135.39,105.74,1,-1,-1,-1
257,14,1399.25,312.76,155.07,139.67,1,-1,-1,-1
257,20,551.44,520.76,124.58,88.57,1,-1,-1,-1
257,21,378.67,571.10,139.65,108.83,1,-1,-1,-1
257,23,266.74,605.86,101.06,87.82,1,-1,-1,-1
258,14,1399.50,313.36,154.77,139.40,1,-1,-1,-1
258,20,551.69,520.80,124.20,88.42,1,-1,-1,-1
258,21,386.07,569.99,144.39,112.09,1,-1,-1,-1
258,23,268.25,607.05,103.34,89.76,1,-1,-1,-1
259,14,1399.66,313.58,154.65,139.29,1,-1,-1,-1
259,20,551.92,520.76,123.67,88.20,1,-1,-1,-1
259,21,394.19,568.83,149.12,115.16,1,-1,-1,-1
259,23,270.30,607.57,106.05,92.04,1,-1,-1,-1
260,14,1399.79,313.78,154.52,139.15,1,-1,-1,-1
260,20,552.23,520.31,123.51,88.36,1,-1,-1,-1
260,21,403.01,565.90,157.13,120.84,1,-1,-1,-1
260,23,271.88,607.63,109.96,95.33,1,-1,-1,-1
261,14,1399.77,313.91,154.42,139.02,1,-1,-1,-1
261,20,552.10,519.66,122.89,88.04,1,-1,-1,-1
261,21,413.30,565.09,163.05,124.41,1,-1,-1,-1
261,23,274.32,608.74,112.56,97.34,1,-1,-1,-1
262,14,1399.71,313.85,154.44,139.01,1,-1,-1,-1
262,20,552.09,519.52,122.94,88.07,1,-1,-1,-1
262,21,425.10,563.11,171.28,129.65,1,-1,-1,-1
262,23,278.69,610.02,114.68,98.91,1,-1,-1,-1
263,14,1399.57,313.89,154.42,139.00,1,-1,-1,-1
263,21,435.09,559.97,180.53,135.77,1,-1,-1,-1
263,23,283.87,611.93,116.75,100.49,1,-1,-1,-1
264,14,1399.61,314.12,154.30,138.88,1,-1,-1,-1
264,21,446.81,557.09,190.59,142.34,1,-1,-1,-1
264,23,288.57,612.96,120.96,103.84,1,-1,-1,-1
265,14,1398.99,313.80,154.87,139.44,1,-1,-1,-1
265,21,455.81,553.23,204.88,151.96,1,-1,-1,-1
265,23,291.82,613.29,126.86,108.83,1,-1,-1,-1
266,14,1398.52,313.60,155.25,139.84,1,-1,-1,-1
266,21,468.06,548.79,219.98,161.95,1,-1,-1,-1
266,23,294.98,612.67,135.03,115.78,1,-1,-1,-1
267,14,1398.27,313.44,155.37,139.99,1,-1,-1,-1
267,21,481.24,538.91,240.55,175.99,1,-1,-1,-1
267,23,299.31,613.15,140.99,120.88,1,-1,-1,-1
268,14,1398.52,313.79,154.63,139.29,1,-1,-1,-1
268,21,495.78,529.27,262.81,191.14,1,-1,-1,-1
268,23,303.51,613.10,149.79,128.42,1,-1,-1,-1
269,14,1398.68,313.75,154.44,139.11,1,-1,-1,-1
269,21,513.77,522.98,282.19,203.79,1,-1,-1,-1
269,23,307.15,613.16,161.11,138.05,1,-1,-1,-1
270,14,1398.91,313.68,154.43,139.11,1,-1,-1,-1
270,21,537.77,516.44,302.67,217.26,1,-1,-1,-1
270,23,313.60,614.54,172.04,147.39,1,-1,-1,-1
271,14,1399.18,313.89,154.39,139.07,1,-1,-1,-1
271,21,563.39,512.12,323.16,230.13,1,-1,-1,-1
271,23,320.77,615.44,184.63,158.11,1,-1,-1,-1
272,14,1399.57,314.29,154.13,138.80,1,-1,-1,-1
272,21,591.19,503.49,350.41,247.52,1,-1,-1,-1
272,23,329.07,616.24,201.29,172.21,1,-1,-1,-1
273,14,1399.87,314.52,154.11,138.74,1,-1,-1,-1
273,21,621.80,493.54,386.08,270.17,1,-1,-1,-1
273,23,338.18,616.98,221.41,188.80,1,-1,-1,-1
274,14,1400.00,315.00,153.98,138.53,1,-1,-1,-1
274,21,660.89,483.95,424.51,293.65,1,-1,-1,-1
274,23,351.53,618.77,245.35,207.74,1,-1,-1,-1
274,24,245.32,606.59,97.86,84.52,1,-1,-1,-1
275,14,1399.77,315.13,154.30,138.76,1,-1,-1,-1
275,21,709.58,474.61,473.96,323.03,1,-1,-1,-1
275,23,365.32,618.99,282.89,239.42,1,-1,-1,-1
275,24,247.39,607.36,98.35,84.89,1,-1,-1,-1
276,14,1399.01,315.57,154.65,139.09,1,-1,-1,-1
276,21,771.53,462.01,534.55,357.06,1,-1,-1,-1
276,23,381.66,619.04,331.14,281.33,1,-1,-1,-1
276,24,249.76,609.21,98.72,85.15,1,-1,-1,-1
277,14,1399.12,315.73,155.73,139.74,1,-1,-1,-1
277,21,842.95,436.30,625.58,410.70,1,-1,-1,-1
277,23,403.11,620.95,392.16,334.35,1,-1,-1,-1
277,24,252.13,609.91,101.29,87.33,1,-1,-1,-1
277,25,554.33,519.29,118.64,88.68,1,-1,-1,-1
278,14,1399.12,315.89,155.82,139.82,1,-1,-1,-1
278,21,869.80,407.27,718.37,476.70,1,-1,-1,-1
278,23,441.21,625.23,466.35,397.09,1,-1,-1,-1
278,24,253.68,610.52,104.23,89.81,1,-1,-1,-1
278,25,554.07,519.49,119.13,88.96,1,-1,-1,-1
279,21,907.95,388.87,764.28,520.95,1,-1,-1,-1
279,23,498.50,637.30,585.25,493.76,1,-1,-1,-1
279,24,255.75,611.71,106.29,91.37,1,-1,-1,-1
279,25,553.68,519.75,119.21,88.88,1,-1,-1,-1
280,21,978.34,380.50,754.05,535.61,1,-1,-1,-1
280,23,508.97,638.67,607.41,512.46,1,-1,-1,-1
280,24,257.57,613.39,109.27,93.60,1,-1,-1,-1
280,25,553.17,519.78,120.16,89.42,1,-1,-1,-1
281,21,1005.14,372.09,780.66,554.51,1,-1,-1,-1
281,24,258.78,613.73,112.78,96.38,1,-1,-1,-1
281,25,552.66,519.54,120.45,89.42,1,-1,-1,-1
281,26,1394.24,313.40,169.41,140.57,1,-1,-1,-1
282,24,261.87,615.42,114.74,97.65,1,-1,-1,-1
282,25,552.99,519.78,119.59,88.42,1,-1,-1,-1
282,26,1396.03,314.96,166.38,138.34,1,-1,-1,-1
283,24,264.10,615.82,117.94,100.01,1,-1,-1,-1
283,25,552.84,519.76,119.61,88.16,1,-1,-1,-1
283,26,1393.89,315.31,164.98,137.60,1,-1,-1,-1
284,24,266.44,617.43,121.17,102.53,1,-1,-1,-1
284,25,552.73,519.71,119.78,88.02,1,-1,-1,-1
284,26,1393.48,315.54,163.97,137.24,1,-1,-1,-1
285,24,268.97,618.89,126.05,106.64,1,-1,-1,-1
285,25,552.71,519.73,119.94,87.87,1,-1,-1,-1
285,26,1393.55,315.61,163.26,137.17,1,-1,-1,-1
286,24,272.85,620.55,129.82,109.83,1,-1,-1,-1
286,25,552.60,519.58,120.33,87.91,1,-1,-1,-1
286,26,1393.59,315.33,162.87,137.40,1,-1,-1,-1
287,24,277.25,620.98,136.15,115.08,1,-1,-1,-1
287,25,552.52,519.44,120.70,87.93,1,-1,-1,-1
287,26,1393.98,315.21,162.28,137.48,1,-1,-1,-1
288,24,281.99,621.78,142.89,120.63,1,-1,-1,-1
288,25,552.62,519.25,120.88,87.96,1,-1,-1,-1
288,26,1394.29,314.83,161.88,137.70,1,-1,-1,-1
289,24,284.17,621.59,153.72,130.02,1,-1,-1,-1
289,25,552.37,519.04,121.37,88.24,1,-1,-1,-1
289,26,1394.02,314.03,162.25,138.66,1,-1,-1,-1
290,24,287.98,621.11,162.97,138.20,1,-1,-1,-1
290,25,552.22,518.86,121.73,88.45,1,-1,-1,-1
290,26,1394.07,313.60,162.07,139.16,1,-1,-1,-1
291,24,293.70,619.88,175.67,149.65,1,-1,-1,-1
291,25,552.43,518.80,121.64,88.32,1,-1,-1,-1
291,26,1394.23,313.51,161.51,139.29,1,-1,-1,-1
292,24,299.12,619.07,189.80,161.99,1,-1,-1,-1
292,25,552.83,518.92,121.42,88.08,1,-1,-1,-1
292,26,1394.84,313.42,160.92,139.34,1,-1,-1,-1
293,24,304.69,619.29,206.74,176.52,1,-1,-1,-1
293,25,552.38,519.41,121.75,88.35,1,-1,-1,-1
293,26,1395.11,313.23,160.42,139.43,1,-1,-1,-1
294,24,310.31,618.25,228.95,195.00,1,-1,-1,-1
294,25,552.16,519.65,121.92,88.52,1,-1,-1,-1
294,26,1395.35,313.03,160.01,139.59,1,-1,-1,-1
295,24,319.90,617.67,251.40,213.12,1,-1,-1,-1
295,25,552.20,519.17,121.92,88.51,1,-1,-1,-1
295,26,1395.61,312.95,159.40,139.52,1,-1,-1,-1
296,24,333.51,617.36,282.29,238.49,1,-1,-1,-1
296,25,552.10,518.51,121.93,88.55,1,-1,-1,-1
296,26,1395.91,312.92,159.19,139.68,1,-1,-1,-1
297,24,348.15,615.19,320.23,269.96,1,-1,-1,-1
297,25,552.55,518.36,121.02,87.92,1,-1,-1,-1
297,26,1394.82,309.92,163.56,144.31,1,-1,-1,-1
298,24,364.73,614.12,368.81,311.10,1,-1,-1,-1
298,25,552.88,518.90,119.59,86.96,1,-1,-1,-1
298,26,1394.57,309.57,164.23,144.90,1,-1,-1,-1
299,24,390.62,616.36,423.89,357.66,1,-1,-1,-1
299,25,553.14,519.77,118.72,86.51,1,-1,-1,-1
299,27,1289.83,295.09,212.83,342.45,1,-1,-1,-1
300,24,428.83,621.02,500.37,420.12,1,-1,-1,-1
300,25,553.29,519.75,118.66,86.59,1,-1,-1,-1
300,27,1223.27,265.16,244.69,377.28,1,-1,-1,-1
301,24,480.31,628.69,613.81,507.82,1,-1,-1,-1
301,25,552.95,519.73,119.85,87.50,1,-1,-1,-1
301,27,1167.32,273.88,255.70,369.23,1,-1,-1,-1
302,24,490.58,629.41,636.63,526.70,1,-1,-1,-1
302,25,552.44,519.76,121.13,88.23,1,-1,-1,-1
302,27,1083.02,309.02,249.10,335.53,1,-1,-1,-1
303,25,550.87,519.52,122.09,88.84,1,-1,-1,-1
303,27,993.47,340.87,242.63,306.30,1,-1,-1,-1
304,25,551.18,519.76,121.16,88.03,1,-1,-1,-1
304,27,913.57,361.86,237.15,283.31,1,-1,-1,-1
304,28,1400.42,313.96,155.21,139.12,1,-1,-1,-1
305,25,551.46,520.11,120.54,87.45,1,-1,-1,-1
305,27,843.84,377.38,232.62,265.10,1,-1,-1,-1
305,28,1401.20,314.48,154.14,138.10,1,-1,-1,-1
306,25,551.89,520.12,119.91,86.96,1,-1,-1,-1
306,27,791.26,397.13,223.12,243.77,1,-1,-1,-1
306,28,1399.89,314.63,153.61,137.59,1,-1,-1,-1
307,25,551.84,519.94,119.79,86.93,1,-1,-1,-1
307,27,745.43,412.07,216.17,227.82,1,-1,-1,-1
307,28,1399.44,314.67,153.33,137.33,1,-1,-1,-1
308,25,551.82,519.98,119.66,86.84,1,-1,-1,-1
308,27,709.82,426.40,210.29,214.66,1,-1,-1,-1
308,28,1399.40,314.17,153.70,137.64,1,-1,-1,-1
309,27,676.54,439.13,204.20,203.16,1,-1,-1,-1
309,28,1399.28,313.92,153.87,137.80,1,-1,-1,-1
310,27,645.08,448.64,200.19,194.90,1,-1,-1,-1
310,28,1399.03,313.77,154.05,137.98,1,-1,-1,-1
311,27,618.05,455.24,195.71,186.79,1,-1,-1,-1
311,28,1398.51,313.83,154.20,138.15,1,-1,-1,-1
312,27,592.24,460.85,192.48,180.51,1,-1,-1,-1
312,28,1398.27,313.84,154.27,138.25,1,-1,-1,-1
313,27,570.83,467.69,187.36,173.24,1,-1,-1,-1
313,28,1398.22,314.02,154.53,138.49,1,-1,-1,-1
314,27,553.77,476.46,179.60,163.94,1,-1,-1,-1
314,28,1398.20,314.07,154.69,138.64,1,-1,-1,-1
315,27,537.22,483.35,171.91,155.60,1,-1,-1,-1
315,28,1398.33,314.18,154.67,138.58,1,-1,-1,-1
316,27,523.13,489.33,166.40,149.40,1,-1,-1,-1
316,28,1398.24,314.15,154.74,138.64,1,-1,-1,-1
317,27,507.73,493.03,163.36,145.98,1,-1,-1,-1
317,28,1398.32,314.22,154.70,138.58,1,-1,-1,-1
318,27,498.07,499.87,158.49,140.98,1,-1,-1,-1
318,28,1398.11,313.82,155.11,139.02,1,-1,-1,-1
319,27,488.54,504.71,153.87,135.87,1,-1,-1,-1
319,28,1398.09,313.70,155.19,139.17,1,-1,-1,-1
320,27,472.63,507.11,150.37,132.88,1,-1,-1,-1
320,28,1398.01,313.75,155.07,139.10,1,-1,-1,-1
321,27,462.61,512.67,143.76,126.44,1,-1,-1,-1
321,28,1397.94,313.67,155.04,139.12,1,-1,-1,-1
322,27,453.14,515.58,140.55,123.19,1,-1,-1,-1
322,28,1398.13,313.81,154.89,138.99,1,-1,-1,-1
323,27,445.00,517.72,138.34,121.11,1,-1,-1,-1
323,28,1398.21,313.87,154.80,138.96,1,-1,-1,-1
324,27,437.52,520.62,133.45,116.86,1,-1,-1,-1
324,28,1398.26,313.93,154.70,138.92,1,-1,-1,-1
325,27,423.10,525.71,127.27,111.45,1,-1,-1,-1
325,28,1398.31,314.16,154.53,138.79,1,-1,-1,-1
326,28,1398.31,314.37,154.36,138.66,1,-1,-1,-1
327,28,1398.28,314.39,154.33,138.61,1,-1,-1,-1
328,28,1398.34,314.05,154.35,138.60,1,-1,-1,-1
328,29,407.59,535.23,123.49,104.76,1,-1,-1,-1
329,28,1398.36,314.04,154.21,138.43,1,-1,-1,-1
329,29,401.01,537.52,121.21,103.19,1,-1,-1,-1
330,28,1398.35,313.94,154.29,138.47,1,-1,-1,-1
330,29,394.32,538.85,119.16,101.89,1,-1,-1,-1
330,30,553.94,519.75,120.11,88.97,1,-1,-1,-1
331,28,1398.27,314.04,154.26,138.41,1,-1,-1,-1
331,29,388.70,540.03,115.80,99.47,1,-1,-1,-1
331,30,554.02,519.91,119.65,88.57,1,-1,-1,-1
332,28,1398.17,314.17,154.31,138.40,1,-1,-1,-1
332,29,384.71,542.97,110.95,95.77,1,-1,-1,-1
332,30,553.59,519.95,119.89,88.69,1,-1,-1,-1
333,28,1398.15,314.19,154.44,138.43,1,-1,-1,-1
333,29,380.50,543.57,109.78,95.24,1,-1,-1,-1
333,30,553.23,519.97,120.14,88.78,1,-1,-1,-1
334,28,1398.12,314.13,154.55,138.50,1,-1,-1,-1
334,29,376.08,545.52,107.36,93.52,1,-1,-1,-1
334,30,552.75,519.86,120.51,88.97,1,-1,-1,-1
335,28,1398.15,314.14,154.62,138.52,1,-1,-1,-1
335,29,370.57,545.61,106.82,93.55,1,-1,-1,-1
335,30,552.37,519.77,120.69,89.00,1,-1,-1,-1
336,28,1398.21,314.13,154.63,138.51,1,-1,-1,-1
336,29,367.02,548.15,103.62,91.32,1,-1,-1,-1
336,30,552.15,519.89,120.63,88.84,1,-1,-1,-1
337,28,1398.43,313.88,154.84,138.65,1,-1,-1,-1
337,29,363.81,549.86,101.61,90.07,1,-1,-1,-1
337,30,552.18,519.84,120.53,88.52,1,-1,-1,-1
338,28,1398.86,313.75,155.30,139.05,1,-1,-1,-1
338,29,361.21,551.97,99.43,88.63,1,-1,-1,-1
338,30,551.82,519.86,121.19,88.83,1,-1,-1,-1
339,28,1399.04,313.62,155.58,139.30,1,-1,-1,-1
339,29,359.35,554.42,95.92,85.75,1,-1,-1,-1
339,30,551.74,519.94,121.37,88.76,1,-1,-1,-1
340,28,1399.13,313.57,155.64,139.33,1,-1,-1,-1
340,29,355.67,555.87,94.10,84.24,1,-1,-1,-1
340,30,551.54,520.07,121.51,88.65,1,-1,-1,-1
341,28,1399.20,313.73,155.51,139.17,1,-1,-1,-1
341,29,350.97,556.79,92.06,82.59,1,-1,-1,-1
341,30,551.30,520.19,121.59,88.50,1,-1,-1,-1
342,28,1399.30,313.78,155.50,139.11,1,-1,-1,-1
342,29,347.62,557.12,90.80,81.60,1,-1,-1,-1
342,30,551.13,520.30,121.71,88.40,1,-1,-1,-1
343,28,1399.23,313.70,155.52,139.07,1,-1,-1,-1
343,29,345.57,558.21,89.47,80.63,1,-1,-1,-1
343,30,551.09,520.40,121.75,88.23,1,-1,-1,-1
344,28,1398.97,313.56,155.65,139.20,1,-1,-1,-1
344,29,343.41,559.47,87.69,79.20,1,-1,-1,-1
344,30,551.00,520.42,121.86,88.14,1,-1,-1,-1
345,28,1398.84,313.55,155.72,139.26,1,-1,-1,-1
345,29,339.95,560.32,86.86,78.67,1,-1,-1,-1
345,30,550.91,520.38,122.16,88.19,1,-1,-1,-1
346,28,1398.84,313.50,155.69,139.20,1,-1,-1,-1
346,29,336.55,561.19,86.00,78.10,1,-1,-1,-1
346,30,550.81,520.30,122.43,88.24,1,-1,-1,-1
347,28,1398.83,313.58,155.60,139.11,1,-1,-1,-1
347,29,333.78,561.25,85.77,78.11,1,-1,-1,-1
347,30,550.74,520.29,122.61,88.25,1,-1,-1,-1
348,28,1398.74,313.50,155.75,139.26,1,-1,-1,-1
348,29,330.39,561.39,85.54,78.30,1,-1,-1,-1
348,30,550.94,520.27,122.64,88.14,1,-1,-1,-1
349,28,1398.57,313.40,155.84,139.32,1,-1,-1,-1
349,29,327.20,562.29,84.64,77.78,1,-1,-1,-1
349,30,550.76,520.50,122.31,87.81,1,-1,-1,-1
350,28,1398.52,313.28,155.91,139.41,1,-1,-1,-1
350,29,323.59,562.57,84.36,77.75,1,-1,-1,-1
350,30,550.71,520.64,122.15,87.61,1,-1,-1,-1
351,28,1398.52,313.26,155.92,139.45,1,-1,-1,-1
351,29,321.24,562.86,84.02,77.85,1,-1,-1,-1
351,30,550.71,520.64,122.18,87.56,1,-1,-1,-1
352,28,1398.50,313.16,155.94,139.51,1,-1,-1,-1
352,29,319.56,564.26,82.45,76.68,1,-1,-1,-1
352,30,550.73,520.68,122.17,87.49,1,-1,-1,-1
353,28,1398.54,313.12,155.90,139.48,1,-1,-1,-1
353,29,316.52,564.84,81.55,76.15,1,-1,-1,-1
353,30,550.68,520.64,122.31,87.53,1,-1,-1,-1
354,28,1398.52,313.12,155.88,139.47,1,-1,-1,-1
354,29,313.60,565.51,80.29,75.14,1,-1,-1,-1
354,30,550.62,520.64,122.40,87.52,1,-1,-1,-1
355,28,1398.43,313.14,155.93,139.52,1,-1,-1,-1
355,29,310.79,565.35,80.00,74.99,1,-1,-1,-1
355,30,550.60,520.69,122.43,87.46,1,-1,-1,-1
356,28,1398.24,312.99,156.11,139.70,1,-1,-1,-1
356,29,308.65,565.46,79.41,74.53,1,-1,-1,-1
356,30,550.58,520.68,122.53,87.46,1,-1,-1,-1
357,28,1398.16,312.77,156.30,139.92,1,-1,-1,-1
357,29,306.07,564.63,79.84,74.95,1,-1,-1,-1
357,30,550.55,520.73,122.58,87.43,1,-1,-1,-1
358,28,1398.27,312.73,156.30,139.96,1,-1,-1,-1
358,29,303.35,565.26,79.08,74.07,1,-1,-1,-1
358,30,550.57,520.78,122.54,87.32,1,-1,-1,-1
359,28,1398.35,312.82,156.19,139.88,1,-1,-1,-1
359,29,300.80,565.18,78.85,73.68,1,-1,-1,-1
359,30,550.52,520.82,122.61,87.32,1,-1,-1,-1
360,28,1398.38,312.89,156.17,139.85,1,-1,-1,-1
360,29,298.23,564.89,78.89,73.74,1,-1,-1,-1
360,30,550.58,520.86,122.57,87.25,1,-1,-1,-1
361,28,1398.54,313.06,156.09,139.76,1,-1,-1,-1
361,29,296.59,565.37,77.92,72.81,1,-1,-1,-1
361,30,550.54,520.91,122.51,87.15,1,-1,-1,-1
362,28,1398.63,313.13,156.06,139.70,1,-1,-1,-1
362,29,293.86,565.74,77.34,72.28,1,-1,-1,-1
362,30,550.56,520.92,122.46,87.05,1,-1,-1,-1
363,28,1398.68,313.27,155.92,139.56,1,-1,-1,-1
363,30,550.53,520.97,122.46,87.00,1,-1,-1,-1
364,28,1398.69,313.24,155.93,139.56,1,-1,-1,-1
364,30,550.54,520.98,122.47,86.96,1,-1,-1,-1
365,28,1398.77,313.18,155.95,139.60,1,-1,-1,-1
365,30,550.55,520.97,122.51,86.95,1,-1,-1,-1
366,28,1398.77,313.07,156.08,139.73,1,-1,-1,-1
366,30,550.54,520.94,122.59,86.97,1,-1,-1,-1
367,28,1398.73,313.06,156.09,139.76,1,-1,-1,-1
367,30,550.58,520.95,122.63,86.94,1,-1,-1,-1
368,28,1398.68,312.82,156.27,139.98,1,-1,-1,-1
368,30,550.65,520.99,122.64,86.89,1,-1,-1,-1
369,28,1398.76,312.94,156.09,139.83,1,-1,-1,-1
369,30,550.61,520.99,122.70,86.87,1,-1,-1,-1
370,28,1398.87,312.96,156.04,139.81,1,-1,-1,-1
370,30,550.62,521.03,122.70,86.80,1,-1,-1,-1
371,28,1398.80,312.91,156.07,139.88,1,-1,-1,-1
371,30,550.62,521.03,122.76,86.80,1,-1,-1,-1
372,28,1398.77,312.87,156.07,139.90,1,-1,-1,-1
372,30,550.65,520.98,122.79,86.80,1,-1,-1,-1
373,28,1398.56,312.74,156.25,140.05,1,-1,-1,-1
373,30,550.24,520.79,123.32,87.15,1,-1,-1,-1
374,28,1398.49,312.71,156.28,140.08,1,-1,-1,-1
374,30,550.09,520.72,123.50,87.25,1,-1,-1,-1
375,28,1398.21,312.81,156.21,140.12,1,-1,-1,-1
375,30,549.90,520.55,123.75,87.47,1,-1,-1,-1
376,28,1398.17,312.88,156.19,140.19,1,-1,-1,-1
376,30,549.87,520.53,123.76,87.49,1,-1,-1,-1
377,28,1398.24,312.81,156.23,140.31,1,-1,-1,-1
377,30,549.93,520.52,123.68,87.43,1,-1,-1,-1
378,28,1398.23,312.66,156.29,140.46,1,-1,-1,-1
378,30,549.99,520.51,123.63,87.41,1,-1,-1,-1
379,28,1398.16,312.87,156.07,140.33,1,-1,-1,-1
379,30,549.98,520.53,123.65,87.42,1,-1,-1,-1
380,28,1398.26,312.96,155.87,140.20,1,-1,-1,-1
380,30,550.00,520.48,123.65,87.42,1,-1,-1,-1
381,28,1398.25,312.94,155.82,140.21,1,-1,-1,-1
381,30,550.07,520.51,123.57,87.39,1,-1,-1,-1
382,28,1398.23,312.97,155.75,140.22,1,-1,-1,-1
382,30,550.13,520.53,123.53,87.38,1,-1,-1,-1
383,28,1398.33,312.86,155.78,140.30,1,-1,-1,-1
383,30,550.12,520.56,123.45,87.34,1,-1,-1,-1
384,28,1398.40,312.83,155.74,140.33,1,-1,-1,-1
384,30,550.18,520.56,123.40,87.31,1,-1,-1,-1
385,28,1398.41,313.12,155.37,140.04,1,-1,-1,-1
385,30,550.39,520.73,123.55,87.41,1,-1,-1,-1
386,28,1398.37,313.29,155.13,139.83,1,-1,-1,-1
386,30,550.43,520.79,123.66,87.47,1,-1,-1,-1
387,28,1398.27,313.37,155.04,139.77,1,-1,-1,-1
387,30,550.44,520.83,123.72,87.51,1,-1,-1,-1
388,28,1398.26,313.37,155.03,139.79,1,-1,-1,-1
388,30,550.45,520.83,123.75,87.52,1,-1,-1,-1
389,28,1398.32,313.37,155.03,139.81,1,-1,-1,-1
389,30,550.47,520.84,123.73,87.50,1,-1,-1,-1
390,28,1398.39,313.27,155.14,139.94,1,-1,-1,-1
390,30,550.55,520.88,123.61,87.41,1,-1,-1,-1
391,28,1398.47,313.32,155.08,139.90,1,-1,-1,-1
391,30,550.60,520.91,123.55,87.36,1,-1,-1,-1
392,28,1398.40,313.43,154.98,139.83,1,-1,-1,-1
392,30,550.58,520.89,123.60,87.40,1,-1,-1,-1
393,28,1398.21,313.35,155.24,140.05,1,-1,-1,-1
393,30,550.53,520.89,123.66,87.44,1,-1,-1,-1
394,28,1397.99,313.63,155.34,140.09,1,-1,-1,-1
394,30,550.46,520.86,123.75,87.50,1,-1,-1,-1
395,28,1397.52,313.96,155.43,140.22,1,-1,-1,-1
395,30,550.42,520.81,123.84,87.59,1,-1,-1,-1
396,28,1397.22,313.72,156.02,140.85,1,-1,-1,-1
396,30,550.41,520.79,123.82,87.59,1,-1,-1,-1
397,28,1396.99,313.84,155.84,140.83,1,-1,-1,-1
397,30,550.59,520.93,123.65,87.48,1,-1,-1,-1
398,28,1396.73,314.15,156.07,141.08,1,-1,-1,-1
398,30,550.63,521.01,123.56,87.42,1,-1,-1,-1
399,28,1396.38,314.17,156.50,141.50,1,-1,-1,-1
399,30,550.67,521.08,123.45,87.35,1,-1,-1,-1
400,28,1395.70,314.39,156.96,141.94,1,-1,-1,-1
400,30,550.69,521.09,123.41,87.32,1,-1,-1,-1
401,28,1394.95,316.35,155.94,140.89,1,-1,-1,-1
401,30,550.67,521.07,123.51,87.40,1,-1,-1,-1
402,28,1393.83,318.54,155.58,140.36,1,-1,-1,-1
402,30,550.68,521.08,123.53,87.42,1,-1,-1,-1
403,28,1392.06,319.70,156.60,141.05,1,-1,-1,-1
403,30,550.72,521.12,123.42,87.32,1,-1,-1,-1
404,28,1390.55,322.74,155.89,139.99,1,-1,-1,-1
404,30,550.72,521.10,123.39,87.30,1,-1,-1,-1
405,28,1388.57,324.92,156.74,140.43,1,-1,-1,-1
405,30,551.06,521.07,122.73,86.86,1,-1,-1,-1
406,28,1384.95,327.31,157.96,141.20,1,-1,-1,-1
406,30,550.95,521.02,122.67,86.85,1,-1,-1,-1
407,28,1381.39,329.57,159.57,142.21,1,-1,-1,-1
407,30,550.94,521.00,122.63,86.84,1,-1,-1,-1
408,28,1376.26,330.49,163.12,145.11,1,-1,-1,-1
408,30,550.92,520.95,122.65,86.88,1,-1,-1,-1
409,28,1370.92,332.22,166.61,147.90,1,-1,-1,-1
409,30,551.03,521.25,122.12,86.60,1,-1,-1,-1
410,28,1364.08,336.01,168.57,149.37,1,-1,-1,-1
410,30,551.00,521.21,122.07,86.68,1,-1,-1,-1
411,28,1356.61,338.66,171.81,152.08,1,-1,-1,-1
411,30,551.10,521.32,121.81,86.57,1,-1,-1,-1
412,28,1345.39,338.60,181.11,160.91,1,-1,-1,-1
412,30,551.21,521.33,121.62,86.49,1,-1,-1,-1
413,28,1336.77,340.17,187.74,167.39,1,-1,-1,-1
413,30,551.28,521.26,121.66,86.58,1,-1,-1,-1
414,28,1332.38,341.66,190.26,169.64,1,-1,-1,-1
414,30,551.36,521.24,121.54,86.53,1,-1,-1,-1
415,30,551.51,521.15,121.54,86.49,1,-1,-1,-1
416,30,551.62,521.03,121.57,86.47,1,-1,-1,-1
417,30,551.76,521.19,121.44,86.34,1,-1,-1,-1
417,32,1454.80,272.45,129.72,124.46,1,-1,-1,-1
418,30,551.70,521.08,121.56,86.42,1,-1,-1,-1
418,32,1455.37,272.97,130.57,125.26,1,-1,-1,-1
418,33,1303.23,361.33,199.67,182.08,1,-1,-1,-1
419,30,551.61,521.02,121.63,86.45,1,-1,-1,-1
419,32,1454.48,273.20,131.87,126.52,1,-1,-1,-1
419,33,1295.56,367.61,199.92,181.89,1,-1,-1,-1
420,30,551.59,520.98,121.67,86.47,1,-1,-1,-1
420,32,1453.24,273.94,132.93,127.71,1,-1,-1,-1
420,33,1288.19,371.40,202.92,184.21,1,-1,-1,-1
421,30,551.40,520.75,122.12,86.73,1,-1,-1,-1
421,32,1452.17,275.63,133.20,128.19,1,-1,-1,-1
421,33,1280.54,377.36,204.39,184.58,1,-1,-1,-1
422,30,551.24,520.61,122.35,86.85,1,-1,-1,-1
422,32,1450.89,276.94,133.82,129.15,1,-1,-1,-1
422,33,1272.14,383.18,206.34,185.02,1,-1,-1,-1
423,30,551.15,520.52,122.52,86.92,1,-1,-1,-1
423,32,1450.18,279.32,133.10,128.66,1,-1,-1,-1
423,33,1264.11,388.87,210.91,187.57,1,-1,-1,-1
424,30,551.06,520.29,122.81,87.11,1,-1,-1,-1
424,32,1449.58,282.07,132.45,128.05,1,-1,-1,-1
424,33,1253.90,391.02,220.71,194.74,1,-1,-1,-1
425,30,551.18,520.43,122.76,87.08,1,-1,-1,-1
425,32,1448.27,285.18,131.91,127.52,1,-1,-1,-1
425,33,1244.80,392.21,231.08,202.85,1,-1,-1,-1
426,30,551.23,520.36,122.91,87.23,1,-1,-1,-1
426,32,1446.75,287.17,132.65,128.22,1,-1,-1,-1
426,33,1237.04,391.64,244.53,213.79,1,-1,-1,-1
427,30,551.28,520.40,122.92,87.31,1,-1,-1,-1
427,32,1444.95,288.74,134.66,130.25,1,-1,-1,-1
427,33,1232.14,392.53,256.02,223.23,1,-1,-1,-1
428,30,551.43,520.36,122.76,87.27,1,-1,-1,-1
428,32,1442.29,289.41,138.15,133.75,1,-1,-1,-1
428,33,1231.12,394.49,266.87,231.73,1,-1,-1,-1
429,30,551.40,520.23,122.83,87.37,1,-1,-1,-1
429,32,1440.17,291.42,139.25,134.80,1,-1,-1,-1
429,33,1232.57,397.16,278.70,240.62,1,-1,-1,-1
430,30,551.48,520.17,122.77,87.37,1,-1,-1,-1
430,32,1437.95,295.06,139.47,134.52,1,-1,-1,-1
430,33,1235.34,398.98,293.41,251.56,1,-1,-1,-1
431,30,551.41,520.15,122.80,87.44,1,-1,-1,-1
431,32,1435.77,298.83,141.71,136.12,1,-1,-1,-1
431,33,1238.68,400.12,313.31,266.95,1,-1,-1,-1
432,30,551.48,520.13,122.79,87.47,1,-1,-1,-1
432,32,1432.96,303.73,144.02,137.68,1,-1,-1,-1
432,33,1243.53,399.57,334.38,283.80,1,-1,-1,-1
433,30,551.44,520.30,122.60,87.38,1,-1,-1,-1
433,32,1430.25,307.17,146.44,139.35,1,-1,-1,-1
433,33,1235.72,397.22,364.19,310.84,1,-1,-1,-1
434,30,551.20,520.30,122.53,87.42,1,-1,-1,-1
434,32,1428.61,309.61,147.52,140.38,1,-1,-1,-1
434,33,1226.01,397.81,391.78,338.70,1,-1,-1,-1
435,30,551.10,520.21,122.13,87.11,1,-1,-1,-1
435,33,1213.60,399.68,420.52,370.61,1,-1,-1,-1
436,30,551.21,520.01,121.98,86.98,1,-1,-1,-1
436,33,1202.66,397.71,450.13,407.61,1,-1,-1,-1
437,30,551.30,520.13,121.42,86.55,1,-1,-1,-1
437,33,1196.42,402.01,474.83,444.73,1,-1,-1,-1
438,30,551.44,520.14,121.27,86.41,1,-1,-1,-1
438,33,1194.58,408.57,497.13,485.22,1,-1,-1,-1
439,30,551.49,520.39,121.01,86.17,1,-1,-1,-1
439,33,1204.45,419.36,501.81,512.98,1,-1,-1,-1
440,30,551.57,520.51,121.28,86.31,1,-1,-1,-1
440,33,1247.38,431.62,445.00,473.96,1,-1,-1,-1
441,30,551.82,520.67,121.15,86.15,1,-1,-1,-1
441,33,1292.09,452.33,393.14,437.93,1,-1,-1,-1
442,30,552.15,520.81,120.98,85.96,1,-1,-1,-1
442,33,1328.45,472.32,370.11,437.41,1,-1,-1,-1
443,30,552.05,521.03,120.99,85.82,1,-1,-1,-1
443,33,1331.53,478.27,377.97,446.70,1,-1,-1,-1
444,30,552.04,521.46,121.04,85.77,1,-1,-1,-1
444,34,1386.84,345.83,194.17,175.42,1,-1,-1,-1
445,30,551.10,521.25,122.57,86.88,1,-1,-1,-1
445,34,1386.68,349.19,199.60,180.06,1,-1,-1,-1
446,30,550.79,521.21,122.94,87.16,1,-1,-1,-1
446,34,1388.12,353.95,201.98,181.74,1,-1,-1,-1
447,30,550.71,521.28,122.87,87.13,1,-1,-1,-1
447,34,1389.43,358.33,204.75,183.72,1,-1,-1,-1
448,30,550.63,521.25,122.79,87.07,1,-1,-1,-1
448,34,1387.68,359.23,211.91,190.33,1,-1,-1,-1
449,30,550.61,521.16,122.83,87.10,1,-1,-1,-1
449,34,1386.57,361.70,216.10,194.47,1,-1,-1,-1
449,35,1454.30,289.97,132.28,110.89,1,-1,-1,-1
450,30,550.41,520.81,123.20,87.39,1,-1,-1,-1
450,34,1383.95,363.49,222.98,201.76,1,-1,-1,-1
450,35,1452.88,291.80,132.86,111.05,1,-1,-1,-1
451,30,550.49,520.72,123.17,87.38,1,-1,-1,-1
451,34,1379.58,363.29,233.42,213.36,1,-1,-1,-1
451,35,1451.16,294.39,134.26,111.85,1,-1,-1,-1
452,30,550.38,520.35,123.37,87.55,1,-1,-1,-1
452,34,1375.01,358.56,246.78,229.39,1,-1,-1,-1
452,35,1450.21,295.94,134.84,112.33,1,-1,-1,-1
453,30,550.40,520.21,123.43,87.62,1,-1,-1,-1
453,34,1371.15,354.03,259.24,246.37,1,-1,-1,-1
