53,3,2112.198,394.831,311.101,162.094,0.851,-1,-1,-1
54,3,2092.451,400.954,299.579,154.612,0.651,-1,-1,-1
55,3,2063.914,392.225,289.748,160.667,0.758,-1,-1,-1
56,3,2042.142,390.438,284.735,159.796,0.800,-1,-1,-1
57,3,2004.684,388.342,287.003,156.730,0.778,-1,-1,-1
58,3,1969.092,385.129,308.040,159.016,0.776,-1,-1,-1
59,3,1948.305,383.290,304.612,158.834,0.865,-1,-1,-1
60,3,1933.283,382.123,303.416,159.074,0.918,-1,-1,-1
61,3,1910.178,378.869,309.089,156.558,0.961,-1,-1,-1
62,3,1896.980,379.044,302.362,154.553,0.973,-1,-1,-1
63,3,1882.375,378.475,298.289,157.005,0.976,-1,-1,-1
64,3,1870.412,375.337,295.024,157.792,0.972,-1,-1,-1
65,3,1838.075,370.861,305.983,160.447,0.992,-1,-1,-1
66,3,1813.105,370.661,306.621,157.799,0.958,-1,-1,-1
67,3,1802.929,367.743,297.742,160.360,0.977,-1,-1,-1
68,3,1798.058,368.163,295.428,154.559,0.965,-1,-1,-1
69,3,1780.579,368.231,317.651,155.269,0.976,-1,-1,-1
70,3,1770.829,364.681,328.954,162.450,0.954,-1,-1,-1
71,3,1751.777,365.309,343.799,161.437,0.838,-1,-1,-1
72,3,1724.091,361.101,357.440,165.800,0.710,-1,-1,-1
73,3,1711.017,356.067,362.450,166.828,0.903,-1,-1,-1
74,3,1701.588,354.770,362.450,166.828,0.903,-1,-1,-1
75,3,1692.981,353.455,362.450,166.828,0.903,-1,-1,-1
76,3,1663.212,350.683,280.431,155.755,0.949,-1,-1,-1
77,3,1641.342,345.620,302.573,164.057,0.993,-1,-1,-1
78,3,1629.482,346.241,304.179,161.262,0.990,-1,-1,-1
79,3,1616.166,345.226,303.962,161.349,0.994,-1,-1,-1
80,3,1607.563,347.765,297.395,159.592,0.990,-1,-1,-1
81,3,1598.667,350.373,292.704,154.805,0.969,-1,-1,-1
82,3,1585.612,348.937,291.565,155.364,0.966,-1,-1,-1
83,3,1576.682,345.717,300.633,157.943,0.982,-1,-1,-1
84,3,1569.382,344.323,303.636,157.763,0.990,-1,-1,-1
85,3,1562.153,343.877,297.074,156.116,0.987,-1,-1,-1
86,3,1556.308,342.324,295.000,157.477,0.995,-1,-1,-1
87,3,1547.634,341.018,296.277,155.449,0.994,-1,-1,-1
88,3,1537.249,341.067,305.719,155.949,0.995,-1,-1,-1
89,3,1524.351,339.989,315.012,159.707,0.996,-1,-1,-1
90,3,1516.232,340.764,319.292,160.064,0.996,-1,-1,-1
91,3,1512.912,342.493,307.785,158.189,0.994,-1,-1,-1
92,3,1507.663,341.840,307.100,159.300,0.994,-1,-1,-1
93,3,1495.890,340.871,316.473,159.590,0.993,-1,-1,-1
94,3,1490.294,340.624,312.376,160.881,0.995,-1,-1,-1
95,3,1481.833,340.093,311.955,161.710,0.995,-1,-1,-1
96,3,1471.285,341.388,307.692,158.091,0.995,-1,-1,-1
97,3,1457.819,340.523,309.855,156.813,0.996,-1,-1,-1
98,3,1449.758,338.260,312.738,159.297,0.993,-1,-1,-1
99,3,1443.290,338.599,308.947,159.931,0.996,-1,-1,-1
100,3,1431.804,338.763,315.441,160.022,0.996,-1,-1,-1
101,3,1425.591,341.149,304.709,159.755,0.992,-1,-1,-1
102,3,1419.905,343.033,295.453,158.314,0.993,-1,-1,-1
103,3,1412.229,342.799,292.918,159.319,0.995,-1,-1,-1
104,3,1408.060,341.384,291.574,161.935,0.997,-1,-1,-1
105,3,1400.928,341.395,287.993,161.774,0.997,-1,-1,-1
106,3,1392.998,343.151,288.953,159.471,0.997,-1,-1,-1
107,3,1385.132,343.631,289.802,158.422,0.997,-1,-1,-1
108,3,1377.910,344.109,283.574,159.409,0.997,-1,-1,-1
109,3,1371.063,345.383,278.130,160.543,0.997,-1,-1,-1
110,3,1364.919,345.742,281.697,161.275,0.997,-1,-1,-1
111,3,1360.853,345.553,275.630,162.698,0.997,-1,-1,-1
112,3,1357.719,347.338,264.938,163.385,0.996,-1,-1,-1
113,3,1357.074,348.018,254.197,165.852,0.996,-1,-1,-1
114,3,1355.132,349.723,251.698,166.001,0.996,-1,-1,-1
115,3,1354.363,350.590,245.673,166.109,0.995,-1,-1,-1
116,3,1353.479,350.794,242.521,168.367,0.994,-1,-1,-1
117,3,1349.940,353.176,232.831,169.056,0.978,-1,-1,-1
118,3,1349.718,351.527,224.217,173.010,0.991,-1,-1,-1
119,3,1350.490,352.179,214.511,174.753,0.993,-1,-1,-1
120,3,1351.902,351.351,208.832,177.835,0.995,-1,-1,-1
121,3,1350.730,354.090,205.600,177.270,0.997,-1,-1,-1
122,3,1351.578,355.324,199.810,179.369,0.997,-1,-1,-1
123,3,1351.959,355.965,194.913,181.411,0.997,-1,-1,-1
124,3,1354.263,358.459,191.589,182.843,0.996,-1,-1,-1
125,3,1353.982,360.551,189.567,182.917,0.995,-1,-1,-1
126,3,1356.679,363.639,185.326,184.249,0.994,-1,-1,-1
127,3,1358.346,366.888,182.587,183.865,0.995,-1,-1,-1
128,3,1361.325,368.552,177.961,185.870,0.996,-1,-1,-1
129,3,1363.723,372.464,175.759,185.806,0.995,-1,-1,-1
130,3,1364.567,374.119,176.813,188.229,0.996,-1,-1,-1
131,3,1365.707,374.243,179.329,192.935,0.995,-1,-1,-1
131,4,11.208,1062.646,773.664,784.457,0.894,-1,-1,-1
132,3,1367.125,376.532,181.209,193.094,0.996,-1,-1,-1
132,4,19.431,1062.917,1221.816,848.065,0.937,-1,-1,-1
133,3,1368.591,378.839,182.305,195.301,0.996,-1,-1,-1
133,4,8.900,1083.442,1716.980,827.699,0.942,-1,-1,-1
134,3,1370.015,381.840,183.840,196.173,0.993,-1,-1,-1
134,4,163.264,1133.022,2049.500,774.844,0.959,-1,-1,-1
135,3,1372.688,380.454,183.169,201.370,0.992,-1,-1,-1
135,4,639.767,1153.330,1915.150,763.754,0.871,-1,-1,-1
136,3,1375.858,383.561,184.523,200.646,0.995,-1,-1,-1
136,4,1157.250,1191.898,1392.814,727.636,0.888,-1,-1,-1
137,3,1377.693,387.840,186.238,199.263,0.996,-1,-1,-1
137,4,1592.743,1241.711,954.311,679.297,0.689,-1,-1,-1
138,3,1380.179,391.447,189.610,198.183,0.996,-1,-1,-1
138,4,1925.534,1266.750,633.466,652.250,0.689,-1,-1,-1
139,3,1380.657,390.814,191.009,203.345,0.997,-1,-1,-1
139,4,2265.703,1293.890,293.297,625.110,0.689,-1,-1,-1
140,3,1382.867,393.607,194.209,205.785,0.994,-1,-1,-1
140,4,2524.009,1318.083,34.991,600.917,0.689,-1,-1,-1
141,3,1382.656,395.637,196.548,207.744,0.997,-1,-1,-1
142,3,1382.473,397.808,198.624,210.170,0.998,-1,-1,-1
143,3,1384.033,400.169,199.405,212.951,0.998,-1,-1,-1
144,3,1385.761,404.055,200.069,213.058,0.998,-1,-1,-1
145,3,1385.545,406.748,201.555,215.969,0.998,-1,-1,-1
146,3,1384.429,411.004,206.016,216.100,0.998,-1,-1,-1
147,3,1383.820,416.225,210.701,218.080,0.998,-1,-1,-1
148,3,1384.716,417.218,212.565,221.387,0.998,-1,-1,-1
149,3,1385.219,420.040,215.459,223.155,0.998,-1,-1,-1
150,3,1386.270,426.334,215.905,222.114,0.998,-1,-1,-1
151,3,1387.018,430.776,218.092,222.065,0.998,-1,-1,-1
152,3,1389.076,433.492,218.174,223.867,0.998,-1,-1,-1
153,3,1387.935,436.463,222.946,224.312,0.998,-1,-1,-1
154,3,1391.390,438.914,223.472,227.977,0.998,-1,-1,-1
155,3,1392.163,439.128,227.076,234.092,0.999,-1,-1,-1
156,3,1394.583,442.389,230.346,238.778,0.998,-1,-1,-1
157,3,1395.390,444.235,239.606,245.256,0.998,-1,-1,-1
158,3,1396.699,445.769,245.376,248.434,0.999,-1,-1,-1
159,3,1398.152,450.849,248.423,249.788,0.998,-1,-1,-1
160,3,1399.138,453.629,252.829,255.858,0.998,-1,-1,-1
160,5,1890.260,885.468,663.038,641.689,0.928,-1,-1,-1
161,3,1403.647,455.996,255.099,260.960,0.997,-1,-1,-1
161,5,1576.329,845.830,978.375,652.867,0.975,-1,-1,-1
162,3,1405.447,460.259,257.187,263.579,0.995,-1,-1,-1
162,5,1190.354,808.172,1370.026,726.824,0.976,-1,-1,-1
163,3,1406.128,461.739,262.843,269.078,0.991,-1,-1,-1
163,5,835.273,807.100,1715.666,700.793,0.986,-1,-1,-1
164,3,1407.979,462.373,267.031,274.394,0.979,-1,-1,-1
164,5,475.775,802.459,1794.554,659.070,0.996,-1,-1,-1
165,3,1407.801,465.287,272.065,275.997,0.987,-1,-1,-1
165,5,141.782,751.338,1760.125,683.876,0.997,-1,-1,-1
166,3,1408.615,468.058,278.089,276.096,0.995,-1,-1,-1
166,5,21.121,706.266,1508.124,721.954,0.967,-1,-1,-1
167,3,1408.759,471.152,285.410,278.775,0.995,-1,-1,-1
167,5,7.835,681.168,1131.139,710.707,0.959,-1,-1,-1
168,3,1412.239,470.063,286.203,287.368,0.997,-1,-1,-1
168,5,6.848,670.834,777.345,696.010,0.767,-1,-1,-1
169,3,1414.688,473.577,288.900,290.614,0.998,-1,-1,-1
169,5,0.000,641.065,506.703,696.010,0.767,-1,-1,-1
170,3,1413.539,476.104,297.072,293.863,0.999,-1,-1,-1
170,5,0.000,617.264,235.926,696.010,0.767,-1,-1,-1
171,3,1413.010,477.077,305.457,298.169,0.999,-1,-1,-1
171,5,0.000,598.666,14.479,696.010,0.767,-1,-1,-1
172,3,1412.748,480.218,311.350,300.824,0.999,-1,-1,-1
173,3,1415.962,485.098,314.210,303.066,0.999,-1,-1,-1
174,3,1415.725,489.967,320.406,305.162,0.999,-1,-1,-1
175,3,1418.303,493.495,321.486,307.964,0.999,-1,-1,-1
176,3,1418.956,497.965,328.323,310.566,0.999,-1,-1,-1
177,3,1422.246,501.008,333.669,314.152,0.999,-1,-1,-1
178,3,1422.117,504.961,339.734,317.420,0.999,-1,-1,-1
179,3,1422.653,509.029,346.652,321.179,0.999,-1,-1,-1
180,3,1422.523,513.282,355.807,324.188,0.999,-1,-1,-1
181,3,1422.839,513.539,361.046,331.359,0.999,-1,-1,-1
182,3,1422.235,515.084,370.119,337.084,0.999,-1,-1,-1
183,3,1426.400,518.229,373.477,340.010,0.999,-1,-1,-1
184,3,1427.441,520.599,382.173,344.050,0.999,-1,-1,-1
185,3,1431.903,522.467,384.414,348.256,0.999,-1,-1,-1
186,3,1433.692,524.006,390.012,351.215,0.999,-1,-1,-1
187,3,1436.516,526.057,393.984,354.066,0.999,-1,-1,-1
188,3,1439.465,529.266,401.347,356.056,0.999,-1,-1,-1
189,3,1439.639,531.394,411.313,363.715,0.999,-1,-1,-1
190,3,1444.241,535.008,417.816,371.248,0.999,-1,-1,-1
190,6,868.149,1113.054,1663.477,799.739,0.793,-1,-1,-1
191,3,1444.914,537.577,424.482,377.764,0.999,-1,-1,-1
191,6,712.137,1086.052,1598.000,823.593,0.937,-1,-1,-1
192,3,1448.095,540.473,429.161,382.256,0.999,-1,-1,-1
192,6,589.074,1048.793,1500.875,831.806,0.982,-1,-1,-1
193,3,1448.573,543.936,436.619,386.958,0.999,-1,-1,-1
193,6,464.898,1009.053,1436.245,798.106,0.990,-1,-1,-1
194,3,1452.886,544.776,438.412,388.318,0.998,-1,-1,-1
194,6,332.736,982.534,1393.998,736.113,0.993,-1,-1,-1
195,3,1453.335,547.724,445.357,388.775,0.998,-1,-1,-1
195,6,195.932,948.711,1345.585,708.770,0.994,-1,-1,-1
196,3,1454.988,551.012,449.234,389.131,0.998,-1,-1,-1
196,6,65.538,930.791,1283.555,670.828,0.994,-1,-1,-1
197,3,1454.038,553.457,457.820,393.003,0.998,-1,-1,-1
197,6,17.228,903.075,1162.370,657.836,0.983,-1,-1,-1
198,3,1452.389,555.139,467.234,395.586,0.999,-1,-1,-1
198,6,8.787,895.559,1008.317,621.334,0.979,-1,-1,-1
199,3,1450.817,556.195,472.777,401.276,0.997,-1,-1,-1
199,6,6.544,876.437,850.090,593.806,0.958,-1,-1,-1
200,3,1452.079,557.460,478.018,401.718,0.997,-1,-1,-1
200,6,7.777,857.306,670.120,564.843,0.941,-1,-1,-1
201,3,1456.059,558.100,478.228,403.635,0.997,-1,-1,-1
201,6,3.862,824.977,528.335,550.994,0.827,-1,-1,-1
202,3,1456.682,560.749,482.103,401.158,0.998,-1,-1,-1
202,6,0.000,792.568,432.880,550.994,0.827,-1,-1,-1
203,3,1456.863,562.308,484.618,402.297,0.998,-1,-1,-1
203,6,0.000,760.234,319.226,550.994,0.827,-1,-1,-1
204,3,1458.017,562.776,486.329,403.448,0.999,-1,-1,-1
204,6,0.000,734.479,221.837,550.994,0.827,-1,-1,-1
205,3,1458.393,563.477,489.888,405.002,0.999,-1,-1,-1
205,6,0.000,715.454,142.199,550.994,0.827,-1,-1,-1
206,3,1458.511,564.506,492.040,404.736,0.999,-1,-1,-1
207,3,1459.019,564.353,492.687,405.855,0.999,-1,-1,-1
208,3,1458.934,564.493,494.585,405.599,0.999,-1,-1,-1
209,3,1458.867,565.019,495.227,405.947,0.999,-1,-1,-1
210,3,1458.479,565.443,495.240,405.805,0.999,-1,-1,-1
211,3,1458.909,567.269,495.809,404.428,0.998,-1,-1,-1
212,3,1458.925,566.757,495.756,404.527,0.998,-1,-1,-1
213,3,1458.796,566.390,495.511,404.446,0.998,-1,-1,-1
214,3,1458.885,566.403,495.555,404.382,0.998,-1,-1,-1
215,3,1458.801,566.568,495.654,404.217,0.998,-1,-1,-1
216,3,1459.377,566.768,495.255,404.084,0.998,-1,-1,-1
217,3,1459.264,566.312,495.820,404.717,0.998,-1,-1,-1
218,3,1459.147,566.540,495.780,404.411,0.998,-1,-1,-1
219,3,1459.286,566.671,495.726,404.190,0.998,-1,-1,-1
220,3,1459.301,566.602,495.692,404.148,0.998,-1,-1,-1
221,3,1459.129,566.148,495.468,405.139,0.998,-1,-1,-1
222,3,1459.300,566.239,495.232,404.998,0.998,-1,-1,-1
223,3,1459.437,566.265,495.102,404.887,0.998,-1,-1,-1
224,3,1459.252,566.260,495.342,404.911,0.998,-1,-1,-1
225,3,1459.024,566.332,495.791,404.950,0.998,-1,-1,-1
226,3,1459.079,566.540,495.914,404.803,0.998,-1,-1,-1
227,3,1458.938,566.506,495.909,404.843,0.998,-1,-1,-1
228,3,1458.939,566.539,495.724,404.816,0.998,-1,-1,-1
229,3,1458.431,566.365,496.105,404.889,0.998,-1,-1,-1
230,3,1458.472,566.308,496.015,405.035,0.998,-1,-1,-1
231,3,1459.114,566.445,495.866,403.571,0.998,-1,-1,-1
232,3,1458.884,566.167,496.063,403.877,0.998,-1,-1,-1
233,3,1458.906,566.261,496.108,403.825,0.998,-1,-1,-1
234,3,1458.906,566.332,495.847,403.813,0.998,-1,-1,-1
235,3,1458.922,566.371,495.997,403.771,0.998,-1,-1,-1
236,3,1459.027,566.428,495.795,403.809,0.998,-1,-1,-1
237,3,1459.028,566.526,495.838,403.646,0.998,-1,-1,-1
238,3,1458.906,566.499,496.008,403.712,0.998,-1,-1,-1
239,3,1458.859,566.436,496.031,403.799,0.998,-1,-1,-1
240,3,1458.828,566.556,496.035,403.748,0.998,-1,-1,-1
241,3,1458.284,566.607,496.406,404.931,0.998,-1,-1,-1
242,3,1458.430,566.727,496.180,404.784,0.998,-1,-1,-1
243,3,1458.285,566.423,496.312,405.073,0.998,-1,-1,-1
244,3,1458.179,566.547,496.423,404.964,0.998,-1,-1,-1
245,3,1458.309,566.698,496.341,404.818,0.998,-1,-1,-1
246,3,1458.367,566.607,496.260,404.981,0.998,-1,-1,-1
247,3,1458.386,566.575,496.228,405.008,0.999,-1,-1,-1
248,3,1458.370,566.362,496.321,405.209,0.999,-1,-1,-1
249,3,1458.408,566.367,496.334,405.175,0.999,-1,-1,-1
250,3,1458.447,566.537,496.248,404.927,0.999,-1,-1,-1
251,3,1458.635,566.751,495.891,404.966,0.998,-1,-1,-1
252,3,1458.713,566.664,495.987,404.714,0.998,-1,-1,-1
253,3,1458.738,567.229,495.454,403.962,0.998,-1,-1,-1
254,3,1458.731,567.343,495.491,403.881,0.999,-1,-1,-1
255,3,1458.682,567.190,495.555,404.039,0.999,-1,-1,-1
256,3,1458.662,567.273,495.531,403.889,0.999,-1,-1,-1
257,3,1458.675,567.044,495.503,404.176,0.999,-1,-1,-1
258,3,1458.644,566.985,495.373,404.220,0.999,-1,-1,-1
259,3,1458.643,567.026,495.488,404.489,0.999,-1,-1,-1
260,3,1458.683,567.186,495.518,403.936,0.999,-1,-1,-1
261,3,1457.810,567.218,497.039,403.965,0.998,-1,-1,-1
262,3,1458.921,567.374,495.177,404.788,0.996,-1,-1,-1
262,7,2232.720,974.355,325.113,509.488,0.670,-1,-1,-1
263,3,1464.786,569.525,492.549,402.937,0.998,-1,-1,-1
263,7,1966.652,898.049,589.018,560.973,0.878,-1,-1,-1
264,3,1467.542,570.055,492.115,406.351,0.996,-1,-1,-1
264,7,1682.067,884.441,874.226,563.987,0.975,-1,-1,-1
265,3,1466.775,572.737,489.252,413.495,0.985,-1,-1,-1
265,7,1383.238,862.617,1171.904,584.127,0.986,-1,-1,-1
266,3,1470.320,571.807,471.976,363.353,0.704,-1,-1,-1
266,7,1074.527,841.216,1348.782,571.997,0.997,-1,-1,-1
267,3,1470.277,568.545,471.976,363.353,0.704,-1,-1,-1
267,7,752.986,819.469,1322.477,565.613,0.996,-1,-1,-1
268,3,1455.993,569.561,498.458,406.673,0.959,-1,-1,-1
268,7,443.963,792.755,1339.759,557.620,0.994,-1,-1,-1
269,3,1461.082,568.372,490.073,408.865,0.982,-1,-1,-1
269,7,138.620,770.637,1299.323,560.395,0.996,-1,-1,-1
270,3,1459.266,565.134,493.372,405.371,0.993,-1,-1,-1
270,7,10.266,747.753,1121.009,551.843,0.986,-1,-1,-1
271,3,1457.184,565.276,497.189,403.699,0.996,-1,-1,-1
271,7,5.933,742.040,812.216,533.666,0.967,-1,-1,-1
272,3,1458.771,565.773,496.095,403.671,0.997,-1,-1,-1
272,7,3.418,720.280,525.122,508.297,0.827,-1,-1,-1
273,3,1456.664,566.517,499.802,401.907,0.996,-1,-1,-1
273,7,0.000,694.720,290.393,508.297,0.827,-1,-1,-1
274,3,1459.152,567.066,495.939,403.175,0.998,-1,-1,-1
274,7,0.000,673.654,88.256,508.297,0.827,-1,-1,-1
275,3,1459.049,566.976,496.007,403.370,0.998,-1,-1,-1
276,3,1458.920,567.064,496.095,403.316,0.999,-1,-1,-1
277,3,1458.940,567.117,496.911,403.602,0.998,-1,-1,-1
278,3,1458.965,567.267,496.923,403.576,0.998,-1,-1,-1
279,3,1459.044,567.275,496.878,403.576,0.998,-1,-1,-1
280,3,1459.104,567.135,496.850,403.661,0.998,-1,-1,-1
281,3,1459.084,567.255,496.883,403.530,0.998,-1,-1,-1
282,3,1459.002,567.325,496.850,403.465,0.998,-1,-1,-1
283,3,1459.127,565.938,496.245,404.966,0.999,-1,-1,-1
284,3,1459.090,565.986,496.500,404.795,0.999,-1,-1,-1
285,3,1459.157,566.421,496.205,404.358,0.999,-1,-1,-1
286,3,1459.078,566.487,496.523,404.310,0.999,-1,-1,-1
287,3,1459.123,566.374,496.290,404.380,0.998,-1,-1,-1
288,3,1459.071,566.415,496.398,404.328,0.998,-1,-1,-1
289,3,1459.781,566.776,496.042,403.502,0.998,-1,-1,-1
290,3,1459.759,566.631,496.033,403.704,0.998,-1,-1,-1
291,3,1459.690,566.636,496.114,403.526,0.998,-1,-1,-1
292,3,1459.615,566.631,496.129,403.534,0.998,-1,-1,-1
293,3,1459.557,566.504,496.058,403.711,0.998,-1,-1,-1
294,3,1459.573,566.543,496.027,403.669,0.998,-1,-1,-1
295,3,1459.483,566.567,496.150,403.622,0.998,-1,-1,-1
296,3,1459.402,566.381,496.148,403.837,0.998,-1,-1,-1
297,3,1459.496,566.350,496.213,403.832,0.998,-1,-1,-1
298,3,1459.561,566.394,496.156,403.804,0.998,-1,-1,-1
299,3,1459.626,566.534,496.008,403.592,0.998,-1,-1,-1
300,3,1459.542,566.453,496.171,403.766,0.998,-1,-1,-1
301,3,1458.967,566.153,496.807,403.919,0.998,-1,-1,-1
302,3,1459.030,566.018,496.732,404.143,0.998,-1,-1,-1
303,3,1459.109,566.029,496.583,404.068,0.998,-1,-1,-1
304,3,1459.135,566.056,496.562,404.019,0.998,-1,-1,-1
305,3,1459.091,566.103,496.564,403.915,0.998,-1,-1,-1
306,3,1459.098,566.135,496.625,403.885,0.998,-1,-1,-1
307,3,1459.002,566.156,496.944,403.922,0.998,-1,-1,-1
308,3,1458.955,566.196,496.966,403.868,0.998,-1,-1,-1
309,3,1459.061,565.973,496.753,404.189,0.998,-1,-1,-1
310,3,1459.056,566.078,496.758,404.028,0.998,-1,-1,-1
311,3,1458.916,566.209,496.934,403.911,0.998,-1,-1,-1
312,3,1458.935,566.167,496.909,403.968,0.998,-1,-1,-1
313,3,1459.151,566.150,496.933,403.973,0.998,-1,-1,-1
314,3,1459.051,566.065,497.017,404.063,0.998,-1,-1,-1
315,3,1459.087,566.163,496.880,404.039,0.998,-1,-1,-1
316,3,1455.574,566.626,500.352,404.591,0.999,-1,-1,-1
317,3,1455.318,565.980,500.797,406.845,0.998,-1,-1,-1
317,8,9.027,1091.600,705.188,813.099,0.753,-1,-1,-1
318,3,1454.825,567.177,501.802,407.311,0.998,-1,-1,-1
318,8,15.770,1042.402,1159.750,875.669,0.877,-1,-1,-1
319,3,1459.320,568.521,495.659,409.833,0.997,-1,-1,-1
319,8,13.655,1065.623,1648.505,852.488,0.632,-1,-1,-1
320,3,1456.717,567.501,503.286,408.059,0.999,-1,-1,-1
320,8,-0.356,1108.188,2158.452,808.905,0.730,-1,-1,-1
321,3,1459.876,567.086,498.641,410.932,0.999,-1,-1,-1
321,8,425.512,1124.946,2113.680,795.951,0.505,-1,-1,-1
322,3,1461.156,567.467,498.961,409.536,0.999,-1,-1,-1
322,8,923.116,1156.281,1633.859,762.564,0.667,-1,-1,-1
323,3,1460.112,568.376,499.259,405.958,0.999,-1,-1,-1
323,8,1389.340,1197.928,1154.841,722.385,0.618,-1,-1,-1
324,3,1458.512,567.742,497.900,404.029,0.999,-1,-1,-1
324,8,1710.378,1218.780,848.622,700.220,0.618,-1,-1,-1
325,3,1455.268,567.469,499.139,405.063,0.998,-1,-1,-1
325,8,2068.195,1242.282,490.805,676.718,0.618,-1,-1,-1
326,3,1456.884,566.707,497.094,404.622,0.999,-1,-1,-1
326,8,2415.520,1264.664,143.480,654.336,0.618,-1,-1,-1
327,3,1458.354,566.775,496.182,404.528,0.999,-1,-1,-1
328,3,1458.573,566.812,495.987,404.586,0.999,-1,-1,-1
329,3,1458.458,567.087,496.054,404.995,0.999,-1,-1,-1
330,3,1458.499,566.705,496.042,405.229,0.999,-1,-1,-1
331,3,1458.580,566.848,495.981,405.182,0.999,-1,-1,-1
332,3,1458.716,566.402,496.141,405.540,0.998,-1,-1,-1
333,3,1458.410,566.044,496.593,405.830,0.998,-1,-1,-1
334,3,1457.909,565.305,497.195,406.649,0.998,-1,-1,-1
335,3,1458.495,564.752,496.635,407.315,0.998,-1,-1,-1
336,3,1458.325,564.945,496.762,406.895,0.998,-1,-1,-1
337,3,1458.242,566.020,496.116,404.208,0.998,-1,-1,-1
338,3,1458.294,565.856,496.198,404.302,0.998,-1,-1,-1
339,3,1458.217,565.750,496.302,404.351,0.998,-1,-1,-1
340,3,1458.108,565.775,496.447,404.406,0.998,-1,-1,-1
341,3,1458.162,565.772,496.508,404.357,0.998,-1,-1,-1
342,3,1458.201,565.744,496.510,404.454,0.998,-1,-1,-1
343,3,1457.961,565.894,496.779,404.383,0.998,-1,-1,-1
344,3,1457.998,565.954,496.801,404.391,0.998,-1,-1,-1
345,3,1458.127,565.954,496.748,404.472,0.998,-1,-1,-1
346,3,1458.071,565.853,496.865,404.502,0.998,-1,-1,-1
347,3,1458.534,565.745,495.955,404.036,0.998,-1,-1,-1
348,3,1458.522,565.727,495.900,403.945,0.998,-1,-1,-1
349,3,1458.351,565.846,496.215,404.562,0.998,-1,-1,-1
350,3,1458.513,565.768,496.008,404.657,0.998,-1,-1,-1
351,3,1458.428,565.794,496.057,404.714,0.998,-1,-1,-1
352,3,1457.074,566.088,497.825,405.172,0.998,-1,-1,-1
353,3,1458.100,566.137,497.009,406.499,0.998,-1,-1,-1
354,3,1464.787,567.763,492.766,403.675,0.998,-1,-1,-1
354,9,1959.952,962.622,594.641,488.637,0.855,-1,-1,-1
355,3,1467.434,568.704,492.620,406.218,0.997,-1,-1,-1
355,9,1690.094,925.797,865.073,519.606,0.968,-1,-1,-1
356,3,1465.962,570.456,493.348,410.249,0.994,-1,-1,-1
356,9,1408.183,902.235,1145.796,540.119,0.988,-1,-1,-1
357,3,1461.799,569.484,498.470,412.228,0.986,-1,-1,-1
357,9,1122.322,889.409,1396.193,524.190,0.994,-1,-1,-1
358,3,1454.405,569.455,502.584,408.935,0.965,-1,-1,-1
358,9,799.413,877.312,1391.802,507.138,0.994,-1,-1,-1
359,3,1450.137,567.084,499.150,413.204,0.977,-1,-1,-1
359,9,500.340,852.682,1377.324,500.907,0.994,-1,-1,-1
360,3,1455.145,566.268,496.410,410.230,0.980,-1,-1,-1
360,9,194.369,826.603,1398.202,515.587,0.995,-1,-1,-1
361,3,1461.418,564.841,490.818,407.281,0.992,-1,-1,-1
361,9,19.410,791.537,1252.476,527.894,0.983,-1,-1,-1
362,3,1458.111,564.631,494.267,406.209,0.997,-1,-1,-1
362,9,3.419,789.365,975.674,497.993,0.910,-1,-1,-1
363,3,1458.100,564.587,495.421,405.624,0.997,-1,-1,-1
363,9,6.432,764.424,677.338,489.905,0.757,-1,-1,-1
364,3,1460.059,564.703,493.839,405.873,0.998,-1,-1,-1
364,9,0.000,739.982,450.276,489.905,0.757,-1,-1,-1
365,3,1458.698,564.702,495.203,405.662,0.998,-1,-1,-1
365,9,0.000,717.134,217.467,489.905,0.757,-1,-1,-1
366,3,1459.047,565.119,494.569,405.227,0.998,-1,-1,-1
366,9,0.000,700.067,34.223,489.905,0.757,-1,-1,-1
367,3,1458.959,565.260,496.610,405.288,0.998,-1,-1,-1
368,3,1458.757,565.086,496.777,405.672,0.998,-1,-1,-1
369,3,1458.776,565.162,496.721,405.592,0.998,-1,-1,-1
370,3,1458.943,565.275,496.587,405.592,0.998,-1,-1,-1
371,3,1458.969,565.210,496.479,405.672,0.998,-1,-1,-1
372,3,1459.050,565.314,496.528,405.768,0.998,-1,-1,-1
373,3,1458.417,565.458,496.887,405.719,0.999,-1,-1,-1
374,3,1458.449,565.451,496.890,405.617,0.999,-1,-1,-1
375,3,1458.372,565.380,496.903,405.815,0.999,-1,-1,-1
376,3,1458.463,565.430,496.859,405.800,0.999,-1,-1,-1
377,3,1459.698,565.725,495.001,405.624,0.999,-1,-1,-1
378,3,1459.484,565.506,495.093,406.049,0.999,-1,-1,-1
379,3,1459.577,565.513,495.027,405.949,0.998,-1,-1,-1
380,3,1459.107,565.704,496.242,406.152,0.998,-1,-1,-1
381,3,1459.768,566.061,495.046,407.704,0.998,-1,-1,-1
381,10,2160.394,1025.078,396.281,488.680,0.763,-1,-1,-1
382,3,1464.690,567.256,494.053,406.542,0.998,-1,-1,-1
382,10,1832.455,965.885,720.345,522.913,0.965,-1,-1,-1
383,3,1467.802,569.602,494.840,411.441,0.995,-1,-1,-1
383,10,1490.388,928.851,1063.901,558.706,0.983,-1,-1,-1
384,3,1458.344,569.275,506.031,422.019,0.984,-1,-1,-1
384,10,1148.893,911.888,1296.229,531.082,0.993,-1,-1,-1
385,3,1455.003,568.926,509.827,418.758,0.984,-1,-1,-1
385,10,766.644,887.385,1287.378,527.068,0.992,-1,-1,-1
386,3,1455.292,568.372,506.463,415.509,0.980,-1,-1,-1
386,10,415.392,862.238,1300.297,513.820,0.993,-1,-1,-1
387,3,1458.823,568.630,507.165,411.674,0.992,-1,-1,-1
387,10,90.617,827.531,1241.313,534.745,0.996,-1,-1,-1
388,3,1456.934,569.256,515.039,410.230,0.998,-1,-1,-1
388,10,4.729,814.696,973.903,505.742,0.955,-1,-1,-1
389,3,1458.483,570.854,523.905,413.013,0.998,-1,-1,-1
389,10,5.221,794.574,622.479,486.600,0.877,-1,-1,-1
390,3,1457.603,573.389,535.246,411.579,0.998,-1,-1,-1
390,10,0.000,765.101,331.652,486.600,0.877,-1,-1,-1
391,3,1460.530,574.024,545.654,418.176,0.998,-1,-1,-1
391,10,0.000,742.132,85.897,486.600,0.877,-1,-1,-1
392,3,1465.927,575.521,555.224,423.527,0.998,-1,-1,-1
393,3,1464.258,575.614,576.319,430.007,0.998,-1,-1,-1
394,3,1467.641,578.055,591.892,437.617,0.998,-1,-1,-1
395,3,1469.978,582.808,620.278,440.589,0.998,-1,-1,-1
396,3,1479.676,586.122,638.399,446.594,0.998,-1,-1,-1
397,3,1485.895,592.653,670.889,452.130,0.998,-1,-1,-1
398,3,1498.831,603.067,693.515,455.320,0.998,-1,-1,-1
399,3,1508.222,607.145,725.672,465.009,0.998,-1,-1,-1
400,3,1525.304,616.297,762.132,473.272,0.998,-1,-1,-1
401,3,1538.422,623.727,809.967,481.511,0.998,-1,-1,-1
402,3,1570.767,632.069,838.838,491.919,0.998,-1,-1,-1
403,3,1606.287,650.063,865.985,493.619,0.998,-1,-1,-1
404,3,1633.799,652.729,921.077,512.893,0.996,-1,-1,-1
405,3,1666.950,665.542,892.606,528.324,0.993,-1,-1,-1
406,3,1707.620,682.858,852.297,538.053,0.978,-1,-1,-1
407,3,1746.788,694.832,813.295,547.887,0.972,-1,-1,-1
408,3,1796.295,715.324,763.620,556.449,0.951,-1,-1,-1
409,3,1846.411,735.329,711.881,545.561,0.853,-1,-1,-1
410,3,1910.873,750.029,646.282,531.269,0.704,-1,-1,-1
411,3,1980.679,760.120,577.322,532.215,0.629,-1,-1,-1
412,3,2046.320,776.289,511.626,479.822,0.543,-1,-1,-1
413,3,2089.331,784.905,469.669,479.822,0.543,-1,-1,-1
414,3,2141.410,793.999,417.590,479.822,0.543,-1,-1,-1
415,3,2187.178,801.643,371.822,479.822,0.543,-1,-1,-1
416,3,2225.882,807.197,333.118,479.822,0.543,-1,-1,-1
