59,3,3.333,1221.262,630.759,702.594,0.556,-1,-1,-1
60,3,15.496,1171.894,806.758,652.662,0.976,-1,-1,-1
61,3,253.329,1131.524,714.616,555.850,0.998,-1,-1,-1
62,3,474.367,1107.230,621.374,499.273,0.998,-1,-1,-1
63,3,639.046,1081.022,559.249,462.535,0.998,-1,-1,-1
64,3,758.378,1062.443,522.501,412.031,0.998,-1,-1,-1
65,3,866.732,1042.515,487.337,375.452,0.997,-1,-1,-1
66,3,964.165,1034.264,455.015,347.052,0.998,-1,-1,-1
67,3,1050.348,1024.213,421.382,313.232,0.998,-1,-1,-1
68,3,1130.106,1015.810,385.826,297.378,0.998,-1,-1,-1
69,3,1195.335,1011.486,344.236,272.682,0.998,-1,-1,-1
70,3,1250.659,1000.665,328.445,262.238,0.998,-1,-1,-1
71,3,1300.181,991.871,309.941,253.383,0.998,-1,-1,-1
72,3,1345.346,989.653,293.834,240.326,0.998,-1,-1,-1
73,3,1390.029,988.370,272.332,229.489,0.997,-1,-1,-1
74,3,1433.075,984.870,249.504,213.536,0.996,-1,-1,-1
75,3,1463.787,983.151,248.691,206.345,0.997,-1,-1,-1
76,3,1495.587,979.769,231.546,202.765,0.997,-1,-1,-1
77,3,1520.891,974.976,221.197,198.005,0.997,-1,-1,-1
78,3,1545.465,971.842,212.524,189.657,0.996,-1,-1,-1
79,3,1572.253,970.534,200.719,180.274,0.995,-1,-1,-1
80,3,1595.266,973.687,185.658,166.802,0.993,-1,-1,-1
81,3,1615.987,968.910,180.471,162.301,0.992,-1,-1,-1
82,3,1633.570,967.687,177.702,158.194,0.992,-1,-1,-1
83,3,1659.581,967.940,171.325,153.812,0.989,-1,-1,-1
84,3,1673.355,965.541,166.946,151.169,0.990,-1,-1,-1
85,3,1691.885,962.226,164.387,147.445,0.971,-1,-1,-1
86,3,1706.337,960.431,160.364,143.927,0.976,-1,-1,-1
87,3,1720.955,957.698,156.987,143.058,0.977,-1,-1,-1
88,3,1729.875,955.857,158.617,140.651,0.979,-1,-1,-1
89,3,1740.336,954.412,158.246,140.626,0.973,-1,-1,-1
90,3,1750.769,953.490,152.213,138.462,0.971,-1,-1,-1
91,3,1760.509,949.970,150.381,136.756,0.961,-1,-1,-1
92,3,1767.702,950.186,146.077,131.401,0.966,-1,-1,-1
93,3,1775.321,949.511,143.406,127.883,0.954,-1,-1,-1
94,3,1783.008,948.105,142.516,126.246,0.956,-1,-1,-1
95,3,1793.425,946.866,141.008,123.997,0.946,-1,-1,-1
96,3,1800.333,944.048,141.978,123.620,0.933,-1,-1,-1
97,3,1806.463,942.536,141.573,122.855,0.921,-1,-1,-1
98,3,1811.270,940.546,140.183,121.625,0.897,-1,-1,-1
99,3,1814.560,938.168,140.215,120.701,0.870,-1,-1,-1
100,3,1819.822,937.521,138.277,120.651,0.796,-1,-1,-1
101,3,1824.421,934.849,136.939,120.676,0.845,-1,-1,-1
102,3,1826.278,932.193,135.048,119.644,0.758,-1,-1,-1
103,3,1830.372,930.206,133.374,120.502,0.735,-1,-1,-1
104,3,1836.527,929.132,133.260,120.925,0.714,-1,-1,-1
105,3,1841.822,929.204,131.242,118.307,0.574,-1,-1,-1
106,3,1845.817,927.650,130.802,116.451,0.608,-1,-1,-1
107,3,1852.141,926.915,131.065,116.988,0.593,-1,-1,-1
108,3,1859.847,928.265,130.515,116.617,0.568,-1,-1,-1
109,3,1869.297,929.334,128.869,116.860,0.501,-1,-1,-1
110,3,1873.389,928.745,129.484,116.734,0.540,-1,-1,-1
111,3,1879.519,927.466,126.183,116.323,0.523,-1,-1,-1
112,3,1884.516,927.471,126.183,116.323,0.523,-1,-1,-1
113,3,1888.038,927.222,126.183,116.323,0.523,-1,-1,-1
114,3,1889.868,926.701,126.183,116.323,0.523,-1,-1,-1
115,3,1890.829,926.290,126.183,116.323,0.523,-1,-1,-1
138,6,10.608,1151.751,939.332,630.125,0.992,-1,-1,-1
139,6,272.700,1121.719,820.114,541.714,0.998,-1,-1,-1
140,6,503.420,1094.258,701.604,488.132,0.998,-1,-1,-1
141,6,669.087,1069.885,621.187,440.221,0.998,-1,-1,-1
142,6,796.389,1051.247,568.381,392.828,0.998,-1,-1,-1
143,6,906.229,1035.562,520.597,357.819,0.999,-1,-1,-1
144,6,1012.844,1020.933,471.792,327.769,0.998,-1,-1,-1
145,6,1096.710,1015.293,440.475,304.314,0.998,-1,-1,-1
146,6,1173.126,1006.812,385.765,281.659,0.998,-1,-1,-1
147,6,1236.802,999.591,358.746,262.312,0.998,-1,-1,-1
148,6,1295.865,990.539,332.733,252.648,0.998,-1,-1,-1
149,6,1342.678,986.451,318.476,240.787,0.998,-1,-1,-1
150,6,1391.714,984.755,292.137,226.560,0.997,-1,-1,-1
151,6,1436.102,980.539,269.671,209.956,0.996,-1,-1,-1
152,6,1469.824,976.141,260.745,208.409,0.997,-1,-1,-1
153,6,1498.227,975.992,247.538,196.733,0.996,-1,-1,-1
154,6,1527.871,971.643,237.300,189.590,0.997,-1,-1,-1
155,6,1558.695,971.530,223.232,180.447,0.997,-1,-1,-1
156,6,1583.075,972.170,211.475,169.295,0.995,-1,-1,-1
157,6,1608.395,970.701,196.377,159.879,0.994,-1,-1,-1
158,6,1625.877,967.552,192.248,155.812,0.993,-1,-1,-1
159,6,1654.519,969.844,178.984,146.298,0.992,-1,-1,-1
160,6,1670.514,965.574,177.134,148.134,0.991,-1,-1,-1
161,6,1690.480,965.711,168.824,140.900,0.979,-1,-1,-1
162,6,1708.741,960.396,165.280,142.640,0.978,-1,-1,-1
163,6,1721.338,956.046,165.238,141.714,0.979,-1,-1,-1
164,6,1730.422,952.745,163.805,139.870,0.976,-1,-1,-1
165,6,1741.605,952.540,162.426,137.854,0.973,-1,-1,-1
166,6,1754.675,950.183,155.165,136.642,0.974,-1,-1,-1
167,6,1764.342,948.001,151.147,133.171,0.960,-1,-1,-1
168,6,1772.431,947.672,147.307,127.092,0.948,-1,-1,-1
169,6,1780.751,945.033,146.284,125.977,0.933,-1,-1,-1
170,6,1791.463,944.541,144.997,124.871,0.879,-1,-1,-1
171,6,1798.530,940.626,144.673,125.502,0.917,-1,-1,-1
172,6,1805.762,939.282,145.354,123.740,0.911,-1,-1,-1
173,6,1814.485,935.736,139.066,122.973,0.620,-1,-1,-1
174,6,1818.910,936.987,141.041,121.698,0.760,-1,-1,-1
175,6,1823.015,932.252,138.389,120.555,0.536,-1,-1,-1
176,6,1827.006,929.487,137.028,119.634,0.675,-1,-1,-1
177,6,1829.368,928.765,136.674,118.502,0.660,-1,-1,-1
178,6,1836.669,927.505,132.782,117.141,0.532,-1,-1,-1
179,6,1840.981,924.672,132.726,116.490,0.605,-1,-1,-1
180,6,1844.594,922.698,132.228,114.615,0.620,-1,-1,-1
181,6,1852.165,922.057,130.745,114.895,0.619,-1,-1,-1
182,6,1859.285,922.509,129.894,116.580,0.584,-1,-1,-1
183,6,1867.928,921.760,129.955,117.782,0.707,-1,-1,-1
184,6,1872.999,923.511,126.382,114.795,0.623,-1,-1,-1
185,6,1875.341,922.188,125.921,114.496,0.645,-1,-1,-1
186,6,1879.779,921.692,123.878,114.364,0.525,-1,-1,-1
187,6,1882.545,920.495,124.503,113.221,0.683,-1,-1,-1
188,6,1886.869,919.503,121.599,114.866,0.607,-1,-1,-1
189,6,1889.182,918.680,121.599,114.866,0.607,-1,-1,-1
190,6,1891.083,918.121,121.599,114.866,0.607,-1,-1,-1
191,6,1892.307,917.657,121.599,114.866,0.607,-1,-1,-1
191,8,9.647,1117.749,951.034,652.361,0.923,-1,-1,-1
192,6,1892.927,917.517,121.599,114.866,0.607,-1,-1,-1
192,8,137.532,1081.661,972.035,567.557,0.995,-1,-1,-1
193,8,402.198,1059.326,826.630,512.725,0.994,-1,-1,-1
194,8,608.054,1046.307,705.553,446.891,0.994,-1,-1,-1
195,8,751.243,1034.210,627.751,389.029,0.994,-1,-1,-1
196,8,870.919,1017.971,581.688,358.252,0.996,-1,-1,-1
197,8,981.096,1008.187,522.286,324.014,0.998,-1,-1,-1
198,8,1068.362,1002.947,489.469,296.832,0.998,-1,-1,-1
199,8,1147.313,991.088,446.005,278.071,0.998,-1,-1,-1
200,8,1217.484,982.509,400.901,263.805,0.999,-1,-1,-1
201,8,1283.756,976.280,369.312,251.429,0.999,-1,-1,-1
202,8,1333.763,974.658,346.253,238.698,0.999,-1,-1,-1
203,8,1386.029,972.283,314.055,224.510,0.998,-1,-1,-1
204,8,1434.487,970.277,292.726,213.060,0.998,-1,-1,-1
205,8,1468.497,962.096,276.877,213.770,0.998,-1,-1,-1
206,8,1504.011,963.625,257.926,198.008,0.998,-1,-1,-1
207,8,1536.653,964.553,248.130,187.782,0.998,-1,-1,-1
208,8,1562.408,963.166,234.012,179.979,0.996,-1,-1,-1
209,8,1586.973,962.035,221.533,172.205,0.994,-1,-1,-1
210,8,1612.044,959.853,210.311,161.867,0.994,-1,-1,-1
211,8,1639.236,960.600,198.722,155.830,0.993,-1,-1,-1
212,8,1659.633,957.669,192.698,153.935,0.993,-1,-1,-1
213,8,1681.019,955.794,181.757,150.386,0.991,-1,-1,-1
214,8,1702.469,950.077,176.277,149.560,0.981,-1,-1,-1
215,8,1718.419,947.908,169.972,147.969,0.985,-1,-1,-1
216,8,1727.447,946.660,171.229,146.218,0.979,-1,-1,-1
217,8,1738.470,944.838,168.517,143.320,0.978,-1,-1,-1
218,8,1750.867,942.849,164.013,140.555,0.975,-1,-1,-1
219,8,1762.780,943.186,155.891,133.635,0.972,-1,-1,-1
220,8,1770.297,941.235,153.307,129.655,0.969,-1,-1,-1
221,8,1777.810,938.415,152.553,127.809,0.970,-1,-1,-1
222,8,1789.062,937.280,150.228,127.409,0.967,-1,-1,-1
223,8,1799.859,935.760,151.371,126.637,0.958,-1,-1,-1
224,8,1806.865,933.777,150.776,126.625,0.946,-1,-1,-1
225,8,1813.545,931.015,147.400,125.411,0.926,-1,-1,-1
226,8,1817.187,928.692,147.762,125.290,0.907,-1,-1,-1
227,8,1824.583,927.216,142.313,122.861,0.889,-1,-1,-1
228,8,1831.214,927.679,139.115,119.302,0.783,-1,-1,-1
229,8,1833.853,910.879,132.656,122.921,0.551,-1,-1,-1
230,8,1838.756,915.431,131.769,122.307,0.527,-1,-1,-1
231,8,1843.432,911.795,130.242,121.699,0.564,-1,-1,-1
232,8,1845.991,908.584,130.242,121.699,0.564,-1,-1,-1
233,8,1854.180,900.478,129.361,126.656,0.550,-1,-1,-1
234,8,1857.403,899.386,129.361,126.656,0.550,-1,-1,-1
235,8,1859.739,897.433,129.361,126.656,0.550,-1,-1,-1
236,8,1861.298,896.245,129.361,126.656,0.550,-1,-1,-1
237,8,1862.872,895.047,129.361,126.656,0.550,-1,-1,-1
282,14,1112.516,741.914,265.263,188.294,0.795,-1,-1,-1
283,14,1110.079,740.758,265.694,188.087,0.969,-1,-1,-1
284,14,1114.391,742.316,262.463,186.259,0.991,-1,-1,-1
285,14,1112.223,742.706,264.636,185.039,0.994,-1,-1,-1
286,14,1112.744,742.550,264.571,185.273,0.996,-1,-1,-1
287,14,1112.543,741.858,264.196,185.368,0.997,-1,-1,-1
288,14,1112.176,742.292,265.106,184.685,0.997,-1,-1,-1
289,14,1111.719,743.053,265.599,184.270,0.997,-1,-1,-1
290,14,1112.055,743.812,264.047,183.353,0.998,-1,-1,-1
291,14,1111.989,744.988,263.406,182.169,0.998,-1,-1,-1
292,14,1111.264,745.781,264.043,180.839,0.998,-1,-1,-1
293,14,1110.788,745.809,264.456,181.036,0.998,-1,-1,-1
294,14,1111.009,745.780,264.162,180.965,0.998,-1,-1,-1
295,14,1111.142,745.707,263.805,181.060,0.998,-1,-1,-1
296,14,1110.001,745.647,264.396,181.183,0.998,-1,-1,-1
297,14,1109.034,744.536,266.766,183.000,0.998,-1,-1,-1
298,14,1110.387,743.487,265.625,184.710,0.998,-1,-1,-1
299,14,1111.461,742.601,264.914,185.508,0.998,-1,-1,-1
299,15,6.391,1191.763,798.852,685.097,0.898,-1,-1,-1
300,14,1111.641,742.828,264.914,184.858,0.998,-1,-1,-1
300,15,54.885,1140.250,906.277,579.359,0.997,-1,-1,-1
301,14,1113.395,743.335,262.066,184.661,0.997,-1,-1,-1
301,15,322.917,1117.575,766.267,505.226,0.998,-1,-1,-1
302,14,1113.139,743.273,262.026,184.517,0.997,-1,-1,-1
302,15,538.059,1087.625,664.696,459.903,0.999,-1,-1,-1
303,14,1112.391,743.882,262.363,184.331,0.996,-1,-1,-1
303,15,697.450,1066.613,589.483,410.354,0.998,-1,-1,-1
304,14,1112.215,743.240,263.055,184.638,0.995,-1,-1,-1
304,15,817.651,1046.050,538.656,364.309,0.998,-1,-1,-1
305,14,1111.055,742.307,265.627,185.456,0.995,-1,-1,-1
305,15,924.534,1027.316,498.943,342.258,0.999,-1,-1,-1
306,14,1110.873,742.158,267.364,185.319,0.994,-1,-1,-1
306,15,1022.964,1019.580,454.150,309.056,0.998,-1,-1,-1
307,14,1112.081,741.794,266.607,185.330,0.993,-1,-1,-1
307,15,1108.238,1013.545,415.789,281.580,0.998,-1,-1,-1
308,14,1111.523,741.909,266.224,184.572,0.994,-1,-1,-1
308,15,1178.650,1002.830,372.292,263.477,0.999,-1,-1,-1
309,14,1111.868,742.299,264.223,183.470,0.994,-1,-1,-1
309,15,1240.547,990.294,350.806,255.457,0.999,-1,-1,-1
310,14,1111.716,742.393,263.967,183.174,0.994,-1,-1,-1
310,15,1297.622,983.639,318.713,245.827,0.999,-1,-1,-1
311,14,1111.436,742.756,263.613,182.654,0.995,-1,-1,-1
311,15,1344.981,981.451,301.679,233.921,0.999,-1,-1,-1
312,14,1111.422,743.037,263.749,182.361,0.995,-1,-1,-1
312,15,1390.615,976.210,282.851,221.368,0.998,-1,-1,-1
313,14,1111.608,743.376,263.450,182.650,0.996,-1,-1,-1
313,15,1430.762,970.806,268.877,214.002,0.997,-1,-1,-1
314,14,1111.527,743.625,263.532,182.662,0.996,-1,-1,-1
314,15,1466.024,969.660,255.716,209.976,0.998,-1,-1,-1
315,14,1111.257,743.761,263.981,182.994,0.996,-1,-1,-1
315,15,1496.474,968.015,243.113,198.307,0.998,-1,-1,-1
316,14,1111.368,744.048,263.708,182.889,0.996,-1,-1,-1
316,15,1524.843,967.550,229.251,187.844,0.997,-1,-1,-1
317,14,1111.361,744.208,263.291,182.721,0.996,-1,-1,-1
317,15,1554.513,965.948,215.049,178.624,0.997,-1,-1,-1
318,14,1110.814,744.180,263.961,182.779,0.996,-1,-1,-1
318,15,1579.876,965.575,205.329,166.729,0.995,-1,-1,-1
319,14,1110.166,743.977,264.989,183.353,0.996,-1,-1,-1
319,15,1600.279,963.110,196.848,163.432,0.994,-1,-1,-1
320,14,1110.082,744.367,264.750,182.969,0.996,-1,-1,-1
320,15,1624.093,962.297,187.524,155.339,0.994,-1,-1,-1
321,14,1110.195,744.768,264.262,182.546,0.997,-1,-1,-1
321,15,1645.209,960.978,181.059,152.093,0.993,-1,-1,-1
322,14,1110.095,744.810,264.557,182.752,0.997,-1,-1,-1
322,15,1663.566,956.700,176.198,151.747,0.995,-1,-1,-1
323,14,1111.026,745.035,263.155,182.307,0.996,-1,-1,-1
323,15,1682.522,955.874,170.137,146.254,0.992,-1,-1,-1
324,14,1111.155,744.960,263.170,182.203,0.997,-1,-1,-1
324,15,1699.923,952.431,162.042,141.547,0.988,-1,-1,-1
325,14,1110.215,744.600,264.661,183.050,0.996,-1,-1,-1
325,15,1719.202,950.731,157.559,138.609,0.977,-1,-1,-1
326,14,1109.856,744.546,265.271,183.253,0.996,-1,-1,-1
326,15,1727.295,948.624,157.580,139.658,0.983,-1,-1,-1
327,14,1109.990,744.974,264.724,182.627,0.996,-1,-1,-1
327,15,1738.728,947.707,156.246,135.824,0.977,-1,-1,-1
328,14,1109.892,745.093,264.846,182.573,0.997,-1,-1,-1
328,15,1750.495,946.422,154.401,133.021,0.973,-1,-1,-1
329,14,1110.105,745.392,264.616,182.130,0.997,-1,-1,-1
329,15,1760.043,944.127,149.508,130.413,0.967,-1,-1,-1
330,14,1110.437,745.407,264.623,182.050,0.996,-1,-1,-1
330,15,1768.068,942.849,145.648,125.869,0.956,-1,-1,-1
331,14,1110.491,745.432,264.406,181.988,0.996,-1,-1,-1
331,15,1778.074,941.976,139.659,122.079,0.952,-1,-1,-1
332,14,1110.626,745.513,264.352,181.879,0.996,-1,-1,-1
332,15,1785.083,938.980,138.566,121.031,0.951,-1,-1,-1
333,14,1110.896,745.604,264.057,181.566,0.996,-1,-1,-1
333,15,1792.703,937.406,138.470,119.258,0.936,-1,-1,-1
334,14,1110.926,745.696,263.903,181.406,0.997,-1,-1,-1
334,15,1802.176,936.255,139.706,121.523,0.955,-1,-1,-1
335,14,1110.824,745.748,264.037,181.352,0.997,-1,-1,-1
335,15,1809.317,933.151,139.128,122.413,0.960,-1,-1,-1
336,14,1110.603,745.728,264.069,181.167,0.997,-1,-1,-1
336,15,1812.605,929.898,141.207,123.262,0.951,-1,-1,-1
337,14,1110.732,745.625,263.771,181.420,0.997,-1,-1,-1
337,15,1815.731,926.752,141.043,120.547,0.932,-1,-1,-1
338,14,1110.604,745.625,263.734,181.548,0.997,-1,-1,-1
338,15,1820.431,923.348,138.343,119.786,0.882,-1,-1,-1
339,14,1110.430,745.749,263.958,181.411,0.997,-1,-1,-1
339,15,1825.418,921.103,138.697,119.154,0.888,-1,-1,-1
340,14,1110.327,745.776,264.073,181.588,0.996,-1,-1,-1
340,15,1827.362,917.370,139.404,118.688,0.879,-1,-1,-1
341,14,1110.350,745.850,263.707,181.695,0.996,-1,-1,-1
341,15,1832.885,916.676,135.758,117.385,0.873,-1,-1,-1
342,14,1110.994,745.224,262.995,182.291,0.997,-1,-1,-1
342,15,1835.520,914.122,132.179,114.987,0.794,-1,-1,-1
343,14,1111.106,745.182,262.804,182.422,0.997,-1,-1,-1
343,15,1835.977,909.288,129.824,114.903,0.759,-1,-1,-1
344,14,1111.044,744.945,262.668,183.101,0.997,-1,-1,-1
344,15,1833.389,901.111,130.165,121.316,0.546,-1,-1,-1
344,18,1725.534,860.054,132.564,123.767,0.771,-1,-1,-1
345,14,1110.884,744.912,262.839,182.952,0.997,-1,-1,-1
345,15,1850.942,905.460,127.522,122.871,0.762,-1,-1,-1
345,18,1725.543,859.985,132.564,123.767,0.771,-1,-1,-1
346,14,1110.548,744.864,263.361,182.695,0.997,-1,-1,-1
346,15,1857.772,905.867,124.973,122.654,0.799,-1,-1,-1
346,18,1708.365,858.411,130.957,126.843,0.549,-1,-1,-1
347,14,1110.783,744.897,263.004,182.638,0.997,-1,-1,-1
347,15,1866.135,910.802,122.747,119.239,0.666,-1,-1,-1
347,18,1699.660,863.449,131.626,124.443,0.795,-1,-1,-1
348,14,1110.860,745.063,263.177,182.484,0.997,-1,-1,-1
348,15,1875.771,914.071,117.138,116.317,0.565,-1,-1,-1
348,18,1679.953,867.104,135.486,122.087,0.956,-1,-1,-1
349,14,1111.004,744.977,263.078,182.103,0.997,-1,-1,-1
349,15,1882.956,916.106,117.138,116.317,0.565,-1,-1,-1
349,18,1670.369,863.089,138.480,125.519,0.964,-1,-1,-1
350,14,1111.250,744.907,262.889,182.544,0.998,-1,-1,-1
350,15,1886.897,917.089,117.138,116.317,0.565,-1,-1,-1
350,18,1659.034,862.907,140.424,127.442,0.974,-1,-1,-1
351,14,1111.287,744.584,263.272,182.751,0.998,-1,-1,-1
351,15,1889.729,917.994,117.138,116.317,0.565,-1,-1,-1
351,18,1645.550,858.850,145.412,131.514,0.982,-1,-1,-1
352,14,1111.250,744.475,263.436,183.082,0.997,-1,-1,-1
352,15,1891.116,918.214,117.138,116.317,0.565,-1,-1,-1
352,18,1633.481,850.205,146.307,138.300,0.983,-1,-1,-1
353,14,1111.298,744.615,263.625,182.398,0.997,-1,-1,-1
353,18,1626.531,853.298,146.869,137.200,0.985,-1,-1,-1
354,14,1111.436,744.866,263.300,182.263,0.997,-1,-1,-1
354,18,1613.844,855.746,149.515,137.676,0.987,-1,-1,-1
355,14,1111.695,744.969,262.622,182.197,0.997,-1,-1,-1
355,18,1598.679,854.580,157.411,143.767,0.990,-1,-1,-1
356,14,1111.879,745.092,262.779,182.317,0.997,-1,-1,-1
356,18,1585.038,866.938,155.283,132.559,0.991,-1,-1,-1
357,14,1112.289,745.059,262.498,182.493,0.997,-1,-1,-1
357,18,1568.435,864.794,161.988,137.401,0.992,-1,-1,-1
358,14,1111.902,745.042,262.840,182.412,0.997,-1,-1,-1
358,18,1554.231,860.580,163.533,139.742,0.993,-1,-1,-1
359,14,1111.660,744.905,262.656,182.821,0.997,-1,-1,-1
359,18,1534.857,860.252,174.672,144.773,0.993,-1,-1,-1
360,14,1111.643,744.614,262.190,182.966,0.996,-1,-1,-1
360,18,1517.570,854.817,181.068,151.825,0.992,-1,-1,-1
361,14,1112.015,744.423,261.539,183.872,0.996,-1,-1,-1
361,18,1501.355,854.095,182.702,154.494,0.992,-1,-1,-1
362,14,1112.252,744.251,260.891,184.515,0.996,-1,-1,-1
362,18,1476.517,847.909,197.945,163.041,0.928,-1,-1,-1
363,14,1111.962,744.320,259.347,184.299,0.996,-1,-1,-1
363,18,1449.382,851.739,207.638,165.794,0.977,-1,-1,-1
364,14,1111.398,744.510,258.859,184.036,0.996,-1,-1,-1
364,18,1426.743,855.799,209.113,163.616,0.981,-1,-1,-1
365,14,1112.069,744.341,261.123,184.119,0.995,-1,-1,-1
365,18,1399.315,854.607,224.781,167.546,0.984,-1,-1,-1
366,14,1110.505,744.108,262.013,183.982,0.994,-1,-1,-1
366,18,1374.947,852.121,231.402,169.683,0.985,-1,-1,-1
367,14,1108.652,742.769,258.991,183.674,0.989,-1,-1,-1
367,18,1341.309,851.360,248.496,174.707,0.988,-1,-1,-1
368,14,1107.189,741.754,268.015,184.960,0.975,-1,-1,-1
368,18,1311.804,849.283,252.272,176.377,0.994,-1,-1,-1
369,14,1105.432,739.815,272.908,185.555,0.917,-1,-1,-1
369,18,1272.870,846.451,263.032,182.792,0.994,-1,-1,-1
370,14,1105.262,739.082,272.908,185.555,0.917,-1,-1,-1
370,18,1244.323,844.265,271.071,185.987,0.996,-1,-1,-1
371,14,1105.299,738.391,272.908,185.555,0.917,-1,-1,-1
371,18,1204.854,841.365,280.649,191.505,0.996,-1,-1,-1
372,14,1105.986,738.003,272.908,185.555,0.917,-1,-1,-1
372,18,1159.743,843.818,298.950,191.602,0.997,-1,-1,-1
373,14,1112.366,737.259,266.103,174.017,0.683,-1,-1,-1
373,18,1112.452,842.743,309.298,201.809,0.998,-1,-1,-1
374,14,1106.381,739.782,269.810,176.459,0.553,-1,-1,-1
374,18,1059.814,839.594,332.338,215.164,0.999,-1,-1,-1
375,14,1106.080,739.214,269.810,176.459,0.553,-1,-1,-1
375,18,989.606,830.836,366.488,229.167,0.999,-1,-1,-1
376,14,1110.216,741.274,270.336,190.731,0.593,-1,-1,-1
376,18,924.647,824.622,391.489,247.066,0.999,-1,-1,-1
377,14,1109.241,743.019,269.953,190.156,0.937,-1,-1,-1
377,18,845.497,819.339,432.908,265.683,0.999,-1,-1,-1
378,14,1109.334,744.096,268.104,187.688,0.979,-1,-1,-1
378,18,764.862,816.776,470.671,277.950,0.999,-1,-1,-1
379,14,1114.081,744.338,264.789,185.669,0.992,-1,-1,-1
379,18,674.529,817.713,494.152,288.755,0.999,-1,-1,-1
380,14,1112.801,744.245,263.572,183.977,0.994,-1,-1,-1
380,18,564.312,810.092,540.301,310.400,0.999,-1,-1,-1
381,14,1113.767,744.351,262.499,183.432,0.995,-1,-1,-1
381,18,431.909,809.782,593.549,331.756,0.999,-1,-1,-1
382,14,1113.275,744.201,262.363,183.270,0.996,-1,-1,-1
382,18,278.873,809.716,657.087,355.163,0.998,-1,-1,-1
383,14,1112.442,743.706,262.875,183.815,0.997,-1,-1,-1
383,18,109.513,807.469,711.891,377.065,0.998,-1,-1,-1
384,14,1112.771,743.010,262.439,184.475,0.997,-1,-1,-1
384,18,6.105,802.622,688.730,410.995,0.962,-1,-1,-1
385,14,1111.637,743.307,263.195,183.928,0.997,-1,-1,-1
385,18,2.673,810.661,552.273,440.149,0.810,-1,-1,-1
386,14,1111.622,743.500,262.972,183.633,0.998,-1,-1,-1
386,18,0.000,823.216,422.874,440.149,0.810,-1,-1,-1
387,14,1110.526,743.850,263.790,183.100,0.997,-1,-1,-1
387,18,0.000,835.075,269.555,440.149,0.810,-1,-1,-1
388,14,1110.362,744.827,263.315,182.583,0.998,-1,-1,-1
388,18,0.000,845.221,144.605,440.149,0.810,-1,-1,-1
389,14,1110.387,744.735,263.742,182.953,0.998,-1,-1,-1
389,18,0.000,852.949,42.652,440.149,0.810,-1,-1,-1
390,14,1112.242,745.006,262.255,182.044,0.998,-1,-1,-1
391,14,1112.161,744.996,262.540,182.151,0.998,-1,-1,-1
392,14,1112.374,744.765,262.515,182.418,0.998,-1,-1,-1
393,14,1112.201,744.605,262.922,182.701,0.998,-1,-1,-1
394,14,1112.101,744.779,262.936,182.759,0.997,-1,-1,-1
395,14,1112.630,744.873,261.996,182.688,0.997,-1,-1,-1
396,14,1112.763,744.984,261.889,182.403,0.997,-1,-1,-1
397,14,1112.569,744.862,261.875,183.122,0.997,-1,-1,-1
398,14,1112.700,744.648,261.588,183.248,0.997,-1,-1,-1
399,14,1112.853,744.300,261.591,183.579,0.997,-1,-1,-1
400,14,1113.108,744.692,260.583,183.538,0.996,-1,-1,-1
401,14,1112.890,744.443,260.059,184.226,0.996,-1,-1,-1
402,14,1112.008,744.554,261.451,184.048,0.996,-1,-1,-1
403,14,1111.932,744.324,261.066,183.781,0.996,-1,-1,-1
404,14,1112.441,744.356,262.700,184.325,0.995,-1,-1,-1
405,14,1111.294,743.437,263.226,183.932,0.994,-1,-1,-1
406,14,1109.950,742.552,259.778,184.745,0.990,-1,-1,-1
407,14,1107.330,741.363,268.892,184.138,0.969,-1,-1,-1
408,14,1105.468,739.867,271.534,184.035,0.861,-1,-1,-1
409,14,1219.712,821.527,313.824,219.838,0.998,-1,-1,-1
410,14,1175.542,818.825,329.329,230.564,0.999,-1,-1,-1
411,14,1119.479,824.113,347.830,232.477,0.999,-1,-1,-1
412,14,1065.299,813.194,374.742,251.226,0.999,-1,-1,-1
413,14,992.903,804.178,403.546,271.881,0.999,-1,-1,-1
414,14,911.628,799.046,447.866,290.347,0.999,-1,-1,-1
415,14,821.796,792.845,490.369,306.492,0.999,-1,-1,-1
416,14,726.404,784.327,525.498,331.033,0.999,-1,-1,-1
417,14,610.056,785.403,579.849,345.992,0.998,-1,-1,-1
418,14,473.388,786.116,634.583,368.834,0.999,-1,-1,-1
419,14,308.972,786.224,703.955,393.514,0.999,-1,-1,-1
420,14,119.882,780.953,782.756,420.256,0.998,-1,-1,-1
421,14,5.573,776.917,759.057,465.450,0.972,-1,-1,-1
422,14,4.784,777.511,611.256,498.460,0.842,-1,-1,-1
423,14,0.000,790.690,479.052,498.460,0.842,-1,-1,-1
424,14,0.000,802.923,318.869,498.460,0.842,-1,-1,-1
425,14,0.000,813.574,187.504,498.460,0.842,-1,-1,-1
426,14,0.000,820.513,81.371,498.460,0.842,-1,-1,-1
473,26,1804.044,866.688,120.643,109.096,0.519,-1,-1,-1
474,26,1798.604,865.676,121.164,109.139,0.507,-1,-1,-1
475,26,1796.131,869.025,119.897,108.048,0.682,-1,-1,-1
476,26,1793.888,869.724,118.409,107.942,0.623,-1,-1,-1
477,26,1786.608,867.656,120.618,110.112,0.537,-1,-1,-1
478,26,1783.121,867.949,120.618,110.112,0.537,-1,-1,-1
479,26,1780.678,868.419,120.618,110.112,0.537,-1,-1,-1
480,26,1767.429,867.452,122.878,111.515,0.572,-1,-1,-1
481,26,1763.280,864.259,126.213,114.572,0.662,-1,-1,-1
482,26,1760.812,863.591,128.196,114.623,0.588,-1,-1,-1
483,26,1753.544,866.474,130.648,114.592,0.826,-1,-1,-1
484,26,1748.106,867.894,129.833,115.329,0.802,-1,-1,-1
485,26,1733.802,862.583,131.154,119.609,0.906,-1,-1,-1
486,26,1726.874,863.517,131.258,119.406,0.947,-1,-1,-1
487,26,1718.143,862.260,133.439,121.464,0.936,-1,-1,-1
488,26,1706.015,858.614,137.787,124.852,0.879,-1,-1,-1
489,26,1699.096,865.130,135.823,121.794,0.916,-1,-1,-1
490,26,1681.087,859.598,144.619,128.139,0.965,-1,-1,-1
491,26,1666.066,856.853,149.750,133.971,0.971,-1,-1,-1
492,26,1656.559,860.599,151.234,131.916,0.979,-1,-1,-1
493,26,1644.276,863.267,152.643,131.241,0.984,-1,-1,-1
494,26,1631.304,854.713,151.955,138.294,0.986,-1,-1,-1
495,26,1618.589,854.460,154.705,138.972,0.984,-1,-1,-1
496,26,1601.346,853.986,160.989,144.356,0.986,-1,-1,-1
497,26,1586.425,863.699,165.052,137.304,0.989,-1,-1,-1
498,26,1561.687,866.537,175.426,140.106,0.989,-1,-1,-1
498,27,1787.064,867.305,117.487,115.366,0.633,-1,-1,-1
499,26,1543.173,863.251,181.605,144.003,0.991,-1,-1,-1
499,27,1783.063,866.520,118.647,116.941,0.579,-1,-1,-1
500,26,1528.875,866.356,185.844,143.073,0.990,-1,-1,-1
500,27,1776.898,867.630,121.332,115.154,0.613,-1,-1,-1
501,26,1507.469,860.991,194.179,148.472,0.989,-1,-1,-1
501,27,1773.700,867.229,122.207,115.977,0.559,-1,-1,-1
502,26,1488.011,855.868,199.636,158.805,0.983,-1,-1,-1
502,27,1770.946,867.258,122.207,115.977,0.559,-1,-1,-1
503,26,1462.958,851.190,212.195,163.959,0.984,-1,-1,-1
503,27,1758.523,865.297,123.885,118.091,0.612,-1,-1,-1
504,26,1439.300,856.889,217.287,165.750,0.982,-1,-1,-1
504,27,1752.244,865.128,125.365,120.004,0.664,-1,-1,-1
505,26,1407.107,856.249,226.372,168.382,0.982,-1,-1,-1
505,27,1745.718,867.553,128.713,118.514,0.760,-1,-1,-1
506,26,1378.797,852.811,242.037,172.651,0.981,-1,-1,-1
506,27,1740.831,867.179,129.413,119.789,0.754,-1,-1,-1
507,26,1342.803,854.141,256.018,175.575,0.993,-1,-1,-1
507,27,1738.115,869.752,129.085,118.013,0.789,-1,-1,-1
508,26,1303.799,850.132,277.188,181.190,0.994,-1,-1,-1
508,27,1729.435,866.815,131.582,122.554,0.581,-1,-1,-1
509,26,1264.972,849.151,281.749,185.788,0.994,-1,-1,-1
509,27,1717.315,862.553,137.733,129.757,0.915,-1,-1,-1
510,26,1222.518,846.107,301.214,190.863,0.995,-1,-1,-1
510,27,1710.951,861.452,138.658,131.994,0.848,-1,-1,-1
511,26,1179.946,841.212,315.558,202.360,0.997,-1,-1,-1
511,27,1699.204,853.883,141.711,137.577,0.685,-1,-1,-1
512,26,1122.307,842.737,337.492,212.004,0.998,-1,-1,-1
512,27,1690.312,864.089,142.063,131.060,0.898,-1,-1,-1
513,26,1063.017,837.375,370.416,225.990,0.999,-1,-1,-1
513,27,1673.269,862.037,147.567,133.788,0.949,-1,-1,-1
514,26,994.045,834.767,394.574,238.852,0.999,-1,-1,-1
514,27,1667.454,873.649,145.836,128.380,0.962,-1,-1,-1
515,26,915.272,823.149,437.609,256.749,0.998,-1,-1,-1
515,27,1653.683,869.267,145.887,129.696,0.973,-1,-1,-1
516,26,827.686,812.127,476.348,281.943,0.999,-1,-1,-1
516,27,1638.447,867.218,151.411,133.022,0.977,-1,-1,-1
517,26,739.131,817.659,513.866,287.054,0.998,-1,-1,-1
517,27,1628.570,863.904,151.266,137.447,0.981,-1,-1,-1
518,26,633.180,815.024,554.252,304.181,0.999,-1,-1,-1
518,27,1613.718,855.641,156.921,146.771,0.955,-1,-1,-1
519,26,495.030,813.656,619.184,323.704,0.999,-1,-1,-1
519,27,1593.352,847.543,167.516,155.133,0.970,-1,-1,-1
520,26,338.451,810.649,691.970,348.122,0.999,-1,-1,-1
520,27,1578.396,863.311,167.577,143.672,0.983,-1,-1,-1
521,26,155.638,810.104,770.986,371.003,0.998,-1,-1,-1
521,27,1560.010,862.881,171.920,144.308,0.987,-1,-1,-1
522,26,4.828,807.489,800.080,399.546,0.977,-1,-1,-1
522,27,1543.434,865.756,174.624,145.747,0.991,-1,-1,-1
523,26,5.881,804.343,654.771,442.139,0.864,-1,-1,-1
523,27,1520.187,864.382,184.284,151.946,0.969,-1,-1,-1
524,26,2.537,810.851,515.421,423.317,0.634,-1,-1,-1
524,27,1503.176,855.621,190.428,159.594,0.989,-1,-1,-1
525,26,2.640,830.213,365.905,424.941,0.507,-1,-1,-1
525,27,1478.384,846.643,201.868,169.425,0.785,-1,-1,-1
526,26,0.000,841.691,246.732,424.941,0.507,-1,-1,-1
526,27,1448.856,855.625,213.790,167.617,0.971,-1,-1,-1
527,26,0.000,850.842,152.173,424.941,0.507,-1,-1,-1
527,27,1422.480,858.328,220.060,167.012,0.985,-1,-1,-1
528,26,0.000,856.360,71.935,424.941,0.507,-1,-1,-1
528,27,1389.707,854.130,234.745,173.289,0.985,-1,-1,-1
529,26,0.000,862.459,6.303,424.941,0.507,-1,-1,-1
529,27,1358.667,852.047,247.447,177.037,0.989,-1,-1,-1
530,27,1320.167,852.715,263.240,180.697,0.989,-1,-1,-1
531,27,1287.182,852.917,262.074,182.962,0.994,-1,-1,-1
532,27,1246.549,847.872,277.615,189.205,0.996,-1,-1,-1
533,27,1203.767,846.052,289.174,194.155,0.998,-1,-1,-1
534,27,1154.362,844.065,305.293,200.646,0.998,-1,-1,-1
535,27,1097.623,843.249,327.617,213.991,0.999,-1,-1,-1
536,27,1036.751,840.292,349.012,225.209,0.999,-1,-1,-1
537,27,960.894,830.130,387.343,241.900,0.999,-1,-1,-1
538,27,889.164,824.930,416.352,260.409,0.999,-1,-1,-1
539,27,795.507,823.089,455.416,271.079,0.999,-1,-1,-1
540,27,698.196,822.379,488.901,286.576,0.999,-1,-1,-1
541,27,585.876,821.007,533.907,305.504,0.999,-1,-1,-1
542,27,440.195,817.576,597.066,325.911,0.999,-1,-1,-1
543,27,265.354,816.113,675.745,353.283,0.999,-1,-1,-1
544,27,79.734,814.600,739.372,376.118,0.998,-1,-1,-1
545,27,5.678,815.773,674.600,409.822,0.953,-1,-1,-1
546,27,2.456,816.117,535.324,416.901,0.876,-1,-1,-1
547,27,0.000,826.876,397.837,416.901,0.876,-1,-1,-1
548,27,0.000,837.053,233.650,416.901,0.876,-1,-1,-1
549,27,0.000,845.261,100.223,416.901,0.876,-1,-1,-1
