1,1,1201.919,252.090,249.649,183.231,0.995,-1,-1,-1
2,1,1178.185,249.436,249.358,179.007,0.995,-1,-1,-1
3,1,1159.838,244.703,239.303,176.348,0.996,-1,-1,-1
4,1,1135.246,240.409,239.200,175.550,0.994,-1,-1,-1
5,1,1120.480,238.494,226.931,173.580,0.990,-1,-1,-1
6,1,1095.748,229.520,225.132,177.779,0.987,-1,-1,-1
7,1,1083.421,224.634,214.540,186.148,0.992,-1,-1,-1
8,1,1068.330,216.829,213.030,175.385,0.947,-1,-1,-1
9,1,1048.154,213.076,212.724,173.605,0.959,-1,-1,-1
10,1,1028.235,210.175,214.869,171.021,0.905,-1,-1,-1
11,1,1004.832,213.292,217.269,162.072,0.973,-1,-1,-1
12,1,988.994,209.036,216.190,157.187,0.945,-1,-1,-1
13,1,981.024,204.228,215.722,156.142,0.951,-1,-1,-1
14,1,961.316,202.632,211.389,152.566,0.991,-1,-1,-1
15,1,942.133,195.442,212.693,153.669,0.942,-1,-1,-1
15,3,1613.082,329.462,305.951,290.596,0.635,-1,-1,-1
16,1,930.085,198.002,201.783,145.784,0.988,-1,-1,-1
16,3,1577.260,325.960,328.516,272.938,0.831,-1,-1,-1
17,1,914.628,196.827,194.759,143.412,0.994,-1,-1,-1
17,3,1551.865,313.801,365.872,296.540,0.839,-1,-1,-1
18,1,898.658,194.775,190.412,140.501,0.997,-1,-1,-1
18,3,1524.373,308.495,357.705,278.248,0.945,-1,-1,-1
19,1,886.148,191.653,185.706,140.549,0.996,-1,-1,-1
19,3,1496.192,302.517,420.523,280.397,0.958,-1,-1,-1
20,1,869.958,188.053,184.798,140.063,0.993,-1,-1,-1
20,3,1475.444,299.595,409.483,269.059,0.983,-1,-1,-1
21,1,859.067,180.421,178.386,142.643,0.995,-1,-1,-1
21,3,1451.627,292.773,417.531,268.926,0.990,-1,-1,-1
22,1,846.210,180.925,176.827,138.727,0.994,-1,-1,-1
22,3,1425.533,288.783,411.787,265.868,0.996,-1,-1,-1
23,1,835.675,178.962,174.203,138.026,0.986,-1,-1,-1
23,3,1395.966,286.888,408.711,259.245,0.993,-1,-1,-1
24,1,821.026,175.345,173.822,138.374,0.991,-1,-1,-1
24,3,1375.380,279.104,397.936,258.735,0.996,-1,-1,-1
25,1,807.920,174.367,172.635,136.567,0.991,-1,-1,-1
25,3,1358.464,273.993,387.126,254.182,0.998,-1,-1,-1
26,1,794.928,174.994,168.767,133.098,0.991,-1,-1,-1
26,3,1335.185,267.534,379.704,254.271,0.998,-1,-1,-1
27,1,785.448,173.134,164.892,132.389,0.981,-1,-1,-1
27,3,1315.632,262.134,374.111,250.802,0.999,-1,-1,-1
28,1,769.721,169.198,168.969,133.326,0.991,-1,-1,-1
28,3,1292.948,256.391,368.670,247.876,0.998,-1,-1,-1
29,1,759.738,166.760,162.264,131.700,0.993,-1,-1,-1
29,3,1274.454,251.401,361.561,246.371,0.999,-1,-1,-1
30,1,750.797,163.811,159.495,130.268,0.990,-1,-1,-1
30,3,1256.053,246.859,349.020,244.211,0.999,-1,-1,-1
31,1,737.145,161.011,161.003,129.767,0.988,-1,-1,-1
31,3,1234.856,241.581,344.150,243.778,0.998,-1,-1,-1
32,1,728.368,161.213,160.103,127.951,0.993,-1,-1,-1
32,3,1217.011,242.380,335.663,234.412,0.997,-1,-1,-1
33,1,722.006,159.297,154.950,125.684,0.992,-1,-1,-1
33,3,1200.961,237.516,326.029,228.873,0.996,-1,-1,-1
34,1,713.665,156.229,151.403,124.729,0.991,-1,-1,-1
34,3,1175.868,235.163,328.527,224.387,0.995,-1,-1,-1
35,1,701.805,154.564,150.994,124.726,0.986,-1,-1,-1
35,3,1157.979,230.186,324.942,223.314,0.997,-1,-1,-1
36,1,692.091,151.684,152.634,126.439,0.991,-1,-1,-1
36,3,1143.989,225.194,317.278,225.993,0.997,-1,-1,-1
37,1,684.723,149.079,149.802,123.629,0.993,-1,-1,-1
37,3,1127.343,222.145,318.576,221.402,0.996,-1,-1,-1
38,1,677.694,148.758,147.179,121.829,0.994,-1,-1,-1
38,3,1104.869,218.434,318.543,220.613,0.997,-1,-1,-1
39,1,668.815,146.812,146.728,120.042,0.993,-1,-1,-1
39,3,1075.987,213.848,326.249,222.484,0.997,-1,-1,-1
40,1,662.677,144.911,144.234,119.922,0.992,-1,-1,-1
40,3,1072.740,207.664,307.437,225.384,0.997,-1,-1,-1
41,1,655.865,143.709,142.983,118.183,0.991,-1,-1,-1
41,3,1066.527,206.258,292.527,221.298,0.997,-1,-1,-1
42,1,648.933,141.678,139.534,117.650,0.989,-1,-1,-1
42,3,1051.041,203.734,290.392,216.017,0.998,-1,-1,-1
43,1,638.254,140.497,141.442,117.180,0.983,-1,-1,-1
43,3,1044.006,201.831,277.584,211.564,0.997,-1,-1,-1
44,1,630.855,139.297,139.116,116.435,0.982,-1,-1,-1
44,3,1032.514,198.174,273.451,211.067,0.998,-1,-1,-1
45,1,622.507,135.664,139.934,118.432,0.984,-1,-1,-1
45,3,1021.104,200.370,268.225,205.680,0.998,-1,-1,-1
46,1,616.405,135.025,135.373,116.225,0.978,-1,-1,-1
46,3,1008.809,195.459,260.280,204.225,0.997,-1,-1,-1
47,1,608.288,133.243,135.302,115.993,0.977,-1,-1,-1
47,3,992.532,193.240,261.884,197.043,0.996,-1,-1,-1
48,1,601.317,129.875,135.885,117.650,0.970,-1,-1,-1
48,3,978.542,178.510,266.138,209.380,0.997,-1,-1,-1
49,1,593.992,127.876,135.253,115.676,0.975,-1,-1,-1
49,3,966.707,175.675,270.961,210.555,0.989,-1,-1,-1
50,1,588.776,127.311,133.906,113.119,0.958,-1,-1,-1
50,3,951.512,171.918,272.654,208.791,0.991,-1,-1,-1
51,1,582.153,125.487,134.357,112.777,0.955,-1,-1,-1
51,3,942.062,169.834,259.959,206.107,0.990,-1,-1,-1
52,1,575.366,120.706,134.679,115.112,0.896,-1,-1,-1
52,3,927.890,171.098,263.849,196.158,0.995,-1,-1,-1
53,1,569.208,119.310,132.259,113.874,0.862,-1,-1,-1
53,3,920.098,168.842,318.983,192.854,0.995,-1,-1,-1
54,1,562.391,116.032,132.127,114.477,0.901,-1,-1,-1
54,3,910.388,170.512,320.249,187.134,0.995,-1,-1,-1
55,1,555.798,116.287,132.617,112.344,0.914,-1,-1,-1
55,3,898.480,166.396,334.576,186.213,0.995,-1,-1,-1
56,1,551.068,115.983,131.118,110.939,0.890,-1,-1,-1
56,3,889.301,168.493,342.151,180.393,0.987,-1,-1,-1
57,1,545.597,113.466,130.658,110.585,0.872,-1,-1,-1
57,3,875.637,165.780,265.792,178.061,0.991,-1,-1,-1
57,7,1537.985,362.966,379.382,236.970,0.740,-1,-1,-1
58,1,540.640,112.783,130.829,109.274,0.859,-1,-1,-1
58,3,864.975,164.580,239.093,175.588,0.997,-1,-1,-1
58,7,1500.354,349.629,394.621,230.090,0.939,-1,-1,-1
59,1,535.336,113.183,128.650,107.840,0.787,-1,-1,-1
59,3,855.018,161.500,237.247,177.468,0.997,-1,-1,-1
59,7,1468.202,338.195,388.286,223.874,0.975,-1,-1,-1
60,1,530.121,114.376,126.766,105.613,0.834,-1,-1,-1
60,3,845.526,160.004,231.438,176.232,0.998,-1,-1,-1
60,7,1432.645,328.499,373.636,224.186,0.996,-1,-1,-1
61,1,522.537,111.469,128.463,106.712,0.817,-1,-1,-1
61,3,838.241,160.921,232.325,172.282,0.998,-1,-1,-1
61,7,1397.920,324.698,360.152,218.018,0.994,-1,-1,-1
62,1,516.464,108.944,128.337,106.731,0.819,-1,-1,-1
62,3,824.826,159.324,226.613,168.990,0.996,-1,-1,-1
62,7,1370.123,315.745,344.373,211.541,0.997,-1,-1,-1
63,1,512.436,108.249,125.811,105.857,0.851,-1,-1,-1
63,3,818.904,160.383,220.093,165.343,0.996,-1,-1,-1
63,7,1339.830,307.272,334.212,209.520,0.997,-1,-1,-1
64,1,507.688,106.633,127.161,105.843,0.831,-1,-1,-1
64,3,808.569,157.948,220.434,166.216,0.992,-1,-1,-1
64,7,1313.888,299.605,323.639,206.509,0.998,-1,-1,-1
65,1,502.872,104.638,126.999,106.046,0.733,-1,-1,-1
65,3,799.582,161.069,214.645,161.692,0.993,-1,-1,-1
65,7,1280.479,291.793,316.733,203.545,0.997,-1,-1,-1
66,1,499.345,105.832,125.292,102.469,0.620,-1,-1,-1
66,3,791.169,161.482,213.899,159.500,0.995,-1,-1,-1
66,7,1250.739,283.686,313.361,199.354,0.996,-1,-1,-1
67,1,495.353,105.790,123.450,101.794,0.674,-1,-1,-1
67,3,779.747,160.604,217.533,157.451,0.997,-1,-1,-1
67,7,1229.863,279.156,293.606,192.334,0.994,-1,-1,-1
68,1,489.487,103.963,123.273,101.709,0.604,-1,-1,-1
68,3,774.043,159.549,214.655,156.065,0.996,-1,-1,-1
68,7,1199.564,274.672,288.840,187.205,0.991,-1,-1,-1
69,1,485.455,102.994,123.273,101.709,0.604,-1,-1,-1
69,3,765.432,157.213,212.643,155.367,0.996,-1,-1,-1
69,7,1177.038,268.170,281.267,186.868,0.995,-1,-1,-1
70,1,482.400,102.380,123.273,101.709,0.604,-1,-1,-1
70,3,757.419,156.498,214.078,154.451,0.996,-1,-1,-1
70,7,1154.690,263.826,280.071,184.547,0.994,-1,-1,-1
71,1,480.220,101.871,123.273,101.709,0.604,-1,-1,-1
71,3,749.745,157.385,210.656,150.629,0.997,-1,-1,-1
71,7,1127.031,258.660,277.220,181.416,0.995,-1,-1,-1
72,1,479.013,101.396,123.273,101.709,0.604,-1,-1,-1
72,3,740.679,154.778,209.986,151.073,0.997,-1,-1,-1
72,7,1094.214,253.853,282.261,180.415,0.996,-1,-1,-1
73,1,465.188,94.291,123.023,104.529,0.599,-1,-1,-1
73,3,735.397,156.025,206.728,148.234,0.997,-1,-1,-1
73,7,1085.188,250.220,261.574,178.658,0.982,-1,-1,-1
74,1,462.090,93.582,122.179,104.703,0.607,-1,-1,-1
74,3,728.628,155.884,204.026,145.868,0.996,-1,-1,-1
74,7,1072.848,244.338,247.998,176.889,0.977,-1,-1,-1
75,1,457.910,91.150,122.973,105.484,0.661,-1,-1,-1
75,3,719.779,152.825,204.466,145.475,0.995,-1,-1,-1
75,7,1059.031,237.805,239.856,175.281,0.915,-1,-1,-1
76,1,453.644,89.400,122.973,105.484,0.661,-1,-1,-1
76,3,713.669,149.315,200.358,145.184,0.997,-1,-1,-1
76,7,1033.952,235.117,240.949,175.536,0.978,-1,-1,-1
77,1,449.379,87.653,122.973,105.484,0.661,-1,-1,-1
77,3,707.823,147.042,200.953,145.485,0.996,-1,-1,-1
77,7,1021.238,230.678,230.812,171.515,0.795,-1,-1,-1
78,1,447.901,87.027,122.973,105.484,0.661,-1,-1,-1
78,3,699.664,146.554,198.429,144.900,0.994,-1,-1,-1
78,7,997.853,231.255,233.178,164.940,0.619,-1,-1,-1
79,1,447.123,86.515,122.973,105.484,0.661,-1,-1,-1
79,3,695.128,142.861,194.529,145.721,0.988,-1,-1,-1
79,7,981.117,226.848,233.648,163.681,0.811,-1,-1,-1
80,3,690.372,142.879,193.275,145.603,0.991,-1,-1,-1
80,7,962.339,221.985,229.216,161.596,0.910,-1,-1,-1
81,3,683.536,134.957,195.394,149.627,0.992,-1,-1,-1
81,7,949.681,218.612,227.965,152.869,0.862,-1,-1,-1
82,3,678.126,138.195,192.736,145.325,0.992,-1,-1,-1
82,7,934.007,211.989,224.118,151.503,0.978,-1,-1,-1
83,3,673.310,131.242,192.416,150.166,0.994,-1,-1,-1
83,7,922.309,208.599,215.918,148.365,0.987,-1,-1,-1
84,3,668.512,131.658,192.168,147.650,0.993,-1,-1,-1
84,7,910.024,206.344,216.109,144.588,0.978,-1,-1,-1
85,3,665.082,128.399,186.139,147.970,0.991,-1,-1,-1
85,7,896.376,203.345,206.821,143.444,0.986,-1,-1,-1
85,11,1081.907,189.913,179.146,139.669,0.751,-1,-1,-1
86,3,661.625,129.963,183.127,145.986,0.991,-1,-1,-1
86,7,883.385,201.230,203.488,140.959,0.992,-1,-1,-1
86,11,1080.810,188.953,179.762,139.918,0.752,-1,-1,-1
87,3,658.049,131.766,181.168,143.387,0.990,-1,-1,-1
87,7,872.681,199.738,199.773,139.040,0.993,-1,-1,-1
87,11,1077.569,190.148,182.000,139.228,0.847,-1,-1,-1
88,3,656.218,134.753,177.954,139.768,0.991,-1,-1,-1
88,7,863.237,195.187,195.326,140.065,0.994,-1,-1,-1
88,11,1071.695,189.097,187.954,140.557,0.911,-1,-1,-1
89,3,654.392,133.956,176.125,139.523,0.990,-1,-1,-1
89,7,851.509,190.615,193.316,139.742,0.993,-1,-1,-1
89,11,1069.321,187.890,190.717,141.547,0.917,-1,-1,-1
90,3,652.240,136.932,172.270,135.573,0.989,-1,-1,-1
90,7,841.025,187.821,192.703,139.789,0.989,-1,-1,-1
90,11,1066.004,189.055,194.300,140.682,0.968,-1,-1,-1
91,3,651.247,138.158,168.305,134.577,0.988,-1,-1,-1
91,7,830.635,186.026,190.308,139.512,0.989,-1,-1,-1
91,11,1065.196,190.728,194.319,140.090,0.975,-1,-1,-1
92,3,651.506,137.299,165.286,134.976,0.981,-1,-1,-1
92,7,817.722,185.629,194.018,138.323,0.977,-1,-1,-1
92,11,1064.860,190.811,194.492,139.871,0.977,-1,-1,-1
93,3,652.463,137.703,159.820,133.403,0.980,-1,-1,-1
93,7,812.202,184.612,187.912,137.368,0.986,-1,-1,-1
93,11,1066.367,191.119,192.977,139.566,0.972,-1,-1,-1
94,3,652.582,136.270,157.239,132.385,0.981,-1,-1,-1
94,7,804.131,181.515,187.437,137.566,0.989,-1,-1,-1
94,11,1066.816,191.129,192.339,139.441,0.979,-1,-1,-1
95,3,652.832,137.646,155.713,130.802,0.983,-1,-1,-1
95,7,795.394,181.194,185.332,135.492,0.980,-1,-1,-1
95,11,1065.675,189.820,194.249,139.706,0.979,-1,-1,-1
96,3,655.350,139.428,151.170,127.427,0.980,-1,-1,-1
96,7,786.467,178.680,188.778,135.075,0.989,-1,-1,-1
96,11,1065.280,190.242,193.951,139.480,0.981,-1,-1,-1
97,3,656.146,139.063,151.332,128.122,0.974,-1,-1,-1
97,7,784.466,176.866,180.275,135.130,0.977,-1,-1,-1
97,11,1066.107,189.270,193.184,140.287,0.980,-1,-1,-1
98,3,656.592,139.885,149.942,126.967,0.969,-1,-1,-1
98,7,772.773,173.874,181.715,135.271,0.984,-1,-1,-1
98,11,1068.332,188.990,189.909,140.437,0.950,-1,-1,-1
99,3,656.951,137.976,150.073,126.772,0.963,-1,-1,-1
99,7,766.893,173.535,180.908,134.290,0.987,-1,-1,-1
99,11,1067.781,189.617,191.657,139.340,0.977,-1,-1,-1
100,3,657.829,135.588,156.089,130.580,0.931,-1,-1,-1
100,7,757.428,171.154,184.567,134.387,0.972,-1,-1,-1
100,11,1066.017,189.825,193.764,139.726,0.971,-1,-1,-1
101,3,659.528,135.830,147.578,128.189,0.929,-1,-1,-1
101,7,746.895,170.202,182.492,133.591,0.985,-1,-1,-1
101,11,1065.412,189.802,194.055,139.752,0.965,-1,-1,-1
102,3,662.324,136.604,146.684,126.890,0.685,-1,-1,-1
102,7,742.032,172.549,179.745,130.730,0.975,-1,-1,-1
102,11,1065.564,191.228,194.030,139.071,0.966,-1,-1,-1
103,3,663.240,135.867,146.684,126.890,0.685,-1,-1,-1
103,7,736.728,171.403,177.184,130.015,0.989,-1,-1,-1
103,11,1067.224,191.551,192.785,138.202,0.970,-1,-1,-1
104,3,728.963,169.812,177.353,129.678,0.960,-1,-1,-1
104,7,729.295,170.164,177.184,130.015,0.989,-1,-1,-1
104,11,1066.776,191.149,192.962,138.160,0.959,-1,-1,-1
105,3,727.026,166.705,173.878,131.744,0.962,-1,-1,-1
105,7,722.503,169.242,177.184,130.015,0.989,-1,-1,-1
105,11,1066.458,191.084,192.453,137.999,0.969,-1,-1,-1
106,3,715.685,162.972,180.714,131.913,0.974,-1,-1,-1
106,7,717.041,168.324,177.184,130.015,0.989,-1,-1,-1
106,11,1067.200,190.746,192.148,137.884,0.967,-1,-1,-1
107,3,707.054,161.414,182.282,131.042,0.966,-1,-1,-1
107,7,712.378,166.961,177.184,130.015,0.989,-1,-1,-1
107,11,1067.668,188.344,191.532,139.596,0.962,-1,-1,-1
107,12,1595.302,368.501,323.299,236.604,0.529,-1,-1,-1
108,3,700.573,153.219,185.508,137.176,0.938,-1,-1,-1
108,11,1066.172,188.185,193.411,139.851,0.957,-1,-1,-1
108,12,1567.918,362.000,349.311,230.060,0.920,-1,-1,-1
109,3,697.235,157.916,181.834,130.772,0.924,-1,-1,-1
109,11,1067.894,188.536,191.546,139.659,0.954,-1,-1,-1
109,12,1532.734,355.385,375.379,221.962,0.963,-1,-1,-1
110,3,692.952,161.098,174.010,126.384,0.930,-1,-1,-1
110,11,1067.955,188.540,191.768,139.051,0.951,-1,-1,-1
110,12,1507.686,348.925,374.534,218.607,0.986,-1,-1,-1
111,3,684.279,158.092,172.810,126.543,0.886,-1,-1,-1
111,11,1067.790,189.745,192.006,139.165,0.952,-1,-1,-1
111,12,1482.200,340.248,366.683,217.367,0.994,-1,-1,-1
112,3,677.160,158.258,175.701,125.535,0.870,-1,-1,-1
112,11,1066.911,190.962,192.582,137.948,0.951,-1,-1,-1
112,12,1450.941,332.895,366.091,216.686,0.996,-1,-1,-1
113,3,671.825,156.247,171.390,124.333,0.913,-1,-1,-1
113,11,1068.256,190.755,191.212,138.498,0.953,-1,-1,-1
113,12,1424.782,326.628,357.150,213.568,0.997,-1,-1,-1
114,3,664.256,156.429,170.109,122.616,0.949,-1,-1,-1
114,11,1067.934,190.117,191.090,139.572,0.957,-1,-1,-1
114,12,1399.394,326.179,347.570,204.878,0.998,-1,-1,-1
115,3,657.224,155.685,168.160,122.357,0.891,-1,-1,-1
115,11,1067.830,190.664,191.495,139.007,0.941,-1,-1,-1
115,12,1372.726,320.334,339.801,201.808,0.998,-1,-1,-1
116,3,647.393,151.709,167.123,122.592,0.964,-1,-1,-1
116,11,1068.301,190.835,190.675,139.092,0.882,-1,-1,-1
116,12,1352.090,312.611,327.728,202.559,0.998,-1,-1,-1
117,3,640.325,149.788,169.551,124.099,0.951,-1,-1,-1
117,11,1068.259,191.277,191.138,138.808,0.844,-1,-1,-1
117,12,1326.575,305.302,325.041,200.778,0.998,-1,-1,-1
118,3,634.425,149.200,166.964,121.890,0.976,-1,-1,-1
118,11,1066.316,190.045,193.759,139.158,0.955,-1,-1,-1
118,12,1308.850,301.397,310.770,197.524,0.998,-1,-1,-1
119,3,624.697,148.602,166.311,119.895,0.951,-1,-1,-1
119,11,1066.990,188.231,193.133,139.852,0.956,-1,-1,-1
119,12,1280.703,295.412,310.197,193.792,0.999,-1,-1,-1
120,3,618.952,149.256,161.196,118.715,0.954,-1,-1,-1
120,11,1065.408,189.647,195.622,139.634,0.950,-1,-1,-1
120,12,1255.986,289.803,309.227,193.707,0.998,-1,-1,-1
121,3,612.747,148.477,158.744,119.873,0.962,-1,-1,-1
121,11,1066.011,190.280,196.105,139.564,0.928,-1,-1,-1
121,12,1236.894,284.692,294.931,189.140,0.996,-1,-1,-1
122,3,605.394,147.188,157.727,118.311,0.970,-1,-1,-1
122,11,1065.907,190.416,196.181,139.794,0.894,-1,-1,-1
122,12,1214.307,280.330,288.387,186.048,0.997,-1,-1,-1
123,3,600.988,145.043,155.123,118.367,0.975,-1,-1,-1
123,11,1064.955,190.503,197.611,139.762,0.815,-1,-1,-1
123,12,1196.193,279.269,279.729,182.577,0.995,-1,-1,-1
124,3,597.549,144.420,152.398,118.270,0.965,-1,-1,-1
124,11,1065.278,190.700,196.452,138.522,0.734,-1,-1,-1
124,12,1176.144,275.290,276.394,180.696,0.995,-1,-1,-1
125,3,592.926,143.222,148.180,115.506,0.957,-1,-1,-1
125,11,1065.331,190.763,196.452,138.522,0.734,-1,-1,-1
125,12,1158.574,270.071,273.586,181.573,0.995,-1,-1,-1
126,3,588.132,140.864,147.434,115.828,0.957,-1,-1,-1
126,11,1065.200,190.721,196.452,138.522,0.734,-1,-1,-1
126,12,1147.892,264.422,262.148,180.666,0.994,-1,-1,-1
127,3,582.710,139.638,146.701,115.130,0.950,-1,-1,-1
127,11,1065.071,190.566,196.452,138.522,0.734,-1,-1,-1
127,12,1124.160,259.921,262.324,178.764,0.995,-1,-1,-1
128,3,579.619,136.760,145.074,115.003,0.968,-1,-1,-1
128,11,1103.385,256.818,257.572,177.210,0.989,-1,-1,-1
128,12,1104.603,254.866,262.324,178.764,0.995,-1,-1,-1
129,3,575.274,136.143,144.978,114.519,0.969,-1,-1,-1
129,11,1091.494,254.381,247.858,175.453,0.978,-1,-1,-1
129,12,1088.573,250.524,262.324,178.764,0.995,-1,-1,-1
130,3,571.781,134.679,143.635,114.293,0.974,-1,-1,-1
130,11,1081.727,250.852,234.232,174.035,0.982,-1,-1,-1
130,12,1076.184,246.924,262.324,178.764,0.995,-1,-1,-1
131,3,567.717,133.490,143.346,113.549,0.964,-1,-1,-1
131,11,1065.891,244.847,231.970,174.189,0.985,-1,-1,-1
131,12,1067.010,244.443,262.324,178.764,0.995,-1,-1,-1
132,3,566.637,134.358,141.702,111.535,0.947,-1,-1,-1
132,11,1054.139,245.764,225.248,166.526,0.986,-1,-1,-1
133,3,564.883,132.101,138.666,111.156,0.958,-1,-1,-1
133,11,1038.518,243.585,224.559,163.226,0.936,-1,-1,-1
134,3,561.950,129.066,137.767,112.188,0.948,-1,-1,-1
134,11,1022.014,237.942,223.582,165.035,0.841,-1,-1,-1
135,3,557.168,128.656,138.125,111.456,0.951,-1,-1,-1
135,11,1001.527,234.080,227.000,164.415,0.858,-1,-1,-1
136,3,553.345,125.554,137.838,113.008,0.950,-1,-1,-1
136,11,989.420,232.700,224.786,162.109,0.938,-1,-1,-1
137,3,549.180,123.385,138.060,112.175,0.940,-1,-1,-1
137,11,977.868,228.107,220.379,158.217,0.968,-1,-1,-1
138,3,545.535,123.384,138.164,109.779,0.868,-1,-1,-1
138,11,960.749,222.972,221.286,161.314,0.971,-1,-1,-1
139,3,543.247,121.929,138.328,110.212,0.788,-1,-1,-1
139,11,941.810,218.652,229.044,151.092,0.986,-1,-1,-1
140,3,540.583,120.162,137.236,110.880,0.785,-1,-1,-1
140,11,934.211,211.893,220.345,152.879,0.995,-1,-1,-1
141,3,535.989,120.059,136.777,107.940,0.849,-1,-1,-1
141,11,924.200,212.617,212.262,146.769,0.993,-1,-1,-1
142,3,530.847,119.333,134.675,106.441,0.853,-1,-1,-1
142,11,910.819,211.598,208.877,142.366,0.996,-1,-1,-1
142,14,1090.205,193.084,170.607,139.489,0.654,-1,-1,-1
143,3,526.406,118.064,133.979,105.770,0.818,-1,-1,-1
143,11,898.833,208.878,201.249,142.397,0.997,-1,-1,-1
143,14,1084.786,193.803,176.429,137.890,0.678,-1,-1,-1
144,3,522.107,118.675,134.087,105.210,0.761,-1,-1,-1
144,11,884.878,207.107,202.423,141.528,0.997,-1,-1,-1
144,14,1074.132,194.696,185.654,137.414,0.910,-1,-1,-1
145,3,516.239,118.899,135.375,104.112,0.801,-1,-1,-1
145,11,873.601,206.796,200.505,138.996,0.997,-1,-1,-1
145,14,1070.855,195.802,189.978,136.424,0.934,-1,-1,-1
146,3,512.464,116.175,135.342,104.542,0.769,-1,-1,-1
146,11,860.661,202.668,197.233,139.154,0.997,-1,-1,-1
146,14,1066.333,194.632,195.325,137.233,0.952,-1,-1,-1
147,3,508.235,115.620,135.775,104.121,0.588,-1,-1,-1
147,11,851.309,200.064,191.962,138.243,0.997,-1,-1,-1
147,14,1065.299,193.096,194.896,138.869,0.977,-1,-1,-1
148,3,504.771,114.942,135.775,104.121,0.588,-1,-1,-1
148,11,838.487,197.777,191.167,136.980,0.997,-1,-1,-1
148,14,1064.486,192.625,195.659,138.864,0.965,-1,-1,-1
149,3,500.857,107.499,134.749,106.782,0.745,-1,-1,-1
149,11,824.623,195.218,192.301,136.369,0.996,-1,-1,-1
149,14,1064.812,193.068,195.647,137.744,0.965,-1,-1,-1
150,3,497.653,107.394,133.881,103.981,0.621,-1,-1,-1
150,11,814.034,191.892,191.666,135.837,0.997,-1,-1,-1
150,14,1063.750,192.925,197.198,137.415,0.964,-1,-1,-1
151,3,493.882,106.169,134.107,103.048,0.583,-1,-1,-1
151,11,803.844,188.600,188.874,136.404,0.997,-1,-1,-1
151,14,1064.620,190.321,195.912,139.822,0.963,-1,-1,-1
152,3,489.030,106.047,131.822,101.277,0.695,-1,-1,-1
152,11,791.314,186.563,188.312,135.186,0.996,-1,-1,-1
152,14,1065.437,189.716,195.091,139.760,0.965,-1,-1,-1
153,3,486.204,104.488,130.252,100.391,0.729,-1,-1,-1
153,11,781.652,184.697,186.483,133.988,0.997,-1,-1,-1
153,14,1066.495,190.592,192.626,139.148,0.979,-1,-1,-1
154,3,483.050,105.077,127.935,98.971,0.553,-1,-1,-1
154,11,773.549,183.157,180.135,133.159,0.997,-1,-1,-1
154,14,1066.803,190.138,192.289,139.691,0.979,-1,-1,-1
155,3,479.522,104.058,127.935,98.971,0.553,-1,-1,-1
155,11,762.312,181.603,180.467,132.024,0.997,-1,-1,-1
155,14,1066.292,190.577,193.170,139.246,0.981,-1,-1,-1
156,3,476.724,103.345,127.935,98.971,0.553,-1,-1,-1
156,11,754.507,180.949,177.945,131.783,0.997,-1,-1,-1
156,14,1066.115,192.399,193.208,138.030,0.980,-1,-1,-1
157,3,475.114,102.802,127.935,98.971,0.553,-1,-1,-1
157,11,745.869,178.317,173.918,131.450,0.995,-1,-1,-1
157,14,1067.732,192.769,192.144,138.030,0.976,-1,-1,-1
158,3,474.218,102.635,127.935,98.971,0.553,-1,-1,-1
158,11,735.551,176.669,174.165,130.534,0.995,-1,-1,-1
158,14,1067.261,193.108,192.416,137.710,0.974,-1,-1,-1
159,3,461.970,94.744,128.422,103.124,0.549,-1,-1,-1
159,11,726.537,175.357,172.877,128.539,0.995,-1,-1,-1
159,14,1067.044,193.153,192.558,137.874,0.977,-1,-1,-1
160,3,459.541,93.452,128.422,103.124,0.549,-1,-1,-1
160,11,720.858,172.412,170.566,128.793,0.996,-1,-1,-1
160,14,1067.128,192.059,192.871,138.763,0.973,-1,-1,-1
161,3,457.106,92.153,128.422,103.124,0.549,-1,-1,-1
161,11,715.267,169.284,168.164,128.179,0.997,-1,-1,-1
161,14,1066.496,190.792,192.817,139.017,0.975,-1,-1,-1
162,3,454.672,90.857,128.422,103.124,0.549,-1,-1,-1
162,11,710.393,168.005,166.534,127.027,0.996,-1,-1,-1
162,14,1065.723,190.743,193.805,138.938,0.963,-1,-1,-1
163,3,452.242,89.530,128.422,103.124,0.549,-1,-1,-1
163,11,705.357,164.382,163.404,126.855,0.993,-1,-1,-1
163,14,1064.360,189.464,195.667,141.403,0.744,-1,-1,-1
164,11,699.230,163.692,161.133,125.066,0.996,-1,-1,-1
164,14,1066.245,190.643,192.485,138.965,0.937,-1,-1,-1
165,11,693.182,162.248,159.548,124.874,0.995,-1,-1,-1
165,14,1066.866,191.550,191.968,138.492,0.967,-1,-1,-1
166,11,686.732,159.108,158.327,125.628,0.994,-1,-1,-1
166,14,1065.730,191.323,193.011,138.837,0.971,-1,-1,-1
167,11,682.263,157.784,157.107,123.640,0.993,-1,-1,-1
167,14,1065.595,191.967,192.498,138.173,0.968,-1,-1,-1
168,11,679.196,158.717,154.779,121.376,0.993,-1,-1,-1
168,14,1065.883,192.327,192.211,138.399,0.972,-1,-1,-1
169,11,675.744,157.494,150.952,120.656,0.995,-1,-1,-1
169,14,1066.768,192.583,192.012,137.620,0.974,-1,-1,-1
170,11,670.757,154.659,150.022,121.072,0.995,-1,-1,-1
170,14,1066.785,191.862,191.902,138.184,0.975,-1,-1,-1
171,11,666.562,154.293,148.340,118.483,0.995,-1,-1,-1
171,14,1066.411,190.758,192.525,139.109,0.976,-1,-1,-1
172,11,661.668,150.278,147.817,117.804,0.994,-1,-1,-1
172,14,1065.495,189.372,193.474,139.636,0.970,-1,-1,-1
173,11,657.492,148.445,146.152,117.475,0.995,-1,-1,-1
173,14,1066.726,189.840,192.184,139.079,0.968,-1,-1,-1
174,11,653.473,146.922,145.149,117.019,0.995,-1,-1,-1
174,14,1067.603,190.068,191.546,138.980,0.968,-1,-1,-1
175,11,648.451,146.236,144.176,116.453,0.994,-1,-1,-1
175,14,1068.188,190.130,191.302,138.833,0.957,-1,-1,-1
176,11,641.183,144.766,144.463,116.203,0.993,-1,-1,-1
176,14,1069.133,190.567,189.836,139.275,0.964,-1,-1,-1
177,11,634.126,144.551,144.193,114.764,0.992,-1,-1,-1
177,14,1069.128,192.539,189.534,137.493,0.970,-1,-1,-1
178,11,627.458,143.357,144.619,113.390,0.990,-1,-1,-1
178,14,1069.666,192.968,188.687,137.171,0.971,-1,-1,-1
179,11,622.741,142.891,143.595,113.832,0.988,-1,-1,-1
179,14,1068.407,193.016,190.046,137.266,0.974,-1,-1,-1
180,11,616.509,142.268,141.369,112.247,0.987,-1,-1,-1
180,14,1068.800,193.318,190.009,137.122,0.972,-1,-1,-1
180,19,314.228,82.886,139.765,118.206,0.591,-1,-1,-1
181,11,611.077,140.457,139.381,112.784,0.985,-1,-1,-1
181,14,1067.498,193.828,191.346,136.427,0.964,-1,-1,-1
181,19,319.657,83.820,138.553,117.139,0.717,-1,-1,-1
182,11,607.289,139.469,138.810,111.753,0.982,-1,-1,-1
182,14,1066.981,192.742,191.847,137.102,0.971,-1,-1,-1
182,19,323.932,85.277,137.345,117.139,0.855,-1,-1,-1
183,11,601.437,137.406,140.396,111.960,0.980,-1,-1,-1
183,14,1067.366,191.842,191.626,137.399,0.966,-1,-1,-1
183,19,328.492,86.404,139.253,117.481,0.866,-1,-1,-1
184,11,597.209,134.186,139.155,112.412,0.981,-1,-1,-1
184,14,1068.714,190.360,191.381,138.178,0.920,-1,-1,-1
184,19,332.613,85.950,138.401,119.743,0.900,-1,-1,-1
185,11,593.216,131.444,136.878,112.520,0.977,-1,-1,-1
185,14,1069.395,189.740,190.280,138.376,0.958,-1,-1,-1
185,19,336.884,85.051,140.143,123.059,0.915,-1,-1,-1
186,11,586.980,128.894,138.768,114.112,0.972,-1,-1,-1
186,14,1068.209,190.301,191.877,138.198,0.964,-1,-1,-1
186,19,342.859,85.649,140.834,124.377,0.895,-1,-1,-1
187,11,580.913,126.643,139.488,114.096,0.976,-1,-1,-1
187,14,1068.699,190.869,190.856,138.054,0.965,-1,-1,-1
187,19,347.822,87.838,140.545,123.620,0.913,-1,-1,-1
188,11,576.805,127.206,138.828,112.230,0.972,-1,-1,-1
188,14,1068.562,191.226,191.167,138.120,0.965,-1,-1,-1
188,19,351.507,89.986,143.025,125.263,0.918,-1,-1,-1
189,11,573.156,127.216,136.480,111.730,0.967,-1,-1,-1
189,14,1067.630,192.600,191.846,137.206,0.969,-1,-1,-1
189,19,356.906,94.529,145.017,125.746,0.922,-1,-1,-1
190,11,567.897,126.059,136.828,111.728,0.969,-1,-1,-1
190,14,1067.614,192.824,191.745,137.003,0.968,-1,-1,-1
190,19,363.374,98.633,144.682,124.422,0.965,-1,-1,-1
191,11,565.057,125.790,134.143,110.132,0.946,-1,-1,-1
191,14,1068.194,192.989,191.177,136.983,0.959,-1,-1,-1
191,19,366.875,100.403,144.797,123.520,0.934,-1,-1,-1
192,11,561.743,124.803,133.319,109.731,0.952,-1,-1,-1
192,14,1068.299,193.181,190.898,136.905,0.957,-1,-1,-1
192,19,372.193,105.246,146.700,122.559,0.975,-1,-1,-1
193,11,556.894,123.093,133.633,108.847,0.940,-1,-1,-1
193,14,1068.987,191.556,190.080,137.548,0.955,-1,-1,-1
193,19,377.886,105.271,147.923,123.776,0.972,-1,-1,-1
194,11,552.048,122.240,133.334,107.909,0.921,-1,-1,-1
194,14,1067.152,190.945,192.103,137.846,0.956,-1,-1,-1
194,19,381.347,107.402,150.113,123.872,0.764,-1,-1,-1
195,11,548.730,119.946,131.660,110.050,0.911,-1,-1,-1
195,14,1067.945,190.844,191.202,138.150,0.949,-1,-1,-1
195,19,392.430,108.977,146.582,122.662,0.950,-1,-1,-1
196,11,545.694,119.490,131.919,108.003,0.833,-1,-1,-1
196,14,1069.193,190.434,189.648,138.006,0.951,-1,-1,-1
196,19,398.803,110.544,146.276,121.813,0.949,-1,-1,-1
197,11,542.590,117.279,131.828,108.329,0.651,-1,-1,-1
197,14,1069.262,190.032,189.720,138.474,0.953,-1,-1,-1
197,19,405.257,109.542,147.028,123.531,0.943,-1,-1,-1
198,11,539.546,116.084,131.828,108.329,0.651,-1,-1,-1
198,14,1069.433,191.541,189.329,137.836,0.967,-1,-1,-1
198,19,412.288,113.484,150.067,124.033,0.965,-1,-1,-1
199,11,537.497,115.154,131.828,108.329,0.651,-1,-1,-1
199,14,1069.883,192.384,188.667,137.551,0.969,-1,-1,-1
199,19,417.308,115.330,150.477,125.528,0.963,-1,-1,-1
200,11,536.279,114.471,131.828,108.329,0.651,-1,-1,-1
200,14,1068.257,192.753,190.460,137.317,0.977,-1,-1,-1
200,19,421.658,116.013,152.130,126.226,0.974,-1,-1,-1
201,11,535.650,114.091,131.828,108.329,0.651,-1,-1,-1
201,14,1067.609,192.599,191.767,137.840,0.971,-1,-1,-1
201,19,427.460,120.953,154.208,127.193,0.984,-1,-1,-1
202,14,1067.568,193.016,191.961,137.462,0.972,-1,-1,-1
202,19,433.634,123.661,153.269,127.953,0.987,-1,-1,-1
203,14,1069.224,193.322,189.797,137.301,0.967,-1,-1,-1
203,19,441.862,125.404,153.501,128.585,0.990,-1,-1,-1
204,14,1070.315,193.215,188.870,137.110,0.963,-1,-1,-1
204,19,444.889,127.766,157.987,127.915,0.987,-1,-1,-1
205,14,1070.065,190.831,189.139,138.040,0.965,-1,-1,-1
205,19,452.454,127.669,159.221,130.366,0.991,-1,-1,-1
206,14,1068.610,189.765,191.085,139.148,0.962,-1,-1,-1
206,19,459.768,127.395,163.514,134.070,0.995,-1,-1,-1
207,14,1066.790,188.850,192.542,139.924,0.968,-1,-1,-1
207,19,466.960,127.185,162.288,135.100,0.993,-1,-1,-1
208,14,1066.573,188.908,192.825,139.857,0.968,-1,-1,-1
208,19,475.048,126.901,165.191,140.150,0.990,-1,-1,-1
209,14,1066.932,189.649,192.589,139.159,0.968,-1,-1,-1
209,19,479.511,127.010,170.533,144.987,0.991,-1,-1,-1
210,14,1066.179,191.288,193.072,138.731,0.969,-1,-1,-1
210,19,486.775,128.328,174.838,147.570,0.992,-1,-1,-1
211,14,1066.671,191.686,192.643,138.270,0.966,-1,-1,-1
211,19,494.143,132.072,176.636,148.182,0.992,-1,-1,-1
212,14,1066.302,191.790,192.973,138.000,0.968,-1,-1,-1
212,19,502.868,138.841,178.814,144.585,0.993,-1,-1,-1
213,14,1065.890,191.947,193.392,137.867,0.968,-1,-1,-1
213,19,511.813,144.429,179.778,144.475,0.984,-1,-1,-1
214,14,1065.903,191.443,193.147,138.191,0.970,-1,-1,-1
214,19,520.709,145.161,182.404,147.106,0.993,-1,-1,-1
215,14,1066.458,190.781,192.852,138.392,0.971,-1,-1,-1
215,19,525.526,147.008,186.826,149.366,0.993,-1,-1,-1
216,14,1066.783,190.263,193.010,138.911,0.969,-1,-1,-1
216,19,536.273,149.759,188.667,151.874,0.994,-1,-1,-1
217,14,1069.340,190.683,190.231,138.559,0.958,-1,-1,-1
217,19,544.734,152.727,190.696,153.283,0.995,-1,-1,-1
218,14,1068.440,190.417,191.225,138.840,0.961,-1,-1,-1
218,19,556.436,154.853,192.372,154.871,0.996,-1,-1,-1
219,14,1067.793,190.955,192.072,138.584,0.960,-1,-1,-1
219,19,565.325,158.359,197.008,157.893,0.996,-1,-1,-1
220,14,1066.920,191.204,193.190,138.475,0.962,-1,-1,-1
220,19,575.426,161.400,200.245,160.967,0.996,-1,-1,-1
221,14,1066.929,191.906,193.124,138.269,0.963,-1,-1,-1
221,19,585.216,163.885,201.849,162.717,0.998,-1,-1,-1
222,14,1066.793,192.091,193.235,138.625,0.963,-1,-1,-1
222,19,597.627,167.067,204.644,164.859,0.998,-1,-1,-1
223,14,1066.621,191.559,193.630,139.228,0.968,-1,-1,-1
223,19,608.859,170.798,208.306,167.155,0.998,-1,-1,-1
224,14,1067.231,192.300,192.632,137.826,0.958,-1,-1,-1
224,19,619.309,172.414,215.132,169.998,0.999,-1,-1,-1
225,14,1067.116,192.049,192.548,138.163,0.959,-1,-1,-1
225,19,630.882,176.878,219.547,172.316,0.998,-1,-1,-1
226,14,1066.647,191.810,193.517,138.410,0.961,-1,-1,-1
226,19,641.077,179.272,227.502,176.151,0.998,-1,-1,-1
227,14,1067.568,190.927,192.319,138.872,0.958,-1,-1,-1
227,19,650.922,182.135,232.322,180.123,0.998,-1,-1,-1
228,14,1068.605,191.549,191.112,138.686,0.957,-1,-1,-1
228,19,663.202,187.427,235.512,181.436,0.998,-1,-1,-1
229,14,1067.015,191.875,192.820,138.618,0.959,-1,-1,-1
229,19,671.573,190.950,242.925,183.437,0.999,-1,-1,-1
230,14,1067.108,191.675,192.771,138.872,0.957,-1,-1,-1
230,19,683.524,193.814,247.061,186.625,0.998,-1,-1,-1
231,14,1066.809,191.509,193.325,139.864,0.954,-1,-1,-1
231,19,697.736,196.868,252.532,192.759,0.998,-1,-1,-1
232,14,1066.314,191.725,193.690,139.721,0.964,-1,-1,-1
232,19,708.167,200.095,261.047,198.773,0.999,-1,-1,-1
233,14,1067.368,192.222,192.014,139.148,0.966,-1,-1,-1
233,19,721.793,203.604,270.149,201.923,0.999,-1,-1,-1
234,14,1066.097,191.800,193.540,138.708,0.961,-1,-1,-1
234,19,736.562,207.562,274.413,206.278,0.999,-1,-1,-1
235,14,1066.375,192.013,193.788,138.870,0.947,-1,-1,-1
235,19,751.695,210.352,280.348,210.983,0.999,-1,-1,-1
236,14,1066.292,192.080,194.271,138.844,0.932,-1,-1,-1
236,19,768.283,212.776,286.214,215.405,0.999,-1,-1,-1
237,14,1069.956,191.359,191.148,139.213,0.822,-1,-1,-1
237,19,786.782,216.448,293.418,219.528,0.999,-1,-1,-1
238,14,1072.104,191.667,189.438,139.437,0.775,-1,-1,-1
238,19,800.570,218.846,296.285,224.336,0.998,-1,-1,-1
239,14,1078.547,191.339,183.418,140.103,0.631,-1,-1,-1
239,19,815.715,225.292,307.954,226.674,0.998,-1,-1,-1
240,14,1080.884,191.345,181.813,141.201,0.538,-1,-1,-1
240,19,830.332,230.212,320.503,231.225,0.999,-1,-1,-1
241,14,1082.559,191.473,181.813,141.201,0.538,-1,-1,-1
241,19,845.694,233.364,317.875,238.468,0.999,-1,-1,-1
242,14,863.859,237.287,318.132,243.554,0.999,-1,-1,-1
242,19,863.449,239.592,317.875,238.468,0.999,-1,-1,-1
243,14,880.119,243.241,328.714,244.618,0.998,-1,-1,-1
243,19,881.846,245.894,317.875,238.468,0.999,-1,-1,-1
244,14,901.712,250.589,331.713,252.443,0.998,-1,-1,-1
244,19,899.932,251.931,317.875,238.468,0.999,-1,-1,-1
245,14,919.324,254.753,338.536,252.685,0.998,-1,-1,-1
245,19,917.980,257.711,317.875,238.468,0.999,-1,-1,-1
246,14,940.358,262.303,350.073,256.728,0.996,-1,-1,-1
247,14,961.610,268.077,357.962,263.231,0.996,-1,-1,-1
248,14,973.642,270.384,374.804,272.733,0.995,-1,-1,-1
249,14,991.599,275.315,388.939,276.979,0.998,-1,-1,-1
250,14,1014.081,280.546,399.968,281.653,0.999,-1,-1,-1
251,14,1033.412,288.644,402.838,285.046,0.999,-1,-1,-1
252,14,1055.125,296.241,413.020,292.841,0.999,-1,-1,-1
253,14,1065.829,304.564,435.472,296.164,0.999,-1,-1,-1
254,14,1085.651,314.479,451.005,299.868,0.998,-1,-1,-1
255,14,1117.549,318.912,460.026,313.054,0.998,-1,-1,-1
256,14,1147.704,327.181,467.607,318.829,0.998,-1,-1,-1
256,23,1056.448,201.241,286.320,208.510,0.921,-1,-1,-1
257,14,1165.090,336.526,484.067,319.020,0.998,-1,-1,-1
257,23,1044.090,200.294,277.405,207.395,0.909,-1,-1,-1
258,14,1210.805,342.082,479.799,326.076,0.999,-1,-1,-1
258,23,1032.963,198.908,269.706,202.340,0.872,-1,-1,-1
259,14,1242.667,352.435,493.367,330.855,0.999,-1,-1,-1
259,23,1018.473,198.457,264.213,197.378,0.949,-1,-1,-1
260,14,1267.346,367.046,506.988,334.728,0.998,-1,-1,-1
260,23,998.031,191.740,263.968,199.072,0.962,-1,-1,-1
261,14,1294.594,373.944,523.247,345.511,0.997,-1,-1,-1
261,23,985.171,189.836,263.312,196.331,0.908,-1,-1,-1
262,14,1318.249,382.218,530.069,351.894,0.995,-1,-1,-1
262,23,964.888,172.425,276.845,206.685,0.976,-1,-1,-1
263,14,1346.710,391.531,511.986,353.784,0.990,-1,-1,-1
263,23,949.124,168.083,273.928,206.306,0.989,-1,-1,-1
264,14,1378.966,396.820,519.401,365.275,0.987,-1,-1,-1
264,23,938.969,169.289,295.208,196.927,0.973,-1,-1,-1
265,14,1411.099,405.125,505.077,378.135,0.967,-1,-1,-1
265,23,928.907,169.176,302.595,191.828,0.991,-1,-1,-1
266,14,1440.516,416.301,475.427,385.944,0.881,-1,-1,-1
266,23,913.893,175.341,294.273,183.666,0.995,-1,-1,-1
267,14,1469.814,429.650,445.684,386.859,0.801,-1,-1,-1
267,23,906.735,168.496,317.620,181.650,0.986,-1,-1,-1
268,14,1498.701,440.172,417.046,396.331,0.852,-1,-1,-1
268,23,887.582,174.136,262.756,170.095,0.990,-1,-1,-1
269,14,1512.451,452.152,406.549,396.331,0.852,-1,-1,-1
269,23,878.355,167.433,241.630,174.540,0.993,-1,-1,-1
270,14,1521.258,461.182,397.742,396.331,0.852,-1,-1,-1
270,23,864.027,164.999,242.666,170.589,0.997,-1,-1,-1
271,14,1527.198,467.324,391.802,396.331,0.852,-1,-1,-1
271,23,857.375,159.722,228.745,174.096,0.997,-1,-1,-1
272,14,1530.266,470.714,388.734,396.331,0.852,-1,-1,-1
272,23,840.790,162.193,225.864,169.074,0.998,-1,-1,-1
273,23,833.309,158.704,224.284,168.300,0.996,-1,-1,-1
274,23,822.073,159.521,222.620,164.702,0.997,-1,-1,-1
275,23,814.728,158.561,223.911,163.672,0.995,-1,-1,-1
276,23,803.565,158.983,218.440,160.885,0.997,-1,-1,-1
277,23,791.770,158.930,217.830,160.273,0.996,-1,-1,-1
278,23,779.986,157.649,217.857,158.879,0.997,-1,-1,-1
279,23,770.202,155.848,216.508,157.019,0.996,-1,-1,-1
280,23,762.035,156.648,214.195,155.301,0.996,-1,-1,-1
281,23,751.480,157.286,213.190,152.249,0.995,-1,-1,-1
282,23,740.716,152.628,213.355,153.353,0.997,-1,-1,-1
283,23,731.573,151.657,214.897,152.271,0.996,-1,-1,-1
284,23,721.995,152.633,211.518,149.528,0.995,-1,-1,-1
285,23,709.468,149.852,213.390,146.443,0.996,-1,-1,-1
286,23,702.443,145.192,209.406,146.792,0.994,-1,-1,-1
287,23,691.894,140.744,212.921,149.099,0.996,-1,-1,-1
288,23,681.452,137.569,212.173,149.582,0.994,-1,-1,-1
289,23,668.210,128.211,218.521,156.741,0.994,-1,-1,-1
290,23,661.106,128.537,216.398,153.898,0.996,-1,-1,-1
291,23,651.103,130.274,217.890,151.526,0.996,-1,-1,-1
292,23,639.690,130.246,215.120,150.077,0.995,-1,-1,-1
293,23,626.612,131.090,218.217,148.234,0.992,-1,-1,-1
294,23,611.633,134.424,220.449,143.892,0.993,-1,-1,-1
295,23,594.011,131.700,226.913,143.690,0.992,-1,-1,-1
296,23,578.543,125.704,226.272,149.023,0.993,-1,-1,-1
297,23,561.626,124.441,230.130,147.713,0.995,-1,-1,-1
298,23,547.634,124.057,230.388,146.385,0.997,-1,-1,-1
299,23,531.108,124.973,232.781,143.766,0.995,-1,-1,-1
300,23,513.468,124.657,237.135,141.741,0.995,-1,-1,-1
301,23,495.890,123.469,239.392,143.234,0.994,-1,-1,-1
302,23,477.743,123.996,241.683,142.666,0.995,-1,-1,-1
303,23,457.541,122.367,242.206,143.296,0.995,-1,-1,-1
304,23,436.465,124.903,250.165,141.087,0.991,-1,-1,-1
305,23,411.324,125.814,249.669,139.765,0.995,-1,-1,-1
306,23,390.325,123.654,252.826,140.100,0.994,-1,-1,-1
307,23,365.426,121.388,264.056,142.744,0.995,-1,-1,-1
308,23,345.457,121.278,263.555,142.490,0.995,-1,-1,-1
309,23,322.261,120.463,267.075,142.812,0.993,-1,-1,-1
310,23,296.962,120.569,265.048,140.906,0.994,-1,-1,-1
311,23,272.633,122.610,264.568,140.403,0.991,-1,-1,-1
312,23,243.638,124.583,264.039,139.684,0.981,-1,-1,-1
313,23,220.440,123.231,269.641,141.803,0.991,-1,-1,-1
314,23,192.938,124.586,273.265,141.587,0.992,-1,-1,-1
315,23,162.499,130.557,275.721,138.652,0.974,-1,-1,-1
316,23,135.334,130.964,271.419,139.531,0.972,-1,-1,-1
317,23,107.410,132.472,271.568,138.966,0.991,-1,-1,-1
318,23,81.591,133.861,283.996,135.525,0.986,-1,-1,-1
319,23,50.253,134.831,282.563,135.606,0.974,-1,-1,-1
320,23,16.095,136.411,292.606,135.257,0.968,-1,-1,-1
321,23,5.330,139.325,278.129,134.591,0.906,-1,-1,-1
322,23,4.447,137.050,248.180,136.846,0.814,-1,-1,-1
323,23,3.720,140.466,219.279,135.966,0.854,-1,-1,-1
324,23,3.384,139.281,189.629,135.850,0.690,-1,-1,-1
325,23,3.344,141.608,171.268,134.267,0.608,-1,-1,-1
326,23,0.000,142.052,163.512,134.267,0.608,-1,-1,-1
327,23,0.000,142.729,155.567,134.267,0.608,-1,-1,-1
328,23,0.000,142.806,150.658,134.267,0.608,-1,-1,-1
329,23,0.000,143.133,148.785,134.267,0.608,-1,-1,-1
