86,10,958.255,747.724,450.990,335.408,0.597,-1,-1,-1
87,10,960.495,723.490,443.189,359.196,0.687,-1,-1,-1
88,10,960.684,704.210,442.419,377.474,0.980,-1,-1,-1
89,10,964.106,685.082,426.419,394.785,0.985,-1,-1,-1
90,10,973.585,667.417,413.256,392.918,0.990,-1,-1,-1
91,10,979.735,649.273,400.742,386.991,0.991,-1,-1,-1
92,10,991.302,632.799,390.064,369.900,0.991,-1,-1,-1
93,10,997.470,618.484,380.544,354.017,0.992,-1,-1,-1
94,10,1001.775,607.092,372.309,341.618,0.995,-1,-1,-1
95,10,997.650,592.520,370.411,332.531,0.994,-1,-1,-1
96,10,1000.723,578.326,361.453,327.627,0.995,-1,-1,-1
97,10,1005.440,562.756,354.806,328.759,0.994,-1,-1,-1
98,10,1008.460,551.034,353.184,327.015,0.995,-1,-1,-1
99,10,1015.536,533.008,344.083,327.292,0.995,-1,-1,-1
100,10,1015.497,516.221,337.696,318.497,0.996,-1,-1,-1
101,10,1018.862,507.509,328.512,306.756,0.995,-1,-1,-1
102,10,1023.154,493.104,316.690,297.979,0.991,-1,-1,-1
103,10,1025.967,483.559,312.891,292.608,0.994,-1,-1,-1
104,10,1030.500,471.381,308.611,286.698,0.994,-1,-1,-1
105,10,1031.567,457.494,305.464,285.282,0.994,-1,-1,-1
106,10,1028.845,446.818,301.670,279.532,0.993,-1,-1,-1
107,10,1032.756,434.424,293.622,277.487,0.991,-1,-1,-1
108,10,1037.501,425.468,291.922,269.387,0.987,-1,-1,-1
109,10,1040.183,415.673,285.118,263.465,0.990,-1,-1,-1
110,10,1045.846,405.732,272.636,258.639,0.992,-1,-1,-1
111,10,1043.891,394.507,268.777,256.006,0.983,-1,-1,-1
112,10,1046.950,385.167,263.531,250.948,0.986,-1,-1,-1
113,10,1045.289,373.023,264.567,248.335,0.990,-1,-1,-1
114,10,1049.142,364.370,255.960,241.790,0.991,-1,-1,-1
115,10,1051.714,354.875,252.500,240.574,0.990,-1,-1,-1
116,10,1055.901,346.255,247.686,238.207,0.992,-1,-1,-1
117,10,1051.502,336.799,246.782,236.096,0.994,-1,-1,-1
118,10,1060.830,330.553,235.861,225.523,0.993,-1,-1,-1
119,10,1065.306,321.581,231.109,226.480,0.990,-1,-1,-1
120,10,1065.964,313.763,229.914,224.774,0.994,-1,-1,-1
121,10,1069.953,305.799,222.635,222.728,0.994,-1,-1,-1
122,10,1070.072,299.391,217.642,214.274,0.997,-1,-1,-1
123,10,1071.790,291.884,215.760,211.531,0.992,-1,-1,-1
124,10,1075.081,283.573,211.651,208.638,0.992,-1,-1,-1
125,10,1079.537,277.109,205.905,201.383,0.994,-1,-1,-1
126,10,1080.883,272.074,204.456,195.543,0.995,-1,-1,-1
127,10,1080.581,263.000,202.479,196.925,0.996,-1,-1,-1
128,10,1083.919,253.630,198.099,195.236,0.995,-1,-1,-1
129,10,1084.734,248.487,196.145,193.055,0.996,-1,-1,-1
130,10,1085.765,244.441,194.441,187.847,0.997,-1,-1,-1
131,10,1089.324,237.533,189.981,185.172,0.994,-1,-1,-1
132,10,1093.256,231.103,185.319,185.710,0.996,-1,-1,-1
133,10,1092.465,224.028,183.449,180.849,0.995,-1,-1,-1
134,10,1091.139,218.619,182.314,179.189,0.995,-1,-1,-1
135,10,1093.086,213.001,180.900,177.763,0.995,-1,-1,-1
136,10,1094.266,207.805,179.631,172.567,0.996,-1,-1,-1
137,10,1095.025,203.730,177.465,169.539,0.995,-1,-1,-1
138,10,1096.063,201.717,174.606,166.887,0.996,-1,-1,-1
139,10,1099.271,195.381,170.697,167.015,0.996,-1,-1,-1
140,10,1099.386,191.288,169.856,164.633,0.996,-1,-1,-1
141,10,1100.139,187.738,168.736,161.442,0.797,-1,-1,-1
142,10,1101.128,183.907,166.332,157.857,0.995,-1,-1,-1
143,10,1100.535,178.880,164.951,157.740,0.996,-1,-1,-1
144,10,1102.342,174.751,164.826,155.567,0.995,-1,-1,-1
145,10,1106.301,172.293,161.286,153.437,0.995,-1,-1,-1
146,10,1106.664,169.612,158.919,151.872,0.994,-1,-1,-1
147,10,1105.766,163.722,158.953,153.540,0.995,-1,-1,-1
148,10,1107.503,158.355,157.515,151.558,0.996,-1,-1,-1
149,10,1108.036,155.252,156.898,150.387,0.996,-1,-1,-1
150,10,1109.769,154.283,154.379,146.363,0.994,-1,-1,-1
151,10,1111.546,148.073,150.968,147.791,0.993,-1,-1,-1
152,10,1112.147,143.406,150.073,144.162,0.991,-1,-1,-1
153,10,1113.328,140.380,148.422,142.239,0.990,-1,-1,-1
154,10,1111.271,137.568,150.645,143.563,0.992,-1,-1,-1
155,10,1112.314,134.323,148.727,141.802,0.990,-1,-1,-1
156,10,1114.352,131.474,145.973,141.245,0.991,-1,-1,-1
157,10,1113.089,127.185,147.810,141.449,0.992,-1,-1,-1
158,10,1112.703,126.302,146.446,137.929,0.990,-1,-1,-1
159,10,1112.236,123.269,146.642,137.896,0.990,-1,-1,-1
160,10,1114.065,119.009,146.485,136.312,0.989,-1,-1,-1
161,10,1115.690,117.795,143.534,133.152,0.988,-1,-1,-1
162,10,1116.139,114.974,141.902,131.891,0.991,-1,-1,-1
163,10,1115.526,112.171,141.039,131.134,0.989,-1,-1,-1
164,10,1116.149,109.772,138.670,130.523,0.986,-1,-1,-1
165,10,1116.055,107.210,138.505,129.921,0.985,-1,-1,-1
166,10,1117.274,105.398,137.370,128.905,0.980,-1,-1,-1
167,10,1116.332,103.222,138.200,129.216,0.977,-1,-1,-1
168,10,1118.360,100.218,135.242,127.508,0.972,-1,-1,-1
169,10,1117.402,97.826,135.711,126.854,0.970,-1,-1,-1
170,10,1116.508,94.109,135.498,126.634,0.969,-1,-1,-1
171,10,1117.688,93.237,134.319,125.685,0.975,-1,-1,-1
172,10,1119.324,91.109,134.555,124.614,0.971,-1,-1,-1
173,10,1119.786,88.729,134.670,124.190,0.964,-1,-1,-1
174,10,1117.528,85.768,133.281,125.947,0.961,-1,-1,-1
175,10,1116.066,83.952,133.809,124.137,0.948,-1,-1,-1
176,10,1117.614,82.220,132.588,121.663,0.950,-1,-1,-1
177,10,1119.762,80.469,130.764,120.217,0.930,-1,-1,-1
178,10,1118.929,78.264,131.737,120.236,0.889,-1,-1,-1
179,10,1119.770,79.163,129.976,117.302,0.898,-1,-1,-1
180,10,1119.923,76.375,130.955,116.905,0.830,-1,-1,-1
181,10,1119.882,75.400,131.388,115.640,0.722,-1,-1,-1
182,10,1117.889,69.697,134.945,119.905,0.513,-1,-1,-1
183,10,1118.133,67.858,134.945,119.905,0.513,-1,-1,-1
184,10,1118.469,65.912,134.945,119.905,0.513,-1,-1,-1
185,10,1118.653,64.478,134.945,119.905,0.513,-1,-1,-1
186,10,1118.635,63.190,134.945,119.905,0.513,-1,-1,-1
192,18,1016.346,852.569,432.076,232.080,0.524,-1,-1,-1
193,18,1020.986,834.377,420.611,249.958,0.812,-1,-1,-1
194,18,1022.486,814.377,412.599,270.249,0.892,-1,-1,-1
195,18,1026.842,798.018,402.791,286.621,0.961,-1,-1,-1
196,18,1036.413,771.460,385.774,309.890,0.990,-1,-1,-1
197,18,1039.290,758.872,375.593,307.852,0.994,-1,-1,-1
198,18,1046.332,741.261,363.737,301.705,0.995,-1,-1,-1
199,18,1047.529,724.112,360.420,294.894,0.995,-1,-1,-1
200,18,1053.980,709.809,350.155,280.670,0.997,-1,-1,-1
201,18,1057.958,691.275,339.439,276.158,0.997,-1,-1,-1
202,18,1059.287,680.544,332.743,267.956,0.998,-1,-1,-1
203,18,1060.394,668.714,328.526,259.820,0.998,-1,-1,-1
204,18,1065.271,654.684,319.652,256.385,0.998,-1,-1,-1
205,18,1067.846,642.770,313.248,256.725,0.998,-1,-1,-1
206,18,1068.338,634.593,309.810,253.263,0.998,-1,-1,-1
207,18,1068.352,622.637,307.611,251.208,0.998,-1,-1,-1
207,20,965.763,86.851,129.440,113.040,0.513,-1,-1,-1
208,18,1070.106,609.083,300.784,247.979,0.998,-1,-1,-1
208,20,964.467,88.427,129.687,113.045,0.632,-1,-1,-1
209,18,1069.605,597.434,297.551,240.514,0.997,-1,-1,-1
209,20,963.692,89.066,129.751,113.748,0.763,-1,-1,-1
210,18,1071.381,584.849,294.118,236.657,0.998,-1,-1,-1
210,20,963.447,90.475,130.026,114.357,0.735,-1,-1,-1
211,18,1074.285,571.141,287.046,232.743,0.997,-1,-1,-1
211,20,964.661,92.894,130.509,113.091,0.738,-1,-1,-1
212,18,1074.289,558.775,286.006,230.195,0.997,-1,-1,-1
212,20,962.881,94.389,129.915,111.022,0.893,-1,-1,-1
213,18,1075.548,549.587,280.936,225.477,0.997,-1,-1,-1
213,20,959.658,94.275,130.216,113.311,0.940,-1,-1,-1
214,18,1076.976,537.948,276.003,223.303,0.997,-1,-1,-1
214,20,958.699,95.116,130.342,114.828,0.929,-1,-1,-1
215,18,1080.189,524.715,268.985,221.547,0.997,-1,-1,-1
215,20,959.107,97.901,131.432,114.870,0.952,-1,-1,-1
216,18,1081.590,513.518,267.311,220.718,0.997,-1,-1,-1
216,20,959.873,102.019,131.936,113.421,0.941,-1,-1,-1
217,18,1086.742,505.352,259.762,215.304,0.996,-1,-1,-1
217,20,959.857,105.261,132.897,113.270,0.954,-1,-1,-1
218,18,1088.412,498.082,254.537,209.832,0.997,-1,-1,-1
218,20,957.529,106.915,132.144,113.590,0.955,-1,-1,-1
219,18,1088.844,490.200,250.316,205.925,0.996,-1,-1,-1
219,20,954.488,107.860,132.547,115.618,0.972,-1,-1,-1
220,18,1091.361,476.856,245.867,207.151,0.996,-1,-1,-1
220,20,954.245,109.304,133.271,115.898,0.973,-1,-1,-1
221,18,1093.518,469.155,240.887,203.378,0.994,-1,-1,-1
221,20,955.051,111.153,133.618,116.244,0.982,-1,-1,-1
222,18,1094.355,459.472,240.480,203.661,0.995,-1,-1,-1
222,20,953.826,111.977,134.066,117.538,0.984,-1,-1,-1
223,18,1095.828,451.627,235.062,199.584,0.994,-1,-1,-1
223,20,953.167,112.057,135.799,119.860,0.978,-1,-1,-1
224,18,1094.281,442.095,237.863,199.427,0.995,-1,-1,-1
224,20,951.901,113.869,135.080,120.578,0.976,-1,-1,-1
225,18,1097.492,431.773,229.851,198.717,0.990,-1,-1,-1
225,20,951.531,114.873,135.851,121.635,0.982,-1,-1,-1
226,18,1099.522,423.985,227.119,198.323,0.991,-1,-1,-1
226,20,950.125,118.455,137.707,120.687,0.986,-1,-1,-1
226,24,1000.846,799.413,453.110,284.958,0.566,-1,-1,-1
227,18,1103.267,416.704,222.435,193.603,0.990,-1,-1,-1
227,20,950.664,122.473,137.866,120.278,0.981,-1,-1,-1
227,24,1000.385,782.297,451.364,301.069,0.837,-1,-1,-1
228,18,1103.467,408.462,221.900,192.627,0.991,-1,-1,-1
228,20,949.494,123.532,138.849,122.320,0.978,-1,-1,-1
228,24,1005.195,762.836,430.183,319.723,0.935,-1,-1,-1
229,18,1108.441,398.636,214.503,192.021,0.988,-1,-1,-1
229,20,948.464,123.744,138.451,123.279,0.986,-1,-1,-1
229,24,1010.878,741.827,414.060,340.856,0.974,-1,-1,-1
230,18,1107.622,392.497,212.453,190.068,0.988,-1,-1,-1
230,20,945.865,125.758,138.737,123.580,0.987,-1,-1,-1
230,24,1014.234,721.434,398.363,350.997,0.991,-1,-1,-1
231,18,1108.815,382.228,209.219,186.775,0.991,-1,-1,-1
231,20,945.095,127.223,138.981,124.638,0.986,-1,-1,-1
231,24,1019.454,703.039,386.295,349.754,0.993,-1,-1,-1
232,18,1109.658,373.979,207.375,186.372,0.993,-1,-1,-1
232,20,944.906,129.495,139.292,125.445,0.986,-1,-1,-1
232,24,1021.733,684.192,378.483,342.896,0.994,-1,-1,-1
233,18,1111.857,366.724,204.579,181.439,0.995,-1,-1,-1
233,20,943.315,131.445,139.964,125.782,0.984,-1,-1,-1
233,24,1023.862,673.258,372.780,327.025,0.996,-1,-1,-1
234,18,1112.171,359.938,201.788,180.305,0.993,-1,-1,-1
234,20,941.035,133.674,141.598,126.650,0.985,-1,-1,-1
234,24,1025.432,656.952,364.615,315.139,0.997,-1,-1,-1
235,18,1111.288,353.920,200.367,176.217,0.992,-1,-1,-1
235,20,937.124,136.405,143.817,126.488,0.989,-1,-1,-1
235,24,1022.602,644.329,360.283,307.434,0.997,-1,-1,-1
236,18,1112.876,345.329,195.568,173.110,0.990,-1,-1,-1
236,20,935.507,138.256,143.813,126.756,0.989,-1,-1,-1
236,24,1022.747,631.900,353.469,297.232,0.998,-1,-1,-1
237,18,1113.062,338.180,194.881,171.968,0.994,-1,-1,-1
237,20,934.443,139.765,144.030,127.876,0.989,-1,-1,-1
237,24,1023.106,617.400,350.710,294.253,0.997,-1,-1,-1
238,18,1114.534,334.494,191.938,167.955,0.992,-1,-1,-1
238,20,933.749,144.013,142.832,126.901,0.988,-1,-1,-1
238,24,1023.301,606.724,346.826,291.782,0.997,-1,-1,-1
239,18,1116.199,328.546,187.747,165.028,0.991,-1,-1,-1
239,20,932.309,145.822,143.641,128.215,0.990,-1,-1,-1
239,24,1023.791,594.890,341.913,290.513,0.997,-1,-1,-1
240,18,1115.990,321.437,186.780,164.023,0.994,-1,-1,-1
240,20,930.401,147.387,144.912,129.476,0.991,-1,-1,-1
240,24,1026.155,586.166,337.198,284.918,0.997,-1,-1,-1
241,18,1119.406,316.425,181.068,162.060,0.990,-1,-1,-1
241,20,928.966,149.970,145.120,131.180,0.984,-1,-1,-1
241,24,1028.381,569.502,329.046,283.643,0.998,-1,-1,-1
242,18,1118.828,311.668,180.328,161.095,0.992,-1,-1,-1
242,20,925.216,152.605,148.686,132.072,0.984,-1,-1,-1
242,24,1029.536,555.143,321.311,277.259,0.998,-1,-1,-1
243,18,1120.531,304.824,179.021,160.789,0.992,-1,-1,-1
243,20,923.779,154.406,148.835,133.802,0.989,-1,-1,-1
243,24,1031.266,546.546,318.110,269.806,0.998,-1,-1,-1
244,18,1124.196,300.419,174.210,157.999,0.991,-1,-1,-1
244,20,922.207,157.677,149.764,133.031,0.990,-1,-1,-1
244,24,1033.167,530.315,314.163,265.845,0.998,-1,-1,-1
245,18,1123.880,295.340,173.188,157.328,0.991,-1,-1,-1
245,20,919.930,160.911,149.548,132.905,0.985,-1,-1,-1
245,24,1035.193,518.982,306.093,259.499,0.998,-1,-1,-1
246,18,1122.552,289.086,171.436,155.722,0.993,-1,-1,-1
246,20,916.906,162.315,148.962,133.772,0.990,-1,-1,-1
246,24,1034.756,509.855,301.463,255.082,0.998,-1,-1,-1
247,18,1123.624,283.370,168.046,153.407,0.992,-1,-1,-1
247,20,915.292,162.551,149.726,135.720,0.992,-1,-1,-1
247,24,1035.965,499.629,298.544,250.014,0.998,-1,-1,-1
248,18,1123.976,278.289,166.341,152.498,0.992,-1,-1,-1
248,20,913.120,165.094,152.573,136.301,0.992,-1,-1,-1
248,24,1039.075,490.055,291.566,246.232,0.998,-1,-1,-1
249,18,1128.262,273.571,161.967,148.892,0.989,-1,-1,-1
249,20,912.929,169.042,152.652,136.166,0.990,-1,-1,-1
249,24,1042.037,478.579,287.935,243.151,0.998,-1,-1,-1
250,18,1127.890,266.688,161.655,148.510,0.984,-1,-1,-1
250,20,910.740,171.591,154.569,138.233,0.991,-1,-1,-1
250,24,1045.010,468.318,281.176,238.059,0.998,-1,-1,-1
251,18,1126.269,260.128,161.029,146.948,0.988,-1,-1,-1
251,20,908.468,174.678,154.544,138.037,0.991,-1,-1,-1
251,24,1046.640,457.232,277.012,235.079,0.997,-1,-1,-1
252,18,1125.807,255.506,161.436,145.376,0.989,-1,-1,-1
252,20,905.266,176.850,155.621,138.968,0.986,-1,-1,-1
252,24,1047.573,445.997,274.169,234.455,0.997,-1,-1,-1
253,18,1127.847,250.777,158.103,141.816,0.991,-1,-1,-1
253,20,902.503,179.340,157.198,141.691,0.990,-1,-1,-1
253,24,1051.888,436.701,267.687,232.157,0.997,-1,-1,-1
254,18,1127.712,244.183,157.979,142.549,0.987,-1,-1,-1
254,20,901.003,182.724,158.522,141.417,0.993,-1,-1,-1
254,24,1053.819,427.598,262.833,230.603,0.997,-1,-1,-1
255,18,1127.922,241.153,155.918,141.151,0.978,-1,-1,-1
255,20,898.906,186.344,159.401,141.284,0.993,-1,-1,-1
255,24,1057.026,420.745,256.627,225.758,0.996,-1,-1,-1
256,18,1127.783,236.626,155.211,139.689,0.976,-1,-1,-1
256,20,894.502,189.525,160.273,142.119,0.994,-1,-1,-1
256,24,1058.929,410.423,250.897,223.430,0.996,-1,-1,-1
257,18,1127.544,232.942,154.117,137.443,0.980,-1,-1,-1
257,20,891.693,191.612,161.553,143.211,0.995,-1,-1,-1
257,24,1060.657,400.144,248.182,222.445,0.995,-1,-1,-1
258,18,1126.885,226.666,153.925,136.821,0.980,-1,-1,-1
258,20,889.311,194.978,162.166,143.545,0.994,-1,-1,-1
258,24,1061.929,391.438,242.913,218.985,0.995,-1,-1,-1
259,18,1126.257,223.641,153.614,137.484,0.980,-1,-1,-1
259,20,886.759,198.834,163.282,144.733,0.993,-1,-1,-1
259,24,1065.276,383.823,239.590,216.852,0.995,-1,-1,-1
260,18,1128.041,220.853,152.699,135.792,0.979,-1,-1,-1
260,20,885.245,199.782,164.009,146.720,0.994,-1,-1,-1
260,24,1071.049,377.192,233.207,213.400,0.994,-1,-1,-1
261,18,1128.153,216.738,150.854,136.464,0.965,-1,-1,-1
261,20,883.699,202.091,164.674,149.252,0.993,-1,-1,-1
261,24,1070.918,366.902,231.801,213.308,0.994,-1,-1,-1
262,18,1128.551,214.804,148.315,134.269,0.958,-1,-1,-1
262,20,880.801,205.033,164.419,150.141,0.993,-1,-1,-1
262,24,1072.004,360.071,228.997,209.193,0.995,-1,-1,-1
263,18,1126.481,211.278,147.979,132.931,0.979,-1,-1,-1
263,20,877.909,209.179,165.051,149.605,0.993,-1,-1,-1
263,24,1074.401,352.276,222.923,206.359,0.995,-1,-1,-1
264,18,1127.666,207.616,146.441,131.645,0.980,-1,-1,-1
264,20,874.379,212.526,169.314,150.420,0.990,-1,-1,-1
264,24,1077.015,345.683,219.775,203.802,0.995,-1,-1,-1
265,18,1129.951,203.939,144.038,130.729,0.974,-1,-1,-1
265,20,872.183,216.075,170.987,151.753,0.975,-1,-1,-1
265,24,1078.714,338.805,216.292,200.219,0.994,-1,-1,-1
266,18,1129.953,201.168,143.761,130.032,0.968,-1,-1,-1
266,20,870.878,219.483,171.301,153.004,0.964,-1,-1,-1
266,24,1080.016,331.533,213.627,195.960,0.994,-1,-1,-1
267,18,1130.449,199.019,141.519,129.016,0.972,-1,-1,-1
267,20,866.697,222.957,174.258,154.591,0.985,-1,-1,-1
267,24,1081.575,326.942,208.259,190.926,0.980,-1,-1,-1
268,18,1128.835,195.035,141.095,129.025,0.970,-1,-1,-1
268,20,864.233,224.512,175.641,157.027,0.980,-1,-1,-1
268,24,1083.318,320.545,204.724,187.395,0.994,-1,-1,-1
269,18,1128.723,192.299,141.727,129.009,0.954,-1,-1,-1
269,20,862.236,228.430,175.774,159.526,0.991,-1,-1,-1
269,24,1084.001,312.678,203.611,186.036,0.994,-1,-1,-1
269,25,941.708,149.402,146.140,123.457,0.523,-1,-1,-1
270,18,1130.662,188.564,141.006,128.845,0.955,-1,-1,-1
270,20,861.189,233.561,178.242,161.604,0.981,-1,-1,-1
270,24,1086.303,306.849,199.817,182.918,0.990,-1,-1,-1
270,25,941.481,151.570,146.140,123.457,0.523,-1,-1,-1
271,18,1133.212,184.854,138.528,128.536,0.954,-1,-1,-1
271,20,858.157,237.002,178.646,163.771,0.981,-1,-1,-1
271,24,1090.734,302.125,194.487,178.293,0.982,-1,-1,-1
271,25,941.168,152.864,146.744,126.981,0.783,-1,-1,-1
272,18,1132.235,181.755,138.555,125.618,0.941,-1,-1,-1
272,20,855.594,241.280,180.443,163.872,0.981,-1,-1,-1
272,24,1090.334,294.541,191.833,177.003,0.987,-1,-1,-1
272,25,940.778,156.026,146.184,127.080,0.785,-1,-1,-1
273,18,1131.979,178.714,138.283,124.629,0.950,-1,-1,-1
273,20,850.846,245.538,183.538,164.951,0.981,-1,-1,-1
273,24,1090.724,288.657,190.465,175.746,0.989,-1,-1,-1
273,25,939.947,157.448,147.581,128.536,0.926,-1,-1,-1
274,18,1132.522,175.178,136.536,124.854,0.960,-1,-1,-1
274,20,848.181,250.344,184.778,166.069,0.972,-1,-1,-1
274,24,1091.120,283.148,189.459,173.307,0.981,-1,-1,-1
274,25,939.542,160.091,145.563,129.327,0.907,-1,-1,-1
275,18,1132.579,171.038,136.509,124.500,0.956,-1,-1,-1
275,20,845.546,252.982,186.700,170.171,0.985,-1,-1,-1
275,24,1091.913,276.842,187.093,173.577,0.990,-1,-1,-1
275,25,938.058,161.524,146.832,130.048,0.885,-1,-1,-1
276,18,1133.857,167.858,137.298,124.839,0.948,-1,-1,-1
276,20,844.783,255.548,187.703,171.510,0.990,-1,-1,-1
276,24,1096.063,271.077,184.116,173.262,0.992,-1,-1,-1
276,25,937.506,164.434,148.591,131.215,0.841,-1,-1,-1
277,18,1135.088,163.985,137.390,125.390,0.933,-1,-1,-1
277,20,842.414,258.755,188.770,173.375,0.991,-1,-1,-1
277,24,1099.820,265.096,179.974,169.154,0.990,-1,-1,-1
277,25,937.567,166.410,148.966,131.852,0.798,-1,-1,-1
278,18,1133.677,162.154,136.656,124.044,0.893,-1,-1,-1
278,20,839.637,264.230,191.756,174.083,0.989,-1,-1,-1
278,24,1100.015,259.800,177.586,167.026,0.987,-1,-1,-1
278,25,933.294,169.485,151.106,131.883,0.876,-1,-1,-1
279,18,1134.681,160.426,134.369,122.563,0.934,-1,-1,-1
279,20,836.067,270.885,194.055,174.064,0.974,-1,-1,-1
279,24,1100.248,255.643,174.646,165.386,0.976,-1,-1,-1
279,25,929.011,171.400,153.287,132.980,0.896,-1,-1,-1
280,18,1136.509,155.269,132.574,122.086,0.936,-1,-1,-1
280,20,833.797,279.111,194.628,171.517,0.974,-1,-1,-1
280,24,1100.547,251.211,175.510,163.278,0.978,-1,-1,-1
280,25,929.131,172.679,152.548,136.517,0.868,-1,-1,-1
281,18,1137.492,152.486,132.298,121.616,0.932,-1,-1,-1
281,20,831.007,283.831,196.580,173.500,0.980,-1,-1,-1
281,24,1100.823,246.318,174.539,161.364,0.977,-1,-1,-1
281,25,923.475,175.653,154.804,138.607,0.944,-1,-1,-1
282,18,1138.405,149.394,132.743,122.425,0.925,-1,-1,-1
282,20,829.025,288.589,198.429,176.433,0.989,-1,-1,-1
282,24,1101.235,240.066,174.035,161.905,0.983,-1,-1,-1
282,25,922.570,177.115,154.521,141.023,0.932,-1,-1,-1
283,18,1137.860,145.135,132.313,121.287,0.922,-1,-1,-1
283,20,824.916,292.401,200.194,178.857,0.987,-1,-1,-1
283,24,1103.871,234.852,170.259,158.544,0.984,-1,-1,-1
283,25,920.237,179.239,157.383,141.475,0.535,-1,-1,-1
284,18,1137.491,142.496,130.916,119.206,0.913,-1,-1,-1
284,20,820.464,295.904,201.934,181.135,0.992,-1,-1,-1
284,24,1106.572,231.276,166.940,154.691,0.977,-1,-1,-1
284,25,917.478,180.831,157.660,143.280,0.952,-1,-1,-1
285,18,1137.643,141.244,129.694,116.166,0.904,-1,-1,-1
285,20,817.451,300.551,202.732,184.491,0.992,-1,-1,-1
285,24,1106.496,226.459,165.725,154.486,0.973,-1,-1,-1
285,25,916.604,183.533,158.190,144.327,0.917,-1,-1,-1
286,18,1138.303,138.872,130.022,115.648,0.896,-1,-1,-1
286,20,813.816,305.196,206.302,186.798,0.992,-1,-1,-1
286,24,1106.236,222.660,165.882,152.872,0.963,-1,-1,-1
286,25,916.011,187.666,157.812,142.970,0.905,-1,-1,-1
287,18,1139.505,135.168,129.203,115.424,0.888,-1,-1,-1
287,20,810.060,310.127,208.203,188.885,0.992,-1,-1,-1
287,24,1108.903,216.826,163.322,152.966,0.977,-1,-1,-1
287,25,917.760,189.741,156.458,143.999,0.935,-1,-1,-1
288,18,1139.203,132.630,130.081,115.996,0.875,-1,-1,-1
288,20,807.758,314.500,208.190,192.379,0.992,-1,-1,-1
288,24,1110.431,213.737,161.001,150.126,0.980,-1,-1,-1
288,25,915.419,191.942,158.729,144.975,0.936,-1,-1,-1
289,18,1139.515,130.939,129.908,115.331,0.818,-1,-1,-1
289,20,801.909,318.676,213.135,196.761,0.995,-1,-1,-1
289,24,1110.098,211.794,160.217,148.523,0.980,-1,-1,-1
289,25,914.700,197.096,158.819,143.068,0.949,-1,-1,-1
290,18,1137.555,129.058,129.533,114.837,0.787,-1,-1,-1
290,20,797.983,324.026,215.336,198.500,0.993,-1,-1,-1
290,24,1110.113,208.242,159.884,148.290,0.985,-1,-1,-1
290,25,910.869,198.940,160.917,145.083,0.957,-1,-1,-1
291,18,1138.858,127.883,126.600,109.990,0.812,-1,-1,-1
291,20,794.094,329.816,218.696,201.728,0.991,-1,-1,-1
291,24,1112.009,203.465,156.716,147.417,0.985,-1,-1,-1
291,25,906.841,201.432,163.631,146.557,0.959,-1,-1,-1
292,18,1139.160,125.164,127.046,110.515,0.800,-1,-1,-1
292,20,791.291,335.609,220.602,202.996,0.992,-1,-1,-1
292,24,1115.451,200.141,153.989,146.869,0.979,-1,-1,-1
292,25,905.181,203.546,166.265,148.964,0.948,-1,-1,-1
293,18,1141.548,123.149,125.248,109.299,0.780,-1,-1,-1
293,20,787.593,338.982,224.685,205.982,0.994,-1,-1,-1
293,24,1118.226,197.115,151.625,144.544,0.974,-1,-1,-1
293,25,905.428,205.237,167.195,149.964,0.963,-1,-1,-1
294,18,1139.538,119.811,125.950,109.670,0.766,-1,-1,-1
294,20,782.870,343.189,226.850,208.828,0.996,-1,-1,-1
294,24,1116.923,194.097,151.970,144.025,0.976,-1,-1,-1
294,25,903.307,208.483,168.375,150.782,0.943,-1,-1,-1
295,18,1137.770,116.003,125.402,109.408,0.762,-1,-1,-1
295,20,777.837,351.678,231.012,209.125,0.997,-1,-1,-1
295,24,1115.807,190.765,151.002,144.152,0.977,-1,-1,-1
295,25,899.737,211.714,169.286,153.140,0.904,-1,-1,-1
296,18,1137.047,112.520,125.197,107.839,0.682,-1,-1,-1
296,20,775.113,358.794,233.410,212.792,0.997,-1,-1,-1
296,24,1116.843,187.884,149.678,143.161,0.979,-1,-1,-1
296,25,896.352,215.121,171.078,153.994,0.937,-1,-1,-1
297,18,1136.527,109.210,125.197,107.839,0.682,-1,-1,-1
297,20,771.430,363.744,236.284,215.606,0.997,-1,-1,-1
297,24,1118.007,183.366,148.076,142.488,0.982,-1,-1,-1
297,25,894.526,216.911,173.930,158.188,0.957,-1,-1,-1
298,18,1135.761,106.118,125.197,107.839,0.682,-1,-1,-1
298,20,769.020,370.839,238.264,216.226,0.997,-1,-1,-1
298,24,1118.511,180.547,147.181,141.326,0.983,-1,-1,-1
298,25,891.375,219.451,177.152,157.495,0.966,-1,-1,-1
299,18,1135.317,103.363,125.197,107.839,0.682,-1,-1,-1
299,20,761.547,377.551,242.209,217.512,0.996,-1,-1,-1
299,24,1118.946,178.255,146.309,139.725,0.981,-1,-1,-1
299,25,890.830,223.396,175.642,157.832,0.963,-1,-1,-1
300,18,1135.195,100.931,125.197,107.839,0.682,-1,-1,-1
300,20,755.494,380.809,246.638,220.214,0.995,-1,-1,-1
300,24,1117.355,175.092,146.255,138.345,0.986,-1,-1,-1
300,25,885.760,225.905,178.189,160.618,0.974,-1,-1,-1
301,20,749.844,386.892,248.047,223.141,0.996,-1,-1,-1
301,24,1119.282,170.955,143.812,137.236,0.985,-1,-1,-1
301,25,885.368,229.052,176.392,162.627,0.964,-1,-1,-1
302,20,744.100,394.769,250.052,222.179,0.995,-1,-1,-1
302,24,1120.157,167.293,143.527,137.347,0.988,-1,-1,-1
302,25,884.051,235.063,177.504,163.281,0.963,-1,-1,-1
303,20,738.275,401.472,256.771,223.841,0.995,-1,-1,-1
303,24,1119.564,164.015,143.074,135.569,0.984,-1,-1,-1
303,25,881.907,238.655,179.620,164.093,0.982,-1,-1,-1
304,20,731.968,411.859,262.779,223.735,0.996,-1,-1,-1
304,24,1119.943,160.518,141.962,134.864,0.974,-1,-1,-1
304,25,878.279,243.613,182.668,165.241,0.980,-1,-1,-1
305,20,726.512,416.999,263.573,226.981,0.996,-1,-1,-1
305,24,1120.402,157.111,141.615,134.272,0.973,-1,-1,-1
305,25,876.316,245.956,183.599,168.871,0.985,-1,-1,-1
306,20,719.013,422.222,269.415,231.398,0.997,-1,-1,-1
306,24,1120.062,154.697,140.582,132.457,0.974,-1,-1,-1
306,25,874.560,250.775,183.716,171.264,0.980,-1,-1,-1
307,20,711.089,432.199,274.516,231.678,0.998,-1,-1,-1
307,24,1119.518,153.483,139.382,131.314,0.962,-1,-1,-1
307,25,872.139,254.505,183.073,169.057,0.987,-1,-1,-1
308,20,705.606,438.201,277.591,233.717,0.998,-1,-1,-1
308,24,1121.075,149.311,137.960,131.472,0.968,-1,-1,-1
308,25,869.428,259.189,186.882,173.485,0.984,-1,-1,-1
309,20,701.281,442.877,279.035,238.008,0.998,-1,-1,-1
309,24,1122.466,144.822,137.465,131.343,0.975,-1,-1,-1
309,25,867.653,262.194,189.854,176.198,0.985,-1,-1,-1
310,20,696.834,450.667,280.528,238.781,0.998,-1,-1,-1
310,24,1122.000,141.400,136.568,131.513,0.974,-1,-1,-1
310,25,864.934,267.145,189.546,174.568,0.986,-1,-1,-1
311,20,687.558,457.277,286.699,241.977,0.997,-1,-1,-1
311,24,1120.575,139.790,136.193,131.122,0.975,-1,-1,-1
311,25,861.277,273.141,189.150,172.180,0.985,-1,-1,-1
312,20,680.270,465.299,290.158,244.664,0.997,-1,-1,-1
312,24,1119.587,137.007,137.525,130.601,0.977,-1,-1,-1
312,25,855.550,277.530,195.716,175.912,0.987,-1,-1,-1
313,20,676.476,476.457,289.452,244.575,0.998,-1,-1,-1
313,24,1120.520,134.505,137.038,130.206,0.971,-1,-1,-1
313,25,851.951,281.392,198.860,179.187,0.988,-1,-1,-1
314,20,668.946,485.659,294.193,245.875,0.998,-1,-1,-1
314,24,1122.030,130.629,135.797,130.377,0.966,-1,-1,-1
314,25,849.236,288.129,200.211,178.018,0.973,-1,-1,-1
315,20,660.254,492.833,303.041,251.096,0.998,-1,-1,-1
315,24,1122.026,128.638,134.427,129.641,0.962,-1,-1,-1
315,25,847.520,293.191,199.736,179.324,0.981,-1,-1,-1
316,20,653.528,499.150,306.381,258.334,0.998,-1,-1,-1
316,24,1122.461,124.756,131.929,131.489,0.963,-1,-1,-1
316,25,844.367,296.732,200.840,182.188,0.987,-1,-1,-1
317,20,642.223,504.211,312.319,264.420,0.998,-1,-1,-1
317,24,1122.270,122.729,131.547,130.757,0.956,-1,-1,-1
317,25,838.817,299.724,204.836,187.691,0.988,-1,-1,-1
318,20,633.718,511.636,316.135,268.193,0.998,-1,-1,-1
318,24,1122.097,117.847,131.220,130.829,0.950,-1,-1,-1
318,25,834.809,304.270,205.913,188.147,0.989,-1,-1,-1
319,20,628.395,521.335,315.304,269.264,0.999,-1,-1,-1
319,24,1122.981,116.954,131.210,128.424,0.934,-1,-1,-1
319,25,828.723,309.542,209.974,193.148,0.989,-1,-1,-1
320,20,622.136,530.849,319.553,272.733,0.998,-1,-1,-1
320,24,1122.884,115.241,130.597,128.436,0.948,-1,-1,-1
320,25,825.359,313.373,212.769,195.863,0.990,-1,-1,-1
321,20,613.622,538.873,324.763,275.824,0.998,-1,-1,-1
321,24,1122.920,111.181,130.472,127.345,0.957,-1,-1,-1
321,25,823.334,318.348,211.667,197.651,0.990,-1,-1,-1
322,20,606.584,546.967,325.143,283.727,0.998,-1,-1,-1
322,24,1122.915,110.439,129.569,125.983,0.952,-1,-1,-1
322,25,816.702,324.220,216.954,200.048,0.991,-1,-1,-1
323,20,598.657,559.311,327.977,283.855,0.998,-1,-1,-1
323,24,1122.242,107.445,129.846,125.680,0.958,-1,-1,-1
323,25,810.968,329.115,218.727,203.125,0.993,-1,-1,-1
324,20,590.742,571.008,334.401,287.981,0.997,-1,-1,-1
324,24,1121.810,105.955,129.606,124.836,0.964,-1,-1,-1
324,25,803.714,335.638,222.794,204.561,0.992,-1,-1,-1
325,20,584.358,578.090,338.213,296.341,0.998,-1,-1,-1
325,24,1122.748,104.688,129.762,124.478,0.938,-1,-1,-1
325,25,799.297,339.701,227.208,207.945,0.991,-1,-1,-1
326,20,576.558,585.566,341.471,298.190,0.998,-1,-1,-1
326,24,1123.696,102.855,128.870,124.055,0.946,-1,-1,-1
326,25,793.861,344.604,231.032,211.076,0.990,-1,-1,-1
327,20,567.935,596.928,345.442,298.914,0.997,-1,-1,-1
327,24,1122.864,100.021,128.840,123.838,0.936,-1,-1,-1
327,25,789.861,352.435,231.726,210.437,0.994,-1,-1,-1
328,20,556.524,605.554,351.312,302.878,0.996,-1,-1,-1
328,24,1121.997,97.868,129.203,122.173,0.936,-1,-1,-1
328,25,780.474,356.617,239.666,214.837,0.993,-1,-1,-1
329,20,546.240,613.423,356.641,308.674,0.996,-1,-1,-1
329,24,1121.981,96.624,130.259,122.132,0.896,-1,-1,-1
329,25,774.645,362.467,242.904,217.250,0.981,-1,-1,-1
330,20,537.736,620.052,359.133,316.287,0.996,-1,-1,-1
330,24,1122.115,94.154,130.577,120.611,0.760,-1,-1,-1
330,25,771.429,369.005,243.630,218.694,0.992,-1,-1,-1
330,27,983.333,814.954,445.404,269.918,0.586,-1,-1,-1
331,20,528.315,630.488,365.750,316.552,0.995,-1,-1,-1
331,24,1122.699,94.025,127.911,118.435,0.822,-1,-1,-1
331,25,764.238,373.501,249.729,221.566,0.991,-1,-1,-1
331,27,993.901,794.780,431.086,289.732,0.750,-1,-1,-1
332,20,517.783,638.646,370.387,325.128,0.994,-1,-1,-1
332,24,1121.176,93.348,128.380,117.958,0.743,-1,-1,-1
332,25,760.389,381.228,247.051,220.695,0.982,-1,-1,-1
332,27,1001.435,776.856,413.129,307.403,0.927,-1,-1,-1
333,20,506.126,648.240,375.098,340.867,0.994,-1,-1,-1
333,24,1120.629,88.601,127.636,119.348,0.753,-1,-1,-1
333,25,751.014,386.589,253.766,225.884,0.993,-1,-1,-1
333,27,1004.200,755.083,404.758,316.873,0.976,-1,-1,-1
334,20,494.076,658.486,384.367,351.716,0.993,-1,-1,-1
334,24,1120.829,86.672,126.934,118.906,0.724,-1,-1,-1
334,25,746.812,392.899,253.147,226.688,0.994,-1,-1,-1
334,27,1014.228,737.675,391.488,313.258,0.989,-1,-1,-1
335,20,477.246,672.036,396.746,363.663,0.990,-1,-1,-1
335,24,1121.521,87.142,125.341,115.862,0.807,-1,-1,-1
335,25,743.949,401.102,253.617,225.786,0.993,-1,-1,-1
335,27,1019.187,720.470,381.861,306.814,0.987,-1,-1,-1
336,20,469.445,682.776,396.966,367.701,0.995,-1,-1,-1
336,24,1121.353,85.189,126.423,116.233,0.571,-1,-1,-1
336,25,736.861,410.194,257.567,226.154,0.996,-1,-1,-1
336,27,1024.113,703.465,372.728,294.116,0.993,-1,-1,-1
337,20,457.097,693.212,405.202,373.272,0.995,-1,-1,-1
337,24,1121.283,83.697,126.261,116.266,0.604,-1,-1,-1
337,25,730.050,416.107,261.301,231.020,0.996,-1,-1,-1
337,27,1027.857,687.752,369.844,286.381,0.992,-1,-1,-1
338,20,441.973,704.609,415.367,372.328,0.990,-1,-1,-1
338,24,1121.467,81.258,126.446,115.746,0.640,-1,-1,-1
338,25,724.282,420.136,265.411,234.539,0.996,-1,-1,-1
338,27,1030.121,675.463,363.208,272.578,0.995,-1,-1,-1
339,20,423.464,722.704,426.039,359.145,0.975,-1,-1,-1
339,24,1121.537,78.725,126.920,117.241,0.610,-1,-1,-1
339,25,719.703,428.866,268.728,236.277,0.995,-1,-1,-1
339,27,1033.239,664.021,355.414,265.090,0.996,-1,-1,-1
340,20,407.014,739.743,439.057,342.008,0.955,-1,-1,-1
340,24,1121.007,76.990,127.390,116.915,0.553,-1,-1,-1
340,25,713.282,435.310,272.170,235.773,0.995,-1,-1,-1
340,27,1035.921,650.311,349.390,261.850,0.996,-1,-1,-1
341,20,395.657,749.833,446.351,332.423,0.888,-1,-1,-1
341,24,1121.053,75.365,127.390,116.915,0.553,-1,-1,-1
341,25,706.751,441.977,274.676,238.283,0.994,-1,-1,-1
341,27,1037.401,638.704,345.325,260.362,0.996,-1,-1,-1
342,20,386.810,760.442,446.230,322.600,0.848,-1,-1,-1
342,24,1121.156,73.980,127.390,116.915,0.553,-1,-1,-1
342,25,702.099,449.707,277.432,238.910,0.995,-1,-1,-1
342,27,1043.692,627.519,334.969,260.536,0.996,-1,-1,-1
343,20,376.554,770.102,446.230,308.898,0.848,-1,-1,-1
343,24,1121.205,73.117,127.390,116.915,0.553,-1,-1,-1
343,25,698.164,457.624,281.982,241.307,0.993,-1,-1,-1
343,27,1047.202,615.792,328.982,256.346,0.996,-1,-1,-1
344,20,366.447,781.014,446.230,297.986,0.848,-1,-1,-1
344,24,1121.177,72.552,127.390,116.915,0.553,-1,-1,-1
344,25,694.980,462.697,279.326,243.784,0.992,-1,-1,-1
344,27,1048.864,603.122,325.065,249.853,0.996,-1,-1,-1
345,20,355.837,793.864,446.230,285.136,0.848,-1,-1,-1
345,25,687.258,474.535,284.931,242.847,0.991,-1,-1,-1
345,27,1051.342,591.133,318.329,245.456,0.995,-1,-1,-1
346,20,344.269,809.369,446.230,269.631,0.848,-1,-1,-1
346,25,681.948,484.766,288.219,244.516,0.993,-1,-1,-1
346,27,1054.895,576.678,313.309,239.192,0.996,-1,-1,-1
347,25,674.762,492.910,296.502,248.147,0.993,-1,-1,-1
347,27,1054.857,560.455,313.038,238.442,0.997,-1,-1,-1
348,25,670.757,498.624,299.334,253.378,0.995,-1,-1,-1
348,27,1057.175,547.660,306.468,235.084,0.996,-1,-1,-1
349,25,664.615,505.970,304.880,259.348,0.996,-1,-1,-1
349,27,1058.202,537.419,301.539,232.336,0.996,-1,-1,-1
350,25,658.734,512.364,309.696,264.733,0.996,-1,-1,-1
350,27,1060.660,524.001,296.369,229.937,0.996,-1,-1,-1
351,25,654.900,522.452,312.399,266.098,0.996,-1,-1,-1
351,27,1064.354,512.363,286.927,228.877,0.996,-1,-1,-1
352,25,647.641,531.678,317.845,268.632,0.997,-1,-1,-1
352,27,1065.269,505.579,283.034,223.162,0.994,-1,-1,-1
353,25,642.519,536.810,320.517,276.288,0.998,-1,-1,-1
353,27,1069.498,499.731,273.526,212.656,0.992,-1,-1,-1
354,25,632.086,544.697,329.619,282.259,0.998,-1,-1,-1
354,27,1072.555,486.658,266.544,212.895,0.994,-1,-1,-1
354,29,998.403,828.907,429.695,256.066,0.523,-1,-1,-1
355,25,627.076,557.773,330.241,283.021,0.997,-1,-1,-1
355,27,1071.278,475.792,263.474,210.214,0.993,-1,-1,-1
355,29,1004.101,808.864,418.220,276.384,0.756,-1,-1,-1
356,25,620.861,569.983,335.274,286.382,0.998,-1,-1,-1
356,27,1070.059,466.086,258.549,207.770,0.991,-1,-1,-1
356,29,1009.991,789.248,404.499,295.683,0.909,-1,-1,-1
357,25,614.455,578.184,341.266,291.930,0.998,-1,-1,-1
357,27,1071.365,457.941,257.776,208.490,0.994,-1,-1,-1
357,29,1023.655,767.167,386.596,311.394,0.969,-1,-1,-1
358,25,609.827,586.175,344.224,294.309,0.998,-1,-1,-1
358,27,1072.819,445.650,253.662,206.878,0.990,-1,-1,-1
358,29,1029.656,755.517,377.455,306.944,0.984,-1,-1,-1
359,25,601.828,596.031,348.617,293.594,0.997,-1,-1,-1
359,27,1072.743,436.855,249.533,205.916,0.989,-1,-1,-1
359,29,1033.248,736.292,369.087,303.847,0.984,-1,-1,-1
360,25,594.304,607.087,352.059,296.240,0.997,-1,-1,-1
360,27,1073.763,429.186,245.118,199.507,0.987,-1,-1,-1
360,29,1035.293,719.334,366.549,298.212,0.990,-1,-1,-1
361,25,588.102,614.410,354.970,304.542,0.996,-1,-1,-1
361,27,1074.050,421.046,242.963,199.149,0.989,-1,-1,-1
361,29,1039.027,706.840,358.754,285.122,0.991,-1,-1,-1
362,25,582.516,623.247,356.831,307.556,0.995,-1,-1,-1
362,27,1074.849,409.382,236.498,197.456,0.984,-1,-1,-1
362,29,1045.582,687.400,347.827,280.276,0.992,-1,-1,-1
363,25,574.794,633.188,362.918,311.827,0.995,-1,-1,-1
363,27,1074.493,398.784,235.830,195.725,0.982,-1,-1,-1
363,29,1047.868,678.607,342.946,271.619,0.992,-1,-1,-1
364,25,564.775,640.840,368.786,319.003,0.994,-1,-1,-1
364,27,1079.881,392.818,229.541,191.935,0.986,-1,-1,-1
364,29,1050.154,667.723,337.402,264.585,0.994,-1,-1,-1
365,25,556.366,650.981,374.722,329.325,0.996,-1,-1,-1
365,27,1079.765,382.196,227.085,190.753,0.987,-1,-1,-1
365,29,1050.733,653.923,332.563,262.363,0.994,-1,-1,-1
366,25,545.833,662.171,381.788,340.148,0.996,-1,-1,-1
366,27,1081.304,375.934,224.307,186.067,0.989,-1,-1,-1
366,29,1055.501,640.819,324.186,259.759,0.995,-1,-1,-1
367,25,535.224,673.621,392.209,352.819,0.995,-1,-1,-1
367,27,1082.201,367.400,221.067,182.911,0.976,-1,-1,-1
367,29,1053.689,632.251,321.384,255.633,0.994,-1,-1,-1
368,25,524.470,684.682,399.982,362.573,0.992,-1,-1,-1
368,27,1083.766,360.461,216.369,178.458,0.977,-1,-1,-1
368,29,1055.841,620.958,316.997,254.190,0.995,-1,-1,-1
369,25,516.997,695.528,404.224,367.031,0.996,-1,-1,-1
369,27,1086.077,352.781,212.827,173.867,0.974,-1,-1,-1
369,29,1059.986,609.646,309.399,251.748,0.994,-1,-1,-1
370,25,504.660,707.702,414.215,368.797,0.994,-1,-1,-1
370,27,1088.649,344.183,209.325,171.924,0.983,-1,-1,-1
370,29,1059.221,595.815,307.577,246.967,0.993,-1,-1,-1
371,25,492.418,723.921,422.740,358.465,0.986,-1,-1,-1
371,27,1090.790,338.964,205.243,168.119,0.984,-1,-1,-1
371,29,1061.421,583.982,303.255,242.133,0.995,-1,-1,-1
372,25,476.430,739.542,436.356,342.252,0.978,-1,-1,-1
372,27,1089.907,331.459,204.242,165.839,0.983,-1,-1,-1
372,29,1060.965,573.630,297.930,236.208,0.995,-1,-1,-1
373,25,462.715,750.129,448.043,331.885,0.927,-1,-1,-1
373,27,1092.252,323.598,200.023,165.778,0.989,-1,-1,-1
373,29,1059.566,558.526,294.949,234.430,0.996,-1,-1,-1
374,25,455.667,765.292,454.479,317.556,0.797,-1,-1,-1
374,27,1095.959,319.585,195.789,161.863,0.984,-1,-1,-1
374,29,1060.318,552.280,290.310,226.478,0.996,-1,-1,-1
375,25,441.572,773.605,467.353,309.933,0.807,-1,-1,-1
375,27,1098.012,312.479,193.309,160.728,0.987,-1,-1,-1
375,29,1060.649,539.336,285.672,226.044,0.997,-1,-1,-1
376,25,434.063,782.240,467.353,296.760,0.807,-1,-1,-1
376,27,1100.179,306.494,188.944,160.089,0.985,-1,-1,-1
376,29,1059.299,529.545,283.983,221.516,0.997,-1,-1,-1
377,25,426.410,792.851,467.353,286.149,0.807,-1,-1,-1
377,27,1100.580,300.106,186.627,158.167,0.986,-1,-1,-1
377,29,1059.052,518.992,275.954,218.402,0.996,-1,-1,-1
378,25,418.322,805.908,467.353,273.092,0.807,-1,-1,-1
378,27,1102.525,295.289,185.500,155.488,0.987,-1,-1,-1
378,29,1061.616,509.910,269.467,216.663,0.996,-1,-1,-1
379,25,408.985,821.084,467.353,257.916,0.807,-1,-1,-1
379,27,1105.441,288.228,182.271,152.949,0.985,-1,-1,-1
379,29,1061.698,500.547,267.593,212.285,0.996,-1,-1,-1
380,27,1106.883,283.275,179.821,150.609,0.990,-1,-1,-1
380,29,1062.165,492.131,261.844,208.792,0.996,-1,-1,-1
381,27,1110.095,277.638,176.480,149.668,0.985,-1,-1,-1
381,29,1065.246,482.823,256.130,207.007,0.995,-1,-1,-1
382,27,1112.475,271.055,172.451,147.679,0.982,-1,-1,-1
382,29,1067.596,473.310,251.229,204.616,0.994,-1,-1,-1
383,27,1112.605,263.183,173.149,145.225,0.985,-1,-1,-1
383,29,1066.302,464.648,252.198,204.794,0.993,-1,-1,-1
384,27,1114.473,257.618,172.487,143.880,0.988,-1,-1,-1
384,29,1067.377,456.478,243.375,201.189,0.993,-1,-1,-1
385,27,1116.518,253.000,170.144,142.147,0.985,-1,-1,-1
385,29,1068.990,448.405,237.056,199.732,0.993,-1,-1,-1
386,27,1119.834,248.536,168.833,139.854,0.979,-1,-1,-1
386,29,1069.582,439.388,237.800,196.847,0.994,-1,-1,-1
387,27,1120.704,240.302,167.595,141.022,0.984,-1,-1,-1
387,29,1070.160,431.359,235.496,195.562,0.994,-1,-1,-1
388,27,1122.241,235.792,164.954,140.417,0.985,-1,-1,-1
388,29,1070.776,424.405,232.102,192.052,0.993,-1,-1,-1
389,27,1124.171,231.098,162.762,139.335,0.984,-1,-1,-1
389,29,1069.552,416.401,229.633,191.487,0.994,-1,-1,-1
390,27,1125.522,226.217,162.490,137.531,0.988,-1,-1,-1
390,29,1072.560,407.444,225.352,189.667,0.993,-1,-1,-1
391,27,1127.180,220.467,159.789,138.594,0.988,-1,-1,-1
391,29,1075.839,397.757,220.780,189.309,0.993,-1,-1,-1
392,27,1127.281,216.654,159.289,138.135,0.988,-1,-1,-1
392,29,1077.972,389.771,217.585,188.444,0.993,-1,-1,-1
393,27,1125.262,211.752,159.564,138.237,0.984,-1,-1,-1
393,29,1076.209,383.224,216.844,184.465,0.993,-1,-1,-1
394,27,1125.841,209.100,157.551,136.176,0.978,-1,-1,-1
394,29,1078.533,374.038,213.674,185.520,0.993,-1,-1,-1
395,27,1124.588,206.199,155.933,134.618,0.985,-1,-1,-1
395,29,1079.038,363.918,212.970,183.266,0.993,-1,-1,-1
396,27,1121.550,202.361,157.745,133.943,0.986,-1,-1,-1
396,29,1081.142,358.606,209.601,182.103,0.993,-1,-1,-1
397,27,1122.503,199.493,154.480,132.689,0.983,-1,-1,-1
397,29,1083.736,349.447,201.777,176.720,0.992,-1,-1,-1
398,27,1120.895,195.517,153.462,131.710,0.985,-1,-1,-1
398,29,1083.700,343.029,202.503,174.399,0.995,-1,-1,-1
398,32,992.528,72.847,123.514,108.392,0.549,-1,-1,-1
399,27,1121.144,192.347,150.019,130.706,0.985,-1,-1,-1
399,29,1085.469,336.586,199.077,173.495,0.994,-1,-1,-1
399,32,991.268,73.742,123.715,108.750,0.670,-1,-1,-1
400,27,1119.805,188.273,150.154,130.296,0.986,-1,-1,-1
400,29,1086.464,331.341,194.527,167.193,0.992,-1,-1,-1
400,32,989.967,75.733,124.685,109.455,0.597,-1,-1,-1
401,27,1119.768,184.397,150.815,130.586,0.981,-1,-1,-1
401,29,1086.963,326.213,194.418,165.653,0.992,-1,-1,-1
401,32,989.366,76.848,124.685,109.455,0.597,-1,-1,-1
402,27,1120.543,181.083,148.567,130.137,0.981,-1,-1,-1
402,29,1089.555,319.854,190.408,164.466,0.994,-1,-1,-1
402,32,988.959,77.641,124.685,109.455,0.597,-1,-1,-1
403,27,1122.273,177.263,146.665,127.905,0.982,-1,-1,-1
403,29,1092.257,314.488,185.398,161.526,0.992,-1,-1,-1
403,32,989.976,82.173,124.470,107.327,0.554,-1,-1,-1
404,27,1121.192,173.713,145.983,127.126,0.982,-1,-1,-1
404,29,1091.943,308.830,186.681,160.611,0.993,-1,-1,-1
404,32,987.776,84.083,123.911,106.868,0.687,-1,-1,-1
405,27,1121.624,168.350,145.529,126.208,0.984,-1,-1,-1
405,29,1093.140,303.631,182.685,158.940,0.993,-1,-1,-1
405,32,986.299,84.628,124.488,107.905,0.761,-1,-1,-1
406,27,1124.225,164.184,145.782,125.260,0.983,-1,-1,-1
406,29,1095.658,298.264,181.096,155.955,0.989,-1,-1,-1
406,32,985.615,86.487,125.127,107.525,0.821,-1,-1,-1
407,27,1125.425,160.450,145.644,124.882,0.983,-1,-1,-1
407,29,1096.266,293.322,181.600,154.941,0.991,-1,-1,-1
407,32,984.176,88.638,126.088,107.330,0.774,-1,-1,-1
408,27,1126.621,157.921,144.180,124.466,0.977,-1,-1,-1
408,29,1097.488,288.498,178.018,154.077,0.994,-1,-1,-1
408,32,981.365,91.059,127.304,107.594,0.747,-1,-1,-1
409,27,1129.224,155.938,140.912,123.499,0.975,-1,-1,-1
409,29,1099.918,282.226,173.544,151.009,0.993,-1,-1,-1
409,32,981.073,92.585,127.152,107.493,0.806,-1,-1,-1
410,27,1130.279,152.964,142.261,123.467,0.968,-1,-1,-1
410,29,1101.349,277.139,169.937,148.492,0.992,-1,-1,-1
410,32,979.316,93.407,128.147,108.799,0.862,-1,-1,-1
411,27,1132.389,149.373,141.001,122.757,0.968,-1,-1,-1
411,29,1102.766,269.749,167.489,149.459,0.990,-1,-1,-1
411,32,980.254,95.585,126.772,107.653,0.901,-1,-1,-1
412,27,1133.962,146.616,139.883,122.348,0.970,-1,-1,-1
412,29,1103.784,265.459,165.846,144.758,0.987,-1,-1,-1
412,32,978.709,98.355,126.929,106.591,0.905,-1,-1,-1
413,27,1135.377,143.033,140.549,121.562,0.969,-1,-1,-1
413,29,1104.206,259.454,166.171,144.916,0.987,-1,-1,-1
413,32,976.893,98.588,128.238,108.906,0.927,-1,-1,-1
414,27,1136.710,139.631,138.864,120.040,0.953,-1,-1,-1
414,29,1104.915,253.990,164.777,143.473,0.990,-1,-1,-1
414,32,974.904,100.600,129.642,109.269,0.926,-1,-1,-1
415,27,1136.614,135.202,137.805,121.168,0.961,-1,-1,-1
415,29,1104.341,249.822,164.471,141.517,0.989,-1,-1,-1
415,32,973.604,103.015,128.860,109.960,0.943,-1,-1,-1
416,27,1138.717,131.777,134.891,119.637,0.950,-1,-1,-1
416,29,1105.792,245.275,160.882,140.110,0.984,-1,-1,-1
416,32,972.086,103.916,129.749,110.947,0.951,-1,-1,-1
417,27,1140.098,130.476,134.378,118.553,0.944,-1,-1,-1
417,29,1107.029,240.437,158.814,139.811,0.987,-1,-1,-1
417,32,970.940,106.319,130.805,110.757,0.952,-1,-1,-1
418,27,1140.785,127.230,134.342,118.193,0.932,-1,-1,-1
418,29,1108.490,235.614,158.351,137.762,0.988,-1,-1,-1
418,32,970.815,108.281,130.877,111.588,0.960,-1,-1,-1
419,27,1141.711,123.971,133.882,117.886,0.900,-1,-1,-1
419,29,1110.609,231.510,155.741,138.228,0.992,-1,-1,-1
419,32,969.714,109.399,131.382,113.221,0.962,-1,-1,-1
420,27,1140.476,122.520,134.225,117.386,0.889,-1,-1,-1
420,29,1110.026,227.305,154.959,136.541,0.992,-1,-1,-1
420,32,967.466,111.086,131.200,114.869,0.975,-1,-1,-1
421,27,1141.044,120.632,133.374,116.478,0.861,-1,-1,-1
421,29,1109.820,222.558,153.211,136.089,0.987,-1,-1,-1
421,32,968.146,112.620,130.711,115.007,0.966,-1,-1,-1
422,27,1140.294,118.102,134.291,118.157,0.827,-1,-1,-1
422,29,1110.985,218.231,152.930,135.373,0.989,-1,-1,-1
422,32,965.360,114.074,131.553,115.879,0.963,-1,-1,-1
423,27,1140.698,115.589,133.590,117.811,0.839,-1,-1,-1
423,29,1111.727,215.699,152.586,134.164,0.988,-1,-1,-1
423,32,963.511,115.154,132.245,117.223,0.980,-1,-1,-1
424,27,1139.445,113.760,133.716,116.561,0.884,-1,-1,-1
424,29,1112.161,212.105,151.691,134.031,0.993,-1,-1,-1
424,32,960.300,116.629,130.582,116.693,0.959,-1,-1,-1
425,27,1139.889,112.015,132.947,114.714,0.882,-1,-1,-1
425,29,1112.350,208.029,151.726,133.326,0.993,-1,-1,-1
425,32,959.013,118.716,131.145,117.319,0.977,-1,-1,-1
426,27,1138.589,109.047,132.793,114.195,0.842,-1,-1,-1
426,29,1114.748,204.811,149.573,131.848,0.992,-1,-1,-1
426,32,956.686,120.397,131.979,117.111,0.971,-1,-1,-1
427,27,1138.163,107.896,132.879,111.335,0.816,-1,-1,-1
427,29,1116.743,202.571,148.908,130.798,0.993,-1,-1,-1
427,32,955.949,124.281,132.341,117.174,0.976,-1,-1,-1
428,27,1137.990,106.584,131.909,109.129,0.831,-1,-1,-1
428,29,1119.131,199.743,147.033,130.012,0.993,-1,-1,-1
428,32,954.458,127.733,133.042,118.508,0.980,-1,-1,-1
429,27,1136.848,104.334,131.174,109.282,0.772,-1,-1,-1
429,29,1121.862,196.846,146.270,129.422,0.992,-1,-1,-1
429,32,951.992,130.955,135.138,118.826,0.981,-1,-1,-1
430,27,1136.240,101.494,129.990,108.824,0.683,-1,-1,-1
430,29,1122.615,193.075,145.451,128.520,0.989,-1,-1,-1
430,32,950.524,132.677,136.686,119.593,0.988,-1,-1,-1
431,27,1136.495,99.463,127.827,107.327,0.613,-1,-1,-1
431,29,1123.163,188.572,145.956,127.903,0.990,-1,-1,-1
431,32,950.338,134.601,135.356,120.289,0.988,-1,-1,-1
432,27,1135.004,98.372,127.310,106.227,0.505,-1,-1,-1
432,29,1125.841,185.959,144.146,128.096,0.992,-1,-1,-1
432,32,948.691,136.299,134.974,121.352,0.989,-1,-1,-1
433,27,1133.952,96.138,127.310,106.227,0.505,-1,-1,-1
433,29,1129.260,182.950,142.552,126.914,0.991,-1,-1,-1
433,32,947.179,138.422,136.746,122.219,0.989,-1,-1,-1
434,27,1133.239,93.958,127.310,106.227,0.505,-1,-1,-1
434,29,1132.334,179.377,142.449,126.587,0.990,-1,-1,-1
434,32,946.444,140.502,137.866,122.463,0.992,-1,-1,-1
435,27,1132.771,92.217,127.310,106.227,0.505,-1,-1,-1
435,29,1134.227,174.316,142.427,126.316,0.989,-1,-1,-1
435,32,945.391,142.941,137.545,122.755,0.992,-1,-1,-1
436,27,1132.392,90.855,127.310,106.227,0.505,-1,-1,-1
436,29,1134.469,171.130,141.778,125.125,0.990,-1,-1,-1
436,32,943.208,145.984,138.027,123.625,0.993,-1,-1,-1
437,29,1136.142,167.251,140.451,126.012,0.990,-1,-1,-1
437,32,941.848,148.553,138.589,124.555,0.991,-1,-1,-1
438,29,1138.951,163.429,139.070,124.685,0.991,-1,-1,-1
438,32,941.474,149.377,139.218,125.441,0.993,-1,-1,-1
439,29,1140.330,160.347,138.579,123.932,0.989,-1,-1,-1
439,32,941.427,151.912,139.194,125.647,0.993,-1,-1,-1
440,29,1141.484,158.105,136.480,122.652,0.989,-1,-1,-1
440,32,939.603,154.472,140.497,125.219,0.993,-1,-1,-1
441,29,1143.103,156.777,136.000,122.305,0.988,-1,-1,-1
441,32,936.752,156.865,142.871,125.776,0.994,-1,-1,-1
442,29,1143.362,153.985,135.104,120.511,0.987,-1,-1,-1
442,32,935.495,159.748,142.639,126.626,0.994,-1,-1,-1
443,29,1144.141,151.092,135.208,120.519,0.986,-1,-1,-1
443,32,933.956,162.802,143.484,127.117,0.995,-1,-1,-1
444,29,1145.313,149.349,134.290,119.116,0.986,-1,-1,-1
444,32,933.727,166.668,143.823,127.666,0.996,-1,-1,-1
445,29,1144.985,145.877,132.445,118.152,0.981,-1,-1,-1
445,32,932.892,168.850,143.175,128.925,0.997,-1,-1,-1
446,29,1144.114,143.869,132.615,117.143,0.970,-1,-1,-1
446,32,930.694,170.867,146.874,130.423,0.997,-1,-1,-1
447,29,1142.828,141.169,133.476,116.253,0.972,-1,-1,-1
447,32,928.971,173.239,148.042,130.954,0.997,-1,-1,-1
448,29,1141.835,140.976,131.657,113.868,0.970,-1,-1,-1
448,32,926.856,177.175,148.941,130.676,0.997,-1,-1,-1
449,29,1141.984,139.448,131.472,111.140,0.958,-1,-1,-1
449,32,925.576,180.224,150.208,131.013,0.997,-1,-1,-1
450,29,1142.340,136.368,129.660,111.445,0.956,-1,-1,-1
450,32,925.712,183.635,150.134,130.346,0.997,-1,-1,-1
451,29,1140.531,130.946,128.957,112.966,0.971,-1,-1,-1
451,32,924.561,186.422,148.176,131.189,0.998,-1,-1,-1
452,29,1138.111,126.265,129.389,113.910,0.969,-1,-1,-1
452,32,921.834,189.692,149.130,132.044,0.998,-1,-1,-1
453,29,1137.745,123.051,128.543,113.662,0.967,-1,-1,-1
453,32,919.239,192.900,152.654,131.962,0.998,-1,-1,-1
454,29,1138.277,120.878,127.251,112.966,0.968,-1,-1,-1
454,32,918.306,196.134,152.840,131.850,0.998,-1,-1,-1
455,29,1138.750,119.624,126.961,110.797,0.959,-1,-1,-1
455,32,917.762,200.079,153.917,132.726,0.998,-1,-1,-1
456,29,1138.941,119.145,126.300,108.233,0.948,-1,-1,-1
456,32,914.165,203.068,156.545,135.715,0.998,-1,-1,-1
457,29,1137.023,115.866,124.627,107.803,0.944,-1,-1,-1
457,32,913.099,207.576,154.813,135.836,0.998,-1,-1,-1
458,29,1136.928,113.748,124.767,107.182,0.934,-1,-1,-1
458,32,909.969,211.003,156.526,137.014,0.998,-1,-1,-1
459,29,1136.566,110.641,124.761,106.718,0.930,-1,-1,-1
459,32,909.075,213.403,158.268,137.181,0.998,-1,-1,-1
459,39,992.002,92.522,128.676,102.998,0.640,-1,-1,-1
460,29,1136.997,108.476,123.805,106.155,0.906,-1,-1,-1
460,32,907.399,217.171,158.898,138.319,0.998,-1,-1,-1
460,39,989.971,93.742,128.828,103.625,0.717,-1,-1,-1
461,29,1137.277,108.116,122.049,104.315,0.904,-1,-1,-1
461,32,906.580,222.004,157.881,137.952,0.998,-1,-1,-1
461,39,989.084,97.298,128.579,102.464,0.755,-1,-1,-1
462,29,1136.811,106.410,122.557,103.686,0.876,-1,-1,-1
462,32,902.950,225.637,160.360,139.392,0.998,-1,-1,-1
462,39,987.914,98.141,128.818,103.504,0.855,-1,-1,-1
463,29,1136.400,103.855,122.834,104.081,0.862,-1,-1,-1
463,32,900.138,227.977,161.518,141.971,0.997,-1,-1,-1
463,39,986.828,97.241,129.004,106.345,0.914,-1,-1,-1
464,29,1136.063,102.699,123.309,103.054,0.856,-1,-1,-1
464,32,896.958,230.714,163.477,143.197,0.998,-1,-1,-1
464,39,985.077,99.361,128.795,106.868,0.921,-1,-1,-1
465,29,1137.456,100.472,122.147,102.050,0.741,-1,-1,-1
465,32,894.549,235.325,163.957,145.798,0.998,-1,-1,-1
465,39,983.781,100.715,130.182,108.349,0.917,-1,-1,-1
466,29,1136.205,97.227,123.919,104.086,0.819,-1,-1,-1
466,32,890.738,239.426,168.484,149.570,0.998,-1,-1,-1
466,39,983.917,102.365,130.235,109.139,0.940,-1,-1,-1
467,29,1138.051,95.833,120.646,102.880,0.728,-1,-1,-1
467,32,887.982,243.037,170.169,149.859,0.998,-1,-1,-1
467,39,982.280,104.600,131.231,107.493,0.925,-1,-1,-1
468,29,1137.974,94.987,120.482,102.308,0.617,-1,-1,-1
468,32,885.249,249.223,169.496,149.882,0.998,-1,-1,-1
468,39,980.341,105.831,131.517,109.691,0.938,-1,-1,-1
469,29,1138.045,93.131,120.482,102.308,0.617,-1,-1,-1
469,32,883.949,252.159,167.933,153.317,0.997,-1,-1,-1
469,39,978.111,106.849,133.114,112.211,0.951,-1,-1,-1
470,29,1137.964,91.683,120.482,102.308,0.617,-1,-1,-1
470,32,881.278,256.113,169.949,153.440,0.998,-1,-1,-1
470,39,975.691,108.238,135.407,114.382,0.957,-1,-1,-1
471,29,1134.594,84.780,124.174,106.832,0.634,-1,-1,-1
471,32,878.136,259.782,172.302,156.157,0.998,-1,-1,-1
471,39,976.266,111.236,134.274,113.679,0.950,-1,-1,-1
472,29,1134.251,83.191,124.174,106.832,0.634,-1,-1,-1
472,32,874.451,264.497,175.668,157.531,0.997,-1,-1,-1
472,39,963.463,117.459,139.132,113.213,0.964,-1,-1,-1
473,29,1133.367,82.156,122.668,104.875,0.511,-1,-1,-1
473,32,871.568,270.959,175.694,158.186,0.997,-1,-1,-1
473,39,970.172,115.073,135.784,115.307,0.972,-1,-1,-1
474,29,1132.072,82.044,124.227,104.156,0.553,-1,-1,-1
474,32,867.288,277.629,179.776,159.046,0.997,-1,-1,-1
474,39,968.152,117.393,137.209,117.267,0.970,-1,-1,-1
475,29,1131.354,80.380,124.227,104.156,0.553,-1,-1,-1
475,32,864.199,282.189,181.121,159.863,0.997,-1,-1,-1
475,39,968.043,119.141,137.206,118.194,0.978,-1,-1,-1
476,29,1132.205,76.505,119.598,103.522,0.515,-1,-1,-1
476,32,860.790,287.465,182.625,159.907,0.997,-1,-1,-1
476,39,966.619,121.349,137.420,118.721,0.982,-1,-1,-1
477,29,1130.594,75.859,121.604,103.394,0.522,-1,-1,-1
477,32,857.112,291.913,183.694,162.247,0.997,-1,-1,-1
477,39,962.335,124.764,139.784,119.444,0.985,-1,-1,-1
478,29,1130.088,74.533,121.604,103.394,0.522,-1,-1,-1
478,32,852.666,296.648,185.543,164.193,0.997,-1,-1,-1
478,39,961.511,126.153,138.953,120.215,0.986,-1,-1,-1
479,29,1129.703,73.207,121.604,103.394,0.522,-1,-1,-1
479,32,849.326,299.817,188.332,167.777,0.998,-1,-1,-1
479,39,960.102,128.863,140.090,121.053,0.988,-1,-1,-1
480,29,1129.323,72.013,121.604,103.394,0.522,-1,-1,-1
480,32,845.428,303.953,190.174,170.886,0.998,-1,-1,-1
480,39,956.744,132.256,142.392,122.249,0.991,-1,-1,-1
481,29,1129.227,71.593,121.604,103.394,0.522,-1,-1,-1
481,32,842.355,311.742,190.301,169.612,0.997,-1,-1,-1
481,39,954.767,137.008,141.286,121.747,0.992,-1,-1,-1
482,32,838.993,318.010,192.290,172.049,0.997,-1,-1,-1
482,39,954.178,139.129,142.590,121.920,0.994,-1,-1,-1
483,32,837.324,323.653,192.918,172.224,0.996,-1,-1,-1
483,39,954.085,142.069,142.703,122.256,0.995,-1,-1,-1
484,32,832.230,329.505,195.963,174.000,0.997,-1,-1,-1
484,39,951.110,145.394,143.785,123.187,0.995,-1,-1,-1
485,32,825.492,335.820,201.275,178.307,0.998,-1,-1,-1
485,39,947.492,148.898,144.581,123.259,0.996,-1,-1,-1
486,32,821.494,340.999,203.349,182.453,0.997,-1,-1,-1
486,39,945.370,151.735,144.744,125.142,0.995,-1,-1,-1
487,32,815.858,345.227,207.389,184.268,0.996,-1,-1,-1
487,39,943.941,154.183,144.407,125.229,0.995,-1,-1,-1
488,32,811.108,353.119,208.281,185.064,0.995,-1,-1,-1
488,39,941.642,156.688,146.285,126.623,0.996,-1,-1,-1
489,32,805.539,360.417,214.451,188.113,0.992,-1,-1,-1
489,39,938.283,160.710,147.431,127.684,0.995,-1,-1,-1
490,32,799.178,365.579,216.570,192.393,0.996,-1,-1,-1
490,39,936.404,164.610,147.873,127.988,0.995,-1,-1,-1
491,32,794.563,373.703,219.054,193.112,0.997,-1,-1,-1
491,39,934.475,168.704,148.715,128.258,0.995,-1,-1,-1
492,32,789.320,380.641,222.469,194.885,0.997,-1,-1,-1
492,39,929.778,172.383,151.195,130.137,0.996,-1,-1,-1
493,32,783.124,386.407,226.096,197.986,0.997,-1,-1,-1
493,39,926.272,175.503,154.149,130.508,0.996,-1,-1,-1
494,32,777.700,394.247,228.683,198.947,0.997,-1,-1,-1
494,39,923.341,179.301,156.292,131.506,0.996,-1,-1,-1
495,32,773.112,400.344,230.710,200.374,0.997,-1,-1,-1
495,39,921.947,181.665,156.097,132.555,0.996,-1,-1,-1
496,32,766.626,408.622,233.760,201.708,0.997,-1,-1,-1
496,39,920.513,186.547,154.306,131.595,0.997,-1,-1,-1
497,32,757.838,416.404,235.601,202.396,0.997,-1,-1,-1
497,39,915.574,190.249,156.691,131.983,0.997,-1,-1,-1
498,32,750.525,423.660,239.429,203.107,0.997,-1,-1,-1
498,39,913.547,194.639,158.058,132.204,0.998,-1,-1,-1
499,32,746.412,428.726,242.584,208.030,0.997,-1,-1,-1
499,39,911.432,197.430,159.496,134.771,0.998,-1,-1,-1
500,32,743.074,439.818,246.734,208.865,0.996,-1,-1,-1
500,39,907.761,202.490,162.611,135.098,0.998,-1,-1,-1
501,32,736.325,447.593,248.528,211.692,0.997,-1,-1,-1
501,39,904.678,207.498,162.100,136.007,0.998,-1,-1,-1
502,32,728.796,458.271,249.886,209.337,0.997,-1,-1,-1
502,39,900.023,211.781,165.566,136.464,0.997,-1,-1,-1
503,32,721.408,465.444,253.379,212.111,0.996,-1,-1,-1
503,39,896.512,215.649,166.389,139.527,0.997,-1,-1,-1
504,32,716.271,470.897,255.582,215.451,0.997,-1,-1,-1
504,39,894.563,220.930,166.155,139.552,0.997,-1,-1,-1
505,32,709.015,481.270,261.207,217.564,0.998,-1,-1,-1
505,39,890.341,225.209,167.750,140.963,0.998,-1,-1,-1
506,32,702.419,491.066,265.680,217.576,0.997,-1,-1,-1
506,39,885.061,230.518,171.356,142.698,0.998,-1,-1,-1
507,32,696.453,499.677,267.924,220.473,0.998,-1,-1,-1
507,39,882.532,234.954,172.161,143.941,0.998,-1,-1,-1
508,32,690.322,505.915,271.602,223.937,0.998,-1,-1,-1
508,39,877.924,241.868,173.962,144.509,0.997,-1,-1,-1
509,32,682.764,513.281,276.138,229.616,0.998,-1,-1,-1
509,39,873.404,247.089,175.974,148.360,0.997,-1,-1,-1
510,32,676.440,524.267,279.678,231.927,0.998,-1,-1,-1
510,39,870.385,252.821,176.636,150.105,0.996,-1,-1,-1
511,32,670.490,533.115,284.647,238.074,0.998,-1,-1,-1
511,39,868.374,257.230,178.864,153.012,0.997,-1,-1,-1
512,32,665.805,543.403,288.587,240.862,0.998,-1,-1,-1
512,39,863.836,262.368,181.642,154.957,0.996,-1,-1,-1
513,32,657.369,551.909,292.682,243.099,0.999,-1,-1,-1
513,39,858.206,269.023,182.624,156.781,0.997,-1,-1,-1
514,32,649.388,560.067,298.652,248.940,0.999,-1,-1,-1
514,39,851.673,276.643,188.754,159.799,0.997,-1,-1,-1
515,32,642.694,572.788,301.049,250.170,0.999,-1,-1,-1
515,39,848.734,284.426,190.544,159.813,0.995,-1,-1,-1
516,32,635.615,583.999,308.221,252.325,0.998,-1,-1,-1
516,39,846.698,291.294,189.349,159.379,0.996,-1,-1,-1
517,32,627.520,593.731,313.086,260.385,0.998,-1,-1,-1
517,39,841.071,296.525,193.583,163.406,0.997,-1,-1,-1
518,32,622.567,604.488,311.598,264.261,0.998,-1,-1,-1
518,39,836.641,302.477,195.347,166.972,0.998,-1,-1,-1
519,32,617.807,613.510,315.721,267.705,0.998,-1,-1,-1
519,39,829.953,309.033,200.972,170.660,0.997,-1,-1,-1
520,32,610.307,626.320,321.190,266.795,0.998,-1,-1,-1
520,39,825.568,317.654,202.119,171.989,0.997,-1,-1,-1
521,32,604.469,635.508,324.001,268.672,0.998,-1,-1,-1
521,39,821.890,327.893,202.360,168.551,0.996,-1,-1,-1
522,32,598.803,645.027,325.464,273.018,0.997,-1,-1,-1
522,39,814.883,335.264,207.119,176.212,0.997,-1,-1,-1
523,32,590.853,654.625,330.657,278.793,0.997,-1,-1,-1
523,39,807.778,341.877,212.498,179.095,0.998,-1,-1,-1
524,32,580.204,665.161,337.472,281.185,0.997,-1,-1,-1
524,39,800.787,347.385,218.136,185.607,0.997,-1,-1,-1
525,32,570.072,676.309,345.603,289.638,0.995,-1,-1,-1
525,39,793.925,356.381,221.081,186.073,0.997,-1,-1,-1
526,32,558.606,685.861,357.340,307.209,0.995,-1,-1,-1
526,39,787.180,365.850,225.439,192.224,0.997,-1,-1,-1
527,32,550.406,698.688,364.298,321.147,0.993,-1,-1,-1
527,39,782.697,375.916,230.288,195.858,0.997,-1,-1,-1
528,32,537.607,710.754,373.690,332.701,0.991,-1,-1,-1
528,39,776.075,383.626,235.217,199.178,0.997,-1,-1,-1
529,32,525.780,721.902,379.626,337.543,0.990,-1,-1,-1
529,39,768.951,393.134,236.933,198.928,0.996,-1,-1,-1
530,32,514.691,736.728,381.232,338.843,0.986,-1,-1,-1
530,39,759.952,401.806,243.315,200.115,0.997,-1,-1,-1
531,32,499.305,749.878,390.155,332.425,0.974,-1,-1,-1
531,39,753.620,412.164,247.185,200.784,0.998,-1,-1,-1
532,32,486.494,764.959,401.054,317.810,0.893,-1,-1,-1
532,39,745.865,419.879,252.157,203.272,0.998,-1,-1,-1
533,32,471.586,782.603,413.269,300.938,0.770,-1,-1,-1
533,39,739.149,431.042,255.062,205.967,0.998,-1,-1,-1
534,32,458.013,797.589,422.806,286.349,0.574,-1,-1,-1
534,39,732.126,441.864,259.435,210.459,0.997,-1,-1,-1
535,32,448.992,808.136,422.806,270.864,0.574,-1,-1,-1
535,39,723.958,452.990,264.146,212.044,0.998,-1,-1,-1
536,32,440.282,820.319,422.806,258.681,0.574,-1,-1,-1
536,39,718.007,463.376,268.537,211.431,0.998,-1,-1,-1
537,32,430.940,834.854,422.806,244.146,0.574,-1,-1,-1
537,39,709.284,473.055,273.167,214.288,0.999,-1,-1,-1
538,32,421.307,851.403,422.806,227.597,0.574,-1,-1,-1
538,39,702.641,485.169,278.489,217.352,0.999,-1,-1,-1
539,39,695.359,498.361,282.977,216.668,0.999,-1,-1,-1
540,39,687.723,509.145,287.919,219.622,0.999,-1,-1,-1
541,39,678.053,519.397,294.776,226.487,0.999,-1,-1,-1
542,39,668.222,531.395,302.841,236.863,0.999,-1,-1,-1
543,39,660.204,546.833,309.512,236.990,0.999,-1,-1,-1
544,39,654.393,559.034,310.154,236.509,0.999,-1,-1,-1
545,39,644.470,572.062,315.690,242.638,0.999,-1,-1,-1
546,39,629.336,587.780,324.065,245.988,0.999,-1,-1,-1
547,39,623.054,600.645,329.619,253.838,0.999,-1,-1,-1
548,39,617.599,616.758,332.660,255.888,0.999,-1,-1,-1
549,39,607.823,630.721,339.901,257.511,0.999,-1,-1,-1
550,39,597.971,643.889,346.569,262.206,0.999,-1,-1,-1
551,39,589.373,656.058,348.482,265.818,0.999,-1,-1,-1
552,39,574.530,670.585,357.568,272.049,0.999,-1,-1,-1
553,39,561.409,683.451,367.953,282.419,0.998,-1,-1,-1
554,39,546.154,700.119,379.969,299.979,0.997,-1,-1,-1
555,39,527.329,715.629,396.436,316.583,0.996,-1,-1,-1
556,39,512.654,733.691,404.460,326.274,0.995,-1,-1,-1
557,39,489.839,747.974,415.580,331.231,0.990,-1,-1,-1
558,39,470.250,767.895,428.314,315.542,0.977,-1,-1,-1
559,39,451.593,790.111,439.315,293.871,0.947,-1,-1,-1
560,39,438.208,812.833,449.785,271.341,0.833,-1,-1,-1
561,39,415.557,835.410,462.298,248.614,0.612,-1,-1,-1
562,39,402.296,849.694,462.298,229.306,0.612,-1,-1,-1
562,45,1006.999,76.351,121.307,104.532,0.511,-1,-1,-1
563,39,388.983,866.608,462.298,212.392,0.612,-1,-1,-1
563,45,1008.074,78.069,121.149,104.917,0.641,-1,-1,-1
564,39,375.675,886.453,462.298,192.547,0.612,-1,-1,-1
564,45,1008.924,78.923,121.149,104.917,0.641,-1,-1,-1
565,39,361.282,909.327,462.298,169.673,0.612,-1,-1,-1
565,45,1009.526,79.471,121.149,104.917,0.641,-1,-1,-1
566,45,1009.920,79.875,121.149,104.917,0.641,-1,-1,-1
567,45,1004.811,86.382,121.947,100.723,0.546,-1,-1,-1
568,45,1003.891,86.243,122.714,102.418,0.677,-1,-1,-1
569,45,1003.598,87.752,122.998,103.077,0.867,-1,-1,-1
570,45,1002.637,89.442,123.372,103.323,0.890,-1,-1,-1
571,45,1003.389,90.651,122.875,102.624,0.847,-1,-1,-1
572,45,1002.402,91.369,123.057,103.386,0.896,-1,-1,-1
573,45,1000.665,94.711,123.922,102.412,0.683,-1,-1,-1
574,45,999.819,97.437,124.062,101.773,0.856,-1,-1,-1
575,45,999.073,97.853,124.432,102.980,0.915,-1,-1,-1
576,45,1000.336,99.563,124.138,102.609,0.941,-1,-1,-1
577,45,998.520,101.486,125.375,103.308,0.962,-1,-1,-1
578,45,996.458,103.053,126.207,104.185,0.967,-1,-1,-1
579,45,996.371,104.046,126.900,105.174,0.971,-1,-1,-1
580,45,996.388,104.213,128.113,107.603,0.980,-1,-1,-1
581,45,998.196,106.501,126.998,107.510,0.974,-1,-1,-1
582,45,996.798,108.091,127.907,107.787,0.978,-1,-1,-1
583,45,995.118,109.860,128.953,108.976,0.983,-1,-1,-1
584,45,994.997,111.694,128.964,108.952,0.983,-1,-1,-1
585,45,992.640,113.858,130.472,111.920,0.980,-1,-1,-1
586,45,991.292,115.067,132.158,113.445,0.983,-1,-1,-1
587,45,990.997,116.452,133.348,114.985,0.969,-1,-1,-1
588,45,990.613,117.925,132.193,115.561,0.970,-1,-1,-1
589,45,988.823,120.195,131.741,116.131,0.975,-1,-1,-1
590,45,986.414,121.431,134.100,119.237,0.962,-1,-1,-1
591,45,987.198,124.168,133.320,117.351,0.983,-1,-1,-1
592,45,986.679,126.726,133.107,117.101,0.985,-1,-1,-1
593,45,984.922,128.974,134.355,117.062,0.983,-1,-1,-1
594,45,980.997,130.955,134.833,118.224,0.982,-1,-1,-1
595,45,979.526,132.456,134.641,118.205,0.988,-1,-1,-1
596,45,978.014,134.705,136.875,119.157,0.990,-1,-1,-1
597,45,976.664,137.146,137.838,120.688,0.992,-1,-1,-1
598,45,974.160,141.329,140.810,120.946,0.992,-1,-1,-1
599,45,972.873,142.839,139.675,120.903,0.993,-1,-1,-1
600,45,970.551,144.587,140.666,121.609,0.993,-1,-1,-1
601,45,969.170,147.498,139.830,122.548,0.993,-1,-1,-1
602,45,968.200,151.103,140.085,122.967,0.990,-1,-1,-1
603,45,967.436,152.675,141.490,124.386,0.991,-1,-1,-1
604,45,966.126,154.523,142.070,125.181,0.988,-1,-1,-1
605,45,963.401,157.248,142.117,125.861,0.987,-1,-1,-1
606,45,960.570,159.801,144.966,127.196,0.986,-1,-1,-1
607,45,958.688,162.680,145.465,126.940,0.991,-1,-1,-1
608,45,957.486,165.719,146.030,126.916,0.992,-1,-1,-1
609,45,954.736,168.625,147.971,127.984,0.989,-1,-1,-1
610,45,951.553,171.124,147.757,130.057,0.992,-1,-1,-1
611,45,951.338,175.239,148.162,129.650,0.992,-1,-1,-1
612,45,950.897,178.312,149.281,128.770,0.994,-1,-1,-1
613,45,948.588,181.201,151.591,130.103,0.994,-1,-1,-1
614,45,946.536,185.625,150.177,130.692,0.996,-1,-1,-1
615,45,944.503,188.574,151.108,130.120,0.996,-1,-1,-1
616,45,942.598,191.323,150.721,130.660,0.995,-1,-1,-1
617,45,940.515,195.003,150.658,130.922,0.994,-1,-1,-1
618,45,938.049,197.209,150.208,131.741,0.996,-1,-1,-1
619,45,936.447,200.310,152.309,132.115,0.995,-1,-1,-1
620,45,934.153,202.638,153.642,133.950,0.995,-1,-1,-1
621,45,930.998,207.096,153.307,132.816,0.994,-1,-1,-1
622,45,927.342,211.067,155.680,133.662,0.992,-1,-1,-1
623,45,925.093,213.987,156.519,135.487,0.994,-1,-1,-1
624,45,922.748,218.027,158.943,136.340,0.994,-1,-1,-1
625,45,920.848,222.177,158.915,137.332,0.996,-1,-1,-1
626,45,917.506,225.069,158.847,139.054,0.997,-1,-1,-1
627,45,914.814,229.605,160.070,138.497,0.997,-1,-1,-1
628,45,912.369,233.266,161.217,139.964,0.997,-1,-1,-1
629,45,910.073,237.210,163.262,140.680,0.997,-1,-1,-1
630,45,906.902,241.425,164.828,141.740,0.998,-1,-1,-1
631,45,902.761,245.437,167.730,144.458,0.997,-1,-1,-1
632,45,899.191,249.460,170.614,146.298,0.997,-1,-1,-1
633,45,895.891,254.033,173.170,147.746,0.997,-1,-1,-1
634,45,893.784,258.128,173.351,150.004,0.995,-1,-1,-1
635,45,890.304,261.812,174.878,150.779,0.997,-1,-1,-1
636,45,889.257,266.977,176.060,151.190,0.997,-1,-1,-1
637,45,886.561,271.538,175.364,154.540,0.997,-1,-1,-1
638,45,882.781,277.633,175.549,154.529,0.996,-1,-1,-1
639,45,879.267,283.951,178.539,156.345,0.996,-1,-1,-1
640,45,875.578,290.068,182.667,157.684,0.997,-1,-1,-1
641,45,874.106,295.303,182.019,156.412,0.996,-1,-1,-1
642,45,870.746,301.771,182.614,156.490,0.996,-1,-1,-1
643,45,866.372,304.977,185.890,161.692,0.997,-1,-1,-1
644,45,862.203,309.934,185.567,162.525,0.997,-1,-1,-1
645,45,857.958,316.849,187.980,164.201,0.997,-1,-1,-1
646,45,853.786,322.827,192.573,167.734,0.997,-1,-1,-1
647,45,850.638,329.348,194.137,167.306,0.997,-1,-1,-1
648,45,846.826,335.908,197.092,166.993,0.996,-1,-1,-1
649,45,843.068,340.116,197.938,173.451,0.997,-1,-1,-1
650,45,837.414,346.774,200.772,174.443,0.997,-1,-1,-1
651,45,834.302,353.109,202.817,175.887,0.997,-1,-1,-1
652,45,829.329,358.715,206.366,181.183,0.997,-1,-1,-1
653,45,821.724,366.401,211.540,180.946,0.997,-1,-1,-1
654,45,816.789,373.454,212.700,185.388,0.996,-1,-1,-1
655,45,810.808,381.898,217.485,185.135,0.997,-1,-1,-1
656,45,806.098,388.655,220.780,188.838,0.997,-1,-1,-1
657,45,800.682,395.108,224.178,192.123,0.997,-1,-1,-1
658,45,792.957,401.128,232.786,193.889,0.997,-1,-1,-1
659,45,789.578,411.915,231.974,192.361,0.997,-1,-1,-1
660,45,783.417,417.249,235.939,195.919,0.997,-1,-1,-1
661,45,776.721,426.662,238.628,194.893,0.997,-1,-1,-1
662,45,771.331,434.110,243.069,197.940,0.998,-1,-1,-1
663,45,767.774,441.630,243.724,200.313,0.997,-1,-1,-1
664,45,765.551,451.394,244.938,200.301,0.996,-1,-1,-1
665,45,759.414,459.847,248.073,201.061,0.995,-1,-1,-1
666,45,754.464,469.185,251.583,203.074,0.997,-1,-1,-1
667,45,748.365,475.251,257.469,206.644,0.998,-1,-1,-1
668,45,744.952,485.356,261.828,207.805,0.998,-1,-1,-1
669,45,741.862,494.643,263.613,208.345,0.999,-1,-1,-1
670,45,735.284,504.471,267.852,208.847,0.998,-1,-1,-1
671,45,731.797,513.898,269.015,211.021,0.999,-1,-1,-1
672,45,725.071,520.185,277.189,217.848,0.999,-1,-1,-1
673,45,721.285,530.607,281.642,221.416,0.999,-1,-1,-1
674,45,714.427,542.534,287.111,225.394,0.999,-1,-1,-1
675,45,709.573,552.584,292.104,227.952,0.999,-1,-1,-1
676,45,702.361,561.915,297.263,228.126,0.999,-1,-1,-1
677,45,696.566,571.845,302.862,231.704,0.999,-1,-1,-1
678,45,692.453,583.622,303.536,235.772,0.999,-1,-1,-1
679,45,689.399,593.773,306.999,241.154,0.999,-1,-1,-1
680,45,680.885,604.860,314.284,244.683,0.999,-1,-1,-1
681,45,673.537,618.212,321.547,247.061,0.999,-1,-1,-1
682,45,667.711,631.469,325.586,248.577,0.999,-1,-1,-1
683,45,661.496,640.703,330.765,251.446,0.999,-1,-1,-1
684,45,654.411,648.613,336.553,258.739,0.999,-1,-1,-1
685,45,649.409,659.622,337.211,260.558,0.999,-1,-1,-1
686,45,637.903,669.776,344.794,266.852,0.999,-1,-1,-1
687,45,625.281,681.808,352.684,270.748,0.998,-1,-1,-1
688,45,615.110,693.746,360.088,280.404,0.998,-1,-1,-1
689,45,605.272,707.974,369.595,292.877,0.998,-1,-1,-1
690,45,594.024,721.387,377.329,303.228,0.996,-1,-1,-1
691,45,582.949,734.768,386.069,318.049,0.995,-1,-1,-1
692,45,568.167,746.455,396.420,323.387,0.994,-1,-1,-1
693,45,552.136,761.280,408.638,321.288,0.979,-1,-1,-1
694,45,539.099,780.823,416.145,302.928,0.951,-1,-1,-1
695,45,530.373,796.432,416.145,282.568,0.951,-1,-1,-1
696,45,514.611,818.171,429.190,265.944,0.796,-1,-1,-1
697,45,499.066,834.944,437.338,249.301,0.531,-1,-1,-1
698,45,489.315,847.106,437.338,231.894,0.531,-1,-1,-1
699,45,479.237,861.299,437.338,217.701,0.531,-1,-1,-1
700,45,468.699,875.930,437.338,203.070,0.531,-1,-1,-1
701,45,457.841,894.195,437.338,184.805,0.531,-1,-1,-1
