32,8,907.266,50.344,240.387,127.533,0.654,-1,-1,-1
33,8,889.032,48.105,253.056,130.891,0.698,-1,-1,-1
34,8,876.865,47.282,252.381,131.899,0.824,-1,-1,-1
35,8,863.812,46.408,250.927,133.742,0.908,-1,-1,-1
36,8,852.751,46.713,249.504,133.321,0.834,-1,-1,-1
37,8,839.183,44.843,245.498,135.831,0.936,-1,-1,-1
38,8,827.225,44.920,242.667,136.755,0.963,-1,-1,-1
39,8,817.774,43.809,237.830,138.161,0.969,-1,-1,-1
40,8,808.853,46.222,232.633,135.554,0.957,-1,-1,-1
41,8,799.430,48.452,225.653,134.343,0.962,-1,-1,-1
42,8,794.281,49.620,216.396,132.372,0.950,-1,-1,-1
43,8,789.061,48.523,209.678,135.780,0.937,-1,-1,-1
44,8,780.134,50.953,209.532,133.857,0.940,-1,-1,-1
45,8,774.465,53.027,202.334,132.040,0.925,-1,-1,-1
46,8,766.703,53.133,198.552,132.023,0.846,-1,-1,-1
47,8,760.349,52.952,190.208,131.842,0.898,-1,-1,-1
48,8,754.238,53.872,188.882,131.437,0.904,-1,-1,-1
49,8,747.779,54.771,185.628,132.513,0.919,-1,-1,-1
49,9,1428.228,233.820,286.286,227.255,0.518,-1,-1,-1
50,8,741.162,55.435,184.560,132.429,0.920,-1,-1,-1
50,9,1428.386,233.606,285.871,227.334,0.531,-1,-1,-1
51,8,735.953,55.480,184.586,131.590,0.932,-1,-1,-1
51,9,1428.361,233.523,285.871,227.334,0.531,-1,-1,-1
52,8,732.410,56.426,177.886,131.357,0.852,-1,-1,-1
52,9,1426.068,233.516,287.409,225.672,0.524,-1,-1,-1
53,8,727.473,57.659,175.566,130.802,0.900,-1,-1,-1
53,9,1425.278,234.099,291.142,231.619,0.530,-1,-1,-1
54,8,721.453,57.902,175.259,132.013,0.923,-1,-1,-1
54,9,1424.696,234.233,290.598,230.551,0.536,-1,-1,-1
55,8,715.255,57.899,174.143,131.866,0.923,-1,-1,-1
55,9,1424.021,234.897,291.107,231.493,0.506,-1,-1,-1
56,8,712.733,58.882,169.782,131.052,0.909,-1,-1,-1
56,9,1424.605,235.700,295.677,233.728,0.525,-1,-1,-1
57,8,707.509,59.262,169.004,132.105,0.929,-1,-1,-1
57,9,1426.147,235.930,292.377,234.893,0.520,-1,-1,-1
58,8,702.648,59.153,169.315,132.879,0.923,-1,-1,-1
58,9,1426.443,236.619,292.377,234.893,0.520,-1,-1,-1
59,8,695.680,58.644,169.411,132.964,0.946,-1,-1,-1
59,9,1426.909,237.378,292.377,234.893,0.520,-1,-1,-1
60,8,690.873,59.169,167.939,133.268,0.927,-1,-1,-1
60,9,1427.455,237.896,292.377,234.893,0.520,-1,-1,-1
61,8,686.252,59.361,167.122,133.784,0.923,-1,-1,-1
61,9,1420.112,339.366,495.408,513.915,0.856,-1,-1,-1
62,8,682.010,59.337,168.403,134.208,0.918,-1,-1,-1
62,9,1389.146,301.382,528.157,527.716,0.907,-1,-1,-1
63,8,678.399,60.112,167.979,134.312,0.913,-1,-1,-1
63,9,1356.104,293.336,562.081,510.212,0.956,-1,-1,-1
64,8,673.334,60.504,167.479,134.171,0.906,-1,-1,-1
64,9,1320.259,283.990,596.562,493.594,0.985,-1,-1,-1
65,8,669.510,61.314,166.481,134.330,0.897,-1,-1,-1
65,9,1293.327,277.992,583.802,472.943,0.994,-1,-1,-1
66,8,665.195,61.815,166.651,133.656,0.883,-1,-1,-1
66,9,1266.768,270.569,563.022,447.066,0.994,-1,-1,-1
67,8,661.971,62.443,165.883,132.962,0.918,-1,-1,-1
67,9,1241.773,258.525,563.611,434.609,0.995,-1,-1,-1
68,8,656.900,62.338,167.142,133.771,0.868,-1,-1,-1
68,9,1218.174,252.865,529.015,411.827,0.989,-1,-1,-1
69,8,651.787,61.393,167.282,134.233,0.876,-1,-1,-1
69,9,1185.320,239.936,502.212,399.755,0.995,-1,-1,-1
70,8,646.106,61.587,168.537,135.614,0.876,-1,-1,-1
70,9,1152.528,235.858,483.864,377.062,0.997,-1,-1,-1
71,8,643.105,62.310,168.454,135.474,0.865,-1,-1,-1
71,9,1141.022,226.687,460.046,359.864,0.990,-1,-1,-1
72,8,638.140,62.636,168.694,135.570,0.896,-1,-1,-1
72,9,1122.751,215.583,439.305,354.375,0.984,-1,-1,-1
73,8,631.908,62.899,170.736,136.128,0.873,-1,-1,-1
73,9,1100.820,206.086,432.806,346.297,0.973,-1,-1,-1
74,8,626.314,64.189,170.346,135.444,0.899,-1,-1,-1
74,9,1084.520,196.422,418.764,336.535,0.980,-1,-1,-1
75,8,622.357,64.253,167.972,136.330,0.871,-1,-1,-1
75,9,1067.654,187.206,405.862,333.340,0.988,-1,-1,-1
76,8,619.283,64.905,165.172,136.739,0.887,-1,-1,-1
76,9,1048.914,181.700,396.093,313.698,0.983,-1,-1,-1
77,8,614.311,64.998,164.373,136.802,0.927,-1,-1,-1
77,9,1033.959,173.124,376.980,311.494,0.991,-1,-1,-1
78,8,610.274,64.671,165.512,137.369,0.894,-1,-1,-1
78,9,1016.856,167.260,369.487,309.821,0.990,-1,-1,-1
79,8,603.512,65.265,167.785,137.521,0.912,-1,-1,-1
79,9,1004.803,156.888,357.193,308.878,0.993,-1,-1,-1
80,8,598.220,65.705,170.111,137.960,0.904,-1,-1,-1
80,9,993.822,149.152,350.993,301.447,0.992,-1,-1,-1
81,8,592.490,66.273,171.267,138.606,0.886,-1,-1,-1
81,9,984.276,147.157,337.744,291.975,0.995,-1,-1,-1
82,8,591.763,68.303,169.738,137.629,0.902,-1,-1,-1
82,9,974.478,142.754,327.200,284.163,0.994,-1,-1,-1
83,8,584.000,68.252,172.245,138.912,0.932,-1,-1,-1
83,9,961.795,136.495,320.812,277.075,0.996,-1,-1,-1
84,8,577.411,68.272,175.277,139.503,0.930,-1,-1,-1
84,9,949.311,131.929,314.507,267.541,0.996,-1,-1,-1
85,8,574.327,69.422,175.556,140.685,0.940,-1,-1,-1
85,9,937.689,127.050,308.349,263.189,0.997,-1,-1,-1
86,8,571.092,69.322,176.003,142.110,0.969,-1,-1,-1
86,9,930.780,119.616,301.373,262.836,0.995,-1,-1,-1
87,8,567.589,72.798,176.365,142.225,0.966,-1,-1,-1
87,9,919.771,115.698,292.327,256.804,0.989,-1,-1,-1
88,8,563.802,73.730,178.269,143.356,0.960,-1,-1,-1
88,9,910.974,110.737,285.163,249.956,0.993,-1,-1,-1
89,8,560.354,74.264,178.502,144.940,0.947,-1,-1,-1
89,9,900.818,105.821,280.196,241.270,0.993,-1,-1,-1
90,8,556.191,76.106,178.499,145.170,0.975,-1,-1,-1
90,9,896.120,104.794,271.163,233.039,0.996,-1,-1,-1
91,8,552.730,78.389,179.535,144.900,0.969,-1,-1,-1
91,9,886.873,102.650,268.896,227.745,0.996,-1,-1,-1
92,8,551.384,80.187,178.488,146.086,0.955,-1,-1,-1
92,9,880.894,101.274,260.551,222.419,0.995,-1,-1,-1
93,8,547.015,81.771,181.037,146.842,0.974,-1,-1,-1
93,9,873.715,99.222,257.964,219.173,0.994,-1,-1,-1
94,8,544.792,83.788,182.403,149.815,0.978,-1,-1,-1
94,9,866.623,94.373,253.142,215.718,0.993,-1,-1,-1
95,8,542.591,85.868,183.308,150.900,0.980,-1,-1,-1
95,9,861.892,90.246,248.256,213.699,0.992,-1,-1,-1
96,8,542.234,88.692,182.119,151.941,0.978,-1,-1,-1
96,9,857.113,86.356,244.767,210.688,0.994,-1,-1,-1
97,8,539.547,91.701,186.536,150.797,0.979,-1,-1,-1
97,9,851.985,81.803,241.465,210.358,0.994,-1,-1,-1
98,8,537.701,95.039,187.368,151.216,0.980,-1,-1,-1
98,9,846.912,79.336,237.009,206.488,0.993,-1,-1,-1
99,8,537.651,98.327,187.864,151.731,0.979,-1,-1,-1
99,9,844.622,76.541,231.157,202.861,0.991,-1,-1,-1
100,8,537.495,101.547,190.040,151.645,0.977,-1,-1,-1
100,9,842.124,75.501,227.260,199.703,0.992,-1,-1,-1
101,8,536.255,104.720,192.597,153.654,0.981,-1,-1,-1
101,9,841.313,76.531,217.023,191.231,0.991,-1,-1,-1
102,8,536.735,107.031,193.286,156.126,0.979,-1,-1,-1
102,9,838.648,75.371,213.248,186.522,0.988,-1,-1,-1
103,8,537.131,108.815,194.547,157.117,0.973,-1,-1,-1
103,9,838.978,72.522,207.047,184.365,0.991,-1,-1,-1
104,8,538.581,112.020,194.659,157.620,0.974,-1,-1,-1
104,9,836.940,69.599,206.097,181.975,0.991,-1,-1,-1
105,8,539.089,113.706,197.124,160.022,0.982,-1,-1,-1
105,9,835.763,65.565,201.166,179.627,0.986,-1,-1,-1
106,8,538.852,114.785,201.069,162.921,0.983,-1,-1,-1
106,9,837.521,64.941,195.247,174.703,0.984,-1,-1,-1
107,8,539.741,115.669,204.079,166.547,0.984,-1,-1,-1
107,9,836.684,59.510,194.299,175.462,0.982,-1,-1,-1
108,8,542.298,117.687,204.580,169.935,0.984,-1,-1,-1
108,9,837.258,56.098,194.204,176.243,0.980,-1,-1,-1
109,8,543.234,121.050,207.400,169.387,0.982,-1,-1,-1
109,9,838.251,55.316,192.458,171.986,0.975,-1,-1,-1
110,8,543.430,123.512,211.347,171.696,0.988,-1,-1,-1
110,9,839.642,52.496,191.954,170.268,0.976,-1,-1,-1
111,8,544.306,127.178,214.413,173.523,0.988,-1,-1,-1
111,9,841.633,52.629,189.975,166.790,0.974,-1,-1,-1
112,8,545.977,129.525,217.592,176.787,0.987,-1,-1,-1
112,9,843.910,53.135,188.882,162.104,0.968,-1,-1,-1
112,17,1521.221,417.714,396.075,347.360,0.663,-1,-1,-1
113,8,547.217,132.092,220.246,180.233,0.989,-1,-1,-1
113,9,846.284,50.856,188.094,161.156,0.973,-1,-1,-1
113,17,1497.557,410.345,420.670,331.394,0.852,-1,-1,-1
114,8,551.859,136.022,219.142,180.047,0.983,-1,-1,-1
114,9,850.611,50.763,186.666,159.241,0.962,-1,-1,-1
114,17,1473.526,385.786,443.882,334.173,0.946,-1,-1,-1
115,8,553.607,140.775,221.719,181.948,0.990,-1,-1,-1
115,9,856.984,49.200,183.171,157.395,0.960,-1,-1,-1
115,17,1445.935,371.520,459.509,326.509,0.979,-1,-1,-1
116,8,556.379,146.572,223.662,182.499,0.986,-1,-1,-1
116,9,863.169,47.102,181.379,156.725,0.961,-1,-1,-1
116,17,1421.293,368.583,446.834,307.610,0.983,-1,-1,-1
117,8,558.949,153.010,224.644,182.576,0.989,-1,-1,-1
117,9,869.379,45.611,180.060,157.185,0.964,-1,-1,-1
117,17,1393.136,351.401,444.993,311.800,0.956,-1,-1,-1
118,8,560.266,155.979,228.441,184.434,0.992,-1,-1,-1
118,9,873.482,44.954,179.404,155.043,0.974,-1,-1,-1
118,17,1366.040,340.035,436.727,307.923,0.979,-1,-1,-1
119,8,562.113,158.398,230.675,188.132,0.993,-1,-1,-1
119,9,881.220,44.892,174.496,153.504,0.975,-1,-1,-1
119,17,1345.103,330.878,419.633,296.452,0.969,-1,-1,-1
120,8,565.326,162.028,236.054,192.819,0.994,-1,-1,-1
120,9,886.906,44.070,174.570,153.755,0.958,-1,-1,-1
120,17,1324.792,324.232,406.026,289.109,0.972,-1,-1,-1
121,8,569.610,165.603,239.913,193.800,0.992,-1,-1,-1
121,9,890.491,42.100,178.583,156.287,0.912,-1,-1,-1
121,17,1305.598,312.284,391.187,284.394,0.962,-1,-1,-1
122,8,574.010,169.362,241.415,196.503,0.990,-1,-1,-1
122,9,895.029,42.365,179.024,155.594,0.923,-1,-1,-1
122,17,1283.978,305.303,386.566,278.630,0.978,-1,-1,-1
123,8,578.686,172.760,245.174,198.588,0.993,-1,-1,-1
123,9,900.696,41.559,178.824,153.976,0.944,-1,-1,-1
123,17,1265.878,299.316,371.543,269.537,0.966,-1,-1,-1
124,8,582.685,177.271,250.621,203.536,0.994,-1,-1,-1
124,9,909.816,41.046,175.548,152.151,0.919,-1,-1,-1
124,17,1243.587,290.632,365.618,264.708,0.968,-1,-1,-1
125,8,589.520,182.911,252.619,203.385,0.993,-1,-1,-1
125,9,913.936,40.862,176.088,150.402,0.870,-1,-1,-1
125,17,1226.621,282.885,358.292,262.127,0.952,-1,-1,-1
126,8,593.245,186.248,259.426,209.805,0.995,-1,-1,-1
126,9,920.820,40.168,176.745,149.413,0.710,-1,-1,-1
126,17,1208.353,275.505,345.590,254.397,0.899,-1,-1,-1
127,8,599.378,191.256,263.147,211.433,0.995,-1,-1,-1
127,9,926.917,38.972,176.745,149.413,0.710,-1,-1,-1
127,17,1193.261,266.601,337.166,249.776,0.894,-1,-1,-1
128,8,604.434,195.450,269.163,215.816,0.994,-1,-1,-1
128,9,933.092,37.981,176.745,149.413,0.710,-1,-1,-1
128,17,1175.192,256.612,333.280,245.637,0.881,-1,-1,-1
129,8,607.317,200.550,278.691,219.130,0.995,-1,-1,-1
129,9,939.039,37.120,176.745,149.413,0.710,-1,-1,-1
129,17,1157.780,250.260,323.619,242.310,0.917,-1,-1,-1
130,8,612.113,205.308,285.014,224.683,0.996,-1,-1,-1
130,9,945.394,36.332,176.745,149.413,0.710,-1,-1,-1
130,17,1147.387,244.729,315.820,236.491,0.891,-1,-1,-1
131,8,618.291,210.540,291.482,229.206,0.997,-1,-1,-1
131,17,1134.332,238.808,308.189,230.822,0.856,-1,-1,-1
132,8,625.441,214.181,298.124,234.217,0.995,-1,-1,-1
132,17,1123.198,231.070,295.202,224.902,0.782,-1,-1,-1
133,8,633.148,218.422,304.928,239.025,0.994,-1,-1,-1
133,17,1106.381,222.770,290.185,224.040,0.927,-1,-1,-1
134,8,641.032,226.012,312.537,241.094,0.994,-1,-1,-1
134,17,1090.990,217.537,284.775,219.585,0.900,-1,-1,-1
135,8,648.954,232.701,319.383,246.324,0.994,-1,-1,-1
135,17,1078.138,210.278,278.733,217.640,0.955,-1,-1,-1
136,8,654.748,239.216,329.546,253.016,0.995,-1,-1,-1
136,17,1064.297,204.559,273.219,213.604,0.958,-1,-1,-1
137,8,665.602,247.224,335.705,253.758,0.992,-1,-1,-1
137,17,1050.691,200.464,268.264,208.647,0.982,-1,-1,-1
138,8,675.635,254.207,342.343,259.687,0.990,-1,-1,-1
138,17,1042.499,196.540,261.846,200.058,0.964,-1,-1,-1
139,8,683.197,261.023,350.595,267.266,0.989,-1,-1,-1
139,17,1032.979,190.816,256.351,198.188,0.968,-1,-1,-1
140,8,692.364,273.330,357.279,269.707,0.987,-1,-1,-1
140,17,1020.031,185.010,250.517,196.316,0.984,-1,-1,-1
141,8,702.136,281.875,363.046,275.257,0.994,-1,-1,-1
141,17,1006.655,178.863,248.199,194.007,0.887,-1,-1,-1
142,8,711.086,290.945,368.938,279.487,0.994,-1,-1,-1
142,17,998.867,174.985,239.942,192.026,0.893,-1,-1,-1
143,8,722.588,300.292,377.295,283.970,0.988,-1,-1,-1
143,17,989.103,169.341,235.861,189.628,0.903,-1,-1,-1
144,8,733.331,308.414,380.323,289.102,0.995,-1,-1,-1
144,17,975.891,166.019,237.562,185.036,0.933,-1,-1,-1
145,8,742.167,316.323,389.659,295.973,0.996,-1,-1,-1
145,17,966.040,161.608,235.343,182.034,0.942,-1,-1,-1
146,8,754.303,325.101,398.694,304.192,0.997,-1,-1,-1
146,17,952.466,157.501,230.158,179.905,0.979,-1,-1,-1
147,8,765.752,332.079,408.399,315.174,0.997,-1,-1,-1
147,17,940.969,155.196,228.308,174.585,0.984,-1,-1,-1
148,8,775.241,345.031,418.514,318.970,0.998,-1,-1,-1
148,17,929.982,148.737,226.623,173.901,0.990,-1,-1,-1
149,8,782.882,356.300,430.019,328.629,0.998,-1,-1,-1
149,17,922.967,145.452,221.603,170.547,0.978,-1,-1,-1
150,8,791.538,366.261,443.320,342.689,0.998,-1,-1,-1
150,17,916.422,139.604,218.533,171.370,0.979,-1,-1,-1
151,8,806.202,381.955,455.293,351.950,0.998,-1,-1,-1
151,17,910.051,135.140,211.830,167.619,0.963,-1,-1,-1
152,8,820.839,394.695,471.496,364.031,0.998,-1,-1,-1
152,17,900.640,129.181,209.263,167.317,0.987,-1,-1,-1
153,8,834.455,408.671,478.486,373.686,0.997,-1,-1,-1
153,17,894.740,127.329,201.961,163.221,0.983,-1,-1,-1
154,8,848.917,430.666,490.843,381.615,0.997,-1,-1,-1
154,17,888.974,124.271,200.530,161.031,0.992,-1,-1,-1
155,8,864.796,447.408,504.655,398.368,0.995,-1,-1,-1
155,17,883.866,122.407,197.067,156.818,0.991,-1,-1,-1
156,8,884.549,466.806,516.147,408.996,0.995,-1,-1,-1
156,17,880.505,118.142,192.235,156.282,0.991,-1,-1,-1
157,8,901.908,486.477,526.861,411.312,0.994,-1,-1,-1
157,17,878.319,117.407,186.142,152.927,0.990,-1,-1,-1
158,8,928.257,507.581,538.265,426.649,0.993,-1,-1,-1
158,17,875.403,114.408,182.896,152.096,0.989,-1,-1,-1
159,8,951.554,531.911,555.722,449.228,0.990,-1,-1,-1
159,17,873.958,113.074,177.674,147.127,0.987,-1,-1,-1
160,8,977.185,558.865,572.070,470.228,0.991,-1,-1,-1
160,17,872.607,109.915,175.366,143.669,0.986,-1,-1,-1
161,8,995.155,588.971,605.898,474.319,0.986,-1,-1,-1
161,17,871.552,108.463,173.446,141.382,0.983,-1,-1,-1
162,8,1021.354,616.172,639.917,459.623,0.965,-1,-1,-1
162,17,870.563,103.574,171.278,140.531,0.986,-1,-1,-1
163,8,1056.527,642.683,668.286,433.432,0.890,-1,-1,-1
163,17,871.292,99.287,169.894,141.052,0.991,-1,-1,-1
164,8,1097.054,676.173,690.800,401.826,0.754,-1,-1,-1
164,17,870.995,97.091,168.946,139.232,0.992,-1,-1,-1
165,8,1142.556,701.537,690.800,377.463,0.754,-1,-1,-1
165,17,872.238,93.453,166.021,138.823,0.991,-1,-1,-1
166,8,1191.531,729.655,690.800,349.345,0.754,-1,-1,-1
166,17,873.428,91.566,163.806,136.314,0.991,-1,-1,-1
166,21,1524.700,411.301,391.853,427.870,0.604,-1,-1,-1
167,8,1243.071,763.587,675.929,315.413,0.754,-1,-1,-1
167,17,876.162,89.033,160.741,134.943,0.985,-1,-1,-1
167,21,1482.845,376.766,433.906,436.354,0.880,-1,-1,-1
168,8,1296.916,805.279,622.084,273.721,0.754,-1,-1,-1
168,17,877.964,85.150,159.741,135.063,0.986,-1,-1,-1
168,21,1451.745,336.655,465.950,453.641,0.878,-1,-1,-1
169,17,882.326,84.656,156.618,132.384,0.985,-1,-1,-1
169,21,1423.251,322.614,493.831,436.952,0.973,-1,-1,-1
170,17,885.563,81.331,155.484,131.350,0.984,-1,-1,-1
170,21,1392.631,318.437,523.908,415.730,0.985,-1,-1,-1
171,17,889.534,79.604,153.561,130.207,0.973,-1,-1,-1
171,21,1361.309,296.078,546.017,419.955,0.985,-1,-1,-1
172,17,893.384,77.095,152.673,130.365,0.977,-1,-1,-1
172,21,1331.422,292.205,528.165,392.595,0.987,-1,-1,-1
173,17,896.967,76.018,151.625,130.193,0.970,-1,-1,-1
173,21,1310.597,284.870,516.112,375.294,0.988,-1,-1,-1
174,17,900.810,74.050,151.478,130.436,0.972,-1,-1,-1
174,21,1286.379,269.854,485.862,371.567,0.977,-1,-1,-1
175,17,905.161,71.846,152.876,131.143,0.971,-1,-1,-1
175,21,1267.571,269.558,460.445,350.676,0.970,-1,-1,-1
176,17,909.779,71.874,153.501,129.575,0.960,-1,-1,-1
176,21,1235.956,266.619,425.217,328.544,0.989,-1,-1,-1
177,17,915.244,71.491,154.071,128.812,0.949,-1,-1,-1
177,21,1210.685,256.992,421.297,323.003,0.987,-1,-1,-1
178,17,921.099,70.082,151.557,129.486,0.942,-1,-1,-1
178,21,1189.992,244.980,404.088,317.827,0.980,-1,-1,-1
179,17,926.786,68.962,151.129,128.614,0.903,-1,-1,-1
179,21,1170.422,239.967,398.924,303.483,0.971,-1,-1,-1
180,17,934.851,71.723,148.520,124.720,0.919,-1,-1,-1
180,21,1150.854,233.043,377.060,296.839,0.977,-1,-1,-1
181,17,940.412,71.172,147.936,124.441,0.844,-1,-1,-1
181,21,1136.588,226.131,356.870,288.217,0.969,-1,-1,-1
182,17,947.962,70.841,144.956,123.456,0.903,-1,-1,-1
182,21,1117.382,215.455,350.435,284.661,0.983,-1,-1,-1
183,17,953.963,70.596,144.961,121.632,0.875,-1,-1,-1
183,21,1101.545,207.104,342.869,282.520,0.987,-1,-1,-1
184,17,961.117,68.967,145.658,122.654,0.912,-1,-1,-1
184,21,1082.508,198.999,338.274,282.104,0.992,-1,-1,-1
185,17,968.415,66.323,145.566,123.252,0.842,-1,-1,-1
185,21,1071.950,189.484,324.000,272.949,0.995,-1,-1,-1
186,17,975.016,65.513,146.424,122.554,0.845,-1,-1,-1
186,21,1058.790,184.902,314.811,265.914,0.994,-1,-1,-1
187,17,981.613,63.096,144.452,123.836,0.859,-1,-1,-1
187,21,1041.115,179.363,306.980,262.929,0.993,-1,-1,-1
188,17,988.127,62.898,144.439,121.964,0.532,-1,-1,-1
188,21,1032.697,173.025,300.467,256.170,0.994,-1,-1,-1
189,17,995.232,61.405,142.604,121.318,0.544,-1,-1,-1
189,21,1020.033,167.779,294.671,248.444,0.996,-1,-1,-1
190,17,1001.232,60.023,142.604,121.318,0.544,-1,-1,-1
190,21,1009.794,160.541,290.129,244.312,0.998,-1,-1,-1
191,17,1006.833,58.689,142.604,121.318,0.544,-1,-1,-1
191,21,998.642,151.225,292.312,242.910,0.996,-1,-1,-1
192,17,1011.915,57.525,142.604,121.318,0.544,-1,-1,-1
192,21,989.854,149.510,275.963,235.527,0.996,-1,-1,-1
193,17,1015.853,56.421,142.604,121.318,0.544,-1,-1,-1
193,21,975.638,144.132,274.403,232.214,0.995,-1,-1,-1
194,21,966.866,143.836,262.643,224.359,0.993,-1,-1,-1
195,21,957.388,137.000,260.546,223.599,0.991,-1,-1,-1
196,21,945.882,133.256,258.905,218.037,0.994,-1,-1,-1
197,21,936.957,130.249,249.111,210.177,0.997,-1,-1,-1
198,21,929.976,127.455,245.696,205.467,0.998,-1,-1,-1
199,21,917.954,123.104,245.579,201.106,0.998,-1,-1,-1
200,21,912.244,118.857,240.338,200.844,0.998,-1,-1,-1
201,21,906.849,116.584,232.267,195.809,0.997,-1,-1,-1
202,21,899.696,111.730,227.928,194.708,0.997,-1,-1,-1
203,21,893.227,109.091,224.291,190.666,0.996,-1,-1,-1
204,21,885.197,106.334,222.791,186.272,0.996,-1,-1,-1
205,21,880.421,104.335,215.352,183.486,0.997,-1,-1,-1
206,21,874.043,101.183,214.027,182.166,0.995,-1,-1,-1
207,21,868.461,96.904,208.525,179.582,0.993,-1,-1,-1
208,21,861.027,89.874,208.633,180.182,0.991,-1,-1,-1
209,21,853.359,86.904,207.560,178.115,0.995,-1,-1,-1
210,21,848.624,84.837,200.818,172.852,0.994,-1,-1,-1
211,21,844.601,80.835,197.643,171.413,0.994,-1,-1,-1
212,21,840.845,77.164,192.703,169.476,0.989,-1,-1,-1
213,21,836.971,74.989,192.242,167.582,0.989,-1,-1,-1
214,21,834.859,73.556,189.236,165.196,0.990,-1,-1,-1
215,21,832.354,70.292,187.362,163.612,0.990,-1,-1,-1
216,21,829.930,67.018,182.308,161.880,0.991,-1,-1,-1
217,21,828.312,64.886,181.542,160.170,0.988,-1,-1,-1
218,21,827.015,62.455,181.104,159.972,0.991,-1,-1,-1
219,21,827.285,58.891,178.130,160.226,0.991,-1,-1,-1
220,21,830.069,58.292,174.265,156.487,0.992,-1,-1,-1
221,21,830.976,58.148,171.478,153.518,0.989,-1,-1,-1
222,21,832.620,57.201,170.465,150.672,0.986,-1,-1,-1
223,21,834.378,54.971,169.509,150.455,0.983,-1,-1,-1
224,21,836.961,52.670,168.899,150.063,0.979,-1,-1,-1
225,21,841.212,51.859,167.193,150.127,0.975,-1,-1,-1
226,21,845.224,51.204,165.927,148.677,0.977,-1,-1,-1
227,21,849.392,50.280,166.859,148.004,0.972,-1,-1,-1
228,21,854.516,49.697,167.071,147.228,0.971,-1,-1,-1
229,21,859.910,49.412,167.111,146.447,0.969,-1,-1,-1
230,21,864.675,48.717,167.144,146.769,0.973,-1,-1,-1
231,21,872.005,47.224,164.282,145.574,0.969,-1,-1,-1
232,21,879.472,45.849,165.414,145.717,0.963,-1,-1,-1
233,21,886.571,44.824,166.302,145.120,0.970,-1,-1,-1
234,21,892.073,45.075,168.537,144.273,0.960,-1,-1,-1
235,21,897.991,45.325,170.569,142.502,0.953,-1,-1,-1
236,21,906.607,46.600,168.533,141.600,0.964,-1,-1,-1
237,21,914.690,47.897,168.057,139.494,0.963,-1,-1,-1
238,21,926.236,49.193,163.470,137.459,0.946,-1,-1,-1
239,21,936.418,48.457,161.323,137.121,0.944,-1,-1,-1
240,21,946.134,48.650,161.693,136.457,0.938,-1,-1,-1
241,21,954.898,47.558,158.805,135.575,0.930,-1,-1,-1
242,21,965.366,48.262,155.351,133.214,0.869,-1,-1,-1
243,21,976.510,45.577,156.274,135.749,0.730,-1,-1,-1
244,21,985.922,44.571,152.137,134.180,0.529,-1,-1,-1
245,21,994.348,43.364,152.137,134.180,0.529,-1,-1,-1
246,21,1002.688,42.359,152.137,134.180,0.529,-1,-1,-1
247,21,1010.157,41.364,152.137,134.180,0.529,-1,-1,-1
248,21,1015.878,40.552,152.137,134.180,0.529,-1,-1,-1
258,28,1549.271,463.897,367.023,389.356,0.726,-1,-1,-1
259,28,1506.771,447.806,409.810,374.356,0.831,-1,-1,-1
260,28,1477.719,435.263,439.326,353.952,0.845,-1,-1,-1
261,28,1447.391,423.287,469.847,335.371,0.973,-1,-1,-1
262,28,1412.265,399.638,500.938,329.940,0.985,-1,-1,-1
263,28,1382.037,382.445,488.988,323.964,0.987,-1,-1,-1
264,28,1351.135,355.622,484.395,326.145,0.986,-1,-1,-1
265,28,1323.127,339.361,470.770,326.031,0.988,-1,-1,-1
266,28,1300.418,326.083,457.322,322.638,0.970,-1,-1,-1
267,28,1276.573,320.599,433.785,301.061,0.987,-1,-1,-1
268,28,1252.152,310.101,419.414,293.354,0.989,-1,-1,-1
269,28,1226.555,300.420,412.332,286.218,0.985,-1,-1,-1
270,28,1204.339,292.431,400.248,281.875,0.980,-1,-1,-1
271,28,1186.753,282.782,382.127,270.297,0.953,-1,-1,-1
272,28,1167.717,273.261,369.177,265.777,0.947,-1,-1,-1
273,28,1149.744,265.159,358.739,257.520,0.930,-1,-1,-1
274,28,1132.414,256.625,351.558,253.910,0.884,-1,-1,-1
275,28,1117.284,248.399,342.335,249.269,0.891,-1,-1,-1
276,28,1104.602,237.177,332.087,243.065,0.915,-1,-1,-1
277,28,1087.818,230.673,322.110,235.312,0.946,-1,-1,-1
278,28,1070.547,223.408,316.976,232.712,0.927,-1,-1,-1
279,28,1061.186,216.940,303.494,226.935,0.960,-1,-1,-1
280,28,1045.628,210.658,298.155,222.200,0.978,-1,-1,-1
280,30,1584.227,494.630,331.812,380.151,0.629,-1,-1,-1
281,28,1034.651,205.728,290.286,213.941,0.984,-1,-1,-1
281,30,1532.586,465.911,383.612,378.721,0.773,-1,-1,-1
282,28,1028.603,201.040,280.455,209.028,0.972,-1,-1,-1
282,30,1488.317,449.090,428.610,359.811,0.905,-1,-1,-1
283,28,1016.207,194.458,277.380,205.408,0.977,-1,-1,-1
283,30,1456.107,430.874,461.038,344.196,0.971,-1,-1,-1
284,28,1004.916,188.273,271.823,201.326,0.970,-1,-1,-1
284,30,1419.191,414.911,485.233,322.606,0.987,-1,-1,-1
285,28,996.454,181.522,264.452,200.746,0.935,-1,-1,-1
285,30,1377.779,393.484,478.386,319.985,0.988,-1,-1,-1
286,28,986.923,175.990,258.703,196.098,0.969,-1,-1,-1
286,30,1345.131,373.331,462.431,312.692,0.992,-1,-1,-1
287,28,978.483,169.631,252.681,193.207,0.961,-1,-1,-1
287,30,1314.933,350.817,446.081,312.352,0.990,-1,-1,-1
288,28,969.219,165.510,250.839,191.266,0.974,-1,-1,-1
288,30,1290.430,340.103,424.690,301.249,0.991,-1,-1,-1
289,28,960.275,160.083,250.645,189.997,0.992,-1,-1,-1
289,30,1261.975,326.067,410.640,294.053,0.988,-1,-1,-1
290,28,951.553,157.114,244.789,185.293,0.991,-1,-1,-1
290,30,1235.640,315.062,397.641,287.142,0.993,-1,-1,-1
291,28,944.203,152.600,237.976,182.325,0.992,-1,-1,-1
291,30,1210.020,305.277,389.864,277.936,0.986,-1,-1,-1
292,28,934.225,148.048,236.394,178.447,0.994,-1,-1,-1
292,30,1187.207,293.971,371.280,269.566,0.976,-1,-1,-1
293,28,926.971,142.682,233.360,176.783,0.994,-1,-1,-1
293,30,1169.146,285.887,354.289,259.925,0.965,-1,-1,-1
294,28,919.754,139.376,230.941,173.428,0.993,-1,-1,-1
294,30,1147.087,275.699,348.335,256.305,0.950,-1,-1,-1
295,28,914.698,134.302,224.653,173.185,0.992,-1,-1,-1
295,30,1131.375,266.265,337.401,252.363,0.938,-1,-1,-1
296,28,908.820,130.384,221.248,170.754,0.994,-1,-1,-1
296,30,1117.178,256.568,329.103,244.278,0.896,-1,-1,-1
297,28,902.959,128.293,216.750,164.609,0.990,-1,-1,-1
297,30,1100.508,246.993,318.796,239.819,0.949,-1,-1,-1
298,28,894.729,122.550,216.352,165.519,0.992,-1,-1,-1
298,30,1087.822,236.525,305.070,233.045,0.945,-1,-1,-1
299,28,888.694,121.356,209.498,159.818,0.991,-1,-1,-1
299,30,1072.116,230.786,296.337,226.459,0.977,-1,-1,-1
300,28,883.726,119.099,208.505,157.795,0.985,-1,-1,-1
300,30,1058.049,224.213,288.065,220.766,0.978,-1,-1,-1
301,28,879.858,115.590,204.908,155.651,0.949,-1,-1,-1
301,30,1042.663,219.772,283.012,215.455,0.980,-1,-1,-1
302,28,873.936,113.040,203.544,152.466,0.963,-1,-1,-1
302,30,1031.941,210.796,274.725,213.055,0.990,-1,-1,-1
303,28,870.034,110.533,195.974,149.163,0.967,-1,-1,-1
303,30,1022.199,204.343,268.029,206.990,0.986,-1,-1,-1
304,28,866.271,108.139,190.108,146.654,0.940,-1,-1,-1
304,30,1008.901,198.592,259.406,201.068,0.992,-1,-1,-1
305,28,862.781,107.218,185.549,143.067,0.859,-1,-1,-1
305,30,997.133,193.937,256.444,195.502,0.992,-1,-1,-1
306,28,858.227,106.088,185.732,142.360,0.933,-1,-1,-1
306,30,988.580,185.170,247.435,195.833,0.991,-1,-1,-1
307,28,852.601,99.052,184.997,141.589,0.943,-1,-1,-1
307,30,978.506,182.657,244.513,189.921,0.989,-1,-1,-1
308,28,851.829,96.935,182.319,139.600,0.928,-1,-1,-1
308,30,967.616,175.462,244.940,188.342,0.982,-1,-1,-1
309,28,849.307,90.547,185.128,141.789,0.886,-1,-1,-1
309,30,955.586,170.611,242.243,185.568,0.985,-1,-1,-1
310,28,847.767,87.042,183.776,140.964,0.736,-1,-1,-1
310,30,947.883,164.643,235.795,184.090,0.967,-1,-1,-1
