1,2,810.233,347.358,244.194,171.754,0.983,-1,-1,-1
2,2,817.578,348.382,248.388,174.593,0.984,-1,-1,-1
3,2,824.154,349.412,251.162,177.902,0.978,-1,-1,-1
4,2,829.638,350.758,253.529,182.136,0.974,-1,-1,-1
5,2,831.631,352.315,260.215,183.621,0.969,-1,-1,-1
6,2,839.658,355.001,257.800,180.970,0.961,-1,-1,-1
7,2,840.948,357.334,264.603,182.174,0.935,-1,-1,-1
8,2,852.649,358.302,257.379,183.158,0.853,-1,-1,-1
9,2,859.069,360.327,258.833,184.985,0.944,-1,-1,-1
10,2,866.069,361.039,263.145,187.222,0.968,-1,-1,-1
11,2,873.049,362.894,262.266,189.051,0.943,-1,-1,-1
12,2,877.932,364.272,265.790,190.760,0.943,-1,-1,-1
13,2,881.181,365.338,268.892,191.517,0.947,-1,-1,-1
14,2,881.901,366.057,275.080,194.324,0.960,-1,-1,-1
15,2,888.046,367.033,273.413,194.966,0.974,-1,-1,-1
16,2,891.540,368.768,278.517,196.827,0.958,-1,-1,-1
17,2,894.093,371.235,281.803,196.638,0.954,-1,-1,-1
18,2,900.394,371.914,279.958,198.971,0.968,-1,-1,-1
19,2,904.978,372.945,281.145,199.161,0.971,-1,-1,-1
20,2,909.340,372.980,281.126,199.824,0.977,-1,-1,-1
21,2,912.550,373.021,285.839,202.377,0.973,-1,-1,-1
21,5,334.568,184.789,132.481,104.784,0.596,-1,-1,-1
22,2,912.446,375.179,291.837,201.121,0.967,-1,-1,-1
22,5,338.984,187.016,131.319,103.298,0.600,-1,-1,-1
23,2,916.368,375.852,294.662,201.536,0.970,-1,-1,-1
23,5,340.917,187.723,131.319,103.298,0.600,-1,-1,-1
24,2,921.320,376.486,295.462,201.137,0.977,-1,-1,-1
24,5,344.991,190.776,132.975,105.346,0.597,-1,-1,-1
25,2,927.394,377.982,295.047,201.652,0.982,-1,-1,-1
25,5,350.262,191.556,132.025,106.646,0.765,-1,-1,-1
26,2,932.011,377.612,293.775,205.340,0.984,-1,-1,-1
26,5,352.935,192.093,134.574,107.467,0.826,-1,-1,-1
27,2,937.080,378.580,291.439,205.667,0.983,-1,-1,-1
27,5,357.840,193.682,134.741,108.388,0.846,-1,-1,-1
28,2,939.679,379.433,293.693,206.232,0.978,-1,-1,-1
28,5,360.755,195.699,138.258,109.172,0.747,-1,-1,-1
29,2,941.344,381.230,295.388,204.606,0.979,-1,-1,-1
29,5,364.938,196.333,137.962,110.825,0.750,-1,-1,-1
30,2,945.594,382.221,295.406,205.687,0.982,-1,-1,-1
30,5,370.563,197.865,137.275,110.899,0.709,-1,-1,-1
31,2,948.402,384.644,295.438,204.617,0.985,-1,-1,-1
31,5,374.371,199.359,137.275,110.899,0.709,-1,-1,-1
32,2,949.644,384.834,301.501,206.109,0.989,-1,-1,-1
32,5,380.985,201.498,136.826,113.129,0.511,-1,-1,-1
33,2,952.806,384.932,301.570,206.905,0.989,-1,-1,-1
33,5,386.606,205.210,135.873,112.415,0.538,-1,-1,-1
34,2,959.418,385.896,301.215,208.141,0.992,-1,-1,-1
34,5,391.441,205.137,138.418,116.875,0.772,-1,-1,-1
35,2,963.496,386.165,301.458,210.076,0.994,-1,-1,-1
35,5,396.526,206.597,138.713,117.977,0.568,-1,-1,-1
36,2,967.807,386.969,301.295,210.860,0.994,-1,-1,-1
36,5,400.757,208.906,142.458,118.317,0.529,-1,-1,-1
37,2,970.235,388.680,303.504,212.844,0.993,-1,-1,-1
37,5,407.112,211.200,142.319,116.730,0.800,-1,-1,-1
38,2,971.148,390.173,308.185,213.423,0.993,-1,-1,-1
38,5,411.090,212.828,142.220,117.720,0.902,-1,-1,-1
39,2,976.968,393.495,307.635,212.241,0.990,-1,-1,-1
39,5,415.151,213.913,142.551,118.266,0.942,-1,-1,-1
40,2,982.019,395.662,307.855,212.893,0.988,-1,-1,-1
40,5,418.945,214.742,143.112,119.719,0.951,-1,-1,-1
41,2,990.788,396.878,308.345,214.836,0.976,-1,-1,-1
41,5,421.173,215.087,143.992,121.641,0.968,-1,-1,-1
42,2,990.311,396.605,311.083,216.648,0.967,-1,-1,-1
42,5,425.230,216.616,146.574,123.367,0.940,-1,-1,-1
43,2,998.692,399.592,310.031,215.647,0.964,-1,-1,-1
43,5,430.730,219.128,145.881,123.259,0.955,-1,-1,-1
44,2,1002.815,400.003,312.879,216.250,0.966,-1,-1,-1
44,5,434.462,219.968,150.066,125.543,0.890,-1,-1,-1
45,2,1007.468,401.363,311.510,215.827,0.974,-1,-1,-1
45,5,439.639,221.544,150.755,126.146,0.908,-1,-1,-1
46,2,1014.412,402.175,309.136,216.022,0.977,-1,-1,-1
46,5,443.922,224.104,151.892,126.764,0.916,-1,-1,-1
47,2,1016.706,401.914,313.250,217.480,0.979,-1,-1,-1
47,5,450.723,226.791,151.207,126.960,0.938,-1,-1,-1
48,2,1023.674,403.527,314.234,218.387,0.973,-1,-1,-1
48,5,456.264,228.607,151.951,128.692,0.960,-1,-1,-1
49,2,1027.977,406.450,318.619,216.687,0.982,-1,-1,-1
49,5,462.114,229.663,147.215,128.189,0.971,-1,-1,-1
50,2,1032.061,406.516,322.655,219.555,0.981,-1,-1,-1
50,5,468.262,231.723,144.381,128.885,0.953,-1,-1,-1
51,2,1034.766,406.624,331.286,224.023,0.963,-1,-1,-1
51,5,472.276,233.468,149.210,132.764,0.954,-1,-1,-1
51,12,366.227,141.137,124.622,107.386,0.666,-1,-1,-1
52,2,1040.342,408.069,332.217,223.745,0.966,-1,-1,-1
52,5,478.530,235.219,149.916,133.280,0.943,-1,-1,-1
52,12,370.834,142.432,124.530,107.669,0.615,-1,-1,-1
53,2,1043.764,411.026,337.067,222.676,0.970,-1,-1,-1
53,5,485.518,238.690,154.874,132.191,0.941,-1,-1,-1
53,12,373.133,143.133,124.530,107.669,0.615,-1,-1,-1
54,2,1051.568,414.115,337.247,224.488,0.966,-1,-1,-1
54,5,491.575,242.486,160.963,132.657,0.954,-1,-1,-1
54,12,376.809,145.916,127.402,108.333,0.732,-1,-1,-1
55,2,1056.483,414.336,340.712,227.312,0.976,-1,-1,-1
55,5,495.962,243.979,164.520,136.372,0.983,-1,-1,-1
55,12,380.797,146.326,126.899,109.311,0.773,-1,-1,-1
56,2,1064.016,415.225,340.458,230.228,0.967,-1,-1,-1
56,5,502.004,246.158,168.190,137.554,0.974,-1,-1,-1
56,12,385.917,146.272,124.702,110.030,0.816,-1,-1,-1
57,2,1070.279,416.408,344.401,233.108,0.969,-1,-1,-1
57,5,505.663,245.046,168.601,145.361,0.953,-1,-1,-1
57,12,388.279,145.843,125.814,111.763,0.849,-1,-1,-1
58,2,1076.200,419.711,347.692,233.829,0.977,-1,-1,-1
58,5,513.031,248.531,164.758,147.410,0.960,-1,-1,-1
58,12,391.042,145.882,126.761,114.182,0.561,-1,-1,-1
59,2,1080.018,419.397,353.726,240.130,0.977,-1,-1,-1
59,5,523.776,248.823,166.561,150.548,0.963,-1,-1,-1
59,12,402.080,147.728,124.233,113.058,0.846,-1,-1,-1
60,2,1093.305,422.562,352.563,240.004,0.969,-1,-1,-1
60,5,531.831,249.613,178.261,155.656,0.969,-1,-1,-1
60,12,404.351,146.325,127.620,117.020,0.868,-1,-1,-1
61,2,1101.534,424.040,351.777,241.606,0.972,-1,-1,-1
61,5,541.613,250.067,180.202,158.540,0.984,-1,-1,-1
61,12,407.360,147.525,128.923,117.535,0.845,-1,-1,-1
62,2,1108.837,426.440,352.789,242.034,0.975,-1,-1,-1
62,5,545.279,250.298,187.787,163.292,0.984,-1,-1,-1
62,12,411.501,149.176,130.310,117.639,0.828,-1,-1,-1
63,2,1116.459,426.108,355.947,246.354,0.981,-1,-1,-1
63,5,550.816,255.253,188.228,162.956,0.987,-1,-1,-1
63,12,416.593,148.723,129.418,118.086,0.770,-1,-1,-1
64,2,1125.688,430.272,359.900,244.983,0.982,-1,-1,-1
64,5,561.125,265.367,185.837,155.729,0.984,-1,-1,-1
64,12,420.520,148.683,129.812,119.499,0.845,-1,-1,-1
65,2,1134.950,435.120,361.554,245.908,0.987,-1,-1,-1
65,5,568.418,270.279,187.875,153.540,0.985,-1,-1,-1
65,12,424.231,150.169,129.803,119.758,0.875,-1,-1,-1
66,2,1144.435,438.388,362.726,246.424,0.982,-1,-1,-1
66,5,573.871,270.750,191.258,161.062,0.983,-1,-1,-1
66,12,425.982,151.368,131.585,119.730,0.822,-1,-1,-1
67,2,1152.327,441.801,366.607,248.521,0.985,-1,-1,-1
67,5,574.043,272.721,202.123,164.872,0.985,-1,-1,-1
67,12,429.530,152.031,131.258,120.573,0.799,-1,-1,-1
68,2,1162.550,444.051,370.987,252.459,0.982,-1,-1,-1
68,5,576.328,273.350,208.052,167.106,0.985,-1,-1,-1
68,12,433.911,153.885,132.102,120.209,0.783,-1,-1,-1
69,2,1174.253,446.641,372.060,254.624,0.980,-1,-1,-1
69,5,578.444,276.414,214.075,164.381,0.992,-1,-1,-1
69,12,437.941,154.625,133.340,120.336,0.752,-1,-1,-1
70,2,1187.939,448.432,371.344,254.345,0.986,-1,-1,-1
70,5,589.736,279.695,210.858,165.726,0.992,-1,-1,-1
70,12,441.869,155.360,134.151,121.276,0.617,-1,-1,-1
71,2,1197.426,451.805,381.804,255.192,0.989,-1,-1,-1
71,5,598.612,284.431,213.476,165.047,0.985,-1,-1,-1
71,12,445.994,156.054,134.582,121.947,0.697,-1,-1,-1
72,2,1208.223,454.292,385.484,258.075,0.988,-1,-1,-1
72,5,606.693,287.336,213.542,165.846,0.980,-1,-1,-1
72,12,448.027,155.362,137.075,123.593,0.610,-1,-1,-1
73,2,1218.103,458.080,390.346,256.922,0.991,-1,-1,-1
73,5,601.551,289.533,228.347,169.247,0.932,-1,-1,-1
73,12,450.423,156.649,139.434,124.718,0.558,-1,-1,-1
74,2,1237.864,462.894,387.697,256.447,0.989,-1,-1,-1
74,5,591.203,292.397,252.181,173.175,0.916,-1,-1,-1
74,12,453.540,157.489,139.434,124.718,0.558,-1,-1,-1
75,2,1253.216,470.514,386.710,256.653,0.985,-1,-1,-1
75,5,632.344,295.239,218.974,169.505,0.913,-1,-1,-1
75,12,456.636,158.477,142.101,125.612,0.639,-1,-1,-1
76,2,1264.901,471.588,389.643,263.023,0.986,-1,-1,-1
76,5,639.357,296.919,224.319,169.137,0.932,-1,-1,-1
76,12,461.299,157.876,143.237,127.992,0.712,-1,-1,-1
77,2,1279.201,474.883,393.484,266.033,0.982,-1,-1,-1
77,5,642.155,298.181,233.119,171.758,0.948,-1,-1,-1
77,12,466.007,159.144,142.292,127.649,0.698,-1,-1,-1
78,2,1295.468,477.549,399.662,269.561,0.965,-1,-1,-1
78,5,652.745,300.856,235.185,173.729,0.965,-1,-1,-1
78,12,471.972,161.391,139.877,126.639,0.727,-1,-1,-1
79,2,1306.103,483.922,404.267,266.847,0.972,-1,-1,-1
79,5,666.700,302.087,234.792,175.230,0.890,-1,-1,-1
79,12,474.324,163.042,143.660,127.071,0.586,-1,-1,-1
80,2,1320.419,489.057,408.057,270.768,0.959,-1,-1,-1
80,5,675.542,305.095,235.206,177.253,0.968,-1,-1,-1
80,12,478.135,163.796,143.369,127.713,0.586,-1,-1,-1
81,2,1335.364,493.408,410.864,272.479,0.954,-1,-1,-1
81,5,683.305,305.741,236.626,180.093,0.961,-1,-1,-1
81,12,481.529,164.926,143.369,127.713,0.586,-1,-1,-1
82,2,1347.349,498.027,431.926,277.998,0.979,-1,-1,-1
82,5,690.262,307.456,241.096,181.598,0.984,-1,-1,-1
82,12,484.088,165.845,143.369,127.713,0.586,-1,-1,-1
83,2,1360.430,500.666,446.723,281.255,0.966,-1,-1,-1
83,5,693.921,311.154,250.537,181.246,0.978,-1,-1,-1
83,12,485.744,166.432,143.369,127.713,0.586,-1,-1,-1
84,2,1376.820,503.254,455.432,286.116,0.942,-1,-1,-1
84,5,704.043,313.731,253.817,181.879,0.981,-1,-1,-1
84,12,496.463,171.384,144.716,126.815,0.674,-1,-1,-1
85,2,1391.266,505.792,457.871,288.654,0.945,-1,-1,-1
85,5,713.245,316.071,255.682,180.461,0.981,-1,-1,-1
85,12,498.859,172.293,144.716,126.815,0.674,-1,-1,-1
86,2,1409.028,511.381,460.256,290.976,0.950,-1,-1,-1
86,5,720.055,316.940,263.048,185.308,0.978,-1,-1,-1
86,12,501.265,173.259,144.716,126.815,0.674,-1,-1,-1
87,2,1424.367,513.831,464.311,295.131,0.935,-1,-1,-1
87,5,731.333,317.559,263.140,188.443,0.982,-1,-1,-1
87,12,503.700,174.238,144.716,126.815,0.674,-1,-1,-1
88,2,1436.182,512.283,473.256,303.672,0.937,-1,-1,-1
88,5,739.958,320.092,268.952,192.030,0.987,-1,-1,-1
88,12,506.132,175.219,144.716,126.815,0.674,-1,-1,-1
89,2,1449.702,519.002,462.954,306.200,0.906,-1,-1,-1
89,5,750.522,321.868,269.523,191.862,0.991,-1,-1,-1
89,12,517.144,177.492,156.729,135.437,0.878,-1,-1,-1
90,2,1462.724,520.706,451.050,308.413,0.898,-1,-1,-1
90,5,758.643,325.047,279.699,192.772,0.989,-1,-1,-1
90,12,517.563,180.509,158.075,134.142,0.651,-1,-1,-1
91,2,1474.726,529.512,439.468,307.356,0.864,-1,-1,-1
91,5,772.501,327.283,278.895,197.878,0.986,-1,-1,-1
91,12,521.277,182.348,158.075,134.142,0.651,-1,-1,-1
92,2,1486.511,525.446,428.575,322.218,0.803,-1,-1,-1
92,5,782.112,329.288,282.791,201.882,0.984,-1,-1,-1
92,12,524.958,184.173,158.075,134.142,0.651,-1,-1,-1
93,2,1494.267,530.687,424.733,322.218,0.803,-1,-1,-1
93,5,788.674,332.385,286.208,201.680,0.987,-1,-1,-1
93,12,528.599,185.983,158.075,134.142,0.651,-1,-1,-1
94,2,1504.995,466.878,411.380,384.574,0.516,-1,-1,-1
94,5,796.859,336.128,292.721,202.677,0.980,-1,-1,-1
94,12,528.851,186.485,158.075,134.142,0.651,-1,-1,-1
95,2,1510.744,463.730,408.256,384.574,0.516,-1,-1,-1
95,5,809.547,337.857,292.630,204.256,0.982,-1,-1,-1
95,12,542.072,184.361,169.213,139.690,0.874,-1,-1,-1
96,2,1523.084,506.075,392.590,356.878,0.540,-1,-1,-1
96,5,818.121,338.486,293.586,207.309,0.979,-1,-1,-1
96,12,546.701,184.286,173.045,141.357,0.900,-1,-1,-1
97,2,1528.155,506.780,390.845,356.878,0.540,-1,-1,-1
97,5,826.396,340.761,298.615,210.262,0.973,-1,-1,-1
97,12,549.554,184.760,174.106,144.403,0.943,-1,-1,-1
98,2,1532.074,507.061,386.926,356.878,0.540,-1,-1,-1
98,5,834.644,344.611,301.037,209.529,0.872,-1,-1,-1
98,12,558.812,181.931,169.480,146.499,0.949,-1,-1,-1
99,2,1536.492,514.205,382.508,356.878,0.540,-1,-1,-1
99,5,847.336,347.076,303.699,211.716,0.865,-1,-1,-1
99,12,567.286,178.861,164.698,150.142,0.944,-1,-1,-1
100,2,1540.979,521.225,378.021,356.878,0.540,-1,-1,-1
100,5,856.801,351.327,307.339,215.747,0.859,-1,-1,-1
100,12,576.369,184.049,158.625,144.234,0.967,-1,-1,-1
101,5,867.930,354.472,309.324,217.998,0.868,-1,-1,-1
101,12,578.445,182.626,160.670,145.773,0.963,-1,-1,-1
102,5,877.353,355.086,317.215,219.588,0.857,-1,-1,-1
102,12,582.787,184.095,162.717,146.230,0.966,-1,-1,-1
103,5,888.244,357.437,324.707,224.115,0.773,-1,-1,-1
103,12,584.383,183.141,167.223,149.326,0.976,-1,-1,-1
104,5,898.649,360.633,331.946,226.122,0.540,-1,-1,-1
104,12,585.655,182.972,172.136,154.045,0.961,-1,-1,-1
105,5,907.321,362.788,341.324,227.124,0.655,-1,-1,-1
105,12,590.161,186.718,171.363,148.031,0.954,-1,-1,-1
106,5,915.399,362.366,345.194,231.470,0.705,-1,-1,-1
106,12,590.133,190.677,176.779,147.047,0.960,-1,-1,-1
107,5,924.904,364.723,348.897,234.270,0.655,-1,-1,-1
107,12,598.413,192.173,173.352,148.460,0.982,-1,-1,-1
107,23,275.959,161.696,125.629,104.113,0.552,-1,-1,-1
108,5,934.713,365.339,357.980,240.385,0.600,-1,-1,-1
108,12,596.908,192.581,180.614,150.307,0.989,-1,-1,-1
108,23,275.969,161.586,125.629,104.113,0.552,-1,-1,-1
109,5,939.256,366.146,397.693,246.163,0.905,-1,-1,-1
109,12,602.848,193.160,178.057,151.115,0.982,-1,-1,-1
109,23,275.986,161.494,125.629,104.113,0.552,-1,-1,-1
110,5,945.885,368.128,389.895,248.105,0.962,-1,-1,-1
110,12,608.036,195.770,178.686,149.895,0.964,-1,-1,-1
110,23,286.465,166.778,121.420,104.462,0.636,-1,-1,-1
111,5,961.200,372.950,384.108,246.172,0.950,-1,-1,-1
111,12,612.703,196.215,179.494,150.319,0.939,-1,-1,-1
111,23,290.289,167.334,119.876,105.797,0.627,-1,-1,-1
112,5,970.893,375.360,394.810,249.386,0.966,-1,-1,-1
112,12,623.104,197.960,176.934,149.024,0.847,-1,-1,-1
112,23,292.491,168.514,120.770,105.925,0.617,-1,-1,-1
113,5,983.468,377.502,392.390,250.766,0.967,-1,-1,-1
113,12,618.353,198.437,184.399,151.201,0.889,-1,-1,-1
113,23,297.841,169.307,121.112,105.907,0.507,-1,-1,-1
114,5,995.498,381.316,395.706,249.979,0.966,-1,-1,-1
114,12,624.936,201.138,184.752,151.433,0.823,-1,-1,-1
114,23,298.832,170.571,124.397,106.458,0.694,-1,-1,-1
115,5,1000.909,386.713,405.320,250.471,0.966,-1,-1,-1
115,12,625.259,200.826,189.886,153.898,0.847,-1,-1,-1
115,23,301.609,171.520,124.397,106.458,0.694,-1,-1,-1
116,5,1019.823,389.214,397.569,253.566,0.980,-1,-1,-1
116,12,639.486,199.931,183.780,154.604,0.899,-1,-1,-1
116,23,303.778,172.203,124.397,106.458,0.694,-1,-1,-1
117,5,1026.810,394.929,402.416,251.912,0.985,-1,-1,-1
117,12,642.176,202.162,185.456,153.120,0.865,-1,-1,-1
117,23,305.428,172.617,124.397,106.458,0.694,-1,-1,-1
118,5,1031.295,398.816,417.295,253.659,0.986,-1,-1,-1
118,12,642.324,200.733,189.113,157.949,0.922,-1,-1,-1
118,23,318.155,178.686,127.124,106.087,0.552,-1,-1,-1
119,5,1037.703,403.262,419.704,255.428,0.987,-1,-1,-1
119,12,639.929,202.281,193.990,157.668,0.923,-1,-1,-1
119,23,320.990,179.788,127.124,106.087,0.552,-1,-1,-1
120,5,1039.578,407.235,434.302,256.118,0.985,-1,-1,-1
120,12,641.630,201.948,197.309,159.550,0.952,-1,-1,-1
120,23,323.820,180.882,127.124,106.087,0.552,-1,-1,-1
121,5,1063.541,407.600,428.293,261.813,0.992,-1,-1,-1
121,12,650.479,202.448,194.176,160.665,0.972,-1,-1,-1
121,23,331.036,187.773,130.091,103.832,0.644,-1,-1,-1
122,5,1059.564,408.516,443.531,264.122,0.987,-1,-1,-1
122,12,656.372,203.635,192.115,160.692,0.974,-1,-1,-1
122,23,339.376,189.449,125.842,104.304,0.695,-1,-1,-1
123,5,1058.407,409.868,454.406,267.421,0.987,-1,-1,-1
123,12,656.211,204.986,197.940,160.181,0.978,-1,-1,-1
123,23,341.518,192.567,127.848,104.881,0.698,-1,-1,-1
124,5,1067.193,412.318,457.555,270.266,0.990,-1,-1,-1
124,12,661.465,203.089,198.521,165.093,0.991,-1,-1,-1
124,23,344.124,195.213,129.139,103.845,0.835,-1,-1,-1
125,5,1097.025,413.107,441.453,273.697,0.994,-1,-1,-1
125,12,666.323,205.399,198.499,162.995,0.991,-1,-1,-1
125,23,351.237,195.988,127.971,105.240,0.870,-1,-1,-1
126,5,1108.363,416.953,442.026,275.127,0.994,-1,-1,-1
126,12,670.255,205.653,197.520,163.696,0.992,-1,-1,-1
126,23,354.696,196.960,129.238,107.341,0.839,-1,-1,-1
127,5,1123.451,418.591,437.486,274.406,0.995,-1,-1,-1
127,12,672.785,207.441,200.068,163.335,0.993,-1,-1,-1
127,23,359.533,197.932,131.210,109.079,0.893,-1,-1,-1
128,5,1136.412,421.510,436.422,274.677,0.996,-1,-1,-1
128,12,676.580,205.922,200.092,166.701,0.994,-1,-1,-1
128,23,363.214,199.119,133.262,110.366,0.906,-1,-1,-1
129,5,1144.757,424.570,441.931,275.041,0.996,-1,-1,-1
129,12,681.400,209.455,202.188,165.156,0.994,-1,-1,-1
129,23,367.910,200.356,133.584,111.438,0.923,-1,-1,-1
130,5,1155.113,425.566,444.723,277.454,0.996,-1,-1,-1
130,12,684.928,209.915,202.899,166.210,0.996,-1,-1,-1
130,23,374.058,201.328,132.605,113.632,0.920,-1,-1,-1
131,5,1162.438,432.969,452.336,277.345,0.995,-1,-1,-1
131,12,688.373,210.086,205.712,169.757,0.996,-1,-1,-1
131,23,376.440,203.187,136.617,117.302,0.913,-1,-1,-1
132,5,1170.975,435.513,453.437,282.017,0.994,-1,-1,-1
132,12,691.647,212.397,206.910,169.776,0.996,-1,-1,-1
132,23,382.944,205.247,135.549,117.330,0.919,-1,-1,-1
133,5,1183.207,439.159,452.997,282.097,0.995,-1,-1,-1
133,12,696.738,213.763,206.224,169.944,0.994,-1,-1,-1
133,23,389.165,208.731,137.113,117.165,0.925,-1,-1,-1
134,5,1192.670,442.215,454.830,281.778,0.995,-1,-1,-1
134,12,699.948,214.483,209.387,170.532,0.995,-1,-1,-1
134,23,397.729,211.811,135.987,117.123,0.912,-1,-1,-1
135,5,1200.369,446.951,461.628,281.709,0.996,-1,-1,-1
135,12,702.748,214.303,212.509,172.945,0.996,-1,-1,-1
135,23,404.037,213.526,139.112,117.687,0.896,-1,-1,-1
136,5,1209.211,450.152,466.191,282.986,0.995,-1,-1,-1
136,12,705.959,213.359,216.158,174.711,0.995,-1,-1,-1
136,23,408.933,214.640,139.956,119.663,0.914,-1,-1,-1
137,5,1222.537,452.506,466.756,284.577,0.994,-1,-1,-1
137,12,711.231,214.123,216.526,176.933,0.996,-1,-1,-1
137,23,413.252,215.803,140.161,119.715,0.957,-1,-1,-1
138,5,1231.690,456.564,472.882,285.918,0.993,-1,-1,-1
138,12,715.824,215.007,217.750,178.246,0.996,-1,-1,-1
138,23,418.232,217.293,141.085,122.548,0.968,-1,-1,-1
139,5,1243.903,457.992,474.739,287.667,0.993,-1,-1,-1
139,12,720.361,216.255,219.579,179.405,0.996,-1,-1,-1
139,23,424.008,219.086,142.193,124.626,0.978,-1,-1,-1
140,5,1258.525,462.024,466.620,286.836,0.837,-1,-1,-1
140,12,725.283,218.153,222.040,178.913,0.996,-1,-1,-1
140,23,430.763,222.225,145.498,124.961,0.980,-1,-1,-1
141,5,1262.464,462.051,479.169,290.961,0.994,-1,-1,-1
141,12,731.487,217.832,221.536,181.054,0.997,-1,-1,-1
141,23,436.418,225.505,146.432,124.780,0.948,-1,-1,-1
142,5,1274.547,463.593,481.627,293.749,0.993,-1,-1,-1
142,12,736.562,220.383,223.511,180.144,0.997,-1,-1,-1
142,23,443.562,226.992,145.929,126.097,0.977,-1,-1,-1
143,5,1283.119,464.876,484.867,300.869,0.991,-1,-1,-1
143,12,741.179,220.745,224.671,181.810,0.996,-1,-1,-1
143,23,448.757,228.194,147.970,128.019,0.982,-1,-1,-1
144,5,1291.050,465.898,490.483,304.361,0.987,-1,-1,-1
144,12,746.368,220.737,226.597,185.316,0.997,-1,-1,-1
144,23,454.908,233.447,148.245,126.330,0.984,-1,-1,-1
145,5,1302.959,468.046,495.670,305.612,0.985,-1,-1,-1
145,12,750.153,220.863,230.149,188.410,0.997,-1,-1,-1
145,23,460.837,234.345,148.242,128.410,0.971,-1,-1,-1
146,5,1310.483,466.544,500.838,308.758,0.979,-1,-1,-1
146,12,753.665,220.610,233.087,189.757,0.996,-1,-1,-1
146,23,467.981,236.740,148.950,130.461,0.961,-1,-1,-1
147,5,1311.476,471.405,509.130,307.056,0.959,-1,-1,-1
147,12,759.591,220.788,233.532,190.756,0.995,-1,-1,-1
147,23,473.908,236.670,151.227,134.172,0.950,-1,-1,-1
148,5,1330.762,474.624,500.600,309.160,0.979,-1,-1,-1
148,12,764.536,221.990,234.011,191.542,0.994,-1,-1,-1
148,23,480.110,239.160,155.868,137.366,0.912,-1,-1,-1
149,5,1337.609,478.398,511.155,308.596,0.968,-1,-1,-1
149,12,770.647,223.114,232.983,191.172,0.995,-1,-1,-1
149,23,487.156,241.136,162.743,141.579,0.932,-1,-1,-1
150,5,1342.620,481.128,516.646,309.310,0.966,-1,-1,-1
150,12,776.096,225.058,232.102,190.760,0.993,-1,-1,-1
150,23,492.872,240.744,167.058,146.408,0.980,-1,-1,-1
151,5,1350.115,480.014,514.907,314.380,0.958,-1,-1,-1
151,12,780.677,227.396,233.173,190.051,0.993,-1,-1,-1
151,23,499.376,243.311,171.959,149.532,0.958,-1,-1,-1
152,5,1365.147,485.768,506.351,311.557,0.967,-1,-1,-1
152,12,783.731,228.264,234.971,189.499,0.993,-1,-1,-1
152,23,506.549,245.271,170.903,153.825,0.952,-1,-1,-1
153,5,1372.843,487.256,508.781,314.957,0.962,-1,-1,-1
153,12,786.238,228.386,236.599,191.857,0.994,-1,-1,-1
153,23,515.787,246.967,164.300,156.296,0.884,-1,-1,-1
154,5,1375.046,486.995,519.396,319.695,0.957,-1,-1,-1
154,12,790.035,229.341,237.413,191.573,0.994,-1,-1,-1
154,23,521.602,246.527,162.143,164.487,0.886,-1,-1,-1
155,5,1383.901,484.415,524.399,325.660,0.941,-1,-1,-1
155,12,793.294,230.807,236.951,191.061,0.993,-1,-1,-1
155,23,535.141,255.833,182.258,162.454,0.962,-1,-1,-1
156,5,1376.031,487.158,537.205,326.353,0.876,-1,-1,-1
156,12,796.833,232.760,238.035,189.380,0.993,-1,-1,-1
156,23,540.930,257.670,186.952,162.926,0.971,-1,-1,-1
157,5,1401.397,487.408,512.082,331.880,0.939,-1,-1,-1
157,12,800.115,234.642,238.488,189.300,0.994,-1,-1,-1
157,23,549.499,267.619,187.363,157.856,0.977,-1,-1,-1
158,5,1406.499,488.552,507.299,335.555,0.946,-1,-1,-1
158,12,802.358,235.905,238.710,188.104,0.994,-1,-1,-1
158,23,556.291,272.100,190.179,158.359,0.959,-1,-1,-1
159,5,1415.279,490.728,499.084,338.309,0.928,-1,-1,-1
159,12,804.640,235.930,239.378,188.679,0.996,-1,-1,-1
159,23,566.912,276.643,193.090,160.039,0.967,-1,-1,-1
160,5,1420.884,495.100,493.852,338.488,0.909,-1,-1,-1
160,12,806.963,236.151,238.492,189.496,0.995,-1,-1,-1
160,23,571.685,278.924,200.797,168.552,0.954,-1,-1,-1
161,5,1429.594,494.265,485.530,343.604,0.926,-1,-1,-1
161,12,807.989,235.778,239.220,190.673,0.995,-1,-1,-1
161,23,576.696,279.062,206.067,167.181,0.964,-1,-1,-1
162,5,1438.303,496.037,476.874,348.281,0.873,-1,-1,-1
162,12,808.805,236.792,240.967,191.221,0.992,-1,-1,-1
162,23,583.585,283.950,210.720,167.016,0.959,-1,-1,-1
163,5,1444.185,498.250,471.036,349.871,0.846,-1,-1,-1
163,12,810.495,238.764,240.363,189.654,0.990,-1,-1,-1
163,23,592.333,285.782,214.208,167.571,0.925,-1,-1,-1
164,5,1453.614,500.372,461.572,352.643,0.810,-1,-1,-1
164,12,811.761,238.973,241.359,190.456,0.985,-1,-1,-1
164,23,600.812,290.748,217.844,166.107,0.880,-1,-1,-1
165,5,1460.571,502.454,454.652,355.703,0.785,-1,-1,-1
165,12,813.593,238.689,240.316,190.554,0.975,-1,-1,-1
165,23,609.279,293.651,220.507,171.111,0.792,-1,-1,-1
166,5,1466.182,504.568,448.909,356.462,0.793,-1,-1,-1
166,12,814.929,239.525,240.908,191.218,0.955,-1,-1,-1
166,23,590.631,296.415,257.359,175.086,0.671,-1,-1,-1
167,5,1474.495,507.580,440.673,354.948,0.780,-1,-1,-1
167,12,814.684,239.623,243.632,192.665,0.932,-1,-1,-1
167,23,597.782,297.203,262.703,177.542,0.563,-1,-1,-1
168,5,1482.635,508.955,432.367,357.586,0.813,-1,-1,-1
168,12,811.902,240.304,250.835,195.207,0.919,-1,-1,-1
168,23,633.790,302.864,238.356,175.391,0.646,-1,-1,-1
169,5,1489.253,508.926,425.597,361.675,0.749,-1,-1,-1
169,12,812.899,239.875,253.622,195.076,0.857,-1,-1,-1
169,23,651.534,306.079,235.718,175.068,0.743,-1,-1,-1
170,5,1496.208,510.986,418.652,361.562,0.613,-1,-1,-1
170,12,811.068,239.095,257.448,195.727,0.869,-1,-1,-1
170,23,664.423,310.656,239.548,176.151,0.826,-1,-1,-1
171,5,1503.540,512.789,411.099,362.678,0.597,-1,-1,-1
171,12,810.166,238.330,259.093,198.942,0.919,-1,-1,-1
171,23,673.015,313.288,245.151,177.479,0.673,-1,-1,-1
172,5,1513.488,513.652,401.000,364.268,0.535,-1,-1,-1
172,12,809.705,238.101,258.812,202.061,0.870,-1,-1,-1
172,23,686.250,318.961,242.440,174.377,0.863,-1,-1,-1
173,5,1518.253,515.882,400.747,364.268,0.535,-1,-1,-1
173,12,804.370,238.014,264.771,206.815,0.730,-1,-1,-1
173,23,693.197,319.564,251.280,177.675,0.874,-1,-1,-1
174,5,1524.145,518.311,394.855,364.268,0.535,-1,-1,-1
174,12,806.937,238.932,263.806,205.295,0.563,-1,-1,-1
174,23,703.047,321.945,255.795,179.936,0.898,-1,-1,-1
175,5,1531.169,520.948,387.831,364.268,0.535,-1,-1,-1
175,12,712.999,327.278,263.509,178.197,0.942,-1,-1,-1
175,23,714.295,325.096,255.795,179.936,0.898,-1,-1,-1
176,5,1539.449,523.813,379.551,364.268,0.535,-1,-1,-1
176,12,727.238,331.003,261.677,177.803,0.963,-1,-1,-1
176,23,725.469,328.127,255.795,179.936,0.898,-1,-1,-1
177,12,737.637,330.184,272.837,186.404,0.979,-1,-1,-1
177,23,736.538,330.914,255.795,179.936,0.898,-1,-1,-1
178,12,748.997,333.409,275.907,187.123,0.984,-1,-1,-1
178,23,747.633,333.686,255.795,179.936,0.898,-1,-1,-1
179,12,761.584,337.319,278.365,190.498,0.985,-1,-1,-1
180,12,774.081,338.360,286.042,194.396,0.986,-1,-1,-1
181,12,785.527,340.735,287.394,196.526,0.979,-1,-1,-1
182,12,795.590,343.987,293.937,198.829,0.987,-1,-1,-1
183,12,808.207,344.671,295.274,201.260,0.990,-1,-1,-1
183,30,831.937,238.478,247.474,183.772,0.569,-1,-1,-1
184,12,820.133,346.925,296.734,204.342,0.986,-1,-1,-1
184,30,832.451,238.856,247.474,183.772,0.569,-1,-1,-1
185,12,827.573,352.703,315.724,203.161,0.972,-1,-1,-1
185,30,833.854,237.102,245.626,172.674,0.545,-1,-1,-1
186,12,838.010,358.055,324.685,206.002,0.960,-1,-1,-1
186,30,835.287,238.045,241.007,172.846,0.774,-1,-1,-1
187,12,851.863,359.903,324.875,211.050,0.980,-1,-1,-1
187,30,833.579,237.049,245.020,179.425,0.861,-1,-1,-1
188,12,861.546,361.439,331.836,215.266,0.970,-1,-1,-1
188,30,829.682,236.870,246.194,184.997,0.885,-1,-1,-1
189,12,869.934,362.764,340.122,218.663,0.976,-1,-1,-1
189,30,829.131,236.811,247.562,187.033,0.887,-1,-1,-1
190,12,883.515,364.001,353.243,222.216,0.982,-1,-1,-1
190,30,827.670,237.325,251.513,192.313,0.868,-1,-1,-1
191,12,896.042,366.543,363.386,225.320,0.963,-1,-1,-1
191,30,827.919,238.519,257.921,195.410,0.900,-1,-1,-1
192,12,906.277,367.131,373.918,229.388,0.975,-1,-1,-1
192,30,829.548,238.582,260.400,197.651,0.902,-1,-1,-1
193,12,919.914,370.328,390.275,232.030,0.960,-1,-1,-1
193,30,831.189,237.743,262.424,201.244,0.932,-1,-1,-1
194,12,930.145,375.227,380.532,233.792,0.980,-1,-1,-1
194,30,834.809,239.093,258.970,200.937,0.922,-1,-1,-1
195,12,945.222,377.668,382.278,236.058,0.984,-1,-1,-1
195,30,837.415,239.570,257.688,200.897,0.943,-1,-1,-1
196,12,953.825,378.611,383.805,242.867,0.981,-1,-1,-1
196,30,839.968,239.399,255.227,200.546,0.974,-1,-1,-1
197,12,966.353,385.256,384.059,240.793,0.978,-1,-1,-1
197,30,841.811,238.896,254.269,200.169,0.987,-1,-1,-1
198,12,979.765,389.524,387.546,242.822,0.981,-1,-1,-1
198,30,843.961,238.865,251.943,201.215,0.993,-1,-1,-1
198,32,286.730,162.912,127.178,107.599,0.796,-1,-1,-1
199,12,993.864,393.312,388.642,245.658,0.985,-1,-1,-1
199,30,845.162,239.128,254.740,203.202,0.995,-1,-1,-1
199,32,286.731,162.833,127.178,107.599,0.796,-1,-1,-1
200,12,1006.252,398.518,393.643,247.240,0.982,-1,-1,-1
200,30,846.158,237.619,255.354,205.192,0.994,-1,-1,-1
200,32,286.732,162.764,127.178,107.599,0.796,-1,-1,-1
201,12,1021.411,398.917,396.042,252.644,0.989,-1,-1,-1
201,30,847.798,236.169,256.173,207.565,0.994,-1,-1,-1
201,32,286.739,162.676,127.178,107.599,0.796,-1,-1,-1
202,12,1032.366,402.585,400.535,254.092,0.990,-1,-1,-1
202,30,849.183,237.405,257.740,207.349,0.995,-1,-1,-1
202,32,286.751,162.585,127.178,107.599,0.796,-1,-1,-1
203,12,1042.259,406.609,405.699,257.272,0.991,-1,-1,-1
203,30,849.440,240.559,258.821,203.951,0.996,-1,-1,-1
203,32,319.482,173.454,127.559,103.404,0.519,-1,-1,-1
204,12,1053.024,410.561,412.597,258.851,0.991,-1,-1,-1
204,30,851.350,243.005,257.216,202.278,0.996,-1,-1,-1
204,32,326.720,175.062,126.993,103.221,0.716,-1,-1,-1
205,12,1067.767,411.119,414.388,263.424,0.993,-1,-1,-1
205,30,854.593,242.984,256.761,203.531,0.996,-1,-1,-1
205,32,330.050,176.472,131.221,107.263,0.745,-1,-1,-1
206,12,1077.603,411.452,422.698,269.014,0.992,-1,-1,-1
206,30,855.693,243.307,258.988,204.050,0.997,-1,-1,-1
206,32,335.158,179.374,130.743,106.135,0.817,-1,-1,-1
207,12,1091.483,415.612,426.861,273.412,0.992,-1,-1,-1
207,30,857.218,243.537,261.749,205.846,0.996,-1,-1,-1
207,32,344.503,181.906,129.158,106.405,0.792,-1,-1,-1
208,12,1105.081,419.573,430.018,272.688,0.992,-1,-1,-1
208,30,859.203,242.647,264.622,207.072,0.997,-1,-1,-1
208,32,350.043,185.807,129.978,104.972,0.830,-1,-1,-1
209,12,1116.923,425.823,438.027,272.053,0.993,-1,-1,-1
209,30,862.028,242.676,265.865,207.842,0.997,-1,-1,-1
209,32,351.820,187.184,135.691,107.370,0.949,-1,-1,-1
210,12,1132.436,426.229,444.831,275.633,0.993,-1,-1,-1
210,30,864.830,242.418,268.073,208.898,0.997,-1,-1,-1
210,32,357.670,188.301,137.271,109.790,0.958,-1,-1,-1
211,12,1145.107,435.827,447.434,275.756,0.994,-1,-1,-1
211,30,868.479,244.011,266.711,208.637,0.997,-1,-1,-1
211,32,361.493,190.603,138.803,110.905,0.966,-1,-1,-1
212,12,1157.366,440.510,453.985,277.783,0.995,-1,-1,-1
212,30,870.359,245.165,268.303,207.485,0.997,-1,-1,-1
212,32,366.409,193.107,139.057,111.371,0.973,-1,-1,-1
213,12,1165.408,445.983,460.916,277.406,0.994,-1,-1,-1
213,30,874.364,245.304,266.896,206.950,0.998,-1,-1,-1
213,32,373.832,196.261,138.847,111.410,0.980,-1,-1,-1
214,12,1178.502,445.996,460.800,283.083,0.994,-1,-1,-1
214,30,878.895,246.509,267.127,206.095,0.998,-1,-1,-1
214,32,379.795,198.241,140.996,112.630,0.984,-1,-1,-1
215,12,1192.901,451.648,461.548,285.269,0.994,-1,-1,-1
215,30,879.474,245.703,270.333,208.336,0.998,-1,-1,-1
215,32,387.521,200.141,142.885,115.477,0.982,-1,-1,-1
216,12,1206.842,454.718,467.450,287.328,0.993,-1,-1,-1
216,30,882.977,245.610,270.128,209.739,0.998,-1,-1,-1
216,32,394.911,202.118,143.576,115.303,0.978,-1,-1,-1
217,12,1219.646,456.198,470.595,288.264,0.992,-1,-1,-1
217,30,886.904,247.455,271.730,208.926,0.998,-1,-1,-1
217,32,404.477,203.998,144.274,116.648,0.979,-1,-1,-1
218,12,1235.769,457.880,469.758,291.940,0.991,-1,-1,-1
218,30,891.872,248.740,271.089,210.348,0.997,-1,-1,-1
218,32,410.994,206.559,145.670,118.476,0.983,-1,-1,-1
219,12,1247.789,458.634,476.089,296.880,0.991,-1,-1,-1
219,30,895.533,249.329,272.551,211.010,0.996,-1,-1,-1
219,32,417.244,208.766,147.818,120.423,0.986,-1,-1,-1
220,12,1257.336,460.918,483.429,297.122,0.991,-1,-1,-1
220,30,899.041,250.249,273.845,211.785,0.995,-1,-1,-1
220,32,423.451,210.467,150.455,122.329,0.987,-1,-1,-1
221,12,1268.403,464.115,483.900,299.214,0.980,-1,-1,-1
221,30,901.369,249.490,277.065,212.939,0.997,-1,-1,-1
221,32,430.658,212.762,152.074,123.535,0.979,-1,-1,-1
222,12,1280.653,470.710,487.767,301.120,0.991,-1,-1,-1
222,30,905.511,250.692,277.619,212.319,0.997,-1,-1,-1
222,32,436.344,215.233,155.548,123.982,0.978,-1,-1,-1
223,12,1289.406,475.148,495.897,302.450,0.990,-1,-1,-1
223,30,910.270,250.808,278.985,213.839,0.997,-1,-1,-1
223,32,445.896,218.444,155.288,124.985,0.985,-1,-1,-1
224,12,1300.898,475.907,500.981,305.447,0.988,-1,-1,-1
224,30,915.480,253.093,278.975,213.162,0.997,-1,-1,-1
224,32,454.427,220.362,153.562,127.169,0.987,-1,-1,-1
225,12,1311.384,480.012,507.004,305.888,0.987,-1,-1,-1
225,30,921.833,253.942,278.870,214.853,0.997,-1,-1,-1
225,32,461.983,221.971,151.827,130.032,0.977,-1,-1,-1
226,12,1325.061,482.416,509.704,306.603,0.987,-1,-1,-1
226,30,924.766,254.831,282.380,215.602,0.997,-1,-1,-1
226,32,468.258,225.878,155.513,131.110,0.980,-1,-1,-1
227,12,1334.579,483.910,516.237,312.885,0.987,-1,-1,-1
227,30,927.370,256.082,285.984,214.442,0.997,-1,-1,-1
227,32,479.647,226.766,165.705,137.170,0.914,-1,-1,-1
228,12,1344.224,488.482,522.586,312.994,0.981,-1,-1,-1
228,30,932.252,256.594,285.774,216.710,0.997,-1,-1,-1
228,32,487.363,228.278,165.061,137.316,0.731,-1,-1,-1
229,12,1356.921,490.264,524.312,316.848,0.981,-1,-1,-1
229,30,936.961,256.848,285.956,217.507,0.997,-1,-1,-1
229,32,493.742,233.033,172.106,137.360,0.891,-1,-1,-1
230,12,1369.890,493.190,531.686,318.150,0.985,-1,-1,-1
230,30,940.931,256.186,285.181,220.100,0.997,-1,-1,-1
230,32,503.315,237.390,170.243,138.988,0.976,-1,-1,-1
231,12,1381.783,494.540,531.045,325.832,0.977,-1,-1,-1
231,30,942.869,255.936,286.665,220.216,0.997,-1,-1,-1
231,32,513.392,237.174,164.355,147.845,0.958,-1,-1,-1
232,12,1392.865,495.848,520.779,331.923,0.970,-1,-1,-1
232,30,944.684,256.642,287.974,219.668,0.996,-1,-1,-1
232,32,526.263,241.293,185.006,150.794,0.974,-1,-1,-1
233,12,1405.721,499.671,508.119,334.632,0.957,-1,-1,-1
233,30,945.149,257.625,291.175,220.298,0.997,-1,-1,-1
233,32,534.435,243.258,193.408,156.736,0.985,-1,-1,-1
234,12,1417.269,502.083,497.309,336.897,0.954,-1,-1,-1
234,30,946.120,257.794,293.723,221.180,0.998,-1,-1,-1
234,32,541.703,253.162,202.197,152.654,0.987,-1,-1,-1
235,12,1427.803,504.332,487.205,342.337,0.939,-1,-1,-1
235,30,949.230,257.728,295.119,223.553,0.997,-1,-1,-1
235,32,552.632,254.550,205.549,158.677,0.987,-1,-1,-1
236,12,1435.683,506.679,479.249,349.021,0.914,-1,-1,-1
236,30,953.663,258.931,294.083,222.887,0.997,-1,-1,-1
236,32,564.181,261.101,203.381,156.800,0.994,-1,-1,-1
237,12,1445.818,508.555,469.049,352.580,0.885,-1,-1,-1
237,30,957.774,259.589,293.581,223.738,0.997,-1,-1,-1
237,32,574.991,260.833,208.816,164.555,0.993,-1,-1,-1
238,12,1459.874,512.588,455.075,353.502,0.855,-1,-1,-1
238,30,962.839,260.091,292.721,223.657,0.997,-1,-1,-1
238,32,582.453,262.770,214.566,161.382,0.997,-1,-1,-1
239,12,1469.461,516.907,445.334,354.892,0.831,-1,-1,-1
239,30,965.430,259.626,292.845,224.589,0.997,-1,-1,-1
239,32,583.802,264.215,225.280,168.732,0.995,-1,-1,-1
240,12,1479.150,520.287,435.686,354.617,0.833,-1,-1,-1
240,30,967.111,258.413,292.901,227.182,0.997,-1,-1,-1
240,32,586.218,271.826,242.078,171.290,0.993,-1,-1,-1
241,12,1489.239,525.692,425.380,353.660,0.728,-1,-1,-1
241,30,968.566,258.554,295.265,227.794,0.998,-1,-1,-1
241,32,599.934,279.716,249.559,173.568,0.992,-1,-1,-1
242,12,1498.667,530.013,415.803,351.647,0.738,-1,-1,-1
242,30,969.830,258.548,297.035,228.746,0.998,-1,-1,-1
242,32,634.653,284.047,223.924,172.810,0.971,-1,-1,-1
243,12,1511.324,533.166,403.181,351.829,0.643,-1,-1,-1
243,30,970.687,259.406,299.199,229.673,0.997,-1,-1,-1
243,32,654.675,286.219,219.963,173.053,0.982,-1,-1,-1
244,12,1519.637,537.484,394.823,349.569,0.591,-1,-1,-1
244,30,972.482,259.698,299.930,229.572,0.996,-1,-1,-1
244,32,645.100,288.568,247.728,177.932,0.977,-1,-1,-1
245,12,1529.230,540.044,385.499,350.266,0.573,-1,-1,-1
245,30,976.032,260.564,298.687,229.489,0.996,-1,-1,-1
245,32,661.779,292.767,250.931,180.447,0.988,-1,-1,-1
246,12,1535.553,543.395,383.447,350.266,0.573,-1,-1,-1
246,30,979.408,261.146,298.096,230.192,0.995,-1,-1,-1
246,32,669.328,296.485,262.142,181.740,0.992,-1,-1,-1
247,12,1543.203,546.874,375.797,350.266,0.573,-1,-1,-1
247,30,981.730,262.310,298.704,229.446,0.994,-1,-1,-1
247,32,684.523,298.796,261.989,186.448,0.993,-1,-1,-1
248,12,1551.864,550.443,367.136,350.266,0.573,-1,-1,-1
248,30,983.738,262.690,300.397,231.031,0.992,-1,-1,-1
248,32,694.938,301.961,272.611,188.054,0.991,-1,-1,-1
249,12,1561.896,554.137,357.104,350.266,0.573,-1,-1,-1
249,30,985.556,261.910,301.888,232.960,0.991,-1,-1,-1
249,32,701.260,304.796,285.441,193.702,0.990,-1,-1,-1
250,30,986.953,263.850,303.133,232.339,0.990,-1,-1,-1
250,32,716.727,307.272,291.243,199.185,0.987,-1,-1,-1
251,30,989.560,264.463,306.737,232.973,0.986,-1,-1,-1
251,32,732.111,311.334,294.174,198.794,0.989,-1,-1,-1
252,30,987.371,264.721,313.828,233.229,0.978,-1,-1,-1
252,32,741.084,314.087,304.139,200.759,0.979,-1,-1,-1
253,30,987.410,265.046,317.156,234.206,0.964,-1,-1,-1
253,32,753.319,316.192,318.221,206.665,0.947,-1,-1,-1
254,30,996.709,264.549,313.255,235.854,0.959,-1,-1,-1
254,32,770.940,318.713,318.960,211.060,0.944,-1,-1,-1
255,30,991.110,267.552,322.573,236.358,0.931,-1,-1,-1
255,32,784.709,320.624,322.626,214.896,0.755,-1,-1,-1
256,30,999.673,268.144,319.060,238.578,0.939,-1,-1,-1
256,32,798.187,329.437,327.135,214.509,0.613,-1,-1,-1
257,30,998.899,269.304,324.280,240.129,0.937,-1,-1,-1
257,32,812.886,331.404,339.727,218.450,0.684,-1,-1,-1
258,30,1002.690,269.189,326.172,243.625,0.903,-1,-1,-1
258,32,824.785,333.855,350.043,224.101,0.611,-1,-1,-1
259,30,996.459,270.464,338.292,247.154,0.868,-1,-1,-1
259,32,839.301,338.367,357.430,229.582,0.568,-1,-1,-1
260,30,866.031,301.406,454.060,266.382,0.967,-1,-1,-1
260,32,854.632,343.621,357.430,229.582,0.568,-1,-1,-1
261,30,871.030,340.051,395.157,239.034,0.973,-1,-1,-1
261,32,1013.221,270.549,333.408,245.396,0.745,-1,-1,-1
262,30,888.210,350.626,380.891,237.628,0.984,-1,-1,-1
262,32,1023.572,277.274,328.936,239.544,0.739,-1,-1,-1
263,30,899.216,355.748,383.292,239.322,0.984,-1,-1,-1
263,32,1026.680,273.520,331.342,243.096,0.520,-1,-1,-1
264,30,910.137,359.357,392.414,243.514,0.985,-1,-1,-1
264,32,1060.401,261.406,331.342,243.096,0.520,-1,-1,-1
265,30,927.043,363.782,394.604,245.145,0.987,-1,-1,-1
265,32,1094.166,249.332,331.342,243.096,0.520,-1,-1,-1
266,30,935.056,366.428,411.368,250.445,0.988,-1,-1,-1
266,32,1099.607,250.499,331.342,243.096,0.520,-1,-1,-1
267,30,951.624,373.338,416.181,250.459,0.991,-1,-1,-1
267,32,1104.460,251.114,331.342,243.096,0.520,-1,-1,-1
268,30,968.339,377.933,421.145,254.717,0.992,-1,-1,-1
269,30,984.755,381.550,426.991,259.895,0.994,-1,-1,-1
270,30,996.957,387.740,434.017,262.956,0.991,-1,-1,-1
270,37,1549.993,344.279,338.945,154.971,0.656,-1,-1,-1
271,30,1012.715,395.192,442.048,264.390,0.993,-1,-1,-1
271,37,1518.428,336.799,323.235,155.426,0.739,-1,-1,-1
272,30,1025.553,400.256,455.131,264.077,0.993,-1,-1,-1
272,37,1483.332,331.877,305.667,153.807,0.901,-1,-1,-1
273,30,1034.923,402.137,464.069,269.847,0.995,-1,-1,-1
273,37,1449.996,327.998,292.722,149.322,0.933,-1,-1,-1
274,30,1043.355,407.328,480.287,271.605,0.992,-1,-1,-1
274,37,1417.172,324.307,283.746,143.437,0.899,-1,-1,-1
275,30,1056.898,407.574,488.742,281.542,0.994,-1,-1,-1
275,37,1394.469,316.734,271.359,144.062,0.777,-1,-1,-1
276,30,1072.387,412.623,496.049,282.027,0.994,-1,-1,-1
276,37,1366.514,310.166,260.587,147.650,0.553,-1,-1,-1
277,30,1091.571,418.381,499.151,280.946,0.995,-1,-1,-1
277,37,1338.553,305.093,260.587,147.650,0.553,-1,-1,-1
278,30,1104.559,421.765,509.226,286.820,0.994,-1,-1,-1
278,37,1318.522,301.236,260.587,147.650,0.553,-1,-1,-1
279,30,1111.605,425.863,520.306,289.918,0.993,-1,-1,-1
279,37,1305.951,298.700,260.587,147.650,0.553,-1,-1,-1
280,30,1130.356,430.760,527.499,290.518,0.991,-1,-1,-1
280,37,1107.146,285.871,362.600,239.912,0.807,-1,-1,-1
281,30,1146.091,437.417,528.164,290.028,0.989,-1,-1,-1
281,37,1113.113,286.611,353.839,239.573,0.876,-1,-1,-1
282,30,1149.947,440.878,549.738,292.966,0.990,-1,-1,-1
282,37,1117.130,286.337,349.208,243.994,0.929,-1,-1,-1
283,30,1170.504,445.597,551.573,295.054,0.990,-1,-1,-1
283,37,1120.581,286.630,347.227,244.787,0.943,-1,-1,-1
284,30,1191.214,447.954,551.185,299.877,0.987,-1,-1,-1
284,37,1119.146,289.096,353.763,245.572,0.921,-1,-1,-1
285,30,1207.206,450.365,558.253,303.489,0.987,-1,-1,-1
285,37,1119.653,288.134,357.326,251.178,0.913,-1,-1,-1
286,30,1219.826,451.930,582.600,308.985,0.980,-1,-1,-1
286,37,1116.838,290.287,366.206,253.507,0.966,-1,-1,-1
287,30,1240.547,454.725,637.388,316.576,0.983,-1,-1,-1
287,37,1122.100,292.236,365.465,251.897,0.976,-1,-1,-1
288,30,1252.022,457.731,628.561,319.843,0.986,-1,-1,-1
288,37,1122.775,292.995,367.794,253.436,0.983,-1,-1,-1
289,30,1263.387,460.119,617.303,320.916,0.984,-1,-1,-1
289,37,1125.171,292.159,368.774,256.269,0.986,-1,-1,-1
290,30,1276.810,461.636,612.482,326.072,0.978,-1,-1,-1
290,37,1128.329,293.022,367.298,260.118,0.987,-1,-1,-1
291,30,1288.888,464.731,617.241,330.258,0.972,-1,-1,-1
291,37,1129.141,291.184,370.399,265.911,0.986,-1,-1,-1
292,30,1295.096,466.028,619.526,335.365,0.961,-1,-1,-1
292,37,1130.377,294.044,368.655,264.777,0.989,-1,-1,-1
293,30,1314.569,463.982,601.812,347.860,0.934,-1,-1,-1
293,37,1132.931,291.406,370.741,265.878,0.991,-1,-1,-1
294,30,1334.027,466.608,582.737,357.932,0.954,-1,-1,-1
294,37,1131.664,291.596,372.389,264.302,0.995,-1,-1,-1
295,30,1342.261,464.403,574.625,366.661,0.944,-1,-1,-1
295,37,1134.156,290.213,373.091,265.238,0.995,-1,-1,-1
296,30,1356.858,467.668,559.848,369.266,0.879,-1,-1,-1
296,37,1136.102,289.337,372.268,267.528,0.996,-1,-1,-1
297,30,1380.549,467.336,535.034,384.852,0.865,-1,-1,-1
297,37,1137.186,290.629,372.463,263.958,0.997,-1,-1,-1
298,30,1392.448,472.270,522.649,386.030,0.863,-1,-1,-1
298,37,1139.291,291.286,373.082,263.669,0.997,-1,-1,-1
299,30,1405.989,473.706,508.793,392.742,0.852,-1,-1,-1
299,37,1140.565,292.835,376.437,261.010,0.998,-1,-1,-1
300,30,1423.022,486.283,491.021,388.311,0.746,-1,-1,-1
300,37,1142.530,293.916,376.177,259.230,0.998,-1,-1,-1
301,30,1434.171,476.453,479.767,401.179,0.630,-1,-1,-1
301,37,1145.101,292.262,375.504,261.743,0.998,-1,-1,-1
302,30,1442.295,480.791,476.705,401.179,0.630,-1,-1,-1
302,37,1146.432,292.674,376.251,260.874,0.998,-1,-1,-1
303,30,1452.185,484.899,466.815,401.179,0.630,-1,-1,-1
303,37,1147.124,290.904,377.825,262.684,0.999,-1,-1,-1
304,30,1463.600,488.939,455.400,401.179,0.630,-1,-1,-1
304,37,1147.454,291.107,378.719,262.830,0.999,-1,-1,-1
305,30,1476.191,491.749,442.809,401.179,0.630,-1,-1,-1
305,37,1150.129,292.700,378.166,261.567,0.999,-1,-1,-1
306,37,1150.114,293.490,381.161,260.883,0.999,-1,-1,-1
307,37,1150.472,294.013,383.601,261.416,0.999,-1,-1,-1
308,37,1151.002,293.707,384.283,261.421,0.999,-1,-1,-1
309,37,1151.728,292.672,385.233,262.086,0.999,-1,-1,-1
310,37,1152.527,293.034,387.843,263.148,0.999,-1,-1,-1
311,37,1154.411,295.240,387.106,261.059,0.999,-1,-1,-1
312,37,1158.661,295.283,385.593,262.135,0.999,-1,-1,-1
313,37,1159.587,297.722,387.441,260.183,0.999,-1,-1,-1
314,37,1161.040,298.322,387.146,259.671,0.999,-1,-1,-1
315,37,1163.425,297.617,387.817,261.342,0.999,-1,-1,-1
315,39,368.832,169.071,119.188,91.672,0.589,-1,-1,-1
316,37,1165.506,296.715,388.357,262.338,0.999,-1,-1,-1
316,39,375.196,169.383,118.715,92.868,0.667,-1,-1,-1
317,37,1166.443,296.210,392.154,263.604,0.999,-1,-1,-1
317,39,380.291,171.590,118.879,94.383,0.762,-1,-1,-1
318,37,1169.313,297.089,394.222,264.049,0.999,-1,-1,-1
318,39,383.948,173.621,121.085,94.634,0.874,-1,-1,-1
319,37,1171.017,298.970,396.687,264.403,0.999,-1,-1,-1
319,39,388.871,176.100,120.430,94.723,0.859,-1,-1,-1
320,37,1173.085,298.507,398.166,265.576,0.999,-1,-1,-1
320,39,395.268,179.171,119.597,95.637,0.822,-1,-1,-1
321,37,1175.382,300.352,398.600,264.884,0.999,-1,-1,-1
321,39,399.864,182.999,120.551,95.904,0.779,-1,-1,-1
322,37,1181.286,303.086,398.563,262.386,0.996,-1,-1,-1
322,39,407.222,186.205,120.239,96.104,0.888,-1,-1,-1
323,37,1185.477,301.370,403.041,265.239,0.998,-1,-1,-1
323,39,413.495,188.698,121.150,95.964,0.892,-1,-1,-1
324,37,1191.547,302.017,404.579,267.859,0.999,-1,-1,-1
324,39,420.388,190.828,122.372,96.032,0.897,-1,-1,-1
325,37,1197.013,302.682,408.707,268.727,0.999,-1,-1,-1
325,39,424.925,192.293,123.488,97.531,0.929,-1,-1,-1
326,37,1206.463,303.666,409.545,271.481,0.999,-1,-1,-1
326,39,428.335,193.689,125.184,98.413,0.947,-1,-1,-1
327,37,1213.857,304.232,412.392,272.801,0.999,-1,-1,-1
327,39,432.214,195.970,125.428,99.920,0.972,-1,-1,-1
328,37,1223.387,307.879,414.047,271.870,0.999,-1,-1,-1
328,39,438.180,200.419,126.742,100.253,0.976,-1,-1,-1
329,37,1235.467,308.675,415.895,274.334,0.999,-1,-1,-1
329,39,444.820,204.238,126.447,100.888,0.977,-1,-1,-1
330,37,1245.134,306.723,419.405,278.993,0.999,-1,-1,-1
330,39,451.406,206.662,127.036,101.423,0.977,-1,-1,-1
331,37,1254.220,305.876,423.763,282.493,0.999,-1,-1,-1
331,39,457.441,208.954,128.714,102.404,0.983,-1,-1,-1
332,37,1264.520,306.362,428.587,283.098,0.999,-1,-1,-1
332,39,463.268,212.875,129.706,102.079,0.959,-1,-1,-1
333,37,1273.269,308.559,434.875,285.159,0.999,-1,-1,-1
333,39,470.054,216.074,129.642,103.972,0.970,-1,-1,-1
334,37,1284.407,309.532,437.212,289.067,0.999,-1,-1,-1
334,39,476.363,218.172,129.354,106.939,0.976,-1,-1,-1
335,37,1293.471,314.730,445.441,289.185,0.999,-1,-1,-1
335,39,481.613,221.332,127.865,107.185,0.956,-1,-1,-1
336,37,1304.421,320.504,449.729,285.030,0.999,-1,-1,-1
336,39,491.346,225.170,124.927,108.578,0.964,-1,-1,-1
337,37,1316.919,320.713,459.117,289.639,0.999,-1,-1,-1
337,39,498.607,228.539,125.979,111.309,0.972,-1,-1,-1
338,37,1330.126,324.913,461.760,290.851,0.999,-1,-1,-1
338,39,507.868,228.195,130.650,118.108,0.976,-1,-1,-1
339,37,1340.843,326.493,474.701,293.198,0.999,-1,-1,-1
339,39,513.772,229.726,143.740,120.494,0.978,-1,-1,-1
340,37,1350.545,325.673,480.336,300.145,0.999,-1,-1,-1
340,39,519.253,236.601,151.592,119.976,0.975,-1,-1,-1
341,37,1366.100,329.985,482.386,301.796,0.999,-1,-1,-1
341,39,529.252,238.663,148.433,121.890,0.859,-1,-1,-1
342,37,1377.140,330.874,481.780,305.648,0.999,-1,-1,-1
342,39,534.936,239.194,146.487,125.868,0.959,-1,-1,-1
343,37,1388.100,332.767,483.255,311.653,0.999,-1,-1,-1
343,39,542.106,240.343,142.892,130.018,0.643,-1,-1,-1
344,37,1401.502,334.183,485.312,312.559,0.998,-1,-1,-1
344,39,559.994,256.391,161.691,122.246,0.945,-1,-1,-1
345,37,1412.172,336.408,490.771,313.829,0.997,-1,-1,-1
345,39,567.347,257.242,161.667,125.795,0.973,-1,-1,-1
346,37,1416.947,331.295,497.488,325.349,0.994,-1,-1,-1
346,39,576.519,261.156,162.362,126.262,0.991,-1,-1,-1
347,37,1426.955,332.285,488.394,326.047,0.990,-1,-1,-1
347,39,580.698,263.631,172.868,132.139,0.993,-1,-1,-1
348,37,1435.645,336.355,480.586,325.077,0.985,-1,-1,-1
348,39,588.314,266.276,176.643,138.676,0.993,-1,-1,-1
349,37,1446.265,337.780,470.903,325.895,0.982,-1,-1,-1
349,39,594.785,273.145,184.495,139.721,0.946,-1,-1,-1
349,41,1316.246,306.459,193.774,129.823,0.602,-1,-1,-1
350,37,1452.400,339.060,465.226,328.863,0.970,-1,-1,-1
350,39,602.540,278.536,190.107,139.524,0.934,-1,-1,-1
350,41,1296.375,298.835,219.622,130.556,0.870,-1,-1,-1
351,37,1461.002,336.081,456.917,332.695,0.956,-1,-1,-1
351,39,626.320,287.814,180.753,134.482,0.927,-1,-1,-1
351,41,1278.326,295.065,224.994,128.881,0.572,-1,-1,-1
352,37,1467.187,334.502,451.054,337.367,0.964,-1,-1,-1
352,39,642.105,293.300,180.941,138.909,0.932,-1,-1,-1
352,41,1249.690,290.490,225.245,126.335,0.991,-1,-1,-1
353,37,1470.412,334.534,447.843,343.107,0.973,-1,-1,-1
353,39,651.081,298.943,185.748,140.741,0.958,-1,-1,-1
353,41,1226.616,286.591,221.886,125.890,0.986,-1,-1,-1
354,37,1474.526,334.687,443.870,345.785,0.977,-1,-1,-1
354,39,659.247,304.107,191.913,142.026,0.981,-1,-1,-1
354,41,1199.587,281.769,221.430,125.711,0.991,-1,-1,-1
355,37,1480.428,332.679,438.110,348.542,0.964,-1,-1,-1
355,39,668.049,307.072,200.081,145.443,0.996,-1,-1,-1
355,41,1182.111,276.708,215.192,125.153,0.990,-1,-1,-1
356,37,1482.356,337.453,436.167,343.397,0.976,-1,-1,-1
356,39,680.831,310.506,204.522,146.993,0.996,-1,-1,-1
356,41,1161.649,271.380,207.052,123.405,0.989,-1,-1,-1
357,37,1487.075,336.380,431.407,345.324,0.971,-1,-1,-1
357,39,691.783,316.449,209.483,150.036,0.991,-1,-1,-1
357,41,1142.376,267.824,201.052,121.745,0.986,-1,-1,-1
358,37,1489.919,335.029,428.860,347.154,0.963,-1,-1,-1
358,39,705.199,321.758,213.162,152.339,0.994,-1,-1,-1
358,41,1116.994,262.938,201.317,122.105,0.989,-1,-1,-1
359,37,1491.850,336.069,427.065,345.813,0.965,-1,-1,-1
359,39,717.719,325.511,222.770,156.557,0.995,-1,-1,-1
359,41,1096.987,258.913,198.845,121.222,0.991,-1,-1,-1
360,37,1494.034,333.744,424.997,348.352,0.957,-1,-1,-1
360,39,732.512,329.418,225.760,157.273,0.997,-1,-1,-1
360,41,1081.728,255.922,191.780,119.188,0.983,-1,-1,-1
361,37,1498.052,334.848,421.092,348.263,0.954,-1,-1,-1
361,39,747.088,336.820,234.601,156.968,0.996,-1,-1,-1
361,41,1065.586,252.485,187.501,118.110,0.984,-1,-1,-1
362,37,1498.101,334.706,421.023,350.600,0.930,-1,-1,-1
362,39,760.090,341.975,239.708,156.818,0.995,-1,-1,-1
362,41,1044.262,248.580,184.659,117.582,0.980,-1,-1,-1
363,37,1487.964,334.381,431.202,347.722,0.932,-1,-1,-1
363,39,774.166,344.584,246.440,159.375,0.994,-1,-1,-1
363,41,1028.816,246.602,179.825,116.561,0.969,-1,-1,-1
364,37,1490.747,339.999,428.513,341.547,0.933,-1,-1,-1
364,39,791.847,349.064,250.498,162.203,0.997,-1,-1,-1
364,41,1012.425,244.277,177.998,115.515,0.975,-1,-1,-1
365,37,1486.140,337.398,433.224,344.130,0.922,-1,-1,-1
365,39,806.888,352.122,261.575,169.458,0.996,-1,-1,-1
365,41,997.233,242.967,171.908,112.497,0.986,-1,-1,-1
366,37,1490.581,337.928,428.666,344.266,0.911,-1,-1,-1
366,39,823.000,356.852,260.748,174.358,0.994,-1,-1,-1
366,41,981.375,240.038,168.381,111.426,0.982,-1,-1,-1
367,37,1485.725,336.804,433.584,346.405,0.713,-1,-1,-1
367,39,834.459,360.846,270.979,177.155,0.996,-1,-1,-1
367,41,968.541,235.701,161.068,111.184,0.978,-1,-1,-1
368,37,1496.264,338.890,423.092,343.761,0.905,-1,-1,-1
368,39,848.095,363.713,275.590,183.561,0.997,-1,-1,-1
368,41,950.453,232.045,163.049,110.880,0.988,-1,-1,-1
368,45,1331.674,264.272,228.653,177.236,0.695,-1,-1,-1
369,37,1495.454,335.822,423.968,346.280,0.901,-1,-1,-1
369,39,866.581,369.699,282.966,186.501,0.996,-1,-1,-1
369,41,936.511,228.780,157.736,109.836,0.986,-1,-1,-1
369,45,1310.963,255.114,237.877,178.065,0.580,-1,-1,-1
370,37,1497.961,337.862,421.341,343.208,0.919,-1,-1,-1
370,39,879.791,374.222,289.593,192.638,0.996,-1,-1,-1
370,41,918.407,225.775,159.149,109.670,0.983,-1,-1,-1
370,45,1291.158,256.957,244.799,170.464,0.742,-1,-1,-1
371,37,1499.329,340.873,420.039,341.891,0.905,-1,-1,-1
371,39,895.661,379.002,300.783,196.184,0.995,-1,-1,-1
371,41,904.843,225.828,157.992,103.470,0.982,-1,-1,-1
371,45,1271.641,245.597,278.520,180.225,0.918,-1,-1,-1
372,37,1499.938,340.393,419.406,342.693,0.912,-1,-1,-1
372,39,913.806,386.000,308.360,198.282,0.994,-1,-1,-1
372,41,889.445,224.472,151.188,100.826,0.950,-1,-1,-1
372,45,1250.378,245.902,275.714,175.457,0.930,-1,-1,-1
373,37,1501.204,342.188,418.168,341.756,0.886,-1,-1,-1
373,39,934.458,390.669,315.012,203.996,0.991,-1,-1,-1
373,41,875.133,219.857,153.212,102.411,0.976,-1,-1,-1
373,45,1226.101,247.161,278.023,170.703,0.976,-1,-1,-1
374,37,1501.128,341.388,418.206,343.284,0.872,-1,-1,-1
374,39,948.983,398.039,326.793,206.231,0.992,-1,-1,-1
374,41,863.057,217.745,147.718,101.777,0.976,-1,-1,-1
374,45,1204.479,245.739,276.213,169.073,0.951,-1,-1,-1
375,37,1501.697,341.366,417.686,343.830,0.878,-1,-1,-1
375,39,968.201,404.205,336.436,211.054,0.992,-1,-1,-1
375,41,851.446,214.506,144.154,100.833,0.942,-1,-1,-1
375,45,1180.863,240.870,274.126,165.730,0.974,-1,-1,-1
376,37,1503.061,341.898,416.220,343.660,0.866,-1,-1,-1
376,39,985.078,408.605,349.631,215.576,0.993,-1,-1,-1
376,41,836.245,210.583,146.521,101.502,0.799,-1,-1,-1
376,45,1166.281,241.376,264.932,158.928,0.951,-1,-1,-1
377,37,1504.597,343.187,414.697,342.505,0.893,-1,-1,-1
377,39,1006.830,415.172,353.357,216.348,0.990,-1,-1,-1
377,41,823.952,210.035,144.788,97.997,0.827,-1,-1,-1
377,45,1148.088,230.207,272.163,164.186,0.957,-1,-1,-1
378,37,1506.315,344.306,412.807,342.273,0.879,-1,-1,-1
378,39,1030.167,421.908,359.765,218.604,0.993,-1,-1,-1
378,41,812.996,209.631,140.713,95.799,0.922,-1,-1,-1
378,45,1131.567,222.437,255.750,164.978,0.938,-1,-1,-1
379,37,1509.229,345.511,409.882,341.472,0.876,-1,-1,-1
379,39,1048.521,426.805,370.226,229.991,0.989,-1,-1,-1
379,41,799.632,205.545,141.134,96.531,0.808,-1,-1,-1
379,45,1112.883,216.788,255.446,167.631,0.972,-1,-1,-1
380,37,1506.586,345.387,412.247,342.690,0.899,-1,-1,-1
380,39,1070.051,434.739,377.331,232.914,0.993,-1,-1,-1
380,41,787.683,203.439,139.957,95.661,0.911,-1,-1,-1
380,45,1101.459,228.523,232.326,152.555,0.818,-1,-1,-1
381,37,1509.360,350.277,409.308,339.975,0.866,-1,-1,-1
381,39,1087.638,442.690,388.371,233.304,0.992,-1,-1,-1
381,41,777.311,200.552,135.119,94.694,0.859,-1,-1,-1
381,45,1076.488,213.082,241.693,161.039,0.797,-1,-1,-1
382,37,1512.094,349.060,406.457,343.161,0.868,-1,-1,-1
382,39,1111.933,449.379,394.151,237.338,0.993,-1,-1,-1
382,41,765.012,197.802,134.397,94.945,0.873,-1,-1,-1
382,45,1067.201,220.468,232.954,150.985,0.856,-1,-1,-1
383,37,1522.571,351.878,396.184,342.098,0.809,-1,-1,-1
383,39,1141.557,460.248,398.913,237.499,0.993,-1,-1,-1
383,41,752.632,196.036,133.804,93.857,0.918,-1,-1,-1
383,45,1054.094,220.225,225.043,147.806,0.959,-1,-1,-1
384,37,1523.695,348.805,394.879,349.077,0.561,-1,-1,-1
384,39,1166.645,468.671,411.727,239.341,0.993,-1,-1,-1
384,41,741.802,194.691,133.024,91.902,0.863,-1,-1,-1
384,45,1036.284,216.207,224.129,145.801,0.908,-1,-1,-1
385,37,1533.154,346.368,385.945,352.048,0.643,-1,-1,-1
385,39,1193.331,472.952,419.413,247.816,0.988,-1,-1,-1
385,41,732.882,191.809,130.978,93.343,0.875,-1,-1,-1
385,45,1024.605,218.033,220.754,142.501,0.926,-1,-1,-1
386,37,1536.780,347.065,382.220,352.048,0.643,-1,-1,-1
386,39,1219.625,486.208,424.723,246.112,0.989,-1,-1,-1
386,41,723.660,190.232,130.325,93.076,0.888,-1,-1,-1
386,45,1012.121,212.434,223.805,146.487,0.981,-1,-1,-1
387,37,1541.656,348.012,377.344,352.048,0.643,-1,-1,-1
387,39,1250.714,495.988,431.151,249.620,0.982,-1,-1,-1
387,41,711.943,188.059,130.559,93.229,0.938,-1,-1,-1
387,45,993.930,208.460,222.087,144.666,0.988,-1,-1,-1
388,37,1547.169,348.907,371.831,352.048,0.643,-1,-1,-1
388,39,1276.162,503.133,447.422,251.740,0.987,-1,-1,-1
388,41,703.594,187.622,128.018,90.631,0.899,-1,-1,-1
388,45,981.217,212.935,225.050,139.741,0.992,-1,-1,-1
389,37,1302.578,508.481,457.022,260.334,0.973,-1,-1,-1
389,39,1307.107,512.734,447.422,251.740,0.987,-1,-1,-1
389,41,694.459,184.837,127.040,90.680,0.903,-1,-1,-1
389,45,971.836,207.851,220.103,142.400,0.994,-1,-1,-1
390,37,1326.133,513.656,471.416,269.106,0.966,-1,-1,-1
390,39,1337.696,522.308,447.422,251.740,0.987,-1,-1,-1
390,41,687.024,182.347,126.055,89.925,0.831,-1,-1,-1
390,45,957.203,201.454,218.056,142.544,0.993,-1,-1,-1
391,37,1355.171,521.959,484.439,273.409,0.961,-1,-1,-1
391,39,1368.498,531.223,447.422,251.740,0.987,-1,-1,-1
391,41,679.259,180.430,126.055,89.925,0.831,-1,-1,-1
391,45,946.760,201.683,209.049,139.981,0.992,-1,-1,-1
392,37,1386.941,531.364,507.361,277.184,0.962,-1,-1,-1
392,39,1398.748,539.637,447.422,251.740,0.987,-1,-1,-1
392,41,673.803,178.916,126.055,89.925,0.831,-1,-1,-1
392,45,936.448,202.590,203.455,136.926,0.988,-1,-1,-1
393,37,1420.429,539.118,492.307,286.741,0.958,-1,-1,-1
393,41,670.265,177.743,126.055,89.925,0.831,-1,-1,-1
393,45,923.976,191.250,205.360,142.559,0.965,-1,-1,-1
394,37,1452.428,546.534,461.919,300.964,0.907,-1,-1,-1
394,41,668.644,177.124,126.055,89.925,0.831,-1,-1,-1
394,45,908.963,192.766,206.826,139.455,0.982,-1,-1,-1
395,37,1484.468,553.986,430.468,312.357,0.778,-1,-1,-1
395,45,896.940,180.447,209.721,145.868,0.972,-1,-1,-1
396,37,1512.110,569.759,402.403,310.393,0.607,-1,-1,-1
396,45,889.912,180.602,200.000,143.644,0.969,-1,-1,-1
397,37,1533.740,582.811,385.260,310.393,0.607,-1,-1,-1
397,45,875.976,180.155,203.862,142.485,0.988,-1,-1,-1
398,37,1557.191,595.463,361.809,310.393,0.607,-1,-1,-1
398,45,865.394,181.166,198.157,140.437,0.989,-1,-1,-1
399,37,1584.224,607.391,334.776,310.393,0.607,-1,-1,-1
399,45,859.553,188.998,188.297,132.783,0.986,-1,-1,-1
400,37,1614.838,618.926,304.162,310.393,0.607,-1,-1,-1
400,45,847.210,183.825,191.090,135.136,0.955,-1,-1,-1
401,45,837.255,187.571,187.201,130.629,0.988,-1,-1,-1
402,45,826.108,182.124,190.649,133.098,0.995,-1,-1,-1
403,45,819.922,185.565,185.521,129.337,0.990,-1,-1,-1
404,45,808.909,186.123,184.071,126.244,0.986,-1,-1,-1
405,45,802.704,183.032,185.549,127.417,0.990,-1,-1,-1
406,45,796.051,183.016,179.416,126.337,0.977,-1,-1,-1
407,45,786.936,177.099,179.150,130.147,0.984,-1,-1,-1
408,45,781.132,183.979,177.646,123.226,0.982,-1,-1,-1
409,45,769.943,175.512,183.994,128.340,0.991,-1,-1,-1
410,45,761.306,173.801,183.690,130.145,0.967,-1,-1,-1
