1,1,1427.411,317.239,311.053,208.265,0.751,-1,-1,-1
2,1,1425.710,317.578,312.392,207.320,0.851,-1,-1,-1
3,1,1425.841,317.708,312.003,207.236,0.834,-1,-1,-1
4,1,1425.380,317.772,312.303,207.076,0.802,-1,-1,-1
5,1,1425.693,317.916,312.001,206.900,0.803,-1,-1,-1
6,1,1425.492,317.751,312.312,207.107,0.841,-1,-1,-1
7,1,1425.448,317.944,312.549,206.994,0.847,-1,-1,-1
8,1,1425.928,317.980,311.755,207.036,0.839,-1,-1,-1
9,1,1425.819,317.625,312.198,207.477,0.855,-1,-1,-1
10,1,1426.002,317.827,312.051,207.429,0.858,-1,-1,-1
11,1,1425.998,317.686,311.965,207.550,0.845,-1,-1,-1
12,1,1426.043,317.563,311.836,207.522,0.839,-1,-1,-1
13,1,1426.219,317.740,311.379,207.079,0.833,-1,-1,-1
14,1,1426.126,317.885,311.361,206.886,0.837,-1,-1,-1
15,1,1426.548,317.872,310.953,207.011,0.838,-1,-1,-1
16,1,1426.187,317.740,311.552,207.022,0.834,-1,-1,-1
17,1,1426.331,317.828,311.484,207.018,0.842,-1,-1,-1
18,1,1426.417,317.952,311.363,206.887,0.852,-1,-1,-1
19,1,1426.241,318.059,311.335,206.697,0.838,-1,-1,-1
20,1,1426.310,317.817,311.472,207.045,0.832,-1,-1,-1
21,1,1424.802,317.725,313.097,206.866,0.880,-1,-1,-1
22,1,1423.485,317.466,312.866,207.143,0.904,-1,-1,-1
23,1,1423.739,317.538,312.666,207.094,0.903,-1,-1,-1
24,1,1424.336,317.926,311.190,207.250,0.879,-1,-1,-1
25,1,1425.523,318.619,309.101,206.828,0.810,-1,-1,-1
26,1,1426.165,319.556,308.816,206.866,0.733,-1,-1,-1
27,1,1579.471,413.017,338.918,388.438,0.722,-1,-1,-1
28,1,1526.221,395.684,392.220,382.260,0.869,-1,-1,-1
29,1,1484.567,384.703,434.673,370.994,0.950,-1,-1,-1
30,1,1452.048,372.573,465.258,365.645,0.985,-1,-1,-1
31,1,1413.089,346.272,480.304,364.841,0.995,-1,-1,-1
32,1,1382.219,337.677,461.655,355.520,0.997,-1,-1,-1
33,1,1347.902,334.569,452.319,341.312,0.996,-1,-1,-1
34,1,1319.273,332.726,439.064,328.258,0.996,-1,-1,-1
35,1,1294.192,335.062,427.964,310.992,0.996,-1,-1,-1
36,1,1271.230,331.020,434.144,301.095,0.993,-1,-1,-1
37,1,1243.431,327.969,459.266,294.134,0.995,-1,-1,-1
38,1,1220.485,322.608,467.562,285.630,0.993,-1,-1,-1
39,1,1184.204,319.297,393.494,276.023,0.971,-1,-1,-1
40,1,1167.066,317.771,372.836,266.515,0.958,-1,-1,-1
41,1,1144.815,313.885,364.482,262.668,0.948,-1,-1,-1
42,1,1128.189,312.432,353.906,253.674,0.941,-1,-1,-1
43,1,1109.694,308.164,343.708,249.991,0.958,-1,-1,-1
44,1,1096.186,303.891,334.426,245.487,0.958,-1,-1,-1
45,1,1083.620,299.338,322.548,239.119,0.966,-1,-1,-1
46,1,1069.213,295.083,313.854,236.492,0.971,-1,-1,-1
47,1,1058.836,292.436,303.843,230.714,0.966,-1,-1,-1
48,1,1049.101,288.377,294.608,226.813,0.972,-1,-1,-1
49,1,1041.873,283.706,285.737,222.656,0.947,-1,-1,-1
50,1,1039.210,279.320,275.211,218.712,0.955,-1,-1,-1
51,1,1038.002,276.121,266.219,213.473,0.956,-1,-1,-1
52,1,1039.201,272.489,253.793,206.063,0.970,-1,-1,-1
53,1,1040.669,265.274,244.012,205.885,0.974,-1,-1,-1
54,1,1040.975,261.159,235.739,202.558,0.975,-1,-1,-1
55,1,1043.950,259.153,229.271,197.796,0.964,-1,-1,-1
56,1,1046.104,255.866,225.728,194.693,0.978,-1,-1,-1
57,1,1050.009,253.340,223.156,193.748,0.989,-1,-1,-1
58,1,1053.498,250.758,225.122,190.203,0.989,-1,-1,-1
59,1,1060.078,247.205,224.625,188.450,0.987,-1,-1,-1
60,1,1068.303,245.460,223.669,185.936,0.973,-1,-1,-1
61,1,1079.255,242.297,222.850,184.062,0.980,-1,-1,-1
62,1,1090.635,237.280,225.557,185.277,0.977,-1,-1,-1
63,1,1104.331,236.004,226.182,181.145,0.971,-1,-1,-1
64,1,1120.555,231.658,224.782,181.696,0.983,-1,-1,-1
65,1,1133.788,229.256,224.649,177.499,0.971,-1,-1,-1
66,1,1149.476,227.077,226.169,175.218,0.978,-1,-1,-1
67,1,1169.800,226.302,223.471,169.385,0.970,-1,-1,-1
68,1,1183.599,224.081,230.031,169.287,0.721,-1,-1,-1
69,1,1200.943,222.679,228.305,167.108,0.858,-1,-1,-1
70,1,1221.534,221.524,223.961,165.797,0.909,-1,-1,-1
71,1,1242.970,220.327,219.186,163.041,0.903,-1,-1,-1
72,1,1262.571,218.184,217.240,162.407,0.882,-1,-1,-1
73,1,1281.151,218.948,210.831,160.828,0.855,-1,-1,-1
74,1,1296.252,215.745,211.720,159.941,0.779,-1,-1,-1
75,1,1313.281,215.492,211.097,159.696,0.508,-1,-1,-1
76,1,1329.404,214.022,211.097,159.696,0.508,-1,-1,-1
77,1,1344.627,212.754,211.097,159.696,0.508,-1,-1,-1
78,1,1359.465,211.184,211.097,159.696,0.508,-1,-1,-1
79,1,1371.219,210.330,211.097,159.696,0.508,-1,-1,-1
112,6,827.354,156.478,185.049,122.021,0.669,-1,-1,-1
113,6,836.948,156.650,198.283,125.348,0.529,-1,-1,-1
114,6,855.884,160.312,200.449,127.011,0.517,-1,-1,-1
115,6,840.137,159.623,243.982,132.771,0.776,-1,-1,-1
116,6,865.125,159.545,239.358,135.460,0.856,-1,-1,-1
117,6,909.365,162.079,223.865,135.228,0.605,-1,-1,-1
118,6,901.383,161.439,251.007,137.196,0.586,-1,-1,-1
119,6,933.183,162.688,245.089,138.573,0.840,-1,-1,-1
120,6,948.682,163.818,247.085,141.622,0.948,-1,-1,-1
121,6,969.880,164.460,238.424,139.630,0.748,-1,-1,-1
122,6,975.169,162.656,252.031,142.754,0.598,-1,-1,-1
123,6,990.055,163.471,252.031,142.754,0.598,-1,-1,-1
124,6,1041.149,161.126,224.905,146.191,0.932,-1,-1,-1
125,6,1059.624,153.970,216.357,153.487,0.874,-1,-1,-1
126,6,1048.702,152.969,243.169,155.493,0.963,-1,-1,-1
127,6,1044.946,158.316,255.533,150.438,0.619,-1,-1,-1
128,6,1056.281,158.065,255.533,150.438,0.619,-1,-1,-1
129,6,1132.629,165.973,200.788,144.394,0.775,-1,-1,-1
130,6,1146.308,166.533,200.516,146.253,0.769,-1,-1,-1
131,6,1154.318,165.279,203.154,148.278,0.542,-1,-1,-1
132,6,1160.432,166.049,201.800,148.004,0.512,-1,-1,-1
133,6,1173.157,166.947,196.157,149.064,0.936,-1,-1,-1
134,6,1181.840,168.217,195.251,149.845,0.868,-1,-1,-1
135,6,1190.291,167.754,191.370,151.576,0.966,-1,-1,-1
136,6,1195.197,168.237,190.511,152.265,0.927,-1,-1,-1
137,6,1200.589,169.965,185.427,152.215,0.885,-1,-1,-1
138,6,1206.385,171.322,179.020,153.961,0.907,-1,-1,-1
139,6,1208.267,171.778,175.021,156.586,0.919,-1,-1,-1
140,6,1204.952,171.152,178.071,157.359,0.938,-1,-1,-1
141,6,1202.572,171.282,177.008,158.497,0.905,-1,-1,-1
142,6,1197.331,172.164,179.230,159.871,0.957,-1,-1,-1
143,6,1190.461,174.375,186.194,160.378,0.946,-1,-1,-1
144,6,1184.032,176.827,186.072,158.957,0.973,-1,-1,-1
145,6,1178.886,179.470,184.561,157.599,0.939,-1,-1,-1
146,6,1167.157,182.341,192.407,157.811,0.923,-1,-1,-1
147,6,1154.861,179.649,197.744,163.035,0.981,-1,-1,-1
148,6,1140.268,179.851,206.619,165.587,0.988,-1,-1,-1
149,6,1129.718,179.445,210.533,168.887,0.991,-1,-1,-1
150,6,1119.913,180.679,209.697,170.008,0.993,-1,-1,-1
151,6,1107.644,183.386,213.169,168.832,0.993,-1,-1,-1
152,6,1093.588,185.650,215.404,168.574,0.991,-1,-1,-1
153,6,1081.771,183.578,217.577,172.428,0.993,-1,-1,-1
154,6,1069.896,186.532,220.714,172.552,0.995,-1,-1,-1
155,6,1056.356,188.746,224.505,173.370,0.995,-1,-1,-1
156,6,1042.707,188.556,229.914,175.024,0.997,-1,-1,-1
157,6,1027.937,191.765,235.585,176.333,0.994,-1,-1,-1
158,6,1015.623,190.834,235.734,179.766,0.995,-1,-1,-1
159,6,997.237,192.981,242.870,180.307,0.995,-1,-1,-1
160,6,982.907,193.794,246.852,183.815,0.993,-1,-1,-1
161,6,972.212,195.208,245.998,185.583,0.994,-1,-1,-1
162,6,953.144,197.206,252.187,187.315,0.997,-1,-1,-1
163,6,936.055,199.271,256.065,189.048,0.996,-1,-1,-1
164,6,922.941,199.780,255.190,192.144,0.996,-1,-1,-1
165,6,906.423,200.991,263.084,195.294,0.996,-1,-1,-1
166,6,895.535,203.526,263.096,197.491,0.998,-1,-1,-1
167,6,884.134,203.762,261.919,201.236,0.998,-1,-1,-1
168,6,871.591,206.212,261.752,200.926,0.997,-1,-1,-1
169,6,859.000,207.216,264.540,205.993,0.998,-1,-1,-1
170,6,847.188,207.967,265.470,208.729,0.997,-1,-1,-1
171,6,839.248,211.125,265.406,210.308,0.997,-1,-1,-1
172,6,828.640,211.914,265.827,216.079,0.997,-1,-1,-1
173,6,816.555,212.679,273.548,221.873,0.998,-1,-1,-1
174,6,806.980,216.414,276.476,222.038,0.997,-1,-1,-1
175,6,799.372,219.700,277.785,224.516,0.996,-1,-1,-1
176,6,792.711,221.136,278.279,229.795,0.996,-1,-1,-1
177,6,783.990,223.637,281.972,235.197,0.996,-1,-1,-1
178,6,775.400,226.622,283.008,237.045,0.995,-1,-1,-1
179,6,768.330,227.485,284.932,245.720,0.996,-1,-1,-1
180,6,756.736,232.792,292.879,249.588,0.995,-1,-1,-1
181,6,750.596,237.505,296.711,250.841,0.994,-1,-1,-1
182,6,747.421,242.360,295.125,251.505,0.996,-1,-1,-1
183,6,746.087,246.530,298.518,255.919,0.994,-1,-1,-1
184,6,744.559,250.699,300.710,258.077,0.994,-1,-1,-1
185,6,742.954,255.712,305.040,261.106,0.995,-1,-1,-1
186,6,741.224,258.851,311.784,268.403,0.994,-1,-1,-1
187,6,739.883,261.779,318.008,272.857,0.993,-1,-1,-1
188,6,737.553,263.846,326.498,279.823,0.994,-1,-1,-1
189,6,732.761,270.714,338.037,278.769,0.994,-1,-1,-1
190,6,731.729,275.324,348.423,283.249,0.990,-1,-1,-1
191,6,734.931,279.551,356.460,286.405,0.989,-1,-1,-1
192,6,735.712,282.512,363.219,293.548,0.983,-1,-1,-1
193,6,734.489,284.211,373.584,301.734,0.974,-1,-1,-1
194,6,737.047,289.470,377.568,302.421,0.989,-1,-1,-1
195,6,740.981,294.457,388.502,309.958,0.986,-1,-1,-1
196,6,746.631,298.132,399.027,316.098,0.981,-1,-1,-1
197,6,750.180,300.979,414.069,328.354,0.978,-1,-1,-1
198,6,758.259,305.084,425.457,333.850,0.974,-1,-1,-1
199,6,765.534,308.793,434.712,341.867,0.965,-1,-1,-1
200,6,778.823,310.857,449.085,351.210,0.930,-1,-1,-1
201,6,781.663,313.842,487.456,360.188,0.933,-1,-1,-1
202,6,795.793,317.595,506.354,368.191,0.952,-1,-1,-1
203,6,813.186,321.799,557.028,382.829,0.960,-1,-1,-1
204,6,825.017,325.848,541.348,403.026,0.961,-1,-1,-1
205,6,826.344,336.160,557.930,420.769,0.976,-1,-1,-1
206,6,854.796,346.088,561.676,421.618,0.975,-1,-1,-1
207,6,868.813,352.074,592.128,434.314,0.837,-1,-1,-1
208,6,908.121,357.664,590.763,449.822,0.940,-1,-1,-1
209,6,934.276,370.304,609.465,460.372,0.959,-1,-1,-1
210,6,961.728,379.801,632.864,475.064,0.968,-1,-1,-1
211,6,990.519,387.477,659.818,488.299,0.954,-1,-1,-1
212,6,1037.131,398.366,668.315,494.840,0.973,-1,-1,-1
213,6,1071.658,403.489,701.154,514.781,0.979,-1,-1,-1
214,6,1124.328,418.728,717.203,537.579,0.985,-1,-1,-1
215,6,1156.960,427.507,754.272,565.512,0.981,-1,-1,-1
216,6,1196.247,441.954,716.936,589.188,0.945,-1,-1,-1
217,6,1236.174,468.907,674.979,589.831,0.909,-1,-1,-1
218,6,1281.568,481.546,630.628,578.905,0.699,-1,-1,-1
219,6,1318.176,504.465,600.824,574.535,0.699,-1,-1,-1
220,6,1359.256,529.835,559.744,549.165,0.699,-1,-1,-1
221,6,1411.581,557.463,507.419,521.537,0.699,-1,-1,-1
222,6,1476.390,587.734,442.610,491.266,0.699,-1,-1,-1
236,17,1219.353,184.223,165.865,140.034,0.544,-1,-1,-1
237,17,1220.087,185.509,165.995,141.967,0.738,-1,-1,-1
238,17,1223.255,184.424,165.001,144.160,0.720,-1,-1,-1
239,17,1224.675,184.921,161.932,145.025,0.670,-1,-1,-1
240,17,1220.274,188.324,163.982,144.424,0.879,-1,-1,-1
241,17,1213.872,190.118,170.845,145.243,0.948,-1,-1,-1
242,17,1206.579,190.568,177.452,146.188,0.945,-1,-1,-1
243,17,1199.150,190.559,181.534,147.518,0.918,-1,-1,-1
244,17,1186.413,190.143,187.373,148.832,0.937,-1,-1,-1
245,17,1175.427,190.467,188.956,153.200,0.985,-1,-1,-1
246,17,1160.712,191.876,196.720,154.016,0.987,-1,-1,-1
247,17,1144.328,192.598,205.870,156.302,0.982,-1,-1,-1
248,17,1134.599,192.350,205.134,159.370,0.990,-1,-1,-1
249,17,1121.753,193.705,205.453,159.989,0.991,-1,-1,-1
250,17,1106.925,195.211,205.958,159.252,0.991,-1,-1,-1
251,17,1090.730,197.665,208.988,159.198,0.996,-1,-1,-1
252,17,1078.057,198.200,213.495,162.069,0.996,-1,-1,-1
253,17,1060.927,200.316,218.474,162.879,0.995,-1,-1,-1
254,17,1046.763,199.851,221.463,166.252,0.996,-1,-1,-1
255,17,1031.965,200.069,222.650,168.929,0.997,-1,-1,-1
256,17,1015.948,202.721,225.282,169.371,0.996,-1,-1,-1
257,17,999.672,203.869,227.140,170.819,0.997,-1,-1,-1
258,17,983.981,205.843,232.778,173.988,0.997,-1,-1,-1
259,17,968.684,208.015,233.984,174.584,0.998,-1,-1,-1
260,17,950.331,209.429,241.861,176.049,0.997,-1,-1,-1
261,17,932.367,210.893,244.093,179.119,0.997,-1,-1,-1
262,17,914.400,211.843,249.355,181.764,0.996,-1,-1,-1
263,17,900.064,213.275,246.199,184.647,0.997,-1,-1,-1
264,17,883.970,214.583,248.174,188.327,0.998,-1,-1,-1
265,17,867.609,216.987,249.594,189.025,0.998,-1,-1,-1
266,17,853.043,217.962,251.232,192.444,0.998,-1,-1,-1
267,17,840.091,218.975,253.907,197.020,0.998,-1,-1,-1
268,17,826.107,222.183,258.721,200.412,0.997,-1,-1,-1
269,17,813.958,224.379,255.796,202.911,0.998,-1,-1,-1
270,17,801.644,226.047,256.724,206.552,0.996,-1,-1,-1
271,17,788.267,230.009,258.494,206.700,0.997,-1,-1,-1
272,17,775.645,235.837,262.708,206.476,0.997,-1,-1,-1
273,17,760.350,238.031,266.570,211.430,0.997,-1,-1,-1
274,17,749.244,242.089,267.109,212.324,0.995,-1,-1,-1
275,17,742.456,243.573,265.524,216.626,0.996,-1,-1,-1
276,17,728.225,244.697,272.371,222.270,0.995,-1,-1,-1
277,17,719.817,246.676,274.081,229.407,0.993,-1,-1,-1
278,17,709.024,252.290,279.149,233.166,0.994,-1,-1,-1
279,17,706.465,256.530,278.175,235.889,0.995,-1,-1,-1
280,17,701.453,261.423,280.597,237.610,0.995,-1,-1,-1
281,17,698.292,265.492,282.562,239.600,0.995,-1,-1,-1
