1,3,293.752,589.615,86.276,71.772,0.891,-1,-1,-1
2,3,295.419,589.590,85.856,71.191,0.867,-1,-1,-1
3,3,296.966,589.748,87.218,71.695,0.885,-1,-1,-1
4,3,298.271,589.868,88.434,71.097,0.817,-1,-1,-1
5,3,299.605,590.207,89.736,70.719,0.856,-1,-1,-1
6,3,301.528,590.059,90.157,71.628,0.858,-1,-1,-1
7,3,304.655,589.896,89.492,72.138,0.840,-1,-1,-1
8,3,307.234,589.577,90.259,72.662,0.874,-1,-1,-1
9,3,309.947,589.542,90.549,72.820,0.890,-1,-1,-1
10,3,311.806,589.126,91.230,73.775,0.929,-1,-1,-1
11,3,314.539,588.480,91.180,75.641,0.945,-1,-1,-1
12,3,317.504,588.082,90.972,75.862,0.955,-1,-1,-1
13,3,318.464,588.675,93.705,75.451,0.956,-1,-1,-1
14,3,320.272,587.512,95.732,76.852,0.967,-1,-1,-1
15,3,321.923,588.439,96.299,76.548,0.966,-1,-1,-1
16,3,324.133,588.002,96.163,76.931,0.969,-1,-1,-1
17,3,326.193,587.332,96.808,77.894,0.973,-1,-1,-1
18,3,327.889,588.170,100.436,78.923,0.976,-1,-1,-1
19,3,330.187,587.567,101.501,79.142,0.978,-1,-1,-1
20,3,332.235,587.487,100.921,79.748,0.985,-1,-1,-1
21,3,335.945,587.750,102.236,80.504,0.986,-1,-1,-1
22,3,338.544,587.213,102.586,81.725,0.988,-1,-1,-1
23,3,340.815,587.790,103.234,81.034,0.989,-1,-1,-1
24,3,343.202,587.037,103.076,82.608,0.990,-1,-1,-1
25,3,345.897,587.707,104.543,82.377,0.989,-1,-1,-1
26,3,347.456,587.293,105.786,83.690,0.990,-1,-1,-1
27,3,350.329,586.616,107.301,85.550,0.989,-1,-1,-1
28,3,351.747,586.463,109.274,86.063,0.989,-1,-1,-1
29,3,353.619,585.776,110.443,87.619,0.989,-1,-1,-1
30,3,354.667,584.994,112.803,88.721,0.989,-1,-1,-1
31,3,357.663,584.401,114.145,90.359,0.988,-1,-1,-1
32,3,359.718,584.278,116.126,92.241,0.990,-1,-1,-1
33,3,362.287,584.265,116.116,92.902,0.991,-1,-1,-1
34,3,363.714,584.181,119.013,93.873,0.992,-1,-1,-1
35,3,364.615,583.963,121.517,94.719,0.993,-1,-1,-1
36,3,368.671,583.054,120.987,96.497,0.993,-1,-1,-1
37,3,370.428,582.865,124.369,97.152,0.993,-1,-1,-1
38,3,372.180,582.440,126.867,97.477,0.993,-1,-1,-1
39,3,376.394,583.254,127.369,98.634,0.996,-1,-1,-1
40,3,377.215,583.050,131.257,99.606,0.995,-1,-1,-1
41,3,379.481,581.964,135.863,102.507,0.994,-1,-1,-1
42,3,382.807,580.829,139.273,104.764,0.994,-1,-1,-1
43,3,386.371,580.618,139.284,104.829,0.994,-1,-1,-1
44,3,389.609,579.319,142.878,107.280,0.995,-1,-1,-1
45,3,392.928,578.703,145.338,109.165,0.996,-1,-1,-1
46,3,396.369,578.860,147.445,109.102,0.996,-1,-1,-1
47,3,401.153,578.846,149.482,110.585,0.996,-1,-1,-1
48,3,404.627,577.598,151.195,113.242,0.996,-1,-1,-1
49,3,407.623,576.268,153.293,116.073,0.996,-1,-1,-1
50,3,411.717,575.259,156.792,118.408,0.997,-1,-1,-1
51,3,415.793,574.530,160.348,119.482,0.996,-1,-1,-1
52,3,419.710,573.755,163.323,121.456,0.997,-1,-1,-1
53,3,424.237,573.742,167.472,123.311,0.998,-1,-1,-1
54,3,427.638,572.698,172.630,126.006,0.999,-1,-1,-1
55,3,431.772,572.633,176.816,128.574,0.999,-1,-1,-1
56,3,437.428,571.377,177.466,131.305,0.998,-1,-1,-1
57,3,442.135,570.349,182.370,135.277,0.998,-1,-1,-1
58,3,445.820,569.770,191.482,138.991,0.998,-1,-1,-1
59,3,450.702,569.778,196.144,140.850,0.999,-1,-1,-1
60,3,455.935,565.557,206.017,149.296,0.999,-1,-1,-1
60,4,314.430,595.520,88.545,69.256,0.686,-1,-1,-1
61,3,460.604,565.207,215.547,151.690,0.999,-1,-1,-1
61,4,317.155,594.884,90.134,70.263,0.749,-1,-1,-1
62,3,465.615,563.004,225.647,157.293,0.999,-1,-1,-1
62,4,321.969,594.242,91.948,70.527,0.865,-1,-1,-1
63,3,473.615,560.337,237.939,162.248,0.999,-1,-1,-1
63,4,325.164,594.535,92.500,70.143,0.814,-1,-1,-1
64,3,483.146,556.160,240.969,170.998,0.999,-1,-1,-1
64,4,327.825,593.881,94.631,71.481,0.876,-1,-1,-1
65,3,488.520,552.534,259.973,177.543,0.998,-1,-1,-1
65,4,334.572,593.282,92.778,72.108,0.886,-1,-1,-1
66,3,497.120,547.655,272.532,185.788,0.998,-1,-1,-1
66,4,337.840,593.937,93.013,72.873,0.889,-1,-1,-1
67,3,507.715,549.725,283.847,186.906,0.998,-1,-1,-1
67,4,339.980,593.439,94.995,73.576,0.924,-1,-1,-1
68,3,519.331,545.336,296.935,195.799,0.998,-1,-1,-1
68,4,342.690,593.241,97.290,75.178,0.921,-1,-1,-1
69,3,535.036,545.264,312.462,199.318,0.997,-1,-1,-1
69,4,345.230,593.658,98.731,75.076,0.909,-1,-1,-1
70,3,548.962,541.579,324.171,210.085,0.998,-1,-1,-1
70,4,348.808,592.697,100.858,76.732,0.941,-1,-1,-1
71,3,563.353,537.672,343.527,221.343,0.998,-1,-1,-1
71,4,354.608,591.629,100.403,78.899,0.937,-1,-1,-1
72,3,579.169,534.416,366.496,232.092,0.998,-1,-1,-1
72,4,357.237,591.238,101.607,78.721,0.923,-1,-1,-1
73,3,594.712,530.192,396.093,246.921,0.998,-1,-1,-1
73,4,362.471,590.738,103.281,79.482,0.965,-1,-1,-1
74,3,619.182,525.207,421.478,263.443,0.997,-1,-1,-1
74,4,367.444,590.632,104.824,80.763,0.969,-1,-1,-1
75,3,644.755,517.212,457.944,284.470,0.998,-1,-1,-1
75,4,371.600,590.458,106.569,82.004,0.973,-1,-1,-1
76,3,675.563,514.579,497.955,307.342,0.996,-1,-1,-1
76,4,375.293,591.222,109.171,83.010,0.979,-1,-1,-1
77,3,712.986,508.065,555.626,328.637,0.996,-1,-1,-1
77,4,378.068,590.268,112.193,84.276,0.980,-1,-1,-1
78,3,750.630,498.830,630.730,355.270,0.996,-1,-1,-1
78,4,383.001,589.268,116.034,86.423,0.982,-1,-1,-1
79,3,805.614,478.029,706.425,398.582,0.997,-1,-1,-1
79,4,388.834,588.692,118.822,87.794,0.982,-1,-1,-1
80,3,871.710,460.227,726.853,452.820,0.993,-1,-1,-1
80,4,394.066,587.093,123.099,90.803,0.990,-1,-1,-1
81,3,939.924,456.024,657.111,496.411,0.986,-1,-1,-1
81,4,399.087,586.259,128.446,94.437,0.990,-1,-1,-1
82,3,1015.991,446.985,583.027,506.588,0.716,-1,-1,-1
82,4,403.790,585.431,133.688,97.564,0.989,-1,-1,-1
82,7,321.479,595.785,85.575,69.102,0.551,-1,-1,-1
83,3,1119.220,437.322,478.432,523.977,0.717,-1,-1,-1
83,4,412.806,584.309,137.627,100.144,0.987,-1,-1,-1
83,7,321.510,595.801,85.575,69.102,0.551,-1,-1,-1
84,3,1250.506,455.180,346.235,504.494,0.543,-1,-1,-1
84,4,418.972,583.722,145.393,102.302,0.986,-1,-1,-1
84,7,321.536,595.824,85.575,69.102,0.551,-1,-1,-1
85,3,1333.652,459.841,265.348,504.494,0.543,-1,-1,-1
85,4,428.640,583.206,150.277,104.013,0.990,-1,-1,-1
85,7,321.563,595.844,85.575,69.102,0.551,-1,-1,-1
86,3,1410.128,460.980,188.872,504.494,0.543,-1,-1,-1
86,4,438.661,583.103,155.407,107.153,0.993,-1,-1,-1
86,7,333.262,594.539,89.280,71.244,0.692,-1,-1,-1
87,3,1478.800,462.909,120.200,504.494,0.543,-1,-1,-1
87,4,447.487,581.294,162.105,110.837,0.994,-1,-1,-1
87,7,337.389,594.116,90.302,71.573,0.806,-1,-1,-1
88,3,1537.285,465.034,61.715,504.494,0.543,-1,-1,-1
88,4,457.177,580.237,168.039,114.186,0.994,-1,-1,-1
88,7,341.200,594.994,93.256,72.986,0.837,-1,-1,-1
89,4,465.698,577.042,180.355,120.690,0.995,-1,-1,-1
89,7,344.901,595.305,95.074,73.140,0.789,-1,-1,-1
90,4,479.445,575.351,191.637,125.635,0.994,-1,-1,-1
90,7,350.227,594.973,96.317,73.725,0.816,-1,-1,-1
91,4,493.039,575.088,199.671,131.224,0.992,-1,-1,-1
91,7,355.565,593.681,96.599,76.141,0.880,-1,-1,-1
91,9,1421.880,390.630,178.119,258.702,0.666,-1,-1,-1
92,4,507.769,573.990,211.922,136.889,0.988,-1,-1,-1
92,7,360.950,592.700,99.028,77.125,0.901,-1,-1,-1
92,9,1348.108,342.539,251.705,307.849,0.843,-1,-1,-1
93,4,520.282,572.696,230.734,142.422,0.985,-1,-1,-1
93,7,365.261,591.723,102.496,78.808,0.936,-1,-1,-1
93,9,1279.229,343.319,319.488,308.506,0.901,-1,-1,-1
94,4,534.128,568.637,254.824,149.794,0.994,-1,-1,-1
94,7,369.860,590.455,103.689,80.635,0.954,-1,-1,-1
94,9,1219.573,339.360,378.989,309.182,0.927,-1,-1,-1
95,4,557.612,562.014,270.725,164.125,0.993,-1,-1,-1
95,7,374.943,590.009,103.822,80.804,0.966,-1,-1,-1
95,9,1167.947,340.709,431.202,308.917,0.945,-1,-1,-1
96,4,579.772,553.197,293.553,177.903,0.997,-1,-1,-1
96,7,379.684,591.318,107.396,81.450,0.965,-1,-1,-1
96,9,1115.380,353.579,484.323,293.958,0.954,-1,-1,-1
97,4,602.322,548.529,315.890,188.548,0.996,-1,-1,-1
97,7,386.688,590.884,110.448,82.065,0.955,-1,-1,-1
97,9,1069.899,365.039,530.144,286.410,0.950,-1,-1,-1
98,4,634.945,543.735,343.939,200.412,0.995,-1,-1,-1
98,7,390.584,589.603,115.829,83.989,0.935,-1,-1,-1
98,9,1026.488,380.034,572.237,270.325,0.980,-1,-1,-1
99,4,664.068,542.294,374.816,215.544,0.992,-1,-1,-1
99,7,396.065,588.933,122.531,86.777,0.983,-1,-1,-1
99,9,988.855,399.847,557.170,249.785,0.988,-1,-1,-1
99,10,246.118,606.649,88.263,76.664,0.566,-1,-1,-1
100,4,704.039,534.494,416.762,234.159,0.985,-1,-1,-1
100,7,405.096,586.497,123.786,91.671,0.980,-1,-1,-1
100,9,942.123,404.821,525.096,242.202,0.940,-1,-1,-1
100,10,247.115,607.506,91.073,77.041,0.682,-1,-1,-1
101,4,744.634,521.681,476.383,265.013,0.984,-1,-1,-1
101,7,409.905,585.991,129.990,94.719,0.975,-1,-1,-1
101,9,932.700,420.405,460.320,236.488,0.768,-1,-1,-1
101,10,248.243,608.379,93.466,78.548,0.819,-1,-1,-1
102,4,797.009,519.939,538.985,283.977,0.995,-1,-1,-1
102,7,418.840,584.590,134.222,97.255,0.969,-1,-1,-1
102,9,887.417,435.306,448.677,183.708,0.529,-1,-1,-1
102,10,251.139,609.134,92.152,79.967,0.793,-1,-1,-1
103,4,862.854,509.328,638.025,322.419,0.997,-1,-1,-1
103,7,425.106,580.643,145.702,102.569,0.980,-1,-1,-1
103,9,847.065,437.782,448.677,183.708,0.529,-1,-1,-1
103,10,253.847,609.415,93.523,82.147,0.842,-1,-1,-1
104,4,965.664,499.202,633.628,363.906,0.984,-1,-1,-1
104,7,436.611,578.791,150.915,107.279,0.987,-1,-1,-1
104,9,819.289,444.188,399.705,204.765,0.623,-1,-1,-1
104,10,256.759,609.905,94.653,82.860,0.892,-1,-1,-1
105,4,1056.711,489.649,542.871,405.338,0.956,-1,-1,-1
105,7,449.624,577.096,156.552,110.890,0.992,-1,-1,-1
105,9,786.240,443.382,381.994,205.207,0.976,-1,-1,-1
105,10,258.151,609.905,98.781,85.721,0.853,-1,-1,-1
106,4,1185.953,480.951,411.227,413.250,0.916,-1,-1,-1
106,7,462.000,576.413,165.592,110.793,0.995,-1,-1,-1
106,9,763.430,447.867,357.709,198.623,0.994,-1,-1,-1
106,10,258.774,609.934,102.985,87.872,0.907,-1,-1,-1
107,4,1348.251,512.245,250.505,388.679,0.712,-1,-1,-1
107,7,475.276,570.765,176.354,118.303,0.996,-1,-1,-1
107,9,742.228,456.883,337.625,189.388,0.996,-1,-1,-1
107,10,260.580,611.155,105.878,86.812,0.927,-1,-1,-1
108,4,1440.368,519.451,158.632,388.679,0.712,-1,-1,-1
108,7,492.870,571.642,182.772,120.500,0.993,-1,-1,-1
108,9,722.426,464.019,325.052,181.688,0.995,-1,-1,-1
108,10,261.871,613.073,109.974,87.091,0.960,-1,-1,-1
109,4,1512.363,524.537,86.637,388.679,0.712,-1,-1,-1
109,7,503.661,569.389,203.164,126.907,0.993,-1,-1,-1
109,9,706.087,469.155,304.978,175.919,0.993,-1,-1,-1
109,10,264.108,616.135,110.900,88.404,0.969,-1,-1,-1
110,4,1575.225,527.391,23.775,388.679,0.712,-1,-1,-1
110,7,520.646,566.293,217.865,132.977,0.985,-1,-1,-1
110,9,680.300,478.975,294.263,167.246,0.985,-1,-1,-1
110,10,267.059,617.539,113.560,90.343,0.982,-1,-1,-1
110,12,1468.345,230.088,108.304,96.240,0.526,-1,-1,-1
111,7,538.938,562.147,240.049,141.577,0.989,-1,-1,-1
111,9,641.685,483.261,307.485,166.914,0.780,-1,-1,-1
111,10,268.148,617.186,118.692,93.523,0.986,-1,-1,-1
111,12,1466.836,232.193,106.276,95.906,0.554,-1,-1,-1
112,7,569.808,557.200,251.110,152.258,0.997,-1,-1,-1
112,9,618.512,486.357,307.485,166.914,0.780,-1,-1,-1
112,10,273.967,618.551,119.090,94.379,0.987,-1,-1,-1
112,12,1467.436,232.792,105.226,95.840,0.687,-1,-1,-1
113,7,594.304,554.647,282.347,162.074,0.997,-1,-1,-1
113,9,600.554,488.808,307.485,166.914,0.780,-1,-1,-1
113,10,278.083,620.214,122.316,96.736,0.982,-1,-1,-1
113,12,1468.018,233.104,105.957,96.177,0.638,-1,-1,-1
114,7,624.924,539.252,306.515,182.548,0.997,-1,-1,-1
114,9,587.865,490.806,307.485,166.914,0.780,-1,-1,-1
114,10,282.769,622.587,124.581,96.051,0.987,-1,-1,-1
114,12,1467.803,233.382,106.988,95.960,0.743,-1,-1,-1
115,7,664.498,534.079,338.648,194.550,0.997,-1,-1,-1
115,9,581.407,491.696,307.485,166.914,0.780,-1,-1,-1
115,10,286.804,623.250,129.615,99.358,0.988,-1,-1,-1
115,12,1468.329,234.232,106.244,96.652,0.719,-1,-1,-1
116,7,704.792,528.991,372.452,209.224,0.995,-1,-1,-1
116,10,292.309,625.063,135.607,103.292,0.988,-1,-1,-1
116,12,1468.480,235.318,105.814,96.754,0.769,-1,-1,-1
117,7,753.680,519.599,421.605,234.229,0.993,-1,-1,-1
117,10,296.721,627.483,139.444,105.507,0.988,-1,-1,-1
117,12,1467.596,235.745,106.474,97.515,0.791,-1,-1,-1
118,7,813.806,513.413,491.384,253.557,0.994,-1,-1,-1
118,10,301.551,627.401,144.927,109.251,0.986,-1,-1,-1
118,12,1467.002,237.500,106.499,96.946,0.731,-1,-1,-1
119,7,899.876,506.179,572.004,283.471,0.997,-1,-1,-1
119,10,308.185,624.962,150.774,118.499,0.983,-1,-1,-1
119,12,1465.042,236.010,108.605,99.644,0.798,-1,-1,-1
120,7,1005.301,487.290,593.106,334.547,0.991,-1,-1,-1
120,10,312.727,624.029,163.381,125.926,0.991,-1,-1,-1
120,12,1462.427,237.173,109.617,99.513,0.755,-1,-1,-1
121,7,1126.985,474.659,472.044,365.507,0.979,-1,-1,-1
121,10,317.147,628.063,173.003,130.850,0.993,-1,-1,-1
121,12,1462.978,236.489,110.421,101.196,0.528,-1,-1,-1
122,7,1278.285,471.239,320.454,362.191,0.919,-1,-1,-1
122,10,325.055,627.768,182.518,137.060,0.993,-1,-1,-1
122,12,1461.976,237.660,111.264,100.613,0.821,-1,-1,-1
123,7,1409.158,473.717,189.842,362.191,0.919,-1,-1,-1
123,10,331.954,628.673,197.451,147.813,0.994,-1,-1,-1
123,12,1460.371,238.963,109.500,100.179,0.921,-1,-1,-1
124,7,1514.757,474.648,84.243,362.191,0.919,-1,-1,-1
124,10,337.532,627.048,216.865,160.616,0.994,-1,-1,-1
124,12,1459.884,240.207,109.102,98.748,0.917,-1,-1,-1
125,7,1597.160,474.250,1.840,362.191,0.919,-1,-1,-1
125,10,348.016,630.082,235.343,172.138,0.996,-1,-1,-1
125,12,1458.593,241.807,109.797,98.233,0.912,-1,-1,-1
126,10,363.884,628.333,259.570,185.350,0.999,-1,-1,-1
126,12,1457.050,242.790,111.251,98.679,0.907,-1,-1,-1
127,10,378.624,626.943,288.689,202.809,0.998,-1,-1,-1
127,12,1456.729,244.169,111.572,98.790,0.913,-1,-1,-1
128,10,394.946,626.344,322.974,234.187,0.998,-1,-1,-1
128,12,1456.085,245.636,112.181,98.792,0.890,-1,-1,-1
129,10,418.565,624.713,353.098,271.152,0.994,-1,-1,-1
129,12,1456.530,247.253,111.116,98.885,0.949,-1,-1,-1
130,10,442.285,625.699,403.733,317.710,0.995,-1,-1,-1
130,12,1455.541,248.803,111.074,99.398,0.955,-1,-1,-1
130,15,296.376,589.805,90.854,71.341,0.888,-1,-1,-1
131,10,467.397,632.653,485.929,362.301,0.993,-1,-1,-1
131,12,1456.418,248.703,111.118,100.946,0.964,-1,-1,-1
131,15,297.397,590.991,90.329,71.623,0.896,-1,-1,-1
132,10,508.424,642.897,593.509,415.263,0.994,-1,-1,-1
132,12,1456.245,248.958,111.534,102.519,0.962,-1,-1,-1
132,15,298.633,591.531,92.564,72.625,0.892,-1,-1,-1
133,10,566.551,652.301,761.700,514.653,0.986,-1,-1,-1
133,12,1455.364,249.588,112.118,103.613,0.952,-1,-1,-1
133,15,300.219,594.714,95.327,73.326,0.902,-1,-1,-1
134,10,672.968,692.399,761.700,506.601,0.986,-1,-1,-1
134,12,1454.296,251.982,111.871,103.858,0.980,-1,-1,-1
134,15,303.874,595.815,96.801,74.330,0.934,-1,-1,-1
135,10,835.975,748.552,761.700,450.448,0.986,-1,-1,-1
135,12,1453.636,254.685,111.654,103.670,0.983,-1,-1,-1
135,15,307.570,595.767,97.018,74.743,0.947,-1,-1,-1
136,10,1082.147,828.639,516.853,370.361,0.986,-1,-1,-1
136,12,1452.476,256.386,111.883,103.099,0.987,-1,-1,-1
136,15,311.052,594.493,98.934,76.411,0.967,-1,-1,-1
137,10,1411.583,928.698,187.417,270.302,0.986,-1,-1,-1
137,12,1451.760,258.454,111.874,102.097,0.989,-1,-1,-1
137,15,316.128,594.999,100.033,75.297,0.972,-1,-1,-1
138,12,1450.212,259.222,111.923,103.403,0.986,-1,-1,-1
138,15,321.228,594.583,100.853,75.350,0.972,-1,-1,-1
139,12,1449.637,260.957,112.321,102.768,0.985,-1,-1,-1
139,15,328.859,592.822,104.968,76.334,0.981,-1,-1,-1
140,12,1449.730,260.881,113.167,103.542,0.986,-1,-1,-1
140,15,333.434,591.959,106.089,77.772,0.982,-1,-1,-1
141,12,1448.447,263.513,113.388,102.308,0.989,-1,-1,-1
141,15,338.580,588.333,107.773,83.605,0.983,-1,-1,-1
142,12,1448.015,264.358,113.377,103.076,0.991,-1,-1,-1
142,15,342.777,585.819,109.202,86.977,0.987,-1,-1,-1
143,12,1446.982,264.581,114.644,104.117,0.989,-1,-1,-1
143,15,348.540,586.826,107.368,86.292,0.988,-1,-1,-1
144,12,1445.910,266.353,116.220,103.759,0.989,-1,-1,-1
144,15,351.748,592.572,113.600,83.278,0.988,-1,-1,-1
145,12,1445.655,267.337,115.477,105.513,0.992,-1,-1,-1
145,15,358.519,596.501,115.641,81.388,0.990,-1,-1,-1
146,12,1445.040,268.534,116.132,105.748,0.994,-1,-1,-1
146,15,362.928,594.733,119.720,85.057,0.988,-1,-1,-1
147,12,1443.927,268.437,117.392,107.908,0.993,-1,-1,-1
147,15,369.328,590.747,121.961,89.931,0.984,-1,-1,-1
148,12,1442.415,269.970,117.995,107.737,0.993,-1,-1,-1
148,15,376.477,589.017,126.134,93.687,0.984,-1,-1,-1
149,12,1441.207,271.892,118.633,108.276,0.986,-1,-1,-1
149,15,383.339,591.046,134.162,95.812,0.986,-1,-1,-1
150,12,1439.330,274.004,122.740,108.912,0.990,-1,-1,-1
150,15,392.930,591.904,139.373,96.600,0.986,-1,-1,-1
151,12,1437.622,275.550,122.345,109.210,0.989,-1,-1,-1
151,15,402.492,589.424,144.534,101.253,0.992,-1,-1,-1
152,12,1435.583,277.318,123.627,109.960,0.988,-1,-1,-1
152,15,410.353,588.435,153.057,105.325,0.992,-1,-1,-1
153,12,1434.258,277.844,125.865,112.547,0.991,-1,-1,-1
153,15,423.390,587.475,160.049,109.372,0.995,-1,-1,-1
154,12,1434.457,279.087,125.458,113.624,0.991,-1,-1,-1
154,15,435.100,584.728,170.693,116.086,0.997,-1,-1,-1
155,12,1433.252,280.161,128.269,116.110,0.991,-1,-1,-1
155,15,448.358,584.015,178.445,120.109,0.997,-1,-1,-1
156,12,1431.531,281.380,129.832,118.897,0.994,-1,-1,-1
156,15,458.888,579.077,195.716,130.989,0.998,-1,-1,-1
157,12,1430.603,283.058,130.792,118.826,0.994,-1,-1,-1
157,15,473.993,578.521,213.549,136.414,0.998,-1,-1,-1
158,12,1429.519,284.081,132.527,121.256,0.994,-1,-1,-1
158,15,491.980,576.282,230.176,143.758,0.998,-1,-1,-1
159,12,1426.560,284.629,134.690,122.917,0.994,-1,-1,-1
159,15,509.721,573.320,252.637,151.250,0.998,-1,-1,-1
160,12,1426.979,287.865,133.085,121.243,0.986,-1,-1,-1
160,15,536.113,566.583,275.898,161.625,0.997,-1,-1,-1
161,12,1425.257,288.175,133.622,123.851,0.983,-1,-1,-1
161,15,561.469,561.085,303.169,173.977,0.997,-1,-1,-1
162,12,1423.423,288.405,136.678,124.878,0.981,-1,-1,-1
162,15,587.708,553.836,329.290,189.192,0.997,-1,-1,-1
163,12,1421.342,290.906,138.225,123.407,0.988,-1,-1,-1
163,15,625.690,547.786,365.097,207.985,0.997,-1,-1,-1
164,12,1419.854,291.863,140.604,125.258,0.984,-1,-1,-1
164,15,664.408,537.075,412.286,232.318,0.997,-1,-1,-1
165,12,1417.689,292.998,144.169,127.552,0.983,-1,-1,-1
165,15,713.680,531.827,470.700,255.280,0.996,-1,-1,-1
166,12,1416.236,295.463,145.595,128.022,0.983,-1,-1,-1
166,15,775.014,523.366,548.231,289.956,0.996,-1,-1,-1
167,12,1415.433,297.453,146.045,129.764,0.968,-1,-1,-1
167,15,857.998,513.857,662.451,329.534,0.998,-1,-1,-1
168,12,1413.886,296.437,147.800,132.462,0.955,-1,-1,-1
168,15,968.829,493.745,629.870,389.154,0.995,-1,-1,-1
169,12,1412.941,301.884,148.659,131.666,0.957,-1,-1,-1
169,15,1093.397,477.147,505.535,421.985,0.975,-1,-1,-1
170,12,1412.130,302.144,148.506,132.514,0.980,-1,-1,-1
170,15,1263.184,491.977,334.809,405.876,0.961,-1,-1,-1
171,12,1410.320,302.827,147.856,133.171,0.989,-1,-1,-1
171,15,1402.302,498.155,196.698,405.876,0.961,-1,-1,-1
172,12,1410.135,302.555,147.430,133.876,0.982,-1,-1,-1
172,15,1513.403,502.279,85.597,405.876,0.961,-1,-1,-1
173,12,1407.381,303.967,149.839,134.822,0.986,-1,-1,-1
174,12,1405.922,305.618,150.116,135.360,0.983,-1,-1,-1
175,12,1405.201,305.833,150.893,136.753,0.979,-1,-1,-1
176,12,1404.636,308.664,152.307,135.937,0.984,-1,-1,-1
177,12,1403.266,309.874,151.395,135.788,0.991,-1,-1,-1
178,12,1402.507,310.512,152.839,136.934,0.987,-1,-1,-1
179,12,1401.874,310.725,153.318,138.069,0.988,-1,-1,-1
180,12,1401.698,311.756,154.213,138.198,0.990,-1,-1,-1
181,12,1401.301,309.956,153.315,139.573,0.992,-1,-1,-1
182,12,1400.968,310.200,153.744,139.736,0.992,-1,-1,-1
183,12,1400.919,313.110,153.151,138.073,0.994,-1,-1,-1
184,12,1400.401,313.414,153.926,138.629,0.993,-1,-1,-1
185,12,1399.842,312.897,154.560,138.924,0.993,-1,-1,-1
186,12,1399.863,313.619,154.453,138.504,0.992,-1,-1,-1
187,12,1399.590,313.492,154.682,138.684,0.990,-1,-1,-1
188,12,1399.792,312.995,154.714,139.429,0.988,-1,-1,-1
189,12,1400.161,312.149,154.749,140.195,0.977,-1,-1,-1
190,12,1399.998,313.024,154.931,139.561,0.974,-1,-1,-1
191,12,1400.236,311.522,155.359,140.890,0.960,-1,-1,-1
192,12,1399.883,312.050,155.271,140.604,0.965,-1,-1,-1
193,12,1399.697,312.975,153.964,139.384,0.985,-1,-1,-1
194,12,1399.690,312.640,153.687,139.693,0.985,-1,-1,-1
195,12,1399.785,313.026,153.798,139.269,0.983,-1,-1,-1
196,12,1399.631,313.001,153.876,139.442,0.981,-1,-1,-1
197,12,1399.758,313.141,153.422,139.359,0.983,-1,-1,-1
198,12,1399.727,313.211,153.415,139.534,0.981,-1,-1,-1
199,12,1399.652,312.969,153.444,139.802,0.982,-1,-1,-1
200,12,1399.531,312.644,153.319,139.966,0.982,-1,-1,-1
201,12,1399.359,313.080,153.445,139.725,0.981,-1,-1,-1
202,12,1399.226,313.279,153.702,139.552,0.983,-1,-1,-1
203,12,1399.342,313.037,153.955,139.783,0.982,-1,-1,-1
204,12,1399.359,313.092,153.865,139.732,0.985,-1,-1,-1
205,12,1399.495,313.372,154.031,139.395,0.984,-1,-1,-1
206,12,1399.423,313.751,153.841,138.871,0.985,-1,-1,-1
207,12,1399.317,313.752,154.035,138.772,0.987,-1,-1,-1
208,12,1399.196,313.649,154.117,138.906,0.986,-1,-1,-1
209,12,1399.148,313.756,153.914,138.783,0.987,-1,-1,-1
210,12,1399.276,314.164,153.801,138.390,0.989,-1,-1,-1
211,12,1399.182,313.843,153.747,138.642,0.989,-1,-1,-1
212,12,1399.152,313.461,153.685,138.927,0.988,-1,-1,-1
213,12,1399.147,313.491,153.708,138.910,0.987,-1,-1,-1
214,12,1399.020,313.870,153.776,138.572,0.988,-1,-1,-1
215,12,1399.097,314.081,153.593,138.434,0.989,-1,-1,-1
216,12,1399.048,314.112,153.527,138.467,0.989,-1,-1,-1
217,12,1399.107,313.518,153.917,139.069,0.989,-1,-1,-1
218,12,1399.336,313.577,153.715,138.958,0.989,-1,-1,-1
219,12,1399.327,313.235,153.774,139.293,0.988,-1,-1,-1
220,12,1399.360,313.227,153.903,139.376,0.988,-1,-1,-1
221,12,1399.111,313.428,154.036,139.294,0.988,-1,-1,-1
222,12,1399.156,313.122,154.128,139.590,0.986,-1,-1,-1
223,12,1399.089,312.990,154.370,139.737,0.985,-1,-1,-1
224,12,1399.323,312.819,154.248,139.952,0.985,-1,-1,-1
225,12,1399.320,312.923,154.170,139.843,0.985,-1,-1,-1
226,12,1399.370,312.925,154.138,139.859,0.985,-1,-1,-1
227,12,1399.341,312.980,154.312,139.817,0.984,-1,-1,-1
228,12,1399.285,313.002,154.469,139.813,0.983,-1,-1,-1
229,12,1399.380,312.597,154.219,140.013,0.985,-1,-1,-1
230,12,1399.422,312.564,153.810,139.980,0.987,-1,-1,-1
231,12,1399.632,312.633,153.762,139.985,0.984,-1,-1,-1
232,12,1399.703,312.740,153.702,139.875,0.985,-1,-1,-1
233,12,1399.691,312.716,153.719,139.919,0.984,-1,-1,-1
234,12,1399.508,312.937,153.928,139.767,0.985,-1,-1,-1
235,12,1399.127,313.538,154.195,139.008,0.990,-1,-1,-1
236,12,1399.080,313.397,154.260,139.051,0.989,-1,-1,-1
237,12,1399.129,313.355,154.331,139.107,0.988,-1,-1,-1
238,12,1399.272,313.419,154.337,139.107,0.988,-1,-1,-1
239,12,1399.305,313.646,154.407,138.890,0.988,-1,-1,-1
240,12,1399.288,313.564,154.297,138.816,0.988,-1,-1,-1
241,12,1399.354,313.683,154.291,138.808,0.988,-1,-1,-1
242,12,1399.359,313.754,154.242,138.690,0.988,-1,-1,-1
243,12,1399.398,313.717,154.268,138.690,0.988,-1,-1,-1
244,12,1399.498,313.728,154.198,138.639,0.988,-1,-1,-1
245,12,1399.567,313.967,154.167,138.480,0.989,-1,-1,-1
246,12,1399.573,314.298,154.302,138.265,0.988,-1,-1,-1
247,12,1399.634,314.161,154.467,138.380,0.988,-1,-1,-1
248,12,1399.578,313.851,154.693,138.658,0.986,-1,-1,-1
249,12,1399.486,314.363,154.604,138.341,0.986,-1,-1,-1
250,12,1399.369,314.304,154.537,138.416,0.987,-1,-1,-1
251,12,1399.686,313.486,154.411,138.729,0.985,-1,-1,-1
252,12,1399.708,313.174,154.532,139.109,0.986,-1,-1,-1
253,12,1399.607,312.779,154.791,139.664,0.986,-1,-1,-1
254,12,1399.498,312.676,154.850,139.736,0.984,-1,-1,-1
255,12,1399.425,312.854,154.994,139.608,0.984,-1,-1,-1
255,20,268.098,603.572,96.032,83.381,0.844,-1,-1,-1
256,12,1399.473,312.636,154.715,139.750,0.985,-1,-1,-1
256,20,267.852,604.993,96.334,85.725,0.905,-1,-1,-1
257,12,1399.428,312.852,154.618,139.583,0.986,-1,-1,-1
257,20,267.427,606.090,100.445,88.391,0.937,-1,-1,-1
258,12,1399.670,313.701,154.541,139.227,0.972,-1,-1,-1
258,20,268.250,607.248,104.788,89.985,0.955,-1,-1,-1
259,12,1399.775,313.688,154.512,139.221,0.969,-1,-1,-1
259,20,270.093,607.460,108.130,92.343,0.964,-1,-1,-1
260,12,1399.725,313.873,154.671,139.071,0.959,-1,-1,-1
260,20,271.138,607.340,112.948,96.013,0.972,-1,-1,-1
261,12,1399.535,313.951,154.809,138.955,0.964,-1,-1,-1
261,20,272.703,608.989,117.267,97.318,0.961,-1,-1,-1
262,12,1399.542,313.794,154.711,139.010,0.965,-1,-1,-1
262,20,278.135,610.318,118.720,98.689,0.967,-1,-1,-1
263,12,1399.494,313.887,154.400,139.004,0.966,-1,-1,-1
263,20,284.053,612.503,119.722,100.301,0.969,-1,-1,-1
264,12,1399.576,314.213,154.346,138.824,0.959,-1,-1,-1
264,20,287.869,613.013,125.894,104.579,0.980,-1,-1,-1
265,12,1398.913,313.611,154.683,139.735,0.972,-1,-1,-1
265,20,291.674,612.965,129.679,110.366,0.983,-1,-1,-1
266,12,1398.586,313.479,154.868,140.025,0.976,-1,-1,-1
266,20,294.843,611.845,138.773,118.262,0.978,-1,-1,-1
267,12,1398.402,313.364,155.002,140.028,0.975,-1,-1,-1
267,20,300.186,613.030,142.502,122.115,0.977,-1,-1,-1
268,12,1398.568,313.974,154.488,138.879,0.980,-1,-1,-1
268,20,304.233,612.676,152.741,130.923,0.977,-1,-1,-1
269,12,1398.814,313.715,154.322,139.028,0.975,-1,-1,-1
269,20,306.996,612.834,166.325,141.580,0.978,-1,-1,-1
270,12,1399.073,313.632,154.409,139.120,0.971,-1,-1,-1
270,20,315.522,615.024,175.876,150.515,0.970,-1,-1,-1
271,12,1399.300,314.000,154.447,139.065,0.962,-1,-1,-1
271,20,322.666,615.601,189.791,161.820,0.990,-1,-1,-1
272,12,1399.601,314.473,154.331,138.668,0.946,-1,-1,-1
272,20,330.906,616.327,209.778,177.702,0.995,-1,-1,-1
272,21,242.371,605.675,95.802,82.757,0.526,-1,-1,-1
273,12,1399.756,314.599,154.618,138.727,0.925,-1,-1,-1
273,20,337.803,617.028,236.797,195.538,0.996,-1,-1,-1
273,21,244.474,606.542,97.350,83.318,0.637,-1,-1,-1
274,12,1399.549,315.206,154.891,138.444,0.912,-1,-1,-1
274,20,348.776,619.478,272.371,215.551,0.997,-1,-1,-1
274,21,245.314,606.581,98.386,84.846,0.681,-1,-1,-1
275,12,1399.343,315.131,155.042,138.915,0.868,-1,-1,-1
275,20,370.286,618.661,302.430,254.880,0.997,-1,-1,-1
275,21,247.191,607.560,99.627,84.822,0.819,-1,-1,-1
276,12,1398.676,315.733,154.685,139.280,0.883,-1,-1,-1
276,20,395.152,618.597,343.492,303.255,0.994,-1,-1,-1
276,21,249.431,609.746,100.189,85.050,0.859,-1,-1,-1
277,12,1397.584,315.721,159.484,140.070,0.617,-1,-1,-1
277,20,420.394,621.797,411.451,363.195,0.995,-1,-1,-1
277,21,252.121,609.878,102.872,88.036,0.937,-1,-1,-1
278,12,1397.636,316.044,159.484,140.070,0.617,-1,-1,-1
278,20,459.945,627.704,513.344,431.766,0.997,-1,-1,-1
278,21,253.129,610.452,106.094,90.551,0.971,-1,-1,-1
279,12,1394.495,307.582,161.715,133.756,0.756,-1,-1,-1
279,20,505.488,645.142,710.789,550.901,0.988,-1,-1,-1
279,21,254.157,611.936,110.214,91.562,0.980,-1,-1,-1
280,12,1397.242,311.914,159.684,142.777,0.980,-1,-1,-1
280,20,623.502,698.784,710.789,500.216,0.988,-1,-1,-1
280,21,255.161,613.812,114.932,94.111,0.984,-1,-1,-1
281,12,1400.229,313.760,158.515,139.661,0.988,-1,-1,-1
281,20,824.292,779.809,710.789,419.191,0.988,-1,-1,-1
281,21,256.822,613.426,117.104,97.097,0.986,-1,-1,-1
282,12,1400.721,315.030,156.501,137.401,0.993,-1,-1,-1
282,20,1111.118,890.455,487.882,308.545,0.988,-1,-1,-1
282,21,259.836,615.863,120.329,97.504,0.988,-1,-1,-1
283,12,1398.162,314.934,153.890,137.437,0.989,-1,-1,-1
283,20,1379.884,993.187,219.116,205.813,0.988,-1,-1,-1
283,21,262.001,615.523,123.214,100.462,0.989,-1,-1,-1
284,12,1398.396,315.177,153.580,137.254,0.989,-1,-1,-1
284,21,265.195,617.810,124.769,103.007,0.991,-1,-1,-1
285,12,1398.535,315.251,153.359,137.306,0.988,-1,-1,-1
285,21,269.165,619.157,127.764,107.941,0.992,-1,-1,-1
286,12,1398.438,314.861,153.357,137.658,0.986,-1,-1,-1
286,21,273.844,620.901,130.638,110.513,0.993,-1,-1,-1
287,12,1398.675,314.892,153.284,137.627,0.987,-1,-1,-1
287,21,277.814,620.621,139.533,116.823,0.993,-1,-1,-1
288,12,1398.536,314.417,153.732,137.891,0.989,-1,-1,-1
288,21,282.441,621.647,146.753,122.424,0.993,-1,-1,-1
289,12,1398.259,313.475,153.877,139.182,0.989,-1,-1,-1
289,21,285.310,620.904,155.239,133.855,0.993,-1,-1,-1
290,12,1398.428,313.298,153.497,139.398,0.988,-1,-1,-1
290,21,290.704,620.295,162.088,141.097,0.993,-1,-1,-1
291,12,1398.198,313.408,153.608,139.309,0.988,-1,-1,-1
291,21,299.305,618.681,172.950,154.244,0.990,-1,-1,-1
292,12,1398.613,313.330,153.854,139.321,0.988,-1,-1,-1
292,21,302.351,618.199,191.855,166.863,0.997,-1,-1,-1
293,12,1398.363,313.108,154.043,139.430,0.985,-1,-1,-1
293,21,306.589,619.107,212.789,182.419,0.996,-1,-1,-1
294,12,1398.473,312.915,153.891,139.633,0.984,-1,-1,-1
294,21,309.058,617.301,244.070,202.998,0.997,-1,-1,-1
295,12,1398.359,312.900,153.922,139.440,0.986,-1,-1,-1
295,21,318.202,617.061,271.959,220.478,0.995,-1,-1,-1
296,12,1397.979,312.904,155.316,139.719,0.984,-1,-1,-1
296,21,335.106,616.957,305.562,249.961,0.992,-1,-1,-1
297,12,1398.691,308.386,156.983,146.630,0.796,-1,-1,-1
297,21,351.441,613.609,344.949,284.919,0.993,-1,-1,-1
298,12,1276.696,274.133,322.135,363.800,0.953,-1,-1,-1
298,21,373.362,613.319,391.093,331.797,0.996,-1,-1,-1
299,12,1166.861,304.101,432.165,333.128,0.979,-1,-1,-1
299,21,404.748,617.819,450.684,381.278,0.991,-1,-1,-1
300,12,1077.311,255.949,522.455,387.754,0.975,-1,-1,-1
300,21,438.167,624.050,565.432,453.433,0.993,-1,-1,-1
301,12,996.568,282.187,584.040,360.260,0.998,-1,-1,-1
301,21,465.656,633.718,768.343,557.612,0.926,-1,-1,-1
302,12,925.177,326.163,523.963,318.229,0.999,-1,-1,-1
302,21,570.067,677.343,768.343,521.657,0.926,-1,-1,-1
303,12,862.954,352.120,469.794,295.382,0.998,-1,-1,-1
303,21,745.587,742.363,768.343,456.637,0.926,-1,-1,-1
304,12,815.935,366.665,413.256,277.016,0.998,-1,-1,-1
304,21,1011.420,832.629,587.580,366.371,0.926,-1,-1,-1
305,12,770.315,379.176,372.270,261.821,0.997,-1,-1,-1
305,21,1366.317,947.723,232.683,251.277,0.926,-1,-1,-1
306,12,738.387,400.250,334.183,239.869,0.996,-1,-1,-1
307,12,705.305,412.714,306.685,226.770,0.995,-1,-1,-1
308,12,680.053,426.694,286.495,214.867,0.994,-1,-1,-1
309,12,654.990,438.758,262.771,203.977,0.993,-1,-1,-1
310,12,628.152,447.071,249.081,196.836,0.992,-1,-1,-1
311,12,604.678,452.736,238.549,188.492,0.996,-1,-1,-1
312,12,581.043,458.349,229.880,182.688,0.993,-1,-1,-1
313,12,564.349,466.083,215.962,174.676,0.993,-1,-1,-1
314,12,549.809,475.913,203.209,164.299,0.996,-1,-1,-1
315,12,536.314,482.116,187.152,156.297,0.995,-1,-1,-1
316,12,522.713,487.918,181.481,150.856,0.995,-1,-1,-1
317,12,508.638,490.881,173.662,148.395,0.995,-1,-1,-1
318,12,501.052,499.336,167.215,142.403,0.993,-1,-1,-1
319,12,488.717,503.410,166.164,137.024,0.990,-1,-1,-1
320,12,475.016,504.952,151.377,134.780,0.984,-1,-1,-1
321,12,463.675,512.177,150.501,126.568,0.984,-1,-1,-1
322,12,454.551,514.035,147.034,124.665,0.987,-1,-1,-1
323,12,448.074,516.022,141.949,122.922,0.933,-1,-1,-1
324,12,441.323,519.488,133.780,117.475,0.808,-1,-1,-1
325,12,432.662,520.686,133.780,117.475,0.808,-1,-1,-1
326,12,422.397,530.690,128.055,108.284,0.822,-1,-1,-1
327,12,414.529,531.119,122.250,108.663,0.626,-1,-1,-1
328,12,411.339,536.388,112.849,103.641,0.918,-1,-1,-1
329,12,405.614,537.669,110.164,103.184,0.954,-1,-1,-1
330,12,399.091,538.633,108.224,101.974,0.887,-1,-1,-1
331,12,393.260,539.812,105.879,99.115,0.830,-1,-1,-1
332,12,389.562,543.487,101.324,94.972,0.947,-1,-1,-1
333,12,384.921,543.041,102.324,95.895,0.943,-1,-1,-1
334,12,379.225,545.651,101.516,93.561,0.965,-1,-1,-1
335,12,373.920,544.891,100.383,94.370,0.964,-1,-1,-1
336,12,371.521,548.659,95.438,90.982,0.961,-1,-1,-1
337,12,367.890,549.903,94.984,90.246,0.918,-1,-1,-1
338,12,365.179,552.197,93.327,88.682,0.955,-1,-1,-1
339,12,362.037,554.778,92.208,85.127,0.940,-1,-1,-1
340,12,356.532,555.717,92.890,84.337,0.910,-1,-1,-1
341,12,351.672,556.394,90.045,82.607,0.910,-1,-1,-1
342,12,348.765,556.509,89.609,81.928,0.930,-1,-1,-1
343,12,347.789,558.028,87.216,80.927,0.923,-1,-1,-1
344,12,345.177,559.402,85.738,79.244,0.892,-1,-1,-1
345,12,341.179,560.059,84.988,79.139,0.898,-1,-1,-1
346,12,337.716,560.967,84.238,78.490,0.875,-1,-1,-1
347,12,335.343,560.661,84.051,78.740,0.900,-1,-1,-1
348,12,332.542,560.900,81.895,78.953,0.850,-1,-1,-1
349,12,328.889,562.242,81.691,78.001,0.838,-1,-1,-1
350,12,324.693,562.212,82.430,78.182,0.865,-1,-1,-1
351,12,323.889,562.561,80.201,78.307,0.840,-1,-1,-1
352,12,321.853,564.546,79.212,76.439,0.799,-1,-1,-1
353,12,318.126,564.687,78.536,76.261,0.658,-1,-1,-1
354,12,314.565,565.416,78.460,74.996,0.561,-1,-1,-1
355,12,311.587,564.856,79.072,75.288,0.635,-1,-1,-1
356,12,309.652,565.157,78.549,74.652,0.629,-1,-1,-1
357,12,306.378,563.881,80.291,75.490,0.693,-1,-1,-1
358,12,302.730,565.335,80.518,73.902,0.718,-1,-1,-1
359,12,300.146,564.894,80.776,73.775,0.716,-1,-1,-1
360,12,298.496,564.532,79.018,74.041,0.651,-1,-1,-1
361,12,297.141,565.442,77.849,72.589,0.605,-1,-1,-1
362,12,295.051,565.453,77.849,72.589,0.605,-1,-1,-1
363,12,293.710,567.205,74.913,72.608,0.566,-1,-1,-1
364,12,292.257,567.519,74.913,72.608,0.566,-1,-1,-1
365,12,291.312,567.864,74.913,72.608,0.566,-1,-1,-1
366,12,290.754,568.165,74.913,72.608,0.566,-1,-1,-1
367,12,290.196,568.470,74.913,72.608,0.566,-1,-1,-1
