1,1,237.588,1138.335,182.154,172.893,0.670,-1,-1,-1
1,5,1118.062,1168.091,602.990,469.815,0.997,-1,-1,-1
2,1,239.271,1140.220,179.698,171.006,0.651,-1,-1,-1
2,5,1214.268,1182.284,654.363,514.853,0.993,-1,-1,-1
3,1,240.544,1138.631,178.860,171.753,0.705,-1,-1,-1
3,5,1330.715,1207.873,736.648,572.966,0.988,-1,-1,-1
4,1,239.933,1139.050,179.671,171.830,0.703,-1,-1,-1
4,5,1488.653,1237.652,822.815,641.579,0.981,-1,-1,-1
5,1,238.495,1136.927,180.694,174.092,0.696,-1,-1,-1
5,5,1660.987,1275.527,886.666,644.756,0.681,-1,-1,-1
6,1,238.828,1139.827,180.201,172.081,0.760,-1,-1,-1
6,5,1860.011,1331.540,698.989,587.460,0.681,-1,-1,-1
7,1,240.093,1142.582,179.363,167.885,0.777,-1,-1,-1
7,5,2114.267,1401.402,444.733,517.598,0.681,-1,-1,-1
8,1,240.337,1142.401,178.033,168.473,0.743,-1,-1,-1
8,5,2336.200,1460.382,222.800,458.618,0.681,-1,-1,-1
9,1,240.570,1140.566,178.312,170.090,0.713,-1,-1,-1
9,5,2517.933,1506.541,41.067,412.459,0.681,-1,-1,-1
10,1,240.663,1138.976,178.568,170.949,0.665,-1,-1,-1
11,1,240.371,1139.958,178.594,168.772,0.751,-1,-1,-1
12,1,240.646,1140.705,177.435,167.585,0.759,-1,-1,-1
13,1,240.884,1140.814,176.579,167.036,0.798,-1,-1,-1
14,1,241.277,1141.002,176.459,166.610,0.807,-1,-1,-1
15,1,241.158,1141.048,176.616,166.354,0.825,-1,-1,-1
16,1,242.136,1140.972,174.987,164.860,0.864,-1,-1,-1
17,1,241.671,1140.547,175.969,165.301,0.856,-1,-1,-1
18,1,242.161,1140.799,175.610,165.115,0.851,-1,-1,-1
19,1,242.435,1140.549,175.741,165.709,0.837,-1,-1,-1
20,1,241.523,1141.986,175.702,164.568,0.837,-1,-1,-1
21,1,239.900,1141.387,177.697,166.284,0.773,-1,-1,-1
22,1,240.299,1140.406,178.234,167.253,0.783,-1,-1,-1
23,1,239.254,1138.338,179.005,170.113,0.761,-1,-1,-1
24,1,238.889,1139.022,179.204,169.354,0.754,-1,-1,-1
25,1,240.084,1142.612,176.373,164.714,0.815,-1,-1,-1
26,1,239.171,1142.934,176.955,164.153,0.823,-1,-1,-1
27,1,238.977,1142.772,177.016,164.230,0.807,-1,-1,-1
28,1,239.240,1142.999,176.887,164.122,0.826,-1,-1,-1
29,1,240.365,1143.071,176.049,163.767,0.825,-1,-1,-1
30,1,239.845,1140.096,177.226,166.120,0.827,-1,-1,-1
31,1,239.593,1139.293,177.755,166.448,0.828,-1,-1,-1
32,1,239.470,1137.991,178.219,168.255,0.789,-1,-1,-1
33,1,238.706,1140.863,179.008,165.994,0.794,-1,-1,-1
34,1,239.760,1143.125,178.074,164.432,0.812,-1,-1,-1
35,1,239.282,1141.927,179.090,165.171,0.825,-1,-1,-1
36,1,241.043,1141.369,177.572,165.560,0.795,-1,-1,-1
37,1,241.937,1142.211,177.071,165.212,0.802,-1,-1,-1
38,1,242.529,1143.154,176.769,164.617,0.771,-1,-1,-1
39,1,242.497,1143.347,176.449,164.372,0.787,-1,-1,-1
40,1,242.439,1144.021,177.736,162.469,0.848,-1,-1,-1
41,1,242.825,1144.089,178.249,162.093,0.872,-1,-1,-1
42,1,244.825,1142.277,177.093,161.798,0.892,-1,-1,-1
43,1,246.159,1139.291,175.913,163.099,0.906,-1,-1,-1
44,1,246.904,1139.633,175.475,162.696,0.911,-1,-1,-1
45,1,247.056,1138.341,176.966,162.984,0.919,-1,-1,-1
46,1,247.197,1137.871,177.694,161.600,0.933,-1,-1,-1
47,1,253.348,1130.255,178.461,161.170,0.940,-1,-1,-1
48,1,252.218,1131.922,178.614,160.437,0.941,-1,-1,-1
49,1,252.190,1131.580,180.135,161.464,0.935,-1,-1,-1
50,1,311.699,1094.907,175.228,159.458,0.903,-1,-1,-1
51,1,355.238,1080.874,168.682,153.259,0.902,-1,-1,-1
52,1,403.442,1051.525,164.329,142.149,0.947,-1,-1,-1
53,1,409.776,1055.280,170.188,144.999,0.946,-1,-1,-1
53,10,239.915,1141.152,177.882,164.306,0.746,-1,-1,-1
54,1,414.278,1062.255,172.811,145.458,0.962,-1,-1,-1
54,10,238.649,1142.180,178.545,163.376,0.713,-1,-1,-1
55,1,421.418,1064.946,179.432,148.651,0.976,-1,-1,-1
55,10,238.082,1141.853,179.246,164.442,0.704,-1,-1,-1
56,1,427.789,1068.605,178.987,150.538,0.984,-1,-1,-1
56,10,239.688,1142.366,178.354,164.372,0.669,-1,-1,-1
57,1,437.554,1071.743,183.070,153.514,0.987,-1,-1,-1
57,10,240.211,1142.820,178.478,164.736,0.681,-1,-1,-1
58,1,448.582,1074.065,186.122,154.548,0.983,-1,-1,-1
58,10,239.910,1141.798,179.068,165.540,0.689,-1,-1,-1
59,1,456.874,1075.269,188.986,154.544,0.965,-1,-1,-1
59,10,237.317,1137.355,183.561,171.374,0.689,-1,-1,-1
60,1,470.289,1077.687,189.822,160.008,0.736,-1,-1,-1
60,10,236.639,1138.481,183.069,171.073,0.613,-1,-1,-1
61,1,482.004,1077.041,197.871,167.142,0.991,-1,-1,-1
61,10,238.882,1140.126,180.923,170.023,0.718,-1,-1,-1
62,1,495.104,1082.273,204.415,168.257,0.990,-1,-1,-1
62,10,238.701,1137.942,181.177,171.621,0.766,-1,-1,-1
63,1,512.423,1084.533,210.010,170.978,0.991,-1,-1,-1
63,10,239.468,1136.424,182.410,174.046,0.721,-1,-1,-1
64,1,526.778,1087.942,215.880,174.920,0.995,-1,-1,-1
64,10,240.012,1137.326,182.529,173.399,0.767,-1,-1,-1
65,1,536.166,1090.776,226.761,181.845,0.996,-1,-1,-1
65,10,240.389,1137.765,181.713,173.058,0.755,-1,-1,-1
66,1,550.763,1096.117,235.156,188.011,0.997,-1,-1,-1
66,10,240.311,1137.458,181.759,174.870,0.728,-1,-1,-1
67,1,566.065,1099.372,240.700,194.094,0.997,-1,-1,-1
67,10,240.033,1139.406,181.336,172.425,0.763,-1,-1,-1
68,1,584.667,1097.512,254.530,209.473,0.997,-1,-1,-1
68,10,239.471,1139.306,181.827,172.657,0.735,-1,-1,-1
69,1,606.182,1100.160,266.991,219.809,0.997,-1,-1,-1
69,10,239.530,1140.660,182.767,172.420,0.607,-1,-1,-1
70,1,629.508,1104.074,283.580,225.821,0.997,-1,-1,-1
70,10,239.472,1139.515,183.276,173.615,0.622,-1,-1,-1
71,1,656.655,1108.344,307.017,237.838,0.998,-1,-1,-1
71,10,240.616,1141.717,182.587,171.492,0.590,-1,-1,-1
72,1,682.308,1111.695,327.785,249.236,0.998,-1,-1,-1
72,10,239.371,1140.605,183.047,172.149,0.657,-1,-1,-1
73,1,708.127,1112.503,368.763,272.998,0.996,-1,-1,-1
73,10,239.314,1143.202,181.004,168.222,0.635,-1,-1,-1
74,1,734.408,1125.640,413.877,285.859,0.998,-1,-1,-1
74,10,239.908,1144.611,179.960,166.841,0.586,-1,-1,-1
75,1,768.333,1133.216,460.460,314.799,0.998,-1,-1,-1
75,10,240.169,1145.387,178.953,165.233,0.599,-1,-1,-1
76,1,810.565,1144.058,501.243,341.557,0.998,-1,-1,-1
76,10,241.122,1144.808,178.801,166.296,0.538,-1,-1,-1
77,1,867.887,1150.920,541.385,382.208,0.997,-1,-1,-1
77,10,241.238,1142.732,179.263,167.365,0.521,-1,-1,-1
78,1,923.358,1162.986,608.205,418.634,0.997,-1,-1,-1
78,10,241.168,1142.486,179.503,167.317,0.506,-1,-1,-1
79,1,998.331,1175.588,664.369,452.423,0.997,-1,-1,-1
79,10,239.864,1142.112,179.285,167.975,0.530,-1,-1,-1
80,1,1090.351,1197.969,740.522,494.709,0.994,-1,-1,-1
80,10,238.847,1142.024,179.738,168.574,0.542,-1,-1,-1
81,1,1198.517,1214.567,841.461,570.373,0.989,-1,-1,-1
81,10,239.288,1143.401,180.181,167.045,0.561,-1,-1,-1
82,1,1338.051,1245.253,981.802,639.781,0.977,-1,-1,-1
82,10,238.262,1143.053,181.658,168.558,0.575,-1,-1,-1
83,1,1484.322,1279.553,1061.043,640.908,0.543,-1,-1,-1
83,10,237.995,1141.441,180.632,169.312,0.604,-1,-1,-1
84,1,1684.226,1336.112,874.774,582.888,0.543,-1,-1,-1
84,10,238.517,1141.365,180.799,169.699,0.683,-1,-1,-1
85,1,1937.750,1405.817,621.250,513.183,0.543,-1,-1,-1
85,10,238.536,1142.435,180.742,167.431,0.711,-1,-1,-1
86,1,2252.957,1490.421,306.043,428.579,0.543,-1,-1,-1
86,10,239.120,1142.967,180.633,165.783,0.700,-1,-1,-1
87,1,2523.383,1564.068,35.617,354.932,0.543,-1,-1,-1
87,10,238.941,1142.151,180.141,166.225,0.707,-1,-1,-1
88,10,239.439,1143.115,179.966,165.805,0.704,-1,-1,-1
89,10,241.515,1144.748,176.695,162.713,0.802,-1,-1,-1
90,10,242.697,1142.900,177.573,163.321,0.803,-1,-1,-1
91,10,243.038,1143.342,177.791,163.407,0.774,-1,-1,-1
92,10,243.690,1144.248,177.560,163.300,0.783,-1,-1,-1
93,10,244.142,1146.594,176.414,161.177,0.796,-1,-1,-1
94,10,243.711,1147.170,176.856,159.803,0.821,-1,-1,-1
95,10,243.469,1146.937,177.967,159.683,0.831,-1,-1,-1
96,10,244.336,1146.657,177.933,159.089,0.858,-1,-1,-1
97,10,246.245,1145.880,177.730,159.866,0.886,-1,-1,-1
98,10,246.894,1144.403,177.781,160.022,0.905,-1,-1,-1
99,10,246.151,1141.477,179.550,161.670,0.873,-1,-1,-1
100,10,253.979,1128.486,180.896,164.431,0.894,-1,-1,-1
101,10,284.372,1099.614,178.799,163.814,0.879,-1,-1,-1
102,10,320.428,1076.945,175.381,158.452,0.837,-1,-1,-1
103,10,340.650,1067.524,177.353,153.333,0.878,-1,-1,-1
104,10,365.883,1054.557,169.246,143.309,0.869,-1,-1,-1
105,10,372.600,1057.848,171.829,145.478,0.865,-1,-1,-1
106,10,388.079,1053.228,177.148,144.487,0.897,-1,-1,-1
107,10,398.254,1052.991,180.050,147.069,0.935,-1,-1,-1
108,10,411.941,1053.329,181.502,149.926,0.956,-1,-1,-1
109,10,421.028,1054.372,183.524,148.241,0.952,-1,-1,-1
110,10,429.224,1057.500,191.059,149.509,0.965,-1,-1,-1
111,10,438.429,1056.788,198.462,153.518,0.982,-1,-1,-1
112,10,457.973,1053.105,196.158,153.224,0.971,-1,-1,-1
113,10,464.127,1058.047,204.083,155.334,0.985,-1,-1,-1
114,10,478.448,1059.447,206.502,155.292,0.986,-1,-1,-1
115,10,493.340,1062.037,208.042,159.456,0.987,-1,-1,-1
116,10,509.037,1058.715,221.042,168.564,0.988,-1,-1,-1
117,10,521.841,1059.558,227.831,175.396,0.994,-1,-1,-1
118,10,533.593,1060.664,231.771,178.038,0.994,-1,-1,-1
119,10,545.747,1062.801,242.182,182.409,0.996,-1,-1,-1
120,10,562.892,1065.610,252.919,187.402,0.995,-1,-1,-1
121,10,578.251,1066.644,261.098,193.233,0.997,-1,-1,-1
122,10,598.696,1064.769,279.560,211.018,0.997,-1,-1,-1
123,10,624.348,1069.018,288.995,213.846,0.997,-1,-1,-1
124,10,648.319,1074.312,309.140,220.761,0.998,-1,-1,-1
125,10,676.281,1071.170,332.087,239.481,0.997,-1,-1,-1
126,10,699.703,1075.725,363.471,248.893,0.997,-1,-1,-1
127,10,727.871,1077.268,408.959,275.573,0.997,-1,-1,-1
128,10,761.620,1081.922,447.058,290.162,0.997,-1,-1,-1
129,10,798.259,1087.122,491.904,309.277,0.997,-1,-1,-1
130,10,850.360,1094.120,532.748,343.616,0.998,-1,-1,-1
131,10,899.507,1106.444,585.065,373.413,0.997,-1,-1,-1
132,10,963.874,1114.694,648.366,426.123,0.997,-1,-1,-1
133,10,1043.225,1132.056,738.232,463.061,0.996,-1,-1,-1
134,10,1143.600,1139.444,840.998,516.523,0.985,-1,-1,-1
135,10,1256.897,1156.662,977.448,579.230,0.978,-1,-1,-1
136,10,1398.188,1177.221,1141.783,677.422,0.941,-1,-1,-1
137,10,1584.810,1226.455,974.190,677.422,0.941,-1,-1,-1
138,10,1815.221,1285.932,743.779,633.068,0.941,-1,-1,-1
139,10,2103.130,1360.628,455.870,558.372,0.941,-1,-1,-1
140,10,2460.652,1456.605,98.348,462.395,0.941,-1,-1,-1
170,18,240.235,1138.934,180.554,168.606,0.548,-1,-1,-1
171,18,240.610,1139.722,180.089,168.257,0.569,-1,-1,-1
172,18,240.046,1139.167,180.205,168.900,0.565,-1,-1,-1
173,18,238.801,1139.505,181.272,168.680,0.535,-1,-1,-1
174,18,238.332,1138.644,181.706,169.432,0.551,-1,-1,-1
175,18,238.916,1140.604,180.858,167.245,0.588,-1,-1,-1
176,18,238.824,1139.497,181.065,168.997,0.546,-1,-1,-1
177,18,239.633,1139.612,180.573,168.810,0.514,-1,-1,-1
178,18,239.730,1139.648,180.573,168.810,0.514,-1,-1,-1
179,18,238.751,1137.509,181.018,170.901,0.512,-1,-1,-1
180,18,239.021,1139.900,180.194,168.962,0.593,-1,-1,-1
181,18,239.450,1139.679,180.069,169.895,0.626,-1,-1,-1
182,18,239.144,1139.315,180.508,169.914,0.571,-1,-1,-1
183,18,239.496,1139.907,179.987,168.940,0.658,-1,-1,-1
184,18,239.476,1140.521,180.143,168.532,0.686,-1,-1,-1
185,18,239.082,1139.141,181.065,169.919,0.684,-1,-1,-1
186,18,238.081,1138.038,182.711,171.694,0.681,-1,-1,-1
187,18,238.134,1140.395,182.130,168.595,0.725,-1,-1,-1
188,18,238.499,1141.302,181.618,167.833,0.738,-1,-1,-1
189,18,237.723,1139.602,182.470,170.001,0.633,-1,-1,-1
190,18,238.519,1140.059,182.244,169.272,0.600,-1,-1,-1
191,18,239.214,1138.521,182.110,170.148,0.603,-1,-1,-1
192,18,239.178,1138.244,182.615,170.487,0.584,-1,-1,-1
193,18,240.087,1139.349,182.817,169.878,0.534,-1,-1,-1
194,18,242.251,1140.665,181.406,168.342,0.501,-1,-1,-1
195,18,242.636,1141.362,181.683,167.546,0.519,-1,-1,-1
196,18,242.400,1142.176,181.111,167.460,0.598,-1,-1,-1
197,18,242.609,1141.201,181.292,167.772,0.642,-1,-1,-1
198,18,243.839,1139.642,181.247,168.052,0.626,-1,-1,-1
199,18,246.349,1139.521,178.794,166.123,0.570,-1,-1,-1
200,18,249.090,1138.023,177.910,165.562,0.556,-1,-1,-1
201,18,246.742,1139.583,179.074,164.840,0.682,-1,-1,-1
202,18,247.220,1138.759,179.384,165.027,0.722,-1,-1,-1
203,18,259.386,1126.817,176.700,164.739,0.737,-1,-1,-1
204,18,291.421,1095.648,171.080,164.136,0.701,-1,-1,-1
205,18,308.113,1083.929,170.467,158.848,0.743,-1,-1,-1
206,18,345.925,1060.995,162.207,144.181,0.804,-1,-1,-1
207,18,359.784,1054.478,159.743,138.838,0.839,-1,-1,-1
208,18,372.429,1051.576,158.148,138.205,0.844,-1,-1,-1
209,18,381.135,1051.967,158.626,139.060,0.809,-1,-1,-1
210,18,392.824,1053.097,156.953,140.380,0.881,-1,-1,-1
211,18,403.210,1053.331,162.175,140.835,0.915,-1,-1,-1
212,18,411.596,1053.012,161.660,143.884,0.921,-1,-1,-1
213,18,419.110,1054.391,165.520,144.877,0.946,-1,-1,-1
214,18,425.315,1055.591,169.084,145.994,0.953,-1,-1,-1
215,18,434.462,1058.649,169.757,145.355,0.955,-1,-1,-1
216,18,439.517,1059.405,178.636,149.479,0.979,-1,-1,-1
217,18,447.416,1061.094,182.143,150.654,0.982,-1,-1,-1
218,18,459.898,1060.998,187.703,153.358,0.988,-1,-1,-1
219,18,470.470,1062.959,185.303,156.714,0.989,-1,-1,-1
220,18,481.370,1065.592,183.588,157.651,0.988,-1,-1,-1
221,18,492.343,1067.506,191.803,163.037,0.992,-1,-1,-1
222,18,502.347,1069.555,193.559,167.245,0.993,-1,-1,-1
223,18,515.069,1071.635,201.906,172.655,0.994,-1,-1,-1
224,18,527.848,1072.793,212.008,176.943,0.994,-1,-1,-1
225,18,535.502,1075.435,220.906,183.589,0.997,-1,-1,-1
226,18,550.429,1079.059,224.611,185.022,0.997,-1,-1,-1
227,18,561.909,1082.024,232.872,190.806,0.997,-1,-1,-1
228,18,572.666,1085.052,244.201,197.721,0.998,-1,-1,-1
229,18,592.939,1091.091,247.843,201.304,0.998,-1,-1,-1
230,18,615.051,1091.439,257.940,213.334,0.998,-1,-1,-1
231,18,636.352,1094.589,273.316,219.909,0.998,-1,-1,-1
232,18,662.306,1096.469,289.395,230.179,0.998,-1,-1,-1
233,18,686.576,1100.783,304.704,237.630,0.998,-1,-1,-1
234,18,712.333,1104.440,339.034,256.189,0.997,-1,-1,-1
235,18,738.725,1108.018,375.148,275.939,0.998,-1,-1,-1
236,18,769.342,1115.383,414.496,295.240,0.998,-1,-1,-1
237,18,805.184,1128.442,453.642,317.620,0.998,-1,-1,-1
238,18,858.196,1139.656,496.115,340.035,0.998,-1,-1,-1
239,18,908.739,1150.646,541.654,384.178,0.998,-1,-1,-1
240,18,972.440,1164.167,597.843,420.458,0.998,-1,-1,-1
241,18,1055.325,1176.093,662.761,453.831,0.998,-1,-1,-1
242,18,1141.197,1192.618,739.283,502.040,0.992,-1,-1,-1
243,18,1253.714,1213.158,864.355,574.090,0.986,-1,-1,-1
244,18,1412.462,1250.947,1009.220,650.500,0.862,-1,-1,-1
245,18,1587.094,1302.552,971.906,616.448,0.862,-1,-1,-1
246,18,1796.120,1362.349,762.880,556.651,0.862,-1,-1,-1
247,18,2065.712,1437.840,493.288,481.160,0.862,-1,-1,-1
248,18,2404.922,1531.293,154.078,387.707,0.862,-1,-1,-1
249,25,2221.459,904.958,336.842,510.485,0.678,-1,-1,-1
250,25,1963.832,817.109,591.968,576.259,0.888,-1,-1,-1
251,25,1756.360,813.586,801.365,589.253,0.957,-1,-1,-1
252,25,1588.532,836.319,966.724,540.417,0.988,-1,-1,-1
253,25,1447.940,843.198,1011.038,495.535,0.991,-1,-1,-1
254,25,1311.832,859.938,865.206,445.935,0.994,-1,-1,-1
255,25,1214.481,866.506,745.102,412.379,0.994,-1,-1,-1
256,25,1122.679,876.726,666.791,381.555,0.993,-1,-1,-1
257,25,983.156,868.895,666.791,381.555,0.993,-1,-1,-1
258,25,867.214,864.166,666.791,381.555,0.993,-1,-1,-1
259,25,793.053,861.052,666.791,381.555,0.993,-1,-1,-1
260,25,750.346,860.017,666.791,381.555,0.993,-1,-1,-1
264,26,1001.157,872.925,246.505,172.226,0.510,-1,-1,-1
265,26,994.222,875.236,253.962,170.638,0.866,-1,-1,-1
266,26,991.863,875.600,259.519,174.434,0.961,-1,-1,-1
267,26,994.475,875.522,257.775,173.232,0.977,-1,-1,-1
268,26,993.734,875.604,257.770,173.256,0.985,-1,-1,-1
269,26,991.879,875.311,258.283,174.508,0.988,-1,-1,-1
270,26,990.234,875.592,259.780,174.878,0.988,-1,-1,-1
271,26,989.457,875.822,260.246,174.386,0.989,-1,-1,-1
272,26,988.609,875.918,261.209,174.072,0.989,-1,-1,-1
273,26,987.735,875.782,262.345,174.171,0.991,-1,-1,-1
274,26,988.843,875.482,260.984,174.339,0.992,-1,-1,-1
275,26,989.847,875.606,260.180,174.460,0.993,-1,-1,-1
276,26,990.162,875.975,259.274,173.728,0.993,-1,-1,-1
277,26,989.968,875.754,260.082,173.447,0.992,-1,-1,-1
278,26,989.828,875.745,260.437,173.428,0.992,-1,-1,-1
279,26,989.986,875.730,260.352,173.316,0.992,-1,-1,-1
280,26,990.436,875.694,259.776,173.290,0.992,-1,-1,-1
281,26,990.310,875.779,259.697,173.229,0.992,-1,-1,-1
282,26,990.269,875.786,259.674,173.447,0.993,-1,-1,-1
283,26,990.400,875.856,259.595,173.308,0.993,-1,-1,-1
284,26,989.897,876.013,260.445,173.122,0.992,-1,-1,-1
285,26,989.674,876.089,261.000,173.056,0.992,-1,-1,-1
286,26,989.758,875.949,260.723,173.079,0.992,-1,-1,-1
287,26,989.856,875.636,260.515,173.381,0.992,-1,-1,-1
288,26,989.846,875.537,260.604,173.469,0.992,-1,-1,-1
289,26,989.411,875.581,261.152,173.344,0.992,-1,-1,-1
290,26,989.770,875.721,260.523,173.033,0.992,-1,-1,-1
291,26,989.536,875.648,261.080,173.209,0.992,-1,-1,-1
292,26,989.419,875.750,261.201,173.140,0.992,-1,-1,-1
293,26,989.241,875.722,261.284,173.240,0.992,-1,-1,-1
294,26,989.285,875.751,261.170,173.279,0.992,-1,-1,-1
295,26,989.430,875.716,260.999,173.232,0.992,-1,-1,-1
296,26,989.253,875.790,261.244,173.214,0.992,-1,-1,-1
297,26,989.349,875.642,260.960,173.182,0.992,-1,-1,-1
298,26,989.286,875.566,261.107,173.329,0.992,-1,-1,-1
299,26,989.263,875.666,261.082,173.169,0.992,-1,-1,-1
300,26,989.168,875.646,261.290,173.219,0.992,-1,-1,-1
301,26,988.955,875.423,261.382,173.378,0.992,-1,-1,-1
302,26,989.155,875.341,261.132,173.264,0.992,-1,-1,-1
303,26,989.081,875.507,261.280,173.013,0.992,-1,-1,-1
304,26,989.083,875.414,261.343,173.206,0.992,-1,-1,-1
305,26,989.058,875.567,261.394,172.979,0.993,-1,-1,-1
306,26,988.897,875.614,261.539,172.989,0.993,-1,-1,-1
307,26,988.613,875.549,261.805,173.281,0.993,-1,-1,-1
308,26,988.973,875.708,261.411,173.148,0.993,-1,-1,-1
309,26,988.979,875.667,261.355,173.154,0.993,-1,-1,-1
310,26,989.700,875.860,260.869,172.478,0.993,-1,-1,-1
311,26,989.764,875.727,260.679,172.576,0.993,-1,-1,-1
312,26,989.911,875.760,260.307,172.478,0.993,-1,-1,-1
313,26,989.497,876.321,261.012,172.136,0.992,-1,-1,-1
314,26,989.488,876.304,261.264,172.191,0.992,-1,-1,-1
315,26,989.458,876.313,261.451,172.273,0.992,-1,-1,-1
316,26,989.388,876.234,261.460,172.318,0.992,-1,-1,-1
317,26,989.537,876.278,261.397,172.162,0.992,-1,-1,-1
318,26,989.548,876.307,261.289,172.187,0.992,-1,-1,-1
319,26,989.592,876.362,261.126,172.059,0.992,-1,-1,-1
320,26,989.748,876.350,261.019,172.011,0.992,-1,-1,-1
321,26,989.805,876.313,260.955,172.058,0.992,-1,-1,-1
322,26,990.009,876.168,260.678,172.049,0.992,-1,-1,-1
323,26,989.852,876.443,260.680,171.888,0.992,-1,-1,-1
324,26,989.813,876.519,260.737,171.795,0.992,-1,-1,-1
325,26,989.951,876.759,260.734,171.845,0.992,-1,-1,-1
326,26,990.171,876.602,260.428,171.766,0.992,-1,-1,-1
327,26,990.594,876.700,259.848,171.623,0.992,-1,-1,-1
328,26,990.692,876.656,259.559,171.641,0.992,-1,-1,-1
329,26,990.513,876.630,259.752,171.710,0.992,-1,-1,-1
330,26,990.480,876.681,259.744,171.553,0.992,-1,-1,-1
331,26,990.565,876.661,259.686,171.476,0.992,-1,-1,-1
332,26,990.734,876.959,259.662,171.427,0.992,-1,-1,-1
333,26,990.458,876.859,259.833,171.450,0.992,-1,-1,-1
334,26,990.524,876.389,259.342,171.887,0.992,-1,-1,-1
335,26,990.349,876.333,259.539,171.893,0.992,-1,-1,-1
336,26,990.427,876.346,259.508,171.948,0.992,-1,-1,-1
337,26,990.044,876.478,259.909,171.868,0.992,-1,-1,-1
338,26,990.204,876.708,259.847,171.482,0.992,-1,-1,-1
339,26,990.122,876.605,260.317,171.772,0.992,-1,-1,-1
340,26,990.763,876.712,259.393,171.708,0.993,-1,-1,-1
341,26,990.860,876.835,259.673,171.491,0.993,-1,-1,-1
342,26,990.690,876.694,259.958,171.823,0.993,-1,-1,-1
343,26,990.637,876.658,259.808,171.924,0.993,-1,-1,-1
344,26,990.694,876.664,259.643,171.717,0.993,-1,-1,-1
345,26,990.585,876.796,259.899,171.518,0.993,-1,-1,-1
346,26,990.525,876.672,259.969,171.621,0.993,-1,-1,-1
347,26,990.434,876.568,259.995,171.742,0.993,-1,-1,-1
348,26,989.845,875.479,260.277,172.264,0.992,-1,-1,-1
349,26,989.597,875.234,259.688,172.841,0.992,-1,-1,-1
349,31,2144.231,907.078,413.619,460.008,0.513,-1,-1,-1
350,26,990.187,875.339,258.077,172.250,0.991,-1,-1,-1
350,31,1947.530,889.963,608.696,473.156,0.978,-1,-1,-1
351,26,990.529,875.099,258.703,172.661,0.990,-1,-1,-1
351,31,1786.955,893.673,769.557,445.116,0.987,-1,-1,-1
352,26,990.503,875.038,259.086,172.399,0.988,-1,-1,-1
352,31,1632.455,908.926,785.098,396.141,0.997,-1,-1,-1
353,26,990.512,874.733,259.355,172.041,0.983,-1,-1,-1
353,31,1491.235,906.546,705.061,370.547,0.995,-1,-1,-1
354,26,990.793,874.588,259.094,172.358,0.981,-1,-1,-1
354,31,1383.845,912.161,631.687,343.842,0.992,-1,-1,-1
355,26,991.552,874.916,259.139,173.391,0.975,-1,-1,-1
355,31,1297.073,921.146,568.627,315.492,0.995,-1,-1,-1
356,26,991.273,875.721,259.416,173.975,0.948,-1,-1,-1
356,31,1218.466,926.146,522.446,295.912,0.996,-1,-1,-1
357,26,988.565,876.743,258.884,175.140,0.877,-1,-1,-1
357,31,1154.610,933.343,479.976,275.570,0.994,-1,-1,-1
358,26,985.256,874.119,266.709,179.372,0.626,-1,-1,-1
358,31,1091.124,944.674,454.292,256.727,0.995,-1,-1,-1
359,26,982.323,871.837,271.879,186.851,0.689,-1,-1,-1
359,31,1040.867,944.884,414.130,245.317,0.995,-1,-1,-1
360,26,1000.132,951.405,379.105,229.605,0.997,-1,-1,-1
360,31,968.168,942.620,414.130,245.317,0.995,-1,-1,-1
361,26,960.986,955.409,351.312,220.778,0.996,-1,-1,-1
361,31,915.745,941.313,414.130,245.317,0.995,-1,-1,-1
362,26,923.186,959.833,332.878,212.276,0.996,-1,-1,-1
362,31,880.320,940.594,414.130,245.317,0.995,-1,-1,-1
363,26,887.182,958.933,311.414,209.300,0.996,-1,-1,-1
363,31,860.134,939.492,414.130,245.317,0.995,-1,-1,-1
364,26,857.750,962.953,285.043,193.868,0.995,-1,-1,-1
365,26,826.095,963.550,272.038,189.527,0.994,-1,-1,-1
366,26,798.298,966.566,256.922,182.718,0.988,-1,-1,-1
366,32,993.142,875.944,257.634,176.139,0.719,-1,-1,-1
367,26,772.480,971.521,242.592,170.833,0.987,-1,-1,-1
367,32,992.323,876.956,257.004,174.725,0.897,-1,-1,-1
368,26,751.095,974.761,230.406,164.013,0.982,-1,-1,-1
368,32,992.601,876.427,257.629,175.224,0.971,-1,-1,-1
369,26,734.171,976.521,221.555,158.622,0.980,-1,-1,-1
369,32,994.546,876.227,256.743,173.991,0.980,-1,-1,-1
370,26,715.564,977.068,212.630,155.592,0.977,-1,-1,-1
370,32,993.874,876.337,257.462,173.338,0.985,-1,-1,-1
371,26,696.255,981.987,203.590,151.135,0.981,-1,-1,-1
371,32,993.267,876.260,257.937,174.363,0.989,-1,-1,-1
372,26,675.917,981.135,204.838,149.249,0.988,-1,-1,-1
372,32,991.795,875.942,258.691,174.836,0.992,-1,-1,-1
373,26,657.717,982.389,196.472,146.372,0.988,-1,-1,-1
373,32,990.297,876.098,258.565,174.793,0.993,-1,-1,-1
374,26,644.949,979.887,194.095,146.243,0.988,-1,-1,-1
374,32,989.329,875.907,259.899,174.772,0.992,-1,-1,-1
375,26,632.353,977.414,183.898,140.975,0.982,-1,-1,-1
375,32,987.539,875.833,261.463,175.121,0.992,-1,-1,-1
376,26,612.931,978.603,182.640,138.211,0.977,-1,-1,-1
376,32,987.679,875.810,261.255,174.603,0.993,-1,-1,-1
377,26,602.057,974.510,175.820,137.099,0.978,-1,-1,-1
377,32,988.130,875.885,260.863,174.200,0.992,-1,-1,-1
378,26,589.642,975.024,167.367,133.850,0.976,-1,-1,-1
378,32,988.441,876.219,261.049,173.929,0.993,-1,-1,-1
379,26,576.960,977.181,169.595,132.630,0.977,-1,-1,-1
379,32,989.355,876.706,260.631,173.781,0.993,-1,-1,-1
380,26,569.233,974.163,167.170,135.821,0.965,-1,-1,-1
380,32,988.877,876.457,261.595,174.346,0.994,-1,-1,-1
381,26,559.466,974.868,165.038,134.057,0.949,-1,-1,-1
381,32,989.066,876.336,261.400,174.157,0.994,-1,-1,-1
382,26,549.565,972.572,160.288,133.426,0.938,-1,-1,-1
382,32,989.621,876.083,260.729,174.249,0.993,-1,-1,-1
383,26,540.572,973.057,149.161,132.629,0.945,-1,-1,-1
383,32,989.496,876.065,260.466,173.930,0.993,-1,-1,-1
384,26,531.911,973.836,149.187,128.198,0.900,-1,-1,-1
384,32,988.737,875.575,261.210,173.888,0.993,-1,-1,-1
385,26,520.125,974.049,150.835,129.678,0.921,-1,-1,-1
385,32,989.093,876.051,261.358,173.980,0.993,-1,-1,-1
386,26,513.191,973.654,151.211,126.876,0.821,-1,-1,-1
386,32,989.896,875.857,260.189,173.780,0.991,-1,-1,-1
386,34,1931.774,842.586,625.194,529.926,0.526,-1,-1,-1
387,26,506.492,972.223,150.103,125.849,0.826,-1,-1,-1
387,32,989.304,875.231,260.393,174.791,0.990,-1,-1,-1
387,34,1756.792,833.680,801.203,530.832,0.969,-1,-1,-1
388,26,501.143,969.285,154.469,126.274,0.669,-1,-1,-1
388,32,989.636,875.332,262.120,174.592,0.989,-1,-1,-1
388,34,1607.032,857.076,872.083,473.372,0.994,-1,-1,-1
389,26,482.219,974.624,143.625,120.281,0.755,-1,-1,-1
389,32,990.284,874.890,262.013,174.796,0.986,-1,-1,-1
389,34,1467.427,866.817,767.252,436.505,0.995,-1,-1,-1
390,26,473.928,974.098,141.527,118.668,0.720,-1,-1,-1
390,32,990.270,873.710,263.228,175.835,0.982,-1,-1,-1
390,34,1346.181,870.493,694.872,400.988,0.994,-1,-1,-1
391,26,467.079,976.559,136.406,118.056,0.721,-1,-1,-1
391,32,990.838,874.323,262.622,176.004,0.971,-1,-1,-1
391,34,1260.464,877.444,609.231,371.087,0.995,-1,-1,-1
392,26,460.496,977.372,134.213,114.787,0.521,-1,-1,-1
392,32,989.344,874.478,261.749,177.367,0.914,-1,-1,-1
392,34,1179.759,888.622,559.858,347.275,0.996,-1,-1,-1
393,26,450.330,977.755,134.213,114.787,0.521,-1,-1,-1
393,32,985.551,872.700,268.797,181.634,0.749,-1,-1,-1
393,34,1109.249,899.190,516.223,321.506,0.996,-1,-1,-1
394,26,445.033,977.652,134.213,114.787,0.521,-1,-1,-1
394,32,1055.547,905.601,482.469,301.696,0.997,-1,-1,-1
394,34,999.946,894.147,516.223,321.506,0.996,-1,-1,-1
395,26,441.595,977.767,134.213,114.787,0.521,-1,-1,-1
395,32,1005.458,910.961,447.667,288.950,0.997,-1,-1,-1
395,34,922.042,891.915,516.223,321.506,0.996,-1,-1,-1
396,26,440.039,977.387,134.213,114.787,0.521,-1,-1,-1
396,32,960.401,909.492,410.244,277.788,0.997,-1,-1,-1
396,34,869.770,891.226,516.223,321.506,0.996,-1,-1,-1
397,32,920.054,908.538,375.328,267.672,0.997,-1,-1,-1
397,34,838.543,890.686,516.223,321.506,0.996,-1,-1,-1
398,32,878.994,918.882,358.454,251.188,0.997,-1,-1,-1
399,32,836.658,938.164,344.950,227.437,0.997,-1,-1,-1
400,32,809.956,942.688,314.276,220.421,0.997,-1,-1,-1
401,32,779.427,948.571,284.539,210.676,0.995,-1,-1,-1
401,35,996.281,875.550,257.651,178.142,0.508,-1,-1,-1
402,32,755.848,953.861,271.386,202.991,0.994,-1,-1,-1
402,35,991.416,876.010,261.740,175.933,0.871,-1,-1,-1
403,32,735.137,956.086,253.812,193.663,0.985,-1,-1,-1
403,35,988.090,877.203,264.334,173.417,0.947,-1,-1,-1
404,32,712.800,947.299,254.450,198.178,0.980,-1,-1,-1
404,35,991.280,875.993,263.453,172.579,0.974,-1,-1,-1
405,32,695.660,944.214,239.830,199.110,0.981,-1,-1,-1
405,35,993.118,875.607,261.530,173.082,0.984,-1,-1,-1
406,32,677.174,949.094,227.920,186.862,0.988,-1,-1,-1
406,35,994.492,875.750,259.739,174.226,0.986,-1,-1,-1
407,32,655.608,959.094,230.381,177.179,0.992,-1,-1,-1
407,35,992.733,876.606,260.135,173.289,0.987,-1,-1,-1
408,32,636.414,954.354,231.843,179.484,0.989,-1,-1,-1
408,35,991.120,876.548,262.082,174.830,0.989,-1,-1,-1
409,32,618.269,958.684,226.367,175.345,0.964,-1,-1,-1
409,35,990.889,876.558,262.745,174.208,0.990,-1,-1,-1
410,32,605.543,958.365,211.682,164.432,0.940,-1,-1,-1
410,35,989.319,877.535,263.810,173.172,0.991,-1,-1,-1
411,32,592.431,959.070,204.442,158.285,0.928,-1,-1,-1
411,35,989.624,877.305,263.617,173.052,0.991,-1,-1,-1
412,32,569.445,956.919,201.621,160.588,0.865,-1,-1,-1
412,35,989.800,877.237,264.044,173.093,0.991,-1,-1,-1
413,32,560.218,955.637,198.110,158.647,0.955,-1,-1,-1
413,35,990.523,877.014,263.729,173.488,0.992,-1,-1,-1
414,32,554.548,955.624,193.549,159.242,0.974,-1,-1,-1
414,35,991.078,877.545,263.343,173.426,0.993,-1,-1,-1
415,32,553.454,957.870,183.809,153.748,0.973,-1,-1,-1
415,35,991.408,877.406,263.345,173.387,0.993,-1,-1,-1
416,32,546.117,955.723,178.221,150.927,0.965,-1,-1,-1
416,35,991.297,877.135,263.629,173.754,0.993,-1,-1,-1
417,32,538.404,956.704,175.348,148.991,0.954,-1,-1,-1
417,35,991.207,877.160,263.850,173.887,0.993,-1,-1,-1
418,32,524.537,961.535,166.946,140.716,0.975,-1,-1,-1
418,35,991.371,877.112,263.213,173.391,0.993,-1,-1,-1
419,32,513.699,961.451,171.485,141.569,0.968,-1,-1,-1
419,35,991.075,877.120,263.928,173.144,0.993,-1,-1,-1
420,32,505.321,962.497,173.846,139.919,0.910,-1,-1,-1
420,35,991.930,877.320,263.431,171.471,0.992,-1,-1,-1
421,32,501.924,963.686,170.169,134.697,0.825,-1,-1,-1
421,35,991.629,876.960,263.636,171.852,0.993,-1,-1,-1
422,32,485.854,965.005,159.956,128.565,0.643,-1,-1,-1
422,35,991.471,876.848,263.670,172.022,0.993,-1,-1,-1
423,32,480.235,962.253,164.674,132.181,0.684,-1,-1,-1
423,35,991.328,876.911,263.371,171.812,0.993,-1,-1,-1
424,32,482.404,958.420,167.567,132.493,0.531,-1,-1,-1
424,35,991.510,877.066,263.246,171.502,0.993,-1,-1,-1
425,32,464.341,965.687,161.946,126.800,0.669,-1,-1,-1
425,35,991.578,876.906,263.436,171.708,0.993,-1,-1,-1
426,32,455.998,965.235,161.946,126.800,0.669,-1,-1,-1
426,35,991.596,876.835,263.903,172.122,0.993,-1,-1,-1
427,32,451.889,965.078,161.946,126.800,0.669,-1,-1,-1
427,35,991.637,876.948,263.809,172.000,0.993,-1,-1,-1
428,32,448.430,965.035,161.946,126.800,0.669,-1,-1,-1
428,35,991.450,876.903,263.961,172.130,0.993,-1,-1,-1
429,32,444.251,965.683,161.946,126.800,0.669,-1,-1,-1
429,35,991.415,877.121,263.980,171.990,0.993,-1,-1,-1
430,35,990.991,877.033,263.660,172.308,0.993,-1,-1,-1
431,35,990.977,877.214,263.598,171.983,0.993,-1,-1,-1
432,35,991.109,877.169,263.147,172.031,0.993,-1,-1,-1
433,35,991.177,876.753,262.717,172.792,0.993,-1,-1,-1
434,35,991.078,876.827,262.288,172.637,0.993,-1,-1,-1
435,35,990.881,876.533,262.585,173.337,0.993,-1,-1,-1
436,35,990.636,876.489,263.048,173.512,0.993,-1,-1,-1
437,35,990.627,876.628,263.794,173.459,0.993,-1,-1,-1
438,35,990.792,876.589,263.547,173.493,0.993,-1,-1,-1
439,35,990.461,876.418,263.920,173.729,0.993,-1,-1,-1
440,35,991.611,877.106,263.553,172.358,0.992,-1,-1,-1
441,35,991.352,877.291,263.834,172.212,0.992,-1,-1,-1
442,35,991.666,877.416,263.448,171.875,0.992,-1,-1,-1
443,35,991.816,877.446,263.248,171.479,0.993,-1,-1,-1
444,35,991.858,877.302,263.114,171.570,0.992,-1,-1,-1
445,35,991.973,877.380,262.587,170.908,0.993,-1,-1,-1
446,35,991.950,877.366,262.749,171.044,0.993,-1,-1,-1
447,35,991.799,877.397,262.951,171.145,0.993,-1,-1,-1
448,35,991.952,877.372,262.741,171.116,0.993,-1,-1,-1
449,35,991.893,877.470,262.709,171.195,0.993,-1,-1,-1
450,35,990.865,876.938,263.316,172.180,0.993,-1,-1,-1
451,35,990.855,876.987,263.356,172.050,0.993,-1,-1,-1
452,35,990.922,877.155,263.263,171.948,0.993,-1,-1,-1
453,35,990.994,877.057,263.216,171.908,0.993,-1,-1,-1
454,35,990.920,877.120,263.246,171.860,0.993,-1,-1,-1
455,35,991.200,877.097,263.248,171.838,0.993,-1,-1,-1
456,35,991.049,877.012,263.424,171.970,0.993,-1,-1,-1
457,35,991.358,876.741,262.677,171.983,0.993,-1,-1,-1
458,35,991.456,876.822,262.777,171.910,0.993,-1,-1,-1
459,35,991.451,876.727,262.875,172.002,0.993,-1,-1,-1
460,35,992.025,876.964,261.310,171.565,0.992,-1,-1,-1
461,35,991.927,876.939,261.473,171.611,0.992,-1,-1,-1
462,35,992.077,876.975,261.057,171.395,0.992,-1,-1,-1
463,35,991.921,877.052,261.202,171.399,0.992,-1,-1,-1
464,35,992.108,877.001,261.081,171.383,0.992,-1,-1,-1
465,35,992.153,876.984,260.893,171.418,0.992,-1,-1,-1
466,35,992.041,876.957,261.137,171.483,0.992,-1,-1,-1
467,35,992.014,876.969,261.019,171.386,0.992,-1,-1,-1
468,35,991.902,876.920,261.329,171.323,0.992,-1,-1,-1
469,35,991.921,876.726,262.298,171.416,0.992,-1,-1,-1
470,35,991.839,876.301,261.682,171.417,0.991,-1,-1,-1
471,35,991.875,876.356,261.791,171.366,0.991,-1,-1,-1
472,35,991.986,876.328,261.613,171.315,0.991,-1,-1,-1
473,35,991.795,876.386,261.835,171.329,0.991,-1,-1,-1
474,35,991.852,876.446,261.550,171.204,0.992,-1,-1,-1
475,35,991.769,876.491,261.528,171.216,0.992,-1,-1,-1
476,35,991.835,876.466,261.674,171.196,0.991,-1,-1,-1
477,35,991.760,876.384,261.684,171.252,0.991,-1,-1,-1
478,35,991.721,876.278,261.589,171.388,0.991,-1,-1,-1
479,35,991.755,876.324,261.570,171.505,0.991,-1,-1,-1
480,35,992.316,876.357,263.011,171.808,0.992,-1,-1,-1
481,35,991.716,876.424,263.539,172.285,0.992,-1,-1,-1
482,35,991.668,876.418,263.454,172.347,0.992,-1,-1,-1
483,35,991.678,876.283,263.220,172.390,0.992,-1,-1,-1
484,35,991.682,876.214,263.239,172.495,0.992,-1,-1,-1
485,35,991.156,875.851,263.974,172.649,0.992,-1,-1,-1
486,35,991.413,875.682,263.406,172.766,0.991,-1,-1,-1
487,35,991.478,875.457,262.904,172.948,0.991,-1,-1,-1
487,39,2004.131,892.119,552.095,493.364,0.853,-1,-1,-1
488,35,991.999,875.182,262.592,173.384,0.990,-1,-1,-1
488,39,1838.163,890.948,717.776,481.999,0.962,-1,-1,-1
489,35,991.661,874.741,263.018,173.809,0.989,-1,-1,-1
489,39,1678.742,895.762,877.138,446.448,0.987,-1,-1,-1
490,35,992.313,874.358,264.074,173.609,0.986,-1,-1,-1
490,39,1536.587,911.910,896.543,397.342,0.997,-1,-1,-1
491,35,992.262,874.140,264.529,173.274,0.981,-1,-1,-1
491,39,1399.787,911.392,805.497,372.574,0.995,-1,-1,-1
492,35,992.608,874.207,264.214,173.415,0.979,-1,-1,-1
492,39,1305.305,919.878,709.246,340.911,0.995,-1,-1,-1
493,35,994.087,874.710,264.120,173.715,0.952,-1,-1,-1
493,39,1216.351,924.685,641.063,319.576,0.996,-1,-1,-1
494,35,991.981,874.583,263.302,174.342,0.880,-1,-1,-1
494,39,1147.488,930.421,578.414,296.029,0.996,-1,-1,-1
495,35,987.252,874.096,270.771,178.641,0.684,-1,-1,-1
495,39,1071.688,942.938,551.278,274.037,0.997,-1,-1,-1
496,35,983.396,870.867,277.979,185.219,0.506,-1,-1,-1
496,39,1026.415,946.369,506.142,264.102,0.998,-1,-1,-1
497,35,982.364,946.075,466.560,256.673,0.997,-1,-1,-1
497,39,950.123,943.970,506.142,264.102,0.998,-1,-1,-1
498,35,939.220,948.718,429.958,238.548,0.997,-1,-1,-1
498,39,898.396,942.741,506.142,264.102,0.998,-1,-1,-1
499,35,901.092,962.077,398.414,222.505,0.996,-1,-1,-1
499,39,866.687,942.719,506.142,264.102,0.998,-1,-1,-1
500,35,850.637,962.035,388.126,219.405,0.996,-1,-1,-1
500,39,852.843,942.371,506.142,264.102,0.998,-1,-1,-1
501,35,825.117,968.856,345.199,206.444,0.995,-1,-1,-1
501,40,990.476,871.030,268.841,177.754,0.505,-1,-1,-1
502,35,792.864,968.009,314.389,204.277,0.993,-1,-1,-1
502,40,992.950,874.088,262.123,174.920,0.694,-1,-1,-1
503,35,764.589,975.592,290.182,192.651,0.989,-1,-1,-1
503,40,990.346,875.826,263.936,173.164,0.842,-1,-1,-1
504,35,744.402,976.185,274.726,184.147,0.993,-1,-1,-1
504,40,992.141,877.259,261.423,172.303,0.898,-1,-1,-1
505,35,725.891,981.741,255.620,174.203,0.983,-1,-1,-1
505,40,993.328,876.610,262.567,172.989,0.967,-1,-1,-1
506,35,706.543,985.856,242.947,164.726,0.983,-1,-1,-1
506,40,996.915,876.857,259.980,171.831,0.980,-1,-1,-1
507,35,690.449,986.332,230.813,159.761,0.983,-1,-1,-1
507,40,996.209,877.230,260.273,172.633,0.987,-1,-1,-1
508,35,662.926,986.071,231.690,158.398,0.985,-1,-1,-1
508,40,994.092,877.481,261.550,172.611,0.990,-1,-1,-1
509,35,645.309,985.115,221.764,157.175,0.991,-1,-1,-1
509,40,993.180,876.914,260.784,173.779,0.991,-1,-1,-1
510,35,628.632,984.226,215.799,152.696,0.990,-1,-1,-1
510,40,992.079,876.106,259.246,173.800,0.991,-1,-1,-1
510,41,1992.157,916.636,564.779,442.283,0.884,-1,-1,-1
511,35,613.158,982.396,207.502,151.195,0.989,-1,-1,-1
511,40,991.575,875.870,260.889,174.347,0.989,-1,-1,-1
511,41,1819.767,895.871,736.030,456.167,0.981,-1,-1,-1
512,35,601.190,982.972,198.540,149.672,0.987,-1,-1,-1
512,40,992.524,875.615,260.836,174.579,0.989,-1,-1,-1
512,41,1658.829,909.060,837.934,406.181,0.995,-1,-1,-1
513,35,589.092,982.126,192.475,146.282,0.983,-1,-1,-1
513,40,992.207,875.415,261.606,174.215,0.987,-1,-1,-1
513,41,1512.484,911.990,757.302,380.172,0.996,-1,-1,-1
514,35,576.636,982.133,183.463,145.249,0.983,-1,-1,-1
514,40,992.316,875.173,261.425,174.167,0.985,-1,-1,-1
514,41,1394.246,913.502,689.764,355.085,0.995,-1,-1,-1
515,35,567.515,981.695,181.429,143.383,0.978,-1,-1,-1
515,40,992.906,875.794,261.570,173.943,0.980,-1,-1,-1
515,41,1299.738,925.812,606.947,324.650,0.995,-1,-1,-1
516,35,558.154,978.318,178.615,142.696,0.970,-1,-1,-1
516,40,993.072,876.317,261.774,174.274,0.962,-1,-1,-1
516,41,1220.991,933.190,552.989,302.487,0.997,-1,-1,-1
517,35,546.656,974.367,181.372,144.978,0.953,-1,-1,-1
517,40,990.567,876.449,259.914,175.596,0.908,-1,-1,-1
517,41,1150.623,941.965,511.657,283.323,0.996,-1,-1,-1
518,35,536.764,977.623,173.079,139.294,0.962,-1,-1,-1
518,40,987.115,874.821,268.656,179.807,0.788,-1,-1,-1
518,41,1078.933,948.477,480.975,263.955,0.995,-1,-1,-1
519,35,525.561,981.369,167.237,133.959,0.960,-1,-1,-1
519,40,984.695,872.199,273.576,185.165,0.582,-1,-1,-1
519,41,1032.123,951.649,436.875,255.598,0.996,-1,-1,-1
520,35,515.537,980.534,161.865,133.872,0.958,-1,-1,-1
520,40,984.701,955.530,406.722,240.257,0.997,-1,-1,-1
520,41,961.530,949.901,436.875,255.598,0.996,-1,-1,-1
521,35,505.600,981.408,160.421,130.369,0.938,-1,-1,-1
521,40,947.186,957.439,375.668,231.285,0.997,-1,-1,-1
521,41,912.010,948.882,436.875,255.598,0.996,-1,-1,-1
522,35,496.706,983.258,156.308,126.309,0.935,-1,-1,-1
522,40,910.600,960.903,351.830,221.144,0.997,-1,-1,-1
522,41,880.675,948.025,436.875,255.598,0.996,-1,-1,-1
523,35,488.131,981.673,156.478,124.442,0.914,-1,-1,-1
523,40,874.862,966.290,318.520,211.417,0.995,-1,-1,-1
523,41,866.731,947.788,436.875,255.598,0.996,-1,-1,-1
524,35,480.015,982.729,153.207,122.562,0.908,-1,-1,-1
524,40,842.405,966.812,295.984,205.980,0.994,-1,-1,-1
525,35,469.834,983.084,149.168,120.254,0.906,-1,-1,-1
525,40,813.883,964.394,282.002,202.600,0.995,-1,-1,-1
526,35,461.215,983.920,146.227,120.837,0.904,-1,-1,-1
526,40,780.995,972.049,269.498,191.959,0.993,-1,-1,-1
527,35,455.399,982.799,143.421,120.345,0.848,-1,-1,-1
527,40,758.846,974.869,253.597,182.431,0.993,-1,-1,-1
528,35,448.380,985.755,145.492,118.685,0.794,-1,-1,-1
528,40,739.329,979.348,236.389,170.661,0.992,-1,-1,-1
529,35,442.123,983.836,146.072,120.072,0.771,-1,-1,-1
529,40,720.300,984.111,228.869,162.798,0.991,-1,-1,-1
530,35,437.629,983.911,146.899,119.765,0.742,-1,-1,-1
530,40,701.018,984.343,222.326,157.464,0.992,-1,-1,-1
531,35,432.988,984.605,143.115,116.698,0.587,-1,-1,-1
531,40,687.333,984.573,206.987,155.693,0.991,-1,-1,-1
532,35,423.972,982.623,144.389,119.625,0.604,-1,-1,-1
532,40,663.724,987.188,211.273,151.626,0.990,-1,-1,-1
533,35,417.653,982.534,142.874,119.283,0.639,-1,-1,-1
533,40,647.077,983.861,205.839,152.490,0.991,-1,-1,-1
534,35,411.893,982.307,139.872,118.923,0.585,-1,-1,-1
534,40,631.732,982.943,195.517,148.253,0.992,-1,-1,-1
535,35,406.042,981.847,139.872,118.923,0.585,-1,-1,-1
535,40,616.486,981.831,188.925,144.557,0.993,-1,-1,-1
536,35,400.637,977.612,139.760,118.482,0.617,-1,-1,-1
536,40,603.395,980.659,184.793,143.319,0.991,-1,-1,-1
537,35,394.143,978.383,133.549,116.792,0.534,-1,-1,-1
537,40,594.231,983.943,175.124,135.475,0.990,-1,-1,-1
538,35,389.691,977.310,133.549,116.792,0.534,-1,-1,-1
538,40,582.891,978.387,176.371,144.348,0.987,-1,-1,-1
539,35,386.697,976.278,133.549,116.792,0.534,-1,-1,-1
539,40,571.439,979.099,172.790,137.636,0.979,-1,-1,-1
540,35,383.738,975.237,133.549,116.792,0.534,-1,-1,-1
540,40,561.228,979.545,171.935,136.736,0.976,-1,-1,-1
541,35,381.866,975.022,133.549,116.792,0.534,-1,-1,-1
541,40,552.589,977.271,166.547,134.294,0.955,-1,-1,-1
542,40,544.765,978.296,158.798,130.774,0.969,-1,-1,-1
543,40,533.490,978.167,158.356,129.683,0.974,-1,-1,-1
544,40,526.016,981.729,151.420,127.141,0.971,-1,-1,-1
545,40,515.562,978.917,152.101,127.218,0.961,-1,-1,-1
546,40,504.196,981.079,151.143,124.701,0.945,-1,-1,-1
547,40,494.403,980.637,150.972,123.254,0.940,-1,-1,-1
548,40,488.823,977.300,148.777,124.792,0.931,-1,-1,-1
549,40,477.700,977.445,147.171,122.896,0.907,-1,-1,-1
550,40,465.995,980.521,143.653,121.328,0.884,-1,-1,-1
551,40,457.743,980.008,140.773,119.943,0.851,-1,-1,-1
552,40,446.006,982.593,138.987,118.962,0.707,-1,-1,-1
553,40,436.427,982.919,138.987,118.962,0.707,-1,-1,-1
554,40,429.194,983.284,138.987,118.962,0.707,-1,-1,-1
555,40,424.644,983.049,138.987,118.962,0.707,-1,-1,-1
556,40,422.004,982.883,138.987,118.962,0.707,-1,-1,-1
