1,1,1646.041,170.523,273.430,319.938,0.517,-1,-1,-1
1,2,390.092,99.938,226.846,185.473,0.969,-1,-1,-1
2,1,1627.145,166.111,273.430,319.938,0.517,-1,-1,-1
2,2,384.424,100.432,230.470,185.612,0.982,-1,-1,-1
3,1,1608.393,162.015,273.430,319.938,0.517,-1,-1,-1
3,2,380.001,102.791,228.754,186.548,0.985,-1,-1,-1
4,1,1118.633,294.993,632.074,506.204,0.998,-1,-1,-1
4,2,373.893,102.452,229.450,187.539,0.987,-1,-1,-1
5,1,1138.685,304.251,636.728,517.021,0.996,-1,-1,-1
5,2,370.193,103.648,229.160,189.375,0.993,-1,-1,-1
6,1,1138.749,304.202,636.599,517.170,0.996,-1,-1,-1
6,2,370.267,103.478,229.082,189.495,0.993,-1,-1,-1
7,1,1161.749,315.827,649.629,522.469,0.996,-1,-1,-1
7,2,364.636,104.708,232.971,190.541,0.991,-1,-1,-1
8,1,1183.884,321.191,653.299,533.995,0.994,-1,-1,-1
8,2,356.279,104.507,236.654,191.889,0.990,-1,-1,-1
9,1,1204.025,328.023,665.372,546.476,0.992,-1,-1,-1
9,2,351.357,104.027,239.898,192.845,0.991,-1,-1,-1
10,1,1233.610,336.758,667.694,545.514,0.992,-1,-1,-1
10,2,348.193,107.415,237.303,192.517,0.990,-1,-1,-1
11,1,1253.156,346.529,662.844,551.018,0.946,-1,-1,-1
11,2,343.456,108.712,239.510,193.277,0.994,-1,-1,-1
12,1,1271.608,360.022,645.185,545.658,0.988,-1,-1,-1
12,2,338.155,108.244,239.093,194.838,0.995,-1,-1,-1
13,1,1287.957,369.446,628.347,552.821,0.979,-1,-1,-1
13,2,332.288,108.775,241.702,197.114,0.995,-1,-1,-1
14,1,1317.630,380.864,597.633,561.098,0.984,-1,-1,-1
14,2,327.816,109.625,240.616,198.621,0.994,-1,-1,-1
15,1,1342.370,390.545,571.682,582.380,0.872,-1,-1,-1
15,2,323.362,108.943,239.575,201.800,0.996,-1,-1,-1
16,1,1369.582,409.466,544.422,582.997,0.887,-1,-1,-1
16,2,315.066,110.093,248.171,203.382,0.995,-1,-1,-1
17,1,1395.316,422.073,518.303,593.996,0.813,-1,-1,-1
17,2,309.768,113.206,246.834,202.000,0.994,-1,-1,-1
18,1,1414.067,436.427,499.758,600.945,0.797,-1,-1,-1
18,2,305.472,112.942,249.240,203.605,0.991,-1,-1,-1
19,1,1429.512,455.510,489.488,600.945,0.797,-1,-1,-1
19,2,299.819,111.961,250.623,207.349,0.994,-1,-1,-1
20,1,1448.656,474.536,470.344,600.945,0.797,-1,-1,-1
20,2,293.753,112.481,251.333,210.256,0.996,-1,-1,-1
21,1,1471.112,493.467,447.888,593.533,0.797,-1,-1,-1
21,2,286.397,112.394,255.189,212.636,0.998,-1,-1,-1
22,1,1491.032,508.776,427.968,578.224,0.797,-1,-1,-1
22,2,286.279,112.560,255.392,212.635,0.997,-1,-1,-1
23,2,286.170,112.615,255.486,212.623,0.998,-1,-1,-1
24,2,286.190,112.626,255.390,212.462,0.998,-1,-1,-1
25,2,286.801,113.368,255.436,211.906,0.997,-1,-1,-1
26,2,286.914,113.332,255.334,211.924,0.997,-1,-1,-1
27,2,286.875,113.331,255.370,211.868,0.997,-1,-1,-1
28,2,286.909,113.304,255.308,211.988,0.997,-1,-1,-1
29,2,286.903,113.306,255.303,212.000,0.997,-1,-1,-1
30,2,286.920,113.306,255.305,211.972,0.997,-1,-1,-1
31,2,286.949,113.361,255.287,211.914,0.997,-1,-1,-1
32,2,251.621,123.063,273.107,233.189,0.995,-1,-1,-1
33,2,250.733,124.261,275.569,236.929,0.994,-1,-1,-1
34,2,250.200,127.689,277.753,238.352,0.995,-1,-1,-1
35,2,248.347,130.231,282.804,240.443,0.995,-1,-1,-1
36,2,248.586,132.474,285.424,241.033,0.993,-1,-1,-1
37,2,248.730,131.034,289.636,245.416,0.992,-1,-1,-1
38,2,248.651,134.914,293.965,243.165,0.992,-1,-1,-1
39,2,249.257,135.861,294.622,245.546,0.991,-1,-1,-1
40,2,249.116,135.976,294.754,245.540,0.991,-1,-1,-1
41,2,250.147,136.915,294.116,245.363,0.994,-1,-1,-1
42,2,250.410,138.548,305.639,255.894,0.993,-1,-1,-1
43,2,252.638,142.521,307.849,257.258,0.995,-1,-1,-1
44,2,256.387,145.674,309.386,258.893,0.994,-1,-1,-1
45,2,259.884,149.036,311.977,259.946,0.996,-1,-1,-1
46,2,261.934,152.906,317.042,262.171,0.997,-1,-1,-1
47,2,262.041,156.107,326.103,267.217,0.997,-1,-1,-1
48,2,263.690,155.153,329.824,273.045,0.996,-1,-1,-1
49,2,264.804,160.962,336.263,272.645,0.995,-1,-1,-1
50,2,265.648,163.970,344.226,277.307,0.995,-1,-1,-1
51,2,266.060,164.966,350.320,283.875,0.995,-1,-1,-1
52,2,266.111,164.781,350.073,284.059,0.995,-1,-1,-1
53,2,266.103,164.836,349.980,284.099,0.995,-1,-1,-1
54,2,265.966,164.819,350.183,284.085,0.995,-1,-1,-1
55,2,265.969,164.921,350.152,283.991,0.995,-1,-1,-1
56,2,265.888,164.856,350.228,284.022,0.995,-1,-1,-1
57,2,265.869,164.851,350.277,284.066,0.995,-1,-1,-1
58,2,265.899,164.786,350.261,284.071,0.995,-1,-1,-1
59,2,265.964,164.895,350.196,284.022,0.995,-1,-1,-1
60,2,265.953,164.915,350.208,284.019,0.995,-1,-1,-1
61,2,265.801,165.819,350.797,283.697,0.995,-1,-1,-1
62,2,304.228,209.615,392.168,309.690,0.996,-1,-1,-1
62,7,344.779,98.138,201.848,147.832,0.943,-1,-1,-1
63,2,307.087,213.404,398.223,314.443,0.998,-1,-1,-1
63,7,339.441,97.890,201.809,155.434,0.964,-1,-1,-1
64,2,308.719,216.584,405.009,317.675,0.998,-1,-1,-1
64,7,332.947,96.004,202.065,163.005,0.949,-1,-1,-1
65,2,309.478,218.582,410.937,321.678,0.998,-1,-1,-1
65,7,324.870,94.043,203.056,165.710,0.968,-1,-1,-1
66,2,312.283,225.436,415.548,324.845,0.998,-1,-1,-1
66,7,318.490,91.332,204.301,169.816,0.954,-1,-1,-1
67,2,316.523,230.101,417.740,328.045,0.998,-1,-1,-1
67,7,313.145,87.880,206.966,174.314,0.961,-1,-1,-1
68,2,318.319,232.940,423.125,331.606,0.998,-1,-1,-1
68,7,307.736,86.300,203.647,175.786,0.982,-1,-1,-1
69,2,319.973,232.165,427.775,341.518,0.999,-1,-1,-1
69,7,303.629,86.413,203.637,175.143,0.982,-1,-1,-1
70,2,323.548,231.312,435.376,349.652,0.999,-1,-1,-1
70,7,300.209,84.450,202.635,176.020,0.979,-1,-1,-1
71,2,325.765,233.515,439.109,354.489,0.999,-1,-1,-1
71,7,295.619,84.980,203.775,177.248,0.976,-1,-1,-1
72,2,329.994,237.355,442.357,357.933,0.999,-1,-1,-1
72,7,291.656,86.288,204.931,179.052,0.978,-1,-1,-1
73,2,331.430,244.351,450.393,359.855,0.999,-1,-1,-1
73,7,286.574,86.341,207.444,181.778,0.964,-1,-1,-1
74,2,333.663,246.909,458.808,370.847,0.997,-1,-1,-1
74,7,282.793,87.584,207.728,182.954,0.962,-1,-1,-1
75,2,333.774,247.006,458.735,370.681,0.997,-1,-1,-1
75,7,282.686,87.575,207.801,183.016,0.961,-1,-1,-1
76,2,333.922,247.084,458.516,370.577,0.998,-1,-1,-1
76,7,282.704,87.554,207.844,183.077,0.961,-1,-1,-1
77,2,333.780,246.883,458.726,370.703,0.998,-1,-1,-1
77,7,282.623,87.547,207.992,183.072,0.961,-1,-1,-1
78,2,333.832,246.938,458.657,370.618,0.998,-1,-1,-1
78,7,282.617,87.592,207.983,183.061,0.960,-1,-1,-1
79,2,333.864,246.867,458.603,370.690,0.998,-1,-1,-1
79,7,282.646,87.604,207.943,183.041,0.960,-1,-1,-1
80,2,333.859,246.871,458.598,370.708,0.998,-1,-1,-1
80,7,282.671,87.597,207.925,183.040,0.960,-1,-1,-1
81,2,334.057,248.296,459.276,369.163,0.998,-1,-1,-1
81,7,283.005,86.701,206.724,183.503,0.969,-1,-1,-1
82,2,334.251,248.271,459.083,369.156,0.998,-1,-1,-1
82,7,283.051,86.741,206.616,183.531,0.969,-1,-1,-1
83,2,334.278,248.364,459.078,369.042,0.998,-1,-1,-1
83,7,283.086,86.755,206.555,183.488,0.969,-1,-1,-1
84,2,334.357,248.523,458.965,368.821,0.998,-1,-1,-1
84,7,282.961,86.763,206.712,183.492,0.969,-1,-1,-1
85,2,334.394,247.713,459.122,369.809,0.998,-1,-1,-1
85,7,283.783,86.389,205.646,183.934,0.970,-1,-1,-1
86,2,334.392,247.684,459.123,369.802,0.998,-1,-1,-1
86,7,283.741,86.402,205.691,183.936,0.970,-1,-1,-1
87,2,334.421,247.676,459.114,369.815,0.998,-1,-1,-1
87,7,283.792,86.408,205.671,183.939,0.970,-1,-1,-1
88,2,334.421,247.693,459.111,369.798,0.998,-1,-1,-1
88,7,283.784,86.388,205.681,183.953,0.970,-1,-1,-1
89,2,334.350,247.650,459.198,369.844,0.998,-1,-1,-1
89,7,283.740,86.453,205.730,183.888,0.970,-1,-1,-1
90,2,334.374,247.659,459.179,369.832,0.998,-1,-1,-1
90,7,283.741,86.456,205.736,183.880,0.970,-1,-1,-1
91,2,334.382,247.673,459.154,369.740,0.998,-1,-1,-1
91,7,283.742,86.471,205.726,183.868,0.970,-1,-1,-1
92,2,438.227,392.011,600.336,514.580,0.995,-1,-1,-1
92,7,236.217,107.804,243.046,212.370,0.993,-1,-1,-1
93,2,450.545,403.374,614.348,526.962,0.995,-1,-1,-1
93,7,236.376,107.967,244.856,214.031,0.994,-1,-1,-1
94,2,464.496,414.247,620.703,537.891,0.998,-1,-1,-1
94,7,234.228,107.497,246.552,216.345,0.995,-1,-1,-1
95,2,476.504,423.195,636.657,563.562,0.996,-1,-1,-1
95,7,230.582,108.719,247.450,216.896,0.996,-1,-1,-1
96,2,488.673,432.909,646.541,591.851,0.996,-1,-1,-1
96,7,228.982,108.867,250.784,219.479,0.996,-1,-1,-1
97,2,495.591,448.288,659.571,590.747,0.995,-1,-1,-1
97,7,227.878,108.172,255.492,221.940,0.996,-1,-1,-1
98,2,497.211,469.885,679.580,595.495,0.992,-1,-1,-1
98,7,227.849,109.491,257.271,223.497,0.996,-1,-1,-1
99,2,501.353,485.257,699.717,589.685,0.981,-1,-1,-1
99,7,226.776,110.205,257.457,224.883,0.996,-1,-1,-1
100,2,512.567,505.922,714.953,572.723,0.976,-1,-1,-1
100,7,226.914,110.210,261.173,228.521,0.997,-1,-1,-1
101,2,523.052,514.039,736.187,565.470,0.961,-1,-1,-1
101,7,225.885,112.115,264.675,229.782,0.996,-1,-1,-1
102,2,536.494,530.183,752.341,550.647,0.938,-1,-1,-1
102,7,226.460,113.777,268.133,229.725,0.995,-1,-1,-1
103,2,551.009,547.009,768.569,532.031,0.894,-1,-1,-1
103,7,227.178,114.131,275.665,232.725,0.996,-1,-1,-1
104,2,566.163,557.409,780.094,518.231,0.882,-1,-1,-1
104,7,225.052,112.703,288.876,240.338,0.997,-1,-1,-1
105,2,579.479,573.813,800.553,508.323,0.819,-1,-1,-1
105,7,225.876,117.708,285.720,238.750,0.997,-1,-1,-1
106,2,601.721,584.863,800.553,502.137,0.819,-1,-1,-1
106,7,226.737,117.742,285.551,243.391,0.997,-1,-1,-1
107,2,624.336,599.166,800.553,487.834,0.819,-1,-1,-1
107,7,226.766,118.332,288.280,247.723,0.996,-1,-1,-1
108,2,647.203,617.086,800.553,469.914,0.819,-1,-1,-1
108,7,227.953,121.208,290.282,249.905,0.997,-1,-1,-1
109,2,670.649,639.672,800.553,447.328,0.819,-1,-1,-1
109,7,226.699,123.654,292.304,251.805,0.997,-1,-1,-1
110,7,225.539,126.273,296.268,252.187,0.996,-1,-1,-1
111,7,226.068,125.436,299.913,256.975,0.997,-1,-1,-1
112,7,225.908,125.087,300.313,257.284,0.997,-1,-1,-1
113,7,225.683,125.118,300.461,257.025,0.997,-1,-1,-1
114,7,225.758,124.996,300.454,257.246,0.997,-1,-1,-1
115,7,226.091,125.035,300.149,257.174,0.997,-1,-1,-1
116,7,226.229,125.153,299.926,257.194,0.997,-1,-1,-1
117,7,226.210,125.202,299.843,257.061,0.997,-1,-1,-1
118,7,226.205,125.233,299.813,257.065,0.997,-1,-1,-1
119,7,226.184,125.117,299.914,257.339,0.997,-1,-1,-1
120,7,226.200,125.269,299.839,257.090,0.997,-1,-1,-1
121,7,226.033,125.296,300.351,257.066,0.998,-1,-1,-1
122,7,248.069,157.364,340.927,298.642,0.997,-1,-1,-1
123,7,249.425,160.314,349.992,300.456,0.994,-1,-1,-1
124,7,251.238,165.983,356.102,303.768,0.997,-1,-1,-1
125,7,252.215,172.136,360.458,304.867,0.997,-1,-1,-1
126,7,254.626,175.755,368.742,305.982,0.996,-1,-1,-1
127,7,254.496,175.692,368.823,306.040,0.996,-1,-1,-1
128,7,254.598,175.585,368.912,306.203,0.996,-1,-1,-1
129,7,254.466,175.492,368.970,306.496,0.996,-1,-1,-1
130,7,254.362,175.463,369.095,306.646,0.996,-1,-1,-1
131,7,253.751,174.752,369.704,307.512,0.997,-1,-1,-1
132,7,269.521,202.837,405.844,331.746,0.998,-1,-1,-1
132,13,200.343,83.281,220.549,179.654,0.960,-1,-1,-1
133,7,273.727,205.898,411.814,333.604,0.998,-1,-1,-1
133,13,200.962,81.936,219.873,180.486,0.959,-1,-1,-1
134,7,277.692,205.852,416.731,342.462,0.997,-1,-1,-1
134,13,201.393,84.683,219.272,181.084,0.967,-1,-1,-1
135,7,282.423,207.938,419.456,350.983,0.999,-1,-1,-1
135,13,202.857,85.800,217.632,182.861,0.960,-1,-1,-1
136,7,285.836,212.509,428.064,354.381,0.999,-1,-1,-1
136,13,200.902,86.991,219.791,184.811,0.947,-1,-1,-1
137,7,288.040,214.164,431.667,362.655,0.999,-1,-1,-1
137,13,201.531,88.900,220.853,186.162,0.946,-1,-1,-1
138,7,292.907,220.552,436.564,364.340,0.999,-1,-1,-1
138,13,200.127,90.516,225.116,189.655,0.959,-1,-1,-1
139,7,297.728,226.317,443.590,366.822,0.999,-1,-1,-1
139,13,200.172,91.229,229.049,190.703,0.910,-1,-1,-1
140,7,298.899,231.876,451.595,370.240,0.999,-1,-1,-1
140,13,201.239,92.767,233.395,192.309,0.954,-1,-1,-1
141,7,302.334,236.998,460.116,380.902,0.999,-1,-1,-1
141,13,200.064,94.113,234.702,192.364,0.938,-1,-1,-1
142,7,305.343,243.760,468.212,396.813,0.999,-1,-1,-1
142,13,203.053,95.927,236.605,194.843,0.924,-1,-1,-1
143,7,304.782,249.083,479.849,403.539,0.999,-1,-1,-1
143,13,205.939,96.804,236.655,194.257,0.873,-1,-1,-1
144,7,311.046,255.789,486.770,412.857,0.999,-1,-1,-1
144,13,204.695,97.194,239.129,195.696,0.888,-1,-1,-1
145,7,310.805,255.856,486.647,412.736,0.999,-1,-1,-1
145,13,204.468,97.098,238.878,195.816,0.882,-1,-1,-1
146,7,310.747,255.726,486.608,412.982,0.999,-1,-1,-1
146,13,204.450,97.060,238.918,195.847,0.878,-1,-1,-1
147,7,310.828,255.555,486.402,413.420,0.999,-1,-1,-1
147,13,204.369,96.974,238.980,195.970,0.879,-1,-1,-1
148,7,310.880,255.547,486.343,413.514,0.999,-1,-1,-1
148,13,204.413,97.042,238.753,196.009,0.876,-1,-1,-1
149,7,310.852,255.493,486.211,413.685,0.999,-1,-1,-1
149,13,204.363,96.998,238.760,196.047,0.875,-1,-1,-1
150,7,310.649,255.542,486.461,413.606,0.999,-1,-1,-1
150,13,204.445,97.007,238.643,196.117,0.881,-1,-1,-1
151,7,311.077,256.531,484.660,412.519,0.999,-1,-1,-1
151,13,204.636,97.075,237.451,196.325,0.918,-1,-1,-1
152,7,361.275,324.332,555.735,489.027,0.998,-1,-1,-1
152,13,213.957,104.753,251.487,211.992,0.973,-1,-1,-1
153,7,369.715,333.644,571.726,499.721,0.998,-1,-1,-1
153,13,215.326,105.461,250.863,214.857,0.979,-1,-1,-1
154,7,378.963,349.220,581.731,508.540,0.997,-1,-1,-1
154,13,217.240,107.110,251.230,215.911,0.979,-1,-1,-1
155,7,386.464,363.066,596.047,513.289,0.998,-1,-1,-1
155,13,217.528,108.222,254.484,217.074,0.983,-1,-1,-1
156,7,400.552,373.469,599.447,517.906,0.998,-1,-1,-1
156,13,219.373,107.075,256.863,220.831,0.986,-1,-1,-1
157,7,408.727,386.547,610.972,526.008,0.998,-1,-1,-1
157,13,221.083,107.619,261.624,224.805,0.987,-1,-1,-1
158,7,422.754,398.552,617.457,538.815,0.997,-1,-1,-1
158,13,221.770,108.911,265.976,226.956,0.989,-1,-1,-1
159,7,430.901,411.549,634.570,556.635,0.997,-1,-1,-1
159,13,223.097,108.956,268.640,229.167,0.990,-1,-1,-1
160,7,445.144,424.431,642.591,588.112,0.997,-1,-1,-1
160,13,225.034,112.390,271.273,228.483,0.984,-1,-1,-1
161,7,457.182,439.248,656.809,601.106,0.997,-1,-1,-1
161,13,225.228,112.237,278.669,232.251,0.989,-1,-1,-1
162,7,457.223,439.190,656.725,600.945,0.997,-1,-1,-1
162,13,225.184,112.234,278.790,232.321,0.989,-1,-1,-1
163,7,457.024,439.251,656.937,600.859,0.997,-1,-1,-1
163,13,225.043,112.150,278.852,232.397,0.989,-1,-1,-1
164,7,456.987,439.260,657.035,601.074,0.997,-1,-1,-1
164,13,225.195,112.301,278.616,232.211,0.989,-1,-1,-1
165,7,456.809,439.357,657.223,600.982,0.997,-1,-1,-1
165,13,225.204,112.329,278.597,232.195,0.989,-1,-1,-1
166,7,456.663,439.260,657.551,600.389,0.997,-1,-1,-1
166,13,225.110,112.240,278.854,232.293,0.988,-1,-1,-1
167,7,456.627,439.293,657.521,600.569,0.997,-1,-1,-1
167,13,225.123,112.258,278.631,232.234,0.988,-1,-1,-1
168,7,456.619,439.317,657.518,600.626,0.997,-1,-1,-1
168,13,225.106,112.260,278.622,232.218,0.988,-1,-1,-1
169,7,456.731,439.021,657.559,601.122,0.997,-1,-1,-1
169,13,225.843,112.323,277.398,231.951,0.988,-1,-1,-1
170,7,456.610,439.052,657.644,601.161,0.997,-1,-1,-1
170,13,225.908,112.349,277.312,231.896,0.988,-1,-1,-1
171,7,456.597,439.026,657.612,601.001,0.997,-1,-1,-1
171,13,225.900,112.349,277.201,231.967,0.988,-1,-1,-1
172,7,563.156,641.429,915.452,443.434,0.585,-1,-1,-1
172,13,251.813,126.621,305.194,265.759,0.996,-1,-1,-1
173,7,615.227,672.331,915.452,414.669,0.585,-1,-1,-1
173,13,252.497,127.630,310.310,267.274,0.996,-1,-1,-1
174,7,672.658,710.034,915.452,376.966,0.585,-1,-1,-1
174,13,257.482,130.237,313.313,268.597,0.995,-1,-1,-1
175,7,736.388,754.466,915.452,332.534,0.585,-1,-1,-1
175,13,262.352,134.596,317.492,271.338,0.996,-1,-1,-1
176,7,807.264,805.859,915.452,281.141,0.585,-1,-1,-1
176,13,263.517,135.353,326.588,275.625,0.996,-1,-1,-1
177,13,262.412,137.105,335.046,283.259,0.996,-1,-1,-1
178,13,261.824,139.838,341.948,288.222,0.997,-1,-1,-1
179,13,262.195,143.636,349.713,291.307,0.996,-1,-1,-1
180,13,261.061,144.544,359.364,297.562,0.994,-1,-1,-1
181,13,266.773,146.384,367.662,307.271,0.995,-1,-1,-1
182,13,271.478,150.181,372.427,310.563,0.994,-1,-1,-1
183,13,273.734,157.199,378.940,311.305,0.993,-1,-1,-1
184,13,278.547,160.625,383.969,316.059,0.994,-1,-1,-1
185,13,280.641,165.587,387.906,318.025,0.992,-1,-1,-1
186,13,280.264,170.804,401.792,320.869,0.989,-1,-1,-1
187,13,282.735,175.675,410.264,322.867,0.992,-1,-1,-1
188,13,281.083,179.246,421.143,329.158,0.993,-1,-1,-1
189,13,281.137,179.204,421.258,329.120,0.993,-1,-1,-1
190,13,281.168,179.168,421.032,329.205,0.993,-1,-1,-1
191,13,280.491,177.337,422.528,330.821,0.993,-1,-1,-1
192,13,302.386,194.700,440.428,349.639,0.997,-1,-1,-1
193,13,308.714,199.436,442.176,354.181,0.997,-1,-1,-1
194,13,314.943,207.290,444.503,354.478,0.997,-1,-1,-1
195,13,319.010,207.413,453.728,363.283,0.998,-1,-1,-1
196,13,325.758,207.218,456.360,374.730,0.999,-1,-1,-1
197,13,334.316,215.304,464.269,374.756,0.998,-1,-1,-1
197,17,437.057,96.908,231.746,155.660,0.583,-1,-1,-1
198,13,336.268,226.330,482.584,372.611,0.998,-1,-1,-1
198,17,432.411,99.153,218.368,155.416,0.760,-1,-1,-1
199,13,341.656,235.392,488.452,382.240,0.998,-1,-1,-1
199,17,426.354,95.946,211.485,166.093,0.661,-1,-1,-1
200,13,343.745,236.876,505.214,401.226,0.998,-1,-1,-1
200,17,422.914,98.188,210.339,170.816,0.826,-1,-1,-1
201,13,353.391,242.744,509.974,411.859,0.999,-1,-1,-1
201,17,419.664,95.144,196.787,171.987,0.874,-1,-1,-1
201,18,1585.501,273.342,334.417,385.830,0.732,-1,-1,-1
202,13,353.383,242.731,510.097,411.971,0.999,-1,-1,-1
202,17,419.708,95.078,196.792,172.006,0.873,-1,-1,-1
202,18,1585.474,273.404,334.442,385.783,0.731,-1,-1,-1
203,13,353.289,242.657,510.624,411.826,0.999,-1,-1,-1
203,17,419.614,94.920,197.159,172.237,0.874,-1,-1,-1
203,18,1585.281,273.137,334.637,386.301,0.743,-1,-1,-1
204,13,353.346,242.719,510.811,411.920,0.999,-1,-1,-1
204,17,419.627,94.899,196.992,172.256,0.873,-1,-1,-1
204,18,1585.592,273.061,334.341,386.552,0.741,-1,-1,-1
205,13,354.137,242.308,510.078,412.493,0.999,-1,-1,-1
205,17,419.922,94.094,197.547,173.151,0.895,-1,-1,-1
205,18,1585.451,273.103,334.449,386.159,0.739,-1,-1,-1
206,13,354.104,242.267,510.176,412.463,0.999,-1,-1,-1
206,17,419.942,94.014,197.531,173.301,0.890,-1,-1,-1
206,18,1585.552,273.006,334.352,386.782,0.746,-1,-1,-1
207,13,354.048,242.110,510.372,412.585,0.999,-1,-1,-1
207,17,419.948,94.054,197.545,173.259,0.889,-1,-1,-1
207,18,1585.706,272.998,334.203,386.926,0.748,-1,-1,-1
208,13,354.131,242.152,510.510,412.440,0.999,-1,-1,-1
208,17,419.833,94.114,197.702,173.130,0.889,-1,-1,-1
208,18,1585.550,273.091,334.362,386.708,0.748,-1,-1,-1
209,13,354.250,242.104,510.402,412.538,0.999,-1,-1,-1
209,17,419.839,94.115,197.695,173.123,0.889,-1,-1,-1
209,18,1585.625,273.130,334.289,386.690,0.746,-1,-1,-1
210,13,354.202,242.033,510.410,412.652,0.999,-1,-1,-1
210,17,419.902,94.166,197.393,173.060,0.890,-1,-1,-1
210,18,1585.656,273.157,334.258,386.728,0.745,-1,-1,-1
211,13,354.335,242.096,510.241,412.359,0.999,-1,-1,-1
211,17,419.825,94.204,197.629,173.058,0.891,-1,-1,-1
211,18,1585.676,273.186,334.247,386.845,0.746,-1,-1,-1
212,13,455.238,354.925,635.337,524.128,0.988,-1,-1,-1
212,17,420.269,66.806,201.130,196.417,0.981,-1,-1,-1
212,18,1322.616,212.018,397.984,310.112,0.937,-1,-1,-1
212,20,550.532,222.549,325.113,195.891,0.551,-1,-1,-1
213,13,471.757,364.782,647.116,532.329,0.990,-1,-1,-1
213,17,420.047,63.069,204.215,200.299,0.982,-1,-1,-1
213,18,1299.154,208.304,394.859,302.367,0.971,-1,-1,-1
213,20,553.845,229.804,325.113,195.891,0.551,-1,-1,-1
214,13,479.348,379.791,666.824,544.094,0.990,-1,-1,-1
214,17,421.265,65.104,204.850,198.726,0.987,-1,-1,-1
214,18,1282.569,205.365,383.193,295.370,0.968,-1,-1,-1
214,20,554.698,240.984,335.416,229.760,0.817,-1,-1,-1
215,13,492.930,393.665,679.347,557.773,0.987,-1,-1,-1
215,17,419.988,57.723,212.520,206.396,0.986,-1,-1,-1
215,18,1256.663,198.938,383.812,293.539,0.961,-1,-1,-1
215,20,563.602,246.181,329.746,209.403,0.862,-1,-1,-1
216,13,502.487,408.718,693.935,588.347,0.988,-1,-1,-1
216,17,420.543,52.892,217.487,210.736,0.983,-1,-1,-1
216,18,1238.949,196.361,375.792,291.899,0.962,-1,-1,-1
216,20,561.365,253.805,337.384,226.569,0.955,-1,-1,-1
217,13,505.207,425.107,717.049,608.879,0.984,-1,-1,-1
217,17,424.450,55.041,215.705,207.729,0.983,-1,-1,-1
217,18,1220.713,189.329,368.776,292.367,0.955,-1,-1,-1
217,20,558.229,256.654,347.030,245.607,0.930,-1,-1,-1
218,13,513.930,444.678,736.826,620.037,0.970,-1,-1,-1
218,17,425.936,50.140,218.088,212.552,0.980,-1,-1,-1
218,18,1202.735,186.837,357.518,289.078,0.942,-1,-1,-1
218,20,557.766,262.020,354.012,269.516,0.974,-1,-1,-1
219,13,522.694,465.709,761.435,603.611,0.944,-1,-1,-1
219,17,428.012,49.385,218.496,211.892,0.984,-1,-1,-1
219,18,1188.531,181.630,350.170,284.602,0.955,-1,-1,-1
219,20,562.920,275.195,355.522,269.268,0.966,-1,-1,-1
220,13,531.596,478.678,790.862,597.076,0.879,-1,-1,-1
220,17,428.914,50.600,219.408,215.519,0.984,-1,-1,-1
220,18,1167.802,177.387,349.023,282.065,0.949,-1,-1,-1
220,20,561.616,282.376,364.804,275.102,0.995,-1,-1,-1
221,13,542.925,493.160,817.246,584.926,0.851,-1,-1,-1
221,17,429.593,44.744,224.582,221.862,0.984,-1,-1,-1
221,18,1151.114,174.130,343.793,276.214,0.959,-1,-1,-1
221,20,563.707,287.320,374.298,277.205,0.997,-1,-1,-1
221,21,1562.008,312.030,356.510,327.227,0.874,-1,-1,-1
222,13,560.483,513.013,841.128,566.800,0.809,-1,-1,-1
222,17,433.160,44.958,223.522,221.236,0.981,-1,-1,-1
222,18,1136.852,169.371,343.329,270.696,0.959,-1,-1,-1
222,20,564.071,290.385,384.889,282.061,0.997,-1,-1,-1
222,21,1534.114,304.832,384.263,321.463,0.913,-1,-1,-1
223,13,579.034,529.702,880.888,550.806,0.653,-1,-1,-1
223,17,436.690,43.894,225.792,224.491,0.979,-1,-1,-1
223,18,1124.915,163.191,336.812,271.289,0.970,-1,-1,-1
223,20,566.487,295.198,392.771,292.927,0.997,-1,-1,-1
223,21,1503.066,299.783,415.150,316.602,0.932,-1,-1,-1
224,13,609.569,543.230,880.888,543.770,0.653,-1,-1,-1
224,17,436.118,44.173,229.370,224.541,0.976,-1,-1,-1
224,18,1111.235,158.507,332.735,266.826,0.954,-1,-1,-1
224,20,568.407,297.356,397.338,302.943,0.998,-1,-1,-1
224,21,1479.164,296.279,434.325,307.931,0.922,-1,-1,-1
225,13,635.380,554.818,880.888,532.182,0.653,-1,-1,-1
225,17,436.036,44.111,229.021,224.520,0.975,-1,-1,-1
225,18,1110.757,158.087,333.115,267.237,0.952,-1,-1,-1
225,20,568.487,297.314,397.307,302.986,0.998,-1,-1,-1
225,21,1479.139,296.325,434.149,307.427,0.924,-1,-1,-1
226,13,656.286,564.726,880.888,522.274,0.653,-1,-1,-1
226,17,436.051,44.453,229.037,224.403,0.977,-1,-1,-1
226,18,1110.582,158.050,332.927,267.432,0.943,-1,-1,-1
226,20,568.533,297.289,397.382,303.052,0.998,-1,-1,-1
226,21,1479.050,296.232,434.219,307.743,0.925,-1,-1,-1
227,13,671.292,572.475,880.888,514.525,0.653,-1,-1,-1
227,17,435.908,44.835,229.101,224.078,0.978,-1,-1,-1
227,18,1110.717,158.098,332.808,267.297,0.943,-1,-1,-1
227,20,568.431,297.258,397.489,303.034,0.998,-1,-1,-1
227,21,1478.994,296.247,434.328,307.857,0.924,-1,-1,-1
228,17,436.007,44.734,229.049,224.065,0.978,-1,-1,-1
228,18,1110.436,158.139,333.198,267.226,0.940,-1,-1,-1
228,20,568.414,297.220,397.606,303.074,0.998,-1,-1,-1
228,21,1478.984,296.250,434.303,307.785,0.924,-1,-1,-1
229,17,435.996,45.005,228.899,224.103,0.979,-1,-1,-1
229,18,1111.498,158.165,331.448,267.361,0.950,-1,-1,-1
229,20,568.677,297.092,397.461,302.794,0.998,-1,-1,-1
229,21,1478.708,296.111,434.852,307.695,0.917,-1,-1,-1
230,17,436.010,45.221,228.828,223.892,0.979,-1,-1,-1
230,18,1111.389,158.358,331.780,267.222,0.947,-1,-1,-1
230,20,568.719,297.057,397.436,302.983,0.998,-1,-1,-1
230,21,1478.908,296.215,434.594,307.655,0.916,-1,-1,-1
231,17,436.918,44.265,228.325,225.648,0.980,-1,-1,-1
231,18,1110.761,158.251,332.956,267.942,0.951,-1,-1,-1
231,20,568.459,298.328,396.464,302.214,0.998,-1,-1,-1
231,21,1479.599,295.975,432.972,307.372,0.947,-1,-1,-1
232,17,450.335,41.112,251.865,245.642,0.983,-1,-1,-1
232,18,1026.004,135.118,295.584,242.755,0.903,-1,-1,-1
232,20,582.759,372.342,467.421,364.842,0.999,-1,-1,-1
232,21,1323.108,251.090,356.698,265.108,0.617,-1,-1,-1
233,17,454.079,40.578,250.726,247.948,0.981,-1,-1,-1
233,18,1018.208,130.390,289.420,244.634,0.687,-1,-1,-1
233,20,585.807,383.417,475.990,376.070,0.999,-1,-1,-1
233,21,1304.459,243.803,351.669,258.936,0.533,-1,-1,-1
234,17,456.276,48.644,251.295,241.471,0.985,-1,-1,-1
234,18,998.809,120.466,297.670,252.197,0.720,-1,-1,-1
234,20,589.848,398.309,486.164,378.332,0.999,-1,-1,-1
234,21,1257.365,227.100,351.669,258.936,0.533,-1,-1,-1
234,22,1517.783,319.457,400.846,337.041,0.592,-1,-1,-1
235,17,458.452,42.523,253.781,250.319,0.985,-1,-1,-1
235,18,999.126,119.357,283.661,245.451,0.854,-1,-1,-1
235,20,594.581,405.876,497.803,390.771,0.999,-1,-1,-1
235,21,1206.568,209.070,351.669,258.936,0.533,-1,-1,-1
235,22,1483.694,308.954,435.125,334.466,0.517,-1,-1,-1
236,17,459.804,42.534,257.150,250.348,0.980,-1,-1,-1
236,18,976.611,111.198,297.166,249.689,0.816,-1,-1,-1
236,20,600.994,424.431,509.291,397.755,0.998,-1,-1,-1
236,21,1152.293,190.045,351.669,258.936,0.533,-1,-1,-1
236,22,1467.686,308.439,449.474,314.962,0.634,-1,-1,-1
237,17,461.481,43.238,261.776,252.671,0.980,-1,-1,-1
237,18,975.200,113.181,283.977,242.911,0.914,-1,-1,-1
237,20,604.315,437.239,521.798,414.337,0.998,-1,-1,-1
237,21,1134.563,183.431,351.669,258.936,0.533,-1,-1,-1
237,22,1445.210,302.721,457.460,306.877,0.659,-1,-1,-1
238,17,465.332,40.733,263.361,256.446,0.965,-1,-1,-1
238,18,954.940,110.758,294.539,242.591,0.828,-1,-1,-1
238,20,609.388,449.624,534.091,424.003,0.998,-1,-1,-1
238,22,1435.080,300.475,434.053,298.152,0.580,-1,-1,-1
239,17,467.411,41.249,266.081,259.695,0.974,-1,-1,-1
239,18,955.088,110.303,284.607,239.419,0.910,-1,-1,-1
239,20,615.815,468.724,542.884,425.796,0.998,-1,-1,-1
239,22,1407.863,292.562,432.599,299.596,0.535,-1,-1,-1
240,17,473.545,47.294,263.258,256.380,0.987,-1,-1,-1
240,18,947.526,112.143,281.493,234.370,0.931,-1,-1,-1
240,20,620.091,483.983,556.358,432.420,0.998,-1,-1,-1
240,22,1388.012,284.604,432.599,299.596,0.535,-1,-1,-1
241,17,472.630,49.301,269.008,255.701,0.984,-1,-1,-1
241,18,936.969,114.256,283.114,231.798,0.940,-1,-1,-1
241,20,629.796,494.958,563.905,447.867,0.998,-1,-1,-1
241,22,1362.435,284.892,420.492,289.723,0.528,-1,-1,-1
242,17,472.653,49.262,269.037,255.817,0.984,-1,-1,-1
242,18,936.949,114.319,283.155,231.422,0.938,-1,-1,-1
242,20,629.834,494.974,563.926,447.869,0.998,-1,-1,-1
242,22,1362.617,285.007,420.335,289.654,0.535,-1,-1,-1
243,17,472.549,49.055,269.172,256.031,0.984,-1,-1,-1
243,18,936.938,114.303,283.085,231.548,0.940,-1,-1,-1
243,20,629.795,495.003,563.864,447.832,0.998,-1,-1,-1
243,22,1362.489,284.989,420.359,289.689,0.541,-1,-1,-1
244,17,472.607,49.021,269.213,256.124,0.984,-1,-1,-1
244,18,936.953,114.209,283.531,231.889,0.938,-1,-1,-1
244,20,629.816,494.997,563.837,447.835,0.998,-1,-1,-1
244,22,1362.306,284.888,420.620,289.868,0.545,-1,-1,-1
245,17,472.656,48.973,269.153,256.136,0.983,-1,-1,-1
245,18,936.867,114.108,283.274,231.757,0.937,-1,-1,-1
245,20,629.796,494.988,563.914,447.782,0.998,-1,-1,-1
245,22,1362.292,284.755,420.647,289.970,0.537,-1,-1,-1
246,17,472.766,49.333,268.734,255.828,0.984,-1,-1,-1
246,18,936.526,114.184,283.948,231.821,0.941,-1,-1,-1
246,20,629.733,495.012,563.902,447.738,0.998,-1,-1,-1
246,22,1362.150,284.654,420.851,290.174,0.524,-1,-1,-1
247,17,472.689,49.272,268.880,255.857,0.984,-1,-1,-1
247,18,936.579,114.156,284.075,231.870,0.941,-1,-1,-1
247,20,629.724,495.003,563.924,447.710,0.998,-1,-1,-1
247,22,1362.166,284.712,420.877,290.219,0.528,-1,-1,-1
248,17,472.701,49.167,268.890,255.913,0.984,-1,-1,-1
248,18,936.603,114.087,283.995,232.086,0.942,-1,-1,-1
248,20,629.712,495.012,563.965,447.726,0.998,-1,-1,-1
248,22,1362.039,284.711,421.035,290.126,0.536,-1,-1,-1
249,17,472.770,49.056,268.840,256.020,0.984,-1,-1,-1
249,18,936.549,114.092,284.054,232.042,0.942,-1,-1,-1
249,20,629.741,494.980,563.999,447.740,0.998,-1,-1,-1
249,22,1361.990,284.751,421.064,290.099,0.529,-1,-1,-1
250,17,472.784,49.105,268.812,255.926,0.984,-1,-1,-1
250,18,936.542,114.106,284.086,232.122,0.942,-1,-1,-1
250,20,629.731,494.962,563.972,447.738,0.998,-1,-1,-1
250,22,1362.073,284.823,420.981,289.970,0.534,-1,-1,-1
251,17,472.791,49.185,268.907,255.807,0.984,-1,-1,-1
251,18,936.552,114.064,284.466,232.214,0.940,-1,-1,-1
251,20,629.717,494.948,563.954,447.761,0.998,-1,-1,-1
251,22,1362.104,284.586,420.869,290.171,0.511,-1,-1,-1
252,17,513.798,45.421,289.127,286.649,0.988,-1,-1,-1
252,18,860.313,117.651,263.538,214.577,0.803,-1,-1,-1
252,20,672.316,544.760,563.954,447.761,0.998,-1,-1,-1
252,22,1179.701,218.784,364.990,257.599,0.569,-1,-1,-1
253,17,516.976,45.806,295.341,288.930,0.989,-1,-1,-1
253,18,852.425,116.301,263.071,206.199,0.809,-1,-1,-1
253,20,714.914,594.577,563.954,447.761,0.998,-1,-1,-1
253,22,1135.027,201.470,364.990,257.599,0.569,-1,-1,-1
254,17,522.972,44.093,296.324,294.050,0.987,-1,-1,-1
254,18,832.040,113.931,263.071,206.199,0.809,-1,-1,-1
254,20,757.505,644.407,563.954,442.593,0.998,-1,-1,-1
254,22,1162.748,213.237,349.131,250.579,0.508,-1,-1,-1
255,17,526.450,44.450,298.010,296.181,0.983,-1,-1,-1
255,18,810.288,111.203,263.071,206.199,0.809,-1,-1,-1
255,20,800.103,694.263,563.954,392.737,0.998,-1,-1,-1
255,22,1119.506,196.731,349.131,250.579,0.508,-1,-1,-1
256,17,532.156,42.237,303.272,299.720,0.982,-1,-1,-1
256,18,787.207,108.256,263.071,206.199,0.809,-1,-1,-1
256,22,1072.022,198.177,408.599,254.225,0.634,-1,-1,-1
257,17,541.389,46.651,300.774,299.039,0.984,-1,-1,-1
257,18,780.203,106.111,263.071,206.199,0.809,-1,-1,-1
257,22,1065.094,198.077,408.599,254.225,0.634,-1,-1,-1
258,17,546.797,43.866,302.680,304.523,0.986,-1,-1,-1
258,22,1058.631,198.055,408.599,254.225,0.634,-1,-1,-1
259,17,551.643,39.812,305.883,313.205,0.979,-1,-1,-1
259,22,1046.133,195.734,408.599,254.225,0.634,-1,-1,-1
260,17,557.615,40.326,307.784,318.119,0.984,-1,-1,-1
260,22,1034.133,193.771,408.599,254.225,0.634,-1,-1,-1
261,17,561.585,39.300,312.112,321.037,0.956,-1,-1,-1
261,22,987.398,185.111,424.597,240.527,0.748,-1,-1,-1
262,17,569.923,37.863,316.275,325.382,0.969,-1,-1,-1
262,22,1094.177,192.728,311.363,228.140,0.877,-1,-1,-1
263,17,578.535,39.630,320.016,329.395,0.956,-1,-1,-1
263,22,1094.896,191.417,299.295,223.142,0.765,-1,-1,-1
264,17,581.131,42.094,329.821,336.664,0.964,-1,-1,-1
264,22,1086.602,189.346,297.673,219.816,0.646,-1,-1,-1
265,17,591.589,43.706,328.145,340.094,0.972,-1,-1,-1
265,22,1070.841,187.468,302.666,219.048,0.724,-1,-1,-1
266,17,598.077,41.476,329.451,347.620,0.974,-1,-1,-1
266,22,1073.535,185.286,302.666,219.048,0.724,-1,-1,-1
267,17,604.499,44.987,334.518,350.536,0.977,-1,-1,-1
267,22,1054.454,179.805,296.650,216.325,0.561,-1,-1,-1
268,17,613.186,46.728,335.492,353.041,0.983,-1,-1,-1
268,22,1042.913,178.007,296.541,212.537,0.787,-1,-1,-1
269,17,617.876,46.509,349.027,361.400,0.970,-1,-1,-1
269,22,1031.052,175.452,294.709,212.062,0.941,-1,-1,-1
270,17,625.526,47.602,347.914,365.118,0.963,-1,-1,-1
270,22,1011.044,171.717,301.716,213.432,0.968,-1,-1,-1
271,17,631.559,49.187,352.993,369.535,0.958,-1,-1,-1
271,22,987.301,170.732,308.534,211.666,0.928,-1,-1,-1
272,17,642.042,51.408,356.417,372.977,0.904,-1,-1,-1
272,22,956.950,163.485,315.829,217.398,0.901,-1,-1,-1
273,17,648.302,64.564,606.405,366.438,0.790,-1,-1,-1
273,22,940.888,154.224,314.033,224.720,0.581,-1,-1,-1
274,17,653.735,55.135,580.663,385.004,0.828,-1,-1,-1
274,22,923.558,150.959,314.033,224.720,0.581,-1,-1,-1
275,17,661.596,57.617,384.627,384.068,0.850,-1,-1,-1
275,22,907.138,147.989,314.033,224.720,0.581,-1,-1,-1
276,17,667.954,55.975,384.728,394.355,0.972,-1,-1,-1
276,22,894.773,145.383,314.033,224.720,0.581,-1,-1,-1
277,17,675.301,60.524,421.303,397.066,0.882,-1,-1,-1
277,22,887.752,143.644,314.033,224.720,0.581,-1,-1,-1
278,17,683.981,63.712,401.758,400.608,0.921,-1,-1,-1
279,17,691.118,64.651,402.769,408.836,0.950,-1,-1,-1
280,17,690.957,64.672,403.031,408.995,0.949,-1,-1,-1
281,17,689.598,64.347,404.635,408.983,0.945,-1,-1,-1
282,17,689.469,64.408,404.768,408.939,0.944,-1,-1,-1
283,17,689.438,64.314,404.755,409.210,0.944,-1,-1,-1
284,17,689.532,64.192,404.613,409.344,0.945,-1,-1,-1
285,17,689.502,64.266,404.680,409.436,0.944,-1,-1,-1
286,17,689.315,64.116,405.087,409.725,0.943,-1,-1,-1
287,17,689.375,64.155,404.968,409.568,0.943,-1,-1,-1
288,17,689.351,64.160,404.985,409.564,0.943,-1,-1,-1
289,17,690.124,64.602,404.383,408.890,0.947,-1,-1,-1
290,17,690.189,64.638,404.283,408.890,0.947,-1,-1,-1
291,17,690.330,64.634,404.085,408.910,0.949,-1,-1,-1
292,17,824.195,108.649,512.089,493.845,0.989,-1,-1,-1
293,17,836.872,127.643,516.625,490.662,0.976,-1,-1,-1
294,17,847.070,121.053,533.144,511.615,0.983,-1,-1,-1
295,17,865.669,116.767,544.647,531.728,0.980,-1,-1,-1
296,17,883.573,122.876,561.334,551.065,0.986,-1,-1,-1
297,17,906.020,127.012,574.006,566.521,0.990,-1,-1,-1
298,17,924.667,132.886,596.478,577.169,0.981,-1,-1,-1
299,17,947.010,143.033,623.914,595.958,0.987,-1,-1,-1
