5,2,1125.230,1291.117,1197.319,627.551,0.619,-1,-1,-1
6,2,1540.001,1265.544,1018.999,627.551,0.619,-1,-1,-1
7,2,1950.371,1238.664,608.629,627.551,0.619,-1,-1,-1
8,2,2359.395,1212.367,199.605,627.551,0.619,-1,-1,-1
133,4,7.608,1254.156,1137.813,676.403,0.901,-1,-1,-1
134,4,7.671,1250.303,1599.624,675.233,0.848,-1,-1,-1
135,4,124.374,1239.939,2012.471,678.834,0.840,-1,-1,-1
136,4,606.789,1220.977,1952.372,696.800,0.769,-1,-1,-1
137,4,1130.845,1194.276,1421.918,723.785,0.670,-1,-1,-1
138,4,1575.849,1186.929,970.738,728.237,0.734,-1,-1,-1
139,4,2002.184,1201.507,549.841,698.470,0.554,-1,-1,-1
140,4,2315.196,1192.310,243.804,698.470,0.554,-1,-1,-1
141,4,2537.732,1185.100,21.268,698.470,0.554,-1,-1,-1
237,5,1953.505,730.233,604.797,600.097,0.924,-1,-1,-1
238,5,1629.384,718.273,930.455,644.184,0.958,-1,-1,-1
239,5,1236.866,715.376,1325.643,662.236,0.978,-1,-1,-1
240,5,871.071,731.619,1641.879,649.100,0.992,-1,-1,-1
241,5,552.184,745.081,1533.659,643.856,0.998,-1,-1,-1
242,5,182.728,738.267,1574.169,655.130,0.999,-1,-1,-1
243,5,17.303,746.853,1341.727,669.151,0.989,-1,-1,-1
244,5,5.712,762.030,983.573,637.594,0.973,-1,-1,-1
245,5,7.307,803.373,633.631,611.691,0.874,-1,-1,-1
245,6,1070.362,1277.772,1494.295,642.218,0.666,-1,-1,-1
246,5,0.000,814.434,361.910,611.691,0.874,-1,-1,-1
246,6,1515.746,1264.096,1032.534,658.794,0.677,-1,-1,-1
247,5,0.000,825.763,152.711,611.691,0.874,-1,-1,-1
247,6,1923.296,1269.141,629.070,652.202,0.864,-1,-1,-1
248,6,2201.231,1258.825,357.769,652.202,0.864,-1,-1,-1
249,6,2409.721,1251.058,149.279,652.202,0.864,-1,-1,-1
334,7,2175.528,822.617,383.890,454.279,0.546,-1,-1,-1
335,7,1943.654,796.132,613.816,497.660,0.943,-1,-1,-1
336,7,1654.590,794.384,904.113,515.157,0.989,-1,-1,-1
337,7,1390.280,807.532,1148.003,510.479,0.995,-1,-1,-1
338,7,1092.741,813.485,1142.974,511.258,0.997,-1,-1,-1
339,7,811.372,813.459,1111.612,521.490,0.996,-1,-1,-1
340,7,533.841,813.502,1104.045,530.534,0.997,-1,-1,-1
341,7,249.669,818.899,1103.138,531.918,0.998,-1,-1,-1
342,7,8.587,843.675,1027.105,518.240,0.993,-1,-1,-1
343,7,6.906,852.941,736.984,506.531,0.972,-1,-1,-1
344,7,5.433,871.476,473.837,487.646,0.887,-1,-1,-1
345,7,0.000,880.523,246.699,487.646,0.887,-1,-1,-1
346,7,0.000,888.355,71.054,487.646,0.887,-1,-1,-1
371,8,2116.688,774.641,442.331,532.210,0.844,-1,-1,-1
372,8,1855.770,756.513,701.636,561.518,0.965,-1,-1,-1
373,8,1554.692,753.392,1004.893,583.700,0.986,-1,-1,-1
374,8,1211.664,751.542,1336.619,598.618,0.992,-1,-1,-1
375,8,921.172,769.838,1280.628,582.595,0.997,-1,-1,-1
376,8,622.603,767.546,1242.015,600.070,0.996,-1,-1,-1
377,8,288.724,766.764,1262.405,605.613,0.998,-1,-1,-1
378,8,23.331,766.723,1188.736,613.974,0.993,-1,-1,-1
379,8,5.207,780.395,890.294,598.534,0.963,-1,-1,-1
380,8,4.547,810.685,569.777,570.544,0.918,-1,-1,-1
381,8,2.351,828.582,324.570,524.555,0.672,-1,-1,-1
382,8,0.000,832.871,152.117,524.555,0.672,-1,-1,-1
383,8,0.000,836.327,37.760,524.555,0.672,-1,-1,-1
472,9,2209.993,845.592,349.711,433.781,0.691,-1,-1,-1
473,9,1924.463,791.985,632.290,504.335,0.964,-1,-1,-1
474,9,1652.479,780.989,905.418,533.413,0.986,-1,-1,-1
475,9,1367.222,789.027,1189.438,534.145,0.988,-1,-1,-1
476,9,1040.400,804.997,1316.937,522.980,0.997,-1,-1,-1
477,9,725.467,811.649,1313.820,530.864,0.996,-1,-1,-1
478,9,425.384,809.056,1310.734,539.463,0.997,-1,-1,-1
479,9,119.522,819.269,1283.562,539.534,0.998,-1,-1,-1
480,9,6.499,839.167,1089.583,529.329,0.984,-1,-1,-1
481,9,6.301,854.171,774.321,516.160,0.954,-1,-1,-1
482,9,4.058,881.090,492.970,488.833,0.858,-1,-1,-1
483,9,2.088,932.838,250.109,403.265,0.560,-1,-1,-1
484,9,0.000,941.937,125.331,403.265,0.560,-1,-1,-1
485,9,0.000,948.075,40.470,403.265,0.560,-1,-1,-1
495,10,2100.531,821.343,457.617,459.159,0.844,-1,-1,-1
496,10,1778.092,803.900,779.969,504.389,0.958,-1,-1,-1
497,10,1527.345,792.670,1030.870,521.681,0.993,-1,-1,-1
498,10,1201.588,807.823,1236.822,516.846,0.997,-1,-1,-1
499,10,914.756,814.147,1206.303,516.915,0.998,-1,-1,-1
500,10,627.854,812.902,1171.567,529.567,0.997,-1,-1,-1
501,10,318.855,819.979,1175.104,530.545,0.998,-1,-1,-1
502,10,43.086,833.852,1127.297,526.239,0.998,-1,-1,-1
503,10,5.808,851.477,866.143,508.031,0.974,-1,-1,-1
504,10,3.447,869.622,562.076,493.970,0.964,-1,-1,-1
505,10,3.033,890.137,329.719,445.428,0.868,-1,-1,-1
506,10,0.000,895.648,184.472,445.428,0.868,-1,-1,-1
507,10,0.000,898.769,96.121,445.428,0.868,-1,-1,-1
508,10,0.000,900.157,41.336,445.428,0.868,-1,-1,-1
509,10,0.000,899.355,17.428,445.428,0.868,-1,-1,-1
