20,3,1481.950,249.321,117.607,225.359,0.730,-1,-1,-1
21,3,1393.704,224.681,205.350,249.615,0.958,-1,-1,-1
22,3,1321.607,223.461,276.353,259.872,0.850,-1,-1,-1
23,3,1262.190,240.499,335.858,246.363,0.969,-1,-1,-1
23,4,455.988,507.201,89.962,82.340,0.504,-1,-1,-1
24,3,1206.024,238.350,391.575,248.299,0.961,-1,-1,-1
24,4,456.061,507.241,89.962,82.340,0.504,-1,-1,-1
25,3,1150.017,229.430,446.895,259.659,0.985,-1,-1,-1
25,4,456.142,507.247,89.962,82.340,0.504,-1,-1,-1
26,3,1106.526,251.563,405.340,237.920,0.985,-1,-1,-1
26,4,458.836,505.009,99.482,87.016,0.749,-1,-1,-1
27,3,1061.372,261.331,372.053,230.648,0.990,-1,-1,-1
27,4,459.539,503.953,104.093,89.010,0.539,-1,-1,-1
28,3,1015.906,279.363,356.169,218.933,0.988,-1,-1,-1
28,4,464.146,506.524,102.182,87.375,0.729,-1,-1,-1
29,3,978.602,291.038,333.102,211.877,0.991,-1,-1,-1
29,4,469.132,507.823,102.078,87.846,0.858,-1,-1,-1
30,3,944.370,301.723,310.380,201.659,0.994,-1,-1,-1
30,4,475.573,509.040,104.738,88.141,0.939,-1,-1,-1
31,3,913.627,315.315,291.963,191.079,0.989,-1,-1,-1
31,4,479.701,507.088,108.357,91.511,0.958,-1,-1,-1
32,3,889.037,325.818,268.816,181.546,0.996,-1,-1,-1
32,4,487.162,508.960,104.909,89.372,0.967,-1,-1,-1
33,3,865.856,331.623,248.023,176.990,0.998,-1,-1,-1
33,4,490.350,507.602,107.192,93.038,0.972,-1,-1,-1
34,3,842.061,341.222,239.277,170.263,0.996,-1,-1,-1
34,4,492.871,506.205,111.962,97.469,0.979,-1,-1,-1
35,3,817.565,345.197,230.284,171.105,0.998,-1,-1,-1
35,4,497.714,506.594,115.859,101.105,0.976,-1,-1,-1
36,3,799.590,352.977,220.408,165.762,0.993,-1,-1,-1
36,4,501.458,508.550,119.682,102.725,0.993,-1,-1,-1
37,3,778.474,358.990,209.199,161.632,0.998,-1,-1,-1
37,4,504.195,508.213,128.032,106.066,0.992,-1,-1,-1
38,3,763.670,363.576,199.498,159.441,0.998,-1,-1,-1
38,4,508.785,507.371,134.743,111.061,0.994,-1,-1,-1
39,3,749.618,368.670,185.298,152.898,0.998,-1,-1,-1
39,4,515.589,506.580,138.636,114.265,0.994,-1,-1,-1
40,3,732.996,374.894,180.968,149.128,0.997,-1,-1,-1
40,4,525.877,509.035,137.885,115.011,0.993,-1,-1,-1
41,3,719.986,380.254,171.661,145.318,0.995,-1,-1,-1
41,4,533.456,504.987,141.037,120.531,0.986,-1,-1,-1
42,3,707.759,385.477,164.064,138.309,0.993,-1,-1,-1
42,4,540.060,506.621,145.737,122.172,0.989,-1,-1,-1
43,3,696.333,391.235,156.175,135.431,0.994,-1,-1,-1
43,4,544.223,505.573,152.403,129.937,0.989,-1,-1,-1
44,3,682.696,393.235,151.177,134.750,0.992,-1,-1,-1
44,4,552.787,503.609,157.823,136.276,0.993,-1,-1,-1
45,3,667.713,387.548,147.164,138.565,0.949,-1,-1,-1
45,4,560.440,505.558,164.860,136.473,0.996,-1,-1,-1
46,3,661.709,398.526,137.753,128.262,0.911,-1,-1,-1
46,4,571.006,504.718,174.006,146.232,0.997,-1,-1,-1
47,3,649.577,400.207,137.643,128.876,0.959,-1,-1,-1
47,4,585.159,509.218,178.579,149.099,0.997,-1,-1,-1
47,6,465.866,517.685,86.271,77.424,0.567,-1,-1,-1
48,3,637.047,402.946,132.200,126.831,0.985,-1,-1,-1
48,4,593.704,512.161,187.461,152.583,0.996,-1,-1,-1
48,6,470.269,519.880,87.160,77.094,0.568,-1,-1,-1
49,3,630.096,406.339,125.421,123.783,0.960,-1,-1,-1
49,4,603.949,508.955,201.276,165.451,0.996,-1,-1,-1
49,6,475.683,519.009,87.613,77.542,0.731,-1,-1,-1
50,3,623.326,413.742,125.706,117.287,0.935,-1,-1,-1
50,4,617.486,508.838,213.425,176.025,0.997,-1,-1,-1
50,6,478.865,518.269,88.600,79.582,0.838,-1,-1,-1
50,7,170.358,587.927,207.746,130.439,0.525,-1,-1,-1
51,3,613.573,415.546,124.032,119.756,0.940,-1,-1,-1
51,4,631.288,508.548,230.554,188.850,0.997,-1,-1,-1
51,6,482.132,517.522,93.478,80.596,0.814,-1,-1,-1
51,7,170.387,587.882,207.746,130.439,0.525,-1,-1,-1
52,3,607.079,417.153,119.384,117.407,0.932,-1,-1,-1
52,4,642.082,508.107,257.197,202.574,0.997,-1,-1,-1
52,6,486.485,518.069,97.803,82.590,0.879,-1,-1,-1
52,7,170.456,587.801,207.746,130.439,0.525,-1,-1,-1
53,3,602.184,420.205,114.759,114.573,0.947,-1,-1,-1
53,4,655.267,508.687,269.380,215.114,0.998,-1,-1,-1
53,6,490.264,517.013,100.905,85.194,0.908,-1,-1,-1
53,7,170.514,587.735,207.746,130.439,0.525,-1,-1,-1
54,3,593.755,427.940,109.561,107.789,0.942,-1,-1,-1
54,4,671.804,511.253,296.006,230.224,0.996,-1,-1,-1
54,6,495.120,516.585,102.857,87.256,0.909,-1,-1,-1
54,7,180.826,586.656,205.915,133.894,0.549,-1,-1,-1
55,3,588.258,430.678,106.524,104.155,0.838,-1,-1,-1
55,4,692.938,516.768,313.308,241.675,0.997,-1,-1,-1
55,6,503.288,517.767,105.526,88.302,0.946,-1,-1,-1
55,7,187.887,587.387,200.760,126.925,0.728,-1,-1,-1
56,3,582.226,435.854,100.696,99.169,0.783,-1,-1,-1
56,4,718.253,521.516,338.548,257.271,0.997,-1,-1,-1
56,6,509.632,517.790,110.524,91.406,0.971,-1,-1,-1
56,7,189.449,585.978,202.239,125.454,0.790,-1,-1,-1
57,3,571.583,436.232,101.147,100.023,0.795,-1,-1,-1
57,4,740.764,528.631,372.194,274.037,0.998,-1,-1,-1
57,6,514.413,516.369,121.494,98.884,0.978,-1,-1,-1
57,7,191.056,585.308,206.370,129.329,0.506,-1,-1,-1
58,3,568.000,438.261,98.471,98.160,0.662,-1,-1,-1
58,4,769.166,532.453,412.208,305.366,0.997,-1,-1,-1
58,6,526.696,516.975,121.878,98.350,0.983,-1,-1,-1
58,7,194.250,585.724,205.247,127.994,0.687,-1,-1,-1
59,3,561.592,439.388,98.471,98.160,0.662,-1,-1,-1
59,4,813.743,540.094,461.068,334.161,0.996,-1,-1,-1
59,6,536.163,518.303,122.789,98.188,0.988,-1,-1,-1
59,7,193.008,582.793,212.723,130.545,0.779,-1,-1,-1
60,3,562.933,445.546,92.035,93.160,0.562,-1,-1,-1
60,4,865.451,544.756,523.515,375.381,0.995,-1,-1,-1
60,6,542.322,517.638,131.342,102.591,0.992,-1,-1,-1
60,7,194.353,578.609,217.816,136.545,0.521,-1,-1,-1
61,3,558.597,446.753,92.035,93.160,0.562,-1,-1,-1
61,4,931.621,557.971,602.321,409.572,0.994,-1,-1,-1
61,6,550.870,517.147,139.716,107.834,0.992,-1,-1,-1
61,7,205.160,576.043,215.110,134.375,0.668,-1,-1,-1
62,3,555.674,447.956,92.035,93.160,0.562,-1,-1,-1
62,4,1001.759,567.314,592.672,455.505,0.981,-1,-1,-1
62,6,560.127,515.459,147.033,111.183,0.993,-1,-1,-1
62,7,221.703,574.125,204.624,131.369,0.965,-1,-1,-1
63,3,553.701,448.986,92.035,93.160,0.562,-1,-1,-1
63,4,1086.855,579.596,507.586,533.704,0.785,-1,-1,-1
63,6,574.484,514.917,152.593,112.794,0.995,-1,-1,-1
63,7,239.776,569.838,191.452,132.054,0.978,-1,-1,-1
64,3,551.851,450.015,92.035,93.160,0.562,-1,-1,-1
64,4,1177.477,614.390,421.523,533.704,0.785,-1,-1,-1
64,6,586.639,512.146,165.667,122.131,0.997,-1,-1,-1
64,7,245.142,569.812,198.142,128.205,0.970,-1,-1,-1
65,4,1289.239,653.628,309.761,533.704,0.785,-1,-1,-1
65,6,602.546,511.628,175.722,126.659,0.998,-1,-1,-1
65,7,255.679,567.612,199.724,127.138,0.957,-1,-1,-1
66,4,1425.034,697.729,173.966,501.271,0.785,-1,-1,-1
66,6,622.310,511.064,188.753,130.642,0.998,-1,-1,-1
66,7,260.244,566.440,201.742,127.235,0.977,-1,-1,-1
67,4,1547.766,735.372,51.234,463.628,0.785,-1,-1,-1
67,6,642.034,511.739,200.175,135.153,0.998,-1,-1,-1
67,7,270.953,564.238,199.791,128.067,0.956,-1,-1,-1
68,6,665.937,511.358,210.269,142.296,0.999,-1,-1,-1
68,7,290.511,557.946,190.958,130.836,0.974,-1,-1,-1
69,6,683.652,507.550,235.486,154.341,0.998,-1,-1,-1
69,7,301.293,554.938,195.317,130.193,0.977,-1,-1,-1
70,6,714.439,507.170,253.520,161.628,0.999,-1,-1,-1
70,7,305.518,548.918,204.122,135.523,0.987,-1,-1,-1
71,6,734.153,501.574,281.519,175.604,0.998,-1,-1,-1
71,7,315.455,550.431,205.334,133.520,0.977,-1,-1,-1
72,6,768.170,499.586,314.055,186.789,0.998,-1,-1,-1
72,7,336.843,549.382,193.009,131.899,0.987,-1,-1,-1
73,6,804.617,497.360,348.170,197.042,0.998,-1,-1,-1
73,7,339.386,544.223,207.507,135.150,0.991,-1,-1,-1
74,6,853.773,496.830,379.068,207.641,0.998,-1,-1,-1
74,7,352.354,539.076,205.939,137.537,0.992,-1,-1,-1
75,6,908.815,497.022,439.893,226.525,0.998,-1,-1,-1
75,7,358.369,532.731,215.460,142.732,0.989,-1,-1,-1
76,6,979.265,498.466,485.578,242.808,0.998,-1,-1,-1
76,7,383.386,529.011,203.532,145.962,0.993,-1,-1,-1
77,6,1064.743,495.308,531.727,265.618,0.997,-1,-1,-1
77,7,396.259,527.859,202.887,143.826,0.994,-1,-1,-1
78,6,1163.931,492.604,434.559,290.578,0.981,-1,-1,-1
78,7,404.776,523.542,210.215,148.000,0.992,-1,-1,-1
79,6,1271.027,500.466,327.705,294.162,0.841,-1,-1,-1
79,7,417.353,517.844,210.882,150.060,0.985,-1,-1,-1
80,6,1367.422,509.564,231.578,294.162,0.841,-1,-1,-1
80,7,427.490,511.879,219.345,156.666,0.996,-1,-1,-1
81,6,1448.542,516.745,150.458,294.162,0.841,-1,-1,-1
81,7,437.927,511.166,227.935,157.096,0.997,-1,-1,-1
82,6,1507.946,522.292,91.054,294.162,0.841,-1,-1,-1
82,7,452.948,506.733,225.259,159.464,0.999,-1,-1,-1
83,6,1557.229,525.885,41.771,294.162,0.841,-1,-1,-1
83,7,464.452,501.670,230.130,163.186,0.998,-1,-1,-1
84,7,479.108,495.726,237.642,167.838,0.999,-1,-1,-1
85,7,492.990,492.450,241.608,171.788,0.999,-1,-1,-1
86,7,503.699,485.307,255.359,179.021,0.998,-1,-1,-1
87,7,521.383,480.623,257.262,183.078,0.998,-1,-1,-1
88,7,539.833,475.512,267.425,195.029,0.998,-1,-1,-1
89,7,552.819,470.422,275.705,203.646,0.997,-1,-1,-1
90,7,572.424,467.799,287.464,207.782,0.992,-1,-1,-1
91,7,583.647,461.410,304.887,223.835,0.991,-1,-1,-1
92,7,601.613,457.298,319.179,234.458,0.988,-1,-1,-1
93,7,625.752,452.805,327.357,246.298,0.988,-1,-1,-1
94,7,646.908,449.021,351.936,253.402,0.992,-1,-1,-1
95,7,669.841,445.756,372.924,260.035,0.990,-1,-1,-1
96,7,694.550,439.288,390.144,260.637,0.996,-1,-1,-1
97,7,725.296,433.638,416.793,274.789,0.997,-1,-1,-1
98,7,753.431,429.674,452.369,292.223,0.998,-1,-1,-1
99,7,785.805,422.318,495.304,315.132,0.999,-1,-1,-1
100,7,826.432,416.168,545.091,329.257,0.999,-1,-1,-1
101,7,866.656,404.069,614.842,355.670,0.998,-1,-1,-1
102,7,937.590,383.315,662.167,400.789,0.999,-1,-1,-1
103,7,994.119,368.989,606.982,446.968,0.990,-1,-1,-1
104,7,1067.135,356.948,533.950,478.974,0.957,-1,-1,-1
105,7,1153.524,363.585,445.774,487.515,0.924,-1,-1,-1
106,7,1250.436,354.844,349.580,494.540,0.934,-1,-1,-1
107,7,1375.165,338.279,225.049,524.218,0.623,-1,-1,-1
108,7,1448.803,339.867,150.197,524.218,0.623,-1,-1,-1
109,7,1515.143,340.669,83.857,524.218,0.623,-1,-1,-1
109,13,423.472,504.281,79.147,77.344,0.635,-1,-1,-1
110,7,1573.023,339.289,25.977,524.218,0.623,-1,-1,-1
110,13,426.163,505.326,77.631,76.205,0.629,-1,-1,-1
111,13,427.137,505.593,77.631,76.205,0.629,-1,-1,-1
112,13,430.900,507.363,74.483,73.612,0.535,-1,-1,-1
113,13,431.879,507.654,75.379,74.471,0.640,-1,-1,-1
114,13,434.311,508.052,75.629,74.766,0.774,-1,-1,-1
115,13,434.476,509.573,76.526,74.356,0.760,-1,-1,-1
116,13,435.904,509.274,76.989,74.590,0.853,-1,-1,-1
117,13,435.882,510.110,78.877,75.586,0.881,-1,-1,-1
118,13,435.190,510.467,80.415,75.593,0.823,-1,-1,-1
119,13,439.512,511.392,79.637,74.403,0.882,-1,-1,-1
120,13,440.317,511.123,83.486,74.810,0.931,-1,-1,-1
121,13,442.021,511.115,84.245,75.477,0.927,-1,-1,-1
122,13,445.909,510.760,83.512,77.254,0.672,-1,-1,-1
123,13,449.009,512.352,82.632,76.182,0.613,-1,-1,-1
124,13,451.707,512.983,84.343,75.271,0.752,-1,-1,-1
125,13,452.449,511.709,85.408,77.057,0.893,-1,-1,-1
126,13,455.185,510.994,85.629,79.180,0.873,-1,-1,-1
127,13,458.037,510.395,86.415,80.588,0.941,-1,-1,-1
128,13,459.575,510.520,87.708,81.558,0.948,-1,-1,-1
129,13,461.236,511.727,90.992,80.858,0.972,-1,-1,-1
130,13,465.792,512.157,91.768,80.705,0.972,-1,-1,-1
131,13,468.186,512.928,92.326,80.975,0.973,-1,-1,-1
132,13,471.212,513.280,94.493,81.680,0.979,-1,-1,-1
133,13,474.547,514.289,97.363,81.809,0.985,-1,-1,-1
134,13,478.260,514.842,100.072,83.338,0.988,-1,-1,-1
135,13,481.596,514.673,101.638,85.327,0.990,-1,-1,-1
136,13,483.244,516.351,104.868,87.363,0.990,-1,-1,-1
137,13,484.553,515.278,109.194,92.177,0.992,-1,-1,-1
138,13,486.948,516.564,111.568,93.052,0.992,-1,-1,-1
139,13,490.763,519.346,111.588,94.421,0.994,-1,-1,-1
140,13,495.074,521.527,112.739,96.081,0.995,-1,-1,-1
141,13,499.866,524.049,113.625,98.174,0.997,-1,-1,-1
142,13,502.129,524.006,120.144,103.022,0.997,-1,-1,-1
143,13,504.590,523.219,128.012,109.702,0.998,-1,-1,-1
144,13,512.051,523.827,132.567,114.549,0.998,-1,-1,-1
145,13,516.567,525.096,138.323,119.172,0.998,-1,-1,-1
146,13,522.286,526.432,142.293,121.409,0.998,-1,-1,-1
147,13,528.254,524.869,147.467,128.593,0.998,-1,-1,-1
148,13,534.010,526.125,153.623,133.956,0.999,-1,-1,-1
149,13,540.296,529.897,160.111,137.347,0.999,-1,-1,-1
150,13,544.810,532.411,169.727,142.207,0.999,-1,-1,-1
151,13,550.001,531.085,182.334,152.147,0.999,-1,-1,-1
152,13,562.387,531.445,192.733,160.342,0.999,-1,-1,-1
153,13,573.899,533.257,203.694,171.908,0.999,-1,-1,-1
154,13,585.316,536.410,220.807,177.504,0.997,-1,-1,-1
155,13,594.755,538.575,234.847,185.819,0.998,-1,-1,-1
156,13,604.938,540.272,260.832,197.764,0.999,-1,-1,-1
157,13,622.077,540.683,280.302,212.975,0.998,-1,-1,-1
158,13,637.284,546.464,303.428,223.264,0.998,-1,-1,-1
159,13,656.810,547.154,334.474,243.596,0.999,-1,-1,-1
160,13,676.914,552.916,362.146,267.225,0.997,-1,-1,-1
161,13,706.334,559.806,397.848,290.955,0.998,-1,-1,-1
162,13,738.759,565.315,441.824,319.996,0.998,-1,-1,-1
163,13,778.885,570.570,503.214,366.967,0.995,-1,-1,-1
164,13,831.717,574.329,576.433,408.196,0.994,-1,-1,-1
165,13,911.397,596.783,658.434,441.009,0.987,-1,-1,-1
166,13,986.441,618.308,606.006,526.444,0.905,-1,-1,-1
167,13,1084.436,658.328,514.564,526.444,0.905,-1,-1,-1
168,13,1207.704,703.954,391.296,495.046,0.905,-1,-1,-1
169,13,1363.096,762.068,235.904,436.932,0.905,-1,-1,-1
170,13,1553.364,833.431,45.636,365.569,0.905,-1,-1,-1
184,16,1496.653,331.148,102.950,141.491,0.890,-1,-1,-1
185,16,1408.162,329.279,190.725,147.807,0.939,-1,-1,-1
186,16,1338.893,324.665,259.422,154.842,0.995,-1,-1,-1
187,16,1270.302,329.660,325.865,154.833,0.998,-1,-1,-1
188,16,1211.973,340.099,308.052,147.583,0.999,-1,-1,-1
189,16,1158.176,351.214,284.797,141.257,0.999,-1,-1,-1
190,16,1110.853,360.164,263.593,136.229,0.999,-1,-1,-1
191,16,1063.610,369.856,247.097,131.905,0.998,-1,-1,-1
192,16,1023.648,375.686,230.474,128.474,0.998,-1,-1,-1
193,16,986.721,382.811,219.083,124.701,0.997,-1,-1,-1
194,16,958.525,387.849,201.017,118.761,0.997,-1,-1,-1
195,16,928.096,395.880,187.319,112.752,0.998,-1,-1,-1
196,16,897.489,401.850,182.108,108.975,0.998,-1,-1,-1
197,16,872.193,408.915,172.694,102.650,0.998,-1,-1,-1
198,16,846.889,413.666,166.193,100.400,0.997,-1,-1,-1
199,16,823.444,418.986,161.328,97.055,0.945,-1,-1,-1
200,16,806.052,421.797,149.605,93.631,0.998,-1,-1,-1
201,16,788.866,427.394,143.933,90.291,0.997,-1,-1,-1
202,16,771.622,432.987,136.114,86.766,0.997,-1,-1,-1
203,16,753.224,434.646,135.289,87.330,0.997,-1,-1,-1
204,16,735.488,437.617,130.433,83.964,0.998,-1,-1,-1
205,16,721.755,440.321,127.772,83.904,0.996,-1,-1,-1
206,16,707.551,444.867,119.860,80.113,0.994,-1,-1,-1
207,16,698.273,446.420,114.311,79.280,0.993,-1,-1,-1
208,16,684.017,449.369,111.445,77.081,0.992,-1,-1,-1
209,16,669.449,449.892,112.038,78.670,0.990,-1,-1,-1
210,16,660.735,452.033,106.551,76.698,0.988,-1,-1,-1
211,16,651.695,453.727,101.452,75.031,0.973,-1,-1,-1
212,16,642.079,455.797,100.923,73.960,0.983,-1,-1,-1
213,16,634.162,458.305,96.646,73.299,0.976,-1,-1,-1
214,16,627.015,460.517,92.547,71.409,0.974,-1,-1,-1
215,16,619.104,462.529,90.665,71.836,0.964,-1,-1,-1
216,16,611.463,464.521,88.938,69.993,0.958,-1,-1,-1
217,16,604.823,465.783,88.322,69.986,0.957,-1,-1,-1
218,16,597.216,466.423,85.965,68.815,0.924,-1,-1,-1
219,16,593.324,467.983,80.501,67.246,0.854,-1,-1,-1
220,16,588.382,469.936,80.044,67.030,0.884,-1,-1,-1
221,16,580.453,470.476,79.084,67.011,0.772,-1,-1,-1
222,16,575.659,471.663,78.771,66.612,0.555,-1,-1,-1
223,16,570.796,471.777,78.085,67.291,0.542,-1,-1,-1
224,16,566.143,472.076,77.725,67.584,0.687,-1,-1,-1
225,16,561.456,472.559,77.725,67.584,0.687,-1,-1,-1
226,16,558.446,472.935,77.725,67.584,0.687,-1,-1,-1
227,16,556.425,473.109,77.725,67.584,0.687,-1,-1,-1
227,20,411.912,510.381,76.214,69.138,0.571,-1,-1,-1
228,16,555.444,473.191,77.725,67.584,0.687,-1,-1,-1
228,20,413.435,510.718,77.306,68.928,0.650,-1,-1,-1
229,20,415.304,511.034,75.311,68.599,0.720,-1,-1,-1
230,20,417.188,511.191,75.313,69.265,0.777,-1,-1,-1
231,20,417.537,511.139,76.690,70.063,0.813,-1,-1,-1
232,20,418.969,510.105,78.607,70.947,0.874,-1,-1,-1
233,20,421.119,510.609,78.684,69.600,0.824,-1,-1,-1
234,20,423.455,510.601,79.528,70.078,0.813,-1,-1,-1
235,20,427.895,509.667,80.966,70.555,0.859,-1,-1,-1
236,20,433.657,508.622,80.338,71.235,0.925,-1,-1,-1
237,20,437.352,508.451,81.034,72.662,0.954,-1,-1,-1
238,20,439.751,509.141,82.328,72.878,0.969,-1,-1,-1
239,20,440.935,508.354,84.991,74.177,0.958,-1,-1,-1
240,20,441.591,508.005,86.892,74.655,0.931,-1,-1,-1
240,21,1421.573,384.284,178.331,192.791,0.585,-1,-1,-1
241,20,443.950,507.429,87.908,75.355,0.926,-1,-1,-1
241,21,1338.965,364.024,260.244,209.323,0.839,-1,-1,-1
242,20,446.831,507.104,89.802,77.266,0.934,-1,-1,-1
242,21,1267.700,369.300,330.659,203.651,0.977,-1,-1,-1
243,20,450.131,507.570,89.910,79.082,0.920,-1,-1,-1
243,21,1205.536,374.159,392.224,196.682,0.996,-1,-1,-1
244,20,454.976,506.715,89.877,80.707,0.942,-1,-1,-1
244,21,1152.068,386.182,397.135,182.277,0.999,-1,-1,-1
245,20,458.490,505.191,92.391,83.694,0.976,-1,-1,-1
245,21,1102.144,392.622,371.950,175.750,0.999,-1,-1,-1
246,20,462.102,503.229,94.481,85.895,0.980,-1,-1,-1
246,21,1060.844,397.878,340.072,169.106,0.999,-1,-1,-1
247,20,464.179,503.400,98.658,86.596,0.984,-1,-1,-1
247,21,1016.839,404.694,313.643,162.074,0.998,-1,-1,-1
248,20,467.992,503.288,100.575,88.271,0.985,-1,-1,-1
248,21,981.501,407.490,289.560,158.181,0.998,-1,-1,-1
249,20,470.854,504.252,106.061,89.894,0.988,-1,-1,-1
249,21,942.690,411.410,279.772,154.920,0.998,-1,-1,-1
250,20,476.762,505.056,107.520,91.404,0.989,-1,-1,-1
250,21,919.776,417.918,259.709,147.947,0.998,-1,-1,-1
251,20,482.220,501.809,110.459,96.214,0.975,-1,-1,-1
251,21,891.609,422.810,243.756,139.190,0.998,-1,-1,-1
252,20,487.308,504.316,112.000,97.041,0.989,-1,-1,-1
252,21,868.543,428.899,227.731,132.274,0.998,-1,-1,-1
253,20,491.286,505.888,113.454,96.505,0.984,-1,-1,-1
253,21,846.250,431.770,216.018,129.397,0.998,-1,-1,-1
254,20,497.026,507.813,120.613,99.986,0.993,-1,-1,-1
254,21,827.581,434.884,205.180,125.455,0.998,-1,-1,-1
255,20,504.244,508.122,122.173,102.174,0.995,-1,-1,-1
255,21,808.320,438.297,197.877,122.574,0.998,-1,-1,-1
256,20,508.980,508.247,131.892,107.112,0.996,-1,-1,-1
256,21,789.704,443.442,187.483,117.119,0.997,-1,-1,-1
257,20,517.149,508.266,138.474,110.214,0.997,-1,-1,-1
257,21,771.177,445.684,183.659,114.429,0.998,-1,-1,-1
258,20,523.750,508.106,143.484,114.978,0.996,-1,-1,-1
258,21,754.439,449.513,176.333,108.788,0.997,-1,-1,-1
259,20,530.874,507.705,149.759,121.359,0.997,-1,-1,-1
259,21,740.949,451.474,166.109,106.977,0.993,-1,-1,-1
260,20,538.207,506.462,157.579,131.249,0.997,-1,-1,-1
260,21,724.706,455.576,163.458,103.282,0.989,-1,-1,-1
261,20,546.024,506.035,164.230,135.853,0.997,-1,-1,-1
261,21,708.584,456.983,156.616,102.506,0.987,-1,-1,-1
262,20,557.174,502.499,177.622,142.838,0.998,-1,-1,-1
262,21,685.540,461.593,157.411,100.061,0.842,-1,-1,-1
263,20,570.800,503.950,185.783,145.618,0.998,-1,-1,-1
263,21,669.791,463.249,157.411,100.061,0.842,-1,-1,-1
264,20,583.545,505.924,195.917,150.503,0.998,-1,-1,-1
264,21,657.722,465.034,157.411,100.061,0.842,-1,-1,-1
265,20,591.382,496.887,216.611,172.477,0.998,-1,-1,-1
265,21,649.156,466.593,157.411,100.061,0.842,-1,-1,-1
265,22,1413.741,316.992,185.540,153.440,0.902,-1,-1,-1
266,20,602.681,491.291,238.875,192.585,0.993,-1,-1,-1
266,21,644.507,468.186,157.411,100.061,0.842,-1,-1,-1
266,22,1358.387,321.190,240.592,152.380,0.986,-1,-1,-1
267,20,611.055,497.816,266.702,197.924,0.996,-1,-1,-1
267,22,1309.259,326.997,288.345,150.212,0.990,-1,-1,-1
268,20,632.787,499.117,284.963,212.470,0.997,-1,-1,-1
268,22,1255.407,332.501,340.885,148.110,0.995,-1,-1,-1
268,23,581.290,481.151,151.072,100.666,0.764,-1,-1,-1
269,20,657.363,494.798,307.581,233.020,0.995,-1,-1,-1
269,22,1212.874,339.564,322.426,144.357,0.722,-1,-1,-1
269,23,559.298,485.846,154.694,98.549,0.893,-1,-1,-1
270,20,675.531,497.582,337.904,250.763,0.996,-1,-1,-1
270,22,1167.193,351.043,298.931,138.349,0.997,-1,-1,-1
270,23,544.023,490.840,150.528,98.512,0.959,-1,-1,-1
271,20,699.640,502.868,383.267,275.067,0.996,-1,-1,-1
271,22,1128.351,357.941,286.276,135.452,0.998,-1,-1,-1
271,23,526.881,497.577,146.147,95.798,0.973,-1,-1,-1
272,20,729.404,507.892,435.312,302.862,0.997,-1,-1,-1
272,22,1093.093,363.708,269.064,133.307,0.995,-1,-1,-1
272,23,502.925,503.541,145.792,94.427,0.977,-1,-1,-1
273,20,772.100,514.502,499.320,331.141,0.997,-1,-1,-1
273,22,1051.606,369.673,262.830,131.072,0.994,-1,-1,-1
273,23,489.107,509.400,137.724,90.691,0.978,-1,-1,-1
274,20,820.236,521.514,586.826,368.682,0.991,-1,-1,-1
274,22,1021.490,374.403,246.884,129.074,0.994,-1,-1,-1
274,23,463.819,517.194,142.841,90.312,0.973,-1,-1,-1
275,20,883.187,524.000,706.447,432.362,0.993,-1,-1,-1
275,22,993.462,376.405,232.326,128.248,0.993,-1,-1,-1
275,23,442.686,524.608,140.694,89.157,0.948,-1,-1,-1
276,20,968.201,530.069,627.011,502.458,0.970,-1,-1,-1
276,22,966.443,382.793,226.483,124.213,0.997,-1,-1,-1
276,23,423.736,533.277,136.743,87.620,0.978,-1,-1,-1
277,20,1041.968,541.452,553.880,506.238,0.574,-1,-1,-1
277,22,942.223,389.454,207.007,117.798,0.996,-1,-1,-1
277,23,404.067,541.342,130.762,87.176,0.977,-1,-1,-1
278,20,1136.133,571.930,462.867,506.238,0.574,-1,-1,-1
278,22,919.925,393.694,196.100,113.925,0.997,-1,-1,-1
278,23,383.498,546.927,127.974,86.677,0.963,-1,-1,-1
279,20,1253.659,605.300,345.341,506.238,0.574,-1,-1,-1
279,22,896.801,399.885,189.553,109.696,0.998,-1,-1,-1
279,23,362.154,556.010,129.748,82.680,0.973,-1,-1,-1
280,20,1346.633,631.811,252.367,506.238,0.574,-1,-1,-1
280,22,876.422,407.515,180.976,102.511,0.997,-1,-1,-1
280,23,340.089,567.946,127.864,79.862,0.952,-1,-1,-1
281,20,1430.545,650.098,168.455,506.238,0.574,-1,-1,-1
281,22,856.488,412.436,172.344,99.581,0.997,-1,-1,-1
281,23,318.298,573.962,126.041,80.428,0.922,-1,-1,-1
282,22,837.434,416.342,170.813,96.847,0.997,-1,-1,-1
282,23,292.178,580.351,128.632,80.911,0.955,-1,-1,-1
283,22,820.855,417.947,162.486,96.455,0.996,-1,-1,-1
283,23,266.864,588.441,130.500,79.587,0.955,-1,-1,-1
284,22,804.042,422.979,155.011,92.495,0.996,-1,-1,-1
284,23,244.344,595.648,130.793,78.617,0.948,-1,-1,-1
285,22,787.629,423.553,149.736,92.598,0.998,-1,-1,-1
285,23,223.467,602.968,124.076,76.290,0.699,-1,-1,-1
286,22,771.723,428.920,146.165,89.319,0.997,-1,-1,-1
286,23,206.056,609.988,117.105,75.905,0.799,-1,-1,-1
287,22,758.942,430.489,141.596,89.662,0.997,-1,-1,-1
287,23,179.559,617.991,116.357,79.321,0.859,-1,-1,-1
288,22,742.008,434.168,140.536,87.076,0.998,-1,-1,-1
288,23,153.360,629.773,119.784,78.234,0.861,-1,-1,-1
289,22,728.396,437.663,138.133,85.120,0.998,-1,-1,-1
289,23,132.248,634.743,123.326,80.254,0.930,-1,-1,-1
290,22,715.893,440.326,135.003,83.644,0.997,-1,-1,-1
290,23,107.673,640.550,129.394,81.816,0.878,-1,-1,-1
291,22,704.274,441.829,129.875,82.928,0.996,-1,-1,-1
291,23,88.794,646.773,125.123,82.684,0.902,-1,-1,-1
292,22,697.536,444.311,120.969,80.907,0.995,-1,-1,-1
292,23,69.128,651.270,125.045,83.255,0.890,-1,-1,-1
292,25,441.627,515.552,75.674,68.530,0.662,-1,-1,-1
293,22,686.221,445.865,121.355,79.342,0.994,-1,-1,-1
293,23,44.707,658.464,127.643,86.163,0.860,-1,-1,-1
293,25,446.061,516.044,75.627,69.118,0.690,-1,-1,-1
294,22,675.271,448.036,119.231,79.172,0.991,-1,-1,-1
294,23,27.622,663.801,127.643,86.163,0.860,-1,-1,-1
294,25,450.692,516.089,75.854,68.759,0.793,-1,-1,-1
295,22,664.403,450.654,115.789,78.433,0.992,-1,-1,-1
295,23,14.838,667.830,127.643,86.163,0.860,-1,-1,-1
295,25,455.542,515.600,76.410,69.328,0.832,-1,-1,-1
296,22,657.313,452.429,109.950,77.444,0.988,-1,-1,-1
296,23,6.253,670.521,127.643,86.163,0.860,-1,-1,-1
296,25,459.168,517.168,75.422,69.172,0.871,-1,-1,-1
297,22,647.830,453.058,107.461,76.956,0.986,-1,-1,-1
297,23,1.605,672.255,127.643,86.163,0.860,-1,-1,-1
297,25,462.574,517.128,76.321,69.686,0.894,-1,-1,-1
298,22,639.414,455.820,103.167,75.592,0.979,-1,-1,-1
298,25,465.290,517.406,77.604,70.689,0.915,-1,-1,-1
299,22,634.311,458.529,100.274,74.176,0.971,-1,-1,-1
299,25,467.925,517.268,77.534,71.313,0.921,-1,-1,-1
300,22,627.770,460.347,94.558,72.579,0.953,-1,-1,-1
300,25,470.673,517.459,79.863,70.445,0.954,-1,-1,-1
301,22,622.344,462.022,93.687,72.567,0.972,-1,-1,-1
301,25,475.372,518.914,80.961,69.786,0.970,-1,-1,-1
302,22,615.623,463.620,92.319,71.173,0.950,-1,-1,-1
302,25,480.173,519.487,79.810,69.814,0.974,-1,-1,-1
303,22,609.750,464.090,91.304,71.511,0.943,-1,-1,-1
303,25,480.607,519.882,85.729,72.383,0.977,-1,-1,-1
304,22,604.361,465.485,89.536,71.305,0.897,-1,-1,-1
304,25,484.825,519.967,87.994,73.257,0.982,-1,-1,-1
305,22,597.387,465.241,87.799,70.608,0.871,-1,-1,-1
305,25,490.310,517.918,92.980,75.712,0.985,-1,-1,-1
306,22,594.098,466.656,81.554,68.838,0.523,-1,-1,-1
306,25,494.178,517.612,97.857,77.201,0.978,-1,-1,-1
307,22,587.766,467.794,81.813,68.851,0.555,-1,-1,-1
307,25,500.341,517.495,100.922,79.322,0.983,-1,-1,-1
308,22,582.417,468.255,81.813,68.851,0.555,-1,-1,-1
308,25,506.255,518.222,104.537,80.151,0.994,-1,-1,-1
309,22,578.317,468.447,81.813,68.851,0.555,-1,-1,-1
309,25,511.667,517.716,107.005,82.959,0.995,-1,-1,-1
310,22,575.790,468.742,81.813,68.851,0.555,-1,-1,-1
310,25,516.989,518.714,110.206,85.829,0.995,-1,-1,-1
311,22,574.541,468.925,81.813,68.851,0.555,-1,-1,-1
311,25,527.991,520.455,113.037,85.869,0.995,-1,-1,-1
312,25,537.852,521.306,115.138,85.959,0.995,-1,-1,-1
313,25,546.568,520.277,121.119,90.168,0.996,-1,-1,-1
314,25,554.471,519.189,127.239,95.976,0.997,-1,-1,-1
315,25,562.093,518.054,137.933,99.997,0.997,-1,-1,-1
316,25,572.803,516.348,143.903,103.309,0.998,-1,-1,-1
317,25,587.585,517.552,147.193,105.918,0.998,-1,-1,-1
318,25,601.625,516.437,155.588,110.988,0.998,-1,-1,-1
319,25,617.071,513.573,164.255,120.161,0.999,-1,-1,-1
320,25,635.276,511.260,174.624,125.714,0.999,-1,-1,-1
321,25,652.435,510.458,188.846,131.854,0.999,-1,-1,-1
322,25,674.504,509.953,196.610,137.253,0.999,-1,-1,-1
323,25,691.479,506.448,220.684,147.844,0.999,-1,-1,-1
324,25,719.326,505.174,239.120,154.803,0.999,-1,-1,-1
325,25,742.202,503.065,260.204,165.740,0.999,-1,-1,-1
326,25,770.201,497.692,290.919,178.690,0.999,-1,-1,-1
327,25,800.890,494.824,321.540,194.098,0.998,-1,-1,-1
328,25,841.423,494.816,358.958,203.860,0.998,-1,-1,-1
329,25,893.122,495.330,399.264,219.041,0.998,-1,-1,-1
330,25,951.876,499.092,446.327,234.844,0.998,-1,-1,-1
331,25,1033.117,502.319,495.598,248.085,0.999,-1,-1,-1
332,25,1116.757,496.982,481.993,280.650,0.994,-1,-1,-1
333,25,1212.466,498.255,386.391,311.191,0.951,-1,-1,-1
334,25,1321.202,495.150,277.832,300.801,0.855,-1,-1,-1
335,25,1412.549,502.163,186.451,300.801,0.855,-1,-1,-1
335,28,1434.172,382.225,165.432,190.106,0.701,-1,-1,-1
336,25,1482.356,507.185,116.644,300.801,0.855,-1,-1,-1
336,28,1358.587,364.693,240.669,199.115,0.891,-1,-1,-1
337,25,1536.795,510.020,62.205,300.801,0.855,-1,-1,-1
337,28,1287.476,367.614,310.832,193.597,0.983,-1,-1,-1
338,25,1581.651,509.547,17.349,300.801,0.855,-1,-1,-1
338,28,1229.795,373.739,368.730,188.888,0.993,-1,-1,-1
339,28,1180.141,372.959,416.457,187.814,0.998,-1,-1,-1
340,28,1129.862,387.944,396.841,175.088,0.998,-1,-1,-1
341,28,1089.124,392.360,367.890,170.808,0.994,-1,-1,-1
342,28,1049.750,398.180,345.917,164.414,0.996,-1,-1,-1
343,28,1013.743,403.238,321.050,159.797,0.996,-1,-1,-1
344,28,978.998,404.762,304.717,159.455,0.996,-1,-1,-1
345,28,952.014,408.607,289.361,155.561,0.996,-1,-1,-1
346,28,925.273,413.306,279.816,148.652,0.996,-1,-1,-1
347,28,906.685,418.094,260.663,143.594,0.997,-1,-1,-1
348,28,883.301,419.015,253.737,140.354,0.993,-1,-1,-1
348,30,457.814,508.993,77.548,73.500,0.560,-1,-1,-1
349,28,865.778,423.309,238.537,136.032,0.997,-1,-1,-1
349,30,460.608,506.070,78.856,76.487,0.682,-1,-1,-1
350,28,851.069,427.850,222.769,130.032,0.998,-1,-1,-1
350,30,461.899,507.895,80.087,76.749,0.629,-1,-1,-1
351,28,832.042,432.066,218.786,127.452,0.997,-1,-1,-1
351,30,464.435,504.874,81.303,78.989,0.874,-1,-1,-1
352,28,821.263,433.141,205.651,124.462,0.998,-1,-1,-1
352,30,466.405,506.098,82.170,77.797,0.898,-1,-1,-1
353,28,809.737,436.926,198.866,120.395,0.998,-1,-1,-1
353,30,468.044,507.471,84.342,78.446,0.934,-1,-1,-1
354,28,793.917,437.944,192.925,120.168,0.998,-1,-1,-1
354,30,471.209,511.668,84.860,75.106,0.949,-1,-1,-1
355,28,784.559,440.050,182.073,117.249,0.998,-1,-1,-1
355,30,475.232,513.067,85.109,74.898,0.939,-1,-1,-1
356,28,771.086,444.300,184.692,112.904,0.998,-1,-1,-1
356,30,479.174,514.725,84.698,73.926,0.958,-1,-1,-1
357,28,762.713,447.865,177.565,109.468,0.998,-1,-1,-1
357,30,481.076,515.665,87.199,75.571,0.966,-1,-1,-1
358,28,754.593,445.433,170.935,110.218,0.998,-1,-1,-1
358,30,483.563,516.502,89.487,75.845,0.972,-1,-1,-1
359,28,746.265,446.125,164.029,109.658,0.997,-1,-1,-1
359,30,486.960,516.713,92.275,76.672,0.974,-1,-1,-1
360,28,739.269,446.152,160.538,109.745,0.997,-1,-1,-1
360,30,491.761,515.567,95.005,79.980,0.978,-1,-1,-1
361,28,729.786,448.646,159.414,107.258,0.996,-1,-1,-1
361,30,495.409,515.846,100.025,82.300,0.978,-1,-1,-1
362,28,718.518,444.491,162.372,111.122,0.996,-1,-1,-1
362,30,500.848,516.517,102.215,84.255,0.976,-1,-1,-1
363,28,710.849,453.268,158.406,101.854,0.994,-1,-1,-1
363,30,505.476,516.363,105.332,85.465,0.977,-1,-1,-1
364,28,701.987,450.881,158.719,104.566,0.992,-1,-1,-1
364,30,510.180,516.935,108.979,87.758,0.983,-1,-1,-1
365,28,699.748,457.392,154.227,98.517,0.989,-1,-1,-1
365,30,514.450,517.149,116.740,95.356,0.991,-1,-1,-1
366,28,697.906,459.853,147.526,96.054,0.986,-1,-1,-1
366,30,523.939,516.535,122.521,97.868,0.991,-1,-1,-1
366,32,1428.538,325.300,170.758,148.927,0.914,-1,-1,-1
367,28,694.141,460.769,142.667,95.837,0.989,-1,-1,-1
367,30,531.941,516.341,122.516,99.161,0.990,-1,-1,-1
367,32,1362.200,329.679,236.792,148.081,0.991,-1,-1,-1
368,28,690.358,460.880,140.907,95.302,0.982,-1,-1,-1
368,30,538.728,517.148,131.227,101.664,0.992,-1,-1,-1
368,32,1303.051,333.099,294.400,150.005,0.987,-1,-1,-1
369,28,685.388,462.340,138.424,93.671,0.981,-1,-1,-1
369,30,546.623,517.436,134.758,103.019,0.992,-1,-1,-1
369,32,1244.289,340.894,329.554,147.083,0.960,-1,-1,-1
370,28,678.048,461.261,139.612,93.431,0.966,-1,-1,-1
370,30,553.743,516.998,145.064,106.090,0.989,-1,-1,-1
370,32,1193.084,350.881,295.648,140.131,0.997,-1,-1,-1
371,28,673.781,460.924,137.295,94.549,0.780,-1,-1,-1
371,30,566.245,514.404,149.877,109.985,0.988,-1,-1,-1
371,32,1151.881,358.779,273.489,136.669,0.997,-1,-1,-1
372,28,670.246,460.290,136.755,95.017,0.707,-1,-1,-1
372,30,581.969,516.180,154.598,109.120,0.993,-1,-1,-1
372,32,1109.269,366.076,255.264,133.036,0.996,-1,-1,-1
373,28,665.175,460.191,136.755,95.017,0.707,-1,-1,-1
373,30,595.962,514.042,161.031,114.383,0.995,-1,-1,-1
373,32,1069.542,371.250,242.493,132.053,0.996,-1,-1,-1
374,28,661.091,460.043,136.755,95.017,0.707,-1,-1,-1
374,30,609.355,512.009,174.050,121.220,0.997,-1,-1,-1
374,32,1033.831,376.980,228.455,127.958,0.996,-1,-1,-1
375,28,658.300,460.208,136.755,95.017,0.707,-1,-1,-1
375,30,627.833,510.615,185.473,127.786,0.997,-1,-1,-1
375,32,1001.877,383.262,213.926,123.203,0.995,-1,-1,-1
376,28,656.486,460.434,136.755,95.017,0.707,-1,-1,-1
376,30,645.332,511.177,201.981,131.761,0.994,-1,-1,-1
376,32,972.183,387.111,205.083,120.652,0.994,-1,-1,-1
377,28,652.703,464.383,139.336,94.290,0.652,-1,-1,-1
377,30,668.893,511.196,213.234,139.835,0.995,-1,-1,-1
377,32,944.714,394.412,192.821,113.877,0.995,-1,-1,-1
378,28,649.450,464.363,139.908,93.460,0.881,-1,-1,-1
378,30,684.331,504.572,239.784,155.863,0.997,-1,-1,-1
378,32,919.525,396.677,180.449,112.428,0.994,-1,-1,-1
379,28,648.908,465.805,138.807,92.389,0.958,-1,-1,-1
379,30,713.725,503.493,257.820,165.321,0.994,-1,-1,-1
379,32,891.627,405.643,178.583,105.035,0.992,-1,-1,-1
380,28,647.786,465.373,138.295,92.490,0.968,-1,-1,-1
380,30,736.700,497.156,282.867,179.591,0.997,-1,-1,-1
380,32,870.264,410.417,170.047,101.147,0.983,-1,-1,-1
381,28,648.072,466.077,135.478,91.790,0.980,-1,-1,-1
381,30,772.723,490.472,308.791,195.879,0.997,-1,-1,-1
381,32,848.295,415.887,165.272,101.031,0.966,-1,-1,-1
382,28,647.403,466.448,134.131,91.697,0.982,-1,-1,-1
382,30,808.358,490.260,345.586,207.976,0.996,-1,-1,-1
382,32,832.998,420.047,155.316,96.379,0.969,-1,-1,-1
383,28,646.437,466.560,133.791,91.185,0.983,-1,-1,-1
383,30,854.239,490.904,383.454,222.992,0.997,-1,-1,-1
383,32,816.132,423.468,147.036,93.687,0.980,-1,-1,-1
384,28,644.568,466.377,132.949,90.636,0.982,-1,-1,-1
384,30,913.548,493.979,431.861,237.594,0.997,-1,-1,-1
384,32,797.995,426.991,141.160,91.986,0.985,-1,-1,-1
385,28,642.530,465.317,132.412,90.920,0.981,-1,-1,-1
385,30,985.611,498.053,489.091,253.634,0.998,-1,-1,-1
385,32,780.984,431.028,137.672,88.294,0.970,-1,-1,-1
386,28,641.713,465.809,131.615,90.575,0.972,-1,-1,-1
386,30,1069.581,492.269,528.143,280.416,0.996,-1,-1,-1
386,32,770.181,432.906,129.350,87.957,0.700,-1,-1,-1
386,35,232.183,614.073,135.135,83.087,0.719,-1,-1,-1
387,28,640.492,466.366,132.850,90.502,0.992,-1,-1,-1
387,30,1168.576,490.254,429.371,315.910,0.982,-1,-1,-1
387,32,755.002,434.645,129.350,87.957,0.700,-1,-1,-1
387,35,232.892,614.403,136.181,82.462,0.811,-1,-1,-1
388,28,640.656,466.999,133.260,90.057,0.994,-1,-1,-1
388,30,1278.698,507.321,319.942,310.078,0.811,-1,-1,-1
388,32,744.011,435.966,129.350,87.957,0.700,-1,-1,-1
388,35,234.170,614.093,135.209,82.009,0.794,-1,-1,-1
389,28,640.231,466.421,134.002,90.393,0.995,-1,-1,-1
389,30,1376.030,518.339,222.970,310.078,0.811,-1,-1,-1
389,32,737.221,436.755,129.350,87.957,0.700,-1,-1,-1
389,35,234.876,613.590,136.077,82.449,0.782,-1,-1,-1
390,28,640.174,468.028,133.954,89.403,0.994,-1,-1,-1
390,30,1453.236,526.934,145.764,310.078,0.811,-1,-1,-1
390,32,734.181,437.103,129.350,87.957,0.700,-1,-1,-1
390,35,237.772,614.415,133.578,80.765,0.813,-1,-1,-1
391,28,639.823,466.715,133.835,90.597,0.994,-1,-1,-1
391,30,1509.740,534.019,89.260,310.078,0.811,-1,-1,-1
391,35,238.056,613.811,135.422,81.370,0.834,-1,-1,-1
392,28,638.867,466.789,134.500,90.994,0.995,-1,-1,-1
392,30,1556.321,537.959,42.679,310.078,0.811,-1,-1,-1
392,35,237.758,614.111,136.576,81.595,0.869,-1,-1,-1
393,28,639.440,462.500,136.033,94.860,0.995,-1,-1,-1
393,35,238.509,613.571,136.258,82.114,0.878,-1,-1,-1
394,28,638.992,463.349,131.612,94.934,0.994,-1,-1,-1
394,35,238.758,613.261,137.104,82.401,0.897,-1,-1,-1
395,28,637.231,464.354,132.442,94.561,0.994,-1,-1,-1
395,35,238.544,613.091,137.792,82.762,0.911,-1,-1,-1
396,28,636.507,465.086,131.605,93.110,0.993,-1,-1,-1
396,35,238.867,613.075,137.599,82.554,0.917,-1,-1,-1
397,28,634.651,465.405,133.287,93.104,0.993,-1,-1,-1
397,35,238.206,612.332,138.889,84.032,0.869,-1,-1,-1
398,28,632.220,465.684,135.358,93.091,0.992,-1,-1,-1
398,35,238.107,612.150,138.664,84.065,0.872,-1,-1,-1
398,37,1472.786,297.524,126.609,175.013,0.719,-1,-1,-1
399,28,633.024,467.549,134.997,90.280,0.989,-1,-1,-1
399,35,238.270,612.322,138.397,83.876,0.865,-1,-1,-1
399,37,1400.261,284.030,199.110,184.982,0.911,-1,-1,-1
400,28,636.302,469.331,132.279,87.937,0.986,-1,-1,-1
400,35,238.343,612.285,138.564,83.700,0.854,-1,-1,-1
400,37,1343.276,278.512,255.542,198.483,0.944,-1,-1,-1
401,28,638.016,469.970,130.860,87.334,0.985,-1,-1,-1
401,35,238.109,612.563,138.174,83.125,0.842,-1,-1,-1
401,37,1280.466,290.202,316.107,190.511,0.992,-1,-1,-1
402,28,638.254,470.303,130.977,87.439,0.988,-1,-1,-1
402,35,237.685,612.212,139.161,83.865,0.843,-1,-1,-1
402,37,1233.362,304.929,296.974,176.827,0.993,-1,-1,-1
403,28,636.509,469.933,132.033,87.947,0.988,-1,-1,-1
403,35,237.438,611.773,140.082,84.174,0.866,-1,-1,-1
403,37,1187.766,316.398,276.469,169.072,0.995,-1,-1,-1
404,28,635.725,469.727,132.686,88.352,0.990,-1,-1,-1
404,35,237.439,611.795,139.915,84.243,0.848,-1,-1,-1
404,37,1151.931,326.800,255.009,160.561,0.995,-1,-1,-1
405,28,636.058,470.208,132.643,87.911,0.991,-1,-1,-1
405,35,237.560,611.826,139.669,84.162,0.859,-1,-1,-1
405,37,1110.350,335.919,239.214,153.489,0.989,-1,-1,-1
406,28,637.747,470.664,131.519,87.470,0.991,-1,-1,-1
406,35,237.758,611.827,139.270,84.078,0.855,-1,-1,-1
406,37,1075.996,340.027,227.033,152.811,0.991,-1,-1,-1
407,28,638.309,470.681,131.163,87.614,0.991,-1,-1,-1
407,35,237.700,611.431,139.388,84.372,0.863,-1,-1,-1
407,37,1043.276,348.088,213.583,145.422,0.991,-1,-1,-1
408,28,637.949,470.379,131.866,87.712,0.991,-1,-1,-1
408,35,237.358,611.854,139.684,83.990,0.865,-1,-1,-1
408,37,1011.377,356.797,207.036,140.507,0.989,-1,-1,-1
409,28,638.339,470.217,131.022,87.695,0.991,-1,-1,-1
409,35,238.042,611.624,138.244,84.091,0.832,-1,-1,-1
409,37,983.711,359.639,197.283,138.943,0.991,-1,-1,-1
410,28,638.568,470.296,131.109,87.591,0.991,-1,-1,-1
410,35,238.050,611.731,138.222,83.902,0.820,-1,-1,-1
410,37,957.975,363.125,188.665,135.977,0.994,-1,-1,-1
411,28,639.093,470.499,131.417,87.723,0.992,-1,-1,-1
411,35,237.865,611.828,138.669,83.990,0.811,-1,-1,-1
411,37,934.174,368.117,176.803,133.098,0.992,-1,-1,-1
412,28,639.269,470.345,131.760,87.861,0.993,-1,-1,-1
412,35,238.168,611.993,137.673,83.806,0.809,-1,-1,-1
412,37,909.726,375.646,173.792,127.270,0.993,-1,-1,-1
413,28,639.868,470.337,131.279,88.036,0.992,-1,-1,-1
413,35,238.399,611.790,137.456,83.877,0.793,-1,-1,-1
413,37,891.676,380.572,162.526,125.007,0.977,-1,-1,-1
414,28,639.395,470.275,131.622,87.956,0.992,-1,-1,-1
414,35,238.307,611.814,138.001,83.738,0.832,-1,-1,-1
414,37,869.480,388.280,154.976,120.112,0.962,-1,-1,-1
415,28,638.684,470.162,132.074,88.153,0.991,-1,-1,-1
415,35,238.225,611.661,138.117,83.843,0.799,-1,-1,-1
415,37,849.343,393.197,152.645,115.363,0.981,-1,-1,-1
416,28,638.197,470.177,132.461,88.072,0.990,-1,-1,-1
416,35,238.282,611.932,138.249,83.496,0.827,-1,-1,-1
416,37,831.944,397.464,149.841,111.549,0.978,-1,-1,-1
417,28,637.615,469.752,132.215,88.187,0.989,-1,-1,-1
417,35,238.482,611.722,138.829,83.735,0.811,-1,-1,-1
417,37,816.982,399.421,140.646,110.746,0.977,-1,-1,-1
418,28,636.381,470.010,133.021,88.052,0.991,-1,-1,-1
418,35,238.372,611.846,138.790,83.490,0.846,-1,-1,-1
418,37,803.728,403.826,133.700,109.577,0.813,-1,-1,-1
419,28,635.280,469.795,132.790,88.125,0.992,-1,-1,-1
419,35,239.058,611.828,137.601,83.118,0.869,-1,-1,-1
419,37,790.433,412.296,127.031,101.121,0.527,-1,-1,-1
420,28,635.631,469.698,132.282,87.845,0.987,-1,-1,-1
420,35,238.846,611.568,137.996,83.718,0.875,-1,-1,-1
420,37,772.943,415.746,127.049,99.963,0.775,-1,-1,-1
421,28,635.042,470.238,132.473,87.923,0.991,-1,-1,-1
421,35,238.681,611.093,138.576,84.562,0.853,-1,-1,-1
421,37,760.203,416.979,120.111,100.433,0.776,-1,-1,-1
422,28,635.195,468.903,133.878,89.660,0.995,-1,-1,-1
422,35,238.531,611.151,138.963,84.540,0.866,-1,-1,-1
422,37,746.627,419.519,120.111,100.433,0.776,-1,-1,-1
423,28,636.024,468.717,134.298,89.909,0.996,-1,-1,-1
423,35,238.845,611.410,138.634,84.502,0.864,-1,-1,-1
423,37,736.377,421.305,120.111,100.433,0.776,-1,-1,-1
424,28,636.354,468.485,134.716,89.989,0.996,-1,-1,-1
424,35,238.691,611.439,138.416,84.260,0.832,-1,-1,-1
424,37,729.437,422.245,120.111,100.433,0.776,-1,-1,-1
425,28,636.230,468.358,133.219,90.206,0.996,-1,-1,-1
425,35,239.481,611.429,137.539,83.967,0.842,-1,-1,-1
425,37,725.984,422.612,120.111,100.433,0.776,-1,-1,-1
426,28,637.194,468.707,132.657,90.075,0.995,-1,-1,-1
426,35,240.117,611.429,136.706,84.070,0.814,-1,-1,-1
427,28,636.622,468.986,132.893,89.820,0.995,-1,-1,-1
427,35,240.116,611.229,136.918,84.051,0.817,-1,-1,-1
428,28,636.928,468.750,132.401,90.090,0.993,-1,-1,-1
428,35,239.460,611.712,136.692,83.847,0.829,-1,-1,-1
429,28,636.919,467.105,131.038,91.970,0.994,-1,-1,-1
429,35,238.674,611.886,137.102,84.010,0.832,-1,-1,-1
430,28,636.521,466.888,130.926,91.708,0.994,-1,-1,-1
430,35,238.136,612.264,137.053,84.088,0.810,-1,-1,-1
431,28,636.971,466.417,130.539,91.948,0.994,-1,-1,-1
431,35,237.804,612.549,136.805,84.050,0.770,-1,-1,-1
432,28,635.684,467.684,133.070,90.740,0.993,-1,-1,-1
432,35,237.120,612.900,137.332,84.230,0.769,-1,-1,-1
433,28,633.931,469.470,133.956,88.856,0.993,-1,-1,-1
433,35,236.906,612.765,137.330,84.055,0.783,-1,-1,-1
434,28,633.852,468.606,133.546,88.804,0.990,-1,-1,-1
434,35,236.699,612.596,137.395,84.209,0.773,-1,-1,-1
435,28,635.711,469.955,132.185,87.879,0.991,-1,-1,-1
435,35,237.373,612.080,136.300,84.205,0.722,-1,-1,-1
436,28,637.160,470.479,130.277,87.031,0.990,-1,-1,-1
436,35,238.586,610.711,135.721,84.364,0.644,-1,-1,-1
437,28,635.250,471.642,131.384,86.301,0.990,-1,-1,-1
437,35,237.586,611.346,136.749,84.711,0.700,-1,-1,-1
438,28,634.141,471.327,131.548,86.916,0.989,-1,-1,-1
438,35,237.949,611.715,136.195,84.501,0.656,-1,-1,-1
439,28,633.205,471.427,131.444,87.279,0.989,-1,-1,-1
439,35,238.621,611.618,136.580,85.263,0.726,-1,-1,-1
440,28,630.512,471.015,133.090,88.258,0.990,-1,-1,-1
440,35,238.182,611.655,137.968,85.603,0.730,-1,-1,-1
441,28,630.620,471.595,132.681,87.151,0.990,-1,-1,-1
441,35,240.259,611.271,137.413,85.304,0.775,-1,-1,-1
442,28,628.831,471.561,133.281,87.552,0.990,-1,-1,-1
442,35,240.554,611.490,137.798,85.363,0.835,-1,-1,-1
443,28,629.259,471.508,131.047,87.253,0.987,-1,-1,-1
443,35,241.698,610.564,137.524,86.131,0.824,-1,-1,-1
444,28,628.688,471.879,129.157,87.106,0.986,-1,-1,-1
444,35,241.986,609.582,139.404,88.131,0.871,-1,-1,-1
445,28,627.549,471.492,129.257,87.347,0.988,-1,-1,-1
445,35,242.762,609.080,141.178,88.086,0.875,-1,-1,-1
446,28,625.953,471.336,129.317,87.513,0.986,-1,-1,-1
446,35,245.345,608.192,141.457,88.336,0.900,-1,-1,-1
447,28,624.661,471.103,129.080,88.579,0.982,-1,-1,-1
447,35,248.550,607.936,140.610,88.135,0.906,-1,-1,-1
448,28,622.190,471.468,129.064,89.089,0.979,-1,-1,-1
448,35,252.368,607.379,140.612,87.785,0.918,-1,-1,-1
449,28,620.952,472.718,126.314,88.132,0.972,-1,-1,-1
449,35,252.925,605.790,145.848,89.415,0.950,-1,-1,-1
450,28,617.881,472.223,126.015,88.566,0.970,-1,-1,-1
450,35,257.052,603.486,147.896,92.060,0.969,-1,-1,-1
451,28,613.459,473.673,125.947,86.530,0.941,-1,-1,-1
451,35,260.287,603.082,152.301,93.606,0.974,-1,-1,-1
452,28,613.734,473.843,120.033,86.284,0.794,-1,-1,-1
452,35,267.622,602.618,151.561,91.406,0.980,-1,-1,-1
453,28,615.035,474.585,112.883,84.391,0.627,-1,-1,-1
453,35,273.183,601.343,151.259,90.806,0.979,-1,-1,-1
454,28,612.499,474.618,112.883,84.391,0.627,-1,-1,-1
454,35,282.066,600.494,151.493,90.501,0.962,-1,-1,-1
455,28,521.538,503.529,160.888,120.467,0.992,-1,-1,-1
455,35,287.843,597.966,154.366,92.648,0.974,-1,-1,-1
456,28,528.471,503.027,168.947,124.507,0.991,-1,-1,-1
456,35,296.380,595.472,154.917,92.343,0.975,-1,-1,-1
457,28,536.666,501.064,172.744,130.773,0.994,-1,-1,-1
457,35,304.050,591.881,157.577,94.075,0.975,-1,-1,-1
458,28,543.378,494.417,184.087,140.982,0.991,-1,-1,-1
458,35,313.305,590.104,156.709,93.021,0.973,-1,-1,-1
459,28,552.110,491.586,198.306,146.980,0.997,-1,-1,-1
459,35,320.766,588.414,156.275,92.597,0.973,-1,-1,-1
460,28,557.546,490.580,215.938,148.099,0.994,-1,-1,-1
460,35,329.493,586.750,158.271,92.363,0.957,-1,-1,-1
461,28,575.238,490.962,221.822,151.916,0.993,-1,-1,-1
461,35,341.281,581.482,155.959,90.392,0.949,-1,-1,-1
462,28,585.918,488.488,232.696,156.300,0.987,-1,-1,-1
462,35,350.745,579.839,154.575,87.843,0.916,-1,-1,-1
463,28,600.946,488.073,241.970,157.657,0.995,-1,-1,-1
463,35,360.430,576.217,154.461,89.385,0.954,-1,-1,-1
464,28,618.778,484.494,253.619,166.101,0.995,-1,-1,-1
464,35,368.658,571.956,156.557,91.690,0.935,-1,-1,-1
465,28,634.449,480.362,268.142,176.967,0.994,-1,-1,-1
465,35,379.011,569.564,156.709,91.708,0.946,-1,-1,-1
466,28,648.583,473.218,285.876,190.031,0.994,-1,-1,-1
466,35,389.472,565.578,160.464,91.682,0.928,-1,-1,-1
467,28,670.615,470.658,301.111,198.084,0.994,-1,-1,-1
467,35,401.161,561.429,160.117,94.312,0.936,-1,-1,-1
468,28,688.527,467.735,320.163,207.376,0.991,-1,-1,-1
468,35,411.174,555.461,161.801,96.147,0.941,-1,-1,-1
469,28,713.452,467.310,338.331,214.047,0.988,-1,-1,-1
469,35,422.266,551.868,160.711,97.990,0.951,-1,-1,-1
470,28,733.291,463.168,366.402,223.784,0.997,-1,-1,-1
470,35,434.019,542.912,163.052,104.281,0.974,-1,-1,-1
471,28,761.390,460.309,392.233,234.281,0.996,-1,-1,-1
471,35,437.348,539.332,171.113,107.361,0.844,-1,-1,-1
472,28,795.542,456.032,419.255,246.342,0.997,-1,-1,-1
472,35,450.132,539.989,169.791,105.058,0.863,-1,-1,-1
473,28,830.144,450.260,461.838,269.205,0.997,-1,-1,-1
473,35,459.841,541.147,170.735,103.333,0.737,-1,-1,-1
474,28,872.035,455.589,513.135,277.848,0.997,-1,-1,-1
474,35,473.114,540.661,167.926,101.706,0.860,-1,-1,-1
475,28,924.590,452.896,564.421,296.163,0.996,-1,-1,-1
475,35,488.212,536.094,165.272,106.017,0.971,-1,-1,-1
475,43,840.567,429.208,200.140,124.064,0.688,-1,-1,-1
476,28,983.545,443.408,613.579,323.539,0.996,-1,-1,-1
476,35,500.256,535.177,165.533,106.757,0.975,-1,-1,-1
476,43,831.566,431.439,191.182,119.027,0.978,-1,-1,-1
477,28,1045.938,434.942,553.491,365.703,0.976,-1,-1,-1
477,35,510.694,533.636,166.319,108.112,0.988,-1,-1,-1
477,43,817.229,434.505,189.358,117.075,0.993,-1,-1,-1
478,28,1115.235,425.820,484.422,394.501,0.918,-1,-1,-1
478,35,520.826,531.755,166.933,109.199,0.990,-1,-1,-1
478,43,800.167,437.869,186.183,114.351,0.995,-1,-1,-1
479,28,1191.613,424.843,406.907,381.707,0.881,-1,-1,-1
479,35,531.402,529.278,168.958,111.322,0.976,-1,-1,-1
479,43,790.556,440.452,174.330,112.208,0.995,-1,-1,-1
480,28,1288.789,428.752,310.279,383.787,0.677,-1,-1,-1
480,35,541.857,525.911,170.945,113.011,0.975,-1,-1,-1
480,43,776.797,442.524,171.629,109.646,0.993,-1,-1,-1
480,44,247.777,604.357,143.788,92.062,0.676,-1,-1,-1
481,28,1407.020,422.366,193.291,407.882,0.590,-1,-1,-1
481,35,549.073,527.149,176.735,114.879,0.989,-1,-1,-1
481,43,766.879,444.769,167.028,106.302,0.993,-1,-1,-1
481,44,252.952,601.528,145.418,94.481,0.816,-1,-1,-1
482,28,1474.176,424.160,124.824,407.882,0.590,-1,-1,-1
482,35,560.569,524.182,180.728,115.337,0.978,-1,-1,-1
482,43,754.839,446.917,160.374,103.489,0.989,-1,-1,-1
482,44,257.393,601.260,150.228,94.815,0.916,-1,-1,-1
483,28,1534.378,424.897,64.622,407.882,0.590,-1,-1,-1
483,35,573.302,523.586,184.890,115.319,0.984,-1,-1,-1
483,43,743.460,449.457,158.424,103.671,0.969,-1,-1,-1
483,44,248.404,600.507,165.333,98.155,0.806,-1,-1,-1
484,28,1587.054,427.110,11.946,407.882,0.590,-1,-1,-1
484,35,586.166,517.836,189.620,123.745,0.992,-1,-1,-1
484,43,726.970,451.931,159.244,100.150,0.927,-1,-1,-1
484,44,238.630,599.862,178.933,97.231,0.835,-1,-1,-1
484,45,1408.448,319.094,190.762,152.719,0.940,-1,-1,-1
485,35,595.687,515.518,201.113,126.063,0.994,-1,-1,-1
485,43,712.168,451.814,157.171,101.333,0.887,-1,-1,-1
485,44,282.962,599.589,150.590,92.697,0.856,-1,-1,-1
485,45,1346.298,320.083,252.338,153.807,0.989,-1,-1,-1
486,35,610.943,513.480,207.327,129.663,0.995,-1,-1,-1
486,43,698.853,455.916,155.685,100.377,0.800,-1,-1,-1
486,44,291.215,598.203,149.095,91.657,0.816,-1,-1,-1
486,45,1280.023,325.371,316.533,153.337,0.995,-1,-1,-1
487,35,629.305,515.121,208.162,130.358,0.996,-1,-1,-1
487,43,687.161,457.402,155.685,100.377,0.800,-1,-1,-1
487,44,302.550,597.223,149.306,90.763,0.877,-1,-1,-1
487,45,1230.211,335.673,311.790,148.684,0.994,-1,-1,-1
488,35,644.708,513.896,213.916,133.971,0.993,-1,-1,-1
488,43,677.930,458.368,155.685,100.377,0.800,-1,-1,-1
488,44,313.129,595.941,145.774,92.128,0.925,-1,-1,-1
488,45,1177.548,346.002,282.413,142.266,0.996,-1,-1,-1
489,35,658.364,513.004,227.148,137.337,0.992,-1,-1,-1
489,43,663.170,463.916,148.604,98.332,0.657,-1,-1,-1
489,44,321.841,595.232,146.593,92.456,0.926,-1,-1,-1
489,45,1138.411,354.108,263.569,137.974,0.996,-1,-1,-1
490,35,673.104,510.034,239.688,144.828,0.993,-1,-1,-1
490,43,650.041,465.632,151.458,99.291,0.699,-1,-1,-1
490,44,329.494,593.480,147.218,92.609,0.960,-1,-1,-1
490,45,1093.312,360.119,247.928,136.022,0.994,-1,-1,-1
491,35,685.342,507.849,258.566,150.095,0.996,-1,-1,-1
491,43,638.307,470.022,148.250,94.650,0.811,-1,-1,-1
491,44,338.013,592.888,146.023,91.581,0.956,-1,-1,-1
491,45,1051.851,366.721,238.347,133.615,0.995,-1,-1,-1
492,35,714.558,502.873,258.371,157.701,0.995,-1,-1,-1
492,43,621.611,472.198,148.147,93.611,0.932,-1,-1,-1
492,44,344.099,591.979,148.289,91.907,0.969,-1,-1,-1
492,45,1018.176,373.560,218.922,130.027,0.992,-1,-1,-1
493,35,735.840,498.764,274.421,165.955,0.996,-1,-1,-1
493,43,607.730,475.146,148.016,94.243,0.943,-1,-1,-1
493,44,351.376,591.245,147.555,93.973,0.971,-1,-1,-1
493,45,981.505,378.204,215.785,126.567,0.992,-1,-1,-1
494,35,758.168,490.810,299.088,180.336,0.997,-1,-1,-1
494,43,594.272,477.546,146.700,94.504,0.963,-1,-1,-1
494,44,357.312,588.648,149.824,97.776,0.964,-1,-1,-1
494,45,957.115,385.221,200.411,119.110,0.980,-1,-1,-1
495,35,778.119,488.050,319.798,190.672,0.997,-1,-1,-1
495,43,586.331,480.796,146.436,92.379,0.977,-1,-1,-1
495,44,365.693,585.181,146.489,102.005,0.977,-1,-1,-1
495,45,930.505,391.367,188.454,116.814,0.973,-1,-1,-1
496,35,808.481,485.419,342.170,198.132,0.997,-1,-1,-1
496,43,569.785,482.962,145.481,95.071,0.968,-1,-1,-1
496,44,371.225,584.503,147.583,104.579,0.986,-1,-1,-1
496,45,902.440,396.117,182.757,113.689,0.973,-1,-1,-1
497,35,840.337,487.454,366.400,203.100,0.996,-1,-1,-1
497,43,554.849,486.858,146.804,94.747,0.966,-1,-1,-1
497,44,378.597,584.170,146.193,105.073,0.983,-1,-1,-1
497,45,877.485,403.581,176.848,108.342,0.985,-1,-1,-1
498,35,871.412,484.130,398.669,215.505,0.996,-1,-1,-1
498,43,542.733,490.338,143.225,94.203,0.961,-1,-1,-1
498,44,386.813,585.350,144.805,104.479,0.975,-1,-1,-1
498,45,857.090,410.501,169.469,104.289,0.977,-1,-1,-1
499,35,918.890,485.462,434.964,227.385,0.996,-1,-1,-1
499,43,530.622,495.546,136.845,90.935,0.944,-1,-1,-1
499,44,392.555,584.523,146.681,106.058,0.977,-1,-1,-1
499,45,834.942,414.474,163.585,100.302,0.983,-1,-1,-1
500,35,972.628,488.986,469.844,239.440,0.997,-1,-1,-1
500,43,512.100,498.238,138.937,93.315,0.942,-1,-1,-1
500,44,399.085,584.443,148.654,107.882,0.972,-1,-1,-1
500,45,817.631,418.277,149.952,96.796,0.991,-1,-1,-1
501,35,1031.533,488.924,515.244,252.197,0.998,-1,-1,-1
501,43,498.975,501.526,132.968,91.807,0.880,-1,-1,-1
501,44,405.647,583.568,149.984,109.929,0.979,-1,-1,-1
501,45,797.583,423.258,144.567,94.278,0.994,-1,-1,-1
502,35,1092.731,481.220,506.117,279.540,0.984,-1,-1,-1
502,43,484.761,506.451,130.236,89.648,0.762,-1,-1,-1
502,44,409.187,584.177,151.930,110.214,0.987,-1,-1,-1
502,45,778.749,423.751,138.699,95.532,0.993,-1,-1,-1
503,35,1166.351,476.982,432.017,297.328,0.945,-1,-1,-1
503,43,472.433,512.817,126.901,89.244,0.582,-1,-1,-1
503,44,415.962,584.078,149.163,111.063,0.991,-1,-1,-1
503,45,760.768,426.028,137.986,95.569,0.993,-1,-1,-1
504,35,1248.513,480.250,350.236,299.561,0.794,-1,-1,-1
504,43,459.757,516.222,126.901,89.244,0.582,-1,-1,-1
504,44,423.016,584.456,148.936,113.718,0.995,-1,-1,-1
504,45,746.030,429.544,130.795,91.975,0.995,-1,-1,-1
505,35,1316.419,484.820,282.581,299.561,0.794,-1,-1,-1
505,43,450.480,519.021,126.901,89.244,0.582,-1,-1,-1
505,44,432.178,586.924,146.963,113.993,0.995,-1,-1,-1
505,45,729.904,433.084,130.686,90.135,0.993,-1,-1,-1
506,35,1395.062,488.185,203.938,299.561,0.794,-1,-1,-1
506,43,425.941,533.497,128.465,88.828,0.676,-1,-1,-1
506,44,435.565,587.782,152.398,120.197,0.997,-1,-1,-1
506,45,718.661,436.327,125.025,87.606,0.994,-1,-1,-1
507,35,1462.375,490.372,136.625,299.561,0.794,-1,-1,-1
507,43,407.414,535.984,132.582,93.942,0.830,-1,-1,-1
507,44,441.197,589.498,156.019,124.881,0.997,-1,-1,-1
507,45,706.119,439.792,119.536,84.942,0.996,-1,-1,-1
508,35,1522.375,491.626,76.625,299.561,0.794,-1,-1,-1
508,43,393.565,542.750,128.025,88.944,0.867,-1,-1,-1
508,44,446.511,590.179,160.729,128.681,0.998,-1,-1,-1
508,45,695.257,441.798,117.049,83.409,0.994,-1,-1,-1
509,43,378.286,554.519,125.840,83.133,0.813,-1,-1,-1
509,44,455.007,589.966,165.275,132.912,0.998,-1,-1,-1
509,45,683.674,444.310,112.668,82.696,0.995,-1,-1,-1
510,43,362.846,558.263,126.344,81.691,0.922,-1,-1,-1
510,44,462.308,590.586,173.002,136.876,0.998,-1,-1,-1
510,45,671.737,447.028,110.896,80.642,0.994,-1,-1,-1
511,43,350.112,563.726,121.180,79.784,0.885,-1,-1,-1
511,44,472.584,592.178,178.858,140.225,0.999,-1,-1,-1
511,45,662.164,449.460,105.607,79.117,0.991,-1,-1,-1
512,43,333.377,569.495,122.972,81.830,0.910,-1,-1,-1
512,44,481.046,592.515,184.757,147.883,0.999,-1,-1,-1
512,45,652.387,451.263,102.701,78.222,0.985,-1,-1,-1
513,43,315.754,576.233,123.531,79.939,0.889,-1,-1,-1
513,44,486.362,592.402,196.529,154.905,0.999,-1,-1,-1
513,45,642.114,454.183,100.502,76.866,0.982,-1,-1,-1
514,43,301.218,579.216,120.753,78.627,0.911,-1,-1,-1
514,44,494.932,590.710,208.749,165.288,0.999,-1,-1,-1
514,45,633.343,456.004,96.533,75.044,0.958,-1,-1,-1
515,43,278.719,587.618,126.825,77.109,0.923,-1,-1,-1
515,44,501.528,593.690,220.174,171.861,0.999,-1,-1,-1
515,45,626.095,458.211,92.596,74.306,0.953,-1,-1,-1
516,43,263.426,592.281,123.099,76.014,0.933,-1,-1,-1
516,44,511.822,597.417,233.565,175.160,0.999,-1,-1,-1
516,45,619.842,460.458,90.611,73.603,0.940,-1,-1,-1
517,43,247.546,597.318,126.276,76.043,0.934,-1,-1,-1
517,44,520.069,596.795,248.564,184.873,0.999,-1,-1,-1
517,45,612.325,461.990,89.352,72.298,0.887,-1,-1,-1
518,43,228.170,600.763,126.793,77.691,0.872,-1,-1,-1
518,44,530.258,603.984,264.590,191.341,0.999,-1,-1,-1
518,45,604.624,462.886,89.660,73.133,0.797,-1,-1,-1
519,43,220.745,606.127,115.531,75.499,0.622,-1,-1,-1
519,44,547.664,612.330,275.475,201.495,0.999,-1,-1,-1
519,45,598.284,463.369,86.072,71.507,0.817,-1,-1,-1
520,43,205.431,611.010,112.322,75.881,0.501,-1,-1,-1
520,44,560.488,613.518,300.604,213.968,0.999,-1,-1,-1
520,45,591.421,466.161,82.555,69.284,0.764,-1,-1,-1
521,43,185.776,618.108,108.408,78.185,0.730,-1,-1,-1
521,44,578.980,618.468,319.155,225.233,0.999,-1,-1,-1
521,45,586.674,467.866,81.221,69.520,0.567,-1,-1,-1
522,43,164.035,625.739,116.638,78.165,0.838,-1,-1,-1
522,44,596.010,625.473,342.103,243.639,0.999,-1,-1,-1
522,45,580.744,468.180,81.280,69.272,0.819,-1,-1,-1
523,43,146.445,634.600,118.218,76.610,0.848,-1,-1,-1
523,44,616.434,632.284,370.640,262.106,0.998,-1,-1,-1
523,45,574.943,468.834,80.362,69.151,0.737,-1,-1,-1
524,43,132.961,637.891,117.671,76.415,0.866,-1,-1,-1
524,44,641.792,635.854,400.559,291.445,0.998,-1,-1,-1
524,45,570.912,470.563,79.276,68.260,0.527,-1,-1,-1
525,43,116.172,641.269,122.313,78.588,0.795,-1,-1,-1
525,44,675.408,646.723,439.626,318.787,0.998,-1,-1,-1
525,45,565.936,470.990,79.008,69.385,0.590,-1,-1,-1
526,43,98.313,645.253,123.507,78.514,0.863,-1,-1,-1
526,44,714.940,658.870,479.616,339.758,0.997,-1,-1,-1
526,45,561.558,471.588,79.008,69.385,0.590,-1,-1,-1
527,43,85.169,647.326,124.637,80.815,0.910,-1,-1,-1
527,44,757.662,667.958,539.279,367.490,0.993,-1,-1,-1
527,45,558.352,472.135,79.008,69.385,0.590,-1,-1,-1
528,43,73.401,651.944,122.471,81.517,0.714,-1,-1,-1
528,44,817.595,685.149,612.380,416.091,0.991,-1,-1,-1
528,45,556.389,472.562,79.008,69.385,0.590,-1,-1,-1
529,43,56.746,655.406,118.517,83.703,0.547,-1,-1,-1
529,44,877.896,704.114,711.383,478.538,0.971,-1,-1,-1
529,45,542.836,472.065,77.027,69.554,0.608,-1,-1,-1
530,43,44.476,658.743,118.517,83.703,0.547,-1,-1,-1
530,44,945.459,726.566,644.737,471.157,0.753,-1,-1,-1
530,45,539.338,472.262,76.019,68.819,0.563,-1,-1,-1
531,43,35.654,661.285,118.517,83.703,0.547,-1,-1,-1
531,44,1040.937,765.712,558.063,433.288,0.753,-1,-1,-1
531,45,535.608,472.115,76.019,68.819,0.563,-1,-1,-1
532,43,29.345,663.173,118.517,83.703,0.547,-1,-1,-1
532,44,1163.149,816.408,435.851,382.592,0.753,-1,-1,-1
532,45,531.880,471.967,76.019,68.819,0.563,-1,-1,-1
533,43,25.606,664.054,118.517,83.703,0.547,-1,-1,-1
533,44,1315.753,877.677,283.247,321.323,0.753,-1,-1,-1
533,45,528.159,471.821,76.019,68.819,0.563,-1,-1,-1
534,44,1505.872,951.019,93.128,247.981,0.753,-1,-1,-1
534,45,527.346,471.752,76.019,68.819,0.563,-1,-1,-1
610,51,1562.394,320.814,37.699,140.470,0.613,-1,-1,-1
611,51,1562.277,320.826,36.723,140.470,0.613,-1,-1,-1
612,51,1443.302,311.776,155.926,154.798,0.860,-1,-1,-1
613,51,1384.067,302.710,215.058,162.502,0.987,-1,-1,-1
614,51,1337.349,314.518,261.095,154.734,0.994,-1,-1,-1
615,51,1291.703,321.444,305.622,152.905,0.996,-1,-1,-1
616,51,1248.516,324.539,340.994,152.453,0.999,-1,-1,-1
617,51,1212.399,332.069,319.409,148.909,0.999,-1,-1,-1
618,51,1170.749,338.826,303.575,145.701,0.999,-1,-1,-1
619,51,1139.335,347.232,284.798,139.857,0.999,-1,-1,-1
620,51,1104.747,352.532,271.508,137.185,0.999,-1,-1,-1
621,51,1074.776,357.664,259.048,135.038,0.998,-1,-1,-1
622,51,1046.660,364.444,243.033,131.415,0.998,-1,-1,-1
623,51,1019.158,369.656,231.273,128.790,0.997,-1,-1,-1
624,51,990.789,372.105,226.517,129.009,0.997,-1,-1,-1
625,51,969.865,374.625,217.326,126.528,0.998,-1,-1,-1
626,51,950.916,380.777,202.798,119.840,0.998,-1,-1,-1
627,51,932.133,386.964,192.911,113.730,0.997,-1,-1,-1
628,51,911.443,390.164,185.865,110.293,0.998,-1,-1,-1
629,51,893.204,396.983,180.331,106.221,0.997,-1,-1,-1
630,51,876.017,400.469,174.075,104.042,0.997,-1,-1,-1
631,51,858.086,402.853,174.075,104.042,0.997,-1,-1,-1
632,51,844.855,404.631,174.075,104.042,0.997,-1,-1,-1