1,1,1224.226,239.095,374.023,283.285,0.934,-1,-1,-1
2,1,1116.730,230.651,483.418,292.310,0.974,-1,-1,-1
3,1,1013.630,223.603,584.665,296.938,0.986,-1,-1,-1
4,1,885.639,220.691,707.546,293.150,0.995,-1,-1,-1
5,1,764.234,219.203,688.448,284.297,0.998,-1,-1,-1
6,1,641.241,215.250,699.795,288.278,0.998,-1,-1,-1
7,1,519.389,210.718,688.974,291.487,0.998,-1,-1,-1
8,1,401.381,199.966,681.210,299.684,0.998,-1,-1,-1
9,1,283.855,209.197,676.780,284.874,0.998,-1,-1,-1
9,4,1025.133,247.311,123.600,102.827,0.637,-1,-1,-1
10,1,171.317,192.503,676.017,292.896,0.996,-1,-1,-1
10,4,1026.496,247.907,121.958,101.937,0.657,-1,-1,-1
11,1,66.077,190.931,651.153,289.727,0.996,-1,-1,-1
11,4,1027.663,248.582,121.590,101.865,0.623,-1,-1,-1
12,1,5.649,192.800,600.957,285.573,0.994,-1,-1,-1
12,4,1028.101,249.926,120.423,100.944,0.759,-1,-1,-1
13,1,6.577,181.746,484.082,295.016,0.988,-1,-1,-1
13,4,1028.205,250.121,120.057,101.112,0.692,-1,-1,-1
14,1,5.495,175.540,376.589,290.167,0.979,-1,-1,-1
14,4,1027.940,250.560,120.137,100.900,0.704,-1,-1,-1
15,1,4.793,188.140,284.319,277.180,0.987,-1,-1,-1
15,4,1026.878,250.465,121.700,100.950,0.688,-1,-1,-1
16,1,2.612,192.565,188.910,268.546,0.969,-1,-1,-1
16,4,1026.255,250.266,122.984,101.391,0.666,-1,-1,-1
17,1,0.000,190.121,128.065,268.546,0.969,-1,-1,-1
17,4,1026.658,250.401,122.537,101.379,0.726,-1,-1,-1
18,1,0.000,188.928,76.076,268.546,0.969,-1,-1,-1
18,4,1026.860,250.480,121.687,101.262,0.758,-1,-1,-1
19,1,0.000,189.463,35.054,268.546,0.969,-1,-1,-1
19,4,1026.994,250.537,121.498,101.130,0.768,-1,-1,-1
20,1,0.000,188.785,3.401,268.546,0.969,-1,-1,-1
20,4,1026.914,250.511,121.643,101.139,0.771,-1,-1,-1
21,4,1027.347,250.481,120.487,101.180,0.783,-1,-1,-1
22,4,1027.421,250.425,120.376,101.193,0.785,-1,-1,-1
23,4,1027.632,250.412,120.273,101.241,0.774,-1,-1,-1
24,4,1027.462,250.274,120.630,101.457,0.775,-1,-1,-1
25,4,1027.816,250.328,120.549,101.363,0.778,-1,-1,-1
26,4,1027.748,250.477,120.553,101.253,0.768,-1,-1,-1
27,4,1027.822,250.378,120.544,101.387,0.769,-1,-1,-1
28,4,1027.859,250.375,120.533,101.409,0.780,-1,-1,-1
29,4,1027.792,250.395,120.454,101.427,0.783,-1,-1,-1
30,4,1027.719,250.396,120.496,101.401,0.786,-1,-1,-1
31,4,1027.472,250.724,120.622,100.801,0.779,-1,-1,-1
32,4,1027.449,250.704,120.702,100.811,0.784,-1,-1,-1
33,4,1027.433,250.722,120.658,100.801,0.784,-1,-1,-1
34,4,1027.551,250.734,120.610,100.771,0.778,-1,-1,-1
35,4,1027.513,250.714,120.450,100.800,0.789,-1,-1,-1
36,4,1027.412,250.612,120.744,101.012,0.784,-1,-1,-1
37,4,1026.263,250.772,121.605,100.842,0.818,-1,-1,-1
38,4,1026.297,250.757,121.564,100.879,0.817,-1,-1,-1
39,4,1026.322,250.714,121.567,100.896,0.817,-1,-1,-1
40,4,1026.243,250.775,121.597,100.833,0.819,-1,-1,-1
41,4,1026.377,250.743,121.364,100.820,0.823,-1,-1,-1
42,4,1026.414,250.791,121.380,100.783,0.824,-1,-1,-1
43,4,1026.397,250.864,121.319,100.736,0.822,-1,-1,-1
44,4,1026.416,250.897,121.243,100.672,0.822,-1,-1,-1
45,4,1026.382,250.905,121.266,100.653,0.820,-1,-1,-1
46,4,1026.214,250.923,121.444,100.652,0.818,-1,-1,-1
47,4,1026.183,250.936,121.464,100.642,0.819,-1,-1,-1
48,4,1026.154,250.943,121.532,100.642,0.818,-1,-1,-1
49,4,1026.598,251.220,121.168,100.431,0.813,-1,-1,-1
50,4,1026.550,251.193,121.167,100.442,0.809,-1,-1,-1
51,4,1026.536,251.218,121.189,100.442,0.818,-1,-1,-1
52,4,1026.443,251.275,121.174,100.410,0.814,-1,-1,-1
53,4,1026.203,251.259,121.371,100.362,0.815,-1,-1,-1
54,4,1026.120,251.317,121.536,100.340,0.811,-1,-1,-1
55,4,1025.780,250.962,122.105,100.589,0.803,-1,-1,-1
56,4,1026.489,250.871,121.111,100.636,0.660,-1,-1,-1
56,7,5.787,647.116,314.306,473.603,0.912,-1,-1,-1
57,4,1024.975,250.643,123.449,100.734,0.630,-1,-1,-1
57,7,6.802,620.102,542.938,531.665,0.974,-1,-1,-1
58,4,1026.011,250.667,122.039,100.555,0.609,-1,-1,-1
58,7,10.670,611.634,794.086,572.193,0.986,-1,-1,-1
59,4,1025.405,250.198,122.125,101.251,0.569,-1,-1,-1
59,7,5.885,619.137,1090.993,569.860,0.987,-1,-1,-1
60,4,1026.210,249.946,120.846,101.367,0.600,-1,-1,-1
60,7,172.837,642.069,1221.022,544.506,0.987,-1,-1,-1
61,4,1027.674,250.102,120.506,101.104,0.623,-1,-1,-1
61,7,446.207,652.514,1145.552,543.053,0.950,-1,-1,-1
62,4,1028.364,249.921,120.257,101.400,0.692,-1,-1,-1
62,7,754.505,663.518,836.185,533.883,0.653,-1,-1,-1
63,4,1028.423,250.058,120.378,101.201,0.768,-1,-1,-1
63,7,972.948,674.404,626.052,524.596,0.653,-1,-1,-1
64,4,1027.476,250.337,120.983,100.946,0.817,-1,-1,-1
64,7,1226.521,688.032,372.479,510.968,0.653,-1,-1,-1
65,4,1027.627,250.643,120.547,100.686,0.792,-1,-1,-1
65,7,1489.851,702.183,109.149,496.817,0.653,-1,-1,-1
66,4,1026.775,251.377,121.176,100.046,0.795,-1,-1,-1
67,4,1026.666,251.452,121.288,100.061,0.795,-1,-1,-1
68,4,1025.822,251.714,121.659,99.913,0.734,-1,-1,-1
69,4,1025.998,251.689,121.298,99.893,0.734,-1,-1,-1
70,4,1026.351,251.809,120.888,99.852,0.746,-1,-1,-1
70,8,1357.180,328.823,242.410,194.679,0.931,-1,-1,-1
71,4,1026.561,251.149,121.186,100.845,0.638,-1,-1,-1
71,8,1256.212,325.209,342.394,196.871,0.981,-1,-1,-1
72,4,1026.533,251.156,121.186,100.845,0.638,-1,-1,-1
72,8,1157.413,319.294,441.234,199.395,0.996,-1,-1,-1
72,9,2.288,485.816,350.624,313.361,0.893,-1,-1,-1
73,4,1026.631,251.095,121.186,100.845,0.638,-1,-1,-1
73,8,1042.399,316.131,471.863,196.672,0.998,-1,-1,-1
73,9,2.695,477.225,564.288,328.360,0.959,-1,-1,-1
74,4,1026.726,251.022,121.186,100.845,0.638,-1,-1,-1
74,8,925.064,314.796,466.921,194.865,0.997,-1,-1,-1
74,9,20.627,479.471,754.477,332.801,0.996,-1,-1,-1
75,4,1026.789,250.917,121.186,100.845,0.638,-1,-1,-1
75,8,814.313,308.462,465.798,198.142,0.997,-1,-1,-1
75,9,208.007,482.582,786.911,336.692,0.997,-1,-1,-1
76,4,701.620,298.205,466.311,205.083,0.998,-1,-1,-1
76,8,715.275,304.454,465.798,198.142,0.997,-1,-1,-1
76,9,426.230,486.627,775.305,341.808,0.996,-1,-1,-1
77,4,590.539,295.571,465.838,203.481,0.997,-1,-1,-1
77,8,603.093,300.645,465.798,198.142,0.997,-1,-1,-1
77,9,643.200,498.665,794.413,339.659,0.997,-1,-1,-1
78,4,480.903,295.912,458.352,195.423,0.999,-1,-1,-1
78,8,487.992,297.050,465.798,198.142,0.997,-1,-1,-1
78,9,869.493,499.818,728.198,348.102,0.985,-1,-1,-1
79,4,366.366,290.957,455.637,194.826,1.000,-1,-1,-1
79,8,374.309,293.228,465.798,198.142,0.997,-1,-1,-1
79,9,1074.181,512.190,524.843,343.179,0.883,-1,-1,-1
80,4,255.615,286.181,457.722,193.377,0.999,-1,-1,-1
80,9,1266.281,519.876,332.719,343.179,0.883,-1,-1,-1
81,4,143.452,286.696,461.704,192.303,1.000,-1,-1,-1
81,9,1459.537,527.366,139.463,343.179,0.883,-1,-1,-1
82,4,45.927,284.444,437.059,189.712,0.999,-1,-1,-1
83,4,2.857,282.931,370.328,188.350,0.998,-1,-1,-1
84,4,3.277,276.601,279.194,192.902,0.994,-1,-1,-1
85,4,1.704,276.800,196.480,193.312,0.990,-1,-1,-1
86,4,1.254,277.750,101.467,182.887,0.812,-1,-1,-1
87,4,0.000,276.403,43.857,182.887,0.812,-1,-1,-1
88,4,0.000,275.498,0.277,182.887,0.812,-1,-1,-1
97,13,3.484,368.814,295.367,465.711,0.909,-1,-1,-1
98,13,4.063,338.145,450.014,509.359,0.940,-1,-1,-1
99,13,2.834,338.924,635.133,512.478,0.959,-1,-1,-1
100,13,8.812,349.685,809.205,501.404,0.990,-1,-1,-1
101,13,8.055,337.507,994.290,519.285,0.996,-1,-1,-1
102,13,170.740,356.498,1013.515,507.463,0.999,-1,-1,-1
103,13,373.618,379.683,1003.041,485.454,1.000,-1,-1,-1
104,13,550.446,373.735,1048.489,502.430,0.999,-1,-1,-1
105,13,739.675,376.123,865.582,515.257,0.996,-1,-1,-1
106,13,950.145,361.609,648.668,528.495,0.995,-1,-1,-1
107,13,1120.681,345.964,478.479,555.971,0.989,-1,-1,-1
108,13,1288.495,353.562,310.702,554.267,0.953,-1,-1,-1
109,13,1403.429,355.440,195.571,554.267,0.953,-1,-1,-1
110,13,1498.814,355.563,100.186,554.267,0.953,-1,-1,-1
111,13,1573.796,357.265,25.204,554.267,0.953,-1,-1,-1
163,18,1450.689,346.844,149.094,171.116,0.504,-1,-1,-1
164,18,1351.180,341.177,248.218,175.541,0.887,-1,-1,-1
164,19,258.287,693.493,1275.369,504.731,0.503,-1,-1,-1
165,18,1243.237,332.933,355.715,182.399,0.994,-1,-1,-1
165,19,571.398,704.154,1028.449,493.641,0.521,-1,-1,-1
166,18,1133.405,332.127,449.517,176.127,0.999,-1,-1,-1
166,19,830.959,716.614,768.041,482.386,0.521,-1,-1,-1
167,18,1016.964,330.374,439.867,171.059,0.999,-1,-1,-1
167,19,1110.343,730.782,488.657,468.218,0.521,-1,-1,-1
168,18,896.278,325.137,437.551,171.705,0.999,-1,-1,-1
168,19,1393.983,745.110,205.017,453.890,0.521,-1,-1,-1
169,18,774.345,320.622,435.431,172.766,0.999,-1,-1,-1
170,18,657.057,315.607,439.095,174.118,1.000,-1,-1,-1
171,18,546.720,315.582,424.469,170.047,1.000,-1,-1,-1
172,18,428.930,312.134,427.619,169.651,1.000,-1,-1,-1
173,18,314.282,309.055,425.190,168.023,1.000,-1,-1,-1
174,18,189.944,304.811,429.920,170.361,0.999,-1,-1,-1
175,18,86.668,305.756,412.861,165.435,0.999,-1,-1,-1
176,18,3.471,302.023,381.789,164.335,0.998,-1,-1,-1
177,18,2.927,303.476,285.947,159.782,0.995,-1,-1,-1
178,18,1.685,296.063,190.853,163.143,0.991,-1,-1,-1
179,18,1.180,307.746,92.919,148.917,0.714,-1,-1,-1
180,18,0.000,306.597,44.479,148.917,0.714,-1,-1,-1
181,18,0.000,306.309,14.609,148.917,0.714,-1,-1,-1
223,22,1222.812,392.540,376.004,247.243,0.952,-1,-1,-1
224,22,1067.208,381.579,533.095,256.757,0.996,-1,-1,-1
225,22,906.932,381.684,610.472,248.040,0.999,-1,-1,-1
226,22,729.093,376.427,619.654,242.637,0.999,-1,-1,-1
227,22,586.331,373.236,609.160,239.496,0.999,-1,-1,-1
228,22,441.160,366.793,588.102,241.387,0.999,-1,-1,-1
229,22,295.873,359.718,587.210,240.824,0.999,-1,-1,-1
230,22,155.655,355.037,583.588,232.428,0.999,-1,-1,-1
231,22,31.981,354.072,566.210,227.147,0.999,-1,-1,-1
232,22,3.260,354.704,452.861,221.339,0.997,-1,-1,-1
233,22,1.395,351.870,336.485,217.224,0.988,-1,-1,-1
234,22,2.035,349.554,235.588,219.329,0.966,-1,-1,-1
235,22,1.090,356.910,127.643,198.763,0.700,-1,-1,-1
236,22,0.000,354.908,58.514,198.763,0.700,-1,-1,-1
237,22,0.000,353.369,5.375,198.763,0.700,-1,-1,-1
240,24,1406.591,349.548,193.473,167.032,0.852,-1,-1,-1
241,24,1323.114,343.875,275.710,173.937,0.940,-1,-1,-1
242,24,1233.944,337.874,365.092,178.533,0.989,-1,-1,-1
243,24,1146.048,335.463,452.962,175.792,0.998,-1,-1,-1
244,24,1054.857,335.512,484.999,170.640,0.999,-1,-1,-1
245,24,953.901,334.751,478.513,167.554,0.999,-1,-1,-1
246,24,852.964,330.213,486.723,169.365,0.999,-1,-1,-1
247,24,759.234,324.980,477.029,171.678,0.999,-1,-1,-1
248,24,662.069,320.493,482.895,172.329,1.000,-1,-1,-1
249,24,570.091,319.021,476.550,171.419,1.000,-1,-1,-1
250,24,472.483,316.436,475.725,170.762,1.000,-1,-1,-1
251,24,379.908,311.778,467.480,168.970,1.000,-1,-1,-1
252,24,295.894,311.715,461.351,165.304,1.000,-1,-1,-1
253,24,190.311,308.651,471.920,166.429,0.999,-1,-1,-1
254,24,108.456,308.537,460.960,161.537,0.999,-1,-1,-1
255,24,19.018,303.451,447.812,162.101,0.999,-1,-1,-1
256,24,2.908,303.447,375.058,158.799,0.998,-1,-1,-1
257,24,2.702,301.915,298.289,156.279,0.994,-1,-1,-1
258,24,2.264,298.619,224.325,160.741,0.992,-1,-1,-1
259,24,1.612,301.287,153.410,152.173,0.944,-1,-1,-1
260,24,0.942,310.515,73.511,138.846,0.904,-1,-1,-1
261,24,0.000,309.937,43.895,138.846,0.904,-1,-1,-1
262,24,0.000,309.915,21.056,138.846,0.904,-1,-1,-1
263,24,0.000,310.103,5.702,138.846,0.904,-1,-1,-1
270,27,6.270,565.466,463.418,524.294,0.920,-1,-1,-1
271,27,8.585,566.583,758.812,579.912,0.970,-1,-1,-1
272,27,1.240,579.346,1107.654,588.227,0.989,-1,-1,-1
273,27,24.905,599.247,1405.780,581.317,0.967,-1,-1,-1
274,27,339.501,603.690,1255.567,581.745,0.819,-1,-1,-1
275,27,708.998,612.323,886.245,566.184,0.868,-1,-1,-1
276,27,1028.839,654.772,561.929,536.346,0.578,-1,-1,-1
277,27,1246.743,668.680,352.257,530.320,0.578,-1,-1,-1
278,27,1482.872,684.693,116.128,514.307,0.578,-1,-1,-1
316,29,1342.003,400.432,257.805,231.069,0.800,-1,-1,-1
317,29,1214.879,384.596,383.844,243.763,0.933,-1,-1,-1
318,29,1083.127,384.253,517.350,236.957,0.991,-1,-1,-1
319,29,955.566,377.971,592.923,233.778,0.998,-1,-1,-1
320,29,797.346,378.256,603.221,226.815,0.999,-1,-1,-1
321,29,662.588,375.729,597.900,226.431,0.997,-1,-1,-1
321,30,1113.699,311.532,483.765,199.794,0.955,-1,-1,-1
322,29,531.859,369.809,581.201,226.817,0.996,-1,-1,-1
322,30,1004.774,312.005,488.211,194.814,0.988,-1,-1,-1
323,29,400.005,354.768,580.283,235.008,0.992,-1,-1,-1
323,30,895.215,304.798,481.933,195.550,0.976,-1,-1,-1
324,29,257.630,356.963,578.491,223.986,0.997,-1,-1,-1
324,30,784.410,300.404,481.933,195.550,0.976,-1,-1,-1
325,29,137.648,351.312,578.759,220.925,0.999,-1,-1,-1
325,30,672.972,296.076,481.933,195.550,0.976,-1,-1,-1
326,29,17.596,348.535,583.226,218.479,0.999,-1,-1,-1
326,30,561.268,291.935,481.933,195.550,0.976,-1,-1,-1
327,29,3.276,348.751,467.743,214.704,0.994,-1,-1,-1
327,30,448.522,287.592,481.933,195.550,0.976,-1,-1,-1
327,31,3.937,483.791,406.689,319.423,0.810,-1,-1,-1
328,29,1.870,342.795,356.278,198.879,0.977,-1,-1,-1
328,31,1.696,489.192,604.179,326.472,0.991,-1,-1,-1
329,29,2.771,343.209,268.288,218.818,0.954,-1,-1,-1
329,31,64.275,491.185,748.773,331.967,0.997,-1,-1,-1
330,29,1.417,337.232,173.352,207.064,0.865,-1,-1,-1
330,31,246.443,495.838,773.747,340.740,0.996,-1,-1,-1
331,29,0.000,333.489,110.643,207.064,0.865,-1,-1,-1
331,31,442.880,500.365,778.393,346.404,0.997,-1,-1,-1
332,29,0.000,330.084,60.773,207.064,0.865,-1,-1,-1
332,31,651.622,509.651,795.876,344.478,0.998,-1,-1,-1
333,29,0.000,329.395,19.006,207.064,0.865,-1,-1,-1
333,31,858.905,510.847,738.567,357.023,0.991,-1,-1,-1
334,31,1058.802,521.609,540.067,346.795,0.989,-1,-1,-1
335,31,1243.738,534.845,354.511,337.996,0.951,-1,-1,-1
336,31,1402.597,541.855,196.403,337.996,0.951,-1,-1,-1
337,31,1517.998,547.278,81.002,337.996,0.951,-1,-1,-1
338,31,1597.672,551.209,1.328,337.996,0.951,-1,-1,-1
342,35,1494.630,376.158,105.281,144.017,0.501,-1,-1,-1
343,35,1396.803,351.308,203.274,161.685,0.950,-1,-1,-1
344,35,1307.351,348.607,290.952,164.766,0.983,-1,-1,-1
345,35,1212.853,342.537,385.492,170.750,0.997,-1,-1,-1
346,35,1114.839,340.203,437.454,166.651,0.999,-1,-1,-1
347,35,1010.740,334.608,436.987,167.981,0.999,-1,-1,-1
348,35,900.971,331.711,433.865,169.064,0.999,-1,-1,-1
349,35,790.298,329.126,435.514,169.159,0.999,-1,-1,-1
350,35,693.171,325.271,433.420,167.852,1.000,-1,-1,-1
351,35,592.322,326.714,422.087,167.233,1.000,-1,-1,-1
352,35,484.708,323.093,422.623,167.531,1.000,-1,-1,-1
353,35,380.227,318.078,419.369,165.119,1.000,-1,-1,-1
354,35,278.922,317.215,420.679,163.248,0.999,-1,-1,-1
355,35,170.770,314.692,427.329,163.711,1.000,-1,-1,-1
356,35,75.918,313.860,412.983,157.985,0.999,-1,-1,-1
357,35,3.963,311.989,385.636,156.292,0.998,-1,-1,-1
358,35,2.757,310.649,299.451,153.984,0.995,-1,-1,-1
359,35,2.084,303.769,218.085,159.667,0.993,-1,-1,-1
360,35,1.638,304.778,132.258,149.810,0.954,-1,-1,-1
361,35,0.453,305.029,45.125,136.164,0.583,-1,-1,-1
362,35,0.000,301.626,10.812,136.164,0.583,-1,-1,-1
381,38,2.683,478.465,377.917,331.137,0.924,-1,-1,-1
382,38,2.847,473.372,592.627,349.526,0.976,-1,-1,-1
383,38,32.568,478.094,773.011,350.017,0.998,-1,-1,-1
384,38,237.493,482.660,798.431,350.276,0.997,-1,-1,-1
385,38,453.270,491.157,800.073,352.937,0.998,-1,-1,-1
386,38,686.866,498.221,818.500,356.913,0.998,-1,-1,-1
387,38,895.687,501.055,703.230,361.827,0.991,-1,-1,-1
388,38,1133.790,514.466,464.361,353.164,0.991,-1,-1,-1
389,38,1340.598,525.022,258.508,343.941,0.675,-1,-1,-1
390,38,1508.330,532.113,90.670,343.941,0.675,-1,-1,-1
434,42,1332.509,398.717,267.340,215.025,0.658,-1,-1,-1
435,42,1216.850,378.670,381.987,232.043,0.960,-1,-1,-1
436,42,1093.365,377.411,506.949,229.317,0.995,-1,-1,-1
437,42,976.407,381.214,564.986,217.867,0.999,-1,-1,-1
438,42,833.992,375.727,575.480,216.134,0.999,-1,-1,-1
439,42,714.393,370.795,566.483,215.627,0.999,-1,-1,-1
440,42,601.762,365.033,558.995,218.351,0.999,-1,-1,-1
441,42,486.662,361.919,555.847,215.795,0.999,-1,-1,-1
442,42,387.696,355.062,544.320,220.522,0.999,-1,-1,-1
443,42,273.672,353.322,544.666,215.576,0.999,-1,-1,-1
444,42,165.595,353.567,553.452,210.085,1.000,-1,-1,-1
445,42,70.254,349.954,544.102,207.701,0.999,-1,-1,-1
446,42,3.592,350.451,519.110,204.774,0.998,-1,-1,-1
447,42,3.321,350.127,417.242,203.602,0.997,-1,-1,-1
448,42,1.172,345.415,336.256,201.366,0.995,-1,-1,-1
449,42,2.650,344.631,266.172,204.598,0.981,-1,-1,-1
450,42,1.322,339.953,194.260,206.628,0.947,-1,-1,-1
451,42,0.981,351.948,120.271,184.823,0.904,-1,-1,-1
452,42,0.356,350.610,47.451,176.645,0.696,-1,-1,-1
453,42,0.000,349.177,18.763,176.645,0.696,-1,-1,-1
462,44,1361.927,341.354,237.841,175.984,0.894,-1,-1,-1
463,44,1253.460,334.104,345.650,183.512,0.983,-1,-1,-1
464,44,1149.227,331.973,448.001,179.075,0.999,-1,-1,-1
465,44,1037.776,332.051,452.380,174.584,0.999,-1,-1,-1
466,44,920.004,327.483,453.064,173.061,0.999,-1,-1,-1
467,44,805.787,322.763,450.808,175.735,0.999,-1,-1,-1
468,44,696.975,320.254,449.764,172.939,1.000,-1,-1,-1
469,44,583.496,317.660,444.659,172.724,1.000,-1,-1,-1
470,44,474.834,316.370,436.085,170.815,1.000,-1,-1,-1
471,44,363.354,307.825,439.388,173.445,0.999,-1,-1,-1
471,45,3.390,448.506,276.022,358.644,0.819,-1,-1,-1
472,44,251.885,306.125,443.555,169.498,0.999,-1,-1,-1
472,45,3.732,421.682,405.598,390.692,0.974,-1,-1,-1
473,44,143.238,302.878,443.803,170.718,0.997,-1,-1,-1
473,45,2.566,411.204,575.942,405.576,0.979,-1,-1,-1
474,44,53.232,301.733,420.229,164.145,0.993,-1,-1,-1
474,45,6.304,411.036,742.024,412.727,0.990,-1,-1,-1
475,44,3.202,301.877,366.663,163.575,0.978,-1,-1,-1
475,45,13.934,416.473,914.084,414.502,0.994,-1,-1,-1
476,44,3.063,298.855,279.780,165.309,0.919,-1,-1,-1
476,45,138.411,419.541,972.999,413.755,0.999,-1,-1,-1
477,44,1.685,295.079,195.450,167.270,0.931,-1,-1,-1
477,45,324.276,424.030,944.248,414.815,0.999,-1,-1,-1
478,44,1.303,298.096,103.595,152.577,0.532,-1,-1,-1
478,45,489.470,429.711,973.669,419.693,0.999,-1,-1,-1
479,44,0.000,296.251,62.815,152.577,0.532,-1,-1,-1
479,45,669.055,416.764,935.628,444.961,0.996,-1,-1,-1
480,44,0.000,294.428,36.099,152.577,0.532,-1,-1,-1
480,45,851.722,416.814,748.727,448.613,0.995,-1,-1,-1
481,44,0.000,293.041,18.101,152.577,0.532,-1,-1,-1
481,45,1022.536,426.064,577.350,443.356,0.991,-1,-1,-1
482,44,0.000,292.213,8.814,152.577,0.532,-1,-1,-1
482,45,1191.071,440.675,406.830,433.075,0.974,-1,-1,-1
483,45,1346.408,464.742,252.760,413.306,0.887,-1,-1,-1
484,45,1447.630,472.944,151.370,413.306,0.887,-1,-1,-1
485,45,1531.011,480.799,67.989,413.306,0.887,-1,-1,-1
486,45,1597.367,487.330,1.633,413.306,0.887,-1,-1,-1
496,48,1.454,499.407,209.520,267.577,0.710,-1,-1,-1
497,48,2.307,473.801,317.480,304.276,0.904,-1,-1,-1
498,48,3.751,464.846,463.758,322.789,0.974,-1,-1,-1
499,48,3.023,464.067,629.510,334.141,0.980,-1,-1,-1
500,48,32.587,465.472,765.239,336.076,0.998,-1,-1,-1
501,48,184.980,470.587,790.508,338.512,0.998,-1,-1,-1
502,48,358.198,475.729,784.182,344.638,0.998,-1,-1,-1
503,48,536.194,483.654,801.206,344.039,0.999,-1,-1,-1
504,48,708.075,489.678,812.898,345.274,0.998,-1,-1,-1
505,48,870.625,486.063,728.236,357.155,0.993,-1,-1,-1
506,48,1073.058,501.185,526.004,342.090,0.984,-1,-1,-1
507,48,1243.238,516.439,355.204,325.551,0.977,-1,-1,-1
508,48,1377.177,522.136,221.823,325.551,0.977,-1,-1,-1
509,48,1475.773,526.524,123.227,325.551,0.977,-1,-1,-1
510,48,1550.325,530.444,48.675,325.551,0.977,-1,-1,-1
585,51,1419.405,338.218,180.773,182.332,0.693,-1,-1,-1
586,51,1343.758,339.036,255.564,178.250,0.947,-1,-1,-1
587,51,1262.044,333.977,336.512,181.511,0.985,-1,-1,-1
588,51,1186.580,327.709,412.020,184.953,0.997,-1,-1,-1
589,51,1101.812,327.438,492.993,182.439,0.999,-1,-1,-1
590,51,1025.858,329.062,483.356,177.143,0.999,-1,-1,-1
591,51,933.402,325.493,482.424,176.572,0.999,-1,-1,-1
592,51,843.181,321.384,490.410,178.610,0.999,-1,-1,-1
593,51,763.837,317.764,481.768,177.639,0.999,-1,-1,-1
594,51,678.235,317.252,484.600,176.960,1.000,-1,-1,-1
595,51,593.589,313.964,480.374,176.025,1.000,-1,-1,-1
596,51,508.706,313.507,482.454,172.440,1.000,-1,-1,-1
597,51,428.410,308.541,473.982,174.360,1.000,-1,-1,-1
598,51,343.472,303.741,469.628,172.509,0.999,-1,-1,-1
599,51,258.514,300.021,469.628,172.509,0.999,-1,-1,-1
600,51,174.679,296.570,469.628,172.509,0.999,-1,-1,-1
601,51,91.802,293.066,469.628,172.509,0.999,-1,-1,-1
602,51,10.272,289.852,469.628,172.509,0.999,-1,-1,-1
