98,4,333.193,751.663,145.512,118.568,0.635,-1,-1,-1
99,4,338.027,752.340,148.662,118.892,0.714,-1,-1,-1
100,4,342.929,752.145,153.104,119.748,0.795,-1,-1,-1
101,4,346.746,751.097,157.379,121.392,0.840,-1,-1,-1
102,4,353.223,751.991,159.607,122.041,0.791,-1,-1,-1
103,4,355.322,755.287,157.559,123.584,0.867,-1,-1,-1
104,4,357.243,756.359,162.686,123.462,0.878,-1,-1,-1
105,4,361.791,756.802,163.555,125.506,0.885,-1,-1,-1
106,4,366.686,758.304,164.127,124.739,0.880,-1,-1,-1
107,4,371.139,760.106,168.223,124.512,0.884,-1,-1,-1
108,4,377.942,762.334,170.164,126.399,0.895,-1,-1,-1
109,4,388.822,763.247,172.088,127.669,0.931,-1,-1,-1
110,4,395.808,763.768,177.704,131.557,0.948,-1,-1,-1
111,4,407.952,765.293,177.020,133.249,0.966,-1,-1,-1
112,4,412.228,766.534,184.776,134.932,0.973,-1,-1,-1
113,4,423.415,769.161,184.004,136.796,0.982,-1,-1,-1
114,4,433.910,772.494,184.472,138.245,0.984,-1,-1,-1
115,4,447.122,774.624,186.052,141.471,0.985,-1,-1,-1
116,4,457.446,777.453,190.490,141.362,0.988,-1,-1,-1
117,4,467.678,781.700,195.255,141.710,0.990,-1,-1,-1
118,4,480.753,783.298,202.444,146.886,0.992,-1,-1,-1
119,4,492.752,785.262,208.344,152.093,0.993,-1,-1,-1
120,4,506.129,785.644,214.271,156.359,0.993,-1,-1,-1
121,4,520.765,788.878,224.307,163.110,0.995,-1,-1,-1
122,4,535.875,791.731,235.027,167.320,0.997,-1,-1,-1
123,4,550.405,795.618,244.830,173.933,0.998,-1,-1,-1
124,4,564.943,799.359,255.235,180.211,0.998,-1,-1,-1
125,4,578.775,799.738,268.804,188.838,0.999,-1,-1,-1
126,4,597.272,803.529,288.292,197.944,0.999,-1,-1,-1
127,4,620.977,803.043,308.429,211.944,0.999,-1,-1,-1
128,4,640.285,803.753,338.893,225.818,0.999,-1,-1,-1
129,4,671.035,805.475,362.255,242.450,0.999,-1,-1,-1
130,4,696.578,809.356,395.317,259.972,0.999,-1,-1,-1
131,4,726.154,815.289,434.129,273.319,0.999,-1,-1,-1
132,4,762.454,813.493,471.707,297.864,0.996,-1,-1,-1
133,4,795.682,821.031,520.173,322.134,0.998,-1,-1,-1
134,4,848.576,832.506,567.179,338.790,0.997,-1,-1,-1
135,4,900.541,842.927,626.049,375.091,0.998,-1,-1,-1
136,4,961.792,854.227,685.859,409.960,0.998,-1,-1,-1
137,4,1032.411,874.405,783.574,458.260,0.997,-1,-1,-1
138,4,1129.915,891.513,892.310,516.023,0.996,-1,-1,-1
139,4,1237.397,910.566,1043.111,597.256,0.993,-1,-1,-1
140,4,1387.290,923.530,1161.060,681.070,0.982,-1,-1,-1
141,4,1558.467,967.898,990.440,790.660,0.974,-1,-1,-1
142,4,1750.400,1002.847,800.411,760.127,0.656,-1,-1,-1
143,4,2023.333,1087.677,528.335,666.208,0.618,-1,-1,-1
144,4,2226.073,1155.117,332.927,666.208,0.618,-1,-1,-1
145,4,2387.041,1211.587,171.959,666.208,0.618,-1,-1,-1
146,4,2530.837,1248.224,28.163,666.208,0.618,-1,-1,-1
178,7,1985.652,704.594,572.507,584.040,0.862,-1,-1,-1
179,7,1777.934,679.597,781.629,632.783,0.837,-1,-1,-1
180,7,1596.719,660.614,964.475,649.267,0.963,-1,-1,-1
181,7,1455.519,677.512,1103.964,559.263,0.980,-1,-1,-1
182,7,1315.217,686.669,1079.861,495.169,0.993,-1,-1,-1
183,7,1204.266,673.098,1079.861,495.169,0.993,-1,-1,-1
184,7,1112.428,659.546,1079.861,495.169,0.993,-1,-1,-1
185,7,1038.530,648.132,1079.861,495.169,0.993,-1,-1,-1
186,7,978.915,642.337,1079.861,495.169,0.993,-1,-1,-1
189,9,1253.032,666.184,341.821,220.463,0.574,-1,-1,-1
190,9,1222.823,669.070,372.559,215.192,0.916,-1,-1,-1
191,9,1184.805,673.651,412.421,211.613,0.988,-1,-1,-1
192,9,1185.744,672.535,407.849,212.285,0.991,-1,-1,-1
193,9,1182.181,673.149,412.384,211.347,0.996,-1,-1,-1
194,9,1180.915,673.030,413.903,211.210,0.997,-1,-1,-1
195,9,1180.428,672.924,414.328,211.000,0.997,-1,-1,-1
196,9,1180.008,672.813,414.270,211.146,0.998,-1,-1,-1
197,9,1179.643,672.896,415.066,210.669,0.998,-1,-1,-1
198,9,1178.390,673.006,416.294,211.125,0.998,-1,-1,-1
199,9,1178.016,673.186,416.878,210.551,0.998,-1,-1,-1
200,9,1178.160,673.427,416.388,210.360,0.998,-1,-1,-1
201,9,1178.521,673.580,415.677,210.255,0.998,-1,-1,-1
202,9,1178.684,673.450,415.673,210.296,0.998,-1,-1,-1
203,9,1178.726,673.663,415.569,210.079,0.998,-1,-1,-1
204,9,1178.573,673.953,415.591,209.935,0.998,-1,-1,-1
205,9,1178.255,673.837,415.429,210.316,0.998,-1,-1,-1
206,9,1177.988,673.770,415.629,210.512,0.998,-1,-1,-1
207,9,1177.575,673.756,416.766,210.280,0.998,-1,-1,-1
208,9,1176.610,672.863,418.676,211.172,0.998,-1,-1,-1
209,9,1176.888,672.636,417.845,211.667,0.998,-1,-1,-1
210,9,1176.393,671.880,418.245,213.008,0.999,-1,-1,-1
211,9,1177.023,671.631,417.388,213.303,0.998,-1,-1,-1
212,9,1176.847,671.506,417.579,213.642,0.998,-1,-1,-1
212,11,1973.223,845.673,584.315,538.720,0.895,-1,-1,-1
213,9,1176.981,671.278,417.612,214.089,0.998,-1,-1,-1
213,11,1884.087,823.071,671.963,504.163,0.928,-1,-1,-1
214,9,1176.402,670.966,418.417,214.799,0.998,-1,-1,-1
214,11,1793.691,793.954,764.512,487.880,0.971,-1,-1,-1
215,9,1176.109,670.979,419.014,215.116,0.997,-1,-1,-1
215,11,1708.197,779.385,850.043,459.128,0.990,-1,-1,-1
216,9,1176.633,671.140,419.047,214.818,0.996,-1,-1,-1
216,11,1633.726,775.806,880.875,422.789,0.996,-1,-1,-1
217,9,1178.206,670.360,418.597,215.487,0.995,-1,-1,-1
217,11,1558.531,772.049,825.819,395.269,0.997,-1,-1,-1
218,9,1182.399,673.063,413.371,211.339,0.968,-1,-1,-1
218,11,1482.162,763.202,772.185,370.194,0.997,-1,-1,-1
219,9,1179.258,671.563,418.351,215.655,0.971,-1,-1,-1
219,11,1423.198,755.766,720.356,351.550,0.993,-1,-1,-1
220,9,1179.999,670.709,417.862,217.878,0.917,-1,-1,-1
220,11,1364.234,752.427,670.236,332.841,0.992,-1,-1,-1
221,9,1179.960,670.460,416.102,214.833,0.638,-1,-1,-1
221,11,1311.144,745.420,634.812,319.309,0.995,-1,-1,-1
222,9,1266.000,732.456,597.824,311.479,0.996,-1,-1,-1
222,11,1232.556,731.364,634.812,319.309,0.995,-1,-1,-1
223,9,1221.622,730.794,563.593,300.121,0.995,-1,-1,-1
223,11,1174.345,721.468,634.812,319.309,0.995,-1,-1,-1
224,9,1188.376,725.256,526.581,291.040,0.998,-1,-1,-1
224,11,1133.019,714.870,634.812,319.309,0.995,-1,-1,-1
225,9,1155.408,702.370,496.354,300.616,0.997,-1,-1,-1
225,11,1108.467,710.775,634.812,319.309,0.995,-1,-1,-1
226,9,1118.496,696.734,473.062,295.303,0.998,-1,-1,-1
227,9,1081.836,720.121,451.292,263.182,0.999,-1,-1,-1
228,9,1051.484,726.586,424.992,245.885,0.999,-1,-1,-1
229,9,1022.687,728.249,407.130,234.931,0.998,-1,-1,-1
230,9,991.816,728.422,395.744,223.513,0.993,-1,-1,-1
231,9,969.755,730.510,358.347,211.654,0.995,-1,-1,-1
231,12,1231.076,673.696,364.417,209.509,0.923,-1,-1,-1
232,9,946.282,729.544,342.443,205.198,0.994,-1,-1,-1
232,12,1202.850,673.643,395.676,213.346,0.908,-1,-1,-1
233,9,924.483,728.828,318.063,195.570,0.988,-1,-1,-1
233,12,1177.405,673.543,421.441,212.779,0.842,-1,-1,-1
234,9,901.304,728.739,311.041,192.006,0.995,-1,-1,-1
234,12,1185.438,675.166,410.402,210.334,0.993,-1,-1,-1
235,9,875.369,728.271,296.074,186.326,0.995,-1,-1,-1
235,12,1185.753,675.266,409.031,209.411,0.995,-1,-1,-1
236,9,851.764,727.206,290.084,182.729,0.996,-1,-1,-1
236,12,1183.963,675.407,410.998,209.056,0.996,-1,-1,-1
237,9,831.957,728.636,278.817,177.104,0.996,-1,-1,-1
237,12,1182.487,674.041,410.193,210.399,0.996,-1,-1,-1
238,9,817.341,728.150,262.385,173.959,0.995,-1,-1,-1
238,12,1181.873,673.771,410.987,210.978,0.997,-1,-1,-1
239,9,800.009,729.532,255.127,168.512,0.995,-1,-1,-1
239,12,1180.355,673.314,412.841,211.291,0.997,-1,-1,-1
240,9,782.995,728.747,248.313,164.003,0.994,-1,-1,-1
240,12,1179.163,673.466,414.649,210.988,0.998,-1,-1,-1
241,9,767.098,729.698,234.001,157.391,0.993,-1,-1,-1
241,12,1178.815,673.045,415.721,211.391,0.998,-1,-1,-1
242,9,741.935,715.169,237.558,166.812,0.994,-1,-1,-1
242,12,1178.369,672.266,416.366,211.927,0.998,-1,-1,-1
243,9,727.702,711.431,230.784,169.454,0.994,-1,-1,-1
243,12,1178.582,672.038,415.703,212.212,0.998,-1,-1,-1
244,9,713.200,711.766,225.119,161.623,0.994,-1,-1,-1
244,12,1178.683,672.432,415.292,211.719,0.998,-1,-1,-1
245,9,702.010,711.421,217.980,160.392,0.995,-1,-1,-1
245,12,1178.577,672.574,415.161,211.496,0.998,-1,-1,-1
246,9,685.644,719.320,214.548,150.100,0.995,-1,-1,-1
246,12,1178.107,672.719,416.078,211.129,0.998,-1,-1,-1
247,9,668.255,721.772,216.372,144.763,0.995,-1,-1,-1
247,12,1178.043,672.772,416.191,210.892,0.998,-1,-1,-1
248,9,662.458,724.837,196.914,139.784,0.996,-1,-1,-1
248,12,1178.210,672.703,415.749,210.974,0.998,-1,-1,-1
249,9,652.283,721.858,192.313,139.585,0.995,-1,-1,-1
249,12,1178.335,672.816,415.490,210.807,0.998,-1,-1,-1
250,9,640.333,723.133,188.153,137.097,0.993,-1,-1,-1
250,12,1178.428,672.923,415.415,210.649,0.998,-1,-1,-1
251,9,631.605,723.920,181.444,135.003,0.989,-1,-1,-1
251,12,1178.499,673.165,415.590,210.084,0.998,-1,-1,-1
252,9,615.383,719.086,184.102,136.703,0.987,-1,-1,-1
252,12,1178.535,673.169,415.766,210.106,0.998,-1,-1,-1
253,9,604.854,715.561,179.498,135.421,0.991,-1,-1,-1
253,12,1178.096,673.223,417.154,209.756,0.998,-1,-1,-1
254,9,596.714,713.605,171.242,135.938,0.987,-1,-1,-1
254,12,1178.075,673.372,416.866,209.781,0.998,-1,-1,-1
255,9,588.690,711.169,168.386,136.772,0.986,-1,-1,-1
255,12,1177.993,673.180,416.954,210.134,0.998,-1,-1,-1
256,9,581.107,713.439,167.340,132.297,0.981,-1,-1,-1
256,12,1177.818,673.269,417.211,209.934,0.998,-1,-1,-1
257,9,574.367,716.764,163.995,127.308,0.973,-1,-1,-1
257,12,1177.626,673.323,417.437,210.033,0.998,-1,-1,-1
258,9,567.432,719.322,163.041,123.947,0.962,-1,-1,-1
258,12,1177.434,673.600,417.728,209.677,0.998,-1,-1,-1
259,9,557.610,713.839,161.417,126.515,0.942,-1,-1,-1
259,12,1177.429,673.650,417.714,209.440,0.998,-1,-1,-1
260,9,548.549,715.149,153.070,124.152,0.951,-1,-1,-1
260,12,1177.568,673.620,417.362,209.461,0.998,-1,-1,-1
261,9,540.916,714.564,152.571,124.454,0.970,-1,-1,-1
261,12,1177.558,673.333,417.314,209.792,0.998,-1,-1,-1
262,9,535.135,714.626,149.649,124.778,0.970,-1,-1,-1
262,12,1177.669,673.219,417.133,209.915,0.998,-1,-1,-1
263,9,528.393,713.256,148.637,124.285,0.962,-1,-1,-1
263,12,1177.727,673.265,416.945,209.817,0.998,-1,-1,-1
264,9,517.949,713.709,149.214,123.497,0.959,-1,-1,-1
264,12,1177.762,673.215,416.874,209.883,0.998,-1,-1,-1
265,9,512.077,713.350,149.485,122.451,0.943,-1,-1,-1
265,12,1177.748,673.319,416.951,209.740,0.998,-1,-1,-1
266,9,505.787,712.464,150.424,122.569,0.934,-1,-1,-1
266,12,1177.626,673.306,417.136,209.876,0.998,-1,-1,-1
267,9,499.210,712.058,153.295,121.098,0.933,-1,-1,-1
267,12,1177.649,673.434,417.128,209.744,0.998,-1,-1,-1
268,9,494.399,713.646,152.142,118.331,0.893,-1,-1,-1
268,12,1177.743,673.585,416.951,209.586,0.998,-1,-1,-1
269,9,485.809,711.688,148.428,117.986,0.792,-1,-1,-1
269,12,1177.843,673.754,416.895,209.307,0.998,-1,-1,-1
270,9,476.297,712.712,146.365,116.637,0.699,-1,-1,-1
270,12,1177.173,674.487,417.231,209.165,0.999,-1,-1,-1
271,9,465.945,712.347,144.070,116.335,0.718,-1,-1,-1
271,12,1176.990,674.449,417.536,209.202,0.998,-1,-1,-1
272,9,458.217,713.313,140.839,115.446,0.632,-1,-1,-1
272,12,1176.924,674.325,417.577,209.400,0.998,-1,-1,-1
273,9,449.630,710.837,143.225,116.919,0.545,-1,-1,-1
273,12,1177.030,674.292,417.525,209.440,0.998,-1,-1,-1
274,9,445.945,712.328,138.708,115.829,0.571,-1,-1,-1
274,12,1177.140,674.239,417.356,209.602,0.998,-1,-1,-1
275,9,439.114,712.136,138.708,115.829,0.571,-1,-1,-1
275,12,1176.852,674.395,417.698,209.377,0.998,-1,-1,-1
276,9,434.591,712.014,138.708,115.829,0.571,-1,-1,-1
276,12,1177.001,674.284,417.479,209.504,0.998,-1,-1,-1
277,9,431.943,711.747,138.708,115.829,0.571,-1,-1,-1
277,12,1177.011,674.509,416.868,209.563,0.998,-1,-1,-1
278,9,430.780,711.799,138.708,115.829,0.571,-1,-1,-1
278,12,1177.018,674.500,416.774,209.538,0.998,-1,-1,-1
279,12,1176.938,674.530,416.850,209.687,0.998,-1,-1,-1
280,12,1176.843,674.647,417.016,209.644,0.998,-1,-1,-1
281,12,1175.812,673.249,419.213,211.389,0.998,-1,-1,-1
281,16,311.861,750.282,143.862,124.113,0.595,-1,-1,-1
282,12,1175.484,672.340,417.988,212.732,0.998,-1,-1,-1
282,16,315.078,751.303,144.185,125.024,0.605,-1,-1,-1
282,17,2093.467,758.264,464.804,475.695,0.506,-1,-1,-1
283,12,1176.053,671.009,418.640,215.177,0.998,-1,-1,-1
283,16,315.421,751.011,149.071,126.760,0.638,-1,-1,-1
283,17,1889.758,747.852,667.739,479.040,0.940,-1,-1,-1
284,12,1176.790,670.655,418.257,215.708,0.997,-1,-1,-1
284,16,318.243,749.795,155.085,129.681,0.760,-1,-1,-1
284,17,1727.717,713.345,831.178,484.097,0.960,-1,-1,-1
285,12,1177.637,670.179,420.466,216.398,0.996,-1,-1,-1
285,16,324.147,750.659,153.217,129.946,0.665,-1,-1,-1
285,17,1587.020,695.088,957.743,443.817,0.995,-1,-1,-1
286,12,1179.537,670.468,417.870,215.912,0.989,-1,-1,-1
286,16,330.152,753.695,155.796,127.589,0.721,-1,-1,-1
286,17,1454.268,696.847,845.545,405.673,0.994,-1,-1,-1
287,12,1288.544,689.612,798.444,374.582,0.993,-1,-1,-1
287,16,322.725,761.778,163.778,130.617,0.856,-1,-1,-1
287,17,1338.907,676.486,845.545,405.673,0.994,-1,-1,-1
288,12,1230.753,684.588,691.880,352.975,0.995,-1,-1,-1
288,16,329.118,762.916,164.319,129.467,0.862,-1,-1,-1
288,17,1229.097,657.767,845.545,405.673,0.994,-1,-1,-1
289,12,1171.119,673.938,618.844,348.863,0.997,-1,-1,-1
289,16,336.945,761.556,167.710,131.328,0.848,-1,-1,-1
289,17,1135.317,645.416,845.545,405.673,0.994,-1,-1,-1
290,12,1118.825,679.425,556.733,327.213,0.998,-1,-1,-1
290,16,346.425,758.186,166.897,134.022,0.833,-1,-1,-1
290,17,1057.007,640.741,845.545,405.673,0.994,-1,-1,-1
291,12,1060.742,677.621,521.447,310.943,0.998,-1,-1,-1
291,16,352.565,757.126,165.600,131.600,0.904,-1,-1,-1
292,12,1005.366,684.883,506.386,287.687,0.997,-1,-1,-1
292,16,352.652,760.923,166.154,133.266,0.915,-1,-1,-1
293,12,961.191,675.760,623.166,282.042,0.997,-1,-1,-1
293,16,355.193,762.191,166.971,137.509,0.902,-1,-1,-1
294,12,922.725,688.946,403.981,257.066,0.993,-1,-1,-1
294,16,362.764,765.000,173.968,137.390,0.891,-1,-1,-1
294,20,1253.836,670.340,341.877,214.231,0.840,-1,-1,-1
295,12,887.059,694.138,378.956,240.980,0.992,-1,-1,-1
295,16,367.456,764.181,177.998,141.655,0.931,-1,-1,-1
295,20,1194.676,673.158,400.581,213.745,0.956,-1,-1,-1
296,12,851.239,696.897,355.745,231.020,0.996,-1,-1,-1
296,16,378.291,765.460,178.240,141.099,0.919,-1,-1,-1
296,20,1187.193,674.492,407.814,211.741,0.993,-1,-1,-1
297,12,820.772,700.779,329.532,220.777,0.998,-1,-1,-1
297,16,382.658,767.992,183.557,145.832,0.931,-1,-1,-1
297,20,1184.817,674.794,410.232,210.700,0.995,-1,-1,-1
298,12,798.281,701.920,307.005,210.699,0.996,-1,-1,-1
298,16,391.576,768.263,187.189,151.812,0.952,-1,-1,-1
298,20,1181.187,673.180,411.893,212.537,0.996,-1,-1,-1
299,12,765.657,700.124,296.754,207.671,0.997,-1,-1,-1
299,16,398.825,768.394,192.031,155.423,0.964,-1,-1,-1
299,20,1180.441,673.004,412.370,212.717,0.997,-1,-1,-1
300,12,744.205,695.657,280.232,203.874,0.996,-1,-1,-1
300,16,407.890,770.616,196.991,157.015,0.975,-1,-1,-1
300,20,1180.156,673.009,412.497,212.767,0.997,-1,-1,-1
301,12,726.240,697.430,260.886,197.962,0.994,-1,-1,-1
301,16,416.021,773.507,200.658,160.189,0.977,-1,-1,-1
301,20,1179.916,672.369,413.485,213.219,0.997,-1,-1,-1
302,12,708.372,694.391,248.110,195.868,0.987,-1,-1,-1
302,16,424.284,775.072,203.457,163.662,0.972,-1,-1,-1
302,20,1179.465,672.317,413.676,213.279,0.997,-1,-1,-1
303,12,692.625,696.486,238.944,190.623,0.983,-1,-1,-1
303,16,434.847,778.551,208.013,170.123,0.980,-1,-1,-1
303,20,1178.661,672.711,414.245,212.635,0.998,-1,-1,-1
304,12,673.268,704.336,230.417,178.764,0.969,-1,-1,-1
304,16,446.841,782.381,212.896,169.331,0.982,-1,-1,-1
304,20,1178.341,672.776,414.870,212.385,0.998,-1,-1,-1
305,12,659.345,703.596,218.158,178.025,0.787,-1,-1,-1
305,16,460.756,786.429,222.428,171.937,0.986,-1,-1,-1
305,20,1178.768,672.938,414.318,211.847,0.998,-1,-1,-1
306,12,639.359,702.651,218.158,178.025,0.787,-1,-1,-1
306,16,475.234,788.908,228.490,177.189,0.993,-1,-1,-1
306,20,1179.108,673.096,413.848,211.132,0.998,-1,-1,-1
307,12,623.745,702.434,218.158,178.025,0.787,-1,-1,-1
307,16,485.112,793.218,238.090,180.850,0.996,-1,-1,-1
307,20,1179.177,672.948,413.964,211.205,0.998,-1,-1,-1
308,12,612.147,702.299,218.158,178.025,0.787,-1,-1,-1
308,16,499.939,798.024,245.454,187.876,0.996,-1,-1,-1
308,20,1179.298,672.899,414.029,211.330,0.998,-1,-1,-1
309,12,605.254,701.749,218.158,178.025,0.787,-1,-1,-1
309,16,513.667,800.313,254.674,192.570,0.997,-1,-1,-1
309,20,1179.496,673.081,413.756,211.006,0.998,-1,-1,-1
310,16,525.492,805.015,268.382,195.399,0.998,-1,-1,-1
310,20,1179.674,673.333,413.505,210.485,0.998,-1,-1,-1
311,16,537.409,807.848,282.016,204.065,0.998,-1,-1,-1
311,20,1179.445,673.583,413.914,210.476,0.998,-1,-1,-1
312,16,554.048,808.922,295.799,212.704,0.999,-1,-1,-1
312,20,1179.573,673.244,413.786,211.577,0.998,-1,-1,-1
313,16,566.534,809.533,326.735,229.157,0.999,-1,-1,-1
313,20,1179.649,673.068,414.600,212.886,0.998,-1,-1,-1
314,16,589.364,811.520,345.441,248.058,0.999,-1,-1,-1
314,20,1180.013,672.629,414.207,213.092,0.998,-1,-1,-1
315,16,612.078,811.006,376.738,263.850,1.000,-1,-1,-1
315,20,1180.298,672.672,413.741,212.908,0.998,-1,-1,-1
316,16,635.915,815.806,412.707,276.410,1.000,-1,-1,-1
316,20,1181.328,672.963,412.827,212.390,0.998,-1,-1,-1
317,16,662.151,820.559,448.912,293.125,0.999,-1,-1,-1
317,20,1183.720,674.319,411.767,209.860,0.996,-1,-1,-1
318,16,699.742,820.738,478.444,320.835,0.998,-1,-1,-1
318,20,1184.281,673.966,411.769,210.677,0.996,-1,-1,-1
319,16,734.832,826.176,520.471,341.317,0.998,-1,-1,-1
319,20,1184.287,673.251,411.313,211.311,0.995,-1,-1,-1
320,16,772.704,835.047,567.538,363.703,0.998,-1,-1,-1
320,20,1183.258,672.927,411.599,211.560,0.992,-1,-1,-1
321,16,826.400,844.675,630.363,398.996,0.998,-1,-1,-1
321,20,1182.402,673.227,412.879,211.671,0.979,-1,-1,-1
322,16,880.050,858.751,699.656,438.103,0.998,-1,-1,-1
322,20,1182.198,671.480,416.003,215.292,0.986,-1,-1,-1
323,16,938.310,871.270,793.225,484.027,0.998,-1,-1,-1
323,20,1179.980,668.961,421.515,220.100,0.986,-1,-1,-1
324,16,1019.825,887.655,911.273,541.740,0.997,-1,-1,-1
324,20,1179.018,669.842,422.576,217.015,0.989,-1,-1,-1
325,16,1129.118,906.788,1061.115,623.392,0.995,-1,-1,-1
325,20,1179.732,670.699,422.277,216.768,0.994,-1,-1,-1
326,16,1256.280,919.497,1286.302,699.860,0.988,-1,-1,-1
326,20,1181.524,670.540,420.240,217.696,0.996,-1,-1,-1
327,16,1425.460,953.108,1121.200,843.397,0.965,-1,-1,-1
327,20,1181.065,670.672,418.790,216.786,0.998,-1,-1,-1
328,16,1597.232,1014.075,951.103,826.389,0.784,-1,-1,-1
328,20,1177.975,669.957,417.254,216.553,0.999,-1,-1,-1
329,16,1844.256,1052.330,703.542,785.243,0.749,-1,-1,-1
329,20,1177.565,670.510,418.326,215.651,0.999,-1,-1,-1
330,16,2043.037,1119.472,515.963,785.243,0.749,-1,-1,-1
330,20,1176.531,671.703,418.298,213.515,0.999,-1,-1,-1
331,16,2193.873,1176.460,365.127,742.540,0.749,-1,-1,-1
331,20,1178.952,673.707,415.215,209.473,0.999,-1,-1,-1
332,16,2327.383,1212.374,231.617,706.626,0.749,-1,-1,-1
332,20,1178.901,673.683,415.227,209.511,0.999,-1,-1,-1
333,16,2443.559,1237.797,115.441,681.203,0.749,-1,-1,-1
333,20,1177.527,673.346,416.569,210.363,0.999,-1,-1,-1
334,20,1177.420,673.391,416.752,210.244,0.999,-1,-1,-1
335,20,1177.462,673.371,416.693,210.205,0.999,-1,-1,-1
336,20,1177.322,673.300,416.953,210.381,0.999,-1,-1,-1
337,20,1177.754,673.301,416.560,209.970,0.999,-1,-1,-1
338,20,1177.560,673.295,416.829,209.993,0.999,-1,-1,-1
339,20,1177.636,673.219,416.698,210.024,0.999,-1,-1,-1
340,20,1177.680,673.342,416.611,209.874,0.999,-1,-1,-1
341,20,1177.831,673.382,416.430,209.766,0.999,-1,-1,-1
342,20,1178.081,673.329,416.093,209.763,0.999,-1,-1,-1
343,20,1178.230,673.366,415.778,209.683,0.999,-1,-1,-1
344,20,1178.315,673.226,415.765,209.881,0.999,-1,-1,-1
345,20,1178.212,673.373,415.871,209.624,0.999,-1,-1,-1
346,20,1178.373,673.339,415.716,209.621,0.999,-1,-1,-1
347,20,1178.395,673.372,415.785,209.565,0.999,-1,-1,-1
348,20,1178.342,673.402,415.835,209.559,0.999,-1,-1,-1
349,20,1177.907,673.309,416.263,209.644,0.999,-1,-1,-1
350,20,1177.794,673.454,416.453,209.505,0.999,-1,-1,-1
351,20,1177.760,673.438,416.534,209.558,0.999,-1,-1,-1
352,20,1177.768,673.495,416.474,209.374,0.999,-1,-1,-1
353,20,1177.827,673.452,416.300,209.371,0.999,-1,-1,-1
354,20,1177.953,673.463,416.179,209.317,0.999,-1,-1,-1
355,20,1177.932,673.436,416.198,209.339,0.999,-1,-1,-1
356,20,1177.967,673.391,416.107,209.412,0.999,-1,-1,-1
357,20,1177.982,673.338,416.098,209.468,0.999,-1,-1,-1
358,20,1177.938,673.299,416.174,209.580,0.999,-1,-1,-1
359,20,1177.946,673.350,416.135,209.501,0.999,-1,-1,-1
360,20,1178.008,673.288,416.028,209.566,0.999,-1,-1,-1
361,20,1178.199,673.162,415.956,209.771,0.999,-1,-1,-1
362,20,1178.080,673.272,416.214,209.681,0.999,-1,-1,-1
363,20,1178.084,673.274,416.287,209.669,0.999,-1,-1,-1
364,20,1178.081,673.322,416.308,209.595,0.999,-1,-1,-1
365,20,1178.051,673.410,416.277,209.525,0.999,-1,-1,-1
366,20,1178.227,673.403,416.067,209.547,0.999,-1,-1,-1
367,20,1178.231,673.395,416.050,209.551,0.999,-1,-1,-1
368,20,1178.201,673.384,416.137,209.573,0.999,-1,-1,-1
369,20,1178.197,673.314,416.133,209.616,0.999,-1,-1,-1
370,20,1178.276,673.343,416.020,209.571,0.999,-1,-1,-1
371,20,1178.276,673.332,416.037,209.619,0.999,-1,-1,-1
372,20,1176.936,672.240,418.872,210.839,0.998,-1,-1,-1
373,20,1177.395,671.568,416.720,211.735,0.998,-1,-1,-1
374,20,1177.138,671.281,417.468,212.832,0.998,-1,-1,-1
374,26,1938.424,781.372,618.900,480.577,0.560,-1,-1,-1
375,20,1177.726,671.008,416.888,213.585,0.998,-1,-1,-1
375,26,1765.710,757.701,793.407,463.951,0.932,-1,-1,-1
376,20,1178.639,671.252,415.344,213.626,0.997,-1,-1,-1
376,26,1619.893,751.638,939.225,434.061,0.979,-1,-1,-1
377,20,1180.056,670.307,416.645,214.547,0.993,-1,-1,-1
377,26,1500.831,752.063,951.591,376.226,0.996,-1,-1,-1
378,20,1185.365,669.745,408.015,215.822,0.941,-1,-1,-1
378,26,1369.769,741.807,852.656,357.258,0.994,-1,-1,-1
379,20,1270.425,738.156,765.477,328.094,0.996,-1,-1,-1
379,26,1258.445,720.489,852.656,357.258,0.994,-1,-1,-1
380,20,1196.870,726.504,683.652,311.782,0.997,-1,-1,-1
380,26,1164.178,705.533,852.656,357.258,0.994,-1,-1,-1
381,20,1134.369,679.450,618.228,341.212,0.996,-1,-1,-1
381,26,1084.482,694.756,852.656,357.258,0.994,-1,-1,-1
382,20,1073.245,681.553,562.486,321.895,0.997,-1,-1,-1
382,26,1027.353,689.670,852.656,357.258,0.994,-1,-1,-1
383,20,1029.763,709.830,513.409,279.986,0.999,-1,-1,-1
384,20,975.516,729.777,479.240,249.139,0.999,-1,-1,-1
385,20,936.604,730.283,444.453,233.221,0.997,-1,-1,-1
385,27,1221.401,672.197,376.659,215.275,0.814,-1,-1,-1
386,20,905.501,729.793,399.587,220.595,0.995,-1,-1,-1
386,27,1197.887,673.529,399.779,213.057,0.876,-1,-1,-1
387,20,874.193,729.854,367.978,207.159,0.996,-1,-1,-1
387,27,1185.534,675.652,410.611,209.894,0.988,-1,-1,-1
388,20,837.431,730.624,350.243,198.192,0.997,-1,-1,-1
388,27,1188.914,676.096,406.481,208.034,0.995,-1,-1,-1
389,20,812.953,730.948,321.675,191.948,0.996,-1,-1,-1
389,27,1184.359,674.573,408.625,209.272,0.995,-1,-1,-1
390,20,791.747,729.742,301.435,186.189,0.996,-1,-1,-1
390,27,1182.889,674.127,410.968,210.087,0.997,-1,-1,-1
391,20,768.202,728.990,284.846,180.382,0.995,-1,-1,-1
391,27,1180.707,673.412,413.503,210.662,0.997,-1,-1,-1
392,20,748.951,724.813,266.974,177.051,0.992,-1,-1,-1
392,27,1179.570,673.485,415.059,210.505,0.998,-1,-1,-1
393,20,727.417,725.455,249.314,168.391,0.992,-1,-1,-1
393,27,1179.801,672.974,414.791,210.986,0.998,-1,-1,-1
394,20,707.995,722.844,239.793,166.791,0.994,-1,-1,-1
394,27,1179.587,672.681,413.976,211.280,0.998,-1,-1,-1
395,20,688.530,725.677,230.591,155.631,0.995,-1,-1,-1
395,27,1179.434,672.734,413.764,211.402,0.998,-1,-1,-1
396,20,668.645,733.403,225.497,146.969,0.995,-1,-1,-1
396,27,1178.850,672.780,414.471,211.219,0.998,-1,-1,-1
397,20,653.396,730.941,217.359,142.613,0.995,-1,-1,-1
397,27,1179.407,672.487,414.670,211.603,0.998,-1,-1,-1
398,20,640.299,730.012,209.782,140.726,0.993,-1,-1,-1
398,27,1179.181,672.123,415.628,211.889,0.998,-1,-1,-1
399,20,626.299,728.596,203.114,140.267,0.984,-1,-1,-1
399,27,1178.299,671.368,416.381,213.251,0.998,-1,-1,-1
400,20,609.507,726.090,198.408,139.094,0.981,-1,-1,-1
400,27,1178.208,671.004,415.933,213.726,0.998,-1,-1,-1
400,28,1993.888,822.848,563.807,440.165,0.746,-1,-1,-1
401,20,597.443,718.140,190.616,141.579,0.979,-1,-1,-1
401,27,1178.821,670.527,415.549,214.652,0.998,-1,-1,-1
401,28,1789.516,787.185,769.005,440.866,0.961,-1,-1,-1
402,20,588.365,716.944,185.388,140.297,0.979,-1,-1,-1
402,27,1179.370,670.567,415.543,214.699,0.996,-1,-1,-1
402,28,1620.876,771.269,919.577,399.092,0.996,-1,-1,-1
403,20,577.749,715.450,180.305,139.182,0.972,-1,-1,-1
403,27,1185.356,672.792,410.532,211.769,0.982,-1,-1,-1
403,28,1457.974,760.671,810.839,354.716,0.996,-1,-1,-1
404,20,570.266,721.396,173.249,131.119,0.958,-1,-1,-1
404,27,1179.906,669.385,414.379,219.032,0.879,-1,-1,-1
404,28,1339.165,749.954,705.340,332.212,0.993,-1,-1,-1
405,20,559.005,716.152,175.262,134.347,0.951,-1,-1,-1
405,27,1242.224,744.952,630.389,304.736,0.997,-1,-1,-1
405,28,1200.816,723.093,705.340,332.212,0.993,-1,-1,-1
406,20,551.654,710.615,174.778,137.888,0.947,-1,-1,-1
406,27,1169.511,726.530,557.536,300.260,0.997,-1,-1,-1
406,28,1082.746,703.245,705.340,332.212,0.993,-1,-1,-1
407,20,544.317,714.767,169.343,129.941,0.950,-1,-1,-1
407,27,1101.362,707.099,502.109,297.570,0.998,-1,-1,-1
407,28,983.327,690.739,705.340,332.212,0.993,-1,-1,-1
408,20,533.023,722.611,159.681,122.057,0.965,-1,-1,-1
408,27,1038.986,723.123,459.563,266.094,0.999,-1,-1,-1
408,28,927.348,684.777,705.340,332.212,0.993,-1,-1,-1
409,20,523.045,718.650,159.746,124.496,0.952,-1,-1,-1
409,27,987.769,722.996,451.996,249.720,0.996,-1,-1,-1
410,20,510.975,720.252,160.718,121.938,0.930,-1,-1,-1
410,27,945.940,730.681,375.124,225.191,0.996,-1,-1,-1
411,20,503.717,720.844,157.047,121.021,0.905,-1,-1,-1
411,27,908.273,727.374,348.048,211.530,0.988,-1,-1,-1
412,20,497.803,718.378,156.515,122.531,0.879,-1,-1,-1
412,27,865.793,729.422,329.164,200.415,0.995,-1,-1,-1
413,20,492.959,717.863,156.295,120.790,0.882,-1,-1,-1
413,27,830.965,729.689,302.661,191.552,0.997,-1,-1,-1
414,20,486.060,717.052,156.040,120.680,0.866,-1,-1,-1
414,27,805.384,729.244,280.826,183.292,0.996,-1,-1,-1
415,20,473.737,716.276,154.484,119.880,0.853,-1,-1,-1
415,27,776.421,731.626,267.704,175.727,0.996,-1,-1,-1
416,20,458.979,719.540,153.031,117.627,0.787,-1,-1,-1
416,27,752.843,731.398,244.135,166.448,0.995,-1,-1,-1
417,20,451.028,716.426,148.450,120.123,0.651,-1,-1,-1
417,27,724.355,725.569,237.471,166.559,0.994,-1,-1,-1
418,20,444.764,717.447,147.908,119.578,0.554,-1,-1,-1
418,27,701.623,723.490,229.375,161.389,0.994,-1,-1,-1
419,20,435.690,717.397,147.908,119.578,0.554,-1,-1,-1
419,27,675.881,727.629,224.348,152.353,0.996,-1,-1,-1
420,20,429.234,717.564,147.908,119.578,0.554,-1,-1,-1
420,27,655.244,732.467,216.181,144.023,0.995,-1,-1,-1
421,20,425.875,717.282,147.908,119.578,0.554,-1,-1,-1
421,27,643.799,733.011,205.799,139.765,0.996,-1,-1,-1
422,20,424.565,717.343,147.908,119.578,0.554,-1,-1,-1
422,27,628.602,729.908,195.988,139.380,0.993,-1,-1,-1
423,27,605.464,723.639,198.037,141.596,0.989,-1,-1,-1
424,27,594.736,718.888,186.344,140.909,0.993,-1,-1,-1
425,27,583.118,716.587,178.057,139.937,0.989,-1,-1,-1
426,27,576.094,725.234,169.194,130.007,0.982,-1,-1,-1
427,27,567.268,725.939,164.336,127.504,0.965,-1,-1,-1
428,27,550.512,719.717,163.470,130.067,0.954,-1,-1,-1
429,27,538.370,719.655,160.620,127.336,0.965,-1,-1,-1
430,27,527.483,721.819,156.408,123.609,0.969,-1,-1,-1
431,27,514.721,720.956,156.077,123.579,0.952,-1,-1,-1
432,27,504.510,719.946,155.501,123.206,0.939,-1,-1,-1
433,27,498.544,719.553,155.803,123.501,0.925,-1,-1,-1
434,27,493.601,720.396,155.261,121.003,0.914,-1,-1,-1
435,27,484.602,722.310,155.377,117.538,0.897,-1,-1,-1
436,27,470.000,724.080,149.563,115.596,0.868,-1,-1,-1
437,27,462.583,723.814,147.641,114.931,0.817,-1,-1,-1
438,27,451.859,722.291,148.107,115.107,0.795,-1,-1,-1
439,27,445.739,720.213,144.691,115.506,0.696,-1,-1,-1
440,27,436.897,719.549,144.691,115.506,0.696,-1,-1,-1
441,27,431.549,718.665,144.691,115.506,0.696,-1,-1,-1
442,27,427.873,717.854,144.691,115.506,0.696,-1,-1,-1
443,27,426.291,717.285,144.691,115.506,0.696,-1,-1,-1
