59,3,1657.325,767.901,260.953,312.531,0.526,-1,-1,-1
60,3,1647.977,756.983,269.818,323.254,0.550,-1,-1,-1
61,3,1641.300,745.895,275.561,332.559,0.796,-1,-1,-1
62,3,1635.555,737.154,280.965,338.621,0.802,-1,-1,-1
63,3,1627.495,727.009,288.151,341.164,0.873,-1,-1,-1
64,3,1615.569,719.311,299.743,338.485,0.924,-1,-1,-1
65,3,1606.349,705.551,309.246,328.705,0.955,-1,-1,-1
66,3,1594.561,697.366,321.155,319.569,0.973,-1,-1,-1
67,3,1577.985,687.276,336.860,309.586,0.982,-1,-1,-1
68,3,1563.793,680.562,350.387,300.564,0.989,-1,-1,-1
69,3,1548.636,676.318,361.879,285.505,0.995,-1,-1,-1
70,3,1535.919,667.925,362.060,282.000,0.995,-1,-1,-1
71,3,1519.125,658.088,363.458,278.075,0.995,-1,-1,-1
72,3,1502.803,645.186,359.620,275.536,0.996,-1,-1,-1
73,3,1487.494,637.827,351.554,272.199,0.995,-1,-1,-1
74,3,1473.175,630.566,347.881,267.031,0.997,-1,-1,-1
75,3,1461.215,623.332,342.798,264.844,0.997,-1,-1,-1
76,3,1447.748,615.116,334.790,263.557,0.997,-1,-1,-1
77,3,1436.497,604.636,330.183,263.507,0.997,-1,-1,-1
78,3,1418.748,598.275,330.773,255.603,0.998,-1,-1,-1
79,3,1406.298,591.576,324.817,250.469,0.998,-1,-1,-1
80,3,1397.189,584.842,319.554,246.199,0.998,-1,-1,-1
81,3,1386.448,576.933,310.211,242.828,0.999,-1,-1,-1
82,3,1383.481,568.282,296.315,238.727,0.994,-1,-1,-1
83,3,1372.073,559.113,296.159,233.685,0.999,-1,-1,-1
84,3,1361.792,551.516,292.191,231.515,0.999,-1,-1,-1
85,3,1348.902,544.050,292.039,228.804,0.999,-1,-1,-1
86,3,1340.703,537.100,286.498,224.727,0.999,-1,-1,-1
87,3,1330.528,531.098,285.649,220.435,0.999,-1,-1,-1
88,3,1322.924,520.541,276.863,216.385,0.998,-1,-1,-1
89,3,1313.548,514.487,277.493,212.726,0.998,-1,-1,-1
90,3,1306.962,509.506,272.225,211.286,0.998,-1,-1,-1
91,3,1299.234,503.124,264.598,207.352,0.998,-1,-1,-1
92,3,1289.720,496.528,264.129,204.859,0.998,-1,-1,-1
93,3,1279.897,488.470,257.039,203.193,0.999,-1,-1,-1
94,3,1274.463,480.570,251.779,203.385,0.998,-1,-1,-1
95,3,1269.127,474.038,248.091,201.488,0.998,-1,-1,-1
96,3,1262.102,465.838,246.238,199.898,0.998,-1,-1,-1
97,3,1256.698,458.555,241.661,196.266,0.998,-1,-1,-1
98,3,1250.200,449.584,238.802,195.403,0.998,-1,-1,-1
99,3,1246.651,444.283,231.703,192.783,0.998,-1,-1,-1
100,3,1240.573,435.749,230.411,194.097,0.998,-1,-1,-1
101,3,1236.764,430.010,227.211,188.782,0.998,-1,-1,-1
102,3,1236.598,423.720,219.515,185.842,0.996,-1,-1,-1
103,3,1227.355,414.931,223.720,184.535,0.997,-1,-1,-1
104,3,1220.370,405.651,220.037,182.983,0.995,-1,-1,-1
104,4,1461.205,658.467,450.943,415.772,0.755,-1,-1,-1
105,3,1214.058,398.608,216.120,183.932,0.997,-1,-1,-1
105,4,1452.556,648.818,458.452,419.627,0.916,-1,-1,-1
106,3,1202.966,392.060,217.783,179.209,0.995,-1,-1,-1
106,4,1441.970,640.513,467.038,410.327,0.939,-1,-1,-1
107,3,1191.178,384.648,214.470,176.864,0.997,-1,-1,-1
107,4,1428.779,635.529,476.407,404.664,0.976,-1,-1,-1
108,3,1180.692,377.554,214.175,173.258,0.997,-1,-1,-1
108,4,1411.640,624.746,472.926,397.488,0.983,-1,-1,-1
109,3,1168.435,369.001,215.338,173.467,0.996,-1,-1,-1
109,4,1392.614,613.988,469.430,385.897,0.988,-1,-1,-1
110,3,1157.312,361.865,212.244,170.461,0.996,-1,-1,-1
110,4,1377.651,606.033,459.080,376.216,0.993,-1,-1,-1
111,3,1147.225,353.914,205.786,168.094,0.996,-1,-1,-1
111,4,1363.100,596.966,446.030,366.070,0.991,-1,-1,-1
112,3,1130.528,345.569,207.866,166.499,0.996,-1,-1,-1
112,4,1351.417,588.524,438.682,364.502,0.993,-1,-1,-1
113,3,1120.927,340.421,202.439,163.995,0.997,-1,-1,-1
113,4,1342.999,578.018,424.672,355.640,0.994,-1,-1,-1
114,3,1111.007,335.132,197.460,161.038,0.997,-1,-1,-1
114,4,1332.301,568.783,418.163,348.536,0.993,-1,-1,-1
115,3,1099.977,327.527,196.403,161.095,0.997,-1,-1,-1
115,4,1324.990,557.667,409.679,348.764,0.994,-1,-1,-1
116,3,1090.501,321.954,194.235,157.711,0.996,-1,-1,-1
116,4,1314.746,550.576,403.345,341.734,0.996,-1,-1,-1
117,3,1081.489,316.042,191.855,157.393,0.998,-1,-1,-1
117,4,1308.764,541.521,394.743,341.066,0.996,-1,-1,-1
118,3,1072.946,309.407,188.316,154.991,0.998,-1,-1,-1
118,4,1300.654,534.827,388.037,337.693,0.995,-1,-1,-1
119,3,1061.189,302.764,188.428,155.225,0.997,-1,-1,-1
119,4,1293.897,525.892,381.064,331.127,0.996,-1,-1,-1
120,3,1051.165,299.225,187.039,152.692,0.997,-1,-1,-1
120,4,1285.796,518.806,373.072,321.081,0.996,-1,-1,-1
121,3,1041.626,294.005,184.395,151.590,0.998,-1,-1,-1
121,4,1278.343,512.035,367.087,317.776,0.996,-1,-1,-1
122,3,1032.269,288.842,184.477,151.642,0.997,-1,-1,-1
122,4,1272.919,504.629,364.590,313.893,0.994,-1,-1,-1
123,3,1025.038,282.999,179.607,150.026,0.997,-1,-1,-1
123,4,1267.891,499.681,355.348,304.778,0.994,-1,-1,-1
124,3,1018.563,278.286,177.662,146.906,0.998,-1,-1,-1
124,4,1261.550,493.501,347.837,298.051,0.995,-1,-1,-1
125,3,1013.261,274.294,172.479,142.571,0.997,-1,-1,-1
125,4,1256.857,488.316,342.614,292.512,0.995,-1,-1,-1
126,3,1009.017,268.607,171.168,142.502,0.997,-1,-1,-1
126,4,1255.138,481.888,337.503,289.062,0.994,-1,-1,-1
127,3,999.972,263.194,168.539,142.978,0.997,-1,-1,-1
127,4,1248.732,475.627,331.676,280.342,0.994,-1,-1,-1
128,3,994.151,259.837,163.864,141.048,0.998,-1,-1,-1
128,4,1242.738,467.298,325.317,281.340,0.992,-1,-1,-1
129,3,989.856,255.009,160.496,137.050,0.998,-1,-1,-1
129,4,1240.087,461.231,316.643,278.511,0.995,-1,-1,-1
130,3,986.216,251.901,156.239,134.904,0.998,-1,-1,-1
130,4,1236.618,455.062,312.177,272.422,0.996,-1,-1,-1
131,3,984.611,248.512,151.646,133.541,0.998,-1,-1,-1
131,4,1236.141,450.169,306.357,264.603,0.996,-1,-1,-1
132,3,982.411,243.679,149.941,133.978,0.998,-1,-1,-1
132,4,1230.943,441.815,303.020,263.448,0.995,-1,-1,-1
133,3,979.358,239.543,147.865,131.916,0.998,-1,-1,-1
133,4,1227.524,436.026,297.076,261.208,0.996,-1,-1,-1
134,3,979.670,236.427,145.566,130.553,0.997,-1,-1,-1
134,4,1224.355,430.339,288.117,251.896,0.997,-1,-1,-1
135,3,979.329,232.808,143.582,130.639,0.997,-1,-1,-1
135,4,1221.652,423.595,286.276,251.407,0.997,-1,-1,-1
136,3,977.841,227.362,142.815,131.721,0.998,-1,-1,-1
136,4,1223.503,417.124,281.774,249.547,0.994,-1,-1,-1
137,3,977.628,223.091,142.124,130.725,0.998,-1,-1,-1
137,4,1220.767,410.518,271.718,243.337,0.998,-1,-1,-1
138,3,977.039,221.304,141.153,128.743,0.998,-1,-1,-1
138,4,1217.615,403.990,266.597,240.013,0.993,-1,-1,-1
139,3,976.587,216.629,141.406,128.990,0.997,-1,-1,-1
139,4,1212.809,395.848,263.810,237.612,0.996,-1,-1,-1
140,3,977.381,213.402,139.205,128.711,0.997,-1,-1,-1
140,4,1210.741,389.500,256.894,235.294,0.997,-1,-1,-1
141,3,976.705,211.707,137.755,126.377,0.997,-1,-1,-1
141,4,1206.393,380.884,255.225,231.757,0.995,-1,-1,-1
142,3,975.621,207.513,137.665,125.741,0.998,-1,-1,-1
142,4,1202.846,373.544,254.053,227.576,0.991,-1,-1,-1
143,3,974.963,204.673,137.625,124.118,0.998,-1,-1,-1
143,4,1197.803,367.712,248.860,225.596,0.995,-1,-1,-1
144,3,975.589,203.225,135.966,122.918,0.997,-1,-1,-1
144,4,1194.937,359.956,243.585,224.497,0.996,-1,-1,-1
145,3,976.275,198.808,136.411,124.275,0.996,-1,-1,-1
145,4,1191.029,354.363,243.181,223.742,0.997,-1,-1,-1
146,3,977.015,195.909,135.783,123.730,0.997,-1,-1,-1
146,4,1189.747,350.246,234.218,219.030,0.995,-1,-1,-1
147,3,976.684,194.528,136.256,121.488,0.996,-1,-1,-1
147,4,1186.407,339.678,230.819,218.624,0.995,-1,-1,-1
148,3,975.549,191.561,137.538,120.915,0.997,-1,-1,-1
148,4,1183.763,334.612,229.154,213.799,0.996,-1,-1,-1
149,3,976.477,187.374,136.925,120.749,0.997,-1,-1,-1
149,4,1181.543,329.599,223.182,209.544,0.993,-1,-1,-1
150,3,977.670,184.006,136.739,120.930,0.997,-1,-1,-1
150,4,1179.792,320.998,219.885,208.056,0.992,-1,-1,-1
151,3,982.375,181.489,131.857,120.541,0.996,-1,-1,-1
151,4,1179.708,314.662,216.678,206.466,0.990,-1,-1,-1
152,3,984.374,178.624,132.026,120.031,0.996,-1,-1,-1
152,4,1177.737,309.983,215.632,202.083,0.993,-1,-1,-1
153,3,986.228,175.093,132.570,119.960,0.997,-1,-1,-1
153,4,1174.636,303.982,211.713,195.870,0.993,-1,-1,-1
154,3,988.349,172.394,132.875,119.011,0.997,-1,-1,-1
154,4,1168.414,297.689,208.896,195.851,0.993,-1,-1,-1
155,3,991.592,170.758,132.667,116.380,0.997,-1,-1,-1
155,4,1165.164,293.790,205.660,192.668,0.994,-1,-1,-1
156,3,995.460,168.674,131.938,115.014,0.996,-1,-1,-1
156,4,1164.152,286.502,200.843,187.625,0.996,-1,-1,-1
157,3,999.131,165.247,131.709,115.065,0.996,-1,-1,-1
157,4,1159.525,278.942,203.610,188.376,0.994,-1,-1,-1
158,3,1003.954,163.463,131.878,115.068,0.995,-1,-1,-1
158,4,1158.118,275.636,198.031,182.824,0.997,-1,-1,-1
159,3,1007.770,160.813,132.593,115.275,0.996,-1,-1,-1
159,4,1151.577,269.341,197.064,184.174,0.997,-1,-1,-1
160,3,1011.551,158.031,131.708,113.917,0.995,-1,-1,-1
160,4,1150.847,265.655,192.676,180.355,0.995,-1,-1,-1
161,3,1016.831,155.983,131.244,114.175,0.995,-1,-1,-1
161,4,1148.324,259.610,184.197,177.471,0.996,-1,-1,-1
162,3,1022.161,154.313,131.833,112.721,0.995,-1,-1,-1
162,4,1147.102,255.727,178.989,175.025,0.995,-1,-1,-1
163,3,1028.839,152.777,131.695,111.514,0.994,-1,-1,-1
163,4,1143.049,251.092,178.841,173.769,0.994,-1,-1,-1
164,3,1033.715,150.073,132.728,111.459,0.993,-1,-1,-1
164,4,1139.697,245.411,177.854,172.359,0.996,-1,-1,-1
165,3,1040.531,148.511,131.448,111.199,0.989,-1,-1,-1
165,4,1137.336,239.215,176.077,172.769,0.996,-1,-1,-1
166,3,1047.298,146.890,131.584,109.944,0.985,-1,-1,-1
166,4,1133.915,234.405,174.956,169.898,0.995,-1,-1,-1
167,3,1053.067,143.961,131.359,109.572,0.986,-1,-1,-1
167,4,1132.427,230.563,169.564,166.503,0.995,-1,-1,-1
168,3,1060.845,142.081,131.738,109.200,0.980,-1,-1,-1
168,4,1131.315,226.600,169.401,162.930,0.996,-1,-1,-1
169,3,1068.458,139.854,131.967,109.492,0.982,-1,-1,-1
169,4,1131.737,223.573,165.122,158.542,0.959,-1,-1,-1
170,3,1073.683,137.647,133.579,109.103,0.976,-1,-1,-1
170,4,1128.352,218.405,165.964,157.925,0.995,-1,-1,-1
171,3,1083.697,135.669,130.057,107.690,0.978,-1,-1,-1
171,4,1123.913,212.886,169.991,159.476,0.997,-1,-1,-1
172,3,1092.053,133.367,129.709,108.761,0.972,-1,-1,-1
172,4,1123.005,208.044,164.566,158.449,0.996,-1,-1,-1
173,3,1098.690,131.041,129.445,108.857,0.972,-1,-1,-1
173,4,1119.883,206.360,165.439,153.408,0.996,-1,-1,-1
174,3,1103.618,129.033,131.516,110.128,0.947,-1,-1,-1
174,4,1117.708,201.103,170.558,154.296,0.996,-1,-1,-1
175,3,1112.195,127.626,129.059,107.108,0.949,-1,-1,-1
175,4,1118.018,199.082,163.603,150.124,0.996,-1,-1,-1
176,3,1118.483,125.718,125.360,103.108,0.947,-1,-1,-1
176,4,1117.246,197.554,159.362,145.175,0.995,-1,-1,-1
177,3,1125.079,122.382,125.982,106.306,0.918,-1,-1,-1
177,4,1115.291,194.449,158.099,144.503,0.994,-1,-1,-1
178,3,1130.708,122.589,129.611,103.779,0.663,-1,-1,-1
178,4,1116.246,191.396,161.166,142.516,0.996,-1,-1,-1
179,3,1137.792,119.331,128.807,101.471,0.810,-1,-1,-1
179,4,1114.290,186.671,154.065,140.683,0.996,-1,-1,-1
180,3,1143.918,114.712,131.262,103.965,0.857,-1,-1,-1
180,4,1113.588,185.581,152.396,139.113,0.993,-1,-1,-1
181,3,1152.281,113.672,131.423,100.972,0.724,-1,-1,-1
181,4,1113.797,179.914,154.849,140.975,0.993,-1,-1,-1
182,3,1158.255,111.074,131.423,100.972,0.724,-1,-1,-1
182,4,1114.324,176.650,150.586,141.355,0.994,-1,-1,-1
183,3,1162.725,108.438,131.423,100.972,0.724,-1,-1,-1
183,4,1113.174,173.907,148.950,138.665,0.995,-1,-1,-1
184,3,1165.792,106.575,131.423,100.972,0.724,-1,-1,-1
184,4,1112.603,169.607,153.279,140.098,0.996,-1,-1,-1
185,3,1167.484,105.150,131.423,100.972,0.724,-1,-1,-1
185,4,1113.151,165.691,151.826,140.823,0.996,-1,-1,-1
185,7,1588.357,719.718,328.684,358.257,0.621,-1,-1,-1
186,4,1113.510,162.763,150.951,137.587,0.996,-1,-1,-1
186,7,1580.799,709.411,335.682,367.945,0.532,-1,-1,-1
187,4,1114.823,160.439,151.731,135.551,0.994,-1,-1,-1
187,7,1578.867,702.108,337.141,373.576,0.655,-1,-1,-1
188,4,1116.421,156.537,150.263,136.220,0.992,-1,-1,-1
188,7,1572.307,698.265,343.187,374.668,0.803,-1,-1,-1
189,4,1120.973,152.618,149.374,133.177,0.995,-1,-1,-1
189,7,1564.855,687.133,349.667,375.780,0.846,-1,-1,-1
190,4,1125.061,148.536,149.737,133.895,0.997,-1,-1,-1
190,7,1561.319,677.922,352.951,373.899,0.926,-1,-1,-1
191,4,1129.870,144.977,148.933,135.859,0.993,-1,-1,-1
191,7,1554.138,666.444,359.718,369.152,0.960,-1,-1,-1
192,4,1134.731,143.965,148.882,134.745,0.991,-1,-1,-1
192,7,1548.184,658.899,365.556,356.762,0.973,-1,-1,-1
193,4,1139.658,140.471,148.528,137.615,0.983,-1,-1,-1
193,7,1537.815,647.428,375.058,347.800,0.982,-1,-1,-1
194,4,1147.316,138.028,146.612,137.318,0.969,-1,-1,-1
194,7,1524.423,641.289,386.484,338.423,0.987,-1,-1,-1
195,4,1152.725,135.424,147.318,136.352,0.971,-1,-1,-1
195,7,1514.344,636.460,385.421,328.438,0.989,-1,-1,-1
196,4,1158.776,132.206,148.100,136.386,0.984,-1,-1,-1
196,7,1502.519,629.579,385.569,320.259,0.992,-1,-1,-1
197,4,1166.036,130.906,146.669,135.532,0.971,-1,-1,-1
197,7,1491.508,621.423,384.017,315.745,0.993,-1,-1,-1
198,4,1175.661,128.946,148.197,133.658,0.913,-1,-1,-1
198,7,1478.361,612.303,378.885,310.258,0.994,-1,-1,-1
199,4,1182.683,124.705,146.789,133.758,0.692,-1,-1,-1
199,7,1468.773,602.489,374.956,304.305,0.994,-1,-1,-1
200,4,1192.351,122.933,145.475,134.704,0.764,-1,-1,-1
200,7,1458.408,596.024,371.823,300.247,0.993,-1,-1,-1
201,4,1200.585,120.407,145.475,134.704,0.764,-1,-1,-1
201,7,1450.377,589.164,363.849,297.506,0.995,-1,-1,-1
202,4,1209.248,117.805,145.475,134.704,0.764,-1,-1,-1
202,7,1440.667,581.258,354.584,296.213,0.996,-1,-1,-1
203,4,1216.988,115.391,145.475,134.704,0.764,-1,-1,-1
203,7,1430.144,572.304,347.825,293.862,0.996,-1,-1,-1
204,4,1223.911,113.626,145.475,134.704,0.764,-1,-1,-1
204,7,1419.449,562.065,348.500,290.890,0.997,-1,-1,-1
205,4,1239.873,109.846,147.437,130.990,0.899,-1,-1,-1
205,7,1410.273,555.101,345.404,282.523,0.997,-1,-1,-1
206,4,1246.914,107.043,148.536,130.947,0.929,-1,-1,-1
206,7,1398.286,551.704,338.480,276.242,0.997,-1,-1,-1
207,4,1260.615,106.165,148.066,127.018,0.905,-1,-1,-1
207,7,1391.736,543.418,331.755,272.801,0.997,-1,-1,-1
208,4,1272.049,101.751,142.443,128.969,0.786,-1,-1,-1
208,7,1384.610,537.924,328.502,264.007,0.998,-1,-1,-1
209,4,1282.656,99.351,143.219,128.190,0.669,-1,-1,-1
209,7,1373.810,530.411,323.277,257.770,0.998,-1,-1,-1
210,4,1291.126,96.797,143.219,128.190,0.669,-1,-1,-1
210,7,1366.992,518.965,317.113,259.663,0.998,-1,-1,-1
211,4,1298.652,94.567,143.219,128.190,0.669,-1,-1,-1
211,7,1359.538,514.417,315.622,250.915,0.996,-1,-1,-1
212,4,1303.522,92.862,143.219,128.190,0.669,-1,-1,-1
212,7,1354.955,510.299,308.113,244.005,0.996,-1,-1,-1
213,4,1306.699,91.772,143.219,128.190,0.669,-1,-1,-1
213,7,1346.709,505.600,302.153,237.240,0.996,-1,-1,-1
214,7,1336.962,499.590,301.881,232.929,0.997,-1,-1,-1
215,7,1329.527,492.814,297.729,230.091,0.997,-1,-1,-1
216,7,1320.642,483.555,292.695,230.959,0.997,-1,-1,-1
217,7,1312.484,476.993,289.718,229.687,0.998,-1,-1,-1
218,7,1302.202,471.754,288.212,226.219,0.998,-1,-1,-1
219,7,1291.530,466.200,288.066,225.734,0.998,-1,-1,-1
219,10,704.245,67.722,228.367,177.186,0.610,-1,-1,-1
220,7,1287.910,459.760,278.547,219.161,0.997,-1,-1,-1
220,10,697.454,68.436,228.367,177.186,0.610,-1,-1,-1
221,7,1282.893,451.389,271.663,221.239,0.997,-1,-1,-1
221,10,687.532,67.325,226.220,183.040,0.542,-1,-1,-1
222,7,1272.983,445.823,271.024,219.853,0.998,-1,-1,-1
222,10,682.388,66.971,230.186,189.386,0.704,-1,-1,-1
223,7,1272.699,436.898,259.028,215.536,0.998,-1,-1,-1
223,10,676.999,64.906,224.142,193.433,0.776,-1,-1,-1
224,7,1267.904,431.546,256.924,213.782,0.998,-1,-1,-1
224,10,670.096,63.978,223.943,196.526,0.757,-1,-1,-1
225,7,1263.800,424.875,250.528,209.375,0.997,-1,-1,-1
225,10,661.866,51.729,226.485,210.303,0.658,-1,-1,-1
226,7,1257.309,416.320,250.012,211.066,0.997,-1,-1,-1
226,10,658.138,65.438,221.461,199.253,0.597,-1,-1,-1
227,7,1253.111,410.266,244.791,207.322,0.997,-1,-1,-1
227,10,649.166,56.064,222.767,210.869,0.899,-1,-1,-1
228,7,1247.376,401.303,241.301,206.562,0.997,-1,-1,-1
228,10,643.468,65.064,220.710,205.231,0.729,-1,-1,-1
229,7,1242.800,396.194,238.543,201.730,0.996,-1,-1,-1
229,10,641.054,78.789,213.267,195.838,0.619,-1,-1,-1
230,7,1240.379,389.485,228.021,201.127,0.995,-1,-1,-1
230,10,634.597,83.223,213.267,195.838,0.619,-1,-1,-1
231,7,1238.783,383.199,221.373,198.783,0.996,-1,-1,-1
231,10,628.516,86.527,213.267,195.838,0.619,-1,-1,-1
232,7,1233.139,376.851,220.146,197.271,0.994,-1,-1,-1
232,10,623.298,90.988,213.267,195.838,0.619,-1,-1,-1
233,7,1230.194,371.320,215.286,194.937,0.995,-1,-1,-1
233,10,615.836,79.092,215.859,210.481,0.724,-1,-1,-1
234,7,1227.227,366.529,212.423,190.836,0.995,-1,-1,-1
234,10,613.653,84.696,212.856,211.012,0.812,-1,-1,-1
235,7,1221.559,359.923,213.770,186.208,0.995,-1,-1,-1
235,10,606.872,87.195,214.214,211.654,0.620,-1,-1,-1
236,7,1218.318,351.539,209.787,186.605,0.995,-1,-1,-1
236,10,602.345,88.864,214.214,211.654,0.620,-1,-1,-1
237,7,1213.690,345.121,206.431,183.440,0.995,-1,-1,-1
237,10,598.090,90.683,214.214,211.654,0.620,-1,-1,-1
238,7,1211.610,338.764,201.733,183.713,0.993,-1,-1,-1
238,10,595.216,97.880,210.902,213.893,0.527,-1,-1,-1
239,7,1210.828,332.934,201.798,180.991,0.990,-1,-1,-1
239,10,591.742,101.341,210.902,213.893,0.527,-1,-1,-1
240,7,1207.573,327.657,198.435,175.774,0.990,-1,-1,-1
240,10,589.223,104.464,210.902,213.893,0.527,-1,-1,-1
241,7,1203.938,320.306,197.055,175.354,0.996,-1,-1,-1
241,10,586.880,107.629,210.902,213.893,0.527,-1,-1,-1
242,7,1202.207,314.075,195.387,175.397,0.997,-1,-1,-1
242,10,579.973,106.779,208.204,222.509,0.507,-1,-1,-1
243,7,1201.787,308.164,190.572,171.991,0.996,-1,-1,-1
243,10,576.428,107.415,205.806,222.300,0.658,-1,-1,-1
244,7,1197.162,301.775,187.807,170.351,0.996,-1,-1,-1
244,10,573.066,109.063,205.806,222.300,0.658,-1,-1,-1
245,7,1193.520,297.194,185.746,170.291,0.996,-1,-1,-1
245,10,573.049,117.577,201.646,219.607,0.732,-1,-1,-1
246,7,1192.689,291.537,180.189,168.232,0.994,-1,-1,-1
246,10,566.155,112.071,209.630,229.214,0.754,-1,-1,-1
247,7,1188.193,286.718,184.528,166.292,0.996,-1,-1,-1
247,10,563.396,112.706,210.940,233.294,0.833,-1,-1,-1
248,7,1185.965,281.135,178.551,166.909,0.996,-1,-1,-1
248,10,560.840,119.182,209.308,232.080,0.870,-1,-1,-1
249,7,1183.326,277.890,177.611,162.568,0.997,-1,-1,-1
249,10,559.885,125.743,208.848,229.387,0.794,-1,-1,-1
250,7,1179.941,271.804,178.658,160.295,0.996,-1,-1,-1
250,10,555.510,123.654,211.516,238.487,0.791,-1,-1,-1
250,12,963.995,793.493,536.526,290.841,0.624,-1,-1,-1
251,7,1176.209,266.611,170.686,160.027,0.996,-1,-1,-1
251,10,554.561,125.583,212.730,239.268,0.739,-1,-1,-1
251,12,979.414,782.922,523.033,300.781,0.795,-1,-1,-1
252,7,1171.726,262.278,169.632,158.955,0.996,-1,-1,-1
252,10,552.686,130.197,212.513,238.400,0.784,-1,-1,-1
252,12,988.932,770.069,511.374,313.718,0.829,-1,-1,-1
253,7,1172.372,257.396,166.535,158.792,0.995,-1,-1,-1
253,10,551.365,132.962,211.967,238.852,0.722,-1,-1,-1
253,12,1002.337,761.315,494.711,321.773,0.735,-1,-1,-1
254,7,1168.191,253.455,165.353,157.097,0.995,-1,-1,-1
254,10,549.886,135.589,211.967,238.852,0.722,-1,-1,-1
254,12,1013.999,750.162,481.296,332.425,0.969,-1,-1,-1
255,7,1165.924,248.562,164.321,153.908,0.996,-1,-1,-1
255,10,543.193,140.182,218.428,240.037,0.585,-1,-1,-1
255,12,1029.399,738.447,463.709,341.424,0.990,-1,-1,-1
256,7,1162.410,244.380,163.877,152.751,0.996,-1,-1,-1
256,10,541.615,143.261,218.428,240.037,0.585,-1,-1,-1
256,12,1033.386,730.223,457.116,344.770,0.991,-1,-1,-1
257,7,1159.548,239.362,162.247,150.391,0.996,-1,-1,-1
257,10,537.698,139.409,223.932,245.615,0.530,-1,-1,-1
257,12,1043.580,718.880,442.719,344.192,0.993,-1,-1,-1
258,7,1156.345,235.052,160.291,149.080,0.995,-1,-1,-1
258,10,533.416,140.203,226.219,248.936,0.723,-1,-1,-1
258,12,1053.577,707.221,428.132,339.806,0.994,-1,-1,-1
259,7,1153.763,230.378,159.389,149.249,0.995,-1,-1,-1
259,10,528.831,143.886,229.827,253.393,0.652,-1,-1,-1
259,12,1052.397,698.444,425.566,331.078,0.994,-1,-1,-1
260,7,1152.254,225.926,157.264,147.641,0.996,-1,-1,-1
260,10,525.925,145.772,231.637,259.971,0.703,-1,-1,-1
260,12,1057.745,689.607,414.093,318.704,0.995,-1,-1,-1
261,7,1150.891,222.612,153.029,145.881,0.996,-1,-1,-1
261,10,521.874,149.199,236.724,261.216,0.806,-1,-1,-1
261,12,1053.976,677.074,410.808,312.295,0.995,-1,-1,-1
262,7,1148.500,218.854,151.074,143.840,0.996,-1,-1,-1
262,10,519.714,153.227,236.724,261.216,0.806,-1,-1,-1
262,12,1054.222,672.054,404.237,302.069,0.996,-1,-1,-1
263,7,1145.498,215.156,149.252,141.762,0.996,-1,-1,-1
263,10,517.941,157.254,236.724,261.216,0.806,-1,-1,-1
263,12,1055.193,664.150,395.127,295.319,0.997,-1,-1,-1
264,7,1143.085,210.064,149.871,144.260,0.997,-1,-1,-1
264,10,507.959,157.135,248.040,265.634,0.561,-1,-1,-1
264,12,1053.711,654.101,387.814,290.262,0.997,-1,-1,-1
265,7,1139.718,206.944,151.139,143.802,0.997,-1,-1,-1
265,10,497.507,152.500,260.482,280.305,0.548,-1,-1,-1
265,12,1052.240,645.640,382.881,282.603,0.997,-1,-1,-1
266,7,1139.708,203.530,146.755,141.543,0.997,-1,-1,-1
266,10,495.037,155.084,260.482,280.305,0.548,-1,-1,-1
266,12,1048.881,636.704,376.747,281.118,0.997,-1,-1,-1
267,7,1137.309,201.195,146.593,138.307,0.997,-1,-1,-1
267,10,472.525,163.653,284.528,285.045,0.514,-1,-1,-1
267,12,1047.632,630.602,371.239,273.874,0.997,-1,-1,-1
268,7,1134.121,197.571,146.881,137.049,0.997,-1,-1,-1
268,10,467.778,166.655,287.052,293.719,0.570,-1,-1,-1
268,12,1045.954,620.675,366.673,275.834,0.997,-1,-1,-1
269,7,1132.092,194.006,145.901,137.508,0.997,-1,-1,-1
269,10,463.622,171.800,287.052,293.719,0.570,-1,-1,-1
269,12,1040.475,613.926,364.755,273.485,0.997,-1,-1,-1
270,7,1129.266,190.647,146.297,134.644,0.997,-1,-1,-1
270,10,459.961,176.770,287.052,293.719,0.570,-1,-1,-1
270,12,1037.661,603.635,359.155,270.105,0.997,-1,-1,-1
271,7,1127.061,187.374,147.395,134.796,0.996,-1,-1,-1
271,10,477.223,181.374,267.205,290.706,0.642,-1,-1,-1
271,12,1036.361,597.064,350.717,266.628,0.997,-1,-1,-1
272,7,1126.203,185.082,142.590,134.129,0.996,-1,-1,-1
272,10,466.996,179.054,275.167,300.716,0.818,-1,-1,-1
272,12,1033.470,591.444,344.596,256.855,0.998,-1,-1,-1
273,7,1123.495,182.189,142.362,134.524,0.997,-1,-1,-1
273,10,457.573,178.766,282.051,308.281,0.934,-1,-1,-1
273,12,1029.682,583.711,342.806,252.147,0.997,-1,-1,-1
274,7,1122.227,180.366,142.122,132.841,0.997,-1,-1,-1
274,10,454.764,184.505,284.313,308.858,0.924,-1,-1,-1
274,12,1030.346,574.608,333.539,246.382,0.997,-1,-1,-1
275,7,1121.677,176.881,146.236,132.736,0.996,-1,-1,-1
275,10,450.779,184.155,288.427,313.345,0.973,-1,-1,-1
275,12,1025.955,567.400,331.167,245.457,0.997,-1,-1,-1
276,7,1122.151,173.454,144.941,131.936,0.997,-1,-1,-1
276,10,437.152,184.375,297.054,335.312,0.973,-1,-1,-1
276,12,1020.805,560.820,328.122,240.370,0.997,-1,-1,-1
277,7,1122.764,168.963,144.928,131.374,0.997,-1,-1,-1
277,10,435.571,188.934,298.122,335.758,0.973,-1,-1,-1
277,12,1021.014,558.048,317.676,231.907,0.997,-1,-1,-1
278,7,1123.688,166.906,144.698,130.883,0.998,-1,-1,-1
278,10,433.151,192.635,294.611,333.703,0.979,-1,-1,-1
278,12,1020.765,550.527,311.334,226.714,0.997,-1,-1,-1
279,7,1125.498,162.622,140.967,131.792,0.997,-1,-1,-1
279,10,423.759,197.688,298.627,336.922,0.958,-1,-1,-1
279,12,1018.623,541.781,306.799,225.056,0.997,-1,-1,-1
280,7,1127.504,160.140,138.268,130.269,0.997,-1,-1,-1
280,10,421.789,201.829,297.801,330.237,0.968,-1,-1,-1
280,12,1017.231,531.912,302.574,224.647,0.997,-1,-1,-1
281,7,1131.110,158.168,135.524,128.960,0.995,-1,-1,-1
281,10,419.165,206.141,297.942,325.280,0.946,-1,-1,-1
281,12,1016.255,522.243,294.424,223.912,0.997,-1,-1,-1
282,7,1133.533,156.352,135.334,127.482,0.995,-1,-1,-1
282,10,412.367,205.852,300.700,337.090,0.977,-1,-1,-1
282,12,1014.393,517.452,290.127,220.139,0.996,-1,-1,-1
283,7,1136.589,154.443,136.542,126.584,0.995,-1,-1,-1
283,10,398.375,208.065,315.358,351.199,0.978,-1,-1,-1
283,12,1014.737,513.613,281.741,213.683,0.998,-1,-1,-1
284,7,1140.543,150.285,135.404,127.268,0.993,-1,-1,-1
284,10,391.310,212.977,318.645,354.226,0.988,-1,-1,-1
284,12,1014.953,508.872,274.995,209.946,0.998,-1,-1,-1
285,7,1144.992,147.954,135.793,127.096,0.991,-1,-1,-1
285,10,381.211,211.395,324.004,368.071,0.987,-1,-1,-1
285,12,1010.677,500.388,275.531,209.618,0.998,-1,-1,-1
286,7,1151.288,146.466,134.631,126.427,0.986,-1,-1,-1
286,10,374.701,212.222,328.569,375.789,0.991,-1,-1,-1
286,12,1010.645,493.428,270.607,208.543,0.998,-1,-1,-1
287,7,1155.417,145.019,134.281,126.033,0.987,-1,-1,-1
287,10,372.417,217.289,328.437,365.333,0.990,-1,-1,-1
287,12,1012.884,486.269,262.203,207.243,0.998,-1,-1,-1
288,7,1160.323,143.493,135.405,124.383,0.988,-1,-1,-1
288,10,367.581,218.881,329.891,372.624,0.988,-1,-1,-1
288,12,1011.887,478.753,258.462,205.933,0.997,-1,-1,-1
289,7,1166.167,141.212,135.710,123.887,0.987,-1,-1,-1
289,10,359.451,218.209,337.167,390.554,0.989,-1,-1,-1
289,12,1009.852,475.946,257.199,201.334,0.998,-1,-1,-1
290,7,1171.859,138.502,137.561,122.967,0.984,-1,-1,-1
290,10,358.654,229.034,333.863,377.931,0.992,-1,-1,-1
290,12,1009.590,467.956,254.008,201.894,0.997,-1,-1,-1
291,7,1181.371,135.423,135.102,121.912,0.951,-1,-1,-1
291,10,360.931,238.433,329.209,378.133,0.994,-1,-1,-1
291,12,1009.228,464.984,251.300,196.960,0.997,-1,-1,-1
292,7,1192.374,133.222,133.699,122.104,0.937,-1,-1,-1
292,10,352.113,238.671,337.724,386.350,0.992,-1,-1,-1
292,12,1009.484,458.170,246.939,195.190,0.998,-1,-1,-1
293,7,1201.642,128.488,134.778,123.998,0.874,-1,-1,-1
293,10,352.218,244.653,336.720,380.240,0.994,-1,-1,-1
293,12,1012.650,448.476,240.639,195.848,0.996,-1,-1,-1
294,7,1210.061,125.587,134.778,123.998,0.874,-1,-1,-1
294,10,344.775,247.898,344.619,391.240,0.991,-1,-1,-1
294,12,1011.775,439.342,239.219,194.120,0.996,-1,-1,-1
295,7,1221.090,123.885,133.125,123.743,0.909,-1,-1,-1
295,10,338.391,250.052,348.937,397.974,0.989,-1,-1,-1
295,12,1012.817,434.082,235.934,192.594,0.996,-1,-1,-1
296,7,1229.470,121.099,136.504,124.909,0.905,-1,-1,-1
296,10,344.066,255.355,341.830,393.188,0.987,-1,-1,-1
296,12,1016.473,431.760,233.327,187.540,0.992,-1,-1,-1
297,7,1238.979,119.115,131.735,123.894,0.890,-1,-1,-1
297,10,339.927,261.746,343.398,391.336,0.990,-1,-1,-1
297,12,1019.446,426.376,229.920,184.288,0.990,-1,-1,-1
298,7,1244.296,114.999,132.490,125.861,0.604,-1,-1,-1
298,10,331.564,267.446,351.090,387.666,0.987,-1,-1,-1
298,12,1025.344,420.266,225.708,183.498,0.993,-1,-1,-1
299,7,1256.234,110.145,133.264,124.886,0.841,-1,-1,-1
299,10,323.117,272.990,358.308,386.613,0.982,-1,-1,-1
299,12,1029.140,415.332,224.224,182.250,0.994,-1,-1,-1
300,7,1265.295,111.139,134.022,123.424,0.776,-1,-1,-1
300,10,325.378,274.622,353.449,392.718,0.992,-1,-1,-1
300,12,1032.867,407.427,224.410,179.404,0.995,-1,-1,-1
301,7,1277.063,107.855,132.719,122.379,0.532,-1,-1,-1
301,10,317.227,283.618,356.036,401.340,0.990,-1,-1,-1
301,12,1038.866,398.612,222.695,180.526,0.997,-1,-1,-1
302,7,1284.784,105.451,132.719,122.379,0.532,-1,-1,-1
302,10,317.836,293.790,354.283,390.087,0.992,-1,-1,-1
302,12,1045.382,395.009,219.821,177.332,0.995,-1,-1,-1
303,7,1291.374,103.656,132.719,122.379,0.532,-1,-1,-1
303,10,314.266,295.088,358.869,398.123,0.983,-1,-1,-1
303,12,1051.974,387.507,219.582,176.407,0.996,-1,-1,-1
304,7,1295.503,102.890,132.719,122.379,0.532,-1,-1,-1
304,10,306.458,296.737,364.559,404.094,0.992,-1,-1,-1
304,12,1058.344,384.516,218.494,172.154,0.997,-1,-1,-1
305,7,1297.743,102.063,132.719,122.379,0.532,-1,-1,-1
305,10,294.426,298.567,376.984,409.357,0.992,-1,-1,-1
305,12,1065.960,379.886,217.526,169.633,0.996,-1,-1,-1
306,7,1325.384,104.926,134.130,117.364,0.588,-1,-1,-1
306,10,282.072,299.347,390.006,422.367,0.993,-1,-1,-1
306,12,1072.940,373.521,218.095,168.107,0.996,-1,-1,-1
307,7,1331.708,104.732,135.447,116.545,0.768,-1,-1,-1
307,10,277.217,302.641,392.342,432.928,0.993,-1,-1,-1
307,12,1080.560,367.110,216.036,168.258,0.996,-1,-1,-1
308,7,1339.310,103.134,133.194,113.136,0.548,-1,-1,-1
308,10,267.706,306.664,400.474,439.247,0.984,-1,-1,-1
308,12,1089.837,360.509,213.309,165.741,0.996,-1,-1,-1
309,7,1347.673,102.396,133.194,113.136,0.548,-1,-1,-1
309,10,260.469,311.593,405.242,437.902,0.978,-1,-1,-1
309,12,1100.490,355.829,208.690,162.729,0.996,-1,-1,-1
310,7,1351.597,97.786,129.534,114.444,0.771,-1,-1,-1
310,10,248.623,313.229,414.583,448.274,0.975,-1,-1,-1
310,12,1109.221,350.533,206.200,160.952,0.997,-1,-1,-1
