1,3,377.681,322.199,243.514,234.801,0.975,-1,-1,-1
2,3,369.804,325.608,248.520,237.592,0.984,-1,-1,-1
3,3,361.610,329.571,251.778,242.103,0.987,-1,-1,-1
3,7,543.544,62.643,177.525,138.831,0.715,-1,-1,-1
4,3,354.981,335.753,251.155,241.807,0.982,-1,-1,-1
4,7,544.822,64.511,175.257,137.609,0.793,-1,-1,-1
5,3,351.255,337.269,253.571,243.830,0.985,-1,-1,-1
5,7,548.308,65.266,172.269,137.784,0.908,-1,-1,-1
6,3,346.837,345.174,256.484,244.569,0.994,-1,-1,-1
6,7,550.693,66.859,168.984,137.373,0.906,-1,-1,-1
7,3,342.356,350.387,257.368,243.781,0.994,-1,-1,-1
7,7,550.692,70.430,166.561,135.104,0.928,-1,-1,-1
8,3,338.380,352.755,257.879,244.855,0.995,-1,-1,-1
8,7,552.175,71.333,165.815,135.651,0.935,-1,-1,-1
9,3,333.728,359.850,256.054,243.650,0.994,-1,-1,-1
9,7,554.621,71.912,163.623,135.056,0.956,-1,-1,-1
10,3,320.639,363.426,264.524,244.420,0.995,-1,-1,-1
10,7,555.631,73.126,163.224,135.442,0.959,-1,-1,-1
11,3,319.746,368.474,264.169,243.339,0.997,-1,-1,-1
11,7,558.147,74.792,160.229,133.941,0.962,-1,-1,-1
12,3,315.414,373.419,264.090,245.326,0.996,-1,-1,-1
12,7,558.360,77.924,160.394,133.026,0.952,-1,-1,-1
13,3,318.149,376.531,259.524,247.730,0.997,-1,-1,-1
13,7,559.630,78.548,159.230,133.907,0.962,-1,-1,-1
14,3,315.259,379.518,260.718,253.588,0.997,-1,-1,-1
14,7,560.046,79.702,159.375,135.107,0.947,-1,-1,-1
15,3,312.648,388.331,258.065,250.468,0.997,-1,-1,-1
15,7,561.530,80.992,158.442,136.502,0.948,-1,-1,-1
16,3,306.635,393.085,261.138,254.185,0.998,-1,-1,-1
16,7,559.991,81.065,160.619,138.302,0.948,-1,-1,-1
17,3,302.999,397.635,261.617,255.995,0.998,-1,-1,-1
17,7,557.510,82.528,162.561,138.814,0.963,-1,-1,-1
18,3,298.025,404.873,264.615,258.292,0.998,-1,-1,-1
18,7,558.065,86.303,160.465,137.987,0.957,-1,-1,-1
19,3,292.598,414.287,264.230,256.339,0.998,-1,-1,-1
19,7,556.243,86.740,161.857,137.838,0.969,-1,-1,-1
19,8,878.297,116.408,192.248,136.608,0.740,-1,-1,-1
20,3,283.384,420.001,271.581,255.422,0.998,-1,-1,-1
20,7,556.040,88.299,163.003,138.238,0.962,-1,-1,-1
20,8,857.303,119.178,202.743,137.346,0.828,-1,-1,-1
21,3,275.443,426.189,275.366,255.480,0.998,-1,-1,-1
21,7,556.137,91.342,160.742,137.051,0.964,-1,-1,-1
21,8,843.433,123.022,206.026,139.653,0.804,-1,-1,-1
22,3,269.968,431.280,275.947,256.993,0.998,-1,-1,-1
22,7,554.181,94.977,161.597,136.460,0.971,-1,-1,-1
22,8,826.260,122.792,216.995,143.066,0.937,-1,-1,-1
23,3,263.815,434.975,278.493,260.621,0.998,-1,-1,-1
23,7,554.637,98.466,160.214,136.090,0.973,-1,-1,-1
23,8,813.461,123.872,212.963,145.894,0.983,-1,-1,-1
24,3,257.823,439.785,280.927,266.337,0.998,-1,-1,-1
24,7,552.104,103.976,162.752,134.653,0.977,-1,-1,-1
24,8,798.620,127.829,214.064,146.616,0.990,-1,-1,-1
25,3,250.275,445.584,282.047,267.848,0.998,-1,-1,-1
25,7,550.070,103.010,165.144,137.701,0.977,-1,-1,-1
25,8,785.359,131.524,213.871,148.393,0.988,-1,-1,-1
26,3,239.886,452.105,286.513,270.684,0.998,-1,-1,-1
26,7,547.163,106.770,167.399,136.755,0.975,-1,-1,-1
26,8,775.555,135.519,209.055,146.378,0.990,-1,-1,-1
27,3,233.221,456.253,289.469,274.943,0.998,-1,-1,-1
27,7,546.086,108.888,166.386,138.101,0.977,-1,-1,-1
27,8,771.169,138.385,202.931,147.256,0.991,-1,-1,-1
28,3,223.399,464.100,294.739,274.184,0.998,-1,-1,-1
28,7,544.017,111.772,167.651,138.459,0.971,-1,-1,-1
28,8,763.456,142.257,195.979,148.168,0.993,-1,-1,-1
29,3,217.164,471.001,295.346,275.155,0.997,-1,-1,-1
29,7,543.564,112.911,168.281,140.777,0.961,-1,-1,-1
29,8,755.685,145.228,193.076,150.508,0.989,-1,-1,-1
30,3,211.691,476.775,294.006,280.801,0.997,-1,-1,-1
30,7,542.398,116.992,168.903,141.947,0.953,-1,-1,-1
30,8,752.165,150.264,190.464,150.563,0.987,-1,-1,-1
31,3,202.927,484.255,296.246,283.388,0.997,-1,-1,-1
31,7,540.547,121.135,170.391,141.203,0.935,-1,-1,-1
31,8,749.694,155.699,187.345,149.968,0.985,-1,-1,-1
32,3,194.448,489.268,298.408,285.592,0.997,-1,-1,-1
32,7,540.058,123.985,169.487,142.514,0.949,-1,-1,-1
32,8,746.436,160.374,186.197,148.806,0.986,-1,-1,-1
33,3,185.054,496.508,300.693,286.185,0.997,-1,-1,-1
33,7,538.437,126.177,170.683,142.651,0.967,-1,-1,-1
33,8,743.815,163.673,185.943,151.139,0.991,-1,-1,-1
34,3,174.845,502.982,304.579,289.896,0.996,-1,-1,-1
34,7,537.189,129.473,170.122,142.488,0.967,-1,-1,-1
34,8,741.246,168.750,186.629,150.930,0.993,-1,-1,-1
35,3,166.448,509.915,306.005,293.065,0.996,-1,-1,-1
35,7,535.018,131.573,172.232,142.639,0.961,-1,-1,-1
35,8,738.278,171.401,183.018,150.920,0.992,-1,-1,-1
36,3,155.357,515.427,310.926,296.725,0.994,-1,-1,-1
36,7,533.206,135.338,172.187,142.710,0.967,-1,-1,-1
36,8,736.234,176.644,183.843,149.723,0.993,-1,-1,-1
37,3,145.097,523.026,314.705,300.128,0.995,-1,-1,-1
37,7,531.958,138.294,173.206,146.195,0.977,-1,-1,-1
37,8,735.768,180.558,182.906,149.938,0.993,-1,-1,-1
38,3,138.489,530.611,313.201,302.173,0.994,-1,-1,-1
38,7,530.671,142.070,172.659,144.912,0.960,-1,-1,-1
38,8,735.211,183.143,183.665,153.002,0.993,-1,-1,-1
39,3,127.883,537.016,313.957,306.710,0.993,-1,-1,-1
39,7,528.618,146.669,174.301,146.045,0.953,-1,-1,-1
39,8,732.665,186.928,184.243,154.686,0.990,-1,-1,-1
40,3,122.026,544.622,312.144,308.710,0.998,-1,-1,-1
40,7,527.432,151.082,173.018,144.758,0.950,-1,-1,-1
40,8,732.730,193.609,183.030,154.332,0.988,-1,-1,-1
41,3,112.646,550.707,314.442,311.412,0.997,-1,-1,-1
41,7,525.912,154.193,172.015,146.601,0.930,-1,-1,-1
41,8,732.854,198.809,183.007,153.694,0.989,-1,-1,-1
42,3,103.687,557.689,314.321,316.627,0.996,-1,-1,-1
42,7,524.734,156.824,172.961,149.214,0.943,-1,-1,-1
42,8,731.433,203.095,183.378,156.913,0.990,-1,-1,-1
43,3,92.480,564.540,317.530,316.057,0.996,-1,-1,-1
43,7,524.357,161.689,171.631,148.880,0.931,-1,-1,-1
43,8,729.642,207.077,184.721,158.469,0.991,-1,-1,-1
44,3,82.790,574.202,318.738,317.902,0.993,-1,-1,-1
44,7,523.781,166.773,170.999,150.001,0.939,-1,-1,-1
44,8,727.686,212.120,182.364,158.851,0.991,-1,-1,-1
45,3,73.956,586.487,320.945,318.318,0.995,-1,-1,-1
45,7,522.461,168.973,171.573,151.174,0.942,-1,-1,-1
45,8,725.785,216.313,187.490,159.631,0.993,-1,-1,-1
46,3,63.633,594.455,322.504,317.454,0.996,-1,-1,-1
46,7,519.616,172.715,173.951,153.422,0.948,-1,-1,-1
46,8,724.144,219.893,187.750,162.198,0.991,-1,-1,-1
47,3,49.099,601.727,329.137,322.886,0.994,-1,-1,-1
47,7,518.894,178.075,172.428,150.530,0.928,-1,-1,-1
47,8,723.008,224.961,190.268,163.132,0.991,-1,-1,-1
48,3,36.900,609.660,334.916,324.322,0.995,-1,-1,-1
48,7,514.114,180.562,177.121,150.587,0.940,-1,-1,-1
48,8,721.021,232.900,192.848,163.982,0.987,-1,-1,-1
49,3,28.727,617.924,336.644,330.380,0.995,-1,-1,-1
49,7,514.030,184.475,174.691,149.893,0.957,-1,-1,-1
49,8,718.944,239.040,196.315,165.433,0.989,-1,-1,-1
50,3,17.328,625.057,340.689,331.411,0.994,-1,-1,-1
50,7,513.221,186.390,175.463,151.721,0.960,-1,-1,-1
50,8,718.214,244.088,194.346,166.569,0.991,-1,-1,-1
51,3,9.703,631.271,338.254,339.251,0.984,-1,-1,-1
51,7,514.050,190.843,175.220,150.587,0.954,-1,-1,-1
51,8,716.997,248.555,192.236,165.370,0.984,-1,-1,-1
52,3,5.407,637.670,336.830,351.270,0.979,-1,-1,-1
52,7,511.733,192.915,177.184,155.890,0.967,-1,-1,-1
52,8,715.019,252.694,192.190,166.725,0.989,-1,-1,-1
53,3,5.030,642.705,329.190,360.123,0.954,-1,-1,-1
53,7,511.715,196.197,176.193,156.369,0.969,-1,-1,-1
53,8,714.736,257.285,192.372,166.547,0.990,-1,-1,-1
54,3,4.835,649.535,321.408,378.283,0.879,-1,-1,-1
54,7,510.524,201.513,177.939,158.342,0.979,-1,-1,-1
54,8,713.341,260.870,195.152,167.743,0.991,-1,-1,-1
55,3,4.049,661.268,312.291,389.162,0.789,-1,-1,-1
55,7,510.061,204.808,179.732,159.739,0.908,-1,-1,-1
55,8,712.618,263.836,194.445,169.541,0.989,-1,-1,-1
56,3,3.591,672.804,303.943,386.446,0.795,-1,-1,-1
56,7,507.608,209.177,180.053,160.456,0.967,-1,-1,-1
56,8,710.515,269.855,195.281,169.898,0.990,-1,-1,-1
57,3,3.369,682.194,295.898,384.934,0.530,-1,-1,-1
57,7,506.441,212.586,178.606,158.783,0.968,-1,-1,-1
57,8,709.242,275.453,196.099,170.536,0.987,-1,-1,-1
58,3,0.000,694.913,292.975,384.087,0.530,-1,-1,-1
58,7,503.148,216.214,180.706,160.055,0.979,-1,-1,-1
58,8,708.227,281.438,199.272,169.619,0.992,-1,-1,-1
59,3,0.000,706.785,284.896,372.215,0.530,-1,-1,-1
59,7,501.018,220.082,183.967,160.160,0.983,-1,-1,-1
59,8,707.102,286.923,202.145,168.501,0.991,-1,-1,-1
60,3,0.000,717.740,275.325,361.260,0.530,-1,-1,-1
60,7,499.363,222.477,186.349,160.314,0.985,-1,-1,-1
60,8,704.836,291.600,202.597,169.147,0.992,-1,-1,-1
61,3,0.000,729.373,264.155,349.627,0.530,-1,-1,-1
61,7,496.029,226.270,187.572,163.226,0.982,-1,-1,-1
61,8,703.767,295.646,203.006,170.242,0.990,-1,-1,-1
62,7,494.332,230.054,189.814,166.452,0.982,-1,-1,-1
62,8,702.720,299.786,204.266,171.843,0.990,-1,-1,-1
62,15,1649.533,688.208,267.725,391.208,0.599,-1,-1,-1
63,7,494.571,234.663,189.471,164.878,0.982,-1,-1,-1
63,8,701.279,303.769,205.868,172.806,0.992,-1,-1,-1
63,15,1642.644,674.627,273.670,402.121,0.648,-1,-1,-1
64,7,493.070,238.396,192.212,168.584,0.980,-1,-1,-1
64,8,698.252,307.012,208.263,175.013,0.987,-1,-1,-1
64,15,1632.100,660.233,283.760,411.015,0.773,-1,-1,-1
65,7,492.977,245.363,188.758,165.568,0.979,-1,-1,-1
65,8,699.590,310.121,209.888,177.471,0.992,-1,-1,-1
65,15,1626.858,647.803,288.589,415.350,0.707,-1,-1,-1
66,7,490.638,249.935,189.133,165.862,0.976,-1,-1,-1
66,8,698.016,314.261,213.123,181.067,0.990,-1,-1,-1
66,15,1616.812,635.094,298.311,411.501,0.769,-1,-1,-1
67,7,487.641,252.637,190.461,169.325,0.982,-1,-1,-1
67,8,696.006,320.554,216.173,179.741,0.990,-1,-1,-1
67,15,1604.292,623.444,310.638,408.002,0.759,-1,-1,-1
68,7,487.168,257.695,190.154,168.164,0.973,-1,-1,-1
68,8,695.769,324.824,217.524,180.997,0.994,-1,-1,-1
68,15,1597.376,612.327,317.934,392.752,0.775,-1,-1,-1
69,7,483.013,260.483,192.498,170.938,0.973,-1,-1,-1
69,8,694.827,327.936,217.622,183.884,0.993,-1,-1,-1
69,15,1577.722,599.333,336.966,386.945,0.663,-1,-1,-1
70,7,479.143,263.559,193.619,171.975,0.981,-1,-1,-1
70,8,694.371,330.991,218.784,185.435,0.992,-1,-1,-1
70,15,1566.834,590.559,348.109,373.467,0.871,-1,-1,-1
71,7,474.193,268.466,196.404,173.564,0.970,-1,-1,-1
71,8,694.084,336.716,217.663,184.082,0.991,-1,-1,-1
71,15,1558.240,578.016,356.807,372.875,0.826,-1,-1,-1
72,7,470.765,272.918,198.735,173.495,0.951,-1,-1,-1
72,8,691.822,340.824,222.580,188.559,0.993,-1,-1,-1
72,15,1551.248,568.693,363.874,365.656,0.883,-1,-1,-1
73,7,467.379,279.473,200.389,169.987,0.858,-1,-1,-1
73,8,689.311,346.621,225.909,189.463,0.989,-1,-1,-1
73,15,1534.246,558.409,380.375,357.005,0.953,-1,-1,-1
74,7,465.044,282.140,199.190,169.750,0.955,-1,-1,-1
74,8,689.413,352.240,226.932,189.248,0.989,-1,-1,-1
74,15,1521.418,548.651,392.293,358.414,0.956,-1,-1,-1
75,7,458.884,284.244,199.728,170.792,0.964,-1,-1,-1
75,8,688.391,356.760,228.044,192.873,0.992,-1,-1,-1
75,15,1515.793,541.178,397.038,351.255,0.960,-1,-1,-1
76,7,453.475,289.048,200.743,171.024,0.964,-1,-1,-1
76,8,686.601,362.315,229.975,193.095,0.992,-1,-1,-1
76,15,1506.016,531.511,404.909,347.758,0.978,-1,-1,-1
77,7,450.656,292.631,199.399,172.012,0.967,-1,-1,-1
77,8,686.280,367.890,231.209,192.928,0.993,-1,-1,-1
77,15,1496.309,521.002,401.366,349.820,0.984,-1,-1,-1
78,7,446.682,295.218,200.066,173.065,0.976,-1,-1,-1
78,8,683.972,372.919,234.619,195.136,0.993,-1,-1,-1
78,15,1486.211,511.880,404.176,345.033,0.983,-1,-1,-1
79,7,444.342,297.966,199.336,175.325,0.967,-1,-1,-1
79,8,683.009,377.541,238.502,198.248,0.994,-1,-1,-1
79,15,1482.257,504.357,399.131,341.027,0.979,-1,-1,-1
80,7,438.325,300.792,199.592,176.186,0.958,-1,-1,-1
80,8,682.981,384.549,239.916,198.082,0.992,-1,-1,-1
80,15,1476.879,498.559,389.963,332.042,0.984,-1,-1,-1
81,7,433.545,304.179,204.534,179.566,0.943,-1,-1,-1
81,8,683.344,390.270,238.426,197.115,0.993,-1,-1,-1
81,15,1474.386,493.578,384.237,322.557,0.986,-1,-1,-1
82,7,428.937,308.899,205.764,178.117,0.945,-1,-1,-1
82,8,681.162,395.145,242.004,199.703,0.994,-1,-1,-1
82,15,1461.234,483.650,386.459,319.532,0.986,-1,-1,-1
83,7,424.822,315.034,207.603,175.544,0.954,-1,-1,-1
83,8,678.506,401.369,244.940,200.890,0.995,-1,-1,-1
83,15,1454.292,477.461,382.387,311.846,0.976,-1,-1,-1
84,7,419.914,319.744,209.851,175.406,0.971,-1,-1,-1
84,8,673.659,408.133,249.114,203.783,0.996,-1,-1,-1
84,15,1441.793,470.799,380.119,307.852,0.983,-1,-1,-1
85,7,414.686,321.647,211.142,179.553,0.967,-1,-1,-1
85,8,671.691,415.147,250.425,203.951,0.995,-1,-1,-1
85,15,1434.160,465.092,376.688,302.308,0.987,-1,-1,-1
86,7,410.968,325.689,211.194,183.468,0.958,-1,-1,-1
86,8,669.209,419.421,253.758,205.615,0.994,-1,-1,-1
86,15,1430.920,458.707,365.446,296.153,0.988,-1,-1,-1
87,7,407.791,329.234,213.113,185.099,0.936,-1,-1,-1
87,8,668.512,426.227,256.302,205.995,0.992,-1,-1,-1
87,15,1423.722,450.754,363.059,295.420,0.985,-1,-1,-1
88,7,405.518,334.092,210.806,183.703,0.959,-1,-1,-1
88,8,664.686,433.690,259.136,207.605,0.992,-1,-1,-1
88,15,1414.467,443.583,359.570,290.699,0.990,-1,-1,-1
89,7,401.483,337.537,212.824,185.120,0.973,-1,-1,-1
89,8,659.706,438.942,263.349,209.908,0.994,-1,-1,-1
89,15,1410.187,436.856,351.081,288.118,0.990,-1,-1,-1
90,7,397.073,341.209,214.235,189.366,0.972,-1,-1,-1
90,8,656.223,446.615,265.977,211.198,0.994,-1,-1,-1
90,15,1401.640,429.614,348.118,285.008,0.991,-1,-1,-1
91,7,393.110,346.169,217.045,189.300,0.966,-1,-1,-1
91,8,651.211,452.601,271.422,211.226,0.994,-1,-1,-1
91,15,1399.454,421.731,342.701,280.504,0.991,-1,-1,-1
92,7,389.774,353.724,216.352,185.238,0.959,-1,-1,-1
92,8,647.367,460.302,274.106,213.491,0.994,-1,-1,-1
92,15,1397.640,415.910,333.784,278.094,0.992,-1,-1,-1
93,7,386.275,357.693,216.688,187.925,0.971,-1,-1,-1
93,8,643.118,465.300,276.325,217.041,0.995,-1,-1,-1
93,15,1392.652,409.969,326.646,271.797,0.994,-1,-1,-1
94,7,380.381,364.405,221.641,191.359,0.942,-1,-1,-1
94,8,639.656,472.286,279.015,216.274,0.994,-1,-1,-1
94,15,1388.662,403.463,323.916,273.287,0.992,-1,-1,-1
94,20,522.265,61.355,182.693,136.066,0.563,-1,-1,-1
95,7,376.778,370.043,222.275,190.966,0.965,-1,-1,-1
95,8,635.986,479.068,280.992,220.512,0.995,-1,-1,-1
95,15,1385.309,396.498,317.005,271.678,0.993,-1,-1,-1
95,20,525.612,61.079,179.985,137.228,0.744,-1,-1,-1
96,7,370.723,374.373,225.366,190.729,0.968,-1,-1,-1
96,8,631.139,487.930,284.901,219.804,0.996,-1,-1,-1
96,15,1381.929,392.333,310.802,266.974,0.992,-1,-1,-1
96,20,526.668,61.214,179.985,137.228,0.744,-1,-1,-1
97,7,367.741,379.752,225.927,193.399,0.966,-1,-1,-1
97,8,625.430,495.650,290.957,223.775,0.996,-1,-1,-1
97,15,1381.530,388.419,308.044,265.639,0.994,-1,-1,-1
97,20,530.422,59.876,184.000,139.275,0.788,-1,-1,-1
98,7,362.304,383.380,230.844,195.867,0.957,-1,-1,-1
98,8,619.984,502.001,296.538,224.566,0.994,-1,-1,-1
98,15,1375.027,381.041,308.333,266.035,0.994,-1,-1,-1
98,20,530.789,58.342,187.940,142.165,0.660,-1,-1,-1
99,7,355.464,388.481,233.966,195.022,0.969,-1,-1,-1
99,8,615.095,510.527,298.928,224.861,0.995,-1,-1,-1
99,15,1371.971,377.460,304.697,262.528,0.991,-1,-1,-1
99,20,532.949,57.635,187.515,143.732,0.773,-1,-1,-1
100,7,351.867,392.917,232.841,195.990,0.977,-1,-1,-1
100,8,611.008,516.749,301.273,231.125,0.996,-1,-1,-1
100,15,1366.734,371.867,305.953,262.477,0.993,-1,-1,-1
100,20,537.651,58.659,183.788,144.022,0.858,-1,-1,-1
101,7,348.081,398.208,233.665,196.033,0.966,-1,-1,-1
101,8,604.300,523.053,307.996,233.704,0.996,-1,-1,-1
101,15,1366.238,365.497,298.564,262.561,0.993,-1,-1,-1
101,20,540.536,59.904,181.949,143.520,0.926,-1,-1,-1
102,7,342.846,400.810,236.582,199.538,0.973,-1,-1,-1
102,8,599.036,533.214,310.539,234.887,0.996,-1,-1,-1
102,15,1364.277,356.883,292.319,258.606,0.992,-1,-1,-1
102,20,543.416,60.522,181.654,143.140,0.921,-1,-1,-1
103,7,335.965,405.870,240.943,201.693,0.970,-1,-1,-1
103,8,593.652,542.431,316.084,234.640,0.996,-1,-1,-1
103,15,1358.586,350.313,291.895,256.023,0.991,-1,-1,-1
103,20,545.948,61.325,180.239,142.625,0.954,-1,-1,-1
104,7,331.909,410.228,241.367,203.286,0.978,-1,-1,-1
104,8,589.766,551.765,317.614,236.845,0.996,-1,-1,-1
104,15,1357.980,345.847,286.535,255.001,0.993,-1,-1,-1
104,20,548.913,62.499,179.169,141.775,0.957,-1,-1,-1
105,7,327.213,416.632,242.960,201.442,0.976,-1,-1,-1
105,8,585.857,556.989,321.768,242.819,0.996,-1,-1,-1
105,15,1355.010,340.436,283.224,253.536,0.992,-1,-1,-1
105,20,552.411,62.983,177.008,142.149,0.960,-1,-1,-1
106,7,323.480,420.177,246.054,204.270,0.986,-1,-1,-1
106,8,580.215,564.669,325.517,247.643,0.996,-1,-1,-1
106,15,1352.427,334.207,280.448,254.530,0.993,-1,-1,-1
106,20,556.185,65.028,175.123,141.491,0.968,-1,-1,-1
107,7,318.963,426.172,247.617,206.691,0.981,-1,-1,-1
107,8,576.599,577.948,328.046,248.495,0.996,-1,-1,-1
107,15,1349.382,329.470,276.882,252.909,0.992,-1,-1,-1
107,20,560.655,65.897,171.989,141.512,0.968,-1,-1,-1
108,7,313.862,431.447,248.339,210.892,0.989,-1,-1,-1
108,8,569.866,587.765,330.672,252.137,0.997,-1,-1,-1
108,15,1347.180,327.366,277.050,246.825,0.990,-1,-1,-1
108,20,564.033,66.518,168.306,141.774,0.949,-1,-1,-1
109,7,310.832,438.224,249.059,213.220,0.990,-1,-1,-1
109,8,564.789,597.345,337.091,256.260,0.996,-1,-1,-1
109,15,1344.693,322.620,270.995,246.168,0.988,-1,-1,-1
109,20,563.392,67.313,170.969,142.665,0.949,-1,-1,-1
110,7,305.819,444.188,249.779,216.864,0.984,-1,-1,-1
110,8,558.511,603.907,342.132,262.294,0.996,-1,-1,-1
110,15,1340.857,317.399,270.643,246.288,0.987,-1,-1,-1
110,20,565.095,70.210,168.928,141.651,0.940,-1,-1,-1
111,7,299.932,452.844,253.319,214.606,0.980,-1,-1,-1
111,8,554.231,615.400,344.398,264.963,0.997,-1,-1,-1
111,15,1337.868,311.732,265.994,246.004,0.992,-1,-1,-1
111,20,567.185,71.420,166.735,140.067,0.922,-1,-1,-1
112,7,293.868,461.057,253.940,212.584,0.978,-1,-1,-1
112,8,549.774,626.571,346.084,263.889,0.997,-1,-1,-1
112,15,1334.624,306.754,265.123,245.709,0.989,-1,-1,-1
112,20,569.495,74.501,164.593,138.675,0.899,-1,-1,-1
113,7,287.469,466.797,257.093,215.119,0.986,-1,-1,-1
113,8,543.790,638.468,350.142,263.865,0.996,-1,-1,-1
113,15,1333.025,301.270,262.177,246.041,0.987,-1,-1,-1
113,20,570.008,75.223,165.580,141.572,0.912,-1,-1,-1
114,7,282.711,473.787,257.371,215.730,0.985,-1,-1,-1
114,8,538.258,647.877,350.763,268.624,0.996,-1,-1,-1
114,15,1329.439,299.935,260.651,242.711,0.987,-1,-1,-1
114,20,569.904,77.312,165.024,142.240,0.881,-1,-1,-1
115,7,275.304,479.623,261.230,219.336,0.984,-1,-1,-1
115,8,530.488,657.164,357.789,272.588,0.996,-1,-1,-1
115,15,1329.112,297.222,256.854,238.378,0.982,-1,-1,-1
115,20,569.160,80.751,164.496,141.610,0.924,-1,-1,-1
116,7,269.065,486.128,263.690,220.921,0.982,-1,-1,-1
116,8,521.288,666.104,365.144,278.676,0.996,-1,-1,-1
116,15,1322.239,292.048,259.488,238.212,0.985,-1,-1,-1
116,20,567.471,82.956,165.177,141.245,0.889,-1,-1,-1
117,7,265.038,494.653,262.537,219.012,0.989,-1,-1,-1
117,8,512.827,676.482,373.229,289.817,0.994,-1,-1,-1
117,15,1320.052,290.471,260.475,237.492,0.987,-1,-1,-1
117,20,567.001,84.863,163.501,141.051,0.907,-1,-1,-1
118,7,256.667,500.530,268.323,224.954,0.993,-1,-1,-1
118,8,504.640,686.223,380.596,304.538,0.993,-1,-1,-1
118,15,1318.978,286.401,255.348,236.834,0.983,-1,-1,-1
118,20,564.778,86.522,165.506,141.248,0.919,-1,-1,-1
119,7,248.403,507.635,274.227,227.704,0.992,-1,-1,-1
119,8,494.221,700.193,388.564,310.248,0.992,-1,-1,-1
119,15,1316.645,285.784,253.789,234.617,0.982,-1,-1,-1
119,20,562.653,88.850,167.159,141.417,0.908,-1,-1,-1
120,7,240.872,515.617,276.410,232.411,0.991,-1,-1,-1
120,8,485.094,712.446,398.880,320.739,0.988,-1,-1,-1
120,15,1314.142,282.726,251.614,232.318,0.981,-1,-1,-1
120,20,560.290,91.915,166.962,140.736,0.936,-1,-1,-1
121,7,235.741,521.053,276.091,234.236,0.989,-1,-1,-1
121,8,474.826,724.584,406.691,330.930,0.980,-1,-1,-1
121,15,1313.033,277.586,249.717,235.207,0.968,-1,-1,-1
121,20,559.239,95.670,166.806,139.669,0.928,-1,-1,-1
122,7,228.899,527.247,282.660,237.196,0.993,-1,-1,-1
122,8,467.646,738.839,413.526,331.623,0.995,-1,-1,-1
122,15,1311.645,274.058,247.037,234.816,0.957,-1,-1,-1
122,20,557.144,97.438,167.503,141.538,0.942,-1,-1,-1
123,7,221.574,533.889,285.641,242.149,0.990,-1,-1,-1
123,8,457.087,751.625,421.691,328.791,0.991,-1,-1,-1
123,15,1306.847,271.225,245.542,227.515,0.933,-1,-1,-1
123,20,553.657,100.766,170.129,140.493,0.916,-1,-1,-1
124,7,217.048,538.969,285.055,243.666,0.994,-1,-1,-1
124,8,444.759,764.726,431.222,318.517,0.965,-1,-1,-1
124,15,1303.104,265.669,243.915,229.794,0.960,-1,-1,-1
124,20,550.058,101.947,171.989,141.074,0.935,-1,-1,-1
125,7,209.533,546.613,289.895,246.083,0.990,-1,-1,-1
125,8,432.864,778.813,443.673,304.458,0.933,-1,-1,-1
125,15,1301.406,263.123,241.534,228.796,0.957,-1,-1,-1
125,20,546.315,105.212,175.296,142.107,0.750,-1,-1,-1
126,7,200.618,553.068,298.941,252.245,0.988,-1,-1,-1
126,8,422.577,792.351,454.028,291.500,0.868,-1,-1,-1
126,15,1300.127,260.484,237.303,224.983,0.948,-1,-1,-1
126,20,545.020,107.028,172.711,142.371,0.899,-1,-1,-1
127,7,193.110,558.043,298.987,252.522,0.990,-1,-1,-1
127,8,414.456,807.311,459.368,276.432,0.741,-1,-1,-1
127,15,1297.492,258.610,235.518,221.869,0.944,-1,-1,-1
127,20,542.189,109.174,174.814,144.675,0.913,-1,-1,-1
128,7,181.292,567.050,306.394,253.570,0.993,-1,-1,-1
128,8,402.140,823.172,468.662,260.609,0.722,-1,-1,-1
128,15,1295.152,254.534,235.518,220.638,0.949,-1,-1,-1
128,20,538.719,112.197,176.606,146.415,0.938,-1,-1,-1
129,7,176.081,577.180,305.294,256.781,0.994,-1,-1,-1
129,8,396.588,832.543,468.662,246.457,0.722,-1,-1,-1
129,15,1293.096,252.217,232.620,222.200,0.971,-1,-1,-1
129,20,536.843,116.415,175.866,147.665,0.964,-1,-1,-1
130,7,170.626,585.131,303.408,259.968,0.993,-1,-1,-1
130,8,391.357,843.946,468.662,235.054,0.722,-1,-1,-1
130,15,1290.503,249.018,230.987,221.917,0.961,-1,-1,-1
130,20,534.628,117.797,176.995,148.841,0.932,-1,-1,-1
131,7,158.455,591.467,310.930,261.073,0.989,-1,-1,-1
131,8,386.319,857.425,468.662,221.575,0.722,-1,-1,-1
131,15,1289.427,247.552,229.237,219.283,0.951,-1,-1,-1
131,20,533.912,120.896,175.779,148.101,0.951,-1,-1,-1
132,7,153.033,599.205,307.611,264.654,0.990,-1,-1,-1
132,8,381.526,872.744,468.662,206.256,0.722,-1,-1,-1
132,15,1286.257,245.692,229.373,216.158,0.939,-1,-1,-1
132,20,530.786,122.567,179.532,149.143,0.956,-1,-1,-1
133,7,142.906,607.391,314.101,267.654,0.993,-1,-1,-1
133,15,1285.300,243.191,226.419,216.691,0.942,-1,-1,-1
133,20,528.110,124.345,180.308,148.783,0.968,-1,-1,-1
134,7,133.310,612.681,317.903,272.580,0.995,-1,-1,-1
134,15,1283.873,242.298,224.474,211.662,0.761,-1,-1,-1
134,20,526.441,127.725,179.877,148.570,0.970,-1,-1,-1
134,23,396.881,8.139,284.502,172.825,0.572,-1,-1,-1
135,7,119.982,622.900,324.359,272.679,0.991,-1,-1,-1
135,15,1282.480,237.453,224.030,215.240,0.841,-1,-1,-1
135,20,524.033,130.282,180.234,149.386,0.973,-1,-1,-1
135,23,395.595,7.920,286.386,171.449,0.622,-1,-1,-1
135,24,1127.989,790.148,458.697,292.889,0.542,-1,-1,-1
136,7,111.012,631.554,323.540,274.507,0.994,-1,-1,-1
136,15,1282.466,235.567,222.433,213.994,0.772,-1,-1,-1
136,20,524.081,134.872,176.995,148.377,0.970,-1,-1,-1
136,23,393.733,7.541,287.651,173.099,0.624,-1,-1,-1
136,24,1124.217,780.846,446.371,301.743,0.756,-1,-1,-1
137,7,98.859,641.234,328.527,276.353,0.994,-1,-1,-1
137,15,1280.570,232.175,222.833,213.189,0.852,-1,-1,-1
137,20,522.457,138.053,177.175,148.338,0.963,-1,-1,-1
137,23,394.983,6.681,293.651,174.556,0.701,-1,-1,-1
137,24,1116.086,774.217,449.286,308.103,0.785,-1,-1,-1
138,7,90.337,647.237,328.419,282.145,0.993,-1,-1,-1
138,15,1279.753,229.006,222.150,212.466,0.931,-1,-1,-1
138,20,522.417,141.946,177.544,148.460,0.969,-1,-1,-1
138,23,398.225,7.397,293.200,175.990,0.677,-1,-1,-1
138,24,1107.306,766.045,450.942,316.258,0.881,-1,-1,-1
139,7,79.427,656.600,331.770,282.841,0.990,-1,-1,-1
139,15,1280.052,225.959,220.389,210.815,0.825,-1,-1,-1
139,20,520.871,143.968,179.846,148.646,0.956,-1,-1,-1
139,23,396.178,6.733,296.486,174.675,0.677,-1,-1,-1
139,24,1103.761,754.267,440.555,326.041,0.956,-1,-1,-1
140,7,69.998,667.444,337.161,282.208,0.993,-1,-1,-1
140,15,1277.199,222.664,222.115,209.704,0.923,-1,-1,-1
140,20,518.906,147.346,182.390,151.224,0.954,-1,-1,-1
140,23,402.718,12.341,297.160,171.131,0.869,-1,-1,-1
140,24,1090.654,746.583,444.082,331.307,0.975,-1,-1,-1
141,7,52.300,676.565,345.200,287.540,0.988,-1,-1,-1
141,15,1277.178,220.837,217.527,207.886,0.838,-1,-1,-1
141,20,516.365,151.604,182.893,152.021,0.949,-1,-1,-1
141,23,404.994,12.837,296.856,170.412,0.891,-1,-1,-1
141,24,1082.165,739.422,440.886,332.229,0.988,-1,-1,-1
142,7,37.655,686.687,354.114,297.825,0.985,-1,-1,-1
142,15,1277.508,213.477,213.270,210.157,0.919,-1,-1,-1
142,20,516.012,155.574,181.817,153.425,0.974,-1,-1,-1
142,23,405.465,12.016,297.873,171.815,0.916,-1,-1,-1
142,24,1069.206,730.569,439.944,332.260,0.970,-1,-1,-1
143,7,29.880,700.040,355.446,299.007,0.986,-1,-1,-1
143,15,1278.236,211.194,210.030,208.556,0.875,-1,-1,-1
143,20,516.534,161.169,180.079,152.385,0.974,-1,-1,-1
143,23,405.153,11.809,298.211,171.778,0.937,-1,-1,-1
143,24,1056.997,722.082,437.606,333.157,0.972,-1,-1,-1
144,7,11.160,711.659,367.716,313.675,0.968,-1,-1,-1
144,15,1276.218,206.630,212.921,208.686,0.896,-1,-1,-1
144,20,519.095,165.846,178.548,152.295,0.980,-1,-1,-1
144,23,405.657,12.067,297.785,171.875,0.937,-1,-1,-1
144,24,1039.284,718.077,441.469,328.971,0.966,-1,-1,-1
145,7,4.050,721.948,368.500,324.505,0.937,-1,-1,-1
145,15,1274.909,203.807,211.371,206.044,0.799,-1,-1,-1
145,20,517.133,168.029,182.765,155.673,0.978,-1,-1,-1
145,23,405.217,12.243,298.975,171.878,0.937,-1,-1,-1
145,24,1017.559,710.082,448.908,326.594,0.989,-1,-1,-1
146,7,3.383,731.065,355.298,332.377,0.906,-1,-1,-1
146,15,1274.437,203.063,209.027,202.633,0.803,-1,-1,-1
146,20,517.067,171.056,183.686,155.289,0.981,-1,-1,-1
146,23,404.844,12.661,298.530,172.078,0.928,-1,-1,-1
146,24,992.819,697.725,456.305,325.634,0.992,-1,-1,-1
147,7,2.989,742.522,347.216,333.188,0.820,-1,-1,-1
147,15,1270.065,196.242,212.805,204.377,0.806,-1,-1,-1
147,20,517.040,174.010,184.826,153.846,0.975,-1,-1,-1
147,23,406.433,12.224,298.283,173.092,0.935,-1,-1,-1
147,24,968.098,695.336,460.572,317.868,0.994,-1,-1,-1
148,7,2.326,753.804,337.214,327.809,0.566,-1,-1,-1
148,15,1270.057,190.471,210.636,204.844,0.555,-1,-1,-1
148,20,518.586,177.608,182.326,153.721,0.967,-1,-1,-1
148,23,408.596,12.863,295.846,172.291,0.936,-1,-1,-1
148,24,937.899,686.782,468.436,319.196,0.992,-1,-1,-1
149,7,0.000,766.447,331.798,312.553,0.566,-1,-1,-1
149,15,1268.754,186.790,210.786,205.517,0.634,-1,-1,-1
149,20,517.755,179.841,184.624,152.927,0.968,-1,-1,-1
149,23,405.240,11.743,300.041,173.120,0.945,-1,-1,-1
149,24,904.817,681.446,480.606,312.031,0.994,-1,-1,-1
150,7,0.000,778.969,322.301,300.031,0.566,-1,-1,-1
150,15,1267.256,182.662,210.786,205.517,0.634,-1,-1,-1
150,20,518.899,183.495,183.789,151.265,0.980,-1,-1,-1
150,23,405.072,13.506,300.247,171.139,0.939,-1,-1,-1
150,24,862.802,675.937,496.340,306.398,0.994,-1,-1,-1
151,7,0.000,791.941,311.040,287.059,0.566,-1,-1,-1
151,15,1265.969,178.648,210.786,205.517,0.634,-1,-1,-1
151,20,520.403,185.595,181.798,153.097,0.986,-1,-1,-1
151,23,406.925,14.075,297.174,169.186,0.935,-1,-1,-1
151,24,823.007,674.392,507.869,297.559,0.996,-1,-1,-1
152,7,0.000,805.548,297.453,273.452,0.566,-1,-1,-1
152,15,1267.380,181.950,202.939,200.356,0.871,-1,-1,-1
152,20,520.742,188.349,183.350,157.789,0.988,-1,-1,-1
152,23,407.378,14.474,297.962,169.615,0.920,-1,-1,-1
152,24,777.345,669.490,527.989,295.057,0.997,-1,-1,-1
153,15,1266.656,181.637,202.127,197.451,0.528,-1,-1,-1
153,20,520.193,192.107,185.839,158.690,0.988,-1,-1,-1
153,23,405.985,13.963,300.019,170.846,0.937,-1,-1,-1
153,24,724.897,664.101,543.108,296.159,0.997,-1,-1,-1
154,15,1265.591,180.247,202.127,197.451,0.528,-1,-1,-1
154,20,520.219,197.472,185.789,160.690,0.974,-1,-1,-1
154,23,406.086,13.395,300.715,171.983,0.954,-1,-1,-1
154,24,676.801,662.821,556.811,291.818,0.997,-1,-1,-1
155,15,1264.744,179.475,202.127,197.451,0.528,-1,-1,-1
155,20,518.971,198.927,188.463,161.447,0.980,-1,-1,-1
155,23,405.890,13.087,300.197,172.062,0.942,-1,-1,-1
155,24,629.590,661.652,567.531,288.891,0.998,-1,-1,-1
156,15,1264.008,179.011,202.127,197.451,0.528,-1,-1,-1
156,20,520.041,204.412,187.662,159.043,0.960,-1,-1,-1
156,23,403.852,13.038,302.950,172.020,0.934,-1,-1,-1
156,24,576.739,661.239,589.487,285.207,0.998,-1,-1,-1
157,15,1259.282,149.316,208.795,219.142,0.766,-1,-1,-1
157,20,518.103,206.733,190.851,161.258,0.951,-1,-1,-1
157,23,405.285,13.041,302.147,172.427,0.929,-1,-1,-1
157,24,527.517,658.672,590.164,284.012,0.998,-1,-1,-1
158,15,1259.904,148.744,207.214,216.362,0.747,-1,-1,-1
158,20,518.283,208.017,193.266,164.669,0.974,-1,-1,-1
158,23,407.761,12.887,299.065,172.568,0.905,-1,-1,-1
158,24,481.880,655.255,585.614,284.777,0.998,-1,-1,-1
159,15,1259.012,144.167,206.698,217.870,0.883,-1,-1,-1
159,20,517.301,211.530,195.847,165.354,0.961,-1,-1,-1
159,23,406.985,12.667,298.950,173.255,0.885,-1,-1,-1
159,24,429.233,653.313,589.724,284.041,0.998,-1,-1,-1
160,15,1259.875,142.059,204.435,217.242,0.880,-1,-1,-1
160,20,519.722,215.701,192.257,163.687,0.967,-1,-1,-1
160,23,406.948,13.362,295.907,173.015,0.885,-1,-1,-1
160,24,375.736,653.211,603.888,281.325,0.998,-1,-1,-1
161,15,1262.117,144.741,201.202,211.461,0.871,-1,-1,-1
161,20,519.923,218.504,190.808,166.115,0.986,-1,-1,-1
161,23,407.562,13.896,294.410,173.142,0.891,-1,-1,-1
161,24,327.152,653.336,622.598,281.161,0.998,-1,-1,-1
162,15,1262.362,145.691,201.307,208.287,0.830,-1,-1,-1
162,20,520.435,223.559,191.273,166.886,0.988,-1,-1,-1
162,23,405.471,14.441,300.824,173.116,0.909,-1,-1,-1
162,24,271.787,653.440,625.790,281.783,0.998,-1,-1,-1
163,15,1260.327,137.980,202.911,213.461,0.907,-1,-1,-1
163,20,520.088,226.646,195.940,171.211,0.991,-1,-1,-1
163,23,404.844,15.383,305.802,172.895,0.859,-1,-1,-1
163,24,218.496,652.432,627.477,281.639,0.998,-1,-1,-1
164,15,1258.811,138.531,205.404,212.565,0.899,-1,-1,-1
164,20,520.024,232.472,194.080,169.356,0.986,-1,-1,-1
164,23,407.674,17.575,306.280,171.722,0.899,-1,-1,-1
164,24,164.885,651.900,638.612,282.773,0.998,-1,-1,-1
165,15,1258.215,134.397,203.884,212.693,0.947,-1,-1,-1
165,20,519.150,236.579,196.597,171.313,0.992,-1,-1,-1
165,23,411.777,17.797,301.648,171.470,0.940,-1,-1,-1
165,24,117.513,651.834,632.352,282.889,0.998,-1,-1,-1
166,15,1259.846,133.505,200.753,212.063,0.936,-1,-1,-1
166,20,518.084,241.057,196.107,172.485,0.994,-1,-1,-1
166,23,413.862,17.033,307.840,172.873,0.900,-1,-1,-1
166,24,71.243,653.171,636.292,283.640,0.998,-1,-1,-1
167,15,1259.563,133.027,201.168,210.034,0.890,-1,-1,-1
167,20,517.603,246.947,195.160,170.763,0.993,-1,-1,-1
167,23,414.988,18.575,302.328,173.527,0.925,-1,-1,-1
167,24,29.074,656.857,635.404,283.015,0.997,-1,-1,-1
168,15,1260.165,132.580,198.075,207.940,0.950,-1,-1,-1
168,20,516.527,249.541,197.082,172.717,0.994,-1,-1,-1
168,23,416.965,15.081,302.570,176.701,0.925,-1,-1,-1
168,24,7.482,660.884,608.155,282.567,0.992,-1,-1,-1
169,15,1259.264,132.350,199.311,208.720,0.962,-1,-1,-1
169,20,515.632,253.515,196.637,171.313,0.992,-1,-1,-1
169,23,417.853,15.757,305.001,176.642,0.915,-1,-1,-1
169,24,6.367,664.658,555.863,279.284,0.991,-1,-1,-1
170,15,1259.804,131.952,196.959,206.900,0.953,-1,-1,-1
170,20,513.939,258.118,197.704,170.625,0.984,-1,-1,-1
170,23,432.972,18.731,291.484,172.426,0.851,-1,-1,-1
170,24,5.784,667.229,511.886,278.095,0.982,-1,-1,-1
171,15,1258.988,134.205,196.263,201.856,0.963,-1,-1,-1
171,20,513.112,261.699,198.976,171.610,0.989,-1,-1,-1
171,23,422.948,18.674,304.083,172.524,0.813,-1,-1,-1
171,24,4.359,671.779,475.939,272.103,0.948,-1,-1,-1
172,15,1259.119,133.145,194.897,201.321,0.961,-1,-1,-1
172,20,510.649,265.616,202.265,173.266,0.989,-1,-1,-1
172,23,487.398,23.043,243.121,165.726,0.706,-1,-1,-1
172,24,3.581,673.254,436.579,268.816,0.939,-1,-1,-1
173,15,1257.961,133.736,196.118,200.678,0.942,-1,-1,-1
173,20,509.516,270.595,204.167,172.186,0.991,-1,-1,-1
173,23,453.336,19.704,277.726,170.213,0.796,-1,-1,-1
173,24,3.864,671.894,399.290,272.520,0.869,-1,-1,-1
174,15,1258.729,129.935,194.563,202.914,0.914,-1,-1,-1
174,20,507.733,274.680,202.739,170.176,0.988,-1,-1,-1
174,23,448.884,19.321,281.672,171.255,0.814,-1,-1,-1
174,24,4.222,673.874,368.348,272.567,0.834,-1,-1,-1
174,28,1237.532,790.731,473.104,292.379,0.676,-1,-1,-1
175,15,1259.617,133.401,192.126,197.349,0.940,-1,-1,-1
175,20,505.339,278.785,204.588,171.158,0.988,-1,-1,-1
175,23,452.028,21.225,279.748,170.241,0.851,-1,-1,-1
175,24,3.940,671.242,329.502,277.422,0.674,-1,-1,-1
175,28,1226.204,775.808,463.780,307.023,0.854,-1,-1,-1
176,15,1258.741,136.843,191.124,193.098,0.922,-1,-1,-1
176,20,501.637,281.616,207.688,171.485,0.991,-1,-1,-1
176,23,457.488,20.189,275.533,172.843,0.923,-1,-1,-1
176,24,3.633,668.519,293.843,280.695,0.624,-1,-1,-1
176,28,1211.728,758.968,463.261,322.664,0.911,-1,-1,-1
177,15,1257.411,135.048,192.552,193.422,0.964,-1,-1,-1
177,20,498.979,285.539,207.956,171.851,0.988,-1,-1,-1
177,23,457.610,20.971,276.960,172.397,0.852,-1,-1,-1
177,24,0.000,669.552,275.500,280.695,0.624,-1,-1,-1
177,28,1202.570,745.635,446.286,331.633,0.970,-1,-1,-1
178,15,1258.273,134.109,193.868,193.742,0.958,-1,-1,-1
178,20,497.453,288.389,207.803,172.748,0.992,-1,-1,-1
178,23,458.770,21.365,276.450,172.224,0.929,-1,-1,-1
178,24,0.000,670.883,249.629,280.695,0.624,-1,-1,-1
178,28,1197.826,729.177,434.445,332.798,0.967,-1,-1,-1
179,15,1255.341,130.172,197.489,195.098,0.945,-1,-1,-1
179,20,494.758,290.308,210.032,175.302,0.995,-1,-1,-1
179,23,466.352,22.814,271.510,170.932,0.922,-1,-1,-1
179,24,0.000,671.836,226.764,280.695,0.624,-1,-1,-1
179,28,1187.774,717.989,430.645,328.561,0.977,-1,-1,-1
180,15,1255.660,133.077,195.923,190.350,0.904,-1,-1,-1
180,20,494.217,293.174,207.233,175.069,0.994,-1,-1,-1
180,23,475.291,26.394,265.196,168.310,0.888,-1,-1,-1
180,24,0.000,672.836,207.834,280.695,0.624,-1,-1,-1
180,28,1180.840,700.854,422.133,322.718,0.988,-1,-1,-1
181,15,1255.387,126.063,200.173,194.798,0.830,-1,-1,-1
181,20,492.101,298.028,208.478,174.076,0.991,-1,-1,-1
181,23,487.241,24.564,255.493,170.956,0.804,-1,-1,-1
181,28,1174.816,688.343,417.462,315.063,0.989,-1,-1,-1
182,15,1256.069,123.456,201.812,194.649,0.919,-1,-1,-1
182,20,489.281,300.408,210.334,177.466,0.992,-1,-1,-1
182,23,494.249,26.134,249.149,169.953,0.778,-1,-1,-1
182,28,1167.655,679.114,409.153,302.417,0.989,-1,-1,-1
183,15,1256.257,125.234,198.468,190.190,0.902,-1,-1,-1
183,20,485.128,303.164,213.969,179.492,0.993,-1,-1,-1
183,23,502.060,26.481,240.721,170.240,0.805,-1,-1,-1
183,28,1159.861,664.783,401.422,295.423,0.993,-1,-1,-1
184,15,1256.122,120.284,204.010,193.658,0.894,-1,-1,-1
184,20,481.717,307.563,213.640,180.491,0.994,-1,-1,-1
184,23,510.448,29.668,232.451,167.244,0.679,-1,-1,-1
184,28,1151.219,651.775,398.848,294.020,0.992,-1,-1,-1
185,15,1255.620,119.089,206.565,192.525,0.794,-1,-1,-1
185,20,479.988,312.118,216.781,180.647,0.986,-1,-1,-1
185,23,519.794,32.960,223.232,164.815,0.670,-1,-1,-1
185,28,1142.661,640.432,394.198,289.166,0.990,-1,-1,-1
186,15,1255.712,118.986,202.341,192.659,0.836,-1,-1,-1
186,20,476.257,315.809,218.398,180.962,0.591,-1,-1,-1
186,23,537.336,37.837,206.830,160.688,0.705,-1,-1,-1
186,28,1137.867,631.839,386.780,283.766,0.967,-1,-1,-1
187,15,1255.580,122.219,205.898,187.645,0.875,-1,-1,-1
187,20,472.413,319.959,218.723,182.861,0.994,-1,-1,-1
187,23,546.472,40.545,198.460,158.670,0.733,-1,-1,-1
187,28,1130.359,616.216,387.337,285.506,0.991,-1,-1,-1
188,15,1254.645,126.388,197.212,182.690,0.896,-1,-1,-1
188,20,468.112,322.047,225.469,189.659,0.994,-1,-1,-1
188,23,544.352,38.566,200.876,160.824,0.842,-1,-1,-1
188,28,1127.584,608.219,382.916,284.916,0.988,-1,-1,-1
189,15,1254.892,120.523,203.361,187.304,0.884,-1,-1,-1
189,20,465.105,327.023,225.698,186.584,0.993,-1,-1,-1
189,23,550.545,42.653,196.165,157.896,0.790,-1,-1,-1
189,28,1124.550,598.771,379.497,282.969,0.984,-1,-1,-1
190,15,1254.135,121.891,195.124,186.454,0.926,-1,-1,-1
190,20,461.448,330.780,226.840,187.196,0.992,-1,-1,-1
190,23,550.323,44.962,195.967,157.282,0.916,-1,-1,-1
190,28,1121.762,589.211,370.511,280.820,0.985,-1,-1,-1
191,15,1255.409,121.665,198.251,185.902,0.858,-1,-1,-1
191,20,455.981,336.977,230.836,186.728,0.991,-1,-1,-1
191,23,550.921,45.044,194.665,157.377,0.826,-1,-1,-1
191,28,1120.659,577.724,365.499,280.536,0.989,-1,-1,-1
192,15,1255.137,122.612,193.683,184.160,0.868,-1,-1,-1
192,20,453.443,342.274,229.022,188.138,0.990,-1,-1,-1
192,23,542.462,43.658,202.173,159.084,0.882,-1,-1,-1
192,28,1119.759,570.124,360.302,273.917,0.989,-1,-1,-1
193,15,1256.218,121.717,198.220,184.318,0.886,-1,-1,-1
193,20,449.393,347.254,231.583,189.597,0.983,-1,-1,-1
193,23,547.970,43.688,195.461,159.714,0.838,-1,-1,-1
193,28,1121.542,561.716,349.837,265.816,0.985,-1,-1,-1
194,15,1254.204,124.108,186.075,182.503,0.920,-1,-1,-1
194,20,444.057,350.591,233.700,190.276,0.990,-1,-1,-1
194,23,552.109,46.010,191.258,158.401,0.754,-1,-1,-1
194,28,1119.332,552.536,346.434,261.403,0.987,-1,-1,-1
195,15,1255.225,123.089,183.467,182.249,0.917,-1,-1,-1
195,20,439.325,353.502,234.915,194.125,0.992,-1,-1,-1
195,23,551.662,47.343,190.379,158.384,0.689,-1,-1,-1
195,28,1117.761,542.631,347.597,259.134,0.990,-1,-1,-1
196,15,1254.363,122.984,184.108,181.091,0.937,-1,-1,-1
196,20,433.964,356.867,237.028,197.266,0.990,-1,-1,-1
196,23,550.706,45.115,192.363,161.341,0.677,-1,-1,-1
196,28,1121.905,533.562,341.326,254.111,0.990,-1,-1,-1
197,15,1255.986,121.590,183.979,180.465,0.900,-1,-1,-1
197,20,428.105,364.997,239.954,197.667,0.980,-1,-1,-1
197,23,551.022,46.155,192.559,162.347,0.799,-1,-1,-1
197,28,1121.995,526.743,338.546,251.568,0.992,-1,-1,-1
198,15,1256.871,122.510,183.089,178.136,0.915,-1,-1,-1
198,20,421.628,368.845,243.571,199.000,0.961,-1,-1,-1
198,23,552.185,47.093,191.385,162.323,0.804,-1,-1,-1
198,28,1125.002,516.913,334.436,248.964,0.992,-1,-1,-1
199,15,1256.468,122.283,183.214,177.814,0.936,-1,-1,-1
199,20,418.783,376.133,243.215,196.661,0.993,-1,-1,-1
199,23,554.028,50.056,189.496,160.331,0.750,-1,-1,-1
199,28,1126.597,509.777,327.181,245.802,0.991,-1,-1,-1
200,15,1255.540,122.315,185.149,178.239,0.951,-1,-1,-1
200,20,411.491,381.611,245.853,196.517,0.994,-1,-1,-1
200,23,553.671,50.558,188.198,161.691,0.832,-1,-1,-1
200,28,1128.021,504.442,325.991,239.884,0.986,-1,-1,-1
201,15,1257.263,120.735,183.655,179.081,0.943,-1,-1,-1
201,20,405.442,387.609,248.290,194.424,0.982,-1,-1,-1
201,23,553.284,50.771,189.228,162.383,0.892,-1,-1,-1
201,28,1136.020,499.384,316.231,234.901,0.976,-1,-1,-1
202,15,1256.437,120.545,182.452,178.842,0.960,-1,-1,-1
202,20,401.971,390.369,247.531,195.553,0.980,-1,-1,-1
202,23,554.353,53.356,187.140,162.507,0.881,-1,-1,-1
202,28,1135.083,492.279,313.479,233.149,0.991,-1,-1,-1
203,15,1256.355,119.615,182.231,178.863,0.954,-1,-1,-1
203,20,396.191,394.310,249.629,196.236,0.991,-1,-1,-1
203,23,555.586,55.338,187.351,163.725,0.888,-1,-1,-1
203,28,1142.222,485.477,307.120,228.614,0.979,-1,-1,-1
204,15,1256.388,119.743,182.839,178.435,0.945,-1,-1,-1
204,20,390.199,399.068,251.860,197.324,0.989,-1,-1,-1
204,23,555.509,55.621,187.754,166.647,0.849,-1,-1,-1
204,28,1145.524,476.917,301.965,227.197,0.982,-1,-1,-1
205,15,1255.360,120.908,184.712,176.287,0.937,-1,-1,-1
205,20,383.565,403.324,254.332,200.005,0.996,-1,-1,-1
205,23,556.344,56.899,186.798,166.968,0.561,-1,-1,-1
205,28,1149.335,468.071,295.550,227.685,0.978,-1,-1,-1
206,15,1255.211,120.873,184.984,176.112,0.940,-1,-1,-1
206,20,377.191,408.064,257.163,200.251,0.996,-1,-1,-1
206,23,556.725,58.619,186.798,166.968,0.561,-1,-1,-1
206,28,1153.007,461.892,294.132,224.397,0.971,-1,-1,-1
207,15,1255.396,120.995,184.320,175.730,0.931,-1,-1,-1
207,20,373.992,413.740,256.474,201.215,0.997,-1,-1,-1
207,23,557.097,59.953,186.798,166.968,0.561,-1,-1,-1
207,28,1154.001,455.902,294.065,221.964,0.977,-1,-1,-1
208,15,1255.488,120.800,184.770,174.730,0.943,-1,-1,-1
208,20,368.070,418.193,259.347,203.172,0.997,-1,-1,-1
208,23,557.201,60.947,186.798,166.968,0.561,-1,-1,-1
208,28,1156.883,449.091,293.207,222.202,0.984,-1,-1,-1
209,15,1255.072,120.081,184.711,174.573,0.939,-1,-1,-1
209,20,360.414,422.521,261.500,203.397,0.998,-1,-1,-1
209,23,557.247,61.856,186.798,166.968,0.561,-1,-1,-1
209,28,1164.744,446.313,284.244,218.618,0.968,-1,-1,-1
210,15,1254.590,120.175,184.949,174.363,0.942,-1,-1,-1
210,20,358.947,428.922,259.665,205.436,0.997,-1,-1,-1
210,23,646.013,140.978,210.240,151.424,0.991,-1,-1,-1
210,28,1168.760,440.907,278.898,214.469,0.975,-1,-1,-1
211,15,1256.052,119.104,181.593,174.595,0.934,-1,-1,-1
211,20,354.305,434.045,260.671,208.058,0.998,-1,-1,-1
211,23,636.131,146.915,205.268,151.583,0.985,-1,-1,-1
211,28,1173.654,434.891,272.788,211.236,0.979,-1,-1,-1
212,15,1256.560,119.170,181.407,174.468,0.934,-1,-1,-1
212,20,346.721,440.505,266.599,212.850,0.998,-1,-1,-1
212,23,626.729,152.169,201.790,150.908,0.992,-1,-1,-1
212,28,1177.854,428.470,268.410,209.382,0.985,-1,-1,-1
213,15,1257.235,118.495,180.786,174.005,0.913,-1,-1,-1
213,20,339.363,446.462,269.344,213.899,0.997,-1,-1,-1
213,23,614.487,156.509,203.155,153.509,0.989,-1,-1,-1
213,28,1181.298,423.079,268.787,207.128,0.978,-1,-1,-1
214,15,1257.126,118.363,180.776,174.700,0.890,-1,-1,-1
214,20,334.794,451.818,269.127,213.335,0.997,-1,-1,-1
214,23,605.617,161.462,201.476,153.266,0.984,-1,-1,-1
214,28,1179.983,413.929,272.871,207.721,0.985,-1,-1,-1
215,15,1256.881,118.963,180.571,173.965,0.925,-1,-1,-1
215,20,326.669,458.061,272.427,214.038,0.997,-1,-1,-1
215,23,596.823,166.303,201.249,152.771,0.984,-1,-1,-1
215,28,1186.639,406.347,265.738,207.502,0.944,-1,-1,-1
216,15,1257.022,119.188,180.072,173.176,0.887,-1,-1,-1
216,20,320.276,463.549,273.665,215.701,0.998,-1,-1,-1
216,23,587.382,170.804,200.236,152.675,0.982,-1,-1,-1
216,28,1195.369,403.340,262.068,204.563,0.979,-1,-1,-1
217,15,1257.897,120.128,178.850,172.438,0.926,-1,-1,-1
217,20,314.996,468.602,275.965,215.946,0.997,-1,-1,-1
217,23,580.602,175.051,198.666,151.346,0.982,-1,-1,-1
217,28,1199.057,397.340,259.184,203.183,0.984,-1,-1,-1
218,15,1257.538,119.411,178.539,173.414,0.911,-1,-1,-1
218,20,307.671,474.989,276.325,217.761,0.998,-1,-1,-1
218,23,575.245,179.075,194.685,150.427,0.979,-1,-1,-1
218,28,1204.372,391.802,252.262,201.495,0.989,-1,-1,-1
219,15,1257.758,120.069,178.709,172.708,0.940,-1,-1,-1
219,20,300.629,480.595,279.760,221.041,0.996,-1,-1,-1
219,23,569.683,182.555,193.211,149.831,0.977,-1,-1,-1
219,28,1209.958,388.406,247.885,198.672,0.978,-1,-1,-1
220,15,1257.290,120.226,178.473,172.511,0.939,-1,-1,-1
220,20,293.452,486.370,282.477,222.822,0.997,-1,-1,-1
220,23,564.615,187.503,193.028,149.247,0.935,-1,-1,-1
220,28,1212.997,382.589,246.261,196.902,0.989,-1,-1,-1
221,15,1256.701,118.585,179.452,174.400,0.962,-1,-1,-1
221,20,285.078,493.493,285.511,224.786,0.998,-1,-1,-1
221,23,560.403,191.612,190.827,148.666,0.902,-1,-1,-1
221,28,1217.147,379.894,242.075,192.298,0.918,-1,-1,-1
222,15,1256.023,118.678,180.262,174.501,0.956,-1,-1,-1
222,20,276.467,502.343,286.485,222.758,0.998,-1,-1,-1
222,23,555.354,195.188,190.366,148.172,0.924,-1,-1,-1
222,28,1221.630,372.188,236.768,193.231,0.972,-1,-1,-1
223,15,1255.337,117.882,181.520,175.726,0.958,-1,-1,-1
223,20,270.116,508.345,288.534,225.742,0.997,-1,-1,-1
223,23,548.277,198.127,189.588,150.397,0.963,-1,-1,-1
223,28,1221.732,368.103,238.759,191.044,0.976,-1,-1,-1
224,15,1255.716,116.977,181.799,175.322,0.958,-1,-1,-1
224,20,262.132,513.610,290.574,230.242,0.997,-1,-1,-1
224,23,543.447,200.789,189.253,151.917,0.884,-1,-1,-1
224,28,1223.221,360.446,239.091,193.269,0.983,-1,-1,-1
225,15,1255.070,116.890,182.856,175.874,0.972,-1,-1,-1
225,20,254.482,519.589,292.929,232.811,0.998,-1,-1,-1
225,23,539.347,205.771,188.530,151.632,0.864,-1,-1,-1
225,28,1228.596,354.880,235.512,192.075,0.980,-1,-1,-1
226,15,1254.461,117.096,184.034,175.830,0.975,-1,-1,-1
226,20,246.465,524.393,297.626,238.060,0.998,-1,-1,-1
226,23,535.505,209.780,189.331,151.467,0.905,-1,-1,-1
226,28,1230.995,350.492,233.229,188.658,0.988,-1,-1,-1
227,15,1254.691,117.126,184.099,175.892,0.975,-1,-1,-1
227,20,237.616,531.224,302.725,239.849,0.998,-1,-1,-1
227,23,530.904,213.643,189.331,151.467,0.905,-1,-1,-1
227,28,1232.694,348.353,234.655,185.970,0.961,-1,-1,-1
228,15,1255.523,116.886,184.162,176.449,0.967,-1,-1,-1
228,20,233.355,536.009,302.408,240.683,0.997,-1,-1,-1
228,23,528.263,213.712,191.352,156.950,0.726,-1,-1,-1
228,28,1234.717,341.542,234.785,187.553,0.886,-1,-1,-1
229,15,1256.379,116.696,183.863,177.276,0.962,-1,-1,-1
229,20,226.934,543.762,301.637,245.036,0.998,-1,-1,-1
229,23,523.943,216.815,193.277,159.150,0.671,-1,-1,-1
229,28,1240.385,334.776,228.036,190.399,0.931,-1,-1,-1
230,15,1256.275,117.079,184.063,176.841,0.955,-1,-1,-1
230,20,220.175,551.705,305.204,244.806,0.998,-1,-1,-1
230,23,520.918,220.459,191.093,160.079,0.888,-1,-1,-1
230,28,1245.196,333.991,223.272,183.788,0.933,-1,-1,-1
231,15,1255.328,116.539,184.352,175.392,0.957,-1,-1,-1
231,20,212.133,554.600,307.696,249.428,0.997,-1,-1,-1
231,23,516.800,224.332,191.238,158.752,0.870,-1,-1,-1
231,28,1247.981,329.715,222.370,181.960,0.917,-1,-1,-1
232,15,1256.115,116.478,183.215,175.520,0.959,-1,-1,-1
232,20,205.238,560.613,306.780,253.723,0.997,-1,-1,-1
232,23,514.892,229.843,190.625,158.745,0.906,-1,-1,-1
232,28,1251.619,329.091,218.877,178.003,0.874,-1,-1,-1
233,15,1258.225,116.092,182.024,174.960,0.944,-1,-1,-1
233,20,195.716,567.210,309.839,255.126,0.998,-1,-1,-1
233,23,510.422,233.143,193.917,161.154,0.923,-1,-1,-1
233,28,1255.540,326.144,216.735,176.956,0.955,-1,-1,-1
234,15,1258.499,116.004,183.273,174.809,0.942,-1,-1,-1
234,20,186.293,576.175,314.100,258.199,0.998,-1,-1,-1
234,23,506.737,238.775,194.315,159.384,0.649,-1,-1,-1
234,28,1260.318,322.434,214.245,176.423,0.916,-1,-1,-1
235,15,1258.345,116.516,183.366,174.010,0.945,-1,-1,-1
235,20,181.774,584.025,313.168,258.348,0.997,-1,-1,-1
235,23,504.216,242.906,193.446,159.437,0.875,-1,-1,-1
235,28,1261.944,319.341,213.627,175.165,0.890,-1,-1,-1
236,15,1258.050,116.130,184.192,174.611,0.947,-1,-1,-1
236,20,170.673,592.400,319.677,258.960,0.997,-1,-1,-1
236,23,500.206,245.768,195.646,161.494,0.898,-1,-1,-1
236,28,1266.285,316.270,208.767,173.834,0.919,-1,-1,-1
237,15,1257.747,115.890,184.962,174.920,0.945,-1,-1,-1
237,20,162.891,597.134,322.218,265.982,0.997,-1,-1,-1
237,23,495.909,248.598,197.024,165.371,0.841,-1,-1,-1
237,28,1269.668,312.258,205.900,171.310,0.915,-1,-1,-1
238,15,1257.612,115.048,185.136,174.960,0.931,-1,-1,-1
238,20,155.158,603.731,324.181,270.667,0.997,-1,-1,-1
238,23,493.945,253.523,194.741,164.666,0.918,-1,-1,-1
238,28,1270.701,308.793,205.181,171.892,0.908,-1,-1,-1
239,15,1258.016,114.807,183.664,174.988,0.930,-1,-1,-1
239,20,142.731,609.392,328.792,273.397,0.996,-1,-1,-1
239,23,490.749,257.201,196.445,164.397,0.925,-1,-1,-1
239,28,1271.788,306.067,205.494,169.443,0.931,-1,-1,-1
240,15,1257.099,115.171,185.240,174.376,0.872,-1,-1,-1
240,20,137.657,615.655,327.059,273.235,0.996,-1,-1,-1
240,23,488.110,262.137,196.905,164.552,0.931,-1,-1,-1
240,28,1273.696,304.824,202.883,166.791,0.859,-1,-1,-1
241,15,1258.278,114.270,184.225,173.551,0.754,-1,-1,-1
241,20,126.669,625.951,329.948,275.653,0.996,-1,-1,-1
241,23,486.396,268.440,197.171,163.408,0.852,-1,-1,-1
241,28,1276.148,299.930,201.435,169.013,0.819,-1,-1,-1
242,15,1259.871,114.356,183.064,174.444,0.740,-1,-1,-1
242,20,116.446,635.073,336.513,275.728,0.996,-1,-1,-1
242,23,483.916,272.964,197.718,164.909,0.890,-1,-1,-1
242,28,1279.486,298.006,198.586,165.878,0.884,-1,-1,-1
243,15,1258.476,113.528,191.610,174.938,0.542,-1,-1,-1
243,20,104.588,641.910,341.358,280.420,0.996,-1,-1,-1
243,23,480.772,278.014,201.394,165.859,0.667,-1,-1,-1
243,28,1278.346,294.104,201.381,168.432,0.789,-1,-1,-1
244,15,1259.371,113.286,191.610,174.938,0.542,-1,-1,-1
244,20,96.764,646.405,344.086,284.087,0.995,-1,-1,-1
244,23,478.805,282.704,202.416,164.045,0.638,-1,-1,-1
244,28,1281.073,291.572,198.639,168.217,0.769,-1,-1,-1
245,15,1260.283,113.011,191.610,174.938,0.542,-1,-1,-1
245,20,90.622,652.536,343.062,288.121,0.996,-1,-1,-1
245,23,476.523,286.293,202.687,163.529,0.655,-1,-1,-1
245,28,1280.378,289.631,197.346,164.926,0.792,-1,-1,-1
246,15,1261.076,112.908,191.610,174.938,0.542,-1,-1,-1
246,20,82.854,659.271,344.727,290.145,0.996,-1,-1,-1
246,23,474.711,290.392,202.687,163.529,0.655,-1,-1,-1
246,28,1280.241,286.215,196.743,165.909,0.796,-1,-1,-1
247,15,1261.634,112.537,191.610,174.938,0.542,-1,-1,-1
247,20,68.611,668.401,352.392,292.872,0.995,-1,-1,-1
247,23,468.787,291.137,205.030,163.226,0.628,-1,-1,-1
247,28,1282.830,282.633,191.918,165.916,0.775,-1,-1,-1
248,20,54.385,675.566,361.471,296.843,0.995,-1,-1,-1
248,23,465.727,292.206,206.889,166.514,0.536,-1,-1,-1
248,28,1282.434,279.263,192.442,164.223,0.640,-1,-1,-1
249,20,40.726,686.698,369.655,305.241,0.992,-1,-1,-1
249,23,463.555,294.828,207.158,166.633,0.723,-1,-1,-1
249,28,1281.759,273.306,193.385,165.730,0.806,-1,-1,-1
250,20,33.472,696.045,372.465,313.033,0.993,-1,-1,-1
250,23,461.848,298.442,207.879,167.606,0.856,-1,-1,-1
250,28,1283.914,269.689,190.151,164.316,0.862,-1,-1,-1
251,20,17.872,705.305,379.887,317.770,0.988,-1,-1,-1
251,23,461.229,301.327,205.629,168.468,0.761,-1,-1,-1
251,28,1282.255,264.659,192.604,163.667,0.769,-1,-1,-1
252,20,10.728,715.162,383.305,330.606,0.976,-1,-1,-1
252,23,458.578,305.740,207.587,168.581,0.831,-1,-1,-1
252,28,1282.301,260.330,192.204,163.547,0.831,-1,-1,-1
253,20,3.785,724.098,383.218,336.160,0.973,-1,-1,-1
253,23,456.669,307.653,210.568,173.555,0.652,-1,-1,-1
253,28,1285.306,255.162,189.087,164.838,0.642,-1,-1,-1
254,20,3.172,731.640,376.182,335.622,0.958,-1,-1,-1
254,23,453.578,313.617,211.480,172.585,0.820,-1,-1,-1
254,28,1286.761,252.938,187.361,163.700,0.552,-1,-1,-1
255,20,2.698,740.291,366.490,339.652,0.862,-1,-1,-1
255,23,450.598,316.725,210.947,172.598,0.855,-1,-1,-1
255,28,1285.099,247.608,187.840,163.873,0.859,-1,-1,-1
256,20,1.966,751.621,365.749,330.969,0.896,-1,-1,-1
256,23,447.063,320.787,211.900,171.900,0.917,-1,-1,-1
256,28,1283.820,243.494,188.340,160.824,0.832,-1,-1,-1
257,20,1.322,763.025,357.472,321.726,0.653,-1,-1,-1
257,23,444.083,324.030,212.746,173.341,0.856,-1,-1,-1
257,28,1284.227,236.195,187.358,161.338,0.880,-1,-1,-1
258,20,0.413,774.341,347.517,310.348,0.569,-1,-1,-1
258,23,442.345,329.136,210.515,172.938,0.897,-1,-1,-1
258,28,1284.135,233.419,187.082,158.216,0.817,-1,-1,-1
259,20,0.000,782.864,341.985,296.136,0.569,-1,-1,-1
259,23,437.885,331.270,214.417,175.584,0.964,-1,-1,-1
259,28,1283.588,229.760,187.651,156.394,0.864,-1,-1,-1
260,20,0.000,791.653,334.509,287.347,0.569,-1,-1,-1
260,23,436.386,336.181,214.240,175.017,0.938,-1,-1,-1
260,28,1285.102,226.303,182.642,154.923,0.828,-1,-1,-1
261,20,0.000,801.502,324.565,277.498,0.569,-1,-1,-1
261,23,431.813,340.049,216.578,175.903,0.962,-1,-1,-1
261,28,1284.088,225.390,183.273,154.350,0.733,-1,-1,-1
262,20,0.000,812.483,312.766,266.517,0.569,-1,-1,-1
262,23,427.098,344.793,220.714,176.079,0.801,-1,-1,-1
262,28,1283.574,221.824,183.395,153.022,0.838,-1,-1,-1
263,23,425.178,348.307,221.679,179.509,0.769,-1,-1,-1
263,28,1282.683,218.456,184.171,151.988,0.856,-1,-1,-1
264,23,418.862,352.925,227.465,181.444,0.698,-1,-1,-1
264,28,1280.999,216.442,185.708,152.083,0.651,-1,-1,-1
265,23,416.859,356.662,225.722,180.587,0.721,-1,-1,-1
265,28,1283.398,212.717,182.533,151.640,0.883,-1,-1,-1
266,23,411.827,361.003,229.474,182.122,0.514,-1,-1,-1
266,28,1281.866,210.424,183.990,151.827,0.928,-1,-1,-1
267,23,409.257,365.637,229.474,182.122,0.514,-1,-1,-1
267,28,1282.752,206.149,181.967,154.299,0.855,-1,-1,-1
268,23,404.683,371.804,233.373,186.492,0.590,-1,-1,-1
268,28,1282.584,204.937,182.418,153.115,0.813,-1,-1,-1
269,23,401.895,376.762,235.134,187.154,0.685,-1,-1,-1
269,28,1283.325,201.193,181.901,153.638,0.884,-1,-1,-1
270,23,397.967,379.970,236.922,189.623,0.653,-1,-1,-1
270,28,1283.072,198.854,180.542,153.722,0.855,-1,-1,-1
271,23,395.524,385.229,236.922,189.623,0.653,-1,-1,-1
271,28,1282.482,196.227,181.344,153.804,0.693,-1,-1,-1
272,23,392.836,390.579,236.922,189.623,0.653,-1,-1,-1
272,28,1280.473,192.929,182.238,154.208,0.699,-1,-1,-1
273,23,390.082,395.065,236.922,189.623,0.653,-1,-1,-1
273,28,1281.615,191.660,177.133,151.613,0.766,-1,-1,-1
274,23,383.406,395.599,241.186,193.127,0.538,-1,-1,-1
274,28,1282.142,186.657,174.154,153.655,0.741,-1,-1,-1
275,23,380.488,401.608,241.580,192.471,0.564,-1,-1,-1
275,28,1281.342,184.853,174.094,153.581,0.844,-1,-1,-1
276,23,376.654,406.892,244.401,193.956,0.682,-1,-1,-1
276,28,1280.331,182.742,174.327,152.833,0.826,-1,-1,-1
277,23,374.041,411.826,244.289,193.006,0.789,-1,-1,-1
277,28,1280.131,180.890,173.797,151.308,0.863,-1,-1,-1
278,23,369.143,415.786,249.697,194.176,0.669,-1,-1,-1
278,28,1278.698,177.021,174.305,152.847,0.903,-1,-1,-1
279,23,364.928,415.839,250.907,198.928,0.927,-1,-1,-1
279,28,1278.417,174.315,173.327,151.530,0.781,-1,-1,-1
280,23,362.305,420.310,251.721,201.362,0.794,-1,-1,-1
280,28,1276.624,172.637,174.176,152.050,0.850,-1,-1,-1
281,23,359.284,422.471,252.368,203.742,0.741,-1,-1,-1
281,28,1275.806,171.051,172.827,147.470,0.851,-1,-1,-1
282,23,359.153,429.278,248.369,203.919,0.923,-1,-1,-1
282,28,1274.256,169.675,174.016,146.476,0.730,-1,-1,-1
283,23,353.745,436.469,254.112,207.951,0.951,-1,-1,-1
283,28,1273.675,164.612,174.339,149.064,0.653,-1,-1,-1
284,23,348.193,441.387,259.509,210.518,0.970,-1,-1,-1
284,28,1273.463,163.383,172.926,148.688,0.601,-1,-1,-1
285,23,344.061,448.353,262.061,212.102,0.930,-1,-1,-1
285,28,1273.495,159.690,172.086,148.288,0.694,-1,-1,-1
286,23,341.752,455.853,260.631,210.586,0.827,-1,-1,-1
286,28,1273.168,158.797,171.505,147.908,0.623,-1,-1,-1
287,23,334.119,460.031,267.508,211.374,0.892,-1,-1,-1
287,28,1271.655,156.839,173.348,147.347,0.618,-1,-1,-1
288,23,327.411,461.882,274.331,216.578,0.974,-1,-1,-1
288,28,1270.780,154.740,172.213,146.966,0.552,-1,-1,-1
289,23,324.063,467.900,274.357,215.979,0.935,-1,-1,-1
289,28,1269.298,152.094,170.555,146.671,0.534,-1,-1,-1
290,23,319.326,471.468,274.336,219.258,0.980,-1,-1,-1
290,28,1269.666,149.342,169.931,147.434,0.801,-1,-1,-1
291,23,315.042,476.789,278.612,221.509,0.979,-1,-1,-1
291,28,1269.494,146.198,170.026,148.087,0.544,-1,-1,-1
292,23,309.621,484.837,282.304,222.342,0.931,-1,-1,-1
292,28,1268.063,145.809,172.837,147.498,0.736,-1,-1,-1
293,23,306.587,492.242,278.931,219.570,0.980,-1,-1,-1
293,28,1269.560,144.055,170.811,147.363,0.825,-1,-1,-1
294,23,299.439,498.534,285.344,222.584,0.977,-1,-1,-1
294,28,1268.595,142.500,170.344,147.206,0.830,-1,-1,-1
295,23,294.903,503.714,289.284,224.354,0.976,-1,-1,-1
295,28,1267.718,140.693,169.096,147.096,0.809,-1,-1,-1
296,23,286.112,509.601,289.375,232.587,0.973,-1,-1,-1
296,28,1269.810,140.758,167.040,145.960,0.725,-1,-1,-1
297,23,275.786,514.126,294.456,235.077,0.971,-1,-1,-1
297,28,1269.916,138.779,166.073,145.269,0.774,-1,-1,-1
298,23,269.601,519.348,293.918,237.384,0.979,-1,-1,-1
298,28,1269.552,138.779,165.951,145.114,0.707,-1,-1,-1
299,23,265.142,525.229,294.472,236.463,0.974,-1,-1,-1
299,28,1268.546,137.810,166.568,144.567,0.616,-1,-1,-1
300,23,259.386,533.228,292.176,237.633,0.971,-1,-1,-1
300,28,1270.427,137.393,165.344,144.147,0.715,-1,-1,-1
301,23,251.994,539.804,295.100,238.277,0.975,-1,-1,-1
301,28,1272.633,138.908,162.327,142.244,0.556,-1,-1,-1
302,23,242.370,546.310,300.085,240.739,0.974,-1,-1,-1
302,28,1272.806,138.607,162.327,142.244,0.556,-1,-1,-1
303,23,236.007,551.211,303.805,244.843,0.975,-1,-1,-1
303,28,1273.073,138.302,162.327,142.244,0.556,-1,-1,-1
304,23,229.016,553.623,306.050,253.421,0.976,-1,-1,-1
304,28,1273.435,135.771,163.038,144.881,0.573,-1,-1,-1
305,23,220.740,560.112,310.196,253.149,0.975,-1,-1,-1
305,28,1271.795,135.477,166.354,144.452,0.668,-1,-1,-1
306,23,212.664,567.571,311.265,254.959,0.981,-1,-1,-1
306,28,1271.137,133.608,167.955,146.139,0.630,-1,-1,-1
307,23,205.039,576.532,311.350,253.407,0.985,-1,-1,-1
307,28,1271.332,133.022,167.955,146.139,0.630,-1,-1,-1
308,23,194.915,583.414,316.800,255.700,0.981,-1,-1,-1
308,28,1271.532,132.457,167.955,146.139,0.630,-1,-1,-1
309,23,186.348,589.736,319.039,260.449,0.982,-1,-1,-1
309,28,1271.610,132.144,167.955,146.139,0.630,-1,-1,-1
310,23,176.448,595.323,321.460,264.397,0.979,-1,-1,-1
310,28,1274.440,130.213,173.858,147.552,0.529,-1,-1,-1
311,23,168.876,601.124,325.379,268.939,0.976,-1,-1,-1
311,28,1276.365,129.952,177.194,147.152,0.736,-1,-1,-1
312,23,157.664,609.100,328.095,271.901,0.985,-1,-1,-1
312,28,1275.812,128.871,179.968,148.229,0.562,-1,-1,-1
313,23,142.773,619.041,332.983,267.520,0.984,-1,-1,-1
313,28,1276.595,127.897,179.486,148.691,0.683,-1,-1,-1
314,23,130.929,625.666,335.983,271.439,0.985,-1,-1,-1
314,28,1274.898,125.685,182.729,150.813,0.871,-1,-1,-1
315,23,120.340,633.781,339.906,270.284,0.983,-1,-1,-1
315,28,1276.537,126.567,179.556,149.200,0.786,-1,-1,-1
316,23,110.910,639.904,340.871,278.019,0.984,-1,-1,-1
316,28,1277.206,127.242,178.558,147.671,0.603,-1,-1,-1
317,23,97.862,647.994,343.457,279.579,0.979,-1,-1,-1
317,28,1276.310,127.687,182.063,147.007,0.698,-1,-1,-1
318,23,86.002,654.515,348.035,283.449,0.988,-1,-1,-1
318,28,1275.342,123.981,189.151,150.652,0.574,-1,-1,-1
319,23,78.829,660.465,351.836,286.129,0.991,-1,-1,-1
319,28,1276.081,123.613,189.151,150.652,0.574,-1,-1,-1
320,23,67.291,668.127,356.725,291.359,0.985,-1,-1,-1
320,28,1280.026,128.600,182.755,146.058,0.711,-1,-1,-1
321,23,53.403,676.159,362.564,294.947,0.982,-1,-1,-1
321,28,1280.138,129.747,181.920,145.025,0.611,-1,-1,-1
322,23,42.846,684.137,367.520,304.055,0.979,-1,-1,-1
322,28,1280.727,130.015,181.920,145.025,0.611,-1,-1,-1
323,23,33.187,693.197,368.764,309.002,0.983,-1,-1,-1
323,28,1277.150,125.875,188.955,149.335,0.841,-1,-1,-1
324,23,19.055,705.516,378.084,315.527,0.975,-1,-1,-1
324,28,1278.055,127.808,187.576,146.872,0.904,-1,-1,-1
325,23,10.481,714.898,383.950,327.831,0.964,-1,-1,-1
325,28,1279.598,127.179,185.144,146.262,0.783,-1,-1,-1
326,23,4.355,723.283,379.962,334.850,0.948,-1,-1,-1
326,28,1281.462,127.679,183.030,146.355,0.856,-1,-1,-1
327,23,3.475,733.615,376.466,333.695,0.882,-1,-1,-1
327,28,1281.164,127.194,184.078,146.587,0.928,-1,-1,-1
328,23,3.169,742.632,368.027,338.339,0.774,-1,-1,-1
328,28,1281.419,126.852,183.256,146.623,0.942,-1,-1,-1
329,23,2.011,754.836,361.873,328.778,0.768,-1,-1,-1
329,28,1280.243,126.280,184.437,147.105,0.954,-1,-1,-1
330,23,0.000,765.111,358.011,313.889,0.768,-1,-1,-1
330,28,1280.304,126.214,183.492,147.833,0.961,-1,-1,-1
331,23,0.000,775.410,351.785,303.590,0.768,-1,-1,-1
331,28,1280.276,125.814,182.335,147.537,0.940,-1,-1,-1
332,23,0.000,786.310,344.259,292.690,0.768,-1,-1,-1
332,28,1281.605,126.646,181.540,147.390,0.942,-1,-1,-1
333,23,0.000,797.377,335.748,281.623,0.768,-1,-1,-1
333,28,1282.463,127.098,179.725,146.766,0.944,-1,-1,-1
334,28,1282.598,127.499,180.612,146.905,0.936,-1,-1,-1
335,28,1281.960,127.669,182.502,146.819,0.943,-1,-1,-1
336,28,1281.593,127.623,182.787,146.720,0.950,-1,-1,-1
337,28,1282.157,127.420,181.883,146.271,0.943,-1,-1,-1
338,28,1281.440,127.053,182.698,147.216,0.934,-1,-1,-1
339,28,1281.567,126.741,181.487,147.822,0.934,-1,-1,-1
340,28,1280.819,126.747,182.467,148.181,0.931,-1,-1,-1
341,28,1281.964,127.543,180.872,146.498,0.921,-1,-1,-1
342,28,1281.891,127.656,181.976,146.492,0.908,-1,-1,-1
343,28,1280.996,128.487,183.234,145.752,0.922,-1,-1,-1
344,28,1281.162,128.456,183.441,146.058,0.909,-1,-1,-1
345,28,1283.138,129.848,182.444,144.424,0.913,-1,-1,-1
346,28,1283.236,128.984,182.561,145.014,0.929,-1,-1,-1
347,28,1282.030,127.540,183.529,146.134,0.907,-1,-1,-1
348,28,1282.850,127.785,183.064,145.874,0.918,-1,-1,-1
349,28,1285.267,127.507,180.028,145.843,0.922,-1,-1,-1
350,28,1287.116,127.830,178.804,145.793,0.919,-1,-1,-1
