1,3,1308.964,740.544,339.192,219.468,0.998,-1,-1,-1
2,3,1291.029,743.481,346.564,215.540,0.998,-1,-1,-1
3,3,1275.307,743.394,353.929,216.136,0.998,-1,-1,-1
4,3,1255.106,738.471,362.198,221.088,0.998,-1,-1,-1
5,3,1233.701,731.021,372.675,232.493,0.999,-1,-1,-1
6,3,1214.523,728.468,384.187,234.968,0.999,-1,-1,-1
7,3,1193.967,722.334,394.234,243.172,0.998,-1,-1,-1
8,3,1175.663,719.643,402.032,242.482,0.999,-1,-1,-1
9,3,1160.410,718.668,405.006,244.452,0.999,-1,-1,-1
10,3,1141.302,713.329,416.317,252.467,0.998,-1,-1,-1
11,3,1121.946,711.255,426.389,254.152,0.998,-1,-1,-1
12,3,1099.949,709.509,437.813,257.982,0.998,-1,-1,-1
13,3,1080.621,708.208,444.803,258.650,0.998,-1,-1,-1
14,3,1061.764,702.037,452.510,263.983,0.998,-1,-1,-1
15,3,1044.835,697.788,454.193,267.791,0.998,-1,-1,-1
16,3,1027.914,694.575,459.415,271.319,0.998,-1,-1,-1
17,3,1007.986,692.133,470.046,273.740,0.997,-1,-1,-1
18,3,992.519,692.254,480.646,274.629,0.998,-1,-1,-1
19,3,973.599,689.458,494.606,278.218,0.998,-1,-1,-1
20,3,957.768,684.902,502.214,282.059,0.998,-1,-1,-1
21,3,943.078,682.632,507.982,284.474,0.998,-1,-1,-1
22,3,925.966,681.962,516.029,285.990,0.998,-1,-1,-1
23,3,910.058,677.030,521.437,290.755,0.998,-1,-1,-1
24,3,897.030,676.386,528.561,291.881,0.998,-1,-1,-1
25,3,888.136,676.158,529.466,294.549,0.998,-1,-1,-1
26,3,878.619,671.200,533.949,298.945,0.997,-1,-1,-1
27,3,866.591,671.013,539.648,298.189,0.997,-1,-1,-1
28,3,854.461,669.447,545.745,299.709,0.997,-1,-1,-1
29,3,842.152,668.522,550.362,302.164,0.997,-1,-1,-1
30,3,829.559,667.438,558.022,303.277,0.998,-1,-1,-1
30,4,3.067,1040.865,286.068,588.409,0.643,-1,-1,-1
31,3,820.021,666.026,562.557,305.197,0.998,-1,-1,-1
31,4,332.870,1040.522,286.068,588.409,0.643,-1,-1,-1
32,3,804.024,664.536,571.980,310.856,0.998,-1,-1,-1
32,4,9.634,907.120,848.490,689.115,0.824,-1,-1,-1
33,3,796.023,665.119,575.728,311.826,0.998,-1,-1,-1
33,4,9.576,869.997,1069.685,703.517,0.950,-1,-1,-1
34,3,787.418,664.059,573.483,315.576,0.997,-1,-1,-1
34,4,15.567,883.674,1245.997,733.368,0.977,-1,-1,-1
35,3,783.801,662.016,572.833,319.343,0.997,-1,-1,-1
35,4,26.292,897.618,1371.863,686.746,0.987,-1,-1,-1
36,3,777.228,660.760,574.173,320.187,0.995,-1,-1,-1
36,4,196.908,890.592,1340.262,666.261,0.994,-1,-1,-1
37,3,771.751,660.796,577.702,312.341,0.993,-1,-1,-1
37,4,451.912,915.466,1168.611,615.600,0.995,-1,-1,-1
38,3,765.592,661.672,578.136,316.902,0.992,-1,-1,-1
38,4,677.247,923.730,1022.840,581.976,0.994,-1,-1,-1
39,3,760.256,662.251,579.705,315.523,0.992,-1,-1,-1
39,4,846.204,929.923,935.204,539.664,0.996,-1,-1,-1
40,3,754.909,660.828,579.773,315.574,0.991,-1,-1,-1
40,4,1005.673,934.597,832.113,506.688,0.995,-1,-1,-1
41,3,746.248,659.644,590.661,314.964,0.994,-1,-1,-1
41,4,1140.762,935.760,753.168,484.592,0.995,-1,-1,-1
42,3,742.109,659.522,588.432,313.909,0.996,-1,-1,-1
42,4,1253.281,939.970,678.782,454.140,0.994,-1,-1,-1
43,3,736.260,657.957,590.682,314.130,0.996,-1,-1,-1
43,4,1344.281,940.530,632.834,424.826,0.995,-1,-1,-1
44,3,729.298,654.044,593.754,317.784,0.996,-1,-1,-1
44,4,1424.559,946.111,579.927,395.008,0.997,-1,-1,-1
45,3,723.267,652.872,596.308,317.639,0.997,-1,-1,-1
45,4,1501.448,948.199,532.196,375.079,0.996,-1,-1,-1
46,3,717.825,653.860,597.652,316.270,0.997,-1,-1,-1
46,4,1560.243,951.007,493.000,351.198,0.997,-1,-1,-1
47,3,709.235,654.211,603.393,315.541,0.997,-1,-1,-1
47,4,1605.901,951.668,469.193,333.030,0.997,-1,-1,-1
48,3,702.863,652.693,604.278,317.060,0.997,-1,-1,-1
48,4,1659.082,955.010,429.749,313.259,0.997,-1,-1,-1
49,3,695.772,652.161,604.683,316.718,0.997,-1,-1,-1
49,4,1703.393,956.019,405.999,299.578,0.997,-1,-1,-1
50,3,688.170,653.777,610.179,314.066,0.997,-1,-1,-1
50,4,1737.925,956.751,379.693,286.835,0.997,-1,-1,-1
50,5,1631.417,788.067,174.387,127.519,0.581,-1,-1,-1
51,3,679.950,653.911,615.387,314.851,0.997,-1,-1,-1
51,4,1774.560,959.093,351.175,275.810,0.996,-1,-1,-1
51,5,1631.362,787.803,174.387,127.519,0.581,-1,-1,-1
52,3,669.535,649.212,624.153,318.852,0.997,-1,-1,-1
52,4,1798.129,960.092,334.586,260.872,0.996,-1,-1,-1
52,5,1631.346,787.614,174.387,127.519,0.581,-1,-1,-1
53,3,663.425,651.162,624.111,317.067,0.993,-1,-1,-1
53,4,1824.672,956.523,317.478,255.935,0.996,-1,-1,-1
53,5,1631.340,787.403,174.387,127.519,0.581,-1,-1,-1
54,3,653.298,651.074,625.702,320.406,0.998,-1,-1,-1
54,4,1848.421,957.170,300.292,243.901,0.997,-1,-1,-1
54,5,1569.690,780.818,188.388,131.496,0.898,-1,-1,-1
55,3,643.907,650.157,629.613,323.390,0.997,-1,-1,-1
55,4,1871.011,962.312,283.315,226.653,0.996,-1,-1,-1
55,5,1553.653,779.544,194.316,133.341,0.961,-1,-1,-1
56,3,627.985,646.289,637.495,326.562,0.995,-1,-1,-1
56,4,1890.317,961.017,270.839,220.498,0.995,-1,-1,-1
56,5,1539.340,778.729,195.533,134.831,0.978,-1,-1,-1
57,3,611.139,645.053,648.350,327.052,0.998,-1,-1,-1
57,4,1906.856,956.301,261.067,216.949,0.995,-1,-1,-1
57,5,1523.067,776.079,201.858,136.462,0.947,-1,-1,-1
58,3,599.629,644.926,653.567,328.142,0.997,-1,-1,-1
58,4,1924.957,960.677,246.990,203.123,0.996,-1,-1,-1
58,5,1504.556,774.607,209.035,139.738,0.969,-1,-1,-1
59,3,584.430,644.184,660.228,328.154,0.998,-1,-1,-1
59,4,1935.728,960.525,241.803,193.457,0.995,-1,-1,-1
59,5,1487.372,770.718,211.982,142.655,0.989,-1,-1,-1
60,3,570.345,642.839,667.215,330.475,0.996,-1,-1,-1
60,4,1946.514,957.539,232.240,188.502,0.994,-1,-1,-1
60,5,1468.034,771.636,213.195,141.661,0.984,-1,-1,-1
61,3,551.450,641.351,679.975,333.476,0.996,-1,-1,-1
61,4,1957.774,958.491,225.695,182.740,0.994,-1,-1,-1
61,5,1449.391,765.954,217.988,149.459,0.991,-1,-1,-1
62,3,532.005,637.815,691.913,336.372,0.996,-1,-1,-1
62,4,1966.067,956.563,219.726,175.603,0.992,-1,-1,-1
62,5,1424.711,762.846,231.579,151.430,0.990,-1,-1,-1
63,3,508.843,633.714,704.809,339.294,0.996,-1,-1,-1
63,4,1974.137,951.214,218.259,175.778,0.990,-1,-1,-1
63,5,1405.853,762.869,235.089,151.950,0.990,-1,-1,-1
64,3,479.209,629.946,713.875,345.836,0.996,-1,-1,-1
64,4,1980.665,949.324,214.101,172.993,0.990,-1,-1,-1
64,5,1379.363,757.597,241.636,159.547,0.993,-1,-1,-1
65,3,442.063,622.112,730.428,348.788,0.997,-1,-1,-1
65,4,1988.435,948.752,208.880,168.522,0.990,-1,-1,-1
65,5,1355.767,753.028,250.269,163.790,0.991,-1,-1,-1
66,3,407.060,616.827,743.093,353.387,0.997,-1,-1,-1
66,4,1993.274,945.908,207.863,166.707,0.990,-1,-1,-1
66,5,1330.724,750.680,259.975,167.220,0.981,-1,-1,-1
67,3,361.186,614.639,768.558,357.327,0.997,-1,-1,-1
67,4,2002.893,943.777,202.227,165.640,0.986,-1,-1,-1
67,5,1302.563,748.356,270.790,169.679,0.988,-1,-1,-1
68,3,315.023,607.967,795.877,362.779,0.997,-1,-1,-1
68,4,2010.557,940.865,195.996,163.551,0.989,-1,-1,-1
68,5,1274.454,742.041,274.944,173.762,0.990,-1,-1,-1
69,3,262.694,600.752,828.624,371.280,0.996,-1,-1,-1
69,4,2014.170,938.651,196.495,163.829,0.986,-1,-1,-1
69,5,1243.682,737.621,283.855,177.354,0.987,-1,-1,-1
70,3,209.426,591.980,853.032,379.003,0.997,-1,-1,-1
70,4,2019.185,938.385,191.523,160.722,0.985,-1,-1,-1
70,5,1216.377,733.331,298.219,181.305,0.994,-1,-1,-1
71,3,155.362,582.978,871.849,387.663,0.998,-1,-1,-1
71,4,2021.249,935.373,190.656,159.995,0.981,-1,-1,-1
71,5,1186.340,725.525,306.102,186.142,0.996,-1,-1,-1
72,3,76.324,576.960,908.858,392.775,0.998,-1,-1,-1
72,4,2026.901,935.663,187.630,156.781,0.980,-1,-1,-1
72,5,1155.602,723.126,312.167,186.815,0.997,-1,-1,-1
73,3,15.410,569.067,936.373,402.955,0.996,-1,-1,-1
73,4,2032.205,935.128,183.708,156.450,0.976,-1,-1,-1
73,5,1117.990,716.507,329.815,194.430,0.995,-1,-1,-1
74,3,4.740,562.445,900.363,412.859,0.973,-1,-1,-1
74,4,2039.821,936.545,177.831,149.943,0.981,-1,-1,-1
74,5,1082.631,712.605,342.051,196.357,0.997,-1,-1,-1
75,3,4.885,558.080,859.822,417.599,0.959,-1,-1,-1
75,4,2044.112,935.661,173.217,144.883,0.982,-1,-1,-1
75,5,1044.803,705.758,353.699,203.329,0.997,-1,-1,-1
76,3,4.734,553.414,808.285,421.839,0.973,-1,-1,-1
76,4,2048.415,933.878,172.868,143.466,0.978,-1,-1,-1
76,5,999.525,700.988,375.499,207.282,0.997,-1,-1,-1
77,3,5.196,540.415,743.839,437.184,0.967,-1,-1,-1
77,4,2052.987,931.795,168.654,140.688,0.968,-1,-1,-1
77,5,958.588,695.952,385.693,211.650,0.998,-1,-1,-1
78,3,6.427,536.441,686.190,439.265,0.953,-1,-1,-1
78,4,2054.865,930.419,164.537,136.010,0.967,-1,-1,-1
78,5,914.640,691.082,397.499,214.474,0.998,-1,-1,-1
79,3,5.217,529.215,627.236,447.340,0.927,-1,-1,-1
79,4,2059.079,930.063,161.714,130.636,0.959,-1,-1,-1
79,5,872.878,680.495,420.617,224.808,0.999,-1,-1,-1
80,3,3.477,512.477,560.563,466.711,0.850,-1,-1,-1
80,4,2059.460,927.985,161.427,129.789,0.958,-1,-1,-1
80,5,822.046,675.055,436.331,228.267,0.999,-1,-1,-1
81,3,3.564,511.614,493.059,468.599,0.788,-1,-1,-1
81,4,2061.090,925.990,160.969,128.816,0.961,-1,-1,-1
81,5,775.775,662.165,456.035,239.904,0.998,-1,-1,-1
82,3,0.000,508.230,451.520,468.599,0.788,-1,-1,-1
82,4,2065.394,923.784,158.575,128.531,0.955,-1,-1,-1
82,5,722.481,655.442,472.855,245.326,0.998,-1,-1,-1
83,3,0.000,505.055,392.286,468.599,0.788,-1,-1,-1
83,4,2067.939,921.912,158.114,128.605,0.942,-1,-1,-1
83,5,661.171,646.866,498.112,252.704,0.998,-1,-1,-1
84,3,0.000,502.457,318.535,468.599,0.788,-1,-1,-1
84,4,2067.535,920.426,158.596,126.116,0.945,-1,-1,-1
84,5,606.654,639.869,514.675,257.094,0.998,-1,-1,-1
85,3,0.000,501.253,251.787,468.599,0.788,-1,-1,-1
85,4,2070.623,919.694,157.622,124.737,0.946,-1,-1,-1
85,5,545.072,628.336,529.769,261.830,0.795,-1,-1,-1
86,4,2074.116,917.506,155.207,123.682,0.944,-1,-1,-1
86,5,470.302,622.425,550.962,267.282,0.997,-1,-1,-1
87,4,2075.912,916.674,154.145,123.003,0.953,-1,-1,-1
87,5,393.643,613.019,580.830,274.321,0.998,-1,-1,-1
88,4,2080.372,915.723,151.802,122.436,0.946,-1,-1,-1
88,5,317.537,606.805,607.729,279.094,0.997,-1,-1,-1
89,4,2082.198,914.515,151.761,121.421,0.949,-1,-1,-1
89,5,226.891,595.373,648.679,287.240,0.997,-1,-1,-1
90,4,2084.192,912.949,150.651,120.518,0.947,-1,-1,-1
90,5,148.517,585.269,653.908,290.779,0.998,-1,-1,-1
91,4,2088.439,912.849,147.910,119.503,0.948,-1,-1,-1
91,5,53.880,574.278,676.602,294.592,0.998,-1,-1,-1
92,4,2091.753,911.575,145.376,120.805,0.915,-1,-1,-1
92,5,5.890,569.631,668.918,298.075,0.997,-1,-1,-1
93,4,2098.489,909.924,143.578,122.952,0.901,-1,-1,-1
93,5,4.185,553.674,604.562,311.685,0.970,-1,-1,-1
94,4,2101.941,908.608,141.545,121.739,0.901,-1,-1,-1
94,5,3.124,544.599,543.046,319.772,0.908,-1,-1,-1
95,4,2105.827,907.803,141.470,121.170,0.886,-1,-1,-1
95,5,0.000,537.815,489.332,319.772,0.908,-1,-1,-1
95,8,6.450,750.630,929.934,757.997,0.627,-1,-1,-1
96,4,2105.987,906.973,142.603,121.267,0.854,-1,-1,-1
96,5,0.000,531.930,435.814,319.772,0.908,-1,-1,-1
96,8,10.749,720.514,1082.068,703.595,0.978,-1,-1,-1
97,4,2107.777,906.425,142.584,121.273,0.780,-1,-1,-1
97,5,0.000,526.638,392.658,319.772,0.908,-1,-1,-1
97,8,89.595,713.705,1123.015,645.985,0.998,-1,-1,-1
98,4,2109.063,906.010,142.816,121.277,0.641,-1,-1,-1
98,5,0.000,521.563,337.059,319.772,0.908,-1,-1,-1
98,8,339.187,730.345,990.957,579.268,0.998,-1,-1,-1
99,4,2110.129,906.597,142.543,120.004,0.664,-1,-1,-1
99,8,555.534,746.454,851.261,516.991,0.996,-1,-1,-1
100,4,2112.353,908.885,142.783,117.138,0.726,-1,-1,-1
100,8,726.488,755.375,765.108,476.190,0.995,-1,-1,-1
101,4,2115.661,907.925,143.602,117.166,0.695,-1,-1,-1
101,8,873.503,762.921,680.874,436.086,0.996,-1,-1,-1
102,4,2118.159,907.750,145.335,117.765,0.685,-1,-1,-1
102,8,987.765,768.118,625.371,414.100,0.997,-1,-1,-1
103,4,2118.844,908.330,145.472,116.296,0.635,-1,-1,-1
103,8,1093.828,772.420,569.776,394.584,0.998,-1,-1,-1
104,4,2122.281,907.763,144.749,117.226,0.603,-1,-1,-1
104,8,1183.581,784.934,526.252,358.591,0.998,-1,-1,-1
105,4,2124.467,907.525,144.749,117.226,0.603,-1,-1,-1
105,8,1250.181,788.232,496.999,339.440,0.998,-1,-1,-1
106,4,2125.914,907.455,144.749,117.226,0.603,-1,-1,-1
106,8,1321.184,803.077,460.361,308.744,0.998,-1,-1,-1
107,4,2126.692,907.341,144.749,117.226,0.603,-1,-1,-1
107,8,1377.922,799.505,460.361,308.744,0.998,-1,-1,-1
108,4,2127.324,907.248,144.749,117.226,0.603,-1,-1,-1
108,8,1419.062,796.984,460.361,308.744,0.998,-1,-1,-1
109,8,1446.615,795.536,460.361,308.744,0.998,-1,-1,-1
110,8,1463.784,795.341,460.361,308.744,0.998,-1,-1,-1
116,9,1587.733,774.485,190.403,136.581,0.631,-1,-1,-1
116,10,4.195,849.417,495.974,522.750,0.582,-1,-1,-1
117,9,1561.798,772.472,197.915,138.648,0.979,-1,-1,-1
117,10,6.067,751.889,730.913,626.369,0.831,-1,-1,-1
118,9,1548.116,770.750,196.423,140.772,0.984,-1,-1,-1
118,10,2.756,755.875,941.645,600.051,0.928,-1,-1,-1
119,9,1532.673,771.535,197.242,138.197,0.607,-1,-1,-1
119,10,94.889,765.658,1011.492,523.131,0.998,-1,-1,-1
120,9,1509.752,769.662,211.542,143.118,0.980,-1,-1,-1
120,10,376.139,773.875,865.758,467.435,0.996,-1,-1,-1
121,9,1489.883,765.606,220.486,148.723,0.985,-1,-1,-1
121,10,601.937,784.966,737.634,422.632,0.996,-1,-1,-1
122,9,1473.519,764.580,216.388,147.306,0.986,-1,-1,-1
122,10,770.304,791.507,661.950,392.323,0.995,-1,-1,-1
123,9,1448.427,759.909,224.950,153.024,0.981,-1,-1,-1
123,10,914.681,792.328,590.608,365.081,0.995,-1,-1,-1
124,9,1422.165,756.876,234.786,154.611,0.928,-1,-1,-1
124,10,1036.035,795.972,542.652,339.141,0.997,-1,-1,-1
125,9,1134.044,806.222,491.122,311.768,0.999,-1,-1,-1
125,10,1147.289,787.533,542.652,339.141,0.997,-1,-1,-1
126,9,1221.271,818.527,447.979,284.776,0.998,-1,-1,-1
126,10,1226.211,781.346,542.652,339.141,0.997,-1,-1,-1
127,9,1301.988,827.419,400.364,267.237,0.999,-1,-1,-1
127,10,1279.030,776.885,542.652,339.141,0.997,-1,-1,-1
128,9,1364.170,840.985,378.041,241.664,0.996,-1,-1,-1
128,10,1310.115,774.983,542.652,339.141,0.997,-1,-1,-1
129,9,1425.575,846.867,345.502,226.339,0.996,-1,-1,-1
129,12,1289.415,738.695,273.020,167.442,0.806,-1,-1,-1
130,9,1485.986,852.742,314.745,213.748,0.995,-1,-1,-1
130,12,1259.403,729.880,281.968,179.328,0.984,-1,-1,-1
131,9,1531.424,855.578,298.851,204.523,0.994,-1,-1,-1
131,12,1230.993,722.168,295.137,185.993,0.993,-1,-1,-1
132,9,1573.545,862.460,280.341,190.215,0.993,-1,-1,-1
132,12,1197.663,718.848,311.172,187.746,0.995,-1,-1,-1
132,13,3.726,748.541,561.979,534.119,0.588,-1,-1,-1
133,9,1614.234,861.456,264.600,188.098,0.992,-1,-1,-1
133,12,1162.950,714.379,317.187,192.622,0.995,-1,-1,-1
133,13,4.315,751.355,806.984,530.607,0.928,-1,-1,-1
134,9,1652.407,866.747,245.295,176.834,0.988,-1,-1,-1
134,12,1124.934,710.279,334.751,197.951,0.996,-1,-1,-1
134,13,59.323,732.755,944.635,489.572,0.993,-1,-1,-1
135,9,1685.133,872.984,231.333,166.369,0.990,-1,-1,-1
135,12,1079.289,699.930,356.187,208.392,0.993,-1,-1,-1
135,13,341.921,748.136,818.911,439.050,0.996,-1,-1,-1
136,9,1714.347,874.005,217.862,162.974,0.988,-1,-1,-1
136,12,1034.479,694.841,374.801,211.365,0.923,-1,-1,-1
136,13,574.258,754.392,706.731,398.073,0.995,-1,-1,-1
137,9,1736.741,876.858,212.365,156.423,0.989,-1,-1,-1
137,12,759.492,760.375,617.965,368.518,0.996,-1,-1,-1
137,13,726.014,741.938,706.731,398.073,0.995,-1,-1,-1
138,9,1758.735,878.241,203.378,152.772,0.986,-1,-1,-1
138,12,905.295,780.900,553.792,334.589,0.997,-1,-1,-1
138,13,853.323,729.266,706.731,398.073,0.995,-1,-1,-1
139,9,1781.953,882.272,192.322,146.054,0.978,-1,-1,-1
139,12,1018.238,789.601,516.456,309.272,0.993,-1,-1,-1
139,13,955.870,724.413,706.731,398.073,0.995,-1,-1,-1
139,14,892.092,673.457,442.601,231.227,0.694,-1,-1,-1
140,9,1800.853,880.794,186.911,143.253,0.977,-1,-1,-1
140,12,1130.777,800.664,448.963,288.999,0.993,-1,-1,-1
140,13,1014.471,721.531,706.731,398.073,0.995,-1,-1,-1
140,14,846.228,665.079,446.841,239.806,0.961,-1,-1,-1
141,9,1817.443,878.632,180.380,144.659,0.977,-1,-1,-1
141,12,1225.618,806.003,400.517,268.866,0.998,-1,-1,-1
141,14,800.109,656.832,451.499,251.561,0.995,-1,-1,-1
142,9,1835.131,882.188,176.058,139.406,0.987,-1,-1,-1
142,12,1295.957,813.228,384.422,251.159,0.999,-1,-1,-1
142,14,744.929,641.313,481.136,266.571,0.997,-1,-1,-1
143,9,1850.388,883.920,167.019,133.728,0.987,-1,-1,-1
143,12,1359.721,822.810,360.157,236.506,0.998,-1,-1,-1
143,14,685.399,630.407,502.240,274.707,0.997,-1,-1,-1
144,9,1864.226,876.369,163.776,137.665,0.974,-1,-1,-1
144,12,1422.517,832.802,332.368,223.603,0.997,-1,-1,-1
144,14,620.923,622.614,535.551,278.151,0.997,-1,-1,-1
145,9,1879.210,877.515,159.511,134.422,0.970,-1,-1,-1
145,12,1473.058,842.915,311.075,207.791,0.997,-1,-1,-1
145,14,547.749,617.309,562.101,284.284,0.995,-1,-1,-1
145,15,81.503,1027.552,1457.583,883.532,0.698,-1,-1,-1
146,9,1893.286,881.386,153.249,127.048,0.919,-1,-1,-1
146,12,1524.284,848.159,284.831,196.040,0.994,-1,-1,-1
146,14,475.080,608.238,586.653,290.342,0.996,-1,-1,-1
146,15,577.656,981.706,1106.224,751.952,0.985,-1,-1,-1
147,9,1906.196,885.875,151.452,123.180,0.921,-1,-1,-1
147,12,1556.621,851.820,276.907,188.645,0.993,-1,-1,-1
147,14,380.423,595.154,623.461,301.417,0.996,-1,-1,-1
147,15,892.773,957.175,886.508,646.373,0.985,-1,-1,-1
148,9,1917.873,884.548,149.240,122.860,0.933,-1,-1,-1
148,12,1604.085,853.129,255.635,182.516,0.989,-1,-1,-1
148,14,297.679,589.320,658.437,303.762,0.996,-1,-1,-1
148,15,1111.269,932.108,735.482,583.564,0.991,-1,-1,-1
149,9,1929.840,882.822,147.779,121.393,0.916,-1,-1,-1
149,12,1641.334,855.643,243.964,178.112,0.985,-1,-1,-1
149,14,202.982,573.886,698.766,313.252,0.997,-1,-1,-1
149,15,1267.546,922.225,639.008,507.294,0.987,-1,-1,-1
150,9,1937.673,881.209,143.158,120.814,0.779,-1,-1,-1
150,12,1669.054,860.995,239.577,175.113,0.971,-1,-1,-1
150,14,115.013,563.623,721.347,317.990,0.996,-1,-1,-1
150,15,1388.114,924.608,558.343,442.903,0.994,-1,-1,-1
151,9,1942.464,881.627,143.820,119.138,0.726,-1,-1,-1
151,12,1704.059,865.090,219.960,162.629,0.936,-1,-1,-1
151,14,13.986,550.800,759.373,324.946,0.994,-1,-1,-1
151,15,1485.499,924.715,499.488,396.189,0.995,-1,-1,-1
152,9,1950.132,881.725,144.214,118.812,0.571,-1,-1,-1
152,12,1727.265,864.631,213.610,154.124,0.731,-1,-1,-1
152,14,5.430,541.728,696.620,332.793,0.974,-1,-1,-1
152,15,1571.871,937.957,451.787,341.360,0.994,-1,-1,-1
153,9,1956.180,880.746,144.214,118.812,0.571,-1,-1,-1
153,12,1742.283,865.247,209.374,144.924,0.856,-1,-1,-1
153,14,5.797,530.178,630.772,341.429,0.970,-1,-1,-1
153,15,1635.316,950.760,408.850,298.348,0.997,-1,-1,-1
154,9,1960.099,880.238,144.214,118.812,0.571,-1,-1,-1
154,12,1767.504,865.644,203.939,139.870,0.655,-1,-1,-1
154,14,4.305,512.839,571.262,355.968,0.964,-1,-1,-1
154,15,1698.351,949.245,361.922,269.560,0.997,-1,-1,-1
155,9,1963.211,880.076,144.214,118.812,0.571,-1,-1,-1
155,12,1787.134,862.912,203.939,139.870,0.655,-1,-1,-1
155,14,3.619,501.452,503.794,362.943,0.899,-1,-1,-1
155,15,1743.419,948.154,325.996,247.197,0.998,-1,-1,-1
156,9,1965.666,879.909,144.214,118.812,0.571,-1,-1,-1
156,12,1804.973,860.441,203.939,139.870,0.655,-1,-1,-1
156,14,5.450,493.362,446.025,371.909,0.645,-1,-1,-1
156,15,1780.138,941.154,303.305,241.039,0.998,-1,-1,-1
157,12,1821.805,858.680,203.939,139.870,0.655,-1,-1,-1
157,14,0.000,486.138,408.500,371.909,0.645,-1,-1,-1
157,15,1815.671,945.803,282.322,217.914,0.998,-1,-1,-1
158,12,1838.706,857.483,203.939,139.870,0.655,-1,-1,-1
158,14,0.000,479.987,368.039,371.909,0.645,-1,-1,-1
158,15,1848.532,948.951,265.465,197.766,0.998,-1,-1,-1
159,14,0.000,475.828,333.802,371.909,0.645,-1,-1,-1
159,15,1876.729,949.022,246.643,185.466,0.997,-1,-1,-1
160,14,0.000,473.242,306.446,371.909,0.645,-1,-1,-1
160,15,1898.328,944.257,232.712,180.269,0.997,-1,-1,-1
161,15,1920.725,939.245,220.691,171.951,0.997,-1,-1,-1
162,15,1936.810,936.950,214.402,166.848,0.997,-1,-1,-1
163,15,1951.320,931.750,208.315,165.076,0.997,-1,-1,-1
164,15,1971.604,934.929,196.487,153.669,0.997,-1,-1,-1
164,17,1720.023,800.432,157.886,118.353,0.556,-1,-1,-1
165,15,1979.256,928.399,197.227,152.912,0.995,-1,-1,-1
165,17,1720.020,800.256,157.886,118.353,0.556,-1,-1,-1
166,15,1995.281,925.673,189.549,151.968,0.996,-1,-1,-1
166,17,1720.009,800.114,157.886,118.353,0.556,-1,-1,-1
167,15,2005.073,922.487,185.787,148.359,0.994,-1,-1,-1
167,17,1677.477,787.336,169.766,130.816,0.986,-1,-1,-1
168,15,2014.560,923.161,183.487,146.052,0.996,-1,-1,-1
168,17,1664.015,787.177,171.305,130.985,0.967,-1,-1,-1
169,15,2024.259,921.378,181.000,142.156,0.995,-1,-1,-1
169,17,1645.116,785.261,180.410,133.807,0.978,-1,-1,-1
170,15,2031.417,916.659,175.438,139.578,0.993,-1,-1,-1
170,17,1634.600,784.302,177.508,133.952,0.989,-1,-1,-1
171,15,2038.703,917.481,170.924,135.365,0.991,-1,-1,-1
171,17,1610.925,780.060,190.993,135.960,0.986,-1,-1,-1
172,15,2048.448,919.675,164.827,131.650,0.990,-1,-1,-1
172,17,1592.964,777.926,193.525,137.920,0.916,-1,-1,-1
173,15,2052.296,915.896,167.554,131.703,0.990,-1,-1,-1
173,17,1566.731,774.451,204.208,139.698,0.987,-1,-1,-1
174,15,2058.140,913.532,164.402,129.448,0.988,-1,-1,-1
174,17,1548.109,772.597,203.307,142.174,0.992,-1,-1,-1
175,15,2064.800,912.057,160.985,127.572,0.986,-1,-1,-1
175,17,1528.054,773.441,209.749,143.401,0.991,-1,-1,-1
176,15,2071.737,911.509,154.532,123.894,0.975,-1,-1,-1
176,17,1506.129,768.308,218.438,151.583,0.993,-1,-1,-1
177,15,2076.136,907.072,150.511,121.604,0.957,-1,-1,-1
177,17,1484.815,763.959,224.860,155.631,0.996,-1,-1,-1
178,15,2081.674,902.252,149.083,122.789,0.933,-1,-1,-1
178,17,1461.245,756.243,234.937,162.554,0.993,-1,-1,-1
179,15,2082.941,895.485,148.842,125.252,0.885,-1,-1,-1
179,17,1432.388,755.048,244.176,161.738,0.995,-1,-1,-1
179,18,4.945,771.273,621.450,603.258,0.605,-1,-1,-1
180,15,2091.796,897.554,143.107,125.448,0.802,-1,-1,-1
180,17,1405.858,750.186,256.883,169.624,0.995,-1,-1,-1
180,18,3.928,769.417,891.983,615.658,0.864,-1,-1,-1
181,15,2096.597,897.822,144.402,125.587,0.678,-1,-1,-1
181,17,1379.578,745.052,266.085,175.386,0.997,-1,-1,-1
181,18,17.919,761.277,1073.487,553.008,0.990,-1,-1,-1
182,15,2099.610,897.392,144.067,122.582,0.627,-1,-1,-1
182,17,1344.895,742.497,276.460,177.641,0.994,-1,-1,-1
182,18,336.202,766.844,910.688,484.570,0.997,-1,-1,-1
183,15,2102.945,897.851,144.323,120.967,0.595,-1,-1,-1
183,17,1314.700,741.786,280.567,181.009,0.989,-1,-1,-1
183,18,600.066,784.004,764.167,423.984,0.995,-1,-1,-1
184,15,2105.682,897.454,143.000,119.762,0.510,-1,-1,-1
184,17,1278.747,733.399,300.424,186.202,0.969,-1,-1,-1
184,18,795.145,789.775,678.719,387.602,0.994,-1,-1,-1
185,15,2108.459,896.867,143.000,119.762,0.510,-1,-1,-1
185,17,948.147,793.540,590.948,359.596,0.998,-1,-1,-1
185,18,949.939,770.988,678.719,387.602,0.994,-1,-1,-1
186,15,2110.156,896.216,143.000,119.762,0.510,-1,-1,-1
186,17,1075.928,811.085,529.001,322.819,0.998,-1,-1,-1
186,18,1083.813,760.080,678.719,387.602,0.994,-1,-1,-1
187,15,2111.301,895.947,143.000,119.762,0.510,-1,-1,-1
187,17,1180.026,819.846,476.348,291.941,0.998,-1,-1,-1
187,18,1170.314,754.903,678.719,387.602,0.994,-1,-1,-1
188,15,2111.761,895.738,143.000,119.762,0.510,-1,-1,-1
188,17,1262.158,826.599,440.645,270.903,0.997,-1,-1,-1
188,18,1218.700,752.351,678.719,387.602,0.994,-1,-1,-1
188,19,1113.994,704.273,352.382,204.702,0.944,-1,-1,-1
189,17,1342.983,830.171,407.451,258.531,0.996,-1,-1,-1
189,19,1061.544,694.914,390.965,219.201,0.989,-1,-1,-1
190,17,1417.995,840.343,367.805,237.981,0.997,-1,-1,-1
190,19,1011.732,688.272,409.356,226.402,0.997,-1,-1,-1
191,17,1479.350,853.732,336.797,217.017,0.997,-1,-1,-1
191,19,953.250,674.638,428.974,244.223,0.997,-1,-1,-1
192,17,1534.935,857.059,306.315,201.080,0.996,-1,-1,-1
192,19,901.955,660.715,459.777,257.723,0.999,-1,-1,-1
193,17,1584.880,866.119,280.885,188.524,0.995,-1,-1,-1
193,19,846.773,650.533,474.361,267.652,0.998,-1,-1,-1
194,17,1629.964,869.621,261.926,177.166,0.995,-1,-1,-1
194,19,777.982,639.336,505.956,273.646,0.998,-1,-1,-1
195,17,1667.869,876.867,247.072,166.969,0.996,-1,-1,-1
195,19,709.641,631.136,535.800,278.258,0.996,-1,-1,-1
196,17,1699.320,878.011,232.980,161.803,0.996,-1,-1,-1
196,19,632.994,621.540,571.553,284.828,0.998,-1,-1,-1
197,17,1724.961,874.991,225.035,159.131,0.995,-1,-1,-1
197,19,549.741,610.399,602.250,291.092,0.998,-1,-1,-1
198,17,1747.518,876.184,218.241,156.434,0.992,-1,-1,-1
198,19,455.456,595.506,643.636,301.058,0.998,-1,-1,-1
199,17,1768.402,875.740,208.151,152.174,0.994,-1,-1,-1
199,19,345.846,583.814,688.738,311.758,0.997,-1,-1,-1
199,20,1590.007,795.206,172.308,121.700,0.833,-1,-1,-1
200,17,1790.984,876.133,198.125,149.882,0.993,-1,-1,-1
200,19,233.550,569.237,744.274,324.374,0.997,-1,-1,-1
200,20,1565.227,793.428,179.284,122.842,0.939,-1,-1,-1
201,17,1809.795,876.880,197.298,146.097,0.993,-1,-1,-1
201,19,133.436,554.235,772.810,329.565,0.997,-1,-1,-1
201,20,1546.470,788.392,186.290,128.222,0.961,-1,-1,-1
202,17,1828.524,877.747,188.708,142.751,0.993,-1,-1,-1
202,19,9.813,538.049,823.416,342.192,0.993,-1,-1,-1
202,20,1525.733,789.036,189.489,126.906,0.900,-1,-1,-1
203,17,1844.862,883.779,179.398,134.675,0.994,-1,-1,-1
203,19,4.833,525.023,741.640,356.868,0.927,-1,-1,-1
203,20,1507.114,787.331,192.479,126.375,0.961,-1,-1,-1
204,17,1858.276,880.802,176.472,133.176,0.994,-1,-1,-1
204,19,6.592,511.053,666.631,367.121,0.943,-1,-1,-1
204,20,1485.247,782.650,192.113,129.737,0.967,-1,-1,-1
205,17,1871.579,880.962,172.601,131.234,0.995,-1,-1,-1
205,19,4.721,493.241,580.724,380.986,0.902,-1,-1,-1
205,20,1459.884,780.824,198.636,133.556,0.979,-1,-1,-1
206,17,1885.533,885.464,165.678,126.054,0.995,-1,-1,-1
206,19,4.064,470.140,500.390,399.635,0.771,-1,-1,-1
206,20,1433.456,777.917,206.954,135.724,0.973,-1,-1,-1
207,17,1897.976,886.068,162.442,122.774,0.995,-1,-1,-1
207,19,0.000,460.391,448.741,399.635,0.771,-1,-1,-1
207,20,1400.091,775.457,221.111,138.196,0.990,-1,-1,-1
208,17,1913.458,885.442,157.311,120.898,0.994,-1,-1,-1
208,19,0.000,450.119,379.790,399.635,0.771,-1,-1,-1
208,20,1373.510,771.339,226.377,144.636,0.992,-1,-1,-1
209,17,1925.483,885.252,156.752,117.861,0.995,-1,-1,-1
209,19,0.000,441.439,317.742,399.635,0.771,-1,-1,-1
209,20,1341.661,769.158,238.662,146.244,0.992,-1,-1,-1
210,17,1935.031,884.509,153.302,116.595,0.995,-1,-1,-1
210,19,0.000,434.892,264.663,399.635,0.771,-1,-1,-1
210,20,1304.558,764.288,256.838,151.850,0.996,-1,-1,-1
211,17,1946.432,884.821,149.547,114.487,0.993,-1,-1,-1
211,20,1273.134,761.619,259.218,154.719,0.995,-1,-1,-1
212,17,1954.847,885.182,149.212,112.654,0.990,-1,-1,-1
212,20,1241.062,757.690,269.369,157.698,0.994,-1,-1,-1
213,17,1963.339,885.917,145.528,110.299,0.984,-1,-1,-1
213,20,1207.127,755.299,271.011,158.162,0.996,-1,-1,-1
214,17,1970.517,884.714,144.565,110.402,0.972,-1,-1,-1
214,20,1169.760,750.785,279.129,159.805,0.996,-1,-1,-1
215,17,1974.863,885.036,143.695,109.329,0.966,-1,-1,-1
215,20,1122.949,747.012,298.948,162.160,0.997,-1,-1,-1
216,17,1981.279,886.559,142.583,107.485,0.960,-1,-1,-1
216,20,1080.308,741.224,304.799,169.083,0.997,-1,-1,-1
217,17,1986.884,885.830,140.442,106.138,0.930,-1,-1,-1
217,20,1031.767,733.531,322.368,175.030,0.998,-1,-1,-1
218,17,1992.701,881.956,138.614,107.955,0.922,-1,-1,-1
218,20,982.660,726.350,336.998,178.738,0.999,-1,-1,-1
219,17,1999.938,880.501,137.814,108.405,0.936,-1,-1,-1
219,20,928.132,717.761,361.555,185.520,0.998,-1,-1,-1
220,17,2004.096,878.393,137.960,109.853,0.945,-1,-1,-1
220,20,874.385,711.129,382.844,190.293,0.999,-1,-1,-1
221,17,2009.626,874.164,136.828,112.159,0.958,-1,-1,-1
221,20,814.908,703.354,406.636,198.330,0.999,-1,-1,-1
222,17,2014.799,876.123,133.408,110.134,0.939,-1,-1,-1
222,20,749.513,697.800,425.452,201.523,0.999,-1,-1,-1
223,17,2021.691,870.136,133.752,115.403,0.966,-1,-1,-1
223,20,683.265,690.061,444.479,208.153,0.999,-1,-1,-1
224,17,2024.693,871.448,134.471,113.696,0.959,-1,-1,-1
224,20,612.894,679.008,464.432,215.333,0.998,-1,-1,-1
225,17,2026.879,873.248,134.489,110.552,0.923,-1,-1,-1
225,20,526.199,660.739,495.718,231.061,0.998,-1,-1,-1
226,17,2030.351,873.798,135.749,108.512,0.800,-1,-1,-1
226,20,429.511,651.578,529.977,239.733,0.999,-1,-1,-1
227,17,2034.656,873.286,134.855,109.118,0.524,-1,-1,-1
227,20,336.798,638.636,566.302,250.655,0.999,-1,-1,-1
228,17,2037.361,873.290,134.855,109.118,0.524,-1,-1,-1
228,20,219.864,628.900,609.699,258.707,0.999,-1,-1,-1
229,17,2039.391,873.199,134.855,109.118,0.524,-1,-1,-1
229,20,125.281,618.395,630.670,264.837,0.998,-1,-1,-1
230,17,2040.986,873.059,134.855,109.118,0.524,-1,-1,-1
230,20,13.072,611.204,658.209,266.929,0.997,-1,-1,-1
231,17,2041.778,872.964,134.855,109.118,0.524,-1,-1,-1
231,20,2.485,597.961,586.863,276.763,0.986,-1,-1,-1
232,20,2.380,583.253,512.556,286.081,0.984,-1,-1,-1
233,20,4.165,579.377,432.601,287.313,0.925,-1,-1,-1
234,20,2.624,558.496,348.111,303.316,0.843,-1,-1,-1
235,20,2.207,549.745,250.229,310.194,0.550,-1,-1,-1
236,20,0.000,542.115,195.464,310.194,0.550,-1,-1,-1
237,20,0.000,536.497,145.941,310.194,0.550,-1,-1,-1
238,20,0.000,531.528,104.058,310.194,0.550,-1,-1,-1
239,20,0.000,529.138,70.937,310.194,0.550,-1,-1,-1
242,21,1953.234,835.259,135.808,105.705,0.785,-1,-1,-1
243,21,1949.903,829.772,138.882,109.943,0.876,-1,-1,-1
244,21,1945.922,832.854,142.464,109.105,0.655,-1,-1,-1
245,21,1942.224,828.162,142.709,114.193,0.671,-1,-1,-1
246,21,1939.169,830.475,141.658,110.839,0.871,-1,-1,-1
247,21,1929.658,831.125,141.386,110.327,0.869,-1,-1,-1
248,21,1923.796,823.447,142.714,117.110,0.945,-1,-1,-1
249,21,1915.797,821.068,141.752,120.988,0.956,-1,-1,-1
250,21,1911.762,825.121,141.285,117.006,0.949,-1,-1,-1
251,21,1909.164,826.261,140.123,118.123,0.965,-1,-1,-1
252,21,1903.791,819.804,143.200,125.117,0.971,-1,-1,-1
253,21,1895.873,818.928,143.979,126.039,0.970,-1,-1,-1
254,21,1887.982,814.928,149.331,130.656,0.976,-1,-1,-1
255,21,1880.964,813.321,151.346,132.019,0.972,-1,-1,-1
256,21,1870.432,810.441,154.768,134.014,0.981,-1,-1,-1
257,21,1858.598,811.378,158.161,133.168,0.983,-1,-1,-1
258,21,1850.009,808.934,162.484,138.300,0.990,-1,-1,-1
259,21,1837.518,805.469,164.052,142.563,0.994,-1,-1,-1
260,21,1825.182,800.413,167.038,149.818,0.995,-1,-1,-1
261,21,1816.347,796.745,165.894,151.105,0.989,-1,-1,-1
262,21,1804.047,798.590,170.879,151.021,0.985,-1,-1,-1
263,21,1789.313,795.348,176.491,154.645,0.996,-1,-1,-1
264,21,1775.064,796.670,179.393,154.159,0.995,-1,-1,-1
265,21,1761.358,789.365,188.574,161.489,0.994,-1,-1,-1
266,21,1744.435,787.713,198.564,164.758,0.995,-1,-1,-1
267,21,1727.015,781.566,200.315,170.429,0.988,-1,-1,-1
268,21,1713.581,779.160,194.857,170.861,0.985,-1,-1,-1
269,21,1693.194,766.147,212.424,185.957,0.991,-1,-1,-1
270,21,1674.784,767.334,218.976,186.625,0.980,-1,-1,-1
271,21,1644.328,762.531,233.905,192.615,0.991,-1,-1,-1
272,21,1615.364,761.867,240.237,190.101,0.989,-1,-1,-1
273,21,1594.006,759.729,240.895,193.991,0.996,-1,-1,-1
274,21,1565.260,756.971,254.206,196.695,0.995,-1,-1,-1
275,21,1536.629,752.774,264.818,202.806,0.996,-1,-1,-1
276,21,1500.761,747.471,273.815,206.612,0.994,-1,-1,-1
277,21,1465.285,739.119,287.433,214.607,0.996,-1,-1,-1
278,21,1428.156,728.115,306.616,226.033,0.997,-1,-1,-1
279,21,1388.292,716.898,317.477,236.634,0.998,-1,-1,-1
280,21,1336.769,704.647,340.593,251.830,0.998,-1,-1,-1
281,21,1287.585,696.543,363.245,260.083,0.998,-1,-1,-1
282,21,1232.781,676.227,383.220,280.244,0.998,-1,-1,-1
283,21,1170.829,662.181,409.375,293.047,0.998,-1,-1,-1
284,21,1106.039,652.241,441.085,305.261,0.998,-1,-1,-1
285,21,1027.682,640.283,471.705,319.841,0.998,-1,-1,-1
286,21,942.106,628.159,519.445,335.347,0.996,-1,-1,-1
287,21,846.323,609.937,568.596,358.069,0.995,-1,-1,-1
288,21,726.504,594.535,617.364,373.678,0.998,-1,-1,-1
289,21,584.626,566.957,687.347,410.132,0.996,-1,-1,-1
290,21,8.967,539.228,1159.434,840.516,0.640,-1,-1,-1
290,22,669.357,992.686,1115.536,887.280,0.981,-1,-1,-1
291,21,10.340,518.972,1101.215,881.846,0.762,-1,-1,-1
291,22,1057.304,957.690,829.900,697.569,0.981,-1,-1,-1
292,21,34.055,587.244,1190.449,738.890,0.658,-1,-1,-1
292,22,1294.943,943.307,693.461,597.524,0.985,-1,-1,-1
293,21,292.274,651.742,1065.635,619.647,0.989,-1,-1,-1
293,22,1451.549,934.433,577.161,495.696,0.985,-1,-1,-1
294,21,537.029,681.137,910.415,551.347,0.990,-1,-1,-1
294,22,1561.653,930.881,511.077,430.827,0.989,-1,-1,-1
295,21,724.955,705.542,805.550,493.073,0.993,-1,-1,-1
295,22,1659.959,928.710,444.816,376.093,0.986,-1,-1,-1
296,21,882.698,719.220,703.780,454.737,0.994,-1,-1,-1
296,22,1736.426,931.363,386.147,328.461,0.993,-1,-1,-1
297,21,1007.008,738.438,632.456,415.571,0.996,-1,-1,-1
297,22,1790.146,928.575,345.988,302.078,0.995,-1,-1,-1
298,21,1114.419,743.746,576.549,393.140,0.995,-1,-1,-1
298,22,1842.555,928.252,303.968,270.039,0.994,-1,-1,-1
299,21,1204.094,751.491,525.619,362.154,0.996,-1,-1,-1
299,22,1885.312,926.448,275.116,248.124,0.995,-1,-1,-1
300,21,1277.368,762.075,492.823,341.706,0.995,-1,-1,-1
300,22,1918.856,928.361,251.406,226.295,0.996,-1,-1,-1
301,21,1343.912,770.381,460.150,323.697,0.997,-1,-1,-1
301,22,1941.761,929.614,239.551,210.587,0.990,-1,-1,-1
302,21,1402.956,779.658,424.743,302.370,0.996,-1,-1,-1
302,22,1965.190,930.472,224.491,196.758,0.988,-1,-1,-1
303,21,1463.029,790.313,392.022,281.308,0.995,-1,-1,-1
303,22,1986.765,925.016,214.123,189.119,0.986,-1,-1,-1
304,21,1512.017,796.802,371.118,267.532,0.996,-1,-1,-1
304,22,2004.298,921.219,205.476,181.870,0.982,-1,-1,-1
305,21,1555.329,807.581,344.525,249.404,0.996,-1,-1,-1
305,22,2017.756,921.470,196.603,174.768,0.983,-1,-1,-1
306,21,1596.237,809.668,323.847,242.579,0.996,-1,-1,-1
306,22,2030.341,919.135,188.279,171.217,0.977,-1,-1,-1
307,21,1631.443,819.159,304.555,228.539,0.996,-1,-1,-1
307,22,2043.954,919.495,180.081,161.646,0.974,-1,-1,-1
308,21,1663.317,821.382,290.426,222.964,0.996,-1,-1,-1
308,22,2059.221,919.825,169.656,156.911,0.967,-1,-1,-1
309,21,1690.423,826.217,275.670,212.307,0.997,-1,-1,-1
309,22,2062.217,919.268,166.012,145.888,0.964,-1,-1,-1
310,21,1713.120,826.020,267.643,207.153,0.997,-1,-1,-1
310,22,2073.537,914.427,157.184,144.085,0.963,-1,-1,-1
311,21,1732.296,833.142,255.845,199.685,0.997,-1,-1,-1
311,22,2078.912,913.035,156.191,141.740,0.961,-1,-1,-1
312,21,1755.591,838.249,241.676,191.197,0.996,-1,-1,-1
312,22,2084.425,915.222,150.715,134.753,0.924,-1,-1,-1
313,21,1774.229,840.049,232.784,188.519,0.995,-1,-1,-1
313,22,2091.136,913.080,149.510,133.636,0.912,-1,-1,-1
314,21,1789.885,845.027,230.326,183.725,0.996,-1,-1,-1
314,22,2096.583,910.368,147.120,133.296,0.863,-1,-1,-1
314,26,831.136,929.981,1045.602,774.438,0.961,-1,-1,-1
315,21,1808.577,849.405,221.778,174.719,0.993,-1,-1,-1
315,22,2106.718,912.545,139.470,126.653,0.767,-1,-1,-1
315,26,1130.113,918.903,828.425,670.388,0.986,-1,-1,-1
316,21,1821.871,850.074,214.998,174.452,0.989,-1,-1,-1
316,22,2113.482,906.504,137.888,128.181,0.709,-1,-1,-1
316,26,1310.453,913.520,694.464,586.699,0.991,-1,-1,-1
317,21,1836.058,850.490,207.728,167.296,0.975,-1,-1,-1
317,22,2118.749,903.608,137.608,126.701,0.645,-1,-1,-1
317,26,1443.867,905.626,609.826,502.878,0.997,-1,-1,-1
318,21,1852.955,852.340,200.272,158.314,0.800,-1,-1,-1
318,22,2122.944,900.653,141.468,126.578,0.545,-1,-1,-1
318,26,1551.198,913.541,521.706,437.157,0.996,-1,-1,-1
319,21,1874.394,854.233,184.295,144.927,0.617,-1,-1,-1
319,22,2123.662,898.652,139.463,126.412,0.504,-1,-1,-1
319,26,1635.682,919.443,463.553,380.281,0.993,-1,-1,-1
320,21,1894.982,854.506,172.114,137.042,0.709,-1,-1,-1
320,22,2127.059,895.855,139.463,126.412,0.504,-1,-1,-1
320,26,1715.947,921.817,402.709,342.608,0.995,-1,-1,-1
321,21,1906.618,855.166,172.384,127.900,0.659,-1,-1,-1
321,22,2129.264,894.115,139.463,126.412,0.504,-1,-1,-1
321,26,1767.485,923.709,365.912,313.116,0.994,-1,-1,-1
322,21,1908.546,849.322,176.355,134.875,0.764,-1,-1,-1
322,22,2130.446,893.107,139.463,126.412,0.504,-1,-1,-1
322,26,1808.577,931.625,332.407,274.735,0.997,-1,-1,-1
323,21,1915.917,849.374,176.481,135.947,0.723,-1,-1,-1
323,22,2130.408,892.699,139.463,126.412,0.504,-1,-1,-1
323,26,1852.949,937.217,298.078,248.696,0.997,-1,-1,-1
324,21,1922.307,847.936,177.716,142.692,0.755,-1,-1,-1
324,26,1888.973,939.148,273.763,230.501,0.996,-1,-1,-1
325,21,1929.685,847.173,177.716,142.692,0.755,-1,-1,-1
325,26,1918.725,938.662,256.514,211.653,0.997,-1,-1,-1
326,21,1939.624,851.968,172.382,137.954,0.582,-1,-1,-1
326,26,1934.228,935.985,252.385,202.072,0.996,-1,-1,-1
327,21,1946.936,850.278,173.140,136.779,0.680,-1,-1,-1
327,26,1955.179,939.590,234.052,188.927,0.995,-1,-1,-1
328,21,1954.841,852.699,168.940,134.107,0.791,-1,-1,-1
328,26,1973.270,939.307,225.305,177.616,0.994,-1,-1,-1
329,21,1966.485,856.568,163.495,130.642,0.792,-1,-1,-1
329,26,1990.971,935.450,211.812,173.668,0.996,-1,-1,-1
330,21,1973.498,857.612,162.167,134.166,0.647,-1,-1,-1
330,26,2005.996,931.043,207.163,172.084,0.995,-1,-1,-1
331,21,1983.358,861.692,162.698,131.363,0.649,-1,-1,-1
331,26,2018.560,926.821,201.067,169.373,0.994,-1,-1,-1
332,21,2030.720,920.654,194.089,168.048,0.996,-1,-1,-1
332,26,2029.042,922.022,201.067,169.373,0.994,-1,-1,-1
333,21,2040.965,916.781,189.337,164.720,0.996,-1,-1,-1
333,26,2037.535,918.350,201.067,169.373,0.994,-1,-1,-1
334,21,2051.174,914.770,182.276,160.216,0.995,-1,-1,-1
334,26,2043.883,915.804,201.067,169.373,0.994,-1,-1,-1
335,21,2059.170,910.783,177.479,158.091,0.994,-1,-1,-1
335,26,2047.712,914.290,201.067,169.373,0.994,-1,-1,-1
336,21,2069.450,910.263,170.919,153.447,0.993,-1,-1,-1
337,21,2075.117,913.208,168.210,145.825,0.992,-1,-1,-1
338,21,2080.822,912.343,165.803,140.828,0.990,-1,-1,-1
339,21,2085.687,908.203,167.068,142.685,0.988,-1,-1,-1
340,21,2091.065,907.019,163.428,139.949,0.984,-1,-1,-1
341,21,2096.133,906.765,160.204,136.395,0.988,-1,-1,-1
342,21,2101.614,906.643,155.732,131.365,0.985,-1,-1,-1
343,21,2105.564,903.184,156.460,130.596,0.966,-1,-1,-1
344,21,2110.764,900.095,150.594,129.708,0.945,-1,-1,-1
345,21,2111.201,897.909,151.435,128.876,0.929,-1,-1,-1
346,21,2115.933,898.785,150.351,126.256,0.911,-1,-1,-1
347,21,2119.196,896.242,149.090,127.793,0.874,-1,-1,-1
348,21,2121.887,896.699,146.858,125.454,0.779,-1,-1,-1
349,21,2118.003,891.769,145.550,124.266,0.537,-1,-1,-1
350,21,2130.265,892.858,145.990,125.627,0.816,-1,-1,-1
351,21,2128.674,892.768,146.308,122.643,0.521,-1,-1,-1
352,21,2069.977,867.943,149.598,114.472,0.725,-1,-1,-1
353,21,2073.636,869.044,148.641,114.445,0.578,-1,-1,-1
354,21,2077.581,871.096,149.699,114.071,0.553,-1,-1,-1
355,21,2076.931,868.180,147.813,114.429,0.566,-1,-1,-1
356,21,2075.865,866.163,146.299,114.176,0.557,-1,-1,-1
357,21,2076.719,865.788,146.299,114.176,0.557,-1,-1,-1
358,21,2075.822,866.653,143.931,112.189,0.562,-1,-1,-1
359,21,2074.735,865.669,143.931,112.189,0.562,-1,-1,-1
360,21,2073.970,865.229,143.931,112.189,0.562,-1,-1,-1
361,21,2073.577,865.207,143.931,112.189,0.562,-1,-1,-1
362,21,2073.185,865.166,143.931,112.189,0.562,-1,-1,-1
394,28,1916.471,820.393,132.760,108.496,0.510,-1,-1,-1
395,28,1911.210,819.769,133.056,110.050,0.806,-1,-1,-1
396,28,1909.246,822.443,132.729,107.518,0.656,-1,-1,-1
397,28,1903.120,822.688,131.550,108.477,0.863,-1,-1,-1
398,28,1900.478,822.084,132.335,108.217,0.854,-1,-1,-1
399,28,1891.377,824.544,132.786,105.191,0.854,-1,-1,-1
400,28,1887.875,822.372,132.085,105.297,0.738,-1,-1,-1
401,28,1881.100,822.151,131.280,104.597,0.731,-1,-1,-1
402,28,1874.486,823.031,130.632,103.476,0.862,-1,-1,-1
403,28,1867.363,820.675,132.787,104.698,0.843,-1,-1,-1
404,28,1862.677,820.908,132.541,105.204,0.921,-1,-1,-1
405,28,1857.860,818.518,131.263,106.009,0.929,-1,-1,-1
406,28,1849.058,816.964,133.844,106.430,0.936,-1,-1,-1
407,28,1843.526,816.703,133.885,107.302,0.938,-1,-1,-1
408,28,1833.925,814.424,136.012,107.874,0.957,-1,-1,-1
409,28,1824.271,812.378,137.202,110.567,0.976,-1,-1,-1
410,28,1819.440,811.959,138.874,109.975,0.977,-1,-1,-1
411,28,1812.525,811.561,140.340,110.079,0.981,-1,-1,-1
412,28,1807.599,811.564,139.341,110.091,0.923,-1,-1,-1
413,28,1799.519,812.279,140.674,109.332,0.980,-1,-1,-1
414,28,1791.420,812.066,140.999,109.116,0.984,-1,-1,-1
415,28,1782.900,810.083,144.503,111.370,0.992,-1,-1,-1
416,28,1778.150,808.399,143.493,112.096,0.991,-1,-1,-1
417,28,1772.374,809.272,136.779,111.094,0.984,-1,-1,-1
418,28,1763.615,808.931,137.341,111.523,0.981,-1,-1,-1
419,28,1757.037,805.921,139.257,113.058,0.968,-1,-1,-1
420,28,1748.364,805.307,142.304,114.197,0.978,-1,-1,-1
421,28,1740.280,800.871,145.056,117.522,0.951,-1,-1,-1
422,28,1729.375,802.499,148.254,115.466,0.974,-1,-1,-1
423,28,1717.645,799.058,154.071,118.784,0.989,-1,-1,-1
424,28,1704.151,797.463,158.963,118.578,0.993,-1,-1,-1
425,28,1690.139,795.040,163.651,121.645,0.995,-1,-1,-1
426,28,1679.864,789.783,164.799,126.898,0.995,-1,-1,-1
427,28,1670.610,789.789,164.095,127.182,0.995,-1,-1,-1
428,28,1652.518,788.451,174.193,128.209,0.996,-1,-1,-1
429,28,1638.829,786.818,174.059,127.332,0.995,-1,-1,-1
430,28,1623.747,788.169,176.246,123.830,0.994,-1,-1,-1
431,28,1606.971,782.018,182.509,130.113,0.994,-1,-1,-1
432,28,1591.555,778.306,188.052,132.710,0.996,-1,-1,-1
433,28,1578.740,776.118,188.898,134.848,0.997,-1,-1,-1
434,28,1558.989,775.328,196.484,134.175,0.997,-1,-1,-1
435,28,1542.101,775.033,203.369,137.052,0.997,-1,-1,-1
436,28,1527.469,772.757,207.334,138.572,0.997,-1,-1,-1
437,28,1508.192,769.014,216.315,142.086,0.997,-1,-1,-1
438,28,1493.550,766.182,221.818,145.210,0.998,-1,-1,-1
439,28,1477.222,764.079,221.768,147.048,0.997,-1,-1,-1
440,28,1457.761,762.650,222.294,147.075,0.996,-1,-1,-1
441,28,1434.602,761.011,232.001,150.924,0.997,-1,-1,-1
442,28,1411.969,756.688,241.714,155.955,0.997,-1,-1,-1
443,28,1387.985,752.908,250.070,159.736,0.998,-1,-1,-1
444,28,1362.639,750.541,262.881,162.396,0.998,-1,-1,-1
445,28,1341.588,747.673,268.596,164.692,0.998,-1,-1,-1
446,28,1314.404,741.717,279.250,170.115,0.998,-1,-1,-1
447,28,1288.309,738.450,284.229,170.715,0.998,-1,-1,-1
448,28,1261.423,733.361,293.387,178.097,0.998,-1,-1,-1
449,28,1233.693,726.681,297.501,182.293,0.998,-1,-1,-1
450,28,1204.775,724.245,316.881,183.596,0.999,-1,-1,-1
451,28,1175.123,717.484,319.977,189.511,0.999,-1,-1,-1
452,28,1145.561,711.732,329.386,194.270,0.999,-1,-1,-1
453,28,1108.809,705.370,346.837,199.431,0.999,-1,-1,-1
454,28,1066.885,699.123,368.387,208.244,0.999,-1,-1,-1
455,28,1034.462,694.789,378.326,214.050,0.999,-1,-1,-1
456,28,1000.101,688.024,381.451,218.865,0.998,-1,-1,-1
457,28,952.993,681.151,411.325,225.390,0.998,-1,-1,-1
