33,9,765.106,770.460,426.839,313.742,0.893,-1,-1,-1
34,9,781.252,732.941,405.066,347.574,0.989,-1,-1,-1
35,9,796.042,701.337,388.602,344.014,0.995,-1,-1,-1
36,9,808.585,674.253,374.238,321.734,0.996,-1,-1,-1
37,9,816.652,647.642,364.490,306.140,0.995,-1,-1,-1
38,9,822.440,628.288,353.215,290.055,0.998,-1,-1,-1
39,9,827.240,604.193,346.846,289.670,0.998,-1,-1,-1
40,9,832.612,581.533,339.802,284.879,0.998,-1,-1,-1
41,9,841.009,560.703,328.684,274.337,0.998,-1,-1,-1
42,9,846.321,543.227,323.006,264.399,0.998,-1,-1,-1
43,9,860.973,527.415,305.134,255.727,0.997,-1,-1,-1
44,9,866.096,510.763,298.310,249.266,0.997,-1,-1,-1
45,9,870.649,500.934,287.575,238.677,0.997,-1,-1,-1
46,9,874.213,484.661,277.537,233.374,0.996,-1,-1,-1
47,9,877.457,469.297,273.527,230.014,0.997,-1,-1,-1
48,9,885.680,457.170,263.262,224.633,0.997,-1,-1,-1
49,9,891.951,445.868,256.057,222.545,0.997,-1,-1,-1
50,9,901.109,435.367,247.197,217.094,0.997,-1,-1,-1
51,9,905.298,423.993,240.685,211.687,0.996,-1,-1,-1
52,9,908.144,411.931,236.026,208.138,0.996,-1,-1,-1
53,9,913.268,403.915,229.195,201.661,0.997,-1,-1,-1
54,9,915.235,397.594,226.197,196.023,0.996,-1,-1,-1
55,9,921.528,387.021,219.005,194.680,0.997,-1,-1,-1
56,9,926.946,379.912,215.249,191.207,0.998,-1,-1,-1
57,9,932.179,373.000,209.719,188.528,0.997,-1,-1,-1
58,9,933.771,363.866,206.561,185.220,0.996,-1,-1,-1
59,9,935.247,358.230,202.846,181.141,0.997,-1,-1,-1
60,9,938.827,351.684,196.696,174.349,0.997,-1,-1,-1
61,9,943.342,344.608,192.002,170.981,0.997,-1,-1,-1
62,9,947.419,337.974,190.139,167.424,0.997,-1,-1,-1
63,9,953.177,333.252,185.359,162.478,0.995,-1,-1,-1
64,9,955.054,326.078,182.070,161.866,0.995,-1,-1,-1
65,9,960.496,321.300,177.861,155.923,0.994,-1,-1,-1
66,9,961.296,314.259,172.107,155.274,0.996,-1,-1,-1
67,9,962.215,306.878,170.265,154.030,0.997,-1,-1,-1
68,9,966.236,304.263,167.744,150.026,0.996,-1,-1,-1
69,9,969.730,299.674,166.080,148.521,0.996,-1,-1,-1
70,9,973.684,294.824,162.881,146.923,0.996,-1,-1,-1
71,9,974.911,289.313,161.066,145.160,0.996,-1,-1,-1
72,9,975.452,285.777,157.214,139.901,0.995,-1,-1,-1
73,9,976.529,278.571,154.935,137.508,0.996,-1,-1,-1
74,9,977.747,273.702,152.351,136.794,0.996,-1,-1,-1
75,9,980.889,268.995,150.497,136.251,0.996,-1,-1,-1
76,9,984.117,265.486,148.445,133.497,0.996,-1,-1,-1
77,9,985.691,262.471,148.685,131.965,0.996,-1,-1,-1
78,9,985.718,257.991,147.813,130.019,0.996,-1,-1,-1
79,9,983.636,253.453,146.008,129.527,0.996,-1,-1,-1
80,9,984.498,247.671,142.399,128.401,0.997,-1,-1,-1
81,9,987.405,245.626,140.035,126.541,0.997,-1,-1,-1
82,9,987.485,240.818,140.913,127.222,0.997,-1,-1,-1
83,9,992.434,237.932,137.795,125.477,0.997,-1,-1,-1
84,9,992.712,233.786,137.928,125.255,0.997,-1,-1,-1
85,9,993.390,229.436,135.479,124.415,0.997,-1,-1,-1
86,9,992.471,225.164,135.578,124.127,0.996,-1,-1,-1
87,9,991.724,222.114,134.747,122.433,0.997,-1,-1,-1
88,9,992.121,219.826,134.244,121.104,0.996,-1,-1,-1
89,9,993.643,217.047,134.872,120.590,0.996,-1,-1,-1
90,9,995.882,213.143,132.400,120.059,0.996,-1,-1,-1
91,9,997.146,209.455,130.812,119.808,0.996,-1,-1,-1
92,9,996.472,206.896,129.816,119.306,0.995,-1,-1,-1
93,9,996.846,203.781,128.787,118.985,0.995,-1,-1,-1
94,9,996.560,200.189,129.099,118.008,0.994,-1,-1,-1
95,9,996.823,198.310,128.033,117.519,0.994,-1,-1,-1
96,9,997.685,195.020,128.325,116.148,0.994,-1,-1,-1
97,9,1000.791,192.147,126.422,115.900,0.994,-1,-1,-1
98,9,999.049,189.365,127.690,116.278,0.993,-1,-1,-1
99,9,998.599,186.884,125.956,115.689,0.992,-1,-1,-1
100,9,997.095,184.487,125.652,114.789,0.993,-1,-1,-1
101,9,998.019,183.300,124.940,112.535,0.992,-1,-1,-1
102,9,998.946,181.858,125.272,111.268,0.991,-1,-1,-1
103,9,1001.345,180.420,123.300,109.193,0.988,-1,-1,-1
104,9,1004.458,176.241,122.379,109.636,0.985,-1,-1,-1
105,9,1003.302,175.326,121.746,107.945,0.981,-1,-1,-1
106,9,1001.259,172.459,121.779,107.771,0.981,-1,-1,-1
107,9,1003.025,169.462,118.787,107.586,0.977,-1,-1,-1
108,9,1002.941,168.841,117.859,106.355,0.968,-1,-1,-1
109,9,1004.760,166.006,117.775,106.977,0.971,-1,-1,-1
109,16,750.417,775.505,449.504,308.713,0.892,-1,-1,-1
110,9,1006.159,164.962,116.935,105.307,0.970,-1,-1,-1
110,16,766.598,735.681,430.506,348.242,0.984,-1,-1,-1
111,9,1004.994,164.728,117.525,102.531,0.958,-1,-1,-1
111,16,777.972,703.235,413.389,353.563,0.992,-1,-1,-1
112,9,1004.678,161.978,117.020,102.032,0.947,-1,-1,-1
112,16,789.706,670.194,398.854,336.381,0.995,-1,-1,-1
113,9,1004.062,160.313,115.809,102.206,0.931,-1,-1,-1
113,16,798.587,640.556,383.699,313.934,0.996,-1,-1,-1
114,9,1004.168,157.399,116.709,102.636,0.919,-1,-1,-1
114,16,809.197,616.310,369.816,301.316,0.997,-1,-1,-1
115,9,1006.559,157.241,113.985,100.353,0.920,-1,-1,-1
115,16,815.255,595.101,362.120,292.611,0.998,-1,-1,-1
116,9,1006.615,156.090,113.726,100.460,0.904,-1,-1,-1
116,16,820.164,571.939,355.108,286.114,0.999,-1,-1,-1
117,9,1009.646,155.328,110.844,98.451,0.909,-1,-1,-1
117,16,831.844,550.156,342.805,274.659,0.998,-1,-1,-1
118,9,1008.747,153.138,111.639,99.236,0.916,-1,-1,-1
118,16,840.040,531.478,330.938,263.897,0.998,-1,-1,-1
119,9,1008.945,151.958,109.918,97.613,0.887,-1,-1,-1
119,16,847.278,512.692,317.523,253.594,0.998,-1,-1,-1
120,9,1008.431,150.032,110.606,97.807,0.897,-1,-1,-1
120,16,853.375,500.744,307.063,243.176,0.997,-1,-1,-1
121,9,1009.914,149.497,108.808,96.605,0.866,-1,-1,-1
121,16,860.336,482.274,294.535,239.547,0.996,-1,-1,-1
122,9,1015.050,148.841,106.517,93.307,0.731,-1,-1,-1
122,16,868.450,469.146,285.200,230.824,0.996,-1,-1,-1
123,9,1012.762,148.597,108.296,93.237,0.697,-1,-1,-1
123,16,872.616,454.111,281.429,226.811,0.997,-1,-1,-1
124,9,1014.078,144.069,107.846,94.895,0.621,-1,-1,-1
124,16,879.212,439.729,271.140,224.630,0.997,-1,-1,-1
125,9,1014.926,142.516,107.846,94.895,0.621,-1,-1,-1
125,16,885.889,428.006,263.604,214.798,0.997,-1,-1,-1
126,9,1015.534,140.946,107.846,94.895,0.621,-1,-1,-1
126,16,890.342,417.199,256.663,208.539,0.996,-1,-1,-1
127,9,1015.321,139.684,107.846,94.895,0.621,-1,-1,-1
127,16,898.331,407.492,246.798,203.590,0.995,-1,-1,-1
128,9,1015.392,138.462,107.846,94.895,0.621,-1,-1,-1
128,16,901.913,396.999,241.951,199.838,0.997,-1,-1,-1
129,16,909.641,390.073,231.579,193.249,0.995,-1,-1,-1
130,16,914.772,381.692,227.062,189.502,0.996,-1,-1,-1
131,16,918.005,373.083,222.465,184.401,0.996,-1,-1,-1
132,16,921.394,364.650,215.963,180.720,0.997,-1,-1,-1
133,16,923.759,356.713,212.833,178.891,0.997,-1,-1,-1
134,16,927.802,350.176,205.789,172.162,0.996,-1,-1,-1
135,16,930.111,342.353,204.099,168.415,0.997,-1,-1,-1
136,16,935.493,335.616,197.487,163.338,0.997,-1,-1,-1
137,16,937.669,328.112,194.315,163.138,0.997,-1,-1,-1
138,16,940.787,320.334,189.609,161.625,0.998,-1,-1,-1
139,16,941.005,314.461,187.080,158.564,0.998,-1,-1,-1
140,16,943.522,308.875,183.023,155.642,0.997,-1,-1,-1
140,19,876.619,117.375,112.402,97.238,0.593,-1,-1,-1
141,16,947.274,303.888,181.309,151.070,0.997,-1,-1,-1
141,19,875.950,116.789,112.323,97.339,0.503,-1,-1,-1
142,16,948.575,297.605,179.844,149.831,0.997,-1,-1,-1
142,19,874.721,117.050,112.955,97.929,0.559,-1,-1,-1
143,16,949.992,293.077,177.694,148.931,0.997,-1,-1,-1
143,19,873.844,116.805,113.727,99.770,0.704,-1,-1,-1
144,16,952.092,287.122,174.503,145.940,0.998,-1,-1,-1
144,19,871.730,116.354,116.362,101.404,0.796,-1,-1,-1
145,16,953.719,281.709,170.125,141.711,0.997,-1,-1,-1
145,19,870.049,115.872,115.752,101.497,0.796,-1,-1,-1
146,16,956.244,275.411,167.210,140.218,0.997,-1,-1,-1
146,19,866.253,116.353,118.783,103.583,0.872,-1,-1,-1
147,16,958.719,270.874,164.335,136.500,0.997,-1,-1,-1
147,19,863.601,116.749,119.473,103.975,0.903,-1,-1,-1
148,16,959.451,266.455,163.974,134.864,0.996,-1,-1,-1
148,19,862.355,116.639,120.551,106.568,0.930,-1,-1,-1
149,16,961.505,261.897,161.556,134.446,0.997,-1,-1,-1
149,19,861.392,118.162,121.929,108.758,0.948,-1,-1,-1
150,16,962.620,258.099,160.497,132.282,0.997,-1,-1,-1
150,19,860.884,119.203,122.016,109.045,0.949,-1,-1,-1
151,16,965.113,254.000,156.410,130.030,0.997,-1,-1,-1
151,19,860.567,121.131,121.564,110.721,0.953,-1,-1,-1
152,16,964.811,248.857,155.187,129.727,0.997,-1,-1,-1
152,19,857.097,122.366,122.741,110.520,0.958,-1,-1,-1
153,16,966.611,244.964,153.718,128.084,0.996,-1,-1,-1
153,19,855.668,123.771,122.068,111.000,0.957,-1,-1,-1
154,16,968.278,241.276,150.888,127.180,0.996,-1,-1,-1
154,19,853.984,125.596,122.987,112.437,0.956,-1,-1,-1
155,16,971.703,236.821,147.243,126.525,0.996,-1,-1,-1
155,19,852.183,127.443,124.511,113.677,0.967,-1,-1,-1
156,16,973.763,232.746,146.410,125.912,0.996,-1,-1,-1
156,19,851.978,129.830,124.625,113.341,0.961,-1,-1,-1
157,16,975.373,229.592,143.380,124.447,0.996,-1,-1,-1
157,19,851.288,132.283,124.005,113.667,0.947,-1,-1,-1
158,16,976.027,226.126,142.711,122.960,0.996,-1,-1,-1
158,19,850.855,133.533,123.859,115.329,0.970,-1,-1,-1
159,16,976.637,222.295,141.770,122.390,0.995,-1,-1,-1
159,19,847.869,135.439,125.785,115.206,0.962,-1,-1,-1
160,16,975.340,219.026,141.430,122.318,0.995,-1,-1,-1
160,19,842.519,137.303,127.399,116.771,0.966,-1,-1,-1
161,16,976.729,214.589,140.282,121.540,0.995,-1,-1,-1
161,19,841.162,139.169,127.975,116.404,0.967,-1,-1,-1
161,22,710.125,774.010,481.972,310.647,0.779,-1,-1,-1
162,16,979.481,212.221,138.540,120.466,0.995,-1,-1,-1
162,19,840.535,141.885,127.971,116.314,0.973,-1,-1,-1
162,22,732.169,738.339,454.205,345.704,0.964,-1,-1,-1
163,16,980.944,207.726,137.701,120.163,0.994,-1,-1,-1
163,19,838.561,142.743,129.284,119.012,0.978,-1,-1,-1
163,22,750.043,702.130,433.614,363.487,0.989,-1,-1,-1
164,16,982.061,204.992,137.111,119.167,0.991,-1,-1,-1
164,19,836.349,145.132,131.322,120.752,0.980,-1,-1,-1
164,22,764.365,669.943,417.717,349.518,0.996,-1,-1,-1
165,16,982.862,202.018,134.902,119.040,0.991,-1,-1,-1
165,19,834.134,146.849,130.155,120.832,0.981,-1,-1,-1
165,22,776.068,640.065,400.911,316.314,0.997,-1,-1,-1
166,16,982.911,198.916,134.117,118.390,0.990,-1,-1,-1
166,19,831.717,149.492,130.851,120.878,0.982,-1,-1,-1
166,22,786.974,613.345,386.147,302.515,0.997,-1,-1,-1
167,16,984.200,196.043,132.990,117.068,0.990,-1,-1,-1
167,19,830.477,152.126,130.339,121.125,0.983,-1,-1,-1
167,22,792.699,592.782,378.051,293.448,0.998,-1,-1,-1
168,16,984.793,193.679,132.986,117.540,0.990,-1,-1,-1
168,19,827.995,154.102,133.041,122.201,0.982,-1,-1,-1
168,22,804.920,565.538,365.630,290.517,0.998,-1,-1,-1
169,16,986.141,190.442,133.522,117.561,0.988,-1,-1,-1
169,19,826.814,155.129,134.936,124.713,0.985,-1,-1,-1
169,22,811.639,543.499,358.486,277.405,0.999,-1,-1,-1
170,16,986.796,188.074,132.558,115.987,0.986,-1,-1,-1
170,19,824.172,158.219,136.442,124.899,0.988,-1,-1,-1
170,22,822.953,522.657,345.695,267.877,0.998,-1,-1,-1
171,16,987.479,185.960,131.801,115.992,0.983,-1,-1,-1
171,19,819.236,160.843,139.048,125.300,0.987,-1,-1,-1
171,22,831.657,506.963,332.959,253.510,0.998,-1,-1,-1
172,16,988.102,183.596,131.596,116.219,0.979,-1,-1,-1
172,19,815.996,162.349,138.764,126.343,0.988,-1,-1,-1
172,22,836.991,493.490,324.282,245.097,0.998,-1,-1,-1
173,16,989.319,182.460,129.989,114.173,0.975,-1,-1,-1
173,19,811.596,164.475,140.343,128.346,0.990,-1,-1,-1
173,22,844.974,477.048,312.772,236.245,0.998,-1,-1,-1
174,16,991.534,180.888,127.965,112.438,0.971,-1,-1,-1
174,19,811.314,168.152,139.776,128.776,0.991,-1,-1,-1
174,22,852.971,461.616,298.993,229.624,0.997,-1,-1,-1
175,16,992.542,177.833,127.146,112.001,0.966,-1,-1,-1
175,19,809.296,170.747,141.040,131.641,0.992,-1,-1,-1
175,22,860.095,447.419,289.451,225.479,0.998,-1,-1,-1
176,16,992.880,174.593,127.593,111.880,0.964,-1,-1,-1
176,19,807.291,173.472,143.673,133.707,0.993,-1,-1,-1
176,22,866.845,434.578,281.892,220.531,0.998,-1,-1,-1
177,16,994.891,172.142,125.311,110.653,0.957,-1,-1,-1
177,19,805.743,177.122,143.542,134.036,0.994,-1,-1,-1
177,22,876.375,421.615,270.156,212.876,0.998,-1,-1,-1
178,16,994.588,171.401,124.081,108.947,0.952,-1,-1,-1
178,19,799.994,180.196,146.977,135.375,0.993,-1,-1,-1
178,22,882.193,408.821,261.187,208.895,0.998,-1,-1,-1
179,16,994.085,167.148,124.615,109.351,0.942,-1,-1,-1
179,19,796.743,184.429,147.918,134.406,0.993,-1,-1,-1
179,22,889.513,398.496,253.560,203.219,0.997,-1,-1,-1
180,16,994.025,164.968,123.970,109.176,0.943,-1,-1,-1
180,19,792.165,187.203,148.709,134.556,0.994,-1,-1,-1
180,22,894.390,388.566,246.544,197.462,0.998,-1,-1,-1
181,16,996.397,164.058,122.924,107.817,0.938,-1,-1,-1
181,19,787.577,189.921,151.149,137.730,0.993,-1,-1,-1
181,22,901.031,380.021,239.526,195.241,0.997,-1,-1,-1
182,16,998.275,163.004,121.789,105.508,0.943,-1,-1,-1
182,19,784.601,193.711,153.377,138.831,0.994,-1,-1,-1
182,22,907.117,370.403,233.486,192.174,0.998,-1,-1,-1
183,16,998.873,161.729,122.147,105.504,0.939,-1,-1,-1
183,19,781.550,197.570,154.012,140.056,0.994,-1,-1,-1
183,22,911.153,362.550,228.363,184.314,0.998,-1,-1,-1
184,16,999.830,159.565,121.857,104.135,0.919,-1,-1,-1
184,19,776.529,200.742,156.797,140.701,0.994,-1,-1,-1
184,22,917.224,354.612,220.744,181.500,0.998,-1,-1,-1
185,16,1000.233,157.748,120.875,104.092,0.919,-1,-1,-1
185,19,770.390,203.569,159.356,143.582,0.993,-1,-1,-1
185,22,921.608,346.687,215.712,175.466,0.997,-1,-1,-1
186,16,1000.475,156.165,119.810,102.850,0.879,-1,-1,-1
186,19,763.608,206.429,163.733,146.870,0.992,-1,-1,-1
186,22,925.688,338.399,208.874,171.972,0.997,-1,-1,-1
187,16,1004.100,155.277,117.279,101.098,0.914,-1,-1,-1
187,19,759.891,210.042,165.924,148.020,0.994,-1,-1,-1
187,22,930.899,332.685,203.278,163.372,0.997,-1,-1,-1
188,16,1005.133,154.144,117.013,99.942,0.904,-1,-1,-1
188,19,756.307,214.815,165.588,148.002,0.993,-1,-1,-1
188,22,935.254,325.626,199.723,162.088,0.995,-1,-1,-1
189,16,1006.829,152.116,115.866,99.691,0.899,-1,-1,-1
189,19,752.565,219.309,168.050,151.152,0.994,-1,-1,-1
189,22,940.111,317.470,195.960,159.828,0.995,-1,-1,-1
190,16,1008.296,151.136,114.564,98.947,0.878,-1,-1,-1
190,19,747.729,223.575,171.733,155.982,0.994,-1,-1,-1
190,22,943.573,310.662,191.645,156.168,0.994,-1,-1,-1
191,16,1007.816,150.182,113.988,98.286,0.836,-1,-1,-1
191,19,742.670,227.601,172.025,157.812,0.993,-1,-1,-1
191,22,946.136,304.059,188.884,153.524,0.994,-1,-1,-1
192,16,1007.904,148.486,112.301,97.597,0.735,-1,-1,-1
192,19,737.044,232.482,174.698,160.359,0.992,-1,-1,-1
192,22,949.196,298.244,184.818,151.098,0.994,-1,-1,-1
193,16,1007.683,146.941,112.011,97.256,0.651,-1,-1,-1
193,19,731.181,237.069,177.772,163.529,0.993,-1,-1,-1
193,22,951.630,292.119,180.709,149.481,0.995,-1,-1,-1
194,16,1008.388,145.230,110.457,95.822,0.568,-1,-1,-1
194,19,721.667,243.145,185.301,166.467,0.991,-1,-1,-1
194,22,955.104,285.878,177.927,148.107,0.995,-1,-1,-1
195,16,1008.100,143.669,110.457,95.822,0.568,-1,-1,-1
195,19,715.017,248.662,190.056,168.252,0.993,-1,-1,-1
195,22,956.037,278.670,177.580,144.746,0.995,-1,-1,-1
196,16,1008.023,142.359,110.457,95.822,0.568,-1,-1,-1
196,19,710.110,252.327,191.504,173.777,0.994,-1,-1,-1
196,22,960.085,272.680,170.696,143.178,0.995,-1,-1,-1
197,16,1008.136,141.406,110.457,95.822,0.568,-1,-1,-1
197,19,702.850,256.642,198.727,177.699,0.995,-1,-1,-1
197,22,962.621,268.677,169.327,139.645,0.994,-1,-1,-1
198,16,1008.294,140.707,110.457,95.822,0.568,-1,-1,-1
198,19,696.265,263.112,201.426,179.557,0.995,-1,-1,-1
198,22,963.490,264.504,166.817,137.665,0.993,-1,-1,-1
199,19,686.780,268.938,207.932,182.580,0.995,-1,-1,-1
199,22,964.372,259.921,163.807,135.407,0.994,-1,-1,-1
200,19,678.206,272.866,214.361,187.195,0.995,-1,-1,-1
200,22,964.887,255.404,162.336,133.547,0.994,-1,-1,-1
201,19,670.525,281.656,217.880,188.803,0.994,-1,-1,-1
201,22,965.541,251.370,160.077,131.857,0.993,-1,-1,-1
202,19,665.890,286.091,221.372,194.540,0.997,-1,-1,-1
202,22,966.959,245.574,159.398,130.531,0.996,-1,-1,-1
203,19,659.676,292.140,226.552,201.454,0.997,-1,-1,-1
203,22,970.329,239.990,155.556,129.675,0.997,-1,-1,-1
204,19,651.087,299.479,230.007,207.903,0.998,-1,-1,-1
204,22,973.544,234.881,150.592,128.889,0.996,-1,-1,-1
205,19,641.756,305.443,234.217,214.805,0.998,-1,-1,-1
205,22,973.698,230.162,149.131,128.465,0.996,-1,-1,-1
206,19,630.263,311.806,241.233,220.262,0.998,-1,-1,-1
206,22,972.777,226.575,147.473,126.944,0.997,-1,-1,-1
207,19,619.650,318.680,249.425,225.142,0.998,-1,-1,-1
207,22,973.930,222.949,145.598,125.934,0.996,-1,-1,-1
208,19,611.459,326.346,253.727,232.578,0.998,-1,-1,-1
208,22,975.668,219.065,143.792,124.928,0.996,-1,-1,-1
209,19,598.635,334.458,265.121,240.381,0.999,-1,-1,-1
209,22,975.860,215.380,143.554,125.014,0.995,-1,-1,-1
210,19,585.154,343.377,276.202,245.428,0.999,-1,-1,-1
210,22,976.784,211.644,143.713,123.407,0.996,-1,-1,-1
211,19,570.771,351.219,284.510,252.743,0.999,-1,-1,-1
211,22,977.884,209.068,141.368,122.091,0.996,-1,-1,-1
212,19,557.872,364.335,288.292,252.759,0.998,-1,-1,-1
212,22,978.090,205.798,140.771,121.253,0.995,-1,-1,-1
213,19,542.330,374.618,298.551,261.756,0.998,-1,-1,-1
213,22,979.756,201.018,138.962,121.954,0.995,-1,-1,-1
214,19,525.984,385.760,305.981,269.565,0.998,-1,-1,-1
214,22,979.328,197.743,137.652,120.179,0.994,-1,-1,-1
215,19,511.864,398.501,315.303,277.915,0.998,-1,-1,-1
215,22,981.664,193.479,137.439,119.832,0.994,-1,-1,-1
216,19,494.768,411.149,326.617,285.555,0.999,-1,-1,-1
216,22,983.662,191.440,135.829,118.500,0.995,-1,-1,-1
217,19,476.536,424.689,337.485,297.659,0.998,-1,-1,-1
217,22,985.190,188.644,134.288,117.941,0.994,-1,-1,-1
218,19,458.390,440.991,345.027,304.507,0.999,-1,-1,-1
218,22,986.579,186.599,133.558,116.496,0.993,-1,-1,-1
219,19,436.759,455.060,354.516,321.594,0.999,-1,-1,-1
219,22,985.541,184.194,133.313,115.337,0.992,-1,-1,-1
220,19,415.714,472.701,362.129,333.981,0.999,-1,-1,-1
220,22,986.212,180.787,132.428,113.130,0.990,-1,-1,-1
221,19,392.145,494.887,368.258,350.976,0.998,-1,-1,-1
221,22,987.237,178.289,131.583,111.141,0.987,-1,-1,-1
222,19,363.720,514.678,379.746,363.301,0.998,-1,-1,-1
222,22,990.089,176.366,130.050,108.870,0.985,-1,-1,-1
223,19,332.508,538.489,396.142,370.496,0.998,-1,-1,-1
223,22,990.922,172.005,130.082,109.547,0.984,-1,-1,-1
223,26,856.975,134.180,107.836,92.000,0.724,-1,-1,-1
224,19,301.666,570.673,410.739,377.342,0.998,-1,-1,-1
224,22,993.423,169.929,127.161,109.062,0.983,-1,-1,-1
224,26,856.838,136.651,104.973,90.569,0.544,-1,-1,-1
225,19,262.119,597.622,433.815,402.880,0.998,-1,-1,-1
225,22,993.887,165.454,126.503,110.499,0.970,-1,-1,-1
225,26,855.161,137.901,105.403,91.930,0.659,-1,-1,-1
226,19,214.922,625.715,462.570,426.192,0.997,-1,-1,-1
226,22,992.941,161.518,126.120,111.239,0.952,-1,-1,-1
226,26,852.172,139.418,107.021,92.688,0.809,-1,-1,-1
227,19,161.448,656.216,500.990,422.844,0.994,-1,-1,-1
227,22,993.002,158.206,125.549,111.526,0.948,-1,-1,-1
227,26,848.910,140.535,108.277,93.769,0.841,-1,-1,-1
228,19,113.076,686.270,526.520,395.805,0.965,-1,-1,-1
228,22,993.944,158.466,125.441,107.830,0.942,-1,-1,-1
228,26,846.834,141.695,111.377,94.834,0.732,-1,-1,-1
229,19,69.287,717.178,557.989,365.908,0.924,-1,-1,-1
229,22,994.912,157.461,125.449,106.619,0.924,-1,-1,-1
229,26,844.559,144.441,114.381,94.539,0.923,-1,-1,-1
230,19,35.475,748.189,557.989,330.811,0.924,-1,-1,-1
230,22,995.826,155.681,125.348,106.461,0.943,-1,-1,-1
230,26,842.236,145.527,115.780,95.971,0.921,-1,-1,-1
231,19,0.000,782.868,557.620,296.132,0.924,-1,-1,-1
231,22,997.488,155.266,123.993,104.156,0.952,-1,-1,-1
231,26,840.744,147.457,116.003,95.600,0.923,-1,-1,-1
232,19,0.000,824.230,518.976,254.770,0.924,-1,-1,-1
232,22,997.957,154.676,121.985,103.703,0.961,-1,-1,-1
232,26,838.845,148.668,114.945,96.388,0.937,-1,-1,-1
233,19,0.000,875.434,477.386,203.566,0.924,-1,-1,-1
233,22,999.276,152.466,120.018,102.994,0.958,-1,-1,-1
233,26,837.630,149.972,114.711,96.444,0.923,-1,-1,-1
234,22,999.930,150.910,120.548,101.156,0.951,-1,-1,-1
234,26,836.679,150.911,116.046,96.782,0.922,-1,-1,-1
235,22,1001.536,149.451,119.412,100.451,0.937,-1,-1,-1
235,26,835.365,151.888,115.104,97.019,0.932,-1,-1,-1
236,22,1002.257,148.827,119.119,98.620,0.512,-1,-1,-1
236,26,834.488,153.650,115.946,98.175,0.944,-1,-1,-1
237,22,1004.172,146.764,118.356,98.947,0.929,-1,-1,-1
237,26,833.137,155.097,116.271,99.593,0.961,-1,-1,-1
238,22,1004.455,145.345,116.900,97.780,0.895,-1,-1,-1
238,26,830.717,156.397,116.841,99.656,0.962,-1,-1,-1
239,22,1002.622,143.306,116.591,97.061,0.889,-1,-1,-1
239,26,828.433,157.555,116.808,101.284,0.969,-1,-1,-1
240,22,1002.477,142.413,115.869,96.229,0.882,-1,-1,-1
240,26,825.734,160.184,118.103,100.178,0.966,-1,-1,-1
241,22,1005.424,141.839,112.714,94.190,0.819,-1,-1,-1
241,26,823.733,161.850,118.949,101.197,0.974,-1,-1,-1
242,22,1004.684,139.774,112.678,92.979,0.792,-1,-1,-1
242,26,822.250,162.678,120.222,103.314,0.980,-1,-1,-1
243,22,1006.561,138.183,111.127,92.254,0.627,-1,-1,-1
243,26,821.486,164.712,120.614,103.782,0.978,-1,-1,-1
244,22,1006.874,136.578,111.127,92.254,0.627,-1,-1,-1
244,26,820.683,166.779,120.444,103.705,0.982,-1,-1,-1
245,22,1007.241,135.128,111.127,92.254,0.627,-1,-1,-1
245,26,818.115,167.525,121.412,105.470,0.979,-1,-1,-1
246,22,1007.300,133.860,111.127,92.254,0.627,-1,-1,-1
246,26,815.809,169.340,122.838,106.226,0.981,-1,-1,-1
247,22,1007.506,133.055,111.127,92.254,0.627,-1,-1,-1
247,26,814.023,170.216,123.690,107.778,0.984,-1,-1,-1
248,26,813.181,172.886,124.168,108.359,0.986,-1,-1,-1
249,26,813.957,175.205,124.343,108.480,0.989,-1,-1,-1
250,26,812.321,178.272,125.430,108.707,0.990,-1,-1,-1
251,26,811.728,181.022,125.234,108.951,0.991,-1,-1,-1
252,26,809.022,183.350,126.469,109.952,0.991,-1,-1,-1
253,26,807.759,185.175,126.386,111.451,0.992,-1,-1,-1
254,26,805.638,187.379,127.768,112.347,0.992,-1,-1,-1
255,26,803.465,188.784,129.148,113.825,0.993,-1,-1,-1
256,26,802.395,191.612,129.031,114.241,0.994,-1,-1,-1
257,26,800.479,193.248,130.383,114.971,0.993,-1,-1,-1
258,26,796.171,195.193,131.828,116.400,0.993,-1,-1,-1
259,26,793.090,197.422,132.809,116.831,0.993,-1,-1,-1
260,26,790.863,198.824,133.191,117.500,0.994,-1,-1,-1
261,26,787.374,202.556,135.229,118.075,0.995,-1,-1,-1
262,26,785.067,204.855,136.172,119.138,0.996,-1,-1,-1
263,26,782.908,207.819,136.561,119.430,0.996,-1,-1,-1
264,26,781.554,211.438,136.386,119.335,0.996,-1,-1,-1
265,26,777.562,213.666,136.711,120.760,0.996,-1,-1,-1
266,26,772.112,217.369,140.043,121.542,0.994,-1,-1,-1
267,26,769.935,220.130,140.703,121.740,0.995,-1,-1,-1
268,26,765.731,222.965,142.625,123.691,0.996,-1,-1,-1
269,26,763.232,226.084,143.836,125.123,0.996,-1,-1,-1
270,26,761.203,229.839,144.542,127.040,0.996,-1,-1,-1
270,35,713.577,807.642,456.868,278.116,0.727,-1,-1,-1
271,26,758.811,232.561,144.177,128.256,0.995,-1,-1,-1
271,35,730.381,771.431,434.336,313.282,0.929,-1,-1,-1
272,26,753.106,237.321,147.530,128.254,0.995,-1,-1,-1
272,35,748.419,733.990,411.593,346.608,0.992,-1,-1,-1
273,26,746.738,240.737,150.360,129.155,0.994,-1,-1,-1
273,35,762.664,698.229,392.858,350.412,0.989,-1,-1,-1
274,26,744.292,244.407,150.721,130.306,0.994,-1,-1,-1
274,35,773.744,672.016,380.281,326.273,0.997,-1,-1,-1
275,26,740.769,248.521,152.633,131.737,0.994,-1,-1,-1
275,35,783.993,644.702,368.376,301.822,0.998,-1,-1,-1
276,26,737.472,252.027,155.198,134.389,0.994,-1,-1,-1
276,35,791.821,620.029,358.033,291.558,0.998,-1,-1,-1
277,26,733.999,257.008,157.235,134.498,0.992,-1,-1,-1
277,35,796.360,597.024,352.009,287.834,0.998,-1,-1,-1
278,26,729.853,261.791,158.370,136.042,0.991,-1,-1,-1
278,35,807.565,574.542,338.591,277.767,0.999,-1,-1,-1
279,26,723.613,265.476,161.582,137.990,0.991,-1,-1,-1
279,35,813.791,551.973,330.299,267.711,0.998,-1,-1,-1
280,26,716.734,269.257,165.820,139.795,0.994,-1,-1,-1
280,35,819.470,532.078,323.631,258.445,0.999,-1,-1,-1
281,26,711.920,272.406,168.894,142.769,0.994,-1,-1,-1
281,35,826.390,513.009,312.997,250.528,0.998,-1,-1,-1
282,26,708.431,278.362,169.408,145.689,0.992,-1,-1,-1
282,35,836.587,501.050,301.047,243.262,0.998,-1,-1,-1
283,26,702.669,284.145,172.869,148.358,0.989,-1,-1,-1
283,35,846.260,483.847,289.924,236.921,0.998,-1,-1,-1
284,26,696.239,288.437,174.811,149.692,0.990,-1,-1,-1
284,35,853.966,470.118,279.487,230.307,0.997,-1,-1,-1
285,26,689.299,293.587,178.868,151.881,0.984,-1,-1,-1
285,35,860.596,455.337,267.330,225.088,0.997,-1,-1,-1
286,26,682.005,297.721,180.030,155.234,0.981,-1,-1,-1
286,35,866.458,441.967,261.419,221.825,0.997,-1,-1,-1
287,26,674.023,302.057,185.655,157.773,0.982,-1,-1,-1
287,35,872.351,428.853,254.033,216.774,0.997,-1,-1,-1
288,26,668.364,307.705,187.365,157.536,0.980,-1,-1,-1
288,35,875.016,415.961,252.791,210.758,0.996,-1,-1,-1
289,26,661.966,314.092,192.136,161.851,0.966,-1,-1,-1
289,35,881.774,407.587,244.949,205.068,0.996,-1,-1,-1
290,26,657.661,319.782,190.100,163.128,0.974,-1,-1,-1
290,35,889.166,394.963,236.977,203.356,0.997,-1,-1,-1
291,26,651.909,327.488,191.333,162.229,0.966,-1,-1,-1
291,35,894.772,387.480,229.203,199.688,0.996,-1,-1,-1
292,26,642.686,335.523,197.382,167.123,0.978,-1,-1,-1
292,35,900.008,377.785,225.066,194.616,0.995,-1,-1,-1
293,26,635.206,340.263,200.823,172.160,0.978,-1,-1,-1
293,35,903.439,368.568,218.443,190.400,0.997,-1,-1,-1
294,26,624.283,346.787,207.002,173.631,0.983,-1,-1,-1
294,35,906.157,360.443,214.011,186.876,0.997,-1,-1,-1
295,26,616.901,353.269,211.542,176.753,0.982,-1,-1,-1
295,35,910.803,354.886,207.605,182.232,0.997,-1,-1,-1
296,26,609.149,358.996,215.762,180.960,0.984,-1,-1,-1
296,35,917.070,349.183,201.349,175.959,0.996,-1,-1,-1
297,26,601.857,367.303,217.458,188.168,0.994,-1,-1,-1
297,35,920.287,342.124,197.441,171.416,0.996,-1,-1,-1
298,26,592.659,375.606,222.898,191.534,0.995,-1,-1,-1
298,35,922.724,335.450,196.303,168.803,0.997,-1,-1,-1
299,26,578.247,381.550,229.998,197.316,0.997,-1,-1,-1
299,35,926.861,328.431,189.027,164.234,0.996,-1,-1,-1
300,26,568.471,388.699,233.990,199.805,0.997,-1,-1,-1
300,35,929.729,320.249,185.735,163.007,0.996,-1,-1,-1
301,26,560.383,398.220,238.612,202.667,0.996,-1,-1,-1
301,35,935.097,316.117,179.122,156.683,0.994,-1,-1,-1
302,26,552.216,407.585,242.512,207.441,0.998,-1,-1,-1
302,35,937.150,311.023,176.520,154.079,0.994,-1,-1,-1
303,26,539.420,416.950,250.014,208.634,0.998,-1,-1,-1
303,35,939.981,302.437,175.568,154.108,0.996,-1,-1,-1
304,26,529.105,427.487,253.286,214.155,0.998,-1,-1,-1
304,35,943.104,297.596,172.280,150.431,0.995,-1,-1,-1
305,26,516.258,437.493,258.010,221.447,0.999,-1,-1,-1
305,35,946.068,293.913,167.240,147.005,0.996,-1,-1,-1
306,26,502.337,449.979,264.918,221.606,0.998,-1,-1,-1
306,35,946.460,286.964,168.164,145.458,0.996,-1,-1,-1
307,26,488.421,462.069,273.059,224.865,0.998,-1,-1,-1
307,35,948.935,283.391,164.053,141.042,0.995,-1,-1,-1
308,26,473.685,473.687,279.356,230.924,0.999,-1,-1,-1
308,35,952.282,278.675,160.156,136.973,0.994,-1,-1,-1
309,26,457.976,488.629,287.110,234.202,0.999,-1,-1,-1
309,35,952.995,273.675,162.109,134.418,0.995,-1,-1,-1
310,26,442.644,504.945,294.508,242.211,0.999,-1,-1,-1
310,35,956.033,268.349,159.644,133.590,0.993,-1,-1,-1
