4,4,1581.869,374.262,336.970,279.543,0.513,-1,-1,-1
5,4,1561.298,369.652,336.970,279.543,0.513,-1,-1,-1
6,4,1534.636,362.001,383.823,292.589,0.608,-1,-1,-1
7,4,1510.325,354.800,408.586,300.189,0.769,-1,-1,-1
8,4,1491.999,346.725,427.130,298.349,0.850,-1,-1,-1
9,4,1471.129,341.733,447.478,298.229,0.860,-1,-1,-1
10,4,1443.193,334.609,474.766,297.277,0.914,-1,-1,-1
11,4,1421.598,329.879,495.745,294.529,0.946,-1,-1,-1
12,4,1395.017,324.143,522.385,292.817,0.953,-1,-1,-1
13,4,1367.013,318.797,550.299,290.360,0.981,-1,-1,-1
14,4,1336.389,314.992,579.816,285.007,0.991,-1,-1,-1
15,4,1305.125,313.553,585.077,282.966,0.992,-1,-1,-1
16,4,1284.044,308.788,575.319,279.517,0.996,-1,-1,-1
17,4,1250.677,305.001,586.131,273.925,0.995,-1,-1,-1
18,4,1219.473,298.357,583.645,269.473,0.997,-1,-1,-1
19,4,1186.328,295.453,587.500,267.028,0.997,-1,-1,-1
20,4,1150.044,287.331,593.992,268.850,0.998,-1,-1,-1
21,4,1114.343,283.372,582.838,266.963,0.996,-1,-1,-1
22,4,1080.178,276.507,580.734,267.242,0.995,-1,-1,-1
23,4,1048.115,272.664,573.492,258.207,0.995,-1,-1,-1
24,4,1013.079,264.299,566.295,257.988,0.995,-1,-1,-1
25,4,982.294,258.214,556.034,254.954,0.994,-1,-1,-1
26,4,952.980,254.646,547.879,250.059,0.995,-1,-1,-1
27,4,920.780,251.577,544.276,243.380,0.995,-1,-1,-1
28,4,891.938,246.160,538.097,243.808,0.995,-1,-1,-1
29,4,862.460,242.467,526.680,239.667,0.997,-1,-1,-1
30,4,832.296,237.385,516.175,238.241,0.998,-1,-1,-1
31,4,799.815,234.951,510.870,232.251,0.997,-1,-1,-1
32,4,773.955,229.822,498.911,232.648,0.998,-1,-1,-1
33,4,746.751,225.396,486.349,227.836,0.998,-1,-1,-1
34,4,714.712,219.667,478.275,223.726,0.999,-1,-1,-1
35,4,690.305,218.249,464.872,219.324,0.998,-1,-1,-1
36,4,665.295,216.755,446.868,211.245,0.998,-1,-1,-1
37,4,638.972,212.947,436.536,210.683,0.999,-1,-1,-1
38,4,616.597,209.624,425.352,208.197,0.999,-1,-1,-1
39,4,589.369,205.878,414.239,201.559,0.999,-1,-1,-1
40,4,564.372,204.534,403.129,193.395,0.999,-1,-1,-1
41,4,540.277,201.961,394.352,190.621,0.999,-1,-1,-1
42,4,514.935,199.309,386.248,186.834,0.999,-1,-1,-1
43,4,491.392,197.536,374.135,182.395,0.997,-1,-1,-1
44,4,466.886,194.528,365.835,177.474,0.999,-1,-1,-1
45,4,444.274,193.227,352.243,174.662,0.999,-1,-1,-1
46,4,417.520,188.474,349.040,174.544,0.999,-1,-1,-1
47,4,397.025,187.115,336.530,171.906,0.999,-1,-1,-1
48,4,372.561,186.254,325.520,164.092,0.999,-1,-1,-1
49,4,359.927,180.726,305.547,162.913,0.999,-1,-1,-1
50,4,341.425,181.452,298.666,157.019,0.999,-1,-1,-1
51,4,326.639,179.097,286.796,153.675,0.999,-1,-1,-1
52,4,308.188,174.197,278.306,155.427,0.999,-1,-1,-1
53,4,290.843,176.537,265.584,146.934,0.999,-1,-1,-1
54,4,275.180,173.523,255.892,147.068,0.998,-1,-1,-1
55,4,253.905,173.434,252.253,143.293,0.998,-1,-1,-1
56,4,237.225,172.644,248.347,141.154,0.998,-1,-1,-1
57,4,223.431,170.253,242.269,140.019,0.997,-1,-1,-1
58,4,208.350,168.619,234.054,137.387,0.998,-1,-1,-1
59,4,193.679,169.543,227.262,134.524,0.997,-1,-1,-1
60,4,180.394,169.135,219.072,132.025,0.997,-1,-1,-1
61,4,167.311,169.289,210.554,128.414,0.996,-1,-1,-1
62,4,154.479,167.056,207.749,128.004,0.994,-1,-1,-1
63,4,143.413,164.133,202.925,127.994,0.992,-1,-1,-1
64,4,131.075,164.990,200.418,126.038,0.996,-1,-1,-1
65,4,118.770,164.863,196.374,124.586,0.995,-1,-1,-1
66,4,108.337,163.565,189.819,122.248,0.995,-1,-1,-1
67,4,97.301,162.958,185.885,122.631,0.992,-1,-1,-1
68,4,84.025,163.711,183.710,119.016,0.993,-1,-1,-1
69,4,76.052,161.764,177.749,119.552,0.993,-1,-1,-1
70,4,65.692,162.874,173.964,114.797,0.989,-1,-1,-1
71,4,56.989,161.591,172.935,117.048,0.988,-1,-1,-1
72,4,48.603,159.639,168.322,117.795,0.982,-1,-1,-1
73,4,39.615,159.204,161.373,114.599,0.961,-1,-1,-1
74,4,31.698,158.971,158.476,113.370,0.959,-1,-1,-1
75,4,26.711,156.697,153.492,114.111,0.906,-1,-1,-1
76,4,19.275,156.678,145.325,112.363,0.926,-1,-1,-1
77,4,11.650,157.104,141.733,110.217,0.909,-1,-1,-1
78,4,4.072,156.233,141.733,110.217,0.909,-1,-1,-1
79,4,0.000,155.503,140.064,110.217,0.909,-1,-1,-1
80,4,0.000,155.133,135.796,110.217,0.909,-1,-1,-1
81,4,1.437,155.489,105.290,109.199,0.623,-1,-1,-1
82,4,0.000,155.381,104.282,109.199,0.623,-1,-1,-1
83,4,0.000,155.276,101.838,109.199,0.623,-1,-1,-1
84,4,0.000,155.190,99.421,109.199,0.623,-1,-1,-1
85,4,0.000,155.119,97.019,109.199,0.623,-1,-1,-1
117,8,1.443,186.392,81.815,132.688,0.694,-1,-1,-1
118,8,1.622,186.436,93.224,136.178,0.769,-1,-1,-1
119,8,1.760,187.393,99.068,137.973,0.812,-1,-1,-1
120,8,2.153,188.702,111.742,139.729,0.930,-1,-1,-1
121,8,2.224,188.019,119.345,141.976,0.957,-1,-1,-1
122,8,2.378,188.385,132.889,142.211,0.965,-1,-1,-1
123,8,2.553,189.166,142.735,141.541,0.974,-1,-1,-1
124,8,2.836,188.917,153.789,142.664,0.983,-1,-1,-1
125,8,2.893,190.358,160.743,144.640,0.991,-1,-1,-1
126,8,2.957,192.619,171.467,145.837,0.989,-1,-1,-1
127,8,3.005,194.298,179.359,148.016,0.989,-1,-1,-1
128,8,3.761,194.484,190.465,149.520,0.990,-1,-1,-1
129,8,6.613,194.565,196.464,150.837,0.992,-1,-1,-1
130,8,6.290,195.297,206.131,152.972,0.994,-1,-1,-1
131,8,14.018,197.420,210.910,154.495,0.995,-1,-1,-1
132,8,27.209,198.909,208.039,153.510,0.997,-1,-1,-1
133,8,28.257,199.161,218.057,157.112,0.997,-1,-1,-1
134,8,27.873,199.508,224.217,159.119,0.997,-1,-1,-1
135,8,33.033,200.966,227.440,158.522,0.998,-1,-1,-1
136,8,42.017,201.080,230.209,162.002,0.998,-1,-1,-1
137,8,46.327,201.523,233.708,161.931,0.930,-1,-1,-1
138,8,50.009,200.492,238.880,164.948,0.998,-1,-1,-1
139,8,57.251,200.231,235.877,167.025,0.998,-1,-1,-1
140,8,60.858,201.566,241.413,166.866,0.998,-1,-1,-1
141,8,64.061,202.243,246.845,166.745,0.998,-1,-1,-1
142,8,69.407,202.178,250.040,168.699,0.997,-1,-1,-1
143,8,73.223,203.394,251.914,170.567,0.998,-1,-1,-1
144,8,77.568,204.660,254.717,170.686,0.998,-1,-1,-1
145,8,78.716,204.942,259.905,171.471,0.997,-1,-1,-1
146,8,83.950,205.366,262.401,174.082,0.997,-1,-1,-1
147,8,89.237,205.031,265.296,176.787,0.997,-1,-1,-1
147,10,1495.563,114.893,126.371,91.818,0.538,-1,-1,-1
148,8,94.160,204.951,268.025,178.694,0.998,-1,-1,-1
148,10,1488.970,116.608,126.627,91.695,0.594,-1,-1,-1
149,8,97.377,205.830,271.438,180.389,0.998,-1,-1,-1
149,10,1481.282,118.284,128.622,92.323,0.531,-1,-1,-1
150,8,99.578,206.630,278.310,182.035,0.998,-1,-1,-1
150,10,1475.802,119.669,129.134,91.685,0.726,-1,-1,-1
151,8,104.723,205.994,283.342,187.580,0.998,-1,-1,-1
151,10,1467.785,121.543,131.941,91.517,0.780,-1,-1,-1
152,8,112.257,206.137,284.868,190.006,0.998,-1,-1,-1
152,10,1462.642,122.279,131.672,92.650,0.853,-1,-1,-1
153,8,118.589,205.635,289.135,193.321,0.998,-1,-1,-1
153,10,1455.151,122.574,131.177,93.081,0.923,-1,-1,-1
154,8,127.273,206.604,289.955,194.180,0.999,-1,-1,-1
154,10,1447.148,124.407,132.786,93.758,0.911,-1,-1,-1
155,8,133.621,208.656,298.530,196.370,0.999,-1,-1,-1
155,10,1437.325,126.009,135.395,94.481,0.921,-1,-1,-1
156,8,137.598,208.526,308.088,198.656,0.999,-1,-1,-1
156,10,1427.703,126.566,134.612,94.817,0.908,-1,-1,-1
157,8,147.687,210.983,312.008,201.015,0.999,-1,-1,-1
157,10,1418.857,128.806,137.511,93.933,0.951,-1,-1,-1
158,8,160.517,211.955,314.197,203.581,0.999,-1,-1,-1
158,10,1411.268,129.851,138.490,95.640,0.956,-1,-1,-1
159,8,168.406,213.338,325.966,207.319,0.999,-1,-1,-1
159,10,1400.979,131.505,139.873,95.720,0.967,-1,-1,-1
160,8,177.444,215.462,338.058,207.545,0.999,-1,-1,-1
160,10,1391.293,132.094,142.531,96.804,0.954,-1,-1,-1
161,8,189.357,215.292,346.377,212.416,0.999,-1,-1,-1
161,10,1379.492,133.368,146.726,100.084,0.972,-1,-1,-1
162,8,203.048,219.428,357.073,214.582,0.999,-1,-1,-1
162,10,1370.688,133.626,146.532,100.414,0.974,-1,-1,-1
163,8,215.326,221.905,371.255,220.413,0.999,-1,-1,-1
163,10,1361.681,134.123,149.479,104.844,0.982,-1,-1,-1
164,8,233.603,225.929,383.354,223.262,0.999,-1,-1,-1
164,10,1351.206,136.242,152.615,103.998,0.987,-1,-1,-1
165,8,250.270,229.164,398.053,228.173,0.999,-1,-1,-1
165,10,1341.138,138.600,152.733,103.383,0.986,-1,-1,-1
166,8,265.949,231.211,415.273,235.972,0.999,-1,-1,-1
166,10,1331.355,139.706,152.929,104.604,0.986,-1,-1,-1
167,8,285.962,235.674,427.531,242.814,0.999,-1,-1,-1
167,10,1323.362,141.380,153.512,104.053,0.985,-1,-1,-1
168,8,309.484,239.265,443.937,248.530,0.999,-1,-1,-1
168,10,1312.597,141.951,160.649,106.734,0.989,-1,-1,-1
169,8,332.233,239.407,461.057,261.675,0.998,-1,-1,-1
169,10,1303.923,143.838,160.565,106.694,0.992,-1,-1,-1
170,8,357.380,243.853,482.650,267.406,0.998,-1,-1,-1
170,10,1294.104,146.137,162.367,107.030,0.993,-1,-1,-1
171,8,380.341,248.932,515.437,281.041,0.994,-1,-1,-1
171,10,1285.304,147.115,161.487,109.614,0.994,-1,-1,-1
172,8,407.429,255.607,534.289,295.649,0.994,-1,-1,-1
172,10,1275.521,148.083,162.704,111.167,0.994,-1,-1,-1
173,8,447.705,259.404,551.959,296.164,0.995,-1,-1,-1
173,10,1265.763,148.287,165.839,112.128,0.996,-1,-1,-1
174,8,481.377,268.160,588.510,320.635,0.993,-1,-1,-1
174,10,1253.656,149.116,171.924,114.453,0.995,-1,-1,-1
175,8,517.318,275.392,618.396,324.252,0.994,-1,-1,-1
175,10,1241.050,150.978,175.674,117.571,0.994,-1,-1,-1
176,8,553.282,283.940,654.834,344.841,0.991,-1,-1,-1
176,10,1231.806,152.349,178.844,118.753,0.995,-1,-1,-1
177,8,605.670,291.350,680.678,332.168,0.995,-1,-1,-1
177,10,1220.106,152.732,184.695,122.375,0.994,-1,-1,-1
178,8,656.743,299.366,712.785,362.648,0.995,-1,-1,-1
178,10,1209.124,154.707,190.130,122.822,0.996,-1,-1,-1
179,8,714.670,304.774,755.761,375.983,0.995,-1,-1,-1
179,10,1200.186,156.154,193.920,123.577,0.997,-1,-1,-1
180,8,789.029,314.603,781.316,382.260,0.995,-1,-1,-1
180,10,1189.681,158.257,195.809,124.316,0.997,-1,-1,-1
181,8,857.170,329.899,808.106,397.318,0.996,-1,-1,-1
181,10,1178.001,159.859,200.890,124.141,0.997,-1,-1,-1
182,8,940.979,344.682,822.723,435.610,0.991,-1,-1,-1
182,10,1169.897,162.477,201.573,124.918,0.997,-1,-1,-1
183,8,1049.857,361.532,832.250,426.234,0.983,-1,-1,-1
183,10,1159.788,163.286,204.262,127.133,0.997,-1,-1,-1
184,8,1154.299,378.139,765.223,437.160,0.930,-1,-1,-1
184,10,1151.076,165.089,204.832,126.131,0.998,-1,-1,-1
185,8,1252.895,403.491,665.288,436.716,0.870,-1,-1,-1
185,10,1139.798,167.599,208.483,126.129,0.999,-1,-1,-1
186,8,1372.663,427.706,543.321,426.487,0.597,-1,-1,-1
186,10,1128.234,169.114,213.708,126.294,0.999,-1,-1,-1
187,8,1454.904,448.594,464.096,426.487,0.597,-1,-1,-1
187,10,1120.211,170.579,211.707,127.151,0.999,-1,-1,-1
188,8,1537.472,472.254,381.528,426.487,0.597,-1,-1,-1
188,10,1110.176,171.147,216.749,128.135,0.999,-1,-1,-1
189,8,1605.914,491.584,313.086,426.487,0.597,-1,-1,-1
189,10,1103.396,172.243,216.352,128.739,0.999,-1,-1,-1
190,8,1664.638,505.923,254.362,426.487,0.597,-1,-1,-1
190,10,1098.559,173.948,215.320,129.071,0.999,-1,-1,-1
191,10,1088.957,174.982,222.491,129.779,0.999,-1,-1,-1
192,10,1082.391,175.699,223.400,130.676,0.999,-1,-1,-1
193,10,1076.387,176.476,224.444,130.494,0.999,-1,-1,-1
194,10,1070.722,176.944,226.827,131.793,0.998,-1,-1,-1
195,10,1065.763,177.637,228.590,132.022,0.999,-1,-1,-1
196,10,1061.189,177.987,229.880,131.830,0.999,-1,-1,-1
197,10,1057.135,178.137,230.129,132.372,0.999,-1,-1,-1
198,10,1052.971,177.421,230.694,133.748,0.999,-1,-1,-1
199,10,1049.375,178.240,232.176,133.310,0.999,-1,-1,-1
200,10,1045.278,178.427,233.419,135.185,0.999,-1,-1,-1
201,10,1042.778,180.095,234.944,133.415,0.999,-1,-1,-1
201,13,1586.815,407.402,332.421,235.356,0.524,-1,-1,-1
202,10,1040.684,180.694,235.747,133.304,0.999,-1,-1,-1
202,13,1567.898,404.841,350.815,235.936,0.578,-1,-1,-1
203,10,1039.534,181.649,235.144,132.281,0.999,-1,-1,-1
203,13,1545.646,397.339,372.935,235.462,0.704,-1,-1,-1
204,10,1038.884,181.750,234.205,132.457,0.999,-1,-1,-1
204,13,1515.973,389.315,402.352,235.411,0.778,-1,-1,-1
205,10,1038.013,181.696,235.368,132.966,0.999,-1,-1,-1
205,13,1492.778,382.599,425.195,234.981,0.920,-1,-1,-1
206,10,1037.339,181.978,235.904,132.891,0.999,-1,-1,-1
206,13,1464.226,381.800,451.482,229.253,0.963,-1,-1,-1
207,10,1037.757,181.948,235.577,133.049,0.999,-1,-1,-1
207,13,1434.999,379.667,463.201,223.821,0.978,-1,-1,-1
208,10,1038.961,182.098,234.640,132.719,0.999,-1,-1,-1
208,13,1396.880,375.054,472.206,220.024,0.990,-1,-1,-1
209,10,1038.993,181.866,234.838,132.912,0.999,-1,-1,-1
209,13,1360.499,369.534,478.153,217.716,0.993,-1,-1,-1
210,10,1039.588,181.818,235.131,133.025,0.999,-1,-1,-1
210,13,1324.623,360.066,473.803,218.208,0.995,-1,-1,-1
211,10,1040.414,181.728,235.037,133.134,0.998,-1,-1,-1
211,13,1285.331,346.519,469.568,220.339,0.996,-1,-1,-1
212,10,1041.083,181.794,235.076,133.245,0.998,-1,-1,-1
212,13,1246.733,339.529,475.400,220.168,0.996,-1,-1,-1
213,10,1041.409,181.986,235.217,133.266,0.998,-1,-1,-1
213,13,1200.661,332.969,478.553,222.623,0.994,-1,-1,-1
214,10,1042.023,182.168,235.173,133.385,0.998,-1,-1,-1
214,13,1154.109,325.598,476.188,218.355,0.996,-1,-1,-1
215,10,1042.329,182.254,234.683,133.727,0.996,-1,-1,-1
215,13,1109.909,318.522,458.757,213.409,0.996,-1,-1,-1
216,10,1042.254,182.022,235.644,134.132,0.994,-1,-1,-1
216,13,1069.581,310.641,454.120,212.919,0.995,-1,-1,-1
217,10,1041.977,181.615,236.325,135.047,0.993,-1,-1,-1
217,13,1031.393,304.530,443.117,210.118,0.996,-1,-1,-1
218,10,1038.244,182.713,237.860,135.553,0.998,-1,-1,-1
218,13,992.635,297.808,431.890,207.661,0.996,-1,-1,-1
219,10,1035.947,182.294,240.494,138.350,0.996,-1,-1,-1
219,13,952.395,290.747,421.104,199.030,0.997,-1,-1,-1
220,10,1037.305,182.405,238.848,136.909,0.993,-1,-1,-1
220,13,909.888,282.922,413.098,195.863,0.998,-1,-1,-1
221,10,1039.175,182.222,236.608,136.651,0.993,-1,-1,-1
221,13,873.476,276.185,397.349,190.663,0.998,-1,-1,-1
222,10,1037.325,182.554,237.758,136.438,0.995,-1,-1,-1
222,13,831.119,267.356,391.652,194.422,0.998,-1,-1,-1
223,10,1036.594,183.138,237.623,134.769,0.997,-1,-1,-1
223,13,796.135,263.091,384.352,189.043,0.999,-1,-1,-1
224,10,1036.749,183.181,232.970,132.177,0.997,-1,-1,-1
224,13,758.661,258.029,373.492,182.677,0.998,-1,-1,-1
225,10,1036.022,183.246,234.415,132.959,0.998,-1,-1,-1
225,13,715.021,254.532,364.757,178.872,0.998,-1,-1,-1
226,10,1034.403,184.155,235.434,132.899,0.998,-1,-1,-1
226,13,679.069,250.195,352.087,173.551,0.998,-1,-1,-1
227,10,1030.489,184.579,237.981,132.883,0.998,-1,-1,-1
227,13,647.548,244.508,338.885,173.210,0.999,-1,-1,-1
228,10,1026.721,185.961,238.908,132.408,0.999,-1,-1,-1
228,13,613.537,238.882,323.564,168.884,0.999,-1,-1,-1
229,10,1022.774,186.264,239.291,132.973,0.999,-1,-1,-1
229,13,581.807,231.560,313.522,166.144,0.999,-1,-1,-1
230,10,1017.160,187.380,239.721,133.792,0.999,-1,-1,-1
230,13,544.455,228.029,307.734,159.968,0.999,-1,-1,-1
231,10,1012.730,188.010,240.174,134.047,0.999,-1,-1,-1
231,13,515.831,225.541,293.631,151.709,0.999,-1,-1,-1
232,10,1005.682,187.653,241.742,134.736,0.999,-1,-1,-1
232,13,485.342,222.199,282.637,149.136,0.999,-1,-1,-1
233,10,997.070,188.574,244.392,135.174,0.999,-1,-1,-1
233,13,452.593,217.050,272.975,147.447,0.999,-1,-1,-1
234,10,989.287,190.869,245.864,134.495,0.999,-1,-1,-1
234,13,420.290,214.734,266.335,143.153,0.998,-1,-1,-1
235,10,980.386,191.773,249.242,136.480,0.999,-1,-1,-1
235,13,395.004,212.009,253.762,140.224,0.999,-1,-1,-1
236,10,971.486,194.189,252.887,137.096,0.999,-1,-1,-1
236,13,372.530,206.877,244.027,139.906,0.999,-1,-1,-1
237,10,960.092,195.457,256.072,137.038,0.999,-1,-1,-1
237,13,350.043,205.438,235.124,135.864,0.998,-1,-1,-1
238,10,944.294,195.557,258.982,141.736,0.999,-1,-1,-1
238,13,325.199,203.463,225.223,131.647,0.998,-1,-1,-1
239,10,929.130,198.425,263.729,141.901,0.999,-1,-1,-1
239,13,302.486,201.371,218.864,130.449,0.997,-1,-1,-1
240,10,915.678,201.401,264.699,142.376,0.999,-1,-1,-1
240,13,284.253,199.783,210.055,126.006,0.996,-1,-1,-1
241,10,898.359,204.131,271.694,143.180,0.999,-1,-1,-1
241,13,264.031,197.474,201.359,124.119,0.995,-1,-1,-1
242,10,880.730,205.850,276.439,146.785,0.999,-1,-1,-1
242,13,243.421,194.642,194.790,123.033,0.994,-1,-1,-1
243,10,863.740,208.806,282.049,148.350,0.987,-1,-1,-1
243,13,226.403,193.594,189.513,120.257,0.995,-1,-1,-1
244,10,842.140,211.842,288.151,149.932,0.999,-1,-1,-1
244,13,207.935,190.131,180.671,119.704,0.993,-1,-1,-1
245,10,819.405,212.454,294.386,154.804,0.999,-1,-1,-1
245,13,191.282,189.636,174.397,116.184,0.993,-1,-1,-1
246,10,796.080,213.263,304.472,162.890,0.999,-1,-1,-1
246,13,175.730,187.921,169.015,113.657,0.989,-1,-1,-1
247,10,773.951,216.364,306.010,165.914,0.999,-1,-1,-1
247,13,159.464,186.885,166.967,112.432,0.985,-1,-1,-1
248,10,746.079,218.879,313.529,168.383,0.999,-1,-1,-1
248,13,144.746,186.138,167.802,111.626,0.989,-1,-1,-1
249,10,710.790,225.360,324.293,170.751,0.999,-1,-1,-1
249,13,128.471,185.025,164.004,110.389,0.990,-1,-1,-1
250,10,687.619,233.752,326.556,171.431,0.999,-1,-1,-1
250,13,115.040,184.207,160.300,109.182,0.983,-1,-1,-1
251,10,656.861,241.647,330.193,170.367,0.999,-1,-1,-1
251,13,101.066,181.117,156.604,108.853,0.978,-1,-1,-1
252,10,622.643,244.603,341.596,176.054,0.999,-1,-1,-1
252,13,88.992,180.017,154.220,107.373,0.977,-1,-1,-1
253,10,581.739,246.813,353.855,186.781,0.999,-1,-1,-1
253,13,76.496,178.231,150.310,106.252,0.952,-1,-1,-1
254,10,541.227,254.106,368.381,191.861,0.999,-1,-1,-1
254,13,65.179,176.419,147.184,106.723,0.966,-1,-1,-1
255,10,500.715,260.387,378.302,199.638,0.999,-1,-1,-1
255,13,55.747,175.333,143.291,104.479,0.907,-1,-1,-1
256,10,459.668,267.178,386.901,202.146,0.999,-1,-1,-1
256,13,44.786,174.029,137.282,103.704,0.892,-1,-1,-1
257,10,409.529,277.223,399.021,208.190,0.999,-1,-1,-1
257,13,33.455,173.331,133.989,102.017,0.838,-1,-1,-1
258,10,356.097,286.689,411.046,217.822,0.999,-1,-1,-1
258,13,23.232,172.362,133.083,101.460,0.848,-1,-1,-1
259,10,302.816,297.198,418.070,220.721,0.999,-1,-1,-1
259,13,15.804,170.130,129.132,101.840,0.615,-1,-1,-1
260,10,249.847,307.255,429.498,232.286,0.999,-1,-1,-1
260,13,6.396,168.822,129.132,101.840,0.615,-1,-1,-1
