18,4,925.133,484.807,72.340,64.605,0.525,-1,-1,-1
19,4,925.128,484.856,72.340,64.605,0.525,-1,-1,-1
20,4,920.438,486.412,73.560,65.552,0.658,-1,-1,-1
21,4,917.255,487.098,73.815,67.199,0.723,-1,-1,-1
22,4,915.594,486.914,74.055,68.010,0.675,-1,-1,-1
23,4,911.750,487.508,76.189,68.494,0.775,-1,-1,-1
24,4,907.422,487.978,78.237,68.756,0.850,-1,-1,-1
25,4,904.227,487.541,78.964,69.539,0.899,-1,-1,-1
26,4,901.554,487.802,79.010,70.425,0.886,-1,-1,-1
27,4,898.866,488.760,79.499,69.589,0.861,-1,-1,-1
28,4,894.809,490.247,79.762,69.415,0.800,-1,-1,-1
29,4,891.500,490.333,81.562,69.704,0.882,-1,-1,-1
30,4,889.528,490.261,82.350,70.405,0.905,-1,-1,-1
31,4,883.585,492.909,85.205,70.705,0.948,-1,-1,-1
32,4,880.948,492.666,85.598,72.698,0.968,-1,-1,-1
33,4,876.056,494.177,86.616,73.540,0.974,-1,-1,-1
34,4,869.467,493.871,89.177,74.747,0.981,-1,-1,-1
35,4,864.315,494.056,88.488,74.450,0.978,-1,-1,-1
36,4,857.679,493.104,92.717,76.692,0.975,-1,-1,-1
37,4,852.013,495.175,92.748,77.066,0.979,-1,-1,-1
38,4,845.232,494.014,94.777,78.136,0.992,-1,-1,-1
39,4,837.681,495.665,97.079,77.614,0.993,-1,-1,-1
40,4,828.043,492.850,100.508,81.515,0.995,-1,-1,-1
41,4,820.818,490.869,105.289,84.341,0.995,-1,-1,-1
42,4,811.227,488.826,108.014,86.210,0.996,-1,-1,-1
43,4,802.600,486.401,111.575,91.719,0.987,-1,-1,-1
44,4,791.182,486.456,115.026,92.667,0.992,-1,-1,-1
45,4,779.360,487.517,120.348,92.548,0.993,-1,-1,-1
46,4,767.134,487.541,124.195,94.355,0.994,-1,-1,-1
47,4,751.711,486.951,130.588,92.494,0.995,-1,-1,-1
48,4,734.515,484.580,139.853,98.957,0.996,-1,-1,-1
49,4,718.021,483.963,142.629,99.292,0.997,-1,-1,-1
50,4,697.484,482.072,151.039,102.587,0.997,-1,-1,-1
51,4,678.457,479.222,152.719,105.163,0.998,-1,-1,-1
52,4,655.862,474.843,159.514,108.930,0.997,-1,-1,-1
53,4,632.511,471.764,167.398,111.413,0.998,-1,-1,-1
54,4,605.633,470.125,178.148,112.764,0.998,-1,-1,-1
55,4,576.144,464.760,190.585,118.427,0.998,-1,-1,-1
56,4,548.162,460.516,197.858,121.540,0.998,-1,-1,-1
57,4,510.721,456.442,211.377,123.840,0.999,-1,-1,-1
58,4,472.392,448.524,228.220,129.698,0.999,-1,-1,-1
59,4,432.237,442.065,241.583,134.226,0.998,-1,-1,-1
60,4,386.157,430.214,260.007,144.518,0.999,-1,-1,-1
61,4,331.268,420.605,278.125,152.751,0.999,-1,-1,-1
61,6,5.454,717.168,433.759,475.480,0.876,-1,-1,-1
62,4,275.332,411.224,296.252,160.657,0.999,-1,-1,-1
62,6,4.673,706.949,578.186,492.255,0.756,-1,-1,-1
63,4,212.673,401.619,315.798,167.067,0.999,-1,-1,-1
63,6,7.974,699.259,678.293,483.561,0.938,-1,-1,-1
64,4,134.790,392.001,338.644,169.286,0.999,-1,-1,-1
64,6,129.190,690.066,647.523,418.021,0.996,-1,-1,-1
65,4,59.537,382.745,351.304,172.324,0.999,-1,-1,-1
65,6,306.368,686.820,546.843,368.870,0.994,-1,-1,-1
66,4,1.441,371.012,346.400,175.258,0.996,-1,-1,-1
66,6,427.736,687.837,488.657,331.186,0.994,-1,-1,-1
67,4,2.348,356.982,290.830,185.473,0.964,-1,-1,-1
67,6,531.132,684.127,436.257,307.389,0.996,-1,-1,-1
68,4,1.680,343.290,221.638,192.143,0.799,-1,-1,-1
68,6,611.118,679.130,397.908,286.979,0.996,-1,-1,-1
69,4,0.000,333.253,166.169,192.143,0.799,-1,-1,-1
69,6,682.944,676.214,362.098,268.010,0.997,-1,-1,-1
70,4,0.000,322.834,102.849,192.143,0.799,-1,-1,-1
70,6,741.738,672.268,341.953,246.188,0.997,-1,-1,-1
71,4,0.000,314.460,51.635,192.143,0.799,-1,-1,-1
71,6,787.115,670.228,310.663,226.111,0.997,-1,-1,-1
72,4,0.000,307.872,5.796,192.143,0.799,-1,-1,-1
72,6,834.283,674.270,280.969,197.679,0.995,-1,-1,-1
73,6,873.082,669.801,260.346,183.087,0.997,-1,-1,-1
74,6,907.264,664.485,243.675,174.038,0.999,-1,-1,-1
75,6,936.273,664.533,224.422,164.713,0.999,-1,-1,-1
76,6,964.022,659.332,209.568,163.370,0.999,-1,-1,-1
77,6,992.249,657.350,188.784,151.211,0.999,-1,-1,-1
78,6,1012.467,654.792,178.576,148.285,0.999,-1,-1,-1
78,9,2.476,542.662,310.322,290.958,0.746,-1,-1,-1
79,6,1024.767,649.661,172.680,145.345,0.999,-1,-1,-1
79,9,4.028,548.797,421.684,284.517,0.910,-1,-1,-1
80,6,1039.698,651.055,159.296,132.914,0.998,-1,-1,-1
80,9,15.688,550.337,522.593,259.949,0.991,-1,-1,-1
81,6,1053.750,649.698,145.803,127.366,0.998,-1,-1,-1
81,9,157.072,553.211,465.169,241.410,0.999,-1,-1,-1
82,6,1062.977,648.951,139.665,121.110,0.998,-1,-1,-1
82,9,284.488,561.952,415.748,219.337,0.998,-1,-1,-1
83,6,1073.547,646.537,132.212,117.566,0.996,-1,-1,-1
83,9,386.195,567.757,376.835,204.417,0.997,-1,-1,-1
84,6,1082.329,645.358,122.750,115.475,0.936,-1,-1,-1
84,9,469.199,572.368,341.702,189.908,0.997,-1,-1,-1
85,6,1091.508,644.427,116.949,110.441,0.993,-1,-1,-1
85,9,543.174,575.816,311.586,178.442,0.998,-1,-1,-1
86,6,1095.278,641.911,112.555,105.787,0.989,-1,-1,-1
86,9,600.382,580.033,292.036,165.317,0.998,-1,-1,-1
87,6,1099.736,640.288,107.017,101.800,0.987,-1,-1,-1
87,9,658.720,583.686,259.381,154.682,0.998,-1,-1,-1
88,6,1101.587,636.674,105.798,98.958,0.988,-1,-1,-1
88,9,710.085,586.462,236.595,146.597,0.998,-1,-1,-1
89,6,1103.370,631.461,104.736,98.235,0.985,-1,-1,-1
89,9,748.404,589.748,215.120,137.731,0.998,-1,-1,-1
90,6,1105.568,627.525,104.004,97.527,0.983,-1,-1,-1
90,9,787.319,591.314,197.716,131.517,0.999,-1,-1,-1
91,6,1107.135,623.910,102.904,96.201,0.979,-1,-1,-1
91,9,816.394,591.172,187.391,128.285,0.999,-1,-1,-1
92,6,1106.901,620.636,101.791,93.169,0.979,-1,-1,-1
92,9,842.888,591.704,174.977,121.878,0.999,-1,-1,-1
93,6,1108.015,618.218,98.830,91.797,0.974,-1,-1,-1
93,9,867.943,590.441,162.744,118.554,0.998,-1,-1,-1
94,6,1107.023,615.526,96.996,90.589,0.973,-1,-1,-1
94,9,890.793,589.864,150.959,116.952,0.998,-1,-1,-1
95,6,1108.143,612.631,94.129,88.383,0.951,-1,-1,-1
95,9,909.483,588.398,146.866,113.430,0.997,-1,-1,-1
96,6,1108.891,608.648,92.904,88.031,0.963,-1,-1,-1
96,9,925.727,588.179,140.161,109.367,0.997,-1,-1,-1
97,6,1109.961,605.931,91.228,85.864,0.963,-1,-1,-1
97,9,940.762,587.275,131.236,104.933,0.997,-1,-1,-1
98,6,1109.554,601.678,91.694,88.060,0.968,-1,-1,-1
98,9,955.216,587.611,124.230,101.579,0.996,-1,-1,-1
99,6,1109.936,598.610,91.167,86.240,0.954,-1,-1,-1
99,9,968.400,587.198,116.174,96.860,0.995,-1,-1,-1
100,6,1110.803,597.428,89.553,84.754,0.956,-1,-1,-1
100,9,977.283,586.209,113.218,94.386,0.995,-1,-1,-1
101,6,1110.343,594.763,88.107,81.057,0.952,-1,-1,-1
101,9,986.743,585.515,107.612,90.964,0.994,-1,-1,-1
102,6,1108.566,592.265,88.837,80.885,0.944,-1,-1,-1
102,9,992.889,583.878,106.894,88.829,0.994,-1,-1,-1
103,6,1107.796,589.549,88.416,80.413,0.843,-1,-1,-1
103,9,998.934,580.346,104.376,87.389,0.995,-1,-1,-1
104,6,1105.073,586.533,89.349,78.749,0.888,-1,-1,-1
104,9,1004.618,578.733,101.702,85.846,0.994,-1,-1,-1
105,6,1103.026,584.379,88.987,77.600,0.856,-1,-1,-1
105,9,1011.032,578.132,97.725,82.610,0.991,-1,-1,-1
105,14,2.353,463.367,361.139,398.093,0.804,-1,-1,-1
106,6,1101.206,582.553,86.501,76.195,0.565,-1,-1,-1
106,9,1018.769,576.701,94.451,81.448,0.991,-1,-1,-1
106,14,3.404,469.796,463.504,389.814,0.898,-1,-1,-1
107,6,1099.497,580.113,86.501,76.195,0.565,-1,-1,-1
107,9,1021.141,575.298,94.094,81.634,0.991,-1,-1,-1
107,14,3.660,449.473,559.431,412.582,0.951,-1,-1,-1
108,6,1097.981,578.229,86.501,76.195,0.565,-1,-1,-1
108,9,1025.925,572.601,92.516,79.361,0.990,-1,-1,-1
108,14,12.049,416.382,628.492,426.347,0.995,-1,-1,-1
109,6,1096.914,577.068,86.501,76.195,0.565,-1,-1,-1
109,9,1032.160,570.357,92.981,80.169,0.980,-1,-1,-1
109,14,130.938,433.315,579.229,388.747,0.999,-1,-1,-1
110,6,1096.290,576.432,86.501,76.195,0.565,-1,-1,-1
110,9,1035.449,568.348,90.878,79.119,0.973,-1,-1,-1
110,14,252.085,449.886,510.028,356.616,0.999,-1,-1,-1
111,9,1039.152,565.043,88.546,77.830,0.958,-1,-1,-1
111,14,348.961,463.857,458.481,331.277,0.999,-1,-1,-1
112,9,1042.446,563.096,87.381,76.367,0.896,-1,-1,-1
112,14,427.770,478.781,423.583,306.086,0.999,-1,-1,-1
113,9,1044.030,561.634,86.753,75.321,0.876,-1,-1,-1
113,14,493.641,489.086,388.514,289.575,0.998,-1,-1,-1
114,9,1046.524,560.502,84.952,74.282,0.767,-1,-1,-1
114,14,555.859,497.886,366.463,275.343,0.999,-1,-1,-1
115,9,1048.081,559.338,83.610,73.736,0.550,-1,-1,-1
115,14,610.995,503.922,336.446,262.200,0.999,-1,-1,-1
116,9,1049.607,557.083,83.573,73.696,0.504,-1,-1,-1
116,14,658.249,506.294,321.402,249.757,0.998,-1,-1,-1
117,9,1050.653,555.619,83.573,73.696,0.504,-1,-1,-1
117,14,699.773,511.742,295.136,236.118,0.999,-1,-1,-1
118,9,1051.435,554.551,83.573,73.696,0.504,-1,-1,-1
118,14,737.032,517.898,274.713,223.410,0.998,-1,-1,-1
119,9,1051.900,553.794,83.573,73.696,0.504,-1,-1,-1
119,14,773.878,523.370,248.195,209.937,0.998,-1,-1,-1
120,9,1052.182,553.332,83.573,73.696,0.504,-1,-1,-1
120,14,799.285,527.420,242.292,202.102,0.999,-1,-1,-1
121,14,826.934,530.352,226.835,193.496,0.999,-1,-1,-1
122,14,852.067,538.106,214.645,182.307,0.999,-1,-1,-1
123,14,876.692,541.208,201.911,177.228,0.999,-1,-1,-1
124,14,896.105,548.180,190.166,168.301,0.999,-1,-1,-1
125,14,914.042,551.010,180.807,161.701,0.999,-1,-1,-1
126,14,929.854,552.985,168.682,154.750,0.999,-1,-1,-1
127,14,944.886,554.864,160.557,147.575,0.998,-1,-1,-1
128,14,957.008,554.367,158.494,144.257,0.998,-1,-1,-1
129,14,971.010,556.882,150.438,142.581,0.997,-1,-1,-1
129,15,872.874,492.938,81.429,67.792,0.580,-1,-1,-1
130,14,978.712,556.857,146.913,138.248,0.998,-1,-1,-1
130,15,867.333,492.206,83.472,69.336,0.686,-1,-1,-1
131,14,987.966,555.724,140.452,134.003,0.997,-1,-1,-1
131,15,861.220,492.292,85.495,70.288,0.678,-1,-1,-1
132,14,999.355,555.190,131.040,132.197,0.997,-1,-1,-1
132,15,855.953,495.218,85.623,70.560,0.688,-1,-1,-1
133,14,1006.342,553.566,127.066,129.657,0.995,-1,-1,-1
133,15,851.052,495.654,86.969,71.885,0.882,-1,-1,-1
134,14,1012.416,551.710,122.524,126.599,0.995,-1,-1,-1
134,15,843.536,496.098,90.033,72.299,0.943,-1,-1,-1
135,14,1018.460,555.645,115.497,115.446,0.993,-1,-1,-1
135,15,834.432,495.480,93.675,75.353,0.979,-1,-1,-1
136,14,1023.374,554.743,110.657,112.588,0.990,-1,-1,-1
136,15,825.796,496.258,96.711,76.550,0.986,-1,-1,-1
137,14,1028.781,555.627,107.968,109.760,0.991,-1,-1,-1
137,15,819.568,496.943,95.966,76.497,0.986,-1,-1,-1
138,14,1032.985,555.409,103.377,104.832,0.990,-1,-1,-1
138,15,808.113,496.897,99.996,77.801,0.983,-1,-1,-1
139,14,1034.574,553.860,101.896,104.218,0.987,-1,-1,-1
139,15,797.982,494.492,105.398,81.190,0.986,-1,-1,-1
140,14,1037.049,555.030,99.652,100.441,0.985,-1,-1,-1
140,15,787.131,494.219,107.621,82.465,0.990,-1,-1,-1
141,14,1038.431,555.004,97.843,98.577,0.985,-1,-1,-1
141,15,776.305,494.371,111.715,84.229,0.991,-1,-1,-1
142,14,1040.424,551.886,95.575,98.311,0.987,-1,-1,-1
142,15,761.394,494.027,116.534,86.539,0.993,-1,-1,-1
143,14,1042.883,553.621,93.575,93.986,0.983,-1,-1,-1
143,15,744.102,493.502,123.960,87.798,0.994,-1,-1,-1
144,14,1044.825,552.723,91.609,90.906,0.984,-1,-1,-1
144,15,725.097,490.883,132.743,90.619,0.995,-1,-1,-1
145,14,1046.177,550.676,90.619,89.001,0.962,-1,-1,-1
145,15,706.273,487.366,137.677,95.210,0.996,-1,-1,-1
146,14,1046.759,549.003,89.655,88.442,0.975,-1,-1,-1
146,15,684.351,486.347,143.954,96.149,0.997,-1,-1,-1
147,14,1046.705,547.592,89.107,87.801,0.984,-1,-1,-1
147,15,660.518,484.577,152.729,97.704,0.996,-1,-1,-1
148,14,1047.827,545.841,87.859,86.543,0.982,-1,-1,-1
148,15,633.394,482.498,161.370,99.389,0.997,-1,-1,-1
149,14,1048.303,542.009,86.753,87.012,0.985,-1,-1,-1
149,15,606.114,478.166,170.274,102.796,0.997,-1,-1,-1
150,14,1048.068,540.032,85.673,85.276,0.985,-1,-1,-1
150,15,574.327,475.629,184.939,105.735,0.997,-1,-1,-1
151,14,1049.067,537.246,85.149,85.947,0.983,-1,-1,-1
151,15,542.615,471.621,191.574,107.614,0.998,-1,-1,-1
152,14,1049.983,537.941,84.852,83.843,0.983,-1,-1,-1
152,15,502.363,468.170,207.183,111.261,0.998,-1,-1,-1
153,14,1049.930,536.272,83.570,81.979,0.976,-1,-1,-1
153,15,463.099,462.546,216.689,113.648,0.999,-1,-1,-1
154,14,1049.204,535.412,82.109,79.497,0.972,-1,-1,-1
154,15,412.741,451.389,235.095,119.417,0.999,-1,-1,-1
155,14,1049.000,533.614,82.552,79.514,0.975,-1,-1,-1
155,15,357.269,443.233,254.533,125.231,0.999,-1,-1,-1
156,14,1048.211,529.621,83.148,80.206,0.975,-1,-1,-1
156,15,295.425,432.681,274.348,132.169,0.998,-1,-1,-1
157,14,1048.593,529.279,83.743,80.841,0.978,-1,-1,-1
157,15,230.346,424.638,295.342,135.988,0.999,-1,-1,-1
158,14,1049.391,527.879,83.151,80.032,0.969,-1,-1,-1
158,15,152.158,409.755,316.340,144.729,0.999,-1,-1,-1
159,14,1050.166,524.121,83.698,81.563,0.970,-1,-1,-1
159,15,69.965,396.733,334.132,150.095,0.999,-1,-1,-1
160,14,1049.815,522.237,82.819,80.743,0.974,-1,-1,-1
160,15,1.428,381.348,334.067,156.067,0.997,-1,-1,-1
161,14,1050.609,521.297,81.194,80.434,0.975,-1,-1,-1
161,15,2.539,373.840,271.824,160.885,0.982,-1,-1,-1
162,14,1050.538,519.825,80.156,78.807,0.976,-1,-1,-1
162,15,1.242,359.038,202.248,167.213,0.775,-1,-1,-1
163,14,1048.674,518.456,82.652,78.687,0.968,-1,-1,-1
163,15,1.145,351.800,113.295,171.305,0.565,-1,-1,-1
164,14,1050.198,516.421,80.101,79.477,0.979,-1,-1,-1
164,15,0.000,344.951,78.581,171.305,0.565,-1,-1,-1
165,14,1050.389,516.348,79.385,78.119,0.960,-1,-1,-1
165,15,0.000,340.579,56.441,171.305,0.565,-1,-1,-1
166,14,1051.907,515.092,78.317,77.523,0.952,-1,-1,-1
166,15,0.000,337.232,40.307,171.305,0.565,-1,-1,-1
167,14,1051.660,514.032,78.530,77.222,0.938,-1,-1,-1
167,15,0.000,336.211,31.391,171.305,0.565,-1,-1,-1
167,21,41.614,724.755,712.882,469.296,0.992,-1,-1,-1
168,14,1051.520,512.101,77.375,77.451,0.935,-1,-1,-1
168,21,236.921,710.592,595.645,418.983,0.995,-1,-1,-1
169,14,1050.284,513.172,77.276,75.930,0.886,-1,-1,-1
169,21,389.002,703.849,504.245,360.745,0.994,-1,-1,-1
170,14,1050.829,513.665,75.515,73.934,0.835,-1,-1,-1
170,21,489.258,700.314,462.791,327.115,0.993,-1,-1,-1
171,14,1049.965,512.555,75.430,73.655,0.808,-1,-1,-1
171,21,576.257,696.186,417.313,301.146,0.994,-1,-1,-1
172,14,1049.040,510.300,76.085,73.583,0.784,-1,-1,-1
172,21,651.034,689.488,385.364,289.578,0.992,-1,-1,-1
173,14,1047.939,509.180,75.858,73.159,0.801,-1,-1,-1
173,21,721.609,682.556,346.370,267.462,0.994,-1,-1,-1
174,14,1047.291,509.521,75.137,71.922,0.778,-1,-1,-1
174,21,771.002,680.232,319.006,247.193,0.994,-1,-1,-1
175,14,1046.544,508.460,75.137,71.922,0.778,-1,-1,-1
175,21,812.778,674.354,295.151,230.881,0.996,-1,-1,-1
175,22,996.599,503.197,73.234,67.520,0.721,-1,-1,-1
176,14,1045.976,507.606,75.137,71.922,0.778,-1,-1,-1
176,21,852.194,673.861,273.381,201.066,0.994,-1,-1,-1
176,22,990.501,502.809,73.429,67.334,0.789,-1,-1,-1
177,14,1045.527,507.166,75.137,71.922,0.778,-1,-1,-1
177,21,889.933,672.761,251.489,180.783,0.997,-1,-1,-1
177,22,985.001,502.536,75.410,67.378,0.870,-1,-1,-1
178,14,1045.322,506.908,75.137,71.922,0.778,-1,-1,-1
178,21,918.362,667.497,235.762,172.252,0.998,-1,-1,-1
178,22,982.485,503.277,75.535,67.537,0.884,-1,-1,-1
179,21,944.163,663.773,220.368,167.502,0.999,-1,-1,-1
179,22,981.145,504.352,74.320,66.664,0.797,-1,-1,-1
180,21,971.473,659.864,201.683,161.598,0.999,-1,-1,-1
180,22,979.342,504.462,74.134,67.442,0.803,-1,-1,-1
181,21,995.254,658.298,186.870,152.178,0.999,-1,-1,-1
181,22,975.620,504.575,76.188,69.111,0.910,-1,-1,-1
182,21,1015.842,654.993,174.023,145.432,0.999,-1,-1,-1
182,22,974.807,505.170,77.000,70.083,0.897,-1,-1,-1
183,21,1030.919,653.296,164.087,136.624,0.998,-1,-1,-1
183,22,972.410,505.192,78.739,70.698,0.931,-1,-1,-1
184,21,1045.318,652.366,149.256,129.113,0.998,-1,-1,-1
184,22,969.337,506.802,80.186,70.570,0.924,-1,-1,-1
185,21,1059.853,650.590,141.574,127.152,0.984,-1,-1,-1
185,22,966.163,507.691,81.161,70.641,0.944,-1,-1,-1
186,21,1068.907,649.729,136.350,119.865,0.998,-1,-1,-1
186,22,961.419,508.839,83.179,70.632,0.935,-1,-1,-1
187,21,1076.067,647.302,130.384,117.624,0.997,-1,-1,-1
187,22,959.309,509.929,82.087,70.943,0.940,-1,-1,-1
188,21,1083.564,645.928,122.777,113.165,0.996,-1,-1,-1
188,22,955.143,511.874,82.792,71.799,0.941,-1,-1,-1
189,21,1091.938,644.812,117.078,107.032,0.995,-1,-1,-1
189,22,951.986,512.794,84.231,73.785,0.965,-1,-1,-1
190,21,1097.330,641.632,114.246,103.010,0.993,-1,-1,-1
190,22,947.511,514.586,85.546,74.391,0.974,-1,-1,-1
191,21,1100.206,639.349,110.387,100.508,0.993,-1,-1,-1
191,22,943.548,516.296,86.663,76.224,0.978,-1,-1,-1
192,21,1105.613,635.081,104.393,98.755,0.994,-1,-1,-1
192,22,939.399,517.814,87.975,77.522,0.976,-1,-1,-1
193,21,1109.201,632.268,102.833,97.838,0.993,-1,-1,-1
193,22,935.660,520.634,89.289,77.783,0.964,-1,-1,-1
194,21,1112.417,629.859,100.805,94.446,0.993,-1,-1,-1
194,22,930.191,523.847,91.367,78.778,0.966,-1,-1,-1
195,21,1114.496,625.783,100.620,92.915,0.992,-1,-1,-1
195,22,921.746,526.863,93.248,78.202,0.973,-1,-1,-1
196,21,1115.887,622.967,99.626,91.790,0.990,-1,-1,-1
196,22,915.305,527.715,95.361,80.378,0.978,-1,-1,-1
197,21,1116.728,620.162,99.873,90.027,0.985,-1,-1,-1
197,22,908.583,530.040,97.218,81.875,0.983,-1,-1,-1
198,21,1119.463,617.610,95.728,86.489,0.983,-1,-1,-1
198,22,901.464,530.157,99.917,84.528,0.987,-1,-1,-1
199,21,1118.117,615.106,96.404,85.020,0.982,-1,-1,-1
199,22,889.609,531.634,103.377,87.188,0.994,-1,-1,-1
200,21,1120.102,612.371,92.509,83.429,0.978,-1,-1,-1
200,22,881.169,532.725,106.551,88.507,0.995,-1,-1,-1
201,21,1119.659,609.418,92.028,82.635,0.977,-1,-1,-1
201,22,868.870,532.288,111.874,92.021,0.996,-1,-1,-1
202,21,1119.524,605.918,89.647,82.396,0.973,-1,-1,-1
202,22,856.433,535.133,115.822,91.770,0.997,-1,-1,-1
203,21,1119.283,603.945,87.007,83.491,0.971,-1,-1,-1
203,22,841.941,535.874,121.785,91.735,0.997,-1,-1,-1
204,21,1119.053,601.956,86.529,80.785,0.959,-1,-1,-1
204,22,824.970,531.999,130.464,97.122,0.996,-1,-1,-1
205,21,1119.269,600.487,84.811,78.830,0.956,-1,-1,-1
205,22,806.117,527.221,138.589,103.250,0.996,-1,-1,-1
206,21,1116.854,597.495,83.471,78.594,0.831,-1,-1,-1
206,22,785.464,527.796,147.390,106.214,0.996,-1,-1,-1
207,21,1115.631,594.034,84.266,77.361,0.969,-1,-1,-1
207,22,759.910,528.290,155.867,107.120,0.993,-1,-1,-1
208,21,1115.295,591.991,84.783,76.638,0.918,-1,-1,-1
208,22,730.173,524.584,170.934,112.194,0.995,-1,-1,-1
209,21,1114.242,590.440,83.963,75.694,0.623,-1,-1,-1
209,22,697.913,521.963,180.264,114.584,0.997,-1,-1,-1
210,21,1113.147,588.095,83.963,75.694,0.623,-1,-1,-1
210,22,663.015,519.084,195.994,118.934,0.998,-1,-1,-1
211,21,1112.667,586.367,83.963,75.694,0.623,-1,-1,-1
211,22,617.721,517.670,218.548,122.137,0.999,-1,-1,-1
211,24,788.535,494.642,106.473,82.011,0.559,-1,-1,-1
212,21,1112.350,585.448,83.963,75.694,0.623,-1,-1,-1
212,22,567.238,512.277,242.389,129.995,0.998,-1,-1,-1
212,24,780.006,494.858,111.117,86.028,0.743,-1,-1,-1
213,21,1112.042,585.002,83.963,75.694,0.623,-1,-1,-1
213,22,513.711,508.580,261.947,137.559,0.999,-1,-1,-1
213,24,771.807,494.441,113.110,86.865,0.924,-1,-1,-1
214,22,454.545,500.129,285.503,147.727,0.999,-1,-1,-1
214,24,758.875,494.671,117.423,86.992,0.947,-1,-1,-1
215,22,385.852,490.738,314.103,157.714,0.999,-1,-1,-1
215,24,746.517,493.209,122.053,88.955,0.957,-1,-1,-1
216,22,300.012,480.694,345.984,167.635,0.999,-1,-1,-1
216,24,732.121,491.382,129.125,91.158,0.987,-1,-1,-1
217,22,197.239,468.166,384.704,180.682,0.999,-1,-1,-1
217,24,713.921,489.298,138.495,92.370,0.988,-1,-1,-1
218,22,83.686,455.352,421.370,188.534,0.999,-1,-1,-1
218,24,697.392,486.177,146.008,98.363,0.992,-1,-1,-1
219,22,2.483,440.304,409.500,200.382,0.989,-1,-1,-1
219,24,680.540,485.903,148.727,97.718,0.995,-1,-1,-1
220,22,0.758,432.298,325.683,209.896,0.870,-1,-1,-1
220,24,660.591,484.278,156.066,98.515,0.994,-1,-1,-1
221,22,1.536,418.337,232.317,219.648,0.550,-1,-1,-1
221,24,641.102,483.787,162.714,99.406,0.997,-1,-1,-1
222,22,0.000,411.063,150.578,219.648,0.550,-1,-1,-1
222,24,618.209,482.307,170.485,99.891,0.997,-1,-1,-1
223,22,0.000,405.576,86.342,219.648,0.550,-1,-1,-1
223,24,596.505,479.306,176.111,101.689,0.997,-1,-1,-1
224,22,0.000,401.905,39.535,219.648,0.550,-1,-1,-1
224,24,568.483,475.380,194.208,107.536,0.998,-1,-1,-1
225,22,0.000,398.886,1.456,219.648,0.550,-1,-1,-1
225,24,545.164,473.119,195.970,107.800,0.998,-1,-1,-1
226,24,512.086,470.189,208.556,108.795,0.998,-1,-1,-1
227,24,481.800,467.962,219.751,111.256,0.998,-1,-1,-1
228,24,447.358,463.244,228.478,113.376,0.999,-1,-1,-1
229,24,406.659,455.978,246.004,117.737,0.999,-1,-1,-1
230,24,361.098,447.531,264.078,124.186,0.999,-1,-1,-1
231,24,312.311,440.611,277.831,127.249,0.999,-1,-1,-1
232,24,261.559,434.100,297.579,130.142,0.998,-1,-1,-1
233,24,203.564,427.373,318.849,134.886,0.999,-1,-1,-1
234,24,135.659,416.519,339.062,140.942,0.999,-1,-1,-1
235,24,66.590,402.344,355.799,149.898,0.999,-1,-1,-1
236,24,6.169,390.208,360.764,154.493,0.998,-1,-1,-1
237,24,1.351,380.591,313.632,159.915,0.988,-1,-1,-1
238,24,2.404,373.675,263.228,163.421,0.964,-1,-1,-1
239,24,1.280,365.005,204.429,163.345,0.860,-1,-1,-1
240,24,0.000,356.966,161.770,163.345,0.860,-1,-1,-1
241,24,0.000,350.881,129.392,163.345,0.860,-1,-1,-1
242,24,0.000,346.181,102.690,163.345,0.860,-1,-1,-1
243,24,0.000,342.512,80.820,163.345,0.860,-1,-1,-1
256,29,986.287,498.686,70.983,63.306,0.503,-1,-1,-1
257,29,986.257,499.891,71.745,62.980,0.636,-1,-1,-1
258,29,986.211,499.993,71.276,63.318,0.686,-1,-1,-1
259,29,985.345,501.010,71.260,64.175,0.804,-1,-1,-1
260,29,984.264,501.291,72.585,64.915,0.885,-1,-1,-1
261,29,983.726,500.560,71.964,65.548,0.911,-1,-1,-1
262,29,983.228,502.328,71.527,65.468,0.901,-1,-1,-1
263,29,983.304,504.188,71.132,65.184,0.900,-1,-1,-1
264,29,981.534,505.629,72.254,65.188,0.924,-1,-1,-1
265,29,980.244,506.421,72.520,65.698,0.937,-1,-1,-1
266,29,977.748,507.302,73.267,65.887,0.928,-1,-1,-1
267,29,975.809,508.276,74.685,67.007,0.935,-1,-1,-1
268,29,974.884,508.351,75.331,67.502,0.942,-1,-1,-1
269,29,972.867,509.105,76.345,67.760,0.943,-1,-1,-1
270,29,971.979,510.297,76.500,68.311,0.945,-1,-1,-1
271,29,969.662,511.142,77.595,68.816,0.927,-1,-1,-1
272,29,967.361,512.469,79.971,68.655,0.935,-1,-1,-1
273,29,964.402,512.258,80.891,69.504,0.932,-1,-1,-1
273,32,3.579,715.607,358.000,437.447,0.911,-1,-1,-1
274,29,961.854,513.855,81.633,69.523,0.921,-1,-1,-1
274,32,6.625,655.412,538.391,484.666,0.888,-1,-1,-1
275,29,961.594,515.991,80.089,70.775,0.915,-1,-1,-1
275,32,7.425,658.428,669.010,521.027,0.922,-1,-1,-1
276,29,959.935,517.864,80.180,71.663,0.933,-1,-1,-1
276,32,34.086,648.867,744.730,458.969,0.912,-1,-1,-1
277,29,957.084,519.282,81.055,73.011,0.940,-1,-1,-1
277,32,183.309,646.350,679.856,397.009,0.993,-1,-1,-1
278,29,953.826,521.063,82.138,72.896,0.946,-1,-1,-1
278,32,362.285,645.774,557.113,353.549,0.995,-1,-1,-1
279,29,951.308,521.931,83.051,74.455,0.953,-1,-1,-1
279,32,486.559,646.324,486.861,329.312,0.990,-1,-1,-1
280,29,948.538,522.683,84.012,75.171,0.954,-1,-1,-1
280,32,581.361,643.016,429.061,297.823,0.993,-1,-1,-1
281,29,946.059,524.271,84.060,75.387,0.950,-1,-1,-1
281,32,671.454,642.679,376.062,272.831,0.990,-1,-1,-1
282,29,940.280,525.354,87.608,75.982,0.927,-1,-1,-1
282,32,738.464,640.911,339.991,247.053,0.995,-1,-1,-1
283,29,935.036,526.776,90.616,76.815,0.935,-1,-1,-1
283,32,792.173,637.139,310.866,234.976,0.991,-1,-1,-1
284,29,931.668,529.253,91.954,76.977,0.945,-1,-1,-1
284,32,838.480,633.957,283.425,210.509,0.992,-1,-1,-1
285,29,928.107,530.779,93.511,78.149,0.943,-1,-1,-1
285,32,877.570,631.598,261.064,194.203,0.996,-1,-1,-1
286,29,922.489,533.248,95.210,79.134,0.959,-1,-1,-1
286,32,915.519,628.432,235.731,189.482,0.996,-1,-1,-1
287,29,916.450,533.622,95.208,80.275,0.970,-1,-1,-1
287,32,942.588,627.456,218.354,173.248,0.997,-1,-1,-1
288,29,909.131,535.281,97.250,82.000,0.966,-1,-1,-1
288,32,966.682,624.963,202.364,164.208,0.996,-1,-1,-1
289,29,902.328,533.953,101.172,86.079,0.972,-1,-1,-1
289,32,997.367,625.884,178.984,151.851,0.996,-1,-1,-1
290,29,891.403,535.361,105.567,89.287,0.981,-1,-1,-1
290,32,1018.760,625.355,167.437,146.425,0.998,-1,-1,-1
291,29,880.622,537.055,110.003,90.500,0.968,-1,-1,-1
291,32,1033.082,624.220,155.239,141.081,0.996,-1,-1,-1
292,29,870.537,535.993,113.898,94.659,0.987,-1,-1,-1
292,32,1045.631,625.007,148.021,133.339,0.995,-1,-1,-1
293,29,858.095,535.308,118.987,96.933,0.988,-1,-1,-1
293,32,1058.654,622.060,136.146,125.214,0.984,-1,-1,-1
294,29,845.022,535.591,122.907,97.370,0.990,-1,-1,-1
294,32,1068.072,621.037,127.511,121.427,0.970,-1,-1,-1
295,29,830.364,535.046,128.681,100.018,0.991,-1,-1,-1
295,32,1073.179,618.558,125.604,117.778,0.958,-1,-1,-1
296,29,810.478,534.478,142.789,103.059,0.993,-1,-1,-1
296,32,1080.111,614.567,122.302,114.250,0.949,-1,-1,-1
297,29,790.538,533.981,153.279,106.361,0.990,-1,-1,-1
297,32,1086.110,611.766,117.737,107.039,0.982,-1,-1,-1
298,29,773.173,532.660,159.147,107.886,0.994,-1,-1,-1
298,32,1088.759,608.281,115.293,106.009,0.981,-1,-1,-1
299,29,748.150,532.008,167.104,109.146,0.988,-1,-1,-1
299,32,1092.074,604.955,112.153,103.531,0.984,-1,-1,-1
300,29,725.589,529.677,173.892,111.024,0.994,-1,-1,-1
300,32,1094.561,603.307,108.546,99.716,0.983,-1,-1,-1
301,29,692.458,526.189,187.690,115.590,0.992,-1,-1,-1
301,32,1095.261,600.121,107.471,99.008,0.968,-1,-1,-1
302,29,660.799,523.542,202.839,118.744,0.997,-1,-1,-1
302,32,1098.004,598.216,101.973,95.810,0.982,-1,-1,-1
303,29,620.215,521.321,222.383,122.673,0.997,-1,-1,-1
303,32,1097.164,594.374,101.830,97.993,0.966,-1,-1,-1
304,29,576.327,516.609,242.802,128.813,0.993,-1,-1,-1
304,32,1099.312,592.159,98.857,94.645,0.963,-1,-1,-1
305,29,531.898,506.775,260.173,138.088,0.992,-1,-1,-1
305,32,1101.667,589.845,93.981,91.002,0.958,-1,-1,-1
305,34,878.833,499.807,81.813,67.332,0.552,-1,-1,-1
306,29,484.829,482.285,278.706,163.585,0.993,-1,-1,-1
306,32,1097.509,586.126,95.968,87.945,0.950,-1,-1,-1
306,34,873.854,501.059,83.054,67.440,0.714,-1,-1,-1
307,29,428.776,476.438,299.282,169.695,0.998,-1,-1,-1
307,32,1096.984,582.778,95.248,87.889,0.964,-1,-1,-1
307,34,868.417,501.460,81.689,68.054,0.708,-1,-1,-1
308,29,367.678,480.510,323.015,164.776,0.999,-1,-1,-1
308,32,1097.290,578.354,92.724,87.295,0.947,-1,-1,-1
308,34,861.765,500.617,85.234,69.479,0.745,-1,-1,-1
309,29,290.671,466.244,350.190,177.757,0.998,-1,-1,-1
309,32,1095.686,575.664,92.629,85.240,0.940,-1,-1,-1
309,34,855.161,500.504,88.586,70.351,0.902,-1,-1,-1
310,29,201.417,445.758,390.603,196.361,0.996,-1,-1,-1
310,32,1096.874,572.030,90.677,85.897,0.873,-1,-1,-1
310,34,851.207,500.723,86.818,71.640,0.912,-1,-1,-1
311,29,108.722,417.503,442.995,216.878,0.969,-1,-1,-1
311,32,1099.061,572.466,87.150,82.055,0.635,-1,-1,-1
311,34,843.906,502.350,87.964,71.263,0.855,-1,-1,-1
312,29,10.227,402.132,494.256,226.857,0.988,-1,-1,-1
312,32,1098.663,569.826,87.150,82.055,0.635,-1,-1,-1
312,34,834.890,501.823,90.198,72.050,0.920,-1,-1,-1
313,29,2.775,428.447,372.491,206.416,0.501,-1,-1,-1
313,32,1098.453,568.147,87.150,82.055,0.635,-1,-1,-1
313,34,826.532,500.464,92.012,74.693,0.961,-1,-1,-1
314,29,2.354,390.234,388.975,230.985,0.559,-1,-1,-1
314,32,1098.572,567.224,87.150,82.055,0.635,-1,-1,-1
314,34,817.930,499.128,95.728,76.595,0.964,-1,-1,-1
315,29,1.969,370.746,331.945,187.687,0.668,-1,-1,-1
315,32,1098.644,566.967,87.150,82.055,0.635,-1,-1,-1
315,34,804.624,497.465,102.474,79.465,0.985,-1,-1,-1
316,29,2.983,346.762,275.873,193.166,0.843,-1,-1,-1
316,34,797.782,495.640,103.403,82.874,0.986,-1,-1,-1
317,29,1.920,324.952,206.551,200.646,0.615,-1,-1,-1
317,34,786.259,493.966,107.612,84.631,0.989,-1,-1,-1
318,29,0.000,301.038,172.486,200.646,0.615,-1,-1,-1
318,34,773.223,494.385,114.231,84.741,0.986,-1,-1,-1
319,29,4.735,288.027,184.496,120.924,0.518,-1,-1,-1
319,34,758.792,493.399,120.700,87.320,0.992,-1,-1,-1
320,29,4.478,287.949,184.765,120.459,0.686,-1,-1,-1
320,34,745.075,492.148,121.542,89.545,0.992,-1,-1,-1
321,29,4.554,287.937,184.904,120.418,0.714,-1,-1,-1
321,34,727.655,491.740,128.548,88.707,0.993,-1,-1,-1
322,29,4.578,287.965,184.855,120.430,0.695,-1,-1,-1
322,34,709.049,489.905,136.449,89.247,0.995,-1,-1,-1
323,29,4.872,288.239,185.740,120.823,0.786,-1,-1,-1
323,34,689.298,487.929,142.203,91.908,0.996,-1,-1,-1
324,29,4.892,288.159,185.748,120.871,0.774,-1,-1,-1
324,34,669.251,486.897,148.335,92.346,0.994,-1,-1,-1
324,36,915.164,481.656,73.737,65.578,0.528,-1,-1,-1
325,29,4.865,287.893,185.404,121.548,0.684,-1,-1,-1
325,34,649.895,483.517,153.704,94.215,0.996,-1,-1,-1
325,36,915.165,481.759,73.737,65.578,0.528,-1,-1,-1
326,29,4.908,288.017,185.307,121.493,0.678,-1,-1,-1
326,34,624.824,483.036,160.916,93.274,0.998,-1,-1,-1
326,36,915.163,481.840,73.737,65.578,0.528,-1,-1,-1
327,29,4.836,288.085,185.358,121.435,0.671,-1,-1,-1
327,34,600.899,481.085,163.686,94.212,0.997,-1,-1,-1
327,36,904.939,481.636,75.778,66.837,0.549,-1,-1,-1
328,29,4.759,288.320,185.605,121.316,0.671,-1,-1,-1
328,34,570.811,475.701,181.151,101.401,0.998,-1,-1,-1
328,36,902.635,481.787,75.778,66.837,0.549,-1,-1,-1
329,29,4.711,288.444,185.626,121.337,0.650,-1,-1,-1
329,34,542.668,471.707,185.264,104.374,0.998,-1,-1,-1
329,36,898.719,481.700,77.001,69.636,0.576,-1,-1,-1
330,29,4.721,288.087,185.777,121.650,0.645,-1,-1,-1
330,34,509.278,468.987,193.232,105.697,0.998,-1,-1,-1
330,36,896.679,480.584,78.847,71.456,0.793,-1,-1,-1
331,29,4.881,288.049,185.901,121.642,0.658,-1,-1,-1
331,34,472.561,466.362,206.541,109.158,0.999,-1,-1,-1
331,36,894.180,481.569,78.861,71.618,0.815,-1,-1,-1
332,29,4.763,288.793,187.736,122.803,0.691,-1,-1,-1
332,34,432.237,458.338,224.199,112.776,0.999,-1,-1,-1
332,36,891.434,481.601,80.906,72.555,0.821,-1,-1,-1
333,29,4.334,289.550,188.562,121.318,0.640,-1,-1,-1
333,34,388.741,448.769,234.122,117.720,0.999,-1,-1,-1
333,36,887.632,482.600,81.298,72.958,0.866,-1,-1,-1
333,37,3.079,557.016,301.360,293.889,0.713,-1,-1,-1
334,29,4.202,289.429,188.390,122.037,0.661,-1,-1,-1
334,34,333.392,439.479,255.312,125.659,0.998,-1,-1,-1
334,36,883.504,483.368,82.608,74.072,0.877,-1,-1,-1
334,37,3.200,554.804,392.661,303.637,0.894,-1,-1,-1
335,29,4.421,289.303,187.831,121.961,0.635,-1,-1,-1
335,34,282.371,435.118,270.072,127.891,0.998,-1,-1,-1
335,36,878.626,483.954,83.224,74.275,0.918,-1,-1,-1
335,37,4.535,555.177,500.632,286.301,0.988,-1,-1,-1
336,29,4.521,289.586,187.831,121.961,0.635,-1,-1,-1
336,34,219.841,427.805,294.195,132.625,0.998,-1,-1,-1
336,36,875.826,485.250,83.913,74.617,0.896,-1,-1,-1
336,37,110.233,560.322,480.809,253.003,0.998,-1,-1,-1
337,29,4.462,289.601,187.831,121.961,0.635,-1,-1,-1
337,34,154.085,417.575,304.682,135.995,0.998,-1,-1,-1
337,36,870.818,485.265,84.442,75.286,0.904,-1,-1,-1
337,37,234.905,566.387,431.688,235.699,0.997,-1,-1,-1
338,29,4.407,289.610,187.831,121.961,0.635,-1,-1,-1
338,34,79.758,402.615,322.609,144.408,0.999,-1,-1,-1
338,36,866.626,486.088,86.119,75.039,0.872,-1,-1,-1
338,37,345.266,572.123,384.980,217.045,0.997,-1,-1,-1
339,29,4.397,289.562,187.831,121.961,0.635,-1,-1,-1
339,34,5.394,392.420,338.202,147.798,0.998,-1,-1,-1
339,36,861.808,485.912,86.974,76.867,0.847,-1,-1,-1
339,37,430.481,572.941,348.931,205.388,0.998,-1,-1,-1
340,34,2.052,380.562,289.586,153.907,0.992,-1,-1,-1
340,36,856.899,485.804,88.390,78.306,0.863,-1,-1,-1
340,37,497.219,576.553,322.230,195.387,0.997,-1,-1,-1
341,34,1.638,369.571,223.885,159.959,0.936,-1,-1,-1
341,36,852.005,487.304,89.333,77.408,0.881,-1,-1,-1
341,37,562.577,581.291,297.026,180.313,0.998,-1,-1,-1
342,34,1.179,361.161,152.389,162.877,0.792,-1,-1,-1
342,36,846.790,487.032,90.779,78.596,0.875,-1,-1,-1
342,37,618.853,588.069,270.405,165.307,0.998,-1,-1,-1
343,34,0.000,353.044,102.990,162.877,0.792,-1,-1,-1
343,36,839.270,487.782,92.781,78.544,0.929,-1,-1,-1
343,37,667.045,591.391,250.561,156.502,0.998,-1,-1,-1
344,34,0.000,346.624,65.724,162.877,0.792,-1,-1,-1
344,36,831.960,489.443,95.409,79.115,0.947,-1,-1,-1
344,37,712.567,594.074,228.097,147.511,0.999,-1,-1,-1
345,34,0.000,341.966,33.989,162.877,0.792,-1,-1,-1
345,36,826.022,489.357,97.330,80.247,0.945,-1,-1,-1
345,37,747.730,597.612,211.664,139.550,0.998,-1,-1,-1
346,34,0.000,338.902,8.909,162.877,0.792,-1,-1,-1
346,36,819.232,487.420,98.747,82.686,0.955,-1,-1,-1
346,37,784.542,597.769,194.201,135.391,0.998,-1,-1,-1
347,36,810.540,484.261,102.049,87.628,0.949,-1,-1,-1
347,37,807.463,597.493,192.626,131.024,0.998,-1,-1,-1
348,36,800.467,482.075,107.477,90.592,0.948,-1,-1,-1
348,37,835.822,597.580,177.244,127.378,0.997,-1,-1,-1
349,36,791.950,481.013,109.648,94.009,0.972,-1,-1,-1
349,37,861.682,600.016,164.345,120.559,0.997,-1,-1,-1
350,36,780.759,482.387,113.516,94.465,0.965,-1,-1,-1
350,37,881.276,599.554,157.933,117.294,0.997,-1,-1,-1
351,36,770.712,482.185,116.973,95.983,0.978,-1,-1,-1
351,37,898.736,598.737,151.382,114.750,0.997,-1,-1,-1
352,36,756.796,481.524,123.093,97.262,0.990,-1,-1,-1
352,37,918.997,599.570,140.422,107.957,0.996,-1,-1,-1
353,36,743.582,479.307,128.595,100.675,0.990,-1,-1,-1
353,37,933.431,598.663,134.366,104.629,0.996,-1,-1,-1
354,36,728.328,476.801,131.725,104.108,0.991,-1,-1,-1
354,37,945.851,597.706,129.180,103.015,0.995,-1,-1,-1
355,36,711.326,477.223,137.914,104.049,0.992,-1,-1,-1
355,37,959.180,596.353,122.193,100.509,0.996,-1,-1,-1
356,36,692.607,476.891,144.758,105.250,0.993,-1,-1,-1
356,37,972.167,595.463,113.126,97.540,0.995,-1,-1,-1
357,36,671.592,472.847,148.437,110.270,0.993,-1,-1,-1
357,37,979.363,593.100,110.409,96.704,0.995,-1,-1,-1
358,36,651.538,469.709,153.338,111.594,0.994,-1,-1,-1
358,37,988.246,591.741,107.111,96.674,0.992,-1,-1,-1
359,36,623.723,467.127,164.864,114.986,0.994,-1,-1,-1
359,37,996.028,592.001,100.134,91.056,0.992,-1,-1,-1
360,36,597.796,466.613,169.357,114.051,0.994,-1,-1,-1
360,37,1001.296,591.569,97.631,88.305,0.992,-1,-1,-1
361,36,569.771,458.845,183.890,120.643,0.994,-1,-1,-1
361,37,1008.947,590.082,94.220,86.240,0.992,-1,-1,-1
362,36,539.605,457.588,191.967,120.377,0.996,-1,-1,-1
362,37,1014.495,588.928,92.695,84.197,0.991,-1,-1,-1
363,36,504.515,449.186,202.194,127.322,0.995,-1,-1,-1
363,37,1018.779,588.425,89.716,80.988,0.990,-1,-1,-1
364,36,464.150,443.493,218.639,133.086,0.997,-1,-1,-1
364,37,1021.672,584.901,91.094,79.765,0.989,-1,-1,-1
365,36,422.538,431.778,234.817,141.508,0.997,-1,-1,-1
365,37,1024.780,582.376,90.245,78.646,0.991,-1,-1,-1
366,36,378.402,425.311,245.026,146.600,0.998,-1,-1,-1
366,37,1026.676,580.816,90.064,77.148,0.989,-1,-1,-1
367,36,321.380,416.714,262.668,153.979,0.993,-1,-1,-1
367,37,1030.735,579.609,86.753,76.065,0.922,-1,-1,-1
368,36,266.863,401.234,279.447,164.729,0.998,-1,-1,-1
368,37,1032.271,577.717,85.750,75.224,0.980,-1,-1,-1
369,36,199.912,394.868,300.712,165.454,0.998,-1,-1,-1
369,37,1032.293,576.406,84.266,74.804,0.976,-1,-1,-1
370,36,126.176,385.504,320.583,168.845,0.998,-1,-1,-1
370,37,1035.716,573.482,82.522,73.890,0.971,-1,-1,-1
371,36,52.081,373.305,330.969,173.346,0.998,-1,-1,-1
371,37,1038.792,570.498,80.516,73.296,0.965,-1,-1,-1
372,36,1.649,357.918,319.805,179.636,0.987,-1,-1,-1
372,37,1041.175,568.296,78.992,72.658,0.972,-1,-1,-1
373,36,2.692,340.783,261.291,192.952,0.950,-1,-1,-1
373,37,1041.510,566.296,78.447,72.789,0.973,-1,-1,-1
374,36,1.777,321.191,197.494,205.847,0.680,-1,-1,-1
374,37,1041.759,565.284,78.662,71.541,0.964,-1,-1,-1
375,36,0.000,309.485,143.671,205.847,0.680,-1,-1,-1
375,37,1041.553,563.718,78.579,71.481,0.956,-1,-1,-1
376,36,0.000,299.750,101.774,205.847,0.680,-1,-1,-1
376,37,1042.396,562.643,78.445,71.321,0.968,-1,-1,-1
377,36,4.323,289.539,187.489,118.917,0.684,-1,-1,-1
377,37,1042.361,560.498,77.138,70.941,0.962,-1,-1,-1
378,36,4.299,289.491,187.408,118.987,0.629,-1,-1,-1
378,37,1043.089,558.711,76.433,71.228,0.929,-1,-1,-1
379,36,4.307,289.650,187.236,118.787,0.625,-1,-1,-1
379,37,1043.271,555.956,75.099,70.224,0.769,-1,-1,-1
380,36,4.325,289.719,187.110,118.683,0.634,-1,-1,-1
380,37,1043.596,552.289,73.322,69.159,0.860,-1,-1,-1
381,36,4.285,289.658,187.207,118.662,0.645,-1,-1,-1
381,37,1043.706,551.214,72.869,69.023,0.898,-1,-1,-1
382,36,4.271,289.621,187.267,118.713,0.636,-1,-1,-1
382,37,1042.843,548.721,72.340,68.167,0.864,-1,-1,-1
383,36,4.149,288.335,187.104,119.883,0.740,-1,-1,-1
383,37,1041.816,544.804,72.381,67.769,0.829,-1,-1,-1
384,36,4.137,288.356,187.052,119.807,0.742,-1,-1,-1
384,37,1040.058,540.185,72.520,67.730,0.847,-1,-1,-1
385,36,3.882,288.873,187.869,120.362,0.663,-1,-1,-1
385,37,1038.771,537.849,74.551,68.315,0.881,-1,-1,-1
386,36,4.055,288.863,188.350,121.929,0.624,-1,-1,-1
386,37,1038.765,535.244,74.307,67.817,0.838,-1,-1,-1
386,45,2.525,578.069,241.993,269.621,0.767,-1,-1,-1
387,36,3.743,288.799,188.347,122.527,0.578,-1,-1,-1
387,37,1034.023,531.916,75.571,67.821,0.809,-1,-1,-1
387,45,2.147,537.534,355.857,304.897,0.871,-1,-1,-1
388,36,4.023,289.154,187.736,122.744,0.531,-1,-1,-1
388,37,1014.214,522.767,75.237,68.544,0.755,-1,-1,-1
388,45,3.892,542.382,476.966,297.634,0.989,-1,-1,-1
389,36,4.068,289.607,187.736,122.744,0.531,-1,-1,-1
389,37,976.388,511.081,75.719,68.703,0.829,-1,-1,-1
389,45,76.875,547.347,508.652,260.288,0.999,-1,-1,-1
390,36,4.083,289.900,187.736,122.744,0.531,-1,-1,-1
390,37,973.051,511.233,76.367,68.472,0.916,-1,-1,-1
390,45,218.486,554.582,447.230,238.380,0.999,-1,-1,-1
391,36,4.017,290.038,187.736,122.744,0.531,-1,-1,-1
391,37,967.334,512.590,77.723,68.442,0.630,-1,-1,-1
391,45,343.131,560.952,395.696,218.669,0.999,-1,-1,-1
392,36,4.014,290.127,187.736,122.744,0.531,-1,-1,-1
392,37,965.434,513.996,78.102,68.919,0.592,-1,-1,-1
392,45,434.292,568.780,353.468,199.912,0.999,-1,-1,-1
393,36,4.414,288.883,186.322,120.395,0.512,-1,-1,-1
393,37,964.026,515.081,78.595,68.280,0.610,-1,-1,-1
393,45,513.319,572.558,319.964,185.320,0.998,-1,-1,-1
394,36,4.464,289.050,186.334,120.210,0.523,-1,-1,-1
394,37,963.101,515.342,80.105,69.594,0.866,-1,-1,-1
394,45,579.518,577.060,297.423,172.970,0.999,-1,-1,-1
395,36,4.587,289.141,186.140,120.066,0.555,-1,-1,-1
395,37,959.989,517.899,79.704,69.085,0.879,-1,-1,-1
395,45,640.473,577.881,270.971,164.412,0.999,-1,-1,-1
396,36,4.564,288.755,186.276,120.295,0.568,-1,-1,-1
396,37,958.296,519.026,79.674,70.257,0.861,-1,-1,-1
396,45,691.522,580.876,244.956,153.961,0.999,-1,-1,-1
397,36,4.651,288.583,186.447,120.727,0.507,-1,-1,-1
397,37,954.114,519.913,81.437,70.823,0.881,-1,-1,-1
397,45,737.535,583.800,226.692,148.182,0.999,-1,-1,-1
398,36,4.712,288.555,186.447,120.727,0.507,-1,-1,-1
398,37,950.876,521.150,82.749,71.288,0.879,-1,-1,-1
398,45,777.777,585.940,206.570,137.777,0.999,-1,-1,-1
399,36,4.763,288.512,186.447,120.727,0.507,-1,-1,-1
399,37,947.885,521.981,83.007,71.927,0.877,-1,-1,-1
399,45,812.615,589.718,193.360,130.401,0.999,-1,-1,-1
400,36,4.810,288.464,186.447,120.727,0.507,-1,-1,-1
400,37,943.913,524.923,85.787,74.081,0.887,-1,-1,-1
400,45,840.383,592.654,178.740,120.641,0.998,-1,-1,-1
401,36,4.850,288.467,186.447,120.727,0.507,-1,-1,-1
401,37,939.255,526.737,87.151,75.248,0.884,-1,-1,-1
401,45,870.122,595.191,165.723,113.626,0.998,-1,-1,-1
402,37,935.008,529.274,88.739,75.422,0.879,-1,-1,-1
402,45,892.295,594.425,156.423,108.775,0.997,-1,-1,-1
403,37,930.175,530.389,93.687,77.291,0.777,-1,-1,-1
403,45,915.984,592.787,146.298,104.682,0.997,-1,-1,-1
404,37,923.262,531.631,96.491,78.062,0.874,-1,-1,-1
404,45,931.395,594.722,141.036,99.949,0.997,-1,-1,-1
405,37,914.496,531.561,100.824,79.686,0.907,-1,-1,-1
405,45,948.066,593.134,132.738,98.776,0.996,-1,-1,-1
406,37,906.602,532.096,103.156,81.393,0.925,-1,-1,-1
406,45,963.824,590.044,123.691,98.060,0.995,-1,-1,-1
407,37,894.621,534.834,106.420,83.813,0.931,-1,-1,-1
407,45,974.011,588.154,120.943,96.132,0.990,-1,-1,-1
408,37,884.863,534.227,108.433,87.456,0.971,-1,-1,-1
408,45,986.864,585.714,111.762,93.633,0.983,-1,-1,-1
409,37,877.129,535.127,110.012,88.581,0.981,-1,-1,-1
409,45,998.018,586.964,105.821,88.520,0.984,-1,-1,-1
410,37,862.613,534.717,115.239,90.459,0.995,-1,-1,-1
410,45,1007.150,586.713,100.738,86.486,0.977,-1,-1,-1
411,37,847.605,534.011,122.475,91.460,0.995,-1,-1,-1
411,45,1015.445,585.463,97.116,85.116,0.984,-1,-1,-1
412,37,832.305,531.124,129.716,94.459,0.997,-1,-1,-1
412,45,1021.673,582.550,96.320,82.872,0.980,-1,-1,-1
413,37,815.162,530.247,136.681,97.639,0.997,-1,-1,-1
413,45,1026.208,579.432,92.859,82.260,0.983,-1,-1,-1
414,37,798.409,528.481,142.149,100.728,0.997,-1,-1,-1
414,45,1029.442,578.288,92.799,80.142,0.978,-1,-1,-1
415,37,779.580,527.238,148.764,102.964,0.998,-1,-1,-1
415,45,1031.850,576.615,92.613,81.133,0.976,-1,-1,-1
416,37,757.336,525.580,157.520,104.012,0.997,-1,-1,-1
416,45,1034.458,573.400,91.199,81.081,0.977,-1,-1,-1
417,37,734.610,524.223,164.949,106.636,0.998,-1,-1,-1
417,45,1037.203,571.386,88.182,78.828,0.969,-1,-1,-1
418,37,703.378,520.759,175.519,109.989,0.997,-1,-1,-1
418,45,1040.085,568.897,87.046,77.688,0.958,-1,-1,-1
419,37,677.344,517.863,183.666,113.355,0.999,-1,-1,-1
419,45,1044.991,567.757,83.508,76.049,0.899,-1,-1,-1
420,37,640.734,514.523,199.744,115.685,0.999,-1,-1,-1
420,45,1047.752,566.823,81.223,74.283,0.874,-1,-1,-1
421,37,601.155,511.020,216.045,120.688,0.999,-1,-1,-1
421,45,1048.961,564.392,81.679,75.177,0.856,-1,-1,-1
422,37,560.509,506.051,230.831,128.505,0.999,-1,-1,-1
422,45,1050.402,562.470,81.089,75.278,0.903,-1,-1,-1
422,48,888.688,491.516,81.718,67.843,0.577,-1,-1,-1
423,37,512.654,500.121,252.929,133.396,0.999,-1,-1,-1
423,45,1052.065,562.206,79.924,74.455,0.844,-1,-1,-1
423,48,882.760,491.030,83.802,69.453,0.795,-1,-1,-1
424,37,462.378,493.542,271.729,141.985,1.000,-1,-1,-1
424,45,1053.634,560.385,78.140,73.762,0.726,-1,-1,-1
424,48,878.407,490.676,85.211,69.974,0.853,-1,-1,-1
425,37,405.076,487.360,293.260,145.779,1.000,-1,-1,-1
425,45,1054.500,559.052,78.140,73.762,0.726,-1,-1,-1
425,48,874.279,491.452,85.256,70.383,0.877,-1,-1,-1
426,37,341.038,477.458,316.940,155.581,1.000,-1,-1,-1
426,45,1055.079,558.115,78.140,73.762,0.726,-1,-1,-1
426,48,867.119,491.806,87.142,70.938,0.930,-1,-1,-1
427,37,263.843,468.838,341.825,162.992,0.999,-1,-1,-1
427,45,1056.515,552.846,72.638,68.875,0.512,-1,-1,-1
427,48,862.456,491.214,89.200,71.890,0.948,-1,-1,-1
428,37,180.903,458.785,377.400,170.322,0.999,-1,-1,-1
428,45,1056.385,550.874,72.638,68.875,0.512,-1,-1,-1
428,48,856.392,491.387,90.064,73.899,0.942,-1,-1,-1
429,37,83.744,445.722,401.880,177.429,0.999,-1,-1,-1
429,45,1056.120,549.338,72.638,68.875,0.512,-1,-1,-1
429,48,851.734,493.027,90.802,74.018,0.945,-1,-1,-1
430,37,3.941,435.399,406.218,182.564,0.997,-1,-1,-1
430,45,1055.857,547.795,72.638,68.875,0.512,-1,-1,-1
430,48,845.274,494.183,91.131,73.774,0.966,-1,-1,-1
431,37,0.609,427.537,336.667,188.809,0.973,-1,-1,-1
431,45,1053.664,542.611,73.918,68.790,0.555,-1,-1,-1
431,48,837.843,494.184,91.462,75.275,0.972,-1,-1,-1
432,37,2.181,418.436,267.458,194.189,0.758,-1,-1,-1
432,45,1053.121,540.036,73.906,69.119,0.545,-1,-1,-1
432,48,828.896,492.594,96.662,78.239,0.983,-1,-1,-1
433,37,0.000,410.998,201.935,194.189,0.758,-1,-1,-1
433,45,1052.705,538.452,73.906,69.119,0.545,-1,-1,-1
433,48,821.148,493.581,98.879,77.244,0.989,-1,-1,-1
434,37,0.000,403.839,130.130,194.189,0.758,-1,-1,-1
434,45,1051.529,533.312,74.390,68.979,0.658,-1,-1,-1
434,48,814.226,494.680,98.750,77.842,0.992,-1,-1,-1
435,37,0.000,398.236,73.848,194.189,0.758,-1,-1,-1
435,45,1052.124,531.117,73.829,70.165,0.821,-1,-1,-1
435,48,803.787,493.264,102.510,80.838,0.992,-1,-1,-1
436,37,0.000,393.574,25.191,194.189,0.758,-1,-1,-1
436,45,1053.225,530.599,71.535,68.484,0.665,-1,-1,-1
436,48,796.129,494.071,104.872,80.952,0.991,-1,-1,-1
437,45,1053.016,529.597,71.155,66.676,0.587,-1,-1,-1
437,48,784.000,494.212,109.378,82.282,0.993,-1,-1,-1
438,45,1052.802,527.574,71.155,66.676,0.587,-1,-1,-1
438,48,774.256,493.087,113.350,85.920,0.994,-1,-1,-1
439,45,1052.774,526.589,71.155,66.676,0.587,-1,-1,-1
439,48,758.616,491.368,118.461,88.303,0.995,-1,-1,-1
440,45,1052.681,525.915,71.155,66.676,0.587,-1,-1,-1
440,48,742.872,489.995,124.547,89.653,0.994,-1,-1,-1
441,45,1052.596,525.510,71.155,66.676,0.587,-1,-1,-1
441,48,728.651,488.123,128.824,91.566,0.993,-1,-1,-1
442,48,709.200,486.100,138.140,95.889,0.994,-1,-1,-1
443,48,689.994,485.008,139.967,96.239,0.996,-1,-1,-1
444,48,667.987,484.285,148.727,96.517,0.993,-1,-1,-1
445,48,644.118,482.777,157.794,100.291,0.997,-1,-1,-1
446,48,618.356,480.074,163.701,101.744,0.997,-1,-1,-1
447,48,592.011,475.324,172.421,105.117,0.998,-1,-1,-1
448,48,561.548,470.515,185.596,109.029,0.998,-1,-1,-1
449,48,529.880,466.664,191.694,111.678,0.998,-1,-1,-1
450,48,490.902,465.597,206.195,111.908,0.999,-1,-1,-1
451,48,452.668,457.542,217.947,117.203,0.999,-1,-1,-1
452,48,404.849,450.402,234.747,119.977,0.999,-1,-1,-1
453,48,350.550,440.052,253.140,127.281,0.999,-1,-1,-1
454,48,293.459,433.723,272.349,131.028,0.999,-1,-1,-1
455,48,227.721,424.428,295.729,135.918,0.999,-1,-1,-1
456,48,151.547,409.048,317.927,149.390,0.999,-1,-1,-1
457,48,70.148,395.570,336.649,154.090,0.999,-1,-1,-1
458,48,1.705,381.792,338.746,158.294,0.996,-1,-1,-1
459,48,2.442,374.010,279.969,162.918,0.979,-1,-1,-1
460,48,1.428,358.137,212.232,171.260,0.839,-1,-1,-1
461,48,0.000,347.771,154.010,171.260,0.839,-1,-1,-1
462,48,0.000,339.618,108.729,171.260,0.839,-1,-1,-1
463,48,0.000,333.812,76.932,171.260,0.839,-1,-1,-1
464,48,0.000,329.100,50.867,171.260,0.839,-1,-1,-1
479,52,3.653,504.865,283.466,338.040,0.797,-1,-1,-1
480,52,2.998,482.353,372.600,348.946,0.805,-1,-1,-1
481,52,3.252,464.374,467.116,386.307,0.819,-1,-1,-1
482,52,3.592,471.431,559.760,368.368,0.962,-1,-1,-1
483,52,24.090,482.883,606.175,339.972,0.995,-1,-1,-1
484,52,138.307,495.214,558.005,314.521,0.999,-1,-1,-1
485,52,249.204,504.831,498.664,291.188,0.999,-1,-1,-1
486,52,342.870,510.777,447.534,277.035,0.996,-1,-1,-1
487,52,420.479,520.321,410.175,259.877,0.997,-1,-1,-1
488,52,481.364,528.676,383.182,245.478,0.997,-1,-1,-1
489,52,543.838,534.335,356.386,229.565,0.997,-1,-1,-1
490,52,593.391,540.410,330.336,216.547,0.996,-1,-1,-1
491,52,642.118,545.106,310.692,205.784,0.997,-1,-1,-1
492,52,682.970,553.480,293.794,191.053,0.996,-1,-1,-1
493,52,720.288,555.974,268.485,183.789,0.997,-1,-1,-1
494,52,752.909,561.502,253.177,172.511,0.998,-1,-1,-1
495,52,784.861,565.502,235.612,165.905,0.998,-1,-1,-1
496,52,806.882,565.047,229.021,164.812,0.998,-1,-1,-1
497,52,832.738,569.526,215.432,154.058,0.998,-1,-1,-1
498,52,856.117,571.131,204.112,148.443,0.998,-1,-1,-1
499,52,879.983,574.729,186.601,141.659,0.998,-1,-1,-1
500,52,897.640,575.010,181.100,137.078,0.998,-1,-1,-1
501,52,915.283,574.788,170.107,135.538,0.998,-1,-1,-1
502,52,928.082,576.300,163.001,129.713,0.998,-1,-1,-1
503,52,940.785,576.100,155.574,125.596,0.997,-1,-1,-1
504,52,950.524,574.016,151.617,122.932,0.997,-1,-1,-1
504,55,2.001,575.535,209.298,259.101,0.670,-1,-1,-1
505,52,963.635,575.853,140.851,117.516,0.996,-1,-1,-1
505,55,2.537,532.973,307.117,292.465,0.826,-1,-1,-1
506,52,972.635,574.962,134.835,116.678,0.996,-1,-1,-1
506,55,3.268,536.165,397.758,293.499,0.945,-1,-1,-1
507,52,982.152,576.317,127.774,112.644,0.996,-1,-1,-1
507,55,3.931,533.843,496.049,284.636,0.987,-1,-1,-1
508,52,988.387,576.414,123.492,108.072,0.994,-1,-1,-1
508,55,86.631,540.480,501.268,254.897,0.999,-1,-1,-1
509,52,997.165,576.474,117.887,104.260,0.995,-1,-1,-1
509,55,204.413,547.319,455.466,240.309,0.999,-1,-1,-1
510,52,1001.236,574.739,116.653,102.876,0.995,-1,-1,-1
510,55,317.807,554.893,406.270,221.987,0.999,-1,-1,-1
511,52,1009.404,574.740,109.044,100.439,0.995,-1,-1,-1
511,55,406.143,563.294,367.135,203.032,0.999,-1,-1,-1
512,52,1012.589,574.670,107.037,97.067,0.995,-1,-1,-1
512,55,475.276,567.071,338.078,191.248,0.998,-1,-1,-1
513,52,1016.278,573.321,102.792,94.579,0.991,-1,-1,-1
513,55,543.296,571.848,311.378,180.507,0.998,-1,-1,-1
514,52,1023.291,572.881,98.686,92.718,0.983,-1,-1,-1
514,55,595.833,577.327,290.554,168.358,0.999,-1,-1,-1
515,52,1026.722,571.814,96.679,90.254,0.982,-1,-1,-1
515,55,648.910,580.988,266.069,158.853,0.999,-1,-1,-1
516,52,1028.640,570.636,95.551,88.465,0.979,-1,-1,-1
516,55,694.442,581.087,245.109,152.931,0.999,-1,-1,-1
517,52,1030.350,568.222,95.253,88.609,0.972,-1,-1,-1
517,55,736.030,585.595,226.107,145.116,0.998,-1,-1,-1
518,52,1032.247,567.308,93.990,87.077,0.966,-1,-1,-1
518,55,771.077,585.887,208.466,139.055,0.998,-1,-1,-1
519,52,1034.567,564.893,91.898,87.802,0.948,-1,-1,-1
519,55,800.127,588.339,200.126,133.527,0.998,-1,-1,-1
520,52,1035.874,562.790,90.658,87.508,0.919,-1,-1,-1
520,55,830.585,590.430,182.610,125.371,0.998,-1,-1,-1
521,52,1036.654,561.217,90.572,86.234,0.888,-1,-1,-1
521,55,855.294,591.757,171.355,118.802,0.997,-1,-1,-1
522,52,1038.630,560.880,88.322,83.611,0.887,-1,-1,-1
522,55,876.291,591.332,163.625,114.453,0.996,-1,-1,-1
523,52,1039.566,558.798,87.881,82.239,0.779,-1,-1,-1
523,55,895.900,592.324,152.145,107.821,0.995,-1,-1,-1
524,52,1040.165,557.022,87.881,82.239,0.779,-1,-1,-1
524,55,915.685,590.417,144.852,105.499,0.996,-1,-1,-1
525,52,1038.123,553.165,88.608,82.124,0.614,-1,-1,-1
525,55,927.958,589.950,140.290,103.535,0.996,-1,-1,-1
526,52,1038.100,551.494,88.608,82.124,0.614,-1,-1,-1
526,55,942.836,588.561,131.611,100.996,0.997,-1,-1,-1
527,52,1037.906,550.145,88.608,82.124,0.614,-1,-1,-1
527,55,952.997,588.100,126.957,98.095,0.997,-1,-1,-1
528,52,1035.801,544.997,83.128,76.109,0.514,-1,-1,-1
528,55,966.731,586.269,118.304,97.877,0.997,-1,-1,-1
529,52,1036.863,540.901,82.434,76.469,0.570,-1,-1,-1
529,55,975.884,586.044,112.539,94.661,0.997,-1,-1,-1
529,57,897.222,483.501,81.559,70.852,0.518,-1,-1,-1
530,52,1038.018,538.412,81.538,75.729,0.652,-1,-1,-1
530,55,982.421,584.473,109.516,93.439,0.996,-1,-1,-1
530,57,894.500,484.119,82.203,70.188,0.589,-1,-1,-1
531,52,1037.841,538.399,80.668,75.281,0.538,-1,-1,-1
531,55,990.461,581.465,103.797,90.866,0.995,-1,-1,-1
531,57,891.143,484.320,83.590,70.862,0.676,-1,-1,-1
532,52,1037.034,535.294,80.668,75.281,0.538,-1,-1,-1
532,55,997.042,576.415,99.374,90.430,0.993,-1,-1,-1
532,57,890.338,485.172,83.031,70.798,0.713,-1,-1,-1
532,58,175.073,787.592,662.849,411.571,0.974,-1,-1,-1
533,52,1037.200,533.713,80.668,75.281,0.538,-1,-1,-1
533,55,1000.481,573.842,97.831,90.427,0.991,-1,-1,-1
533,57,888.289,486.363,83.002,70.287,0.682,-1,-1,-1
533,58,348.330,769.337,547.578,374.802,0.992,-1,-1,-1
534,52,1006.726,569.120,95.816,89.035,0.972,-1,-1,-1
534,55,1003.937,570.948,97.831,90.427,0.991,-1,-1,-1
534,57,886.112,487.974,82.680,69.676,0.701,-1,-1,-1
534,58,464.360,760.525,486.812,323.445,0.995,-1,-1,-1
535,52,1011.050,563.353,94.867,91.431,0.983,-1,-1,-1
535,55,1006.408,568.445,97.831,90.427,0.991,-1,-1,-1
535,57,882.319,488.975,82.263,69.973,0.758,-1,-1,-1
535,58,556.658,750.433,436.394,291.113,0.996,-1,-1,-1
536,52,1015.374,560.130,92.034,90.982,0.978,-1,-1,-1
536,55,1007.847,566.777,97.831,90.427,0.991,-1,-1,-1
536,57,880.028,490.036,82.231,69.865,0.836,-1,-1,-1
536,58,635.513,739.970,449.934,272.655,0.993,-1,-1,-1
537,52,1019.253,558.693,88.448,88.489,0.975,-1,-1,-1
537,55,1008.417,566.159,97.831,90.427,0.991,-1,-1,-1
537,57,876.029,490.714,82.868,70.551,0.849,-1,-1,-1
537,58,703.865,730.580,395.151,263.527,0.997,-1,-1,-1
538,52,1023.804,554.449,87.519,88.436,0.972,-1,-1,-1
538,57,872.140,491.938,82.772,70.228,0.825,-1,-1,-1
538,58,759.886,726.918,343.499,244.926,0.997,-1,-1,-1
539,52,1024.955,555.195,85.253,85.365,0.962,-1,-1,-1
539,57,868.042,491.652,84.299,70.803,0.859,-1,-1,-1
539,58,809.178,723.316,303.312,255.734,0.978,-1,-1,-1
540,52,1025.894,551.848,84.651,85.729,0.970,-1,-1,-1
540,57,861.385,490.684,87.499,72.913,0.873,-1,-1,-1
540,58,849.094,717.932,279.855,257.815,0.959,-1,-1,-1
541,52,1028.091,547.001,83.717,86.299,0.953,-1,-1,-1
541,57,856.619,490.140,90.399,74.801,0.866,-1,-1,-1
541,58,891.484,711.038,252.203,191.095,0.985,-1,-1,-1
542,52,1029.323,539.744,83.821,85.904,0.948,-1,-1,-1
542,57,852.855,491.708,89.504,74.399,0.642,-1,-1,-1
542,58,925.029,702.204,233.225,170.955,0.998,-1,-1,-1
543,52,1030.833,537.642,83.547,85.431,0.930,-1,-1,-1
543,57,847.205,492.541,92.157,75.011,0.922,-1,-1,-1
543,58,949.873,695.825,222.974,168.032,0.998,-1,-1,-1
544,52,1031.618,535.823,82.417,84.895,0.930,-1,-1,-1
544,57,841.131,493.571,94.741,74.350,0.949,-1,-1,-1
544,58,979.729,691.889,204.474,157.594,0.998,-1,-1,-1
545,52,1032.890,533.009,82.212,85.370,0.911,-1,-1,-1
545,57,835.491,492.562,96.789,76.341,0.965,-1,-1,-1
545,58,1003.923,687.590,189.469,148.946,0.999,-1,-1,-1
546,52,1035.197,531.178,81.191,84.611,0.910,-1,-1,-1
546,57,828.373,492.159,98.949,77.608,0.981,-1,-1,-1
546,58,1027.500,683.476,171.402,141.156,0.997,-1,-1,-1
547,52,1035.904,531.974,80.158,82.440,0.901,-1,-1,-1
547,57,822.305,492.614,100.485,78.002,0.986,-1,-1,-1
547,58,1041.555,681.136,162.741,133.187,0.998,-1,-1,-1
548,52,1036.409,532.163,78.477,80.284,0.849,-1,-1,-1
548,57,817.284,491.363,100.158,79.591,0.990,-1,-1,-1
548,58,1056.310,676.475,149.816,128.100,0.997,-1,-1,-1
549,52,1037.190,529.554,79.214,79.021,0.855,-1,-1,-1
549,57,809.215,489.662,103.526,82.297,0.990,-1,-1,-1
549,58,1069.841,673.877,140.116,121.678,0.997,-1,-1,-1
550,52,1036.673,526.906,79.607,80.614,0.850,-1,-1,-1
550,57,801.439,488.154,106.032,85.340,0.987,-1,-1,-1
550,58,1079.468,670.043,133.651,117.214,0.997,-1,-1,-1
551,52,1037.241,524.727,78.968,80.632,0.870,-1,-1,-1
551,57,795.286,487.087,107.124,87.223,0.984,-1,-1,-1
551,58,1086.457,668.137,130.806,114.657,0.996,-1,-1,-1
552,52,1037.924,523.274,77.600,81.088,0.787,-1,-1,-1
552,57,787.142,487.569,110.801,87.256,0.988,-1,-1,-1
552,58,1095.789,666.644,123.720,108.621,0.995,-1,-1,-1
553,52,1040.079,523.311,76.144,78.415,0.811,-1,-1,-1
553,57,779.615,489.773,113.398,86.265,0.992,-1,-1,-1
553,58,1102.141,665.496,118.251,100.344,0.994,-1,-1,-1
554,52,1040.977,523.988,74.666,75.580,0.807,-1,-1,-1
554,57,772.290,489.386,116.735,87.683,0.993,-1,-1,-1
554,58,1106.641,660.504,114.315,101.183,0.993,-1,-1,-1
555,52,1041.881,522.295,73.136,75.317,0.757,-1,-1,-1
555,57,761.789,487.952,121.568,89.595,0.995,-1,-1,-1
555,58,1111.126,658.610,108.557,96.434,0.992,-1,-1,-1
556,52,1042.162,521.764,73.343,75.070,0.735,-1,-1,-1
556,57,749.907,486.922,126.180,91.827,0.995,-1,-1,-1
556,58,1114.150,653.008,108.397,94.141,0.989,-1,-1,-1
557,52,1042.656,520.812,72.839,75.823,0.659,-1,-1,-1
557,57,738.761,485.961,130.480,92.940,0.995,-1,-1,-1
557,58,1117.216,648.273,105.491,92.435,0.989,-1,-1,-1
558,52,1042.434,519.218,72.863,75.286,0.634,-1,-1,-1
558,57,726.151,485.351,133.482,92.948,0.996,-1,-1,-1
558,58,1117.686,643.222,102.745,91.987,0.991,-1,-1,-1
559,52,1042.542,518.237,72.863,75.286,0.634,-1,-1,-1
559,57,712.765,485.074,139.096,94.612,0.995,-1,-1,-1
559,58,1119.384,639.981,99.272,89.372,0.990,-1,-1,-1
560,52,1042.466,516.811,72.603,74.891,0.509,-1,-1,-1
560,57,699.247,484.421,147.924,96.178,0.997,-1,-1,-1
560,58,1122.069,635.399,94.383,87.646,0.986,-1,-1,-1
561,52,1043.105,515.678,72.713,74.141,0.679,-1,-1,-1
561,57,684.280,483.453,148.758,97.878,0.997,-1,-1,-1
561,58,1122.771,630.770,93.846,85.906,0.983,-1,-1,-1
562,52,1043.154,514.693,72.713,74.141,0.679,-1,-1,-1
562,57,669.211,483.325,155.245,97.666,0.997,-1,-1,-1
562,58,1120.244,626.705,94.757,84.824,0.981,-1,-1,-1
563,52,1043.241,514.087,72.713,74.141,0.679,-1,-1,-1
563,57,653.597,482.751,159.024,97.828,0.996,-1,-1,-1
563,58,1120.434,622.963,92.590,82.890,0.979,-1,-1,-1
564,52,1043.327,513.485,72.713,74.141,0.679,-1,-1,-1
564,57,634.543,480.044,165.959,101.201,0.997,-1,-1,-1
564,58,1120.658,619.382,89.651,80.635,0.974,-1,-1,-1
565,52,1043.450,513.213,72.713,74.141,0.679,-1,-1,-1
565,57,615.023,477.421,174.196,102.635,0.998,-1,-1,-1
565,58,1120.307,615.176,85.517,80.370,0.969,-1,-1,-1
566,57,596.633,473.743,177.909,104.924,0.998,-1,-1,-1
566,58,1119.714,610.403,82.492,78.358,0.969,-1,-1,-1
567,57,572.632,471.822,192.452,109.040,0.998,-1,-1,-1
567,58,1118.330,607.661,81.936,77.498,0.975,-1,-1,-1
568,57,551.776,467.530,197.986,113.513,0.998,-1,-1,-1
568,58,1118.386,605.666,81.720,77.117,0.968,-1,-1,-1
569,57,525.609,466.078,206.742,113.610,0.998,-1,-1,-1
569,58,1117.884,603.368,82.056,76.785,0.972,-1,-1,-1
570,57,499.054,464.659,214.192,113.314,0.998,-1,-1,-1
570,58,1116.448,601.200,82.861,75.955,0.972,-1,-1,-1
571,57,467.712,457.755,229.064,119.122,0.999,-1,-1,-1
571,58,1114.331,597.596,84.239,75.560,0.967,-1,-1,-1
572,57,440.794,454.151,233.554,120.164,0.999,-1,-1,-1
572,58,1113.462,595.244,83.683,73.786,0.967,-1,-1,-1
573,57,407.667,448.602,246.648,122.237,0.999,-1,-1,-1
573,58,1112.092,592.424,83.911,73.092,0.935,-1,-1,-1
574,57,363.559,440.506,264.284,130.525,0.999,-1,-1,-1
574,58,1108.019,590.212,82.495,72.008,0.808,-1,-1,-1
575,57,322.293,435.474,276.595,133.270,0.999,-1,-1,-1
575,58,1107.438,586.235,82.125,72.848,0.919,-1,-1,-1
576,57,278.218,426.753,293.370,139.119,0.998,-1,-1,-1
576,58,1106.971,584.117,80.017,72.163,0.897,-1,-1,-1
577,57,230.946,423.438,308.141,139.925,0.999,-1,-1,-1
577,58,1106.015,582.123,78.995,71.223,0.822,-1,-1,-1
578,57,174.642,411.202,329.587,148.224,0.999,-1,-1,-1
578,58,1106.130,578.784,77.411,71.720,0.522,-1,-1,-1
579,57,108.836,401.683,350.031,153.452,0.999,-1,-1,-1
579,58,1105.241,576.475,77.411,71.720,0.522,-1,-1,-1
580,57,50.202,392.088,359.589,156.428,0.999,-1,-1,-1
580,58,1104.503,574.882,77.411,71.720,0.522,-1,-1,-1
581,57,2.684,379.520,360.778,163.152,0.997,-1,-1,-1
581,58,1104.067,573.777,77.411,71.720,0.522,-1,-1,-1
582,57,1.316,374.951,317.283,163.983,0.992,-1,-1,-1
582,58,1103.923,573.160,77.411,71.720,0.522,-1,-1,-1
583,57,2.604,357.840,268.696,176.539,0.953,-1,-1,-1
583,58,1102.171,569.199,73.341,67.861,0.512,-1,-1,-1
584,57,1.619,354.891,219.635,174.771,0.935,-1,-1,-1
584,58,1101.400,568.009,73.341,67.861,0.512,-1,-1,-1
585,57,1.214,351.432,157.532,174.662,0.724,-1,-1,-1
585,58,1100.626,566.797,73.341,67.861,0.512,-1,-1,-1
586,57,0.000,345.277,123.543,174.662,0.724,-1,-1,-1
586,58,1099.853,565.609,73.341,67.861,0.512,-1,-1,-1
587,57,0.000,339.951,92.963,174.662,0.724,-1,-1,-1
587,58,1099.078,564.427,73.341,67.861,0.512,-1,-1,-1
588,57,0.000,336.790,66.984,174.662,0.724,-1,-1,-1
589,57,0.000,334.393,46.110,174.662,0.724,-1,-1,-1
