190,1.0,1.447,1132.653,739.964,678.010,0.948,-1,-1,-1
191,1,1.287,1125.895,952.984,602.762,0.994,-1,-1,-1
192,1,254.739,1119.912,850.222,510.708,0.999,-1,-1,-1
193,1,525.228,1115.727,723.539,449.874,0.999,-1,-1,-1
194,1,732.759,1104.980,619.440,413.938,1.000,-1,-1,-1
195,1,902.428,1103.781,540.689,371.806,1.000,-1,-1,-1
196,1,1031.006,1105.465,481.153,334.253,1.000,-1,-1,-1
197,1,1139.924,1102.647,431.548,297.899,1.000,-1,-1,-1
198,1,1233.325,1102.632,372.329,271.642,1.000,-1,-1,-1
199,1,1309.410,1095.988,341.493,255.411,1.000,-1,-1,-1
200,1,1378.476,1091.083,305.763,237.427,1.000,-1,-1,-1
201,1,1435.466,1085.094,283.340,230.330,0.999,-1,-1,-1
202,1,1483.639,1084.477,258.610,217.179,0.999,-1,-1,-1
203,1,1523.956,1080.579,243.280,209.884,0.999,-1,-1,-1
204,1,1559.606,1079.487,222.083,193.276,0.999,-1,-1,-1
205,1,1585.412,1071.209,214.387,189.061,0.999,-1,-1,-1
206,1,1611.276,1066.703,201.029,183.656,0.998,-1,-1,-1
207,1,1629.393,1063.590,190.297,173.211,0.998,-1,-1,-1
208,1,1648.427,1061.800,182.265,166.170,0.998,-1,-1,-1
209,1,1660.828,1055.996,182.046,162.994,0.998,-1,-1,-1
210,1,1675.595,1049.933,173.677,157.132,0.998,-1,-1,-1
211,1,1687.026,1044.832,168.002,154.049,0.997,-1,-1,-1
212,1,1695.593,1039.671,161.938,150.151,0.997,-1,-1,-1
213,1,1706.382,1036.273,155.738,144.164,0.996,-1,-1,-1
214,1,1718.211,1030.991,146.277,140.941,0.995,-1,-1,-1
215,1,1724.287,1025.104,142.287,139.655,0.994,-1,-1,-1
216,1,1729.783,1022.336,141.064,137.128,0.994,-1,-1,-1
217,1,1733.111,1017.845,138.879,136.566,0.993,-1,-1,-1
218,1,1735.544,1014.456,137.188,133.425,0.992,-1,-1,-1
219,1,1737.133,1011.012,135.724,129.197,0.992,-1,-1,-1
220,1,1737.927,1008.277,134.568,127.401,0.990,-1,-1,-1
221,1,1742.987,1005.780,129.495,122.741,0.984,-1,-1,-1
222,1,1745.418,1001.606,127.694,120.496,0.977,-1,-1,-1
223,1,1748.039,998.453,125.145,120.218,0.974,-1,-1,-1
224,1,1749.110,996.057,123.028,117.468,0.968,-1,-1,-1
225,1,1749.581,992.305,120.573,113.923,0.954,-1,-1,-1
226,1,1751.322,988.680,118.528,112.443,0.940,-1,-1,-1
227,1,1751.084,986.288,116.156,107.540,0.871,-1,-1,-1
228,1,1749.481,981.994,115.775,107.694,0.856,-1,-1,-1
229,1,1750.322,979.016,115.301,106.502,0.794,-1,-1,-1
230,1,1749.433,975.865,116.232,105.523,0.732,-1,-1,-1
231,1,1749.196,972.926,117.616,106.071,0.702,-1,-1,-1
232,1,1747.093,970.613,119.494,106.495,0.828,-1,-1,-1
233,1,1747.343,968.668,120.755,105.837,0.735,-1,-1,-1
234,1,1745.999,965.859,120.151,106.667,0.735,-1,-1,-1
235,1,1745.705,963.965,120.151,106.667,0.735,-1,-1,-1
236,1,1745.321,962.596,120.151,106.667,0.735,-1,-1,-1
237,1,1745.170,961.641,120.151,106.667,0.735,-1,-1,-1
238,1,1744.843,961.131,120.151,106.667,0.735,-1,-1,-1
582,2,1637.681,925.099,119.046,108.990,0.616,-1,-1,-1
583,2,1636.183,924.982,120.825,111.107,0.823,-1,-1,-1
584,2,1633.231,926.600,122.602,113.010,0.902,-1,-1,-1
585,2,1630.767,927.539,123.205,113.408,0.907,-1,-1,-1
586,2,1626.987,928.518,125.112,114.578,0.936,-1,-1,-1
587,2,1623.943,930.592,125.731,115.428,0.947,-1,-1,-1
588,2,1621.788,932.381,126.513,114.562,0.959,-1,-1,-1
589,2,1621.151,935.664,125.136,113.391,0.955,-1,-1,-1
590,2,1618.397,937.381,127.216,114.945,0.968,-1,-1,-1
591,2,1615.351,938.980,127.576,115.452,0.972,-1,-1,-1
592,2,1611.869,940.720,128.310,114.759,0.971,-1,-1,-1
593,2,1607.648,944.067,128.792,113.390,0.972,-1,-1,-1
594,2,1603.737,945.505,131.085,115.575,0.979,-1,-1,-1
595,2,1597.248,946.609,134.390,117.238,0.984,-1,-1,-1
596,2,1589.889,948.093,136.641,117.496,0.987,-1,-1,-1
597,2,1585.069,949.255,138.437,119.803,0.990,-1,-1,-1
598,2,1578.346,949.906,140.166,122.317,0.990,-1,-1,-1
599,2,1572.206,950.828,143.150,123.882,0.991,-1,-1,-1
600,2,1561.696,950.453,149.654,127.879,0.994,-1,-1,-1
601,2,1552.254,951.678,153.678,128.940,0.995,-1,-1,-1
602,2,1543.856,952.941,154.609,130.973,0.996,-1,-1,-1
603,2,1536.117,953.022,155.446,134.266,0.996,-1,-1,-1
604,2,1526.597,953.283,156.751,138.134,0.996,-1,-1,-1
605,2,1515.436,954.477,159.019,140.456,0.997,-1,-1,-1
606,2,1503.931,955.093,164.734,142.875,0.997,-1,-1,-1
607,2,1488.731,956.526,170.957,146.527,0.998,-1,-1,-1
608,2,1475.912,957.837,173.972,149.454,0.998,-1,-1,-1
609,2,1460.292,958.297,176.735,149.566,0.998,-1,-1,-1
610,2,1443.604,957.469,181.360,155.216,0.999,-1,-1,-1
611,2,1425.138,958.434,186.653,158.049,0.999,-1,-1,-1
612,2,1400.052,959.727,194.751,163.719,0.998,-1,-1,-1
613,2,1378.668,956.848,202.948,171.625,0.998,-1,-1,-1
614,2,1355.700,957.862,212.850,174.535,0.998,-1,-1,-1
615,2,1329.981,957.886,220.171,180.334,0.998,-1,-1,-1
616,2,1304.981,955.497,224.230,185.422,0.998,-1,-1,-1
617,2,1265.743,956.496,243.860,189.118,0.998,-1,-1,-1
617,3,1645.189,919.944,121.031,107.347,0.559,-1,-1,-1
618,2,1226.498,953.679,258.122,196.100,0.999,-1,-1,-1
618,3,1643.072,919.625,122.840,109.436,0.647,-1,-1,-1
619,2,1188.743,954.788,268.442,196.988,0.999,-1,-1,-1
619,3,1641.425,921.301,123.409,109.547,0.774,-1,-1,-1
620,2,1139.890,953.178,283.308,203.289,0.999,-1,-1,-1
620,3,1637.984,922.562,124.717,111.094,0.862,-1,-1,-1
621,2,1089.859,950.943,300.010,209.003,0.999,-1,-1,-1
621,3,1639.479,924.365,126.429,111.756,0.922,-1,-1,-1
622,2,1037.924,948.089,319.876,214.174,0.999,-1,-1,-1
622,3,1637.839,925.116,127.129,114.068,0.945,-1,-1,-1
623,2,980.600,940.597,345.166,226.649,0.999,-1,-1,-1
623,3,1634.747,925.507,128.683,116.008,0.956,-1,-1,-1
624,2,918.322,935.798,365.624,236.106,0.999,-1,-1,-1
624,3,1631.301,927.384,128.931,114.973,0.960,-1,-1,-1
625,2,833.425,928.218,397.953,250.383,1.000,-1,-1,-1
625,3,1629.027,926.749,131.201,118.384,0.965,-1,-1,-1
626,2,743.977,922.482,434.371,263.464,0.999,-1,-1,-1
626,3,1626.698,927.917,130.440,118.673,0.962,-1,-1,-1
627,2,646.835,910.920,466.247,284.846,0.999,-1,-1,-1
627,3,1624.258,930.054,129.700,117.929,0.967,-1,-1,-1
628,2,532.002,905.199,493.474,293.858,0.999,-1,-1,-1
628,3,1621.436,931.919,130.141,117.944,0.969,-1,-1,-1
629,2,403.508,892.997,538.871,311.315,0.999,-1,-1,-1
629,3,1618.202,934.635,130.724,119.194,0.974,-1,-1,-1
630,2,244.342,882.327,604.282,336.953,0.999,-1,-1,-1
630,3,1614.516,938.213,132.453,118.909,0.975,-1,-1,-1
631,2,76.495,871.278,655.401,352.571,0.998,-1,-1,-1
631,3,1609.072,941.323,132.540,118.963,0.978,-1,-1,-1
632,2,4.039,855.106,613.722,377.457,0.924,-1,-1,-1
632,3,1603.853,942.916,133.892,118.314,0.985,-1,-1,-1
633,2,0.000,853.448,524.193,377.457,0.924,-1,-1,-1
633,3,1598.294,943.212,135.414,121.383,0.989,-1,-1,-1
634,2,0.000,852.486,451.785,377.457,0.924,-1,-1,-1
634,3,1588.669,945.748,141.328,121.056,0.993,-1,-1,-1
635,2,0.000,851.092,404.668,377.457,0.924,-1,-1,-1
635,3,1583.865,946.847,139.995,122.087,0.992,-1,-1,-1
636,2,0.000,850.348,386.010,377.457,0.924,-1,-1,-1
636,3,1579.342,947.107,142.529,125.805,0.993,-1,-1,-1
637,3,1570.654,947.735,146.862,127.338,0.995,-1,-1,-1
638,3,1562.624,949.243,149.859,128.986,0.996,-1,-1,-1
639,3,1553.888,949.779,154.144,130.831,0.997,-1,-1,-1
640,3,1545.310,950.350,154.681,132.816,0.997,-1,-1,-1
641,3,1535.110,950.750,157.743,136.975,0.997,-1,-1,-1
642,3,1525.314,949.641,159.372,140.076,0.997,-1,-1,-1
643,3,1513.661,951.853,163.838,143.987,0.997,-1,-1,-1
644,3,1500.398,954.138,168.519,144.610,0.998,-1,-1,-1
645,3,1487.079,954.861,170.711,148.349,0.998,-1,-1,-1
646,3,1470.010,956.150,178.734,151.207,0.999,-1,-1,-1
647,3,1456.801,956.166,178.145,150.342,0.999,-1,-1,-1
648,3,1437.258,956.096,184.885,156.538,0.999,-1,-1,-1
649,3,1417.073,957.392,192.647,159.965,0.999,-1,-1,-1
650,3,1394.590,959.150,196.191,161.868,0.998,-1,-1,-1
651,3,1366.995,958.231,212.090,169.441,0.999,-1,-1,-1
652,3,1341.813,958.487,220.092,171.691,0.999,-1,-1,-1
653,3,1313.271,956.664,233.304,180.564,0.999,-1,-1,-1
654,3,1279.963,956.749,243.731,186.048,0.999,-1,-1,-1
655,3,1236.700,952.144,263.761,195.341,0.999,-1,-1,-1
655,4,1631.686,917.041,118.688,108.045,0.551,-1,-1,-1
656,3,1196.030,952.127,282.431,200.295,0.999,-1,-1,-1
656,4,1629.768,917.163,120.961,109.403,0.692,-1,-1,-1
657,3,1148.398,952.655,294.225,201.503,0.999,-1,-1,-1
657,4,1627.446,919.095,121.823,109.235,0.766,-1,-1,-1
658,3,1092.357,949.520,313.444,206.047,0.999,-1,-1,-1
658,4,1629.124,920.739,123.908,109.109,0.829,-1,-1,-1
659,3,1035.328,944.788,339.277,215.486,0.999,-1,-1,-1
659,4,1626.265,921.395,125.613,111.009,0.873,-1,-1,-1
660,3,975.648,941.114,365.777,222.558,1.000,-1,-1,-1
660,4,1624.921,922.185,124.926,112.398,0.781,-1,-1,-1
661,3,909.944,936.493,393.317,230.868,1.000,-1,-1,-1
661,4,1622.971,924.559,124.668,113.499,0.881,-1,-1,-1
662,3,822.669,928.668,433.070,243.240,1.000,-1,-1,-1
662,4,1619.246,926.304,127.858,114.173,0.923,-1,-1,-1
663,3,724.558,920.440,471.285,260.682,1.000,-1,-1,-1
663,4,1617.181,926.938,129.067,115.427,0.939,-1,-1,-1
664,3,619.221,912.811,513.257,273.447,1.000,-1,-1,-1
664,4,1614.424,928.833,130.282,115.113,0.951,-1,-1,-1
665,3,492.467,905.908,554.755,287.277,1.000,-1,-1,-1
665,4,1610.341,929.532,131.423,115.638,0.959,-1,-1,-1
666,3,354.592,891.845,609.202,302.489,0.999,-1,-1,-1
666,4,1608.267,930.639,131.212,115.367,0.959,-1,-1,-1
667,3,190.760,880.628,672.755,320.757,0.999,-1,-1,-1
667,4,1605.389,932.736,131.890,116.591,0.965,-1,-1,-1
668,3,20.575,867.972,739.452,348.563,0.995,-1,-1,-1
668,4,1603.941,933.973,132.132,117.249,0.977,-1,-1,-1
669,3,4.599,847.246,641.108,368.980,0.927,-1,-1,-1
669,4,1600.721,935.832,131.639,116.941,0.982,-1,-1,-1
670,3,3.753,869.894,501.647,341.719,0.869,-1,-1,-1
670,4,1597.076,937.332,133.575,118.135,0.984,-1,-1,-1
671,3,0.000,869.427,424.477,341.719,0.869,-1,-1,-1
671,4,1592.144,939.635,134.062,118.667,0.985,-1,-1,-1
672,3,0.000,869.355,369.964,341.719,0.869,-1,-1,-1
672,4,1586.736,942.493,136.874,120.665,0.988,-1,-1,-1
673,3,0.000,869.034,342.819,341.719,0.869,-1,-1,-1
673,4,1582.642,944.019,138.323,122.215,0.989,-1,-1,-1
674,3,0.000,870.819,328.705,341.719,0.869,-1,-1,-1
674,4,1576.592,943.369,140.693,124.756,0.991,-1,-1,-1
675,4,1568.068,941.476,145.875,128.854,0.992,-1,-1,-1
676,4,1560.931,942.821,148.860,130.960,0.995,-1,-1,-1
677,4,1549.570,943.991,152.210,133.153,0.995,-1,-1,-1
678,4,1541.992,945.776,155.948,134.503,0.996,-1,-1,-1
679,4,1533.670,946.925,158.813,139.052,0.996,-1,-1,-1
680,4,1520.873,947.193,163.415,139.839,0.997,-1,-1,-1
681,4,1509.796,948.561,163.863,142.050,0.997,-1,-1,-1
682,4,1499.573,952.314,167.454,141.304,0.996,-1,-1,-1
683,4,1484.693,952.730,174.246,145.594,0.997,-1,-1,-1
684,4,1469.294,951.834,178.941,149.205,0.998,-1,-1,-1
685,4,1456.653,952.431,179.122,150.455,0.998,-1,-1,-1
686,4,1439.835,951.576,186.440,156.696,0.998,-1,-1,-1
687,4,1420.558,950.971,194.737,160.940,0.999,-1,-1,-1
688,4,1399.113,952.322,195.373,163.314,0.998,-1,-1,-1
689,4,1370.552,951.843,211.832,172.569,0.999,-1,-1,-1
690,4,1345.972,953.989,221.439,174.301,0.998,-1,-1,-1
691,4,1319.227,952.791,231.041,180.061,0.999,-1,-1,-1
692,4,1292.107,950.661,239.681,184.370,0.998,-1,-1,-1
693,4,1257.701,949.721,252.508,187.159,0.998,-1,-1,-1
694,4,1215.506,946.734,269.549,193.119,0.999,-1,-1,-1
695,4,1177.920,943.786,285.783,200.481,0.999,-1,-1,-1
696,4,1134.472,943.359,295.079,201.265,0.998,-1,-1,-1
697,4,1082.792,937.222,310.474,211.917,0.999,-1,-1,-1
698,4,1024.840,935.126,337.959,217.330,0.999,-1,-1,-1
699,4,967.130,933.649,363.999,223.370,1.000,-1,-1,-1
700,4,904.019,928.983,390.155,233.349,1.000,-1,-1,-1
701,4,824.217,923.698,428.434,243.908,1.000,-1,-1,-1
702,4,740.512,913.619,454.392,262.274,1.000,-1,-1,-1
703,4,642.339,904.090,496.437,279.845,1.000,-1,-1,-1
704,4,528.735,895.513,540.432,293.968,0.999,-1,-1,-1
705,4,403.233,883.847,581.011,309.595,0.999,-1,-1,-1
706,4,255.771,874.143,652.246,327.862,0.999,-1,-1,-1
707,4,97.379,864.403,697.099,346.823,0.998,-1,-1,-1
708,4,6.420,846.026,693.205,375.809,0.975,-1,-1,-1
709,4,3.572,828.464,575.000,391.633,0.865,-1,-1,-1
710,4,1.801,848.906,432.931,363.677,0.738,-1,-1,-1
711,4,0.000,847.441,362.007,363.677,0.738,-1,-1,-1
712,4,0.000,846.029,316.475,363.677,0.738,-1,-1,-1
713,4,0.000,845.394,289.523,363.677,0.738,-1,-1,-1
714,4,0.000,846.688,274.962,363.677,0.738,-1,-1,-1
739,5,0.068,942.129,788.949,714.165,0.623,-1,-1,-1
740,5,2.975,951.997,896.645,758.599,0.910,-1,-1,-1
741,5,2.630,958.647,989.269,702.065,0.973,-1,-1,-1
742,5,0.522,972.317,1071.778,645.243,0.990,-1,-1,-1
743,5,154.108,976.163,1007.280,586.786,0.998,-1,-1,-1
744,5,320.247,974.966,915.551,566.573,0.998,-1,-1,-1
745,5,459.495,967.214,840.999,536.677,0.999,-1,-1,-1
746,5,591.167,980.028,755.727,503.151,0.999,-1,-1,-1
747,5,697.370,985.780,703.295,476.506,1.000,-1,-1,-1
748,5,805.232,986.775,646.239,457.966,0.999,-1,-1,-1
749,5,887.751,991.611,606.528,437.168,0.999,-1,-1,-1
750,5,955.529,998.918,581.937,414.458,0.999,-1,-1,-1
751,5,1029.554,1004.088,545.414,391.270,1.000,-1,-1,-1
752,5,1091.222,1005.098,517.365,376.745,1.000,-1,-1,-1
753,5,1147.104,1010.685,480.544,348.527,1.000,-1,-1,-1
754,5,1203.703,1014.380,444.404,331.970,1.000,-1,-1,-1
755,5,1250.494,1016.180,422.164,312.994,1.000,-1,-1,-1
756,5,1296.419,1018.772,393.090,300.004,1.000,-1,-1,-1
757,5,1336.593,1017.620,371.245,292.792,1.000,-1,-1,-1
758,5,1372.026,1017.881,350.546,280.769,1.000,-1,-1,-1
759,5,1402.737,1019.279,332.482,272.289,0.999,-1,-1,-1
760,5,1430.592,1019.858,321.730,263.873,0.999,-1,-1,-1
761,5,1458.530,1019.878,301.566,249.966,0.999,-1,-1,-1
762,5,1483.399,1018.645,290.785,247.950,0.999,-1,-1,-1
763,5,1511.788,1019.686,272.877,235.870,0.999,-1,-1,-1
764,5,1531.877,1016.980,264.835,232.142,0.999,-1,-1,-1
765,5,1550.268,1015.285,251.902,226.739,0.999,-1,-1,-1
766,5,1568.371,1020.779,241.731,212.999,0.999,-1,-1,-1
767,5,1578.925,1014.952,236.226,218.842,0.999,-1,-1,-1
768,5,1593.839,1013.912,224.178,211.279,0.999,-1,-1,-1
769,5,1607.825,1013.770,213.674,204.272,0.999,-1,-1,-1
770,5,1616.122,1011.086,208.560,201.748,0.999,-1,-1,-1
771,5,1628.059,1012.129,200.735,191.460,0.998,-1,-1,-1
772,5,1636.646,1010.115,195.306,188.269,0.998,-1,-1,-1
773,5,1645.950,1008.071,190.667,184.183,0.998,-1,-1,-1
774,5,1653.784,1007.371,186.306,177.403,0.998,-1,-1,-1
775,5,1659.381,1006.342,183.608,173.300,0.998,-1,-1,-1
776,5,1667.227,1005.625,180.106,169.561,0.998,-1,-1,-1
777,5,1672.498,1004.858,177.150,167.490,0.998,-1,-1,-1
778,5,1676.930,1002.716,177.268,164.131,0.998,-1,-1,-1
779,5,1682.284,1000.021,172.482,160.860,0.997,-1,-1,-1
780,5,1688.922,997.930,168.160,159.024,0.997,-1,-1,-1
781,5,1693.161,995.360,164.855,157.568,0.997,-1,-1,-1
782,5,1697.938,994.805,162.406,154.586,0.997,-1,-1,-1
783,5,1700.093,991.870,163.045,155.372,0.996,-1,-1,-1
784,5,1703.729,990.629,160.605,151.935,0.996,-1,-1,-1
785,5,1706.703,988.506,156.708,149.807,0.995,-1,-1,-1
786,5,1710.564,987.118,152.773,146.645,0.994,-1,-1,-1
787,5,1714.168,986.436,150.063,143.866,0.993,-1,-1,-1
788,5,1715.441,985.751,149.355,143.035,0.994,-1,-1,-1
789,5,1718.333,981.367,147.770,144.282,0.994,-1,-1,-1
790,5,1720.150,979.979,147.009,141.939,0.993,-1,-1,-1
791,5,1721.921,978.076,144.817,140.367,0.992,-1,-1,-1
792,5,1721.058,977.461,144.678,137.626,0.991,-1,-1,-1
793,5,1722.125,976.127,143.132,136.924,0.992,-1,-1,-1
794,5,1724.188,976.173,140.500,135.487,0.992,-1,-1,-1
795,5,1725.524,974.900,140.600,134.634,0.991,-1,-1,-1
796,5,1727.123,972.497,139.136,132.791,0.990,-1,-1,-1
797,5,1728.558,972.667,135.751,128.506,0.986,-1,-1,-1
798,5,1729.223,973.553,133.316,123.934,0.979,-1,-1,-1
799,5,1730.765,971.617,133.196,124.551,0.982,-1,-1,-1
800,5,1731.073,970.821,132.905,122.083,0.976,-1,-1,-1
801,5,1729.750,968.699,134.203,121.607,0.975,-1,-1,-1
802,5,1729.003,967.372,135.836,118.903,0.967,-1,-1,-1
803,5,1730.237,966.265,133.855,116.970,0.954,-1,-1,-1
804,5,1729.373,964.163,134.101,117.569,0.937,-1,-1,-1
805,5,1730.706,962.440,131.730,117.313,0.927,-1,-1,-1
806,5,1730.845,960.462,127.207,116.582,0.910,-1,-1,-1
807,5,1730.694,961.564,123.459,112.701,0.769,-1,-1,-1
808,5,1729.448,958.337,123.114,114.000,0.652,-1,-1,-1
809,5,1728.364,956.795,123.114,114.000,0.652,-1,-1,-1
810,5,1727.249,955.600,123.114,114.000,0.652,-1,-1,-1
811,5,1726.561,954.849,123.114,114.000,0.652,-1,-1,-1
812,5,1726.277,954.238,123.114,114.000,0.652,-1,-1,-1
938,6,2.240,1242.244,654.731,678.223,0.766,-1,-1,-1
939,6,1.361,1206.540,789.818,717.102,0.890,-1,-1,-1
940,6,2.171,1214.791,912.906,709.762,0.940,-1,-1,-1
941,6,3.004,1228.632,1031.001,697.409,0.975,-1,-1,-1
942,6,3.245,1241.132,1147.810,682.622,0.994,-1,-1,-1
943,6,21.985,1251.729,1233.398,667.601,0.997,-1,-1,-1
944,6,198.704,1255.865,1174.217,653.050,0.998,-1,-1,-1
945,6,333.875,1259.661,1156.804,628.260,0.998,-1,-1,-1
946,6,475.451,1268.556,1119.681,601.754,0.998,-1,-1,-1
947,6,623.485,1279.265,1064.792,573.848,0.998,-1,-1,-1
948,6,757.952,1299.783,1017.585,551.179,0.998,-1,-1,-1
949,6,888.706,1320.453,967.292,527.585,0.998,-1,-1,-1
950,6,999.025,1333.894,926.585,511.341,0.998,-1,-1,-1
951,6,1107.140,1354.400,892.542,499.183,0.999,-1,-1,-1
952,6,1220.816,1375.007,853.507,486.351,0.999,-1,-1,-1
953,6,1328.055,1393.016,828.456,475.883,0.998,-1,-1,-1
954,6,1414.154,1405.849,822.805,475.233,0.998,-1,-1,-1
955,6,1511.115,1421.006,801.557,469.437,0.998,-1,-1,-1
956,6,1609.002,1437.520,797.934,462.792,0.997,-1,-1,-1
957,6,1699.556,1447.236,786.197,464.041,0.997,-1,-1,-1
958,6,1781.748,1463.059,773.771,462.389,0.993,-1,-1,-1
959,6,1863.919,1483.098,690.966,445.793,0.985,-1,-1,-1
960,6,1943.252,1507.922,611.440,423.990,0.910,-1,-1,-1
961,6,2017.455,1531.196,537.367,400.656,0.831,-1,-1,-1
962,6,2078.056,1552.750,477.146,378.619,0.793,-1,-1,-1
963,6,2151.012,1576.367,406.214,354.765,0.611,-1,-1,-1
964,6,2179.955,1585.918,379.045,333.082,0.611,-1,-1,-1
965,6,2200.984,1592.685,358.016,326.315,0.611,-1,-1,-1
966,6,2214.579,1597.130,344.421,321.870,0.611,-1,-1,-1
967,6,2222.076,1599.466,336.924,319.534,0.611,-1,-1,-1
971,8,1657.398,915.872,124.700,113.039,0.514,-1,-1,-1
972,8,1657.402,915.974,124.700,113.039,0.514,-1,-1,-1
973,8,1657.397,916.086,124.700,113.039,0.514,-1,-1,-1
974,8,1655.988,915.454,127.469,117.090,0.666,-1,-1,-1
975,8,1657.274,916.522,127.573,117.891,0.798,-1,-1,-1
976,8,1658.345,919.993,126.182,116.355,0.847,-1,-1,-1
977,8,1659.127,921.593,126.388,115.968,0.886,-1,-1,-1
978,8,1660.523,921.517,126.644,117.194,0.904,-1,-1,-1
979,8,1661.904,922.027,125.427,117.311,0.879,-1,-1,-1
980,8,1662.790,923.454,126.260,117.414,0.906,-1,-1,-1
981,8,1662.407,924.950,126.197,116.772,0.921,-1,-1,-1
982,8,1662.819,925.108,125.599,117.318,0.926,-1,-1,-1
983,8,1662.615,925.810,126.217,117.869,0.930,-1,-1,-1
984,8,1661.575,926.539,127.597,117.644,0.941,-1,-1,-1
985,8,1660.766,926.443,128.639,118.655,0.948,-1,-1,-1
986,8,1659.604,927.368,129.640,118.280,0.932,-1,-1,-1
987,8,1657.405,928.082,132.716,118.607,0.955,-1,-1,-1
988,8,1656.657,928.326,133.758,119.112,0.965,-1,-1,-1
989,8,1655.913,926.910,132.975,121.347,0.960,-1,-1,-1
990,8,1655.365,928.004,132.424,121.363,0.964,-1,-1,-1
991,8,1653.832,927.654,133.461,123.011,0.976,-1,-1,-1
992,8,1652.355,928.299,136.117,124.523,0.983,-1,-1,-1
993,8,1649.950,927.354,138.196,125.983,0.984,-1,-1,-1
994,8,1647.966,927.905,139.935,126.680,0.987,-1,-1,-1
995,8,1645.622,928.402,140.594,127.221,0.987,-1,-1,-1
996,8,1642.595,930.581,141.364,126.419,0.989,-1,-1,-1
997,8,1641.485,929.539,141.031,129.409,0.990,-1,-1,-1
998,8,1637.183,928.973,142.286,130.715,0.990,-1,-1,-1
999,8,1633.997,931.362,140.203,127.759,0.988,-1,-1,-1
1000,8,1629.856,933.946,140.840,126.103,0.989,-1,-1,-1
1001,8,1628.274,934.600,142.635,126.657,0.990,-1,-1,-1
1002,8,1626.205,934.804,142.592,127.394,0.990,-1,-1,-1
1003,8,1622.004,938.940,142.600,126.505,0.991,-1,-1,-1
1004,8,1619.617,939.705,143.913,128.067,0.992,-1,-1,-1
1005,8,1615.614,938.542,145.689,131.418,0.993,-1,-1,-1
1006,8,1613.585,938.951,145.402,132.209,0.993,-1,-1,-1
1007,8,1609.881,938.508,146.489,134.197,0.993,-1,-1,-1
1008,8,1606.969,936.315,147.553,137.100,0.994,-1,-1,-1
1009,8,1602.873,937.709,148.770,136.185,0.993,-1,-1,-1
1010,8,1599.303,937.796,149.778,137.479,0.994,-1,-1,-1
1011,8,1594.547,940.052,152.684,136.642,0.994,-1,-1,-1
1012,8,1590.841,939.416,153.520,137.441,0.995,-1,-1,-1
1013,8,1585.727,939.570,156.016,140.437,0.995,-1,-1,-1
1014,8,1580.577,940.695,157.876,141.071,0.996,-1,-1,-1
1015,8,1574.854,938.630,159.667,147.223,0.996,-1,-1,-1
1016,8,1569.233,936.675,162.437,150.605,0.997,-1,-1,-1
1017,8,1563.359,935.117,163.850,151.853,0.996,-1,-1,-1
1018,8,1558.449,936.942,165.690,150.093,0.997,-1,-1,-1
1019,8,1551.152,937.085,171.423,153.662,0.997,-1,-1,-1
1020,8,1545.203,935.280,174.152,157.928,0.997,-1,-1,-1
1021,8,1539.168,936.834,177.072,158.467,0.998,-1,-1,-1
1022,8,1532.980,937.647,179.502,159.472,0.998,-1,-1,-1
1023,8,1527.236,939.869,179.842,159.293,0.998,-1,-1,-1
1024,8,1519.575,940.981,182.658,158.679,0.998,-1,-1,-1
1025,8,1510.356,942.775,186.230,160.522,0.998,-1,-1,-1
1026,8,1500.026,939.850,192.419,166.631,0.998,-1,-1,-1
1027,8,1491.570,940.570,193.462,167.550,0.998,-1,-1,-1
1028,8,1481.630,938.949,195.745,172.334,0.998,-1,-1,-1
1029,8,1472.917,941.512,197.048,173.004,0.997,-1,-1,-1
1030,8,1461.420,938.013,203.260,179.424,0.997,-1,-1,-1
1031,8,1452.407,940.070,207.797,178.307,0.998,-1,-1,-1
1032,8,1438.896,941.863,215.326,177.708,0.997,-1,-1,-1
1033,8,1425.240,939.679,219.682,184.217,0.997,-1,-1,-1
1034,8,1410.102,937.028,226.400,190.963,0.999,-1,-1,-1
1035,8,1395.959,940.063,233.109,190.755,0.999,-1,-1,-1
1036,8,1381.293,937.226,240.376,196.820,0.999,-1,-1,-1
1037,8,1363.521,932.212,245.435,206.115,0.999,-1,-1,-1
1038,8,1347.128,933.485,248.772,209.097,0.999,-1,-1,-1
1039,8,1327.668,932.560,258.848,211.441,0.999,-1,-1,-1
1040,8,1313.642,932.828,262.979,213.110,0.999,-1,-1,-1
1041,8,1283.212,932.805,284.240,217.958,0.999,-1,-1,-1
1042,8,1258.083,930.710,296.387,221.338,0.999,-1,-1,-1
1043,8,1230.600,929.508,311.601,227.673,0.999,-1,-1,-1
1044,8,1209.341,925.073,316.831,238.256,0.999,-1,-1,-1
1045,8,1178.831,923.250,329.952,240.833,1.000,-1,-1,-1
1046,8,1148.709,920.237,347.061,249.906,1.000,-1,-1,-1
1047,8,1107.564,916.785,368.894,255.995,1.000,-1,-1,-1
1048,8,1070.525,914.842,378.873,262.413,1.000,-1,-1,-1
1049,8,1035.217,913.880,397.162,269.122,1.000,-1,-1,-1
1050,8,988.161,911.178,422.341,279.957,1.000,-1,-1,-1
1051,8,945.532,904.602,445.931,293.666,1.000,-1,-1,-1
1052,8,901.987,901.015,470.509,301.392,1.000,-1,-1,-1
1053,8,839.513,895.938,502.919,316.680,1.000,-1,-1,-1
1054,8,784.720,888.862,524.754,330.604,1.000,-1,-1,-1
1055,8,719.867,878.881,556.292,349.161,1.000,-1,-1,-1
1056,8,648.134,869.398,591.868,364.253,1.000,-1,-1,-1
1057,8,561.364,859.439,635.427,377.005,0.999,-1,-1,-1
1058,8,482.197,848.195,662.204,390.774,0.999,-1,-1,-1
1059,8,379.045,836.817,704.950,403.655,0.999,-1,-1,-1
1060,8,267.547,828.720,761.168,422.155,0.999,-1,-1,-1
1061,8,144.652,822.869,819.639,434.824,0.998,-1,-1,-1
1062,8,3.404,774.752,748.917,509.631,0.808,-1,-1,-1
1063,8,0.000,771.948,665.234,509.631,0.808,-1,-1,-1
1064,8,0.000,770.133,594.504,509.631,0.808,-1,-1,-1
1065,8,0.000,768.089,540.452,509.631,0.808,-1,-1,-1
1066,8,0.000,765.944,505.132,509.631,0.808,-1,-1,-1
1079,9,2190.607,1477.898,363.530,337.066,0.626,-1,-1,-1
1080,9,2165.889,1467.574,388.086,344.632,0.866,-1,-1,-1
1081,9,2140.999,1452.891,412.647,362.875,0.599,-1,-1,-1
1082,9,2108.267,1437.925,443.781,366.076,0.601,-1,-1,-1
1083,9,2074.054,1427.792,477.242,369.536,0.887,-1,-1,-1
1084,9,2038.071,1409.044,512.396,362.301,0.979,-1,-1,-1
1085,9,1999.699,1392.034,550.467,371.677,0.958,-1,-1,-1
1086,9,1949.590,1369.794,600.222,374.758,0.985,-1,-1,-1
1087,9,1899.195,1356.197,630.855,351.504,0.997,-1,-1,-1
1088,9,1855.027,1331.090,623.990,353.473,0.998,-1,-1,-1
1089,9,1798.848,1310.580,615.191,344.105,0.998,-1,-1,-1
1090,9,1744.058,1292.724,604.951,334.416,0.999,-1,-1,-1
1091,9,1691.530,1275.314,599.638,333.062,0.999,-1,-1,-1
1092,9,1628.027,1251.406,599.688,339.113,0.999,-1,-1,-1
1093,9,1564.894,1230.142,605.997,337.490,0.999,-1,-1,-1
1094,9,1503.707,1207.889,612.932,339.055,0.999,-1,-1,-1
1095,9,1443.681,1187.901,608.491,331.510,0.999,-1,-1,-1
1096,9,1377.984,1169.388,615.463,328.218,0.999,-1,-1,-1
1097,9,1307.726,1154.008,623.278,327.593,0.999,-1,-1,-1
1098,9,1237.908,1130.380,635.961,337.731,0.999,-1,-1,-1
1099,9,1161.655,1119.116,652.589,335.329,1.000,-1,-1,-1
1100,9,1090.085,1100.187,659.673,335.085,1.000,-1,-1,-1
1101,9,1014.508,1079.193,671.636,344.640,1.000,-1,-1,-1
1102,9,940.278,1070.348,680.602,346.377,1.000,-1,-1,-1
1103,9,864.462,1054.122,677.412,348.965,1.000,-1,-1,-1
1104,9,778.342,1039.412,687.487,348.091,1.000,-1,-1,-1
1105,9,688.683,1024.656,701.328,350.118,1.000,-1,-1,-1
1106,9,596.361,1009.016,719.564,353.647,1.000,-1,-1,-1
1107,9,495.769,992.538,754.649,364.892,1.000,-1,-1,-1
1108,9,387.090,980.450,778.465,371.431,0.999,-1,-1,-1
1109,9,272.517,967.251,800.275,380.358,0.999,-1,-1,-1
1110,9,141.155,955.709,837.096,386.886,0.999,-1,-1,-1
1111,9,21.256,941.536,867.814,403.047,0.995,-1,-1,-1
1111,11,698.545,658.560,246.534,175.901,0.636,-1,-1,-1
1112,9,4.436,924.701,795.677,423.258,0.961,-1,-1,-1
1112,11,690.309,656.629,246.290,177.404,0.548,-1,-1,-1
1113,9,3.935,914.657,693.625,433.733,0.953,-1,-1,-1
1113,11,686.131,656.024,246.290,177.404,0.548,-1,-1,-1
1114,9,2.202,908.250,583.562,432.241,0.874,-1,-1,-1
1114,11,660.831,655.815,250.573,179.181,0.543,-1,-1,-1
1115,9,2.158,915.671,462.033,423.815,0.608,-1,-1,-1
1115,11,651.740,655.862,249.473,178.809,0.699,-1,-1,-1
1116,9,0.000,912.575,419.793,423.815,0.608,-1,-1,-1
1116,11,641.628,653.234,249.808,182.838,0.588,-1,-1,-1
1117,9,0.000,910.827,385.974,423.815,0.608,-1,-1,-1
1117,11,626.192,651.659,253.622,182.400,0.872,-1,-1,-1
1118,9,0.000,910.021,362.464,423.815,0.608,-1,-1,-1
1118,11,615.004,648.491,250.870,181.881,0.761,-1,-1,-1
1119,9,0.000,910.651,350.307,423.815,0.608,-1,-1,-1
1119,11,598.185,647.174,254.783,182.805,0.830,-1,-1,-1
1120,11,588.005,645.830,254.783,182.805,0.830,-1,-1,-1
1121,11,572.747,643.579,260.085,181.848,0.802,-1,-1,-1
1122,11,564.740,642.167,260.085,181.848,0.802,-1,-1,-1
1123,11,554.716,641.064,260.533,183.430,0.846,-1,-1,-1
1124,11,542.455,637.233,261.676,186.050,0.718,-1,-1,-1
1125,11,528.355,631.548,264.820,192.399,0.890,-1,-1,-1
1126,11,521.366,629.829,260.917,191.789,0.779,-1,-1,-1
1127,11,512.775,628.344,260.917,191.789,0.779,-1,-1,-1
1128,11,501.164,619.423,263.596,200.057,0.529,-1,-1,-1
1129,11,490.727,617.650,264.402,205.093,0.809,-1,-1,-1
1130,11,483.078,613.433,263.364,209.950,0.552,-1,-1,-1
1131,11,475.408,611.211,264.749,214.420,0.781,-1,-1,-1
1132,11,468.727,610.658,269.474,216.198,0.807,-1,-1,-1
1133,11,462.827,610.522,269.474,216.198,0.807,-1,-1,-1
1134,11,458.932,610.237,269.474,216.198,0.807,-1,-1,-1
1135,11,452.269,613.084,271.691,219.145,0.847,-1,-1,-1
1136,11,446.877,618.990,271.497,218.925,0.957,-1,-1,-1
1137,11,442.882,624.705,264.779,219.356,0.981,-1,-1,-1
1138,11,437.684,623.913,267.524,222.689,0.968,-1,-1,-1
1139,11,435.021,629.476,260.579,220.796,0.973,-1,-1,-1
1140,11,434.940,635.354,245.743,221.851,0.986,-1,-1,-1
1141,11,431.881,640.136,242.718,224.964,0.989,-1,-1,-1
1142,11,432.983,643.220,237.558,225.340,0.975,-1,-1,-1
1143,11,431.965,643.952,237.179,230.634,0.987,-1,-1,-1
1144,11,431.537,646.365,234.103,233.150,0.991,-1,-1,-1
1145,11,430.884,649.668,234.569,235.493,0.993,-1,-1,-1
1146,11,432.694,651.782,233.543,239.744,0.992,-1,-1,-1
1147,11,433.291,653.656,230.891,244.498,0.994,-1,-1,-1
1148,11,431.951,654.059,234.099,250.884,0.988,-1,-1,-1
1149,11,432.323,656.208,234.038,251.402,0.989,-1,-1,-1
1150,11,435.028,662.726,234.037,250.517,0.991,-1,-1,-1
1151,11,435.551,663.354,236.800,255.719,0.987,-1,-1,-1
1152,11,438.236,668.162,237.690,256.656,0.991,-1,-1,-1
1153,11,439.412,671.126,238.758,259.696,0.989,-1,-1,-1
1154,11,442.664,674.637,238.995,258.828,0.992,-1,-1,-1
1155,11,443.719,676.763,242.049,265.540,0.993,-1,-1,-1
1156,11,444.283,681.621,245.628,268.492,0.990,-1,-1,-1
1157,11,443.889,683.254,251.863,273.100,0.992,-1,-1,-1
1158,11,445.380,686.832,256.558,277.729,0.988,-1,-1,-1
1159,11,442.426,687.100,262.860,290.900,0.988,-1,-1,-1
1160,11,443.150,695.340,261.978,291.184,0.967,-1,-1,-1
1161,11,440.802,696.321,265.238,301.434,0.958,-1,-1,-1
1162,11,438.662,702.451,267.548,305.719,0.945,-1,-1,-1
1163,11,436.437,709.404,268.338,308.735,0.887,-1,-1,-1
1164,11,428.924,715.675,276.041,318.065,0.911,-1,-1,-1
1165,11,421.076,718.795,277.993,322.845,0.817,-1,-1,-1
1166,11,407.063,728.947,290.304,324.371,0.980,-1,-1,-1
1167,11,389.806,734.958,303.622,329.909,0.985,-1,-1,-1
1168,11,370.891,736.764,315.225,336.084,0.957,-1,-1,-1
1169,11,352.506,743.175,331.192,342.885,0.985,-1,-1,-1
1170,11,321.872,750.031,363.519,349.122,0.993,-1,-1,-1
1171,11,291.466,760.546,393.748,352.364,0.993,-1,-1,-1
1172,11,258.007,764.091,421.387,360.479,0.993,-1,-1,-1
1173,11,216.572,766.413,452.478,368.819,0.997,-1,-1,-1
1174,11,177.318,770.228,484.217,375.817,0.997,-1,-1,-1
1175,11,121.892,778.652,516.272,382.536,0.995,-1,-1,-1
1176,11,59.738,783.585,560.168,389.864,0.995,-1,-1,-1
1177,11,10.107,783.684,589.523,403.202,0.986,-1,-1,-1
1178,11,4.236,781.673,567.006,418.119,0.957,-1,-1,-1
1179,11,3.440,776.677,542.859,434.398,0.761,-1,-1,-1
1180,11,3.192,768.135,508.050,451.275,0.561,-1,-1,-1
1181,11,0.000,771.187,494.721,451.275,0.561,-1,-1,-1
1182,11,0.000,772.886,485.191,451.275,0.561,-1,-1,-1
1183,11,0.000,773.495,479.086,451.275,0.561,-1,-1,-1
1184,11,0.000,773.477,475.556,451.275,0.561,-1,-1,-1
1262,12,4.149,1071.157,686.762,777.767,0.654,-1,-1,-1
1263,12,4.264,1054.772,850.605,810.019,0.948,-1,-1,-1
1264,12,6.914,1050.665,986.611,758.196,0.979,-1,-1,-1
1265,12,31.482,1059.894,1071.203,670.572,0.997,-1,-1,-1
1266,12,260.949,1054.207,950.436,606.154,0.999,-1,-1,-1
1267,12,458.277,1048.500,844.228,560.359,0.999,-1,-1,-1
1268,12,617.585,1047.091,751.492,516.178,0.999,-1,-1,-1
1269,12,758.390,1047.633,675.004,489.764,0.999,-1,-1,-1
1270,12,880.542,1049.477,608.274,454.149,0.999,-1,-1,-1
1271,12,972.752,1052.456,564.613,425.271,1.000,-1,-1,-1
1272,12,1054.953,1049.788,532.248,400.013,1.000,-1,-1,-1
1273,12,1135.311,1048.547,481.003,373.770,1.000,-1,-1,-1
1274,12,1202.411,1055.306,445.152,345.616,1.000,-1,-1,-1
1275,12,1258.250,1052.649,415.660,329.936,1.000,-1,-1,-1
1276,12,1309.332,1053.379,388.100,310.402,1.000,-1,-1,-1
1277,12,1356.237,1049.906,362.069,293.531,1.000,-1,-1,-1
1278,12,1391.599,1048.299,342.641,281.045,1.000,-1,-1,-1
1279,12,1428.911,1045.676,318.832,274.520,0.999,-1,-1,-1
1280,12,1465.693,1045.596,299.684,266.044,0.999,-1,-1,-1
1281,12,1494.687,1045.079,284.065,255.062,1.000,-1,-1,-1
1282,12,1522.617,1041.527,269.163,248.081,1.000,-1,-1,-1
1283,12,1545.095,1041.961,253.790,236.315,0.999,-1,-1,-1
1284,12,1566.335,1040.509,242.772,225.049,0.999,-1,-1,-1
1285,12,1581.479,1037.064,238.551,219.867,0.999,-1,-1,-1
1286,12,1597.530,1035.682,226.885,211.759,0.999,-1,-1,-1
1287,12,1611.262,1029.739,214.670,209.955,0.999,-1,-1,-1
1288,12,1622.357,1029.170,207.135,201.432,0.998,-1,-1,-1
1289,12,1635.694,1027.103,198.350,192.803,0.998,-1,-1,-1
1290,12,1642.811,1023.886,194.230,189.354,0.999,-1,-1,-1
1291,12,1652.853,1017.815,188.743,187.891,0.998,-1,-1,-1
1292,12,1660.624,1013.921,187.176,185.657,0.994,-1,-1,-1
1293,12,1666.426,1012.378,183.684,178.655,0.998,-1,-1,-1
1294,12,1674.493,1010.542,176.803,171.686,0.998,-1,-1,-1
1295,12,1679.964,1006.590,171.793,167.025,0.998,-1,-1,-1
1296,12,1682.922,1004.615,170.375,163.520,0.997,-1,-1,-1
1297,12,1685.599,1002.287,167.561,159.122,0.997,-1,-1,-1
1298,12,1690.110,999.369,163.733,157.812,0.997,-1,-1,-1
1299,12,1689.544,997.255,165.157,156.381,0.997,-1,-1,-1
1300,12,1693.870,992.376,161.746,155.321,0.997,-1,-1,-1
1301,12,1696.570,990.874,158.924,151.903,0.997,-1,-1,-1
1302,12,1699.662,988.232,155.280,149.556,0.996,-1,-1,-1
1303,12,1702.141,986.466,153.412,146.197,0.996,-1,-1,-1
1304,12,1703.675,984.434,150.225,144.340,0.995,-1,-1,-1
1305,12,1707.055,981.447,146.824,142.037,0.995,-1,-1,-1
1306,12,1709.889,979.609,144.580,139.557,0.994,-1,-1,-1
1307,12,1711.885,977.336,142.728,139.130,0.994,-1,-1,-1
1308,12,1712.223,975.750,141.191,136.181,0.993,-1,-1,-1
1309,12,1714.465,974.442,140.061,134.034,0.992,-1,-1,-1
1310,12,1716.867,972.890,134.670,128.497,0.990,-1,-1,-1
1311,12,1718.599,971.956,132.069,126.685,0.988,-1,-1,-1
1312,12,1719.719,971.215,129.366,124.286,0.985,-1,-1,-1
1313,12,1721.592,968.909,127.315,123.034,0.983,-1,-1,-1
1314,12,1722.369,965.270,126.506,123.443,0.983,-1,-1,-1
1315,12,1722.250,963.228,125.667,122.515,0.982,-1,-1,-1
1316,12,1722.300,961.511,125.571,121.257,0.979,-1,-1,-1
1317,12,1722.060,959.685,127.702,121.750,0.982,-1,-1,-1
1318,12,1722.492,959.312,126.348,119.313,0.979,-1,-1,-1
1319,12,1722.665,958.714,125.244,118.651,0.978,-1,-1,-1
1320,12,1724.927,958.290,123.070,115.720,0.970,-1,-1,-1
1321,12,1726.418,957.110,120.549,114.491,0.954,-1,-1,-1
1322,12,1727.627,956.782,119.212,112.245,0.928,-1,-1,-1
1323,12,1727.711,956.660,119.630,110.347,0.915,-1,-1,-1
1324,12,1726.655,955.089,119.069,109.451,0.902,-1,-1,-1
1325,12,1728.047,953.333,118.365,109.296,0.846,-1,-1,-1
1326,12,1725.983,952.484,119.630,108.818,0.656,-1,-1,-1
1327,12,1727.555,951.037,118.388,107.855,0.544,-1,-1,-1
1328,12,1720.694,948.561,118.800,108.742,0.501,-1,-1,-1
1329,12,1719.474,947.172,118.800,108.742,0.501,-1,-1,-1
1330,12,1718.048,946.136,118.800,108.742,0.501,-1,-1,-1
1331,12,1716.912,945.274,118.800,108.742,0.501,-1,-1,-1
1332,12,1715.586,944.793,118.800,108.742,0.501,-1,-1,-1
1357,13,1632.157,927.551,121.259,105.566,0.649,-1,-1,-1
1358,13,1629.475,928.859,123.035,107.255,0.776,-1,-1,-1
1359,13,1629.492,930.336,124.193,109.132,0.816,-1,-1,-1
1360,13,1627.431,932.538,125.815,111.233,0.905,-1,-1,-1
1361,13,1624.726,934.852,126.300,110.777,0.906,-1,-1,-1
1362,13,1620.374,936.026,127.707,112.031,0.918,-1,-1,-1
1363,13,1618.539,939.400,129.065,111.894,0.942,-1,-1,-1
1364,13,1616.281,941.185,130.522,114.868,0.966,-1,-1,-1
1365,13,1610.084,943.858,133.377,116.561,0.977,-1,-1,-1
1366,13,1604.527,944.922,135.429,119.282,0.979,-1,-1,-1
1367,13,1598.423,944.838,137.315,122.822,0.984,-1,-1,-1
1368,13,1592.377,947.230,138.309,124.115,0.985,-1,-1,-1
1369,13,1584.299,948.825,141.546,127.177,0.989,-1,-1,-1
1370,13,1575.789,948.521,144.908,132.209,0.992,-1,-1,-1
1371,13,1567.402,949.797,148.086,134.819,0.990,-1,-1,-1
1372,13,1559.781,950.079,152.350,136.917,0.993,-1,-1,-1
1373,13,1547.765,952.250,157.346,138.481,0.994,-1,-1,-1
1374,13,1535.440,953.674,161.728,143.068,0.996,-1,-1,-1
1375,13,1523.933,953.859,165.317,147.856,0.997,-1,-1,-1
1376,13,1508.505,954.731,169.866,151.335,0.997,-1,-1,-1
1377,13,1493.016,958.300,175.826,153.058,0.998,-1,-1,-1
1378,13,1472.974,959.419,185.005,157.608,0.998,-1,-1,-1
1379,13,1452.389,958.797,193.893,165.154,0.998,-1,-1,-1
1380,13,1431.999,958.665,200.724,168.440,0.998,-1,-1,-1
1381,13,1405.795,959.969,206.272,172.817,0.998,-1,-1,-1
1382,13,1378.701,961.510,212.872,175.274,0.998,-1,-1,-1
1383,13,1342.930,961.968,230.624,181.962,0.999,-1,-1,-1
1384,13,1312.572,958.602,245.256,191.907,0.999,-1,-1,-1
1385,13,1276.955,960.951,251.430,191.209,0.999,-1,-1,-1
1386,13,1231.293,957.987,269.937,198.249,0.999,-1,-1,-1
1387,13,1184.960,958.446,289.848,201.744,0.999,-1,-1,-1
1388,13,1132.096,955.106,304.445,209.092,0.999,-1,-1,-1
1389,13,1074.768,952.381,325.646,215.977,0.999,-1,-1,-1
1390,13,1011.229,949.236,354.698,222.391,0.999,-1,-1,-1
1391,13,945.050,944.342,382.480,235.663,1.000,-1,-1,-1
1392,13,864.111,936.169,421.880,250.683,1.000,-1,-1,-1
1393,13,781.860,931.667,447.495,260.943,1.000,-1,-1,-1
1394,13,681.042,920.097,490.556,285.137,1.000,-1,-1,-1
1395,13,572.525,914.003,529.471,302.892,1.000,-1,-1,-1
1396,13,450.842,907.918,559.242,314.270,0.999,-1,-1,-1
1397,13,309.563,895.113,629.697,340.295,0.999,-1,-1,-1
1398,13,144.265,889.929,686.338,354.478,0.999,-1,-1,-1
1399,13,5.635,877.733,738.333,382.566,0.990,-1,-1,-1
1400,13,4.404,864.058,629.264,409.264,0.864,-1,-1,-1
1401,13,3.955,854.459,501.231,415.425,0.730,-1,-1,-1
1402,13,0.000,853.839,431.218,415.425,0.730,-1,-1,-1
1403,13,0.000,852.838,384.645,415.425,0.730,-1,-1,-1
1404,13,0.000,851.468,360.600,415.425,0.730,-1,-1,-1
1405,13,0.000,850.163,347.707,415.425,0.730,-1,-1,-1
1635,19,0.643,1049.663,751.314,668.474,0.864,-1,-1,-1
1636,19,2.310,1040.605,928.834,618.120,0.974,-1,-1,-1
1637,19,184.495,1041.788,887.481,540.185,0.999,-1,-1,-1
1638,19,440.732,1046.144,752.280,484.996,0.999,-1,-1,-1
1639,19,644.101,1052.666,650.891,437.307,0.999,-1,-1,-1
1640,19,801.378,1047.631,587.453,407.128,1.000,-1,-1,-1
1641,19,929.747,1052.464,526.112,367.344,1.000,-1,-1,-1
1642,19,1042.597,1057.476,471.050,332.514,1.000,-1,-1,-1
1643,19,1135.376,1057.267,427.158,310.795,1.000,-1,-1,-1
1644,19,1217.595,1053.710,381.067,284.967,1.000,-1,-1,-1
1645,19,1286.277,1053.695,342.283,268.703,1.000,-1,-1,-1
1646,19,1343.226,1051.822,321.312,254.791,1.000,-1,-1,-1
1647,19,1395.362,1052.296,290.891,242.260,0.999,-1,-1,-1
1648,19,1438.588,1049.337,271.706,231.767,0.999,-1,-1,-1
1649,19,1477.277,1044.410,255.564,224.147,0.999,-1,-1,-1
1650,19,1508.286,1041.499,240.576,213.866,0.999,-1,-1,-1
1651,19,1538.146,1041.709,224.742,203.912,0.999,-1,-1,-1
1652,19,1564.084,1037.748,212.629,195.161,0.999,-1,-1,-1
1653,19,1580.253,1035.870,206.537,186.334,0.999,-1,-1,-1
1654,19,1598.939,1030.355,201.969,183.916,0.999,-1,-1,-1
1655,19,1615.237,1028.819,189.841,177.155,0.998,-1,-1,-1
1656,19,1630.940,1026.041,179.869,169.889,0.998,-1,-1,-1
1657,19,1641.415,1021.359,172.201,166.531,0.998,-1,-1,-1
1658,19,1652.491,1018.351,169.457,160.490,0.998,-1,-1,-1
1659,19,1661.287,1013.239,164.669,158.272,0.997,-1,-1,-1
1660,19,1671.225,1010.316,158.543,154.151,0.997,-1,-1,-1
1661,19,1676.937,1007.409,156.764,149.972,0.997,-1,-1,-1
1662,19,1684.283,1006.868,152.282,144.259,0.996,-1,-1,-1
1663,19,1686.178,1005.464,150.006,139.175,0.990,-1,-1,-1
1664,19,1693.652,1001.339,148.693,136.404,0.993,-1,-1,-1
1665,19,1697.609,997.655,146.905,135.990,0.993,-1,-1,-1
1666,19,1702.766,996.095,143.561,132.772,0.992,-1,-1,-1
1667,19,1704.963,993.206,143.037,132.884,0.992,-1,-1,-1
1668,19,1710.585,990.334,139.490,129.956,0.989,-1,-1,-1
1669,19,1714.703,988.638,137.165,128.185,0.988,-1,-1,-1
1670,19,1718.945,986.588,131.824,122.679,0.982,-1,-1,-1
1671,19,1719.044,984.078,128.866,119.451,0.981,-1,-1,-1
1672,19,1722.970,982.094,127.562,118.116,0.974,-1,-1,-1
1673,19,1723.585,979.245,127.409,118.266,0.972,-1,-1,-1
1674,19,1723.701,975.762,125.221,116.917,0.969,-1,-1,-1
1675,19,1725.602,973.251,122.704,113.901,0.965,-1,-1,-1
1676,19,1726.217,971.372,123.983,112.360,0.955,-1,-1,-1
1677,19,1726.946,969.632,123.583,110.487,0.928,-1,-1,-1
1678,19,1728.255,967.214,120.960,110.969,0.830,-1,-1,-1
1679,19,1732.255,965.617,119.688,110.400,0.698,-1,-1,-1
1680,19,1733.998,962.541,120.345,112.072,0.727,-1,-1,-1
1681,19,1735.191,960.738,120.345,112.072,0.727,-1,-1,-1
1682,19,1736.280,959.458,120.345,112.072,0.727,-1,-1,-1
1683,19,1737.370,958.607,120.345,112.072,0.727,-1,-1,-1
1684,19,1737.788,958.121,120.345,112.072,0.727,-1,-1,-1
1787,21,1.839,1053.732,797.459,775.704,0.843,-1,-1,-1
1788,21,5.011,1049.701,977.164,711.918,0.983,-1,-1,-1
1789,21,204.163,1053.722,919.770,615.041,0.998,-1,-1,-1
1790,21,473.589,1046.980,786.254,556.406,0.999,-1,-1,-1
1791,21,687.369,1046.918,665.426,494.954,0.999,-1,-1,-1
1792,21,860.279,1048.101,577.248,457.158,0.999,-1,-1,-1
1793,21,978.926,1052.731,523.185,416.127,0.999,-1,-1,-1
1794,21,1096.507,1054.962,466.398,379.692,1.000,-1,-1,-1
1795,21,1188.521,1056.666,419.408,346.421,1.000,-1,-1,-1
1796,21,1263.288,1053.834,384.186,323.155,1.000,-1,-1,-1
1797,21,1331.154,1050.566,349.781,304.929,1.000,-1,-1,-1
1798,21,1386.400,1047.323,325.396,285.807,0.999,-1,-1,-1
1799,21,1438.709,1044.560,296.307,272.219,0.999,-1,-1,-1
1800,21,1480.511,1045.809,272.024,258.313,0.999,-1,-1,-1
1801,21,1511.701,1041.755,259.199,247.788,0.999,-1,-1,-1
1802,21,1544.896,1039.687,238.068,233.860,0.999,-1,-1,-1
1803,21,1570.550,1039.742,224.536,218.056,0.999,-1,-1,-1
1804,21,1589.088,1033.701,216.305,213.597,0.998,-1,-1,-1
1805,21,1608.805,1035.034,206.599,200.863,0.998,-1,-1,-1
1806,21,1623.696,1029.712,194.932,193.906,0.998,-1,-1,-1
1807,21,1636.821,1030.273,185.689,181.663,0.998,-1,-1,-1
1808,21,1647.871,1024.561,180.687,180.688,0.998,-1,-1,-1
1809,21,1657.657,1018.943,175.604,174.429,0.998,-1,-1,-1
1810,21,1669.339,1014.984,171.036,167.196,0.997,-1,-1,-1
1811,21,1678.059,1010.600,166.492,162.086,0.997,-1,-1,-1
1812,21,1684.617,1005.554,161.219,160.105,0.996,-1,-1,-1
1813,21,1690.834,1003.889,159.371,155.959,0.996,-1,-1,-1
1814,21,1695.093,1002.304,155.742,151.549,0.995,-1,-1,-1
1815,21,1699.108,1000.627,154.628,148.321,0.995,-1,-1,-1
1816,21,1704.426,997.309,153.195,145.412,0.995,-1,-1,-1
1817,21,1710.352,994.348,147.816,142.691,0.994,-1,-1,-1
1818,21,1715.034,991.449,144.647,139.942,0.993,-1,-1,-1
1819,21,1716.258,988.787,144.916,138.190,0.990,-1,-1,-1
1820,21,1719.530,987.604,142.606,134.028,0.987,-1,-1,-1
1821,21,1721.267,985.384,140.311,131.783,0.985,-1,-1,-1
1822,21,1724.499,982.246,137.526,130.636,0.982,-1,-1,-1
1823,21,1726.063,980.054,136.532,127.984,0.972,-1,-1,-1
1824,21,1725.530,977.600,135.361,125.495,0.946,-1,-1,-1
1825,21,1727.683,976.036,132.459,122.320,0.913,-1,-1,-1
1826,21,1728.422,973.922,131.634,120.919,0.901,-1,-1,-1
1827,21,1729.527,970.786,131.500,119.794,0.899,-1,-1,-1
1828,21,1732.000,969.702,131.256,115.705,0.795,-1,-1,-1
1829,21,1732.440,967.362,133.029,115.270,0.647,-1,-1,-1
1830,21,1729.077,963.746,132.433,116.844,0.697,-1,-1,-1
1831,21,1729.896,961.844,129.395,115.873,0.552,-1,-1,-1
1832,21,1729.759,959.658,129.395,115.873,0.552,-1,-1,-1
1833,21,1729.153,958.095,129.395,115.873,0.552,-1,-1,-1
1834,21,1728.283,957.027,129.395,115.873,0.552,-1,-1,-1
1835,21,1728.147,956.519,129.395,115.873,0.552,-1,-1,-1
1900,24,-0.129,481.211,405.220,330.898,0.646,-1,-1,-1
1901,24,0.127,474.371,428.905,344.456,0.563,-1,-1,-1
1902,24,0.701,474.744,445.200,348.626,0.622,-1,-1,-1
1903,24,1.512,475.909,465.262,355.835,0.677,-1,-1,-1
1904,24,3.371,485.070,484.256,356.646,0.831,-1,-1,-1
1905,24,4.352,489.940,502.248,357.034,0.890,-1,-1,-1
1906,24,4.403,496.298,520.165,359.620,0.941,-1,-1,-1
1907,24,7.677,495.584,528.285,366.468,0.855,-1,-1,-1
1908,24,15.184,497.789,532.214,368.955,0.928,-1,-1,-1
1909,24,26.235,506.129,535.966,367.946,0.947,-1,-1,-1
1910,24,44.689,512.677,533.850,365.126,0.947,-1,-1,-1
1911,24,59.551,511.174,536.417,370.935,0.979,-1,-1,-1
1912,24,76.594,510.822,528.747,379.012,0.974,-1,-1,-1
1913,24,89.361,518.669,526.787,376.161,0.985,-1,-1,-1
1914,24,109.313,523.534,522.626,377.748,0.986,-1,-1,-1
1915,24,121.947,530.660,521.518,378.687,0.986,-1,-1,-1
1916,24,136.280,537.519,519.100,384.313,0.985,-1,-1,-1
1917,24,148.199,545.575,519.625,379.824,0.990,-1,-1,-1
1918,24,157.947,545.605,514.082,383.143,0.980,-1,-1,-1
1919,24,169.080,549.051,509.076,380.306,0.967,-1,-1,-1
1920,24,177.692,550.932,506.060,382.241,0.965,-1,-1,-1
1921,24,181.674,560.475,507.859,375.727,0.991,-1,-1,-1
1922,24,186.226,564.652,510.146,374.038,0.988,-1,-1,-1
1923,24,196.566,564.121,506.599,379.867,0.984,-1,-1,-1
1924,24,206.166,566.515,504.374,381.650,0.986,-1,-1,-1
1925,24,212.433,566.593,503.280,383.620,0.981,-1,-1,-1
1926,24,219.250,566.847,500.667,387.955,0.973,-1,-1,-1
1927,24,221.972,566.514,499.386,391.776,0.969,-1,-1,-1
1928,24,227.947,568.420,497.990,392.492,0.968,-1,-1,-1
1929,24,231.427,568.579,500.495,394.029,0.969,-1,-1,-1
1930,24,232.365,568.778,505.089,398.637,0.957,-1,-1,-1
1931,24,238.212,569.714,501.682,401.717,0.963,-1,-1,-1
1932,24,242.845,574.771,501.967,398.359,0.979,-1,-1,-1
1933,24,244.136,580.420,505.811,399.529,0.986,-1,-1,-1
1934,24,247.776,584.473,504.764,403.899,0.989,-1,-1,-1
1935,24,258.985,583.347,502.175,412.811,0.990,-1,-1,-1
1936,24,264.383,586.781,507.824,416.509,0.995,-1,-1,-1
1937,24,274.330,591.576,501.109,417.308,0.988,-1,-1,-1
1938,24,287.084,604.861,496.612,412.526,0.983,-1,-1,-1
1939,24,299.103,613.616,499.529,417.274,0.980,-1,-1,-1
1940,24,323.604,628.718,490.705,413.213,0.984,-1,-1,-1
1941,24,339.108,639.729,492.667,409.938,0.968,-1,-1,-1
1942,24,353.673,639.264,500.720,429.056,0.962,-1,-1,-1
1943,24,373.907,657.960,497.005,416.197,0.956,-1,-1,-1
1944,24,388.652,669.401,505.623,420.387,0.991,-1,-1,-1
1945,24,405.778,680.258,510.549,421.870,0.995,-1,-1,-1
1946,24,422.442,684.167,519.548,424.714,0.995,-1,-1,-1
1947,24,438.910,697.084,528.860,423.768,0.995,-1,-1,-1
1948,24,461.081,714.259,537.416,428.545,0.995,-1,-1,-1
1949,24,487.334,742.518,547.319,423.570,0.993,-1,-1,-1
1950,24,512.263,755.475,556.271,426.593,0.997,-1,-1,-1
1951,24,546.548,769.617,562.493,423.045,0.997,-1,-1,-1
1952,24,576.769,778.712,576.676,430.207,0.998,-1,-1,-1
1953,24,606.910,782.700,581.223,445.138,0.998,-1,-1,-1
1954,24,647.346,800.339,579.519,439.907,0.998,-1,-1,-1
1955,24,685.905,815.440,581.761,447.391,0.998,-1,-1,-1
1956,24,726.379,829.703,573.656,446.431,0.999,-1,-1,-1
1957,24,768.738,841.317,572.460,448.100,0.998,-1,-1,-1
1958,24,816.580,852.594,563.837,450.249,0.999,-1,-1,-1
1959,24,866.319,859.641,567.776,452.664,0.999,-1,-1,-1
1960,24,914.883,881.302,554.962,439.603,0.999,-1,-1,-1
1961,24,954.467,888.023,555.673,439.508,0.998,-1,-1,-1
1962,24,997.527,901.074,558.246,435.258,0.998,-1,-1,-1
1963,24,1034.893,912.626,563.479,429.201,0.999,-1,-1,-1
1964,24,1073.766,927.238,554.562,417.753,0.999,-1,-1,-1
1965,24,1120.070,938.608,541.438,407.453,0.999,-1,-1,-1
1966,24,1159.694,947.729,534.088,402.778,0.999,-1,-1,-1
1967,24,1196.835,957.118,522.796,389.116,0.999,-1,-1,-1
1968,24,1235.297,969.547,506.229,376.333,0.999,-1,-1,-1
1969,24,1276.779,974.254,491.032,371.521,0.999,-1,-1,-1
1970,24,1313.151,992.375,475.571,352.288,0.999,-1,-1,-1
1971,24,1347.050,995.701,457.555,345.183,0.999,-1,-1,-1
1972,24,1379.816,1002.725,441.605,339.178,0.999,-1,-1,-1
1973,24,1412.212,1006.264,426.417,329.074,0.999,-1,-1,-1
1974,24,1439.783,1014.400,411.662,322.729,0.999,-1,-1,-1
1975,24,1469.871,1017.979,393.721,315.005,0.999,-1,-1,-1
1976,24,1498.002,1024.034,379.065,305.891,0.999,-1,-1,-1
1977,24,1535.881,1025.585,353.925,305.279,0.998,-1,-1,-1
1978,24,1551.401,1030.885,349.386,295.228,0.996,-1,-1,-1
1979,24,1575.308,1033.537,332.588,287.898,0.997,-1,-1,-1
1980,24,1597.965,1038.264,322.124,281.885,0.998,-1,-1,-1
1981,24,1618.392,1040.561,304.069,274.426,0.998,-1,-1,-1
1982,24,1633.483,1042.651,293.988,266.806,0.997,-1,-1,-1
1983,24,1644.895,1040.954,288.140,266.956,0.998,-1,-1,-1
1984,24,1657.603,1041.098,274.312,260.007,0.993,-1,-1,-1
1985,24,1670.987,1041.266,263.589,253.396,0.996,-1,-1,-1
1986,24,1686.235,1040.700,254.000,246.615,0.994,-1,-1,-1
1987,24,1696.341,1037.173,244.408,247.714,0.993,-1,-1,-1
1988,24,1703.191,1030.312,241.979,245.471,0.990,-1,-1,-1
1989,24,1711.467,1031.780,233.835,236.580,0.980,-1,-1,-1
1990,24,1719.962,1031.191,226.567,229.599,0.736,-1,-1,-1
1990,27,1647.911,921.707,123.729,119.619,0.761,-1,-1,-1
1991,24,1726.132,1026.103,225.077,228.535,0.942,-1,-1,-1
1991,27,1645.801,922.309,126.011,120.020,0.731,-1,-1,-1
1992,24,1732.434,1026.423,220.627,220.843,0.963,-1,-1,-1
1992,27,1645.730,923.959,127.060,120.909,0.736,-1,-1,-1
1993,24,1739.625,1025.479,208.357,210.264,0.973,-1,-1,-1
1993,27,1643.699,925.142,128.138,121.497,0.757,-1,-1,-1
1994,24,1743.457,1021.526,208.064,208.209,0.909,-1,-1,-1
1994,27,1642.926,927.856,127.597,120.298,0.863,-1,-1,-1
1995,24,1744.946,1017.686,207.958,211.079,0.896,-1,-1,-1
1995,27,1640.945,930.478,129.002,121.216,0.918,-1,-1,-1
1996,24,1750.184,1016.358,204.130,206.779,0.964,-1,-1,-1
1996,27,1639.195,932.021,129.367,121.697,0.922,-1,-1,-1
1997,24,1757.419,1015.049,197.372,198.854,0.870,-1,-1,-1
1997,27,1636.018,933.236,131.830,122.811,0.944,-1,-1,-1
1998,24,1759.517,1013.069,194.146,194.497,0.943,-1,-1,-1
1998,27,1634.953,933.892,131.442,122.766,0.939,-1,-1,-1
1999,24,1761.176,1009.927,189.125,192.643,0.982,-1,-1,-1
1999,27,1633.378,934.128,134.229,126.119,0.954,-1,-1,-1
2000,24,1763.574,1007.600,186.839,186.379,0.976,-1,-1,-1
2000,27,1631.422,935.141,135.747,127.462,0.967,-1,-1,-1
2001,24,1767.182,1006.512,181.972,179.083,0.942,-1,-1,-1
2001,27,1630.420,936.258,136.032,128.605,0.967,-1,-1,-1
2002,24,1770.114,999.384,180.704,176.429,0.928,-1,-1,-1
2002,27,1628.001,938.186,136.510,127.219,0.969,-1,-1,-1
2003,24,1772.074,995.531,176.094,176.372,0.968,-1,-1,-1
2003,27,1624.893,940.180,138.214,128.479,0.970,-1,-1,-1
2004,24,1773.072,991.112,174.554,174.863,0.942,-1,-1,-1
2004,27,1624.429,941.641,138.636,129.344,0.975,-1,-1,-1
2005,24,1774.526,990.545,169.033,170.830,0.952,-1,-1,-1
2005,27,1623.698,942.119,138.052,129.744,0.973,-1,-1,-1
2006,24,1775.202,989.975,167.440,170.790,0.983,-1,-1,-1
2006,27,1620.434,943.673,138.718,131.965,0.973,-1,-1,-1
2007,24,1773.202,985.653,168.857,171.798,0.966,-1,-1,-1
2007,27,1618.863,943.903,139.319,134.826,0.974,-1,-1,-1
2008,24,1773.399,986.838,161.538,163.658,0.984,-1,-1,-1
2008,27,1614.966,944.935,140.806,134.359,0.975,-1,-1,-1
2009,24,1774.347,982.716,163.034,166.217,0.986,-1,-1,-1
2009,27,1609.546,945.886,143.909,136.317,0.982,-1,-1,-1
2010,24,1771.726,982.020,161.834,164.337,0.988,-1,-1,-1
2010,27,1606.958,946.407,146.190,138.402,0.981,-1,-1,-1
2011,24,1768.192,979.791,159.554,161.082,0.980,-1,-1,-1
2011,27,1605.163,946.789,146.627,140.832,0.985,-1,-1,-1
2012,24,1768.860,978.665,156.112,160.582,0.988,-1,-1,-1
2012,27,1601.667,946.738,149.183,142.468,0.985,-1,-1,-1
2013,24,1769.277,979.075,149.632,154.899,0.987,-1,-1,-1
2013,27,1599.822,947.652,148.295,141.892,0.985,-1,-1,-1
2014,24,1767.445,974.964,149.751,155.828,0.979,-1,-1,-1
2014,27,1596.029,948.069,149.748,142.966,0.986,-1,-1,-1
2015,24,1762.363,972.369,152.771,154.671,0.983,-1,-1,-1
2015,27,1592.922,949.301,150.142,144.270,0.987,-1,-1,-1
2016,24,1759.685,969.006,151.937,156.670,0.981,-1,-1,-1
2016,27,1586.375,950.135,153.481,147.349,0.990,-1,-1,-1
2017,24,1754.486,967.508,153.664,155.707,0.929,-1,-1,-1
2017,27,1579.754,951.191,158.164,150.834,0.991,-1,-1,-1
2018,24,1755.109,968.791,146.171,148.679,0.967,-1,-1,-1
2018,27,1574.716,952.527,160.754,151.457,0.992,-1,-1,-1
2019,24,1754.773,968.632,143.525,145.439,0.968,-1,-1,-1
2019,27,1570.652,953.295,162.552,155.038,0.994,-1,-1,-1
2020,24,1752.734,966.436,140.394,143.307,0.969,-1,-1,-1
2020,27,1566.077,953.280,164.513,158.534,0.995,-1,-1,-1
2021,24,1754.020,965.478,138.567,140.534,0.938,-1,-1,-1
2021,27,1559.780,954.295,169.110,163.053,0.996,-1,-1,-1
2022,24,1754.984,965.437,132.954,136.944,0.888,-1,-1,-1
2022,27,1552.074,954.689,175.136,165.442,0.996,-1,-1,-1
2023,24,1755.501,964.590,132.485,134.165,0.839,-1,-1,-1
2023,27,1545.508,955.661,179.662,167.391,0.997,-1,-1,-1
2024,24,1752.442,961.988,136.587,134.424,0.846,-1,-1,-1
2024,27,1539.104,956.766,182.976,168.487,0.997,-1,-1,-1
2025,24,1752.064,961.557,138.149,131.555,0.782,-1,-1,-1
2025,27,1528.353,957.148,190.006,171.301,0.997,-1,-1,-1
2026,24,1751.364,961.048,137.311,130.396,0.701,-1,-1,-1
2026,27,1520.781,956.377,195.505,173.765,0.998,-1,-1,-1
2027,24,1751.072,959.504,137.311,130.396,0.701,-1,-1,-1
2027,27,1375.891,954.047,251.678,212.420,0.999,-1,-1,-1
2028,24,1750.719,958.389,137.311,130.396,0.701,-1,-1,-1
2028,27,1357.156,953.172,254.013,212.417,0.999,-1,-1,-1
2029,24,1750.564,957.749,137.311,130.396,0.701,-1,-1,-1
2029,27,1336.602,951.200,260.061,217.154,0.998,-1,-1,-1
2030,24,1750.325,957.478,137.311,130.396,0.701,-1,-1,-1
2030,27,1310.627,947.514,273.920,223.405,0.999,-1,-1,-1
2031,27,1286.090,947.315,285.798,227.490,0.999,-1,-1,-1
2032,27,1253.227,947.611,301.982,230.021,0.999,-1,-1,-1
2033,27,1221.006,947.943,314.644,233.531,0.999,-1,-1,-1
2034,27,1189.294,946.138,325.454,239.403,0.999,-1,-1,-1
2035,27,1157.220,947.382,338.475,239.236,0.999,-1,-1,-1
2036,27,1114.640,944.417,353.884,244.766,0.999,-1,-1,-1
2037,27,1071.540,942.320,370.640,253.382,0.999,-1,-1,-1
2038,27,1027.146,937.111,391.465,265.340,0.999,-1,-1,-1
2039,27,976.519,933.861,414.474,277.122,1.000,-1,-1,-1
2040,27,927.262,926.800,440.770,287.062,1.000,-1,-1,-1
2041,27,876.004,920.789,456.260,298.352,1.000,-1,-1,-1
2042,27,808.225,913.874,485.888,315.280,1.000,-1,-1,-1
2043,27,736.090,906.423,516.485,329.413,1.000,-1,-1,-1
2044,27,669.535,899.488,536.735,339.694,0.999,-1,-1,-1
2045,27,587.282,887.849,571.866,352.193,0.999,-1,-1,-1
2046,27,497.460,878.677,604.682,365.849,0.999,-1,-1,-1
2047,27,411.252,868.649,615.418,376.209,0.999,-1,-1,-1
2048,27,298.931,855.749,667.677,392.950,0.999,-1,-1,-1
2049,27,175.240,847.274,718.477,403.816,0.997,-1,-1,-1
2050,27,41.590,838.559,774.841,419.687,0.993,-1,-1,-1
2051,27,5.347,823.041,733.805,444.676,0.897,-1,-1,-1
2052,27,4.077,806.116,651.454,462.714,0.713,-1,-1,-1
2053,27,0.000,803.167,594.938,462.714,0.713,-1,-1,-1
2054,27,0.000,800.828,554.004,462.714,0.713,-1,-1,-1
2055,27,0.000,798.646,534.163,462.714,0.713,-1,-1,-1
2056,27,0.000,797.050,525.683,462.714,0.713,-1,-1,-1
2180,31,1619.891,931.153,131.178,115.656,0.863,-1,-1,-1
2180,32,711.999,1120.927,623.363,457.262,0.999,-1,-1,-1
2181,31,1618.188,932.039,131.656,115.978,0.873,-1,-1,-1
2181,32,881.207,1115.770,551.410,416.710,0.999,-1,-1,-1
2182,31,1616.732,935.337,130.025,116.184,0.821,-1,-1,-1
2182,32,1002.828,1114.689,491.976,382.197,0.999,-1,-1,-1
2183,31,1614.495,937.789,129.717,116.343,0.832,-1,-1,-1
2183,32,1110.536,1112.078,447.706,343.685,1.000,-1,-1,-1
2184,31,1611.603,939.713,129.924,116.532,0.861,-1,-1,-1
2184,32,1205.133,1104.153,402.279,325.169,1.000,-1,-1,-1
2185,31,1606.965,942.020,130.164,118.666,0.886,-1,-1,-1
2185,32,1278.036,1100.276,369.415,298.666,1.000,-1,-1,-1
2186,31,1602.200,944.149,130.659,120.555,0.892,-1,-1,-1
2186,32,1346.662,1099.959,339.776,276.525,1.000,-1,-1,-1
2187,31,1595.376,945.292,134.377,120.437,0.913,-1,-1,-1
2187,32,1398.710,1093.556,315.163,260.105,0.999,-1,-1,-1
2188,31,1585.573,945.666,139.786,122.869,0.944,-1,-1,-1
2188,32,1451.585,1092.436,285.825,242.454,0.999,-1,-1,-1
2189,31,1578.653,946.110,143.201,125.197,0.950,-1,-1,-1
2189,32,1491.966,1089.104,265.818,229.912,0.999,-1,-1,-1
2190,31,1569.121,945.210,150.774,127.808,0.968,-1,-1,-1
2190,32,1521.295,1082.680,258.046,226.577,0.999,-1,-1,-1
2191,31,1557.780,945.531,156.724,132.775,0.950,-1,-1,-1
2191,32,1554.764,1080.864,243.430,219.672,0.998,-1,-1,-1
2192,31,1550.282,948.215,156.002,133.692,0.946,-1,-1,-1
2192,32,1582.151,1075.875,231.036,211.197,0.998,-1,-1,-1
2193,31,1543.872,947.961,156.023,137.098,0.936,-1,-1,-1
2193,32,1609.349,1072.707,211.302,203.396,0.998,-1,-1,-1
2194,31,1527.718,948.483,162.802,141.582,0.990,-1,-1,-1
2194,32,1631.996,1067.779,201.646,191.381,0.998,-1,-1,-1
2195,31,1515.776,949.840,164.731,145.703,0.993,-1,-1,-1
2195,32,1656.541,1062.214,189.115,184.266,0.998,-1,-1,-1
2196,31,1502.912,953.457,167.879,146.821,0.992,-1,-1,-1
2196,32,1671.620,1059.972,181.347,174.971,0.996,-1,-1,-1
2197,31,1490.166,954.677,169.480,151.970,0.994,-1,-1,-1
2197,32,1682.406,1056.202,175.036,169.351,0.995,-1,-1,-1
2198,31,1470.442,956.532,178.787,155.029,0.995,-1,-1,-1
2198,32,1693.445,1053.804,171.230,164.575,0.995,-1,-1,-1
2199,31,1452.314,958.687,182.590,156.195,0.997,-1,-1,-1
2199,32,1703.776,1050.586,162.835,157.054,0.994,-1,-1,-1
2200,31,1428.849,958.215,192.691,163.193,0.998,-1,-1,-1
2200,32,1710.350,1043.201,160.581,154.036,0.992,-1,-1,-1
2201,31,1402.240,957.526,200.672,165.830,0.998,-1,-1,-1
2201,32,1717.999,1041.065,153.218,149.202,0.991,-1,-1,-1
2202,31,1378.616,958.625,205.751,172.367,0.998,-1,-1,-1
2202,32,1723.686,1035.446,150.077,148.141,0.992,-1,-1,-1
2203,31,1344.067,959.784,223.983,173.364,0.998,-1,-1,-1
2203,32,1729.630,1033.247,145.583,141.699,0.989,-1,-1,-1
2204,31,1312.475,954.779,235.347,185.011,0.999,-1,-1,-1
2204,32,1735.153,1027.602,143.050,137.050,0.985,-1,-1,-1
2205,31,1271.634,954.892,250.480,189.522,0.999,-1,-1,-1
2205,32,1739.087,1023.022,140.937,135.200,0.978,-1,-1,-1
2206,31,1226.746,955.751,268.280,191.910,0.999,-1,-1,-1
2206,32,1739.312,1019.251,144.327,134.994,0.978,-1,-1,-1
2207,31,1178.215,950.617,293.066,203.053,0.998,-1,-1,-1
2207,32,1744.114,1016.110,139.895,133.039,0.967,-1,-1,-1
2208,31,1124.044,949.764,305.709,206.836,0.997,-1,-1,-1
2208,32,1746.599,1012.514,137.951,135.138,0.973,-1,-1,-1
2209,31,1060.105,942.075,331.590,217.930,0.999,-1,-1,-1
2209,32,1748.915,1008.567,137.447,134.700,0.972,-1,-1,-1
2210,31,993.275,936.792,362.676,225.518,0.999,-1,-1,-1
2210,32,1753.902,1006.282,133.427,129.950,0.968,-1,-1,-1
2211,31,921.949,932.667,392.486,235.174,1.000,-1,-1,-1
2211,32,1755.539,1003.571,131.713,126.473,0.945,-1,-1,-1
2212,31,826.509,924.605,432.922,250.912,1.000,-1,-1,-1
2212,32,1754.388,999.799,128.507,122.552,0.919,-1,-1,-1
2213,31,733.012,912.829,464.115,268.179,0.999,-1,-1,-1
2213,32,1752.079,998.175,129.423,119.843,0.800,-1,-1,-1
2214,31,616.004,904.033,509.080,283.925,0.999,-1,-1,-1
2214,32,1750.395,992.286,130.861,121.729,0.693,-1,-1,-1
2215,31,475.325,894.794,549.014,293.869,0.999,-1,-1,-1
2215,32,1753.543,989.955,126.323,117.592,0.595,-1,-1,-1
2216,31,321.308,881.138,619.820,316.709,0.999,-1,-1,-1
2216,32,1752.596,986.324,126.323,117.592,0.595,-1,-1,-1
2217,31,131.557,863.111,688.402,338.570,0.999,-1,-1,-1
2217,32,1752.194,983.824,126.323,117.592,0.595,-1,-1,-1
2218,31,5.775,848.758,701.431,364.378,0.985,-1,-1,-1
2218,32,1755.373,982.628,122.018,110.941,0.541,-1,-1,-1
2219,31,3.544,831.256,562.466,379.753,0.863,-1,-1,-1
2219,32,1755.736,980.789,122.018,110.941,0.541,-1,-1,-1
2220,31,0.000,827.136,472.999,379.753,0.863,-1,-1,-1
2220,32,1755.923,979.811,122.018,110.941,0.541,-1,-1,-1
2221,31,0.000,823.474,403.712,379.753,0.863,-1,-1,-1
2221,32,1756.118,978.832,122.018,110.941,0.541,-1,-1,-1
2222,31,0.000,821.234,365.516,379.753,0.863,-1,-1,-1
2222,32,1756.317,977.851,122.018,110.941,0.541,-1,-1,-1
2223,31,0.000,819.287,351.173,379.753,0.863,-1,-1,-1
