525,26,818.730,407.908,197.210,168.489,0.721,-1,-1,-1
526,26,814.023,409.069,202.790,174.238,0.924,-1,-1,-1
527,26,809.758,407.905,206.664,170.386,0.876,-1,-1,-1
528,26,813.872,409.531,203.756,170.587,0.956,-1,-1,-1
529,26,806.293,409.739,211.450,170.662,0.974,-1,-1,-1
530,26,809.945,409.262,207.673,166.048,0.962,-1,-1,-1
531,26,812.585,409.426,204.581,164.290,0.948,-1,-1,-1
532,26,815.057,408.817,201.807,163.926,0.925,-1,-1,-1
533,26,816.783,410.408,200.091,161.095,0.945,-1,-1,-1
534,26,819.917,411.114,196.811,159.933,0.970,-1,-1,-1
535,26,820.255,411.645,196.062,159.171,0.975,-1,-1,-1
536,26,819.920,411.555,197.052,159.548,0.970,-1,-1,-1
537,26,819.465,412.649,197.793,158.165,0.979,-1,-1,-1
538,26,820.608,412.723,196.965,157.760,0.981,-1,-1,-1
539,26,820.282,412.776,197.058,157.502,0.985,-1,-1,-1
540,26,820.253,413.176,197.378,157.027,0.986,-1,-1,-1
541,26,822.298,413.299,195.674,156.692,0.987,-1,-1,-1
542,26,821.713,413.047,196.354,156.685,0.985,-1,-1,-1
543,26,821.049,413.092,196.830,156.601,0.988,-1,-1,-1
544,26,820.378,412.882,197.331,156.623,0.987,-1,-1,-1
545,26,821.253,412.404,196.217,157.086,0.986,-1,-1,-1
546,26,820.722,412.480,196.751,156.981,0.988,-1,-1,-1
547,26,820.712,412.618,196.690,156.843,0.986,-1,-1,-1
548,26,820.867,412.928,196.472,156.112,0.988,-1,-1,-1
549,26,820.158,413.112,197.162,155.779,0.990,-1,-1,-1
550,26,819.172,413.043,197.871,155.689,0.991,-1,-1,-1
551,26,819.348,412.762,197.755,156.001,0.991,-1,-1,-1
552,26,818.109,412.358,198.332,156.532,0.991,-1,-1,-1
553,26,817.924,412.163,198.323,156.175,0.990,-1,-1,-1
554,26,817.534,412.078,198.884,156.226,0.991,-1,-1,-1
555,26,817.663,412.227,198.724,155.983,0.991,-1,-1,-1
556,26,817.796,412.555,198.470,155.714,0.992,-1,-1,-1
557,26,818.040,412.405,198.624,155.869,0.991,-1,-1,-1
558,26,818.380,412.673,198.461,155.656,0.991,-1,-1,-1
559,26,818.669,412.613,198.206,155.908,0.991,-1,-1,-1
560,26,819.288,412.954,197.883,155.951,0.990,-1,-1,-1
561,26,819.886,414.157,197.335,155.213,0.989,-1,-1,-1
562,26,819.985,413.524,197.192,155.871,0.990,-1,-1,-1
563,26,820.100,413.661,196.939,156.229,0.989,-1,-1,-1
564,26,820.578,413.377,196.355,156.433,0.984,-1,-1,-1
565,26,820.581,413.279,196.804,156.136,0.980,-1,-1,-1
566,26,820.762,413.515,196.472,155.805,0.980,-1,-1,-1
567,26,821.349,413.743,195.643,155.334,0.980,-1,-1,-1
568,26,821.554,412.894,195.429,155.120,0.982,-1,-1,-1
569,26,821.847,412.810,195.494,155.065,0.985,-1,-1,-1
570,26,821.625,412.165,195.707,155.832,0.983,-1,-1,-1
571,26,822.037,412.522,195.669,155.110,0.984,-1,-1,-1
572,26,822.518,412.396,196.112,155.603,0.984,-1,-1,-1
573,26,822.342,412.742,197.490,155.710,0.989,-1,-1,-1
574,26,820.976,412.781,198.675,155.792,0.991,-1,-1,-1
575,26,820.732,413.164,199.328,155.819,0.992,-1,-1,-1
576,26,820.116,413.557,199.564,155.709,0.993,-1,-1,-1
577,26,819.700,414.103,199.590,155.160,0.996,-1,-1,-1
578,26,819.604,413.643,199.597,155.429,0.996,-1,-1,-1
579,26,819.384,413.808,199.511,155.190,0.996,-1,-1,-1
580,26,819.096,413.857,199.719,155.209,0.996,-1,-1,-1
581,26,819.014,413.873,200.043,155.276,0.996,-1,-1,-1
582,26,818.812,414.014,199.941,155.162,0.996,-1,-1,-1
583,26,818.789,414.020,199.913,155.101,0.995,-1,-1,-1
584,26,818.164,413.884,200.363,155.180,0.996,-1,-1,-1
585,26,818.387,413.796,200.109,155.462,0.995,-1,-1,-1
586,26,818.200,413.600,200.215,155.509,0.995,-1,-1,-1
587,26,818.179,413.566,200.123,155.647,0.995,-1,-1,-1
588,26,818.300,413.282,199.859,155.857,0.993,-1,-1,-1
589,26,818.146,412.846,199.656,156.519,0.994,-1,-1,-1
590,26,817.976,412.872,199.744,156.498,0.993,-1,-1,-1
591,26,818.009,412.894,199.623,156.420,0.993,-1,-1,-1
592,26,818.177,412.791,199.328,156.301,0.993,-1,-1,-1
593,26,819.229,412.678,198.918,156.038,0.993,-1,-1,-1
594,26,819.204,412.483,198.757,156.215,0.993,-1,-1,-1
595,26,819.249,412.615,198.799,155.704,0.994,-1,-1,-1
596,26,819.250,412.582,198.765,155.598,0.994,-1,-1,-1
597,26,819.232,412.477,198.961,155.647,0.994,-1,-1,-1
598,26,819.208,412.443,199.011,155.748,0.994,-1,-1,-1
599,26,819.274,412.490,198.939,155.675,0.993,-1,-1,-1
600,26,819.126,412.324,198.914,155.764,0.994,-1,-1,-1
601,26,818.980,412.658,198.037,156.026,0.993,-1,-1,-1
602,26,818.943,412.634,198.169,156.067,0.993,-1,-1,-1
603,26,818.892,412.669,198.255,156.002,0.993,-1,-1,-1
604,26,819.065,412.675,198.115,155.902,0.994,-1,-1,-1
605,26,818.869,412.654,198.271,155.974,0.994,-1,-1,-1
606,26,818.776,412.609,198.331,155.910,0.994,-1,-1,-1
607,26,818.729,412.607,198.345,155.920,0.994,-1,-1,-1
608,26,818.737,412.678,198.410,155.881,0.993,-1,-1,-1
609,26,817.851,411.903,199.486,157.404,0.992,-1,-1,-1
610,26,817.973,411.908,199.200,157.485,0.992,-1,-1,-1
611,26,817.749,411.762,199.503,157.436,0.992,-1,-1,-1
612,26,817.708,411.649,199.512,157.551,0.992,-1,-1,-1
613,26,818.305,411.861,198.908,157.158,0.992,-1,-1,-1
614,26,818.279,411.863,198.937,157.132,0.992,-1,-1,-1
615,26,818.324,411.852,198.893,157.109,0.992,-1,-1,-1
616,26,818.370,411.777,198.816,157.269,0.991,-1,-1,-1
617,26,818.888,412.321,198.489,156.205,0.990,-1,-1,-1
618,26,818.621,412.259,198.657,156.275,0.990,-1,-1,-1
619,26,818.641,412.171,198.527,156.416,0.990,-1,-1,-1
620,26,818.676,412.253,198.398,156.378,0.990,-1,-1,-1
621,26,818.717,412.188,198.429,156.442,0.990,-1,-1,-1
622,26,818.671,412.218,198.505,156.382,0.991,-1,-1,-1
623,26,818.714,412.315,198.499,156.316,0.991,-1,-1,-1
624,26,818.860,412.527,198.025,156.038,0.991,-1,-1,-1
625,26,818.271,411.371,199.188,157.317,0.991,-1,-1,-1
626,26,818.487,411.452,199.068,157.368,0.991,-1,-1,-1
627,26,818.484,411.415,199.029,157.331,0.991,-1,-1,-1
628,26,818.564,411.484,198.862,157.285,0.991,-1,-1,-1
629,26,818.567,411.520,198.815,157.242,0.991,-1,-1,-1
630,26,818.623,411.590,198.752,157.183,0.991,-1,-1,-1
631,26,818.658,411.571,198.700,157.097,0.991,-1,-1,-1
632,26,818.569,411.447,198.847,157.388,0.991,-1,-1,-1
633,26,819.080,412.566,197.908,155.819,0.993,-1,-1,-1
634,26,819.042,412.432,198.009,156.021,0.993,-1,-1,-1
635,26,819.041,412.376,198.062,156.074,0.993,-1,-1,-1
636,26,819.046,412.410,197.922,156.059,0.993,-1,-1,-1
637,26,819.861,412.805,197.022,155.975,0.994,-1,-1,-1
638,26,819.700,412.645,197.198,156.014,0.994,-1,-1,-1
639,26,819.724,412.792,197.154,155.963,0.994,-1,-1,-1
640,26,819.735,412.645,197.217,156.008,0.994,-1,-1,-1
641,26,819.309,412.935,197.162,155.191,0.994,-1,-1,-1
642,26,819.294,413.005,197.294,155.207,0.994,-1,-1,-1
643,26,819.266,412.943,197.387,155.200,0.994,-1,-1,-1
644,26,819.469,413.040,197.280,155.174,0.993,-1,-1,-1
645,26,819.421,412.719,197.439,155.435,0.993,-1,-1,-1
646,26,819.476,412.771,197.415,155.629,0.993,-1,-1,-1
647,26,819.455,412.721,197.414,155.656,0.993,-1,-1,-1
648,26,819.510,412.697,197.423,155.592,0.993,-1,-1,-1
649,26,819.278,412.811,197.982,155.797,0.993,-1,-1,-1
650,26,819.354,412.900,198.049,155.472,0.994,-1,-1,-1
651,26,819.645,412.945,197.968,155.378,0.993,-1,-1,-1
652,26,819.956,413.209,197.883,155.348,0.993,-1,-1,-1
653,26,819.536,413.233,197.807,155.367,0.994,-1,-1,-1
654,26,819.711,413.407,197.730,155.318,0.994,-1,-1,-1
655,26,819.854,413.434,197.697,155.268,0.994,-1,-1,-1
656,26,819.938,413.601,197.595,155.138,0.994,-1,-1,-1
657,26,819.886,413.851,197.146,154.490,0.995,-1,-1,-1
658,26,819.442,414.058,197.595,154.500,0.994,-1,-1,-1
659,26,819.456,413.941,197.666,154.686,0.994,-1,-1,-1
660,26,819.563,414.069,197.558,154.771,0.995,-1,-1,-1
661,26,819.970,413.831,197.205,154.553,0.994,-1,-1,-1
661,35,1384.423,462.127,528.275,234.942,0.753,-1,-1,-1
662,26,819.593,413.707,197.776,154.389,0.994,-1,-1,-1
662,35,1337.374,465.817,535.676,239.311,0.948,-1,-1,-1
663,26,820.032,413.806,197.512,154.276,0.994,-1,-1,-1
663,35,1299.832,468.826,539.775,241.303,0.976,-1,-1,-1
664,26,820.324,414.132,197.144,153.933,0.995,-1,-1,-1
664,35,1246.545,474.730,547.031,239.770,0.990,-1,-1,-1
665,26,820.279,413.315,196.609,154.393,0.993,-1,-1,-1
665,35,1184.032,478.010,547.328,237.631,0.995,-1,-1,-1
666,26,820.430,413.200,196.617,154.223,0.994,-1,-1,-1
666,35,1128.817,483.559,548.302,234.228,0.998,-1,-1,-1
667,26,820.304,413.098,196.669,154.079,0.992,-1,-1,-1
667,35,1086.536,485.357,545.290,235.012,0.997,-1,-1,-1
668,26,820.267,413.010,196.565,154.228,0.993,-1,-1,-1
668,35,1032.852,488.758,542.681,231.738,0.997,-1,-1,-1
669,26,822.362,413.124,195.634,153.400,0.984,-1,-1,-1
669,35,978.789,490.086,549.692,230.922,0.999,-1,-1,-1
670,26,825.577,413.014,194.958,155.158,0.949,-1,-1,-1
670,35,917.650,489.874,550.672,231.349,0.998,-1,-1,-1
671,26,823.426,412.568,197.694,157.020,0.913,-1,-1,-1
671,35,877.164,487.857,545.677,233.877,0.998,-1,-1,-1
672,26,820.614,409.639,199.638,158.800,0.623,-1,-1,-1
672,35,829.283,485.920,541.954,235.029,0.999,-1,-1,-1
673,26,777.758,484.027,531.799,233.753,0.999,-1,-1,-1
673,35,779.455,485.650,541.954,235.029,0.999,-1,-1,-1
674,26,738.681,481.819,506.709,232.723,0.999,-1,-1,-1
674,35,736.003,484.982,541.954,235.029,0.999,-1,-1,-1
675,26,714.881,476.336,490.314,234.792,0.999,-1,-1,-1
675,35,704.397,484.212,541.954,235.029,0.999,-1,-1,-1
676,26,681.772,470.008,463.756,232.476,0.999,-1,-1,-1
676,35,681.294,483.553,541.954,235.029,0.999,-1,-1,-1
677,26,659.065,465.572,439.117,228.423,0.999,-1,-1,-1
678,26,631.625,462.625,412.147,225.094,0.999,-1,-1,-1
679,26,615.954,461.404,389.847,219.155,1.000,-1,-1,-1
680,26,601.374,457.464,368.499,214.947,0.999,-1,-1,-1
681,26,589.059,454.006,347.984,212.601,0.999,-1,-1,-1
682,26,576.890,449.855,326.728,208.044,0.999,-1,-1,-1
683,26,568.378,447.005,312.072,206.384,0.999,-1,-1,-1
684,26,556.547,444.887,296.812,199.907,0.999,-1,-1,-1
685,26,553.828,440.930,273.675,194.790,0.999,-1,-1,-1
686,26,551.580,437.364,255.003,191.939,0.999,-1,-1,-1
687,26,550.346,433.139,244.092,189.341,0.999,-1,-1,-1
688,26,547.154,430.594,236.754,186.477,0.998,-1,-1,-1
689,26,544.534,426.459,225.269,180.199,0.998,-1,-1,-1
690,26,542.187,423.611,222.007,178.409,0.998,-1,-1,-1
691,26,540.627,420.225,218.714,177.724,0.998,-1,-1,-1
692,26,541.599,415.325,212.008,178.024,0.998,-1,-1,-1
693,26,540.741,410.096,205.204,173.192,0.997,-1,-1,-1
694,26,540.677,404.488,202.292,171.874,0.996,-1,-1,-1
695,26,539.257,403.229,200.173,169.316,0.997,-1,-1,-1
696,26,539.854,398.832,197.438,167.604,0.997,-1,-1,-1
697,26,541.859,394.341,193.353,164.760,0.997,-1,-1,-1
698,26,542.051,391.067,192.347,160.996,0.997,-1,-1,-1
699,26,542.189,388.148,188.686,159.995,0.997,-1,-1,-1
700,26,540.508,384.093,187.540,159.052,0.997,-1,-1,-1
701,26,540.693,381.137,184.306,155.770,0.997,-1,-1,-1
702,26,539.500,375.781,185.458,157.272,0.997,-1,-1,-1
703,26,539.066,374.322,183.895,153.011,0.996,-1,-1,-1
704,26,538.554,372.670,181.543,150.310,0.995,-1,-1,-1
705,26,539.077,369.125,179.426,149.694,0.996,-1,-1,-1
706,26,540.782,365.503,176.029,148.337,0.997,-1,-1,-1
707,26,542.126,363.438,173.737,146.070,0.996,-1,-1,-1
708,26,542.958,358.354,171.448,145.962,0.996,-1,-1,-1
709,26,544.432,355.346,170.709,145.111,0.996,-1,-1,-1
710,26,546.766,353.210,166.596,140.908,0.996,-1,-1,-1
711,26,548.052,351.643,164.847,138.680,0.996,-1,-1,-1
712,26,548.457,348.469,165.203,137.071,0.997,-1,-1,-1
713,26,550.815,344.404,162.874,135.803,0.996,-1,-1,-1
714,26,551.885,341.913,160.861,135.311,0.996,-1,-1,-1
715,26,553.450,340.196,158.923,132.129,0.997,-1,-1,-1
716,26,553.971,336.476,157.896,133.246,0.996,-1,-1,-1
717,26,554.327,335.076,158.207,131.898,0.997,-1,-1,-1
718,26,555.242,333.053,156.780,130.083,0.996,-1,-1,-1
719,26,555.956,332.857,155.795,128.265,0.996,-1,-1,-1
720,26,556.702,328.124,154.609,129.080,0.997,-1,-1,-1
721,26,558.698,325.462,152.579,128.233,0.997,-1,-1,-1
722,26,559.732,322.524,150.596,127.770,0.996,-1,-1,-1
723,26,559.608,321.100,150.040,126.652,0.996,-1,-1,-1
724,26,560.077,319.878,149.384,126.029,0.996,-1,-1,-1
725,26,561.165,317.081,148.096,125.949,0.996,-1,-1,-1
726,26,561.278,315.687,147.829,125.269,0.997,-1,-1,-1
727,26,561.636,314.617,146.607,124.034,0.997,-1,-1,-1
728,26,562.619,313.200,144.654,122.674,0.996,-1,-1,-1
729,26,563.317,310.039,142.665,122.260,0.996,-1,-1,-1
730,26,563.965,306.898,142.156,120.397,0.996,-1,-1,-1
731,26,564.215,305.831,140.136,118.667,0.996,-1,-1,-1
732,26,564.613,304.016,139.840,118.383,0.996,-1,-1,-1
733,26,565.227,302.067,138.789,118.620,0.996,-1,-1,-1
734,26,565.901,301.055,136.384,118.193,0.995,-1,-1,-1
735,26,566.357,299.446,136.741,118.368,0.995,-1,-1,-1
736,26,565.979,297.576,134.983,117.195,0.995,-1,-1,-1
737,26,567.100,296.683,133.858,116.389,0.995,-1,-1,-1
738,26,567.897,294.369,131.706,116.073,0.995,-1,-1,-1
739,26,567.680,294.251,131.618,115.377,0.994,-1,-1,-1
740,26,567.996,292.307,131.959,116.468,0.995,-1,-1,-1
741,26,568.524,291.729,131.324,114.727,0.994,-1,-1,-1
742,26,568.711,290.056,130.283,114.219,0.995,-1,-1,-1
743,26,567.859,289.275,131.310,113.254,0.995,-1,-1,-1
744,26,567.396,287.517,130.796,113.256,0.993,-1,-1,-1
745,26,566.804,286.211,130.379,113.164,0.993,-1,-1,-1
746,26,567.953,285.055,129.264,112.336,0.992,-1,-1,-1
747,26,567.691,284.304,130.280,112.667,0.992,-1,-1,-1
748,26,567.982,283.023,129.741,112.282,0.992,-1,-1,-1
749,26,568.683,281.233,127.469,111.300,0.992,-1,-1,-1
750,26,570.197,280.430,125.830,109.050,0.990,-1,-1,-1
751,26,570.703,280.178,125.850,109.010,0.990,-1,-1,-1
752,26,571.895,278.153,124.487,108.014,0.988,-1,-1,-1
753,26,572.883,276.351,124.606,108.284,0.992,-1,-1,-1
754,26,574.459,275.974,123.783,106.205,0.992,-1,-1,-1
755,26,575.752,274.694,123.032,106.451,0.990,-1,-1,-1
756,26,576.609,273.815,122.894,106.115,0.991,-1,-1,-1
757,26,577.612,272.099,121.840,104.708,0.988,-1,-1,-1
758,26,577.015,272.623,122.069,103.680,0.988,-1,-1,-1
759,26,574.807,272.348,122.762,104.044,0.989,-1,-1,-1
760,26,571.869,270.829,123.305,104.136,0.990,-1,-1,-1
761,26,567.091,269.031,123.938,104.083,0.992,-1,-1,-1
762,26,559.373,267.242,126.732,106.178,0.994,-1,-1,-1
763,26,556.929,267.562,126.856,105.325,0.992,-1,-1,-1
764,26,549.513,267.229,128.829,104.756,0.982,-1,-1,-1
765,26,538.086,264.805,130.510,106.802,0.990,-1,-1,-1
766,26,527.551,263.812,133.022,106.202,0.985,-1,-1,-1
767,26,520.512,262.457,133.809,106.859,0.969,-1,-1,-1
768,26,505.802,262.852,138.272,105.900,0.959,-1,-1,-1
769,26,492.522,263.207,140.463,105.138,0.934,-1,-1,-1
770,26,474.826,264.013,151.055,105.372,0.984,-1,-1,-1
771,26,457.127,264.834,154.325,105.030,0.969,-1,-1,-1
772,26,446.803,263.028,153.632,104.679,0.802,-1,-1,-1
773,26,429.252,263.613,159.846,105.183,0.797,-1,-1,-1
774,26,407.932,262.477,168.520,107.390,0.644,-1,-1,-1
775,26,393.465,261.861,173.177,108.453,0.611,-1,-1,-1
776,26,382.613,261.592,173.177,108.453,0.611,-1,-1,-1
777,26,373.894,261.704,173.177,108.453,0.611,-1,-1,-1
778,26,368.061,261.617,173.177,108.453,0.611,-1,-1,-1
779,26,365.626,261.517,173.177,108.453,0.611,-1,-1,-1
947,52,854.583,838.341,551.975,242.709,0.586,-1,-1,-1
948,52,846.087,814.245,521.213,266.350,0.853,-1,-1,-1
949,52,837.708,790.785,500.988,289.287,0.962,-1,-1,-1
950,52,832.312,765.911,477.512,312.832,0.979,-1,-1,-1
951,52,831.737,747.372,457.912,330.340,0.993,-1,-1,-1
952,52,830.320,720.758,441.323,348.434,0.997,-1,-1,-1
953,52,834.456,699.070,420.853,348.726,0.998,-1,-1,-1
954,52,837.404,684.431,405.171,339.511,0.999,-1,-1,-1
955,52,845.602,671.299,398.579,332.464,0.999,-1,-1,-1
956,52,858.251,653.455,398.808,325.951,0.999,-1,-1,-1
957,52,872.835,641.173,407.915,316.194,0.999,-1,-1,-1
958,52,890.321,626.958,424.807,312.230,0.999,-1,-1,-1
959,52,913.328,618.439,434.019,308.672,0.999,-1,-1,-1
960,52,945.121,608.574,450.430,300.634,0.999,-1,-1,-1
961,52,987.445,599.841,457.029,292.042,0.999,-1,-1,-1
962,52,1038.439,589.930,472.019,291.625,0.998,-1,-1,-1
963,52,1082.320,583.762,470.901,287.095,0.998,-1,-1,-1
964,52,1148.136,574.067,472.841,281.982,0.998,-1,-1,-1
965,52,1208.363,563.535,482.542,279.146,0.998,-1,-1,-1
966,52,1286.804,545.129,488.732,274.992,0.998,-1,-1,-1
967,52,1339.609,534.980,496.102,271.069,0.997,-1,-1,-1
968,52,1410.630,518.994,501.204,268.576,0.991,-1,-1,-1
969,52,1494.209,506.245,421.960,263.169,0.785,-1,-1,-1
970,52,1561.584,490.209,357.416,263.169,0.785,-1,-1,-1
971,52,1625.227,476.005,293.773,263.169,0.785,-1,-1,-1
972,52,1695.277,460.683,223.723,263.169,0.785,-1,-1,-1
973,52,1750.625,448.808,168.375,263.169,0.785,-1,-1,-1
1108,58,174.217,543.141,383.932,278.447,0.883,-1,-1,-1
1109,58,198.655,541.529,416.176,277.631,0.973,-1,-1,-1
1110,58,211.908,539.029,463.941,284.129,0.990,-1,-1,-1
1111,58,223.578,538.199,495.292,285.771,0.996,-1,-1,-1
1112,58,227.131,536.852,562.008,289.181,0.996,-1,-1,-1
1113,58,263.307,538.187,614.806,285.573,0.998,-1,-1,-1
1114,58,320.377,536.047,644.644,289.437,0.999,-1,-1,-1
1115,58,360.949,537.732,660.030,290.121,0.999,-1,-1,-1
1116,58,436.044,540.905,676.434,288.229,0.999,-1,-1,-1
1117,58,519.559,542.254,688.414,290.216,0.999,-1,-1,-1
1118,58,616.170,551.705,683.256,282.417,0.999,-1,-1,-1
1119,58,685.428,554.499,680.246,281.110,0.999,-1,-1,-1
1120,58,776.674,559.806,677.209,277.621,0.999,-1,-1,-1
1121,58,880.079,560.280,658.269,277.792,0.999,-1,-1,-1
1122,58,980.653,556.426,649.862,276.696,0.999,-1,-1,-1
1123,58,1061.557,553.328,634.301,280.934,0.999,-1,-1,-1
1124,58,1169.827,545.164,613.470,282.910,0.998,-1,-1,-1
1125,58,1276.050,538.042,587.252,273.942,0.994,-1,-1,-1
1126,58,1376.130,525.603,537.869,274.506,0.952,-1,-1,-1
1127,58,1444.326,515.660,471.037,270.647,0.913,-1,-1,-1
1128,58,1545.061,508.247,371.467,265.924,0.557,-1,-1,-1
1129,58,1614.926,496.753,304.074,265.924,0.557,-1,-1,-1
1130,58,1685.243,484.803,233.757,265.924,0.557,-1,-1,-1
1131,58,1740.489,475.274,178.511,265.924,0.557,-1,-1,-1
1132,58,1788.783,468.129,130.217,265.924,0.557,-1,-1,-1
