188,46,0.002,1512.261,58.427,236.225,0.939,-1,-1,-1
189,46,0.212,1297.181,452.712,433.548,0.999,-1,-1,-1
190,46,-0.795,1190.776,728.937,578.539,0.999,-1,-1,-1
191,49,1.798,1182.589,946.613,504.631,1.000,-1,-1,-1
192,49,297.649,1180.081,808.530,423.734,0.999,-1,-1,-1
193,49,572.383,1173.385,661.415,368.990,0.999,-1,-1,-1
194,49,776.532,1159.354,569.781,324.790,0.999,-1,-1,-1
195,49,938.355,1152.956,482.057,289.274,0.999,-1,-1,-1
196,49,1072.907,1148.471,410.450,255.145,0.999,-1,-1,-1
197,49,1181.373,1141.866,358.776,230.781,0.999,-1,-1,-1
198,49,1266.747,1132.820,318.098,213.757,0.999,-1,-1,-1
199,49,1338.582,1126.063,289.714,196.513,0.999,-1,-1,-1
200,49,1409.532,1116.869,250.494,183.892,0.999,-1,-1,-1
201,49,1457.237,1111.637,232.492,176.523,0.999,-1,-1,-1
202,49,1497.258,1106.636,221.835,167.326,0.999,-1,-1,-1
203,49,1534.256,1099.140,209.776,162.978,0.999,-1,-1,-1
204,49,1569.579,1100.134,187.899,144.875,0.999,-1,-1,-1
205,49,1598.217,1091.206,176.373,142.064,0.999,-1,-1,-1
206,49,1625.184,1085.620,166.098,137.727,0.998,-1,-1,-1
207,49,1642.210,1083.909,157.632,127.744,0.999,-1,-1,-1
208,49,1659.594,1081.609,152.152,120.661,0.998,-1,-1,-1
209,49,1674.128,1078.425,148.603,109.657,0.998,-1,-1,-1
210,49,1693.334,1074.708,133.409,104.998,0.997,-1,-1,-1
211,49,1704.958,1068.434,127.955,103.415,0.998,-1,-1,-1
212,49,1712.254,1066.335,122.287,96.379,0.998,-1,-1,-1
213,49,1722.599,1061.503,116.413,94.476,0.998,-1,-1,-1
214,49,1736.130,1053.775,107.974,94.098,0.997,-1,-1,-1
215,49,1743.231,1048.676,98.751,88.591,0.997,-1,-1,-1
216,49,1748.687,1045.805,97.557,87.780,0.997,-1,-1,-1
217,49,1753.272,1042.484,92.693,79.643,0.998,-1,-1,-1
218,49,1756.772,1042.598,90.633,75.582,0.997,-1,-1,-1
219,49,1758.536,1036.966,89.821,73.352,0.996,-1,-1,-1
220,49,1760.725,1032.971,87.688,73.488,0.996,-1,-1,-1
221,49,1763.004,1031.282,87.763,70.080,0.997,-1,-1,-1
222,49,1766.356,1029.641,86.415,67.213,0.996,-1,-1,-1
223,49,1770.273,1028.011,83.632,65.528,0.997,-1,-1,-1
224,49,1771.983,1026.379,82.082,65.205,0.997,-1,-1,-1
225,49,1772.759,1022.660,79.989,63.813,0.996,-1,-1,-1
226,49,1773.647,1016.188,79.260,66.017,0.995,-1,-1,-1
227,49,1770.143,1011.942,80.336,64.025,0.992,-1,-1,-1
228,49,1773.528,1007.961,75.557,64.752,0.991,-1,-1,-1
229,49,1775.955,1005.462,74.886,64.230,0.991,-1,-1,-1
230,49,1774.766,1004.812,74.671,59.162,0.991,-1,-1,-1
231,49,1771.273,1002.518,76.108,57.793,0.991,-1,-1,-1
232,49,1770.144,999.956,76.872,57.326,0.987,-1,-1,-1
233,49,1770.629,997.511,78.035,53.987,0.976,-1,-1,-1
234,49,1769.919,994.519,78.849,55.544,0.984,-1,-1,-1
235,49,1772.652,988.722,76.968,56.308,0.983,-1,-1,-1
236,49,1768.970,983.917,76.390,57.010,0.984,-1,-1,-1
237,49,1764.990,983.100,75.261,52.366,0.984,-1,-1,-1
238,49,1765.114,982.351,68.845,50.347,0.985,-1,-1,-1
239,49,1765.781,980.707,61.305,48.847,0.980,-1,-1,-1
240,49,1762.725,978.631,65.403,50.309,0.989,-1,-1,-1
241,49,1760.103,979.226,60.064,46.710,0.990,-1,-1,-1
242,49,1759.875,977.790,59.749,45.596,0.991,-1,-1,-1
243,49,1758.386,975.925,60.609,46.642,0.990,-1,-1,-1
244,49,1758.624,975.670,55.752,43.323,0.991,-1,-1,-1
245,49,1757.883,972.377,55.999,45.684,0.989,-1,-1,-1
246,49,1758.704,969.612,53.288,46.066,0.986,-1,-1,-1
247,49,1758.712,967.430,51.803,45.523,0.983,-1,-1,-1
248,49,1757.401,966.615,52.245,44.995,0.980,-1,-1,-1
249,49,1756.609,965.374,53.395,45.677,0.981,-1,-1,-1
250,49,1757.216,963.613,52.327,44.881,0.973,-1,-1,-1
251,49,1754.973,962.771,48.888,41.581,0.948,-1,-1,-1
252,49,1755.547,961.731,47.732,40.453,0.943,-1,-1,-1
253,49,1758.648,965.128,43.275,35.985,0.734,-1,-1,-1
254,49,1759.305,964.890,43.574,35.694,0.723,-1,-1,-1
255,49,1759.694,963.678,41.769,35.103,0.545,-1,-1,-1
256,49,1757.170,960.288,49.911,38.488,0.965,-1,-1,-1
257,49,1756.651,960.001,49.615,38.460,0.962,-1,-1,-1
258,49,1757.197,959.875,48.207,37.623,0.956,-1,-1,-1
259,49,1757.398,959.170,47.013,36.456,0.956,-1,-1,-1
260,49,1757.958,959.027,44.579,35.469,0.953,-1,-1,-1
261,49,1757.537,958.240,43.999,34.977,0.958,-1,-1,-1
262,49,1757.126,957.065,43.666,35.323,0.958,-1,-1,-1
263,49,1758.212,957.102,41.728,34.463,0.953,-1,-1,-1
264,49,1760.219,956.833,40.224,33.437,0.950,-1,-1,-1
265,49,1759.257,955.950,40.432,33.580,0.956,-1,-1,-1
266,49,1759.376,955.595,39.592,33.228,0.949,-1,-1,-1
267,49,1759.351,955.734,39.672,32.406,0.954,-1,-1,-1
268,49,1759.726,955.640,38.992,32.135,0.954,-1,-1,-1
269,49,1760.404,955.407,38.226,32.246,0.937,-1,-1,-1
270,49,1759.650,954.744,36.841,31.955,0.943,-1,-1,-1
271,49,1759.777,954.635,36.288,31.016,0.933,-1,-1,-1
272,49,1760.580,954.153,35.284,30.252,0.918,-1,-1,-1
273,49,1761.863,954.738,33.715,29.017,0.879,-1,-1,-1
274,49,1760.729,954.015,34.406,28.837,0.893,-1,-1,-1
275,49,1759.627,954.306,33.772,28.421,0.854,-1,-1,-1
276,49,1759.345,952.984,33.785,29.321,0.862,-1,-1,-1
277,49,1757.948,952.944,32.976,28.784,0.785,-1,-1,-1
278,49,1756.028,953.544,33.327,28.334,0.692,-1,-1,-1
279,49,1755.689,952.736,34.341,29.129,0.639,-1,-1,-1
280,49,1756.450,952.277,34.351,28.780,0.553,-1,-1,-1
281,49,1755.928,952.067,34.351,28.780,0.553,-1,-1,-1
282,49,1755.765,951.908,34.351,28.780,0.553,-1,-1,-1
283,49,1755.950,951.665,34.351,28.780,0.553,-1,-1,-1
284,49,1756.100,951.495,34.351,28.780,0.553,-1,-1,-1
306,82,1243.814,979.298,57.864,55.626,0.599,-1,-1,-1
307,82,1240.621,974.948,53.251,57.726,0.732,-1,-1,-1
308,82,1237.886,973.340,53.251,57.726,0.732,-1,-1,-1
309,82,1236.030,972.278,53.251,57.726,0.732,-1,-1,-1
310,82,1226.537,966.559,44.053,71.078,0.979,-1,-1,-1
311,82,1214.270,980.529,45.371,56.141,0.886,-1,-1,-1
312,82,1209.113,982.050,45.371,56.141,0.886,-1,-1,-1
313,82,1204.785,976.763,40.695,62.337,0.951,-1,-1,-1
314,82,1198.265,977.824,40.695,62.337,0.951,-1,-1,-1
315,82,1194.559,978.694,40.695,62.337,0.951,-1,-1,-1
316,82,1181.208,965.679,42.729,82.029,0.968,-1,-1,-1
317,82,1156.931,965.101,59.209,86.708,0.979,-1,-1,-1
318,82,1148.596,963.589,59.113,85.012,0.983,-1,-1,-1
319,82,1144.526,933.759,59.455,113.524,0.971,-1,-1,-1
320,82,1136.088,955.676,55.766,90.929,0.995,-1,-1,-1
321,82,1117.645,933.375,71.408,113.745,0.996,-1,-1,-1
322,82,1109.554,949.598,62.028,96.289,0.989,-1,-1,-1
323,82,1093.262,950.044,70.476,99.513,0.994,-1,-1,-1
324,82,1082.965,947.387,71.424,100.262,0.996,-1,-1,-1
325,82,1065.232,956.879,73.496,88.438,0.998,-1,-1,-1
326,82,1052.227,949.615,71.027,97.829,0.998,-1,-1,-1
327,82,1042.453,940.846,73.193,106.609,0.997,-1,-1,-1
328,82,1031.217,929.048,71.725,120.824,0.998,-1,-1,-1
329,82,1020.531,933.355,66.881,119.693,0.995,-1,-1,-1
330,82,1001.603,941.896,75.211,110.029,0.998,-1,-1,-1
331,82,979.511,950.060,82.641,101.473,0.998,-1,-1,-1
332,82,962.156,945.767,88.826,105.645,0.996,-1,-1,-1
333,82,942.135,944.842,94.880,104.808,0.997,-1,-1,-1
334,82,924.984,937.363,98.531,112.805,0.995,-1,-1,-1
335,82,909.982,934.122,95.358,112.147,0.995,-1,-1,-1
336,82,888.538,930.885,95.297,118.761,0.996,-1,-1,-1
337,82,871.337,934.288,98.945,113.775,0.998,-1,-1,-1
338,82,842.284,935.051,110.184,113.617,0.998,-1,-1,-1
339,82,822.754,932.503,108.978,113.610,0.998,-1,-1,-1
340,82,801.497,932.445,113.418,113.435,0.998,-1,-1,-1
341,82,780.770,932.799,118.827,110.272,0.999,-1,-1,-1
342,82,759.246,930.383,114.957,116.607,0.998,-1,-1,-1
343,82,739.484,926.348,104.725,121.200,0.998,-1,-1,-1
344,82,712.856,923.803,120.902,121.860,0.998,-1,-1,-1
345,82,679.529,922.091,131.993,123.869,0.999,-1,-1,-1
346,82,656.552,924.682,132.750,119.332,0.998,-1,-1,-1
347,82,633.739,926.538,123.828,117.808,0.997,-1,-1,-1
348,82,600.242,913.669,144.486,126.029,0.998,-1,-1,-1
349,82,583.065,922.284,123.598,120.968,0.997,-1,-1,-1
350,82,552.933,906.021,131.221,134.612,0.997,-1,-1,-1
351,82,522.878,909.325,141.296,130.892,0.998,-1,-1,-1
352,82,489.419,918.048,147.906,123.490,0.998,-1,-1,-1
353,82,456.282,909.289,154.452,130.628,0.996,-1,-1,-1
354,82,427.003,895.382,152.797,140.528,0.998,-1,-1,-1
355,82,394.948,893.511,162.043,145.542,0.997,-1,-1,-1
356,82,357.191,901.991,167.549,137.825,0.995,-1,-1,-1
357,82,320.358,891.167,174.042,149.354,0.996,-1,-1,-1
358,82,278.390,890.675,179.183,143.607,0.997,-1,-1,-1
359,82,233.220,879.009,189.725,152.189,0.994,-1,-1,-1
360,82,197.341,886.102,199.174,146.721,0.996,-1,-1,-1
361,82,149.449,886.119,209.311,146.238,0.997,-1,-1,-1
362,82,114.265,883.914,209.105,144.770,0.995,-1,-1,-1
363,82,64.835,864.653,220.259,165.527,0.991,-1,-1,-1
364,82,14.581,857.600,246.057,170.866,0.995,-1,-1,-1
365,82,0.071,861.806,194.767,160.839,0.996,-1,-1,-1
366,82,0.001,871.727,154.505,143.430,0.996,-1,-1,-1
367,82,0.024,871.449,118.524,143.299,0.994,-1,-1,-1
368,82,0.170,875.965,71.470,136.489,0.991,-1,-1,-1
369,82,0.000,876.074,41.061,136.489,0.991,-1,-1,-1
370,82,0.000,876.492,17.244,136.489,0.991,-1,-1,-1
469,135,1701.890,921.990,41.790,32.865,0.593,-1,-1,-1
470,135,1710.208,926.011,40.478,31.290,0.761,-1,-1,-1
471,135,1714.052,927.313,39.154,31.041,0.595,-1,-1,-1
472,135,1713.069,925.956,39.569,31.591,0.582,-1,-1,-1
473,135,1708.816,923.885,40.589,32.203,0.705,-1,-1,-1
474,135,1709.215,923.858,39.094,31.893,0.652,-1,-1,-1
475,135,1708.876,923.479,39.094,31.893,0.652,-1,-1,-1
476,135,1707.302,923.545,36.990,31.371,0.501,-1,-1,-1
477,135,1705.955,923.107,36.990,31.371,0.501,-1,-1,-1
478,135,1705.355,923.019,36.990,31.371,0.501,-1,-1,-1
479,135,1704.823,922.966,36.990,31.371,0.501,-1,-1,-1
480,135,1707.031,923.200,38.802,32.117,0.538,-1,-1,-1
481,135,1709.808,924.329,38.765,30.966,0.569,-1,-1,-1
482,135,1710.976,924.557,38.765,30.966,0.569,-1,-1,-1
483,135,1712.442,926.196,40.866,30.180,0.923,-1,-1,-1
484,135,1711.984,926.554,41.276,30.004,0.924,-1,-1,-1
485,135,1712.536,926.873,41.016,29.789,0.920,-1,-1,-1
486,135,1712.812,926.839,40.800,29.783,0.918,-1,-1,-1
487,135,1712.570,926.627,40.716,30.084,0.914,-1,-1,-1
488,135,1712.386,926.237,41.058,30.379,0.925,-1,-1,-1
489,135,1712.459,926.569,40.818,30.517,0.919,-1,-1,-1
490,135,1713.839,926.904,39.666,30.261,0.913,-1,-1,-1
491,135,1714.398,926.953,39.638,30.260,0.912,-1,-1,-1
492,135,1715.516,927.332,38.969,30.054,0.896,-1,-1,-1
493,135,1717.262,928.086,38.100,29.458,0.822,-1,-1,-1
494,135,1714.715,927.707,39.764,30.129,0.900,-1,-1,-1
495,135,1716.096,928.041,38.289,29.461,0.831,-1,-1,-1
496,135,1716.470,927.994,37.990,29.436,0.784,-1,-1,-1
497,135,1708.979,925.299,41.617,30.865,0.922,-1,-1,-1
498,135,1707.663,924.955,41.727,30.196,0.929,-1,-1,-1
499,135,1708.598,926.007,40.838,29.812,0.903,-1,-1,-1
500,135,1706.935,925.432,41.511,30.624,0.932,-1,-1,-1
501,135,1709.149,926.230,40.192,29.880,0.907,-1,-1,-1
502,135,1708.818,925.958,40.976,30.025,0.898,-1,-1,-1
503,135,1708.602,926.859,41.220,29.692,0.897,-1,-1,-1
504,135,1709.073,927.238,40.986,30.132,0.915,-1,-1,-1
505,135,1709.577,928.697,39.408,29.181,0.917,-1,-1,-1
506,135,1706.526,928.946,39.167,28.786,0.892,-1,-1,-1
507,135,1702.505,928.305,38.341,29.406,0.816,-1,-1,-1
508,135,1702.649,928.854,37.477,28.902,0.800,-1,-1,-1
509,135,1710.921,930.173,40.926,30.059,0.913,-1,-1,-1
510,135,1707.750,929.457,41.670,30.491,0.946,-1,-1,-1
511,135,1709.262,930.424,40.778,30.325,0.943,-1,-1,-1
512,135,1709.844,931.033,40.563,30.060,0.938,-1,-1,-1
513,135,1710.569,930.816,39.301,30.082,0.924,-1,-1,-1
514,135,1708.014,930.332,41.322,30.687,0.958,-1,-1,-1
515,135,1707.528,930.656,40.797,31.065,0.961,-1,-1,-1
516,135,1707.036,930.469,40.159,31.133,0.961,-1,-1,-1
517,135,1706.497,931.312,40.654,31.344,0.962,-1,-1,-1
518,135,1706.701,931.813,40.340,31.733,0.963,-1,-1,-1
519,135,1706.841,932.027,39.973,31.377,0.964,-1,-1,-1
520,135,1706.248,932.031,39.957,31.786,0.965,-1,-1,-1
521,135,1706.063,931.992,40.303,31.917,0.967,-1,-1,-1
522,135,1706.296,931.534,40.189,32.262,0.969,-1,-1,-1
523,135,1705.488,931.289,40.941,33.257,0.972,-1,-1,-1
524,135,1706.034,931.350,40.733,33.677,0.971,-1,-1,-1
525,135,1705.868,931.906,41.127,33.105,0.971,-1,-1,-1
526,135,1706.136,932.265,40.909,33.390,0.972,-1,-1,-1
527,135,1705.454,932.408,41.285,34.128,0.972,-1,-1,-1
528,135,1705.203,932.521,41.531,34.427,0.974,-1,-1,-1
529,135,1704.637,932.446,42.314,35.023,0.974,-1,-1,-1
530,135,1704.627,933.522,42.264,34.941,0.971,-1,-1,-1
531,135,1704.161,933.607,42.646,34.844,0.973,-1,-1,-1
532,135,1703.834,933.169,42.134,35.745,0.969,-1,-1,-1
533,135,1701.968,933.562,43.887,36.164,0.973,-1,-1,-1
534,135,1701.825,932.268,44.198,37.633,0.977,-1,-1,-1
535,135,1701.693,932.489,44.171,37.638,0.973,-1,-1,-1
536,135,1701.482,933.046,44.091,37.903,0.974,-1,-1,-1
537,135,1701.400,932.424,44.373,38.647,0.979,-1,-1,-1
538,135,1701.448,932.941,45.031,38.770,0.976,-1,-1,-1
539,135,1701.431,933.121,45.273,39.252,0.974,-1,-1,-1
540,135,1700.826,933.488,44.680,40.222,0.950,-1,-1,-1
541,135,1699.355,932.463,45.153,41.625,0.965,-1,-1,-1
542,135,1699.089,931.433,46.451,42.654,0.977,-1,-1,-1
543,135,1699.228,932.165,43.130,41.767,0.647,-1,-1,-1
544,135,1699.014,932.021,46.019,42.135,0.967,-1,-1,-1
545,135,1699.200,931.818,45.851,42.398,0.974,-1,-1,-1
546,135,1699.150,932.564,45.826,41.705,0.975,-1,-1,-1
547,135,1698.309,932.150,46.969,42.063,0.980,-1,-1,-1
548,135,1698.409,932.468,46.963,42.179,0.981,-1,-1,-1
549,135,1698.478,932.529,46.324,42.057,0.976,-1,-1,-1
550,135,1698.547,933.489,45.315,41.971,0.921,-1,-1,-1
551,135,1698.076,933.565,47.850,43.574,0.982,-1,-1,-1
552,135,1697.329,933.145,49.027,44.714,0.982,-1,-1,-1
553,135,1696.715,932.620,48.474,44.492,0.968,-1,-1,-1
554,135,1697.819,933.768,48.303,44.680,0.982,-1,-1,-1
555,135,1698.329,933.774,45.760,43.968,0.833,-1,-1,-1
556,135,1696.411,932.370,50.691,45.976,0.984,-1,-1,-1
557,135,1696.849,932.598,51.677,46.358,0.984,-1,-1,-1
558,135,1697.035,933.154,51.304,48.176,0.976,-1,-1,-1
559,135,1696.856,934.919,51.556,48.703,0.982,-1,-1,-1
560,135,1691.903,933.431,55.611,50.313,0.992,-1,-1,-1
561,135,1692.490,933.881,53.951,49.056,0.963,-1,-1,-1
562,135,1692.236,933.986,54.725,50.238,0.935,-1,-1,-1
563,135,1689.908,935.059,57.275,50.700,0.992,-1,-1,-1
564,135,1690.776,935.710,57.103,50.617,0.993,-1,-1,-1
565,135,1691.062,935.653,56.500,50.469,0.990,-1,-1,-1
566,135,1688.895,936.697,58.962,51.613,0.989,-1,-1,-1
567,135,1687.652,937.247,60.490,53.258,0.989,-1,-1,-1
568,135,1684.887,936.419,62.024,54.519,0.989,-1,-1,-1
569,135,1683.324,936.655,61.566,53.949,0.990,-1,-1,-1
570,135,1681.608,936.576,63.138,55.009,0.991,-1,-1,-1
571,135,1681.233,936.347,63.005,55.795,0.992,-1,-1,-1
572,135,1679.770,935.515,64.646,56.862,0.992,-1,-1,-1
573,135,1676.087,933.840,68.373,58.901,0.992,-1,-1,-1
574,135,1672.956,934.308,71.490,59.837,0.991,-1,-1,-1
575,135,1673.154,936.455,69.758,59.058,0.992,-1,-1,-1
576,135,1672.213,937.594,68.179,59.080,0.993,-1,-1,-1
577,135,1674.997,942.444,66.113,57.180,0.993,-1,-1,-1
578,135,1670.043,944.685,69.713,55.122,0.993,-1,-1,-1
579,135,1667.011,946.698,71.836,55.692,0.994,-1,-1,-1
580,135,1663.986,947.853,73.062,56.253,0.992,-1,-1,-1
581,135,1664.868,950.771,69.754,55.227,0.993,-1,-1,-1
582,135,1662.034,951.495,70.636,56.402,0.992,-1,-1,-1
583,135,1662.552,954.017,70.355,55.661,0.993,-1,-1,-1
584,135,1656.670,954.915,75.842,57.573,0.992,-1,-1,-1
585,135,1654.680,956.062,75.995,57.740,0.992,-1,-1,-1
586,135,1649.182,957.436,79.266,58.110,0.991,-1,-1,-1
586,168,1704.824,941.767,43.700,30.540,0.685,-1,-1,-1
587,135,1648.302,958.338,79.145,57.157,0.993,-1,-1,-1
587,168,1705.904,942.313,44.583,31.650,0.760,-1,-1,-1
588,135,1643.983,959.689,83.039,58.131,0.989,-1,-1,-1
588,168,1706.577,942.074,44.763,31.322,0.786,-1,-1,-1
589,135,1642.406,960.149,82.302,58.687,0.991,-1,-1,-1
589,168,1709.338,943.343,44.161,30.021,0.839,-1,-1,-1
590,135,1637.229,961.888,87.190,60.106,0.993,-1,-1,-1
590,168,1710.736,943.029,42.442,29.270,0.781,-1,-1,-1
591,135,1634.343,963.080,87.726,61.215,0.995,-1,-1,-1
591,168,1712.956,944.356,40.460,29.437,0.856,-1,-1,-1
592,135,1633.179,964.265,87.898,61.858,0.995,-1,-1,-1
592,168,1713.180,943.995,41.810,30.574,0.896,-1,-1,-1
593,135,1628.314,964.548,88.258,64.386,0.995,-1,-1,-1
593,168,1712.020,944.794,43.964,31.944,0.923,-1,-1,-1
594,135,1625.608,965.477,87.544,66.553,0.996,-1,-1,-1
594,168,1711.553,945.177,44.478,33.048,0.945,-1,-1,-1
595,135,1622.014,967.798,86.730,65.094,0.997,-1,-1,-1
595,168,1706.589,944.538,37.918,32.103,0.753,-1,-1,-1
596,135,1615.432,969.552,89.338,65.973,0.997,-1,-1,-1
596,168,1704.292,946.178,36.447,30.808,0.792,-1,-1,-1
597,135,1609.556,970.409,92.997,67.688,0.996,-1,-1,-1
597,168,1701.987,944.688,42.004,32.107,0.913,-1,-1,-1
598,135,1601.121,973.022,94.693,68.841,0.997,-1,-1,-1
598,168,1699.792,944.639,42.004,32.107,0.913,-1,-1,-1
599,135,1594.517,973.038,97.899,71.752,0.996,-1,-1,-1
599,168,1707.165,946.325,43.318,35.169,0.928,-1,-1,-1
600,135,1583.214,972.327,105.394,77.538,0.992,-1,-1,-1
600,168,1708.267,946.906,43.318,35.169,0.928,-1,-1,-1
601,135,1579.359,974.271,104.429,78.482,0.994,-1,-1,-1
601,168,1696.656,943.237,44.502,36.506,0.934,-1,-1,-1
602,135,1569.919,975.028,107.146,80.844,0.993,-1,-1,-1
602,168,1696.062,943.164,44.502,36.506,0.934,-1,-1,-1
603,135,1561.398,972.382,110.941,87.861,0.994,-1,-1,-1
603,168,1695.459,943.103,44.502,36.506,0.934,-1,-1,-1
604,135,1547.646,973.420,117.270,93.031,0.995,-1,-1,-1
604,168,1686.174,944.918,46.638,37.049,0.515,-1,-1,-1
605,135,1536.525,974.590,117.524,93.924,0.996,-1,-1,-1
605,168,1690.196,945.476,50.962,36.403,0.900,-1,-1,-1
606,135,1522.314,977.495,122.124,95.403,0.996,-1,-1,-1
606,168,1687.296,945.919,54.421,36.327,0.896,-1,-1,-1
607,135,1506.998,979.631,126.144,95.967,0.997,-1,-1,-1
607,168,1686.162,946.660,53.888,37.797,0.739,-1,-1,-1
608,135,1492.363,979.810,133.111,99.355,0.997,-1,-1,-1
608,168,1684.998,949.742,48.870,35.248,0.505,-1,-1,-1
609,135,1476.966,980.082,133.285,100.932,0.997,-1,-1,-1
609,168,1694.203,949.468,60.214,39.295,0.980,-1,-1,-1
610,135,1461.717,981.092,139.161,104.118,0.998,-1,-1,-1
610,168,1692.816,947.948,66.314,41.443,0.984,-1,-1,-1
611,135,1443.216,977.696,149.475,109.809,0.998,-1,-1,-1
611,168,1691.013,944.719,70.907,44.992,0.989,-1,-1,-1
612,135,1422.366,978.834,155.242,111.512,0.998,-1,-1,-1
612,168,1689.443,945.522,70.091,45.370,0.990,-1,-1,-1
613,135,1403.176,978.405,157.250,115.700,0.998,-1,-1,-1
613,168,1688.571,943.321,71.897,50.473,0.993,-1,-1,-1
614,135,1374.113,977.355,171.439,120.203,0.998,-1,-1,-1
614,168,1686.498,944.445,71.047,50.374,0.991,-1,-1,-1
615,135,1346.544,976.372,178.739,124.640,0.998,-1,-1,-1
615,168,1680.838,945.181,72.244,50.201,0.995,-1,-1,-1
616,135,1319.661,973.615,188.916,132.599,0.999,-1,-1,-1
616,168,1679.312,945.194,73.201,54.469,0.995,-1,-1,-1
617,135,1286.198,973.312,203.232,134.653,0.999,-1,-1,-1
617,168,1677.961,947.054,70.890,53.587,0.993,-1,-1,-1
618,135,1253.179,976.232,209.303,137.945,0.999,-1,-1,-1
618,168,1676.458,946.540,72.862,56.371,0.992,-1,-1,-1
619,135,1219.341,975.071,218.175,142.582,0.999,-1,-1,-1
619,168,1673.390,949.806,73.453,55.045,0.993,-1,-1,-1
620,135,1179.586,974.355,222.142,147.492,0.999,-1,-1,-1
620,168,1672.114,949.986,73.167,54.748,0.993,-1,-1,-1
621,135,1128.716,973.088,241.540,153.380,0.999,-1,-1,-1
621,168,1668.704,951.549,75.226,55.480,0.991,-1,-1,-1
621,183,1687.918,943.883,57.516,39.806,0.751,-1,-1,-1
622,135,1075.607,972.973,258.254,157.841,0.999,-1,-1,-1
622,168,1667.863,950.355,77.089,57.610,0.992,-1,-1,-1
622,183,1685.471,940.871,55.465,38.909,0.711,-1,-1,-1
623,135,1017.517,968.207,281.225,167.435,0.999,-1,-1,-1
623,168,1663.232,952.168,76.336,59.019,0.991,-1,-1,-1
623,183,1688.409,941.513,56.612,40.433,0.897,-1,-1,-1
624,135,946.894,964.391,302.815,175.120,0.999,-1,-1,-1
624,168,1659.182,954.481,76.893,58.909,0.992,-1,-1,-1
624,183,1687.950,940.854,51.724,35.432,0.880,-1,-1,-1
625,135,872.561,961.430,328.165,180.421,0.999,-1,-1,-1
625,168,1658.148,954.066,77.049,59.234,0.992,-1,-1,-1
625,183,1687.181,939.610,53.405,37.862,0.866,-1,-1,-1
626,135,786.090,954.343,357.448,192.416,0.999,-1,-1,-1
626,168,1658.510,955.607,75.827,59.279,0.988,-1,-1,-1
626,183,1690.307,937.958,51.043,36.298,0.869,-1,-1,-1
627,135,687.884,940.805,391.271,213.242,0.999,-1,-1,-1
627,168,1653.274,956.723,76.689,58.973,0.991,-1,-1,-1
627,183,1693.928,937.497,50.298,35.419,0.902,-1,-1,-1
628,135,578.852,937.296,429.186,221.583,0.999,-1,-1,-1
628,168,1646.791,959.106,81.759,57.601,0.990,-1,-1,-1
628,183,1690.731,937.223,47.821,33.782,0.864,-1,-1,-1
629,135,448.934,926.375,470.035,235.475,0.999,-1,-1,-1
629,168,1644.341,962.321,79.529,57.913,0.995,-1,-1,-1
629,183,1691.034,937.948,45.233,32.474,0.832,-1,-1,-1
630,135,292.942,907.134,544.127,265.141,0.999,-1,-1,-1
630,168,1639.558,965.245,82.907,58.559,0.995,-1,-1,-1
630,183,1690.279,938.689,42.678,32.013,0.771,-1,-1,-1
631,135,114.724,900.008,603.038,278.965,0.999,-1,-1,-1
631,168,1634.743,966.443,84.014,59.798,0.996,-1,-1,-1
631,183,1693.340,940.174,41.599,32.497,0.743,-1,-1,-1
632,135,0.100,878.990,594.175,308.746,0.999,-1,-1,-1
632,168,1629.382,965.994,84.427,63.029,0.997,-1,-1,-1
632,183,1694.502,939.663,44.781,33.828,0.843,-1,-1,-1
633,135,0.599,864.731,450.430,315.706,0.999,-1,-1,-1
633,168,1626.559,964.880,80.434,64.640,0.998,-1,-1,-1
633,183,1698.196,939.280,47.739,34.653,0.959,-1,-1,-1
634,135,0.082,860.655,272.976,329.822,0.998,-1,-1,-1
634,168,1618.088,965.919,86.906,67.172,0.998,-1,-1,-1
634,183,1694.699,940.825,50.938,36.283,0.975,-1,-1,-1
635,135,-0.008,943.342,41.171,180.554,0.924,-1,-1,-1
635,168,1611.520,966.475,89.498,69.294,0.997,-1,-1,-1
635,183,1693.786,941.349,52.303,37.817,0.986,-1,-1,-1
636,168,1606.288,968.482,93.519,71.667,0.997,-1,-1,-1
636,183,1692.563,941.168,51.006,38.068,0.988,-1,-1,-1
637,168,1597.089,969.200,98.052,72.311,0.997,-1,-1,-1
637,183,1690.152,939.102,52.721,41.205,0.990,-1,-1,-1
638,168,1588.377,970.267,100.392,76.689,0.997,-1,-1,-1
638,183,1687.968,937.400,54.593,43.649,0.990,-1,-1,-1
639,168,1578.621,970.797,106.373,81.560,0.997,-1,-1,-1
639,183,1687.245,936.008,56.064,45.705,0.990,-1,-1,-1
640,168,1575.525,971.652,98.882,79.610,0.997,-1,-1,-1
640,183,1685.883,935.576,56.942,45.946,0.991,-1,-1,-1
641,168,1562.800,971.620,103.715,85.036,0.998,-1,-1,-1
641,183,1684.289,936.881,57.176,44.997,0.989,-1,-1,-1
642,168,1548.763,971.231,111.650,91.645,0.998,-1,-1,-1
642,183,1682.721,936.499,57.870,46.280,0.990,-1,-1,-1
643,168,1536.166,974.635,116.233,94.486,0.998,-1,-1,-1
643,183,1681.258,938.885,56.521,44.916,0.990,-1,-1,-1
644,168,1513.561,974.695,129.435,97.702,0.997,-1,-1,-1
644,183,1676.868,937.141,59.348,47.704,0.990,-1,-1,-1
645,168,1503.765,977.900,128.696,96.784,0.997,-1,-1,-1
645,183,1676.621,937.554,58.751,48.319,0.989,-1,-1,-1
646,168,1488.288,976.805,134.754,100.096,0.998,-1,-1,-1
646,183,1675.416,936.962,59.479,49.430,0.990,-1,-1,-1
647,168,1475.956,977.429,133.678,99.985,0.998,-1,-1,-1
647,183,1673.999,938.289,61.323,49.315,0.993,-1,-1,-1
648,168,1457.226,979.724,140.910,103.031,0.998,-1,-1,-1
648,183,1675.034,937.980,59.950,50.225,0.992,-1,-1,-1
649,168,1436.872,979.698,152.869,107.136,0.998,-1,-1,-1
649,183,1673.702,938.213,59.432,49.490,0.993,-1,-1,-1
650,168,1418.317,981.309,153.919,109.299,0.998,-1,-1,-1
650,183,1672.609,939.851,59.670,48.964,0.994,-1,-1,-1
651,168,1389.335,977.541,167.999,115.391,0.998,-1,-1,-1
651,183,1672.882,941.440,60.119,50.506,0.993,-1,-1,-1
652,168,1359.409,977.676,177.728,117.787,0.999,-1,-1,-1
652,183,1670.963,943.006,59.749,50.522,0.993,-1,-1,-1
653,168,1331.811,975.069,188.202,127.525,0.999,-1,-1,-1
653,183,1670.017,944.925,58.910,50.521,0.992,-1,-1,-1
654,168,1302.094,975.528,196.953,130.311,0.999,-1,-1,-1
654,183,1667.005,944.904,59.787,50.704,0.992,-1,-1,-1
655,168,1265.110,969.839,215.398,144.311,0.999,-1,-1,-1
655,183,1664.392,943.732,62.895,54.972,0.994,-1,-1,-1
656,168,1231.746,977.342,219.189,140.482,0.998,-1,-1,-1
656,183,1661.320,944.968,65.182,54.986,0.994,-1,-1,-1
657,168,1186.576,976.106,228.391,143.771,0.999,-1,-1,-1
657,183,1663.449,946.548,63.678,52.956,0.986,-1,-1,-1
658,168,1132.965,973.015,249.552,151.611,0.999,-1,-1,-1
658,183,1658.283,948.221,68.802,54.403,0.986,-1,-1,-1
659,168,1077.583,972.165,275.788,157.173,0.999,-1,-1,-1
659,183,1654.440,948.719,72.263,56.939,0.986,-1,-1,-1
660,168,1012.317,965.436,305.652,168.931,0.999,-1,-1,-1
660,183,1651.372,951.342,72.669,56.456,0.988,-1,-1,-1
661,168,940.159,961.937,333.087,173.610,0.999,-1,-1,-1
661,183,1647.495,952.962,73.363,55.906,0.989,-1,-1,-1
662,168,862.483,955.453,361.646,181.913,0.999,-1,-1,-1
662,183,1641.602,954.461,79.659,56.391,0.989,-1,-1,-1
663,168,767.225,945.842,402.761,197.658,0.999,-1,-1,-1
663,183,1640.868,955.153,78.826,55.469,0.990,-1,-1,-1
664,168,662.804,938.242,442.624,209.730,0.999,-1,-1,-1
664,183,1637.507,954.954,81.170,57.571,0.987,-1,-1,-1
665,168,543.740,933.076,489.692,219.612,0.999,-1,-1,-1
665,183,1635.090,955.852,81.645,57.617,0.993,-1,-1,-1
666,168,392.118,919.605,556.210,235.151,0.999,-1,-1,-1
666,183,1634.590,957.956,82.016,57.191,0.992,-1,-1,-1
667,168,233.344,898.601,628.383,263.430,0.999,-1,-1,-1
667,183,1631.515,959.794,81.348,57.220,0.995,-1,-1,-1
668,168,34.024,887.496,718.804,281.438,0.999,-1,-1,-1
668,183,1631.774,961.290,77.524,57.605,0.996,-1,-1,-1
669,168,0.457,869.163,623.065,302.185,0.999,-1,-1,-1
669,183,1628.805,962.527,76.663,59.686,0.997,-1,-1,-1
670,168,0.513,861.421,477.608,299.085,0.999,-1,-1,-1
670,183,1624.876,964.126,78.578,59.405,0.997,-1,-1,-1
671,168,0.127,862.501,302.099,308.906,0.999,-1,-1,-1
671,183,1617.217,963.522,82.903,63.555,0.997,-1,-1,-1
672,168,0.006,921.933,84.262,206.060,0.985,-1,-1,-1
672,183,1611.591,964.919,86.137,66.094,0.997,-1,-1,-1
673,183,1606.315,966.969,89.397,67.633,0.998,-1,-1,-1
674,183,1599.246,967.138,91.912,70.157,0.998,-1,-1,-1
675,183,1589.440,966.210,98.998,74.793,0.997,-1,-1,-1
676,183,1584.861,966.989,99.183,77.154,0.997,-1,-1,-1
677,183,1578.733,968.597,100.547,79.457,0.997,-1,-1,-1
678,183,1569.598,969.740,101.992,78.820,0.998,-1,-1,-1
679,183,1561.000,970.568,102.593,83.287,0.998,-1,-1,-1
680,183,1545.583,971.888,112.568,86.240,0.998,-1,-1,-1
681,183,1529.352,973.396,117.804,91.190,0.998,-1,-1,-1
682,183,1514.896,974.914,128.399,92.169,0.998,-1,-1,-1
683,183,1500.001,975.427,134.698,95.558,0.998,-1,-1,-1
684,183,1486.010,975.686,141.491,98.975,0.997,-1,-1,-1
685,183,1474.504,977.188,139.278,99.294,0.997,-1,-1,-1
686,183,1457.418,973.547,144.631,105.440,0.998,-1,-1,-1
687,183,1440.810,973.565,153.777,110.371,0.998,-1,-1,-1
688,183,1417.293,972.061,160.409,113.508,0.998,-1,-1,-1
689,183,1391.041,970.853,170.061,118.003,0.998,-1,-1,-1
690,183,1362.864,972.634,180.167,116.130,0.998,-1,-1,-1
691,183,1336.130,972.614,187.019,123.248,0.998,-1,-1,-1
692,183,1312.850,966.939,192.590,129.453,0.999,-1,-1,-1
693,183,1280.788,964.328,208.382,135.960,0.999,-1,-1,-1
694,183,1246.487,968.609,218.783,137.442,0.999,-1,-1,-1
695,183,1207.274,970.309,227.028,140.202,0.999,-1,-1,-1
696,183,1168.218,966.024,240.491,145.929,0.999,-1,-1,-1
697,183,1117.829,962.725,253.344,152.961,0.999,-1,-1,-1
698,183,1056.512,960.664,286.098,159.044,0.999,-1,-1,-1
699,183,1004.935,955.803,300.486,166.282,0.999,-1,-1,-1
700,183,937.578,950.654,326.936,178.163,0.999,-1,-1,-1
701,183,862.145,947.157,359.284,187.082,0.999,-1,-1,-1
702,183,775.490,939.855,394.014,200.537,0.999,-1,-1,-1
703,183,676.480,929.463,432.850,215.662,0.999,-1,-1,-1
704,183,572.443,923.887,475.344,223.974,0.999,-1,-1,-1
705,183,443.550,913.707,530.838,237.866,0.999,-1,-1,-1
706,183,298.313,897.318,596.460,264.605,0.999,-1,-1,-1
707,183,118.816,884.531,672.576,285.428,0.999,-1,-1,-1
708,183,1.452,870.504,680.756,308.012,0.999,-1,-1,-1
709,183,0.241,853.825,551.138,319.403,0.999,-1,-1,-1
710,183,0.641,853.699,401.117,316.520,0.999,-1,-1,-1
711,183,0.002,885.615,215.368,289.330,0.998,-1,-1,-1
712,183,0.000,888.984,103.953,289.330,0.998,-1,-1,-1
713,183,0.000,892.898,15.192,289.330,0.998,-1,-1,-1
735,209,0.089,1265.524,62.195,321.054,0.984,-1,-1,-1
736,209,-0.158,1142.572,291.465,536.815,0.995,-1,-1,-1
737,209,0.052,1065.463,484.236,562.494,0.998,-1,-1,-1
738,209,0.237,990.273,634.247,597.230,0.982,-1,-1,-1
739,209,-0.152,969.427,775.076,592.454,0.797,-1,-1,-1
740,209,105.009,935.069,775.076,592.454,0.797,-1,-1,-1
741,209,216.787,902.246,775.076,592.454,0.797,-1,-1,-1
742,209,333.985,881.338,775.076,592.454,0.797,-1,-1,-1
743,209,456.555,871.641,775.076,592.454,0.797,-1,-1,-1
841,243,0.007,612.379,54.035,95.144,0.915,-1,-1,-1
842,243,0.035,636.734,99.805,77.592,0.977,-1,-1,-1
843,243,35.896,640.742,113.766,76.320,0.974,-1,-1,-1
844,243,92.642,651.544,101.266,73.875,0.994,-1,-1,-1
845,243,139.680,662.463,101.382,72.416,0.994,-1,-1,-1
846,243,188.737,666.206,92.065,73.316,0.986,-1,-1,-1
847,243,230.405,670.631,101.946,73.500,0.966,-1,-1,-1
848,243,270.159,679.037,100.567,71.788,0.895,-1,-1,-1
849,243,313.479,685.708,100.567,71.788,0.895,-1,-1,-1
850,243,354.587,692.231,93.519,72.131,0.800,-1,-1,-1
850,251,0.043,580.631,48.562,86.404,0.911,-1,-1,-1
851,243,390.221,696.323,95.014,72.835,0.922,-1,-1,-1
851,251,6.165,596.709,81.979,82.068,0.965,-1,-1,-1
852,243,428.535,703.173,86.773,70.619,0.929,-1,-1,-1
852,251,25.811,610.421,94.972,75.315,0.979,-1,-1,-1
853,243,465.404,709.730,77.030,64.043,0.989,-1,-1,-1
853,251,62.109,622.792,102.864,70.704,0.979,-1,-1,-1
854,243,492.307,710.476,73.596,66.362,0.978,-1,-1,-1
854,251,80.338,623.145,117.644,78.531,0.625,-1,-1,-1
855,243,517.362,715.755,70.821,64.345,0.874,-1,-1,-1
855,251,121.035,631.928,108.027,79.749,0.987,-1,-1,-1
856,243,550.417,714.871,69.529,66.718,0.966,-1,-1,-1
856,251,153.794,632.637,107.695,78.815,0.953,-1,-1,-1
857,243,574.019,717.591,60.578,68.858,0.973,-1,-1,-1
857,251,189.177,639.807,100.395,81.802,0.965,-1,-1,-1
858,243,594.246,719.689,60.578,68.858,0.973,-1,-1,-1
858,251,217.625,634.634,107.572,83.760,0.874,-1,-1,-1
859,243,620.509,720.565,64.987,65.805,0.972,-1,-1,-1
859,251,249.117,649.140,98.046,81.649,0.980,-1,-1,-1
860,243,642.496,715.990,54.181,71.744,0.919,-1,-1,-1
860,251,283.760,659.852,85.121,72.819,0.993,-1,-1,-1
861,243,658.383,722.547,57.672,65.530,0.988,-1,-1,-1
861,251,316.865,650.456,87.057,86.181,0.983,-1,-1,-1
862,243,678.559,730.158,49.282,58.198,0.993,-1,-1,-1
862,251,348.006,662.567,77.613,79.338,0.995,-1,-1,-1
863,243,696.686,744.609,43.959,49.084,0.953,-1,-1,-1
863,251,370.688,669.708,83.046,75.012,0.994,-1,-1,-1
864,243,710.359,730.724,60.274,65.816,0.979,-1,-1,-1
864,251,394.343,672.866,89.382,79.224,0.993,-1,-1,-1
865,243,729.740,720.758,63.370,70.884,0.847,-1,-1,-1
865,251,420.390,676.677,82.875,75.341,0.977,-1,-1,-1
866,243,753.432,730.236,58.536,58.152,0.945,-1,-1,-1
866,251,438.183,682.014,87.605,71.154,0.858,-1,-1,-1
867,243,769.436,730.310,58.536,58.152,0.945,-1,-1,-1
867,251,462.107,685.795,87.605,71.154,0.858,-1,-1,-1
868,243,784.964,737.596,64.334,59.465,0.880,-1,-1,-1
868,251,491.128,703.130,83.475,62.241,0.912,-1,-1,-1
869,243,807.526,743.693,59.947,55.482,0.942,-1,-1,-1
869,251,518.222,704.038,87.685,64.039,0.989,-1,-1,-1
870,243,832.007,758.885,54.922,47.691,0.528,-1,-1,-1
870,251,543.069,709.257,87.685,64.039,0.989,-1,-1,-1
871,243,844.304,763.659,54.922,47.691,0.528,-1,-1,-1
871,251,567.932,703.459,75.282,71.144,0.698,-1,-1,-1
872,243,870.881,741.931,66.522,66.470,0.942,-1,-1,-1
872,251,589.981,695.568,92.298,81.328,0.929,-1,-1,-1
873,243,885.648,758.270,73.520,55.401,0.821,-1,-1,-1
873,251,619.779,711.744,76.819,67.262,0.913,-1,-1,-1
874,243,902.745,761.713,62.513,56.515,0.975,-1,-1,-1
874,251,640.112,712.166,66.698,73.499,0.938,-1,-1,-1
875,243,921.391,762.448,55.374,56.315,0.732,-1,-1,-1
875,251,652.266,711.095,65.911,71.319,0.906,-1,-1,-1
876,243,942.828,762.581,48.544,56.218,0.605,-1,-1,-1
876,251,674.504,722.764,64.196,62.096,0.968,-1,-1,-1
877,243,956.634,767.395,44.783,56.119,0.985,-1,-1,-1
877,251,691.537,717.651,68.312,70.670,0.981,-1,-1,-1
878,243,974.115,769.927,49.292,53.349,0.922,-1,-1,-1
878,251,707.754,719.782,68.312,70.670,0.981,-1,-1,-1
879,243,994.917,780.611,42.322,46.216,0.758,-1,-1,-1
879,251,724.998,723.693,61.077,61.256,0.951,-1,-1,-1
880,243,1008.445,777.776,43.217,52.512,0.802,-1,-1,-1
880,251,738.895,725.438,61.077,61.256,0.951,-1,-1,-1
881,243,1029.455,797.102,37.146,45.364,0.511,-1,-1,-1
881,251,764.458,725.366,63.569,63.134,0.709,-1,-1,-1
882,243,1038.440,788.680,41.091,54.919,0.776,-1,-1,-1
882,251,780.847,726.161,62.776,70.756,0.934,-1,-1,-1
883,243,1051.994,796.424,39.160,44.447,0.520,-1,-1,-1
883,251,794.169,728.859,61.414,70.670,0.717,-1,-1,-1
884,243,1063.624,797.278,45.437,49.486,0.963,-1,-1,-1
884,251,815.980,734.778,58.373,65.837,0.791,-1,-1,-1
885,243,1079.855,808.058,34.778,42.484,0.515,-1,-1,-1
885,251,819.293,737.071,72.864,66.512,0.948,-1,-1,-1
886,243,1089.697,809.979,34.778,42.484,0.515,-1,-1,-1
886,251,832.031,745.011,67.216,56.974,0.660,-1,-1,-1
887,243,1101.723,811.120,36.678,39.483,0.594,-1,-1,-1
887,251,845.434,741.519,70.030,64.699,0.793,-1,-1,-1
888,243,1109.471,813.182,36.678,39.483,0.594,-1,-1,-1
888,251,856.724,743.518,70.030,64.699,0.793,-1,-1,-1
889,243,1114.282,814.571,36.678,39.483,0.594,-1,-1,-1
889,251,877.834,743.713,76.929,71.160,0.952,-1,-1,-1
890,243,1116.921,814.521,36.678,39.483,0.594,-1,-1,-1
890,251,900.546,745.128,59.608,67.723,0.669,-1,-1,-1
891,243,1119.559,814.451,36.678,39.483,0.594,-1,-1,-1
891,251,908.729,759.372,74.919,62.585,0.905,-1,-1,-1
892,251,922.583,763.031,74.919,62.585,0.905,-1,-1,-1
893,251,936.331,766.705,74.919,62.585,0.905,-1,-1,-1
894,251,945.193,769.723,74.919,62.585,0.905,-1,-1,-1
895,251,980.428,771.178,53.458,59.376,0.709,-1,-1,-1
896,251,1004.733,776.726,43.872,60.577,0.857,-1,-1,-1
897,251,1017.766,795.898,37.433,47.824,0.963,-1,-1,-1
898,251,1032.024,803.790,38.679,45.779,0.688,-1,-1,-1
899,251,1045.942,817.499,36.354,34.742,0.761,-1,-1,-1
900,251,1057.609,814.461,39.287,40.040,0.831,-1,-1,-1
901,251,1071.449,815.901,37.532,39.251,0.697,-1,-1,-1
902,251,1080.663,820.096,41.469,38.345,0.712,-1,-1,-1
903,251,1101.219,814.707,35.209,42.862,0.683,-1,-1,-1
904,251,1110.635,815.668,30.250,44.167,0.560,-1,-1,-1
905,251,1121.274,816.418,30.250,44.167,0.560,-1,-1,-1
906,251,1129.802,817.071,30.250,44.167,0.560,-1,-1,-1
907,251,1136.135,816.978,30.250,44.167,0.560,-1,-1,-1
908,251,1138.975,817.495,30.250,44.167,0.560,-1,-1,-1
913,303,1588.201,892.956,46.549,40.182,0.771,-1,-1,-1
914,303,1587.870,891.901,51.243,43.733,0.958,-1,-1,-1
915,303,1580.300,873.255,66.145,60.006,0.698,-1,-1,-1
916,303,1570.436,874.171,72.204,56.999,0.944,-1,-1,-1
917,303,1580.122,887.059,66.364,48.901,0.953,-1,-1,-1
918,303,1571.310,886.857,76.470,52.592,0.988,-1,-1,-1
919,303,1572.595,889.218,79.107,52.353,0.991,-1,-1,-1
920,303,1570.941,888.125,81.408,54.361,0.992,-1,-1,-1
921,303,1571.066,888.238,81.416,55.937,0.994,-1,-1,-1
922,303,1573.383,889.687,80.216,56.345,0.995,-1,-1,-1
923,303,1573.593,887.596,81.123,60.767,0.996,-1,-1,-1
924,303,1574.478,890.061,84.532,58.422,0.996,-1,-1,-1
925,303,1574.597,890.649,91.654,60.938,0.995,-1,-1,-1
926,303,1575.729,890.488,93.651,61.965,0.993,-1,-1,-1
927,303,1574.881,892.690,96.086,59.982,0.994,-1,-1,-1
928,303,1574.917,894.975,98.688,59.159,0.994,-1,-1,-1
929,303,1577.531,894.528,100.130,60.463,0.991,-1,-1,-1
930,303,1582.716,894.495,97.547,61.011,0.984,-1,-1,-1
931,303,1588.615,894.048,93.699,61.436,0.986,-1,-1,-1
932,303,1590.054,895.278,96.713,62.354,0.993,-1,-1,-1
933,303,1595.083,897.769,92.427,61.574,0.990,-1,-1,-1
934,303,1601.893,901.747,88.411,57.161,0.984,-1,-1,-1
935,303,1609.526,905.723,87.191,55.225,0.900,-1,-1,-1
935,316,0.045,1505.590,100.914,389.781,0.994,-1,-1,-1
936,303,1617.128,903.075,87.298,63.030,0.951,-1,-1,-1
936,316,0.409,1397.872,301.938,514.999,0.997,-1,-1,-1
937,303,1639.357,917.971,71.702,54.706,0.834,-1,-1,-1
937,316,0.981,1372.481,477.729,536.712,0.999,-1,-1,-1
938,303,1629.670,912.581,83.170,60.365,0.954,-1,-1,-1
938,316,1.120,1302.997,635.355,602.727,1.000,-1,-1,-1
939,303,1641.170,916.844,73.401,54.006,0.974,-1,-1,-1
939,316,0.360,1274.124,780.622,621.550,1.000,-1,-1,-1
940,303,1645.117,917.937,73.367,54.422,0.971,-1,-1,-1
940,316,1.960,1276.705,907.921,624.658,0.999,-1,-1,-1
941,303,1641.207,916.274,80.640,54.914,0.982,-1,-1,-1
941,316,1.029,1281.578,1027.423,624.439,0.999,-1,-1,-1
942,303,1642.517,917.729,84.875,57.517,0.985,-1,-1,-1
942,316,1.866,1291.669,1145.296,613.515,0.999,-1,-1,-1
943,303,1645.056,919.323,83.530,58.566,0.986,-1,-1,-1
943,316,4.437,1305.141,1254.154,599.812,1.000,-1,-1,-1
944,303,1647.961,917.357,85.546,62.121,0.990,-1,-1,-1
944,316,203.813,1313.679,1163.638,577.179,0.999,-1,-1,-1
945,303,1652.268,917.057,80.278,62.192,0.991,-1,-1,-1
945,316,380.458,1324.868,1077.782,548.507,0.999,-1,-1,-1
946,303,1652.499,921.394,85.274,59.436,0.994,-1,-1,-1
946,316,534.965,1330.891,1021.954,525.658,0.999,-1,-1,-1
947,303,1654.304,921.048,85.962,59.967,0.993,-1,-1,-1
947,316,677.035,1345.489,965.148,499.367,0.999,-1,-1,-1
948,303,1656.116,922.911,83.580,58.419,0.990,-1,-1,-1
948,316,805.806,1362.400,934.057,477.515,0.999,-1,-1,-1
949,303,1661.396,926.284,81.054,57.479,0.991,-1,-1,-1
949,316,933.275,1375.449,887.587,451.563,0.999,-1,-1,-1
950,303,1663.529,927.500,78.234,57.797,0.989,-1,-1,-1
950,316,1046.418,1388.213,860.485,442.925,0.999,-1,-1,-1
951,303,1665.954,929.773,77.536,57.550,0.991,-1,-1,-1
951,316,1157.136,1403.483,832.329,431.255,0.999,-1,-1,-1
952,303,1670.616,932.084,74.602,55.779,0.989,-1,-1,-1
952,316,1261.381,1417.999,812.111,422.331,0.999,-1,-1,-1
953,303,1669.631,931.607,76.904,57.007,0.990,-1,-1,-1
953,316,1348.114,1430.500,806.718,418.212,0.999,-1,-1,-1
954,303,1668.873,931.341,78.538,57.690,0.992,-1,-1,-1
954,316,1453.384,1446.275,788.659,411.173,0.999,-1,-1,-1
955,303,1675.533,933.169,75.860,58.738,0.988,-1,-1,-1
955,316,1540.817,1471.368,779.422,403.617,0.999,-1,-1,-1
956,303,1676.870,933.357,75.757,59.152,0.991,-1,-1,-1
956,316,1626.859,1485.254,777.409,400.768,0.999,-1,-1,-1
957,303,1678.574,932.835,75.830,60.878,0.993,-1,-1,-1
957,316,1710.101,1500.214,777.779,391.581,0.999,-1,-1,-1
958,303,1681.471,933.750,75.222,61.507,0.992,-1,-1,-1
958,316,1795.917,1519.868,761.217,386.534,0.999,-1,-1,-1
959,303,1684.307,933.845,74.622,62.539,0.993,-1,-1,-1
959,316,1880.659,1539.739,676.158,369.117,0.999,-1,-1,-1
960,303,1683.366,933.731,76.637,63.377,0.993,-1,-1,-1
960,316,1960.262,1554.594,597.891,358.898,0.999,-1,-1,-1
961,303,1684.784,934.257,76.234,63.114,0.992,-1,-1,-1
961,316,2042.775,1571.966,515.290,343.884,0.998,-1,-1,-1
962,303,1685.292,933.584,75.809,65.060,0.991,-1,-1,-1
962,316,2118.168,1594.336,441.353,322.754,0.998,-1,-1,-1
963,303,1687.838,933.833,74.205,64.098,0.990,-1,-1,-1
963,316,2191.633,1623.412,368.038,294.326,0.998,-1,-1,-1
964,303,1688.243,933.869,75.397,64.446,0.991,-1,-1,-1
964,316,2272.529,1644.446,287.230,272.168,0.996,-1,-1,-1
965,303,1684.396,932.945,78.541,63.773,0.993,-1,-1,-1
965,316,2354.932,1665.494,205.140,247.715,0.995,-1,-1,-1
966,303,1688.533,934.458,78.557,63.322,0.988,-1,-1,-1
966,316,2430.042,1703.266,130.050,191.030,0.928,-1,-1,-1
967,303,1688.431,934.847,80.103,62.948,0.990,-1,-1,-1
967,316,2478.816,1716.831,80.184,191.030,0.928,-1,-1,-1
968,303,1687.123,935.001,81.838,64.175,0.988,-1,-1,-1
968,316,2520.308,1727.468,38.692,191.030,0.928,-1,-1,-1
969,303,1687.973,936.351,79.010,63.274,0.974,-1,-1,-1
969,316,2553.700,1736.123,5.300,182.877,0.928,-1,-1,-1
970,303,1682.443,936.169,78.590,63.647,0.970,-1,-1,-1
971,303,1678.892,936.161,82.997,64.800,0.971,-1,-1,-1
972,303,1675.534,936.539,86.835,66.248,0.972,-1,-1,-1
973,303,1677.650,938.077,85.761,66.738,0.964,-1,-1,-1
974,303,1673.629,935.099,88.673,71.388,0.968,-1,-1,-1
975,303,1675.045,934.914,90.254,72.928,0.980,-1,-1,-1
976,303,1677.840,939.095,88.451,68.898,0.989,-1,-1,-1
977,303,1680.009,942.921,85.891,66.148,0.990,-1,-1,-1
978,303,1681.240,940.574,85.086,68.276,0.983,-1,-1,-1
979,303,1685.619,941.450,80.112,67.169,0.987,-1,-1,-1
980,303,1687.807,942.446,79.178,66.419,0.988,-1,-1,-1
981,303,1686.105,945.896,80.124,63.793,0.993,-1,-1,-1
982,303,1686.567,946.613,80.217,63.862,0.994,-1,-1,-1
983,303,1686.048,947.482,81.317,64.538,0.994,-1,-1,-1
984,303,1683.121,949.144,83.355,64.134,0.994,-1,-1,-1
985,303,1681.640,949.490,85.334,65.190,0.994,-1,-1,-1
986,303,1679.572,950.118,85.562,66.122,0.994,-1,-1,-1
987,303,1676.432,952.297,87.278,66.064,0.995,-1,-1,-1
988,303,1675.089,954.056,88.619,65.021,0.996,-1,-1,-1
989,303,1674.516,952.527,87.836,67.721,0.989,-1,-1,-1
990,303,1674.463,954.808,87.523,66.576,0.991,-1,-1,-1
991,303,1672.661,952.850,89.633,69.067,0.993,-1,-1,-1
992,303,1670.266,950.516,92.991,72.473,0.993,-1,-1,-1
993,303,1667.553,949.967,95.300,74.500,0.994,-1,-1,-1
994,303,1665.083,951.688,96.334,74.310,0.994,-1,-1,-1
995,303,1662.608,954.407,94.343,71.702,0.993,-1,-1,-1
996,303,1660.413,958.365,92.750,68.177,0.993,-1,-1,-1
997,303,1662.388,957.221,89.308,70.764,0.995,-1,-1,-1
998,303,1657.867,955.462,92.796,73.493,0.993,-1,-1,-1
999,303,1655.593,958.375,92.329,72.136,0.988,-1,-1,-1
1000,303,1654.080,962.512,90.585,69.470,0.989,-1,-1,-1
1001,303,1653.465,961.460,91.612,71.408,0.990,-1,-1,-1
1002,303,1651.891,959.650,91.793,74.717,0.978,-1,-1,-1
1003,303,1647.247,965.716,90.795,70.005,0.915,-1,-1,-1
1004,303,1643.910,963.880,94.678,72.863,0.912,-1,-1,-1
1005,303,1636.686,959.157,101.555,79.850,0.884,-1,-1,-1
1006,303,1635.870,958.482,102.296,81.405,0.978,-1,-1,-1
1007,303,1630.915,959.282,104.349,81.654,0.989,-1,-1,-1
1008,303,1626.818,959.846,106.013,83.157,0.993,-1,-1,-1
1009,303,1622.647,957.537,108.055,86.894,0.992,-1,-1,-1
1010,303,1619.740,958.984,110.639,88.590,0.995,-1,-1,-1
1011,303,1615.938,958.471,111.847,90.902,0.992,-1,-1,-1
1012,303,1608.212,957.773,116.264,93.167,0.989,-1,-1,-1
1013,303,1599.172,956.522,121.108,98.334,0.991,-1,-1,-1
1014,303,1594.537,960.203,121.692,94.934,0.992,-1,-1,-1
1015,303,1588.063,957.831,124.128,102.612,0.993,-1,-1,-1
1016,303,1582.276,957.631,128.018,105.488,0.996,-1,-1,-1
1017,303,1578.074,958.194,130.439,105.999,0.991,-1,-1,-1
1018,303,1574.921,957.740,131.337,105.487,0.995,-1,-1,-1
1019,303,1570.311,957.551,132.446,107.501,0.995,-1,-1,-1
1020,303,1559.950,956.818,139.396,112.301,0.996,-1,-1,-1
1021,303,1556.734,955.929,139.727,115.228,0.997,-1,-1,-1
1022,303,1550.476,955.273,143.552,116.219,0.996,-1,-1,-1
1023,303,1540.374,956.666,147.774,115.761,0.993,-1,-1,-1
1024,303,1528.728,956.850,153.658,116.181,0.992,-1,-1,-1
1025,303,1519.243,959.444,156.852,115.837,0.994,-1,-1,-1
1026,303,1510.294,953.467,161.221,120.969,0.970,-1,-1,-1
1027,303,1502.720,953.168,163.312,122.951,0.976,-1,-1,-1
1028,303,1497.382,951.137,162.975,126.984,0.945,-1,-1,-1
1029,303,1486.675,953.355,164.639,128.418,0.984,-1,-1,-1
1030,303,1480.534,957.231,162.163,124.611,0.983,-1,-1,-1
1031,303,1470.883,958.773,167.590,126.773,0.994,-1,-1,-1
1032,303,1456.043,960.358,176.074,125.831,0.995,-1,-1,-1
1033,303,1441.722,955.744,184.469,134.332,0.995,-1,-1,-1
1034,303,1427.302,956.852,189.005,134.172,0.993,-1,-1,-1
1035,303,1411.534,954.452,198.053,140.079,0.995,-1,-1,-1
1036,303,1397.268,952.555,205.818,148.675,0.997,-1,-1,-1
1037,303,1382.803,945.754,209.710,158.535,0.995,-1,-1,-1
1038,303,1358.446,946.648,218.801,159.023,0.995,-1,-1,-1
1039,303,1338.944,947.434,226.459,160.110,0.997,-1,-1,-1
1040,303,1323.271,950.529,231.490,162.106,0.998,-1,-1,-1
1041,303,1306.452,949.230,233.556,166.290,0.997,-1,-1,-1
1042,303,1283.180,950.484,247.091,168.567,0.998,-1,-1,-1
1043,303,1256.818,950.350,264.250,175.239,0.997,-1,-1,-1
1044,303,1234.784,943.926,266.397,184.110,0.997,-1,-1,-1
1045,303,1205.156,946.570,286.106,187.851,0.997,-1,-1,-1
1046,303,1176.433,940.928,296.058,195.265,0.996,-1,-1,-1
1047,303,1140.637,939.700,313.016,201.049,0.996,-1,-1,-1
1048,303,1108.102,937.292,327.409,207.644,0.993,-1,-1,-1
1049,303,1072.865,939.975,345.189,209.976,0.993,-1,-1,-1
1050,303,1031.534,929.800,364.109,224.158,0.996,-1,-1,-1
1051,303,981.459,926.518,390.610,230.928,0.992,-1,-1,-1
1052,303,935.063,921.959,419.408,239.039,0.988,-1,-1,-1
1052,355,2502.346,1641.767,57.740,112.968,0.856,-1,-1,-1
1053,303,881.259,922.191,435.142,242.937,0.997,-1,-1,-1
1053,355,2467.887,1621.097,92.150,136.086,0.917,-1,-1,-1
1054,303,822.030,912.891,467.049,256.506,0.994,-1,-1,-1
1054,355,2434.671,1610.316,125.458,155.376,0.921,-1,-1,-1
1055,303,752.309,906.134,499.687,271.143,0.995,-1,-1,-1
1055,355,2414.978,1599.305,145.135,175.932,0.987,-1,-1,-1
1056,303,683.589,901.808,527.813,281.726,0.980,-1,-1,-1
1056,355,2394.471,1587.807,165.745,185.808,0.987,-1,-1,-1
1057,303,598.450,892.624,579.723,295.809,0.989,-1,-1,-1
1057,355,2372.947,1581.848,187.208,187.860,0.993,-1,-1,-1
1058,303,515.750,886.023,615.453,310.563,0.996,-1,-1,-1
1058,355,2361.148,1582.590,198.916,180.352,0.980,-1,-1,-1
1059,303,415.053,877.491,663.107,325.867,0.998,-1,-1,-1
1059,355,2350.330,1575.325,209.693,185.371,0.992,-1,-1,-1
1060,303,303.350,861.518,720.416,352.034,0.998,-1,-1,-1
1060,355,2340.551,1571.203,219.424,187.385,0.991,-1,-1,-1
1061,303,173.152,845.886,790.280,375.600,0.997,-1,-1,-1
1061,355,2332.501,1567.128,227.467,188.198,0.990,-1,-1,-1
1062,303,-0.506,799.544,736.162,435.323,0.996,-1,-1,-1
1062,355,2320.592,1561.631,239.339,191.163,0.995,-1,-1,-1
1063,355,2318.112,1559.733,241.782,193.832,0.995,-1,-1,-1
1064,355,2318.521,1559.142,241.358,194.467,0.996,-1,-1,-1
1065,355,2318.445,1560.031,241.445,194.298,0.996,-1,-1,-1
1066,355,2316.449,1557.221,243.417,197.381,0.995,-1,-1,-1
1067,355,2317.113,1556.294,242.753,198.868,0.995,-1,-1,-1
1068,355,2317.936,1556.658,241.932,199.125,0.995,-1,-1,-1
1069,355,2315.066,1556.733,244.782,196.555,0.996,-1,-1,-1
1070,355,2311.729,1554.966,248.126,201.044,0.996,-1,-1,-1
1071,355,2305.382,1552.221,254.510,199.115,0.995,-1,-1,-1
1072,355,2293.105,1550.316,266.766,202.739,0.995,-1,-1,-1
1073,355,2282.475,1545.803,277.363,208.356,0.996,-1,-1,-1
1074,355,2276.167,1544.842,283.701,206.020,0.997,-1,-1,-1
1075,355,2268.952,1545.304,290.905,205.993,0.997,-1,-1,-1
1076,355,2258.242,1540.944,301.572,211.516,0.998,-1,-1,-1
1077,355,2244.660,1533.192,315.014,213.191,0.998,-1,-1,-1
1078,355,2229.126,1523.556,330.531,226.306,0.998,-1,-1,-1
1079,355,2206.949,1512.859,352.594,232.939,0.998,-1,-1,-1
1080,355,2183.914,1504.641,375.910,232.351,0.998,-1,-1,-1
1081,355,2155.796,1494.276,403.955,231.213,0.999,-1,-1,-1
1082,355,2118.371,1474.772,441.213,267.967,0.998,-1,-1,-1
1083,355,2083.263,1469.352,475.877,300.470,0.998,-1,-1,-1
1084,355,2044.664,1450.449,514.232,314.697,0.999,-1,-1,-1
1085,355,2003.072,1434.838,556.127,307.623,0.999,-1,-1,-1
1086,355,1955.369,1415.843,603.489,309.047,0.999,-1,-1,-1
1087,355,1910.846,1407.567,616.080,290.372,0.999,-1,-1,-1
1088,355,1864.883,1378.727,600.248,298.532,0.999,-1,-1,-1
1089,355,1814.538,1367.661,591.212,283.331,0.999,-1,-1,-1
1090,355,1751.423,1344.355,591.117,280.371,0.999,-1,-1,-1
1091,355,1703.639,1325.706,584.522,280.246,0.999,-1,-1,-1
1092,355,1637.584,1299.740,583.147,277.802,0.999,-1,-1,-1
1093,355,1582.490,1275.111,585.999,279.560,0.999,-1,-1,-1
1094,355,1523.918,1253.997,574.158,278.711,0.999,-1,-1,-1
1095,355,1463.535,1239.199,570.692,271.393,0.999,-1,-1,-1
1096,355,1398.813,1220.377,575.950,266.900,0.999,-1,-1,-1
1097,355,1329.937,1203.793,587.139,261.304,0.999,-1,-1,-1
1098,355,1262.180,1185.996,582.917,263.064,0.999,-1,-1,-1
1099,355,1196.485,1170.145,588.285,262.578,1.000,-1,-1,-1
1100,355,1123.944,1154.634,595.525,257.774,0.999,-1,-1,-1
1101,355,1049.182,1136.123,603.717,253.373,0.999,-1,-1,-1
1102,355,969.279,1121.860,618.906,253.380,0.999,-1,-1,-1
1103,355,899.473,1105.564,625.049,259.766,0.999,-1,-1,-1
1104,355,813.337,1091.401,640.168,259.991,0.999,-1,-1,-1
1105,355,727.515,1073.658,655.756,268.439,0.999,-1,-1,-1
1106,355,639.419,1057.349,673.660,271.430,0.999,-1,-1,-1
1107,355,541.048,1036.673,689.130,280.952,1.000,-1,-1,-1
1108,355,437.475,1030.133,716.958,279.643,1.000,-1,-1,-1
1109,355,317.331,1015.681,756.530,287.335,1.000,-1,-1,-1
1110,355,182.166,999.145,803.188,298.834,0.999,-1,-1,-1
1111,355,35.137,984.410,859.910,310.547,1.000,-1,-1,-1
1112,355,1.028,966.293,791.285,331.106,0.999,-1,-1,-1
1113,355,1.286,952.130,680.248,339.096,0.999,-1,-1,-1
1114,355,-0.138,933.950,563.313,356.124,0.999,-1,-1,-1
1115,355,0.618,934.533,434.298,357.390,0.999,-1,-1,-1
1116,355,0.091,948.814,281.825,342.873,0.998,-1,-1,-1
1117,355,0.130,983.784,112.464,243.689,0.995,-1,-1,-1
1118,355,0.000,981.725,31.989,243.689,0.995,-1,-1,-1
1260,399,0.245,1352.061,173.801,488.950,0.991,-1,-1,-1
1261,399,0.268,1256.154,444.286,548.413,0.999,-1,-1,-1
1262,399,0.792,1107.995,669.467,687.631,0.997,-1,-1,-1
1263,399,0.459,1090.311,850.580,753.042,0.999,-1,-1,-1
1264,399,1.718,1100.070,988.075,674.774,0.999,-1,-1,-1
1265,399,47.704,1105.279,1054.979,596.865,0.999,-1,-1,-1
1266,399,294.320,1103.778,910.393,541.907,0.998,-1,-1,-1
1267,399,496.675,1107.053,787.483,485.400,0.999,-1,-1,-1
1268,399,663.576,1109.675,698.790,433.551,0.999,-1,-1,-1
1269,399,798.094,1101.326,623.839,406.068,0.999,-1,-1,-1
1270,399,916.004,1100.174,547.856,368.073,0.999,-1,-1,-1
1271,399,1016.786,1097.264,493.805,344.075,0.999,-1,-1,-1
1272,399,1100.638,1095.321,450.793,314.215,0.999,-1,-1,-1
1273,399,1176.712,1084.611,409.855,300.993,0.999,-1,-1,-1
1274,399,1236.984,1089.371,377.292,279.045,0.999,-1,-1,-1
1275,399,1288.458,1084.848,352.729,265.800,0.999,-1,-1,-1
1276,399,1339.949,1083.405,327.609,248.084,0.999,-1,-1,-1
1277,399,1384.949,1080.227,301.523,236.869,0.999,-1,-1,-1
1277,405,1699.012,917.336,35.909,29.793,0.511,-1,-1,-1
1278,399,1422.188,1079.534,283.266,223.570,0.999,-1,-1,-1
1278,405,1699.902,918.132,36.073,29.560,0.568,-1,-1,-1
1279,399,1452.271,1073.604,270.149,218.573,0.999,-1,-1,-1
1279,405,1701.943,918.727,36.173,29.742,0.587,-1,-1,-1
1280,399,1486.111,1072.171,254.562,209.023,0.999,-1,-1,-1
1280,405,1703.793,919.360,35.810,29.498,0.599,-1,-1,-1
1281,399,1508.705,1069.534,247.390,200.292,0.999,-1,-1,-1
1281,405,1704.624,920.065,35.933,29.403,0.660,-1,-1,-1
1282,399,1534.722,1064.011,233.941,193.283,0.998,-1,-1,-1
1282,405,1708.191,920.536,41.638,30.774,0.639,-1,-1,-1
1283,399,1554.210,1063.879,223.810,183.265,0.997,-1,-1,-1
1283,405,1709.746,920.901,41.859,30.903,0.690,-1,-1,-1
1284,399,1577.795,1060.312,210.602,175.115,0.998,-1,-1,-1
1284,405,1710.968,921.677,42.120,31.603,0.697,-1,-1,-1
1285,399,1594.227,1057.045,203.869,171.572,0.997,-1,-1,-1
1285,405,1712.928,923.475,43.209,30.871,0.701,-1,-1,-1
1286,399,1610.294,1056.386,192.342,162.877,0.996,-1,-1,-1
1286,405,1713.149,923.266,42.740,30.710,0.687,-1,-1,-1
1287,399,1626.851,1054.440,180.917,158.282,0.995,-1,-1,-1
1287,405,1712.383,922.839,42.355,30.877,0.683,-1,-1,-1
1288,399,1638.817,1052.743,173.713,147.276,0.989,-1,-1,-1
1288,405,1713.530,922.952,41.431,30.312,0.646,-1,-1,-1
1289,399,1649.675,1047.199,169.530,147.181,0.995,-1,-1,-1
1289,405,1714.087,922.801,39.309,28.948,0.618,-1,-1,-1
1290,399,1658.226,1043.458,161.606,142.437,0.962,-1,-1,-1
1290,405,1714.278,923.434,38.347,28.971,0.650,-1,-1,-1
1291,399,1665.646,1039.288,156.015,142.201,0.965,-1,-1,-1
1291,405,1712.542,922.546,38.972,29.582,0.667,-1,-1,-1
1292,399,1674.837,1035.816,150.011,140.014,0.952,-1,-1,-1
1292,405,1711.121,920.800,37.167,29.193,0.598,-1,-1,-1
1293,399,1680.831,1032.481,149.239,136.185,0.903,-1,-1,-1
1293,405,1710.624,920.798,36.911,29.021,0.550,-1,-1,-1
1294,399,1691.711,1030.829,142.974,129.388,0.944,-1,-1,-1
1294,405,1710.640,920.171,36.771,29.069,0.568,-1,-1,-1
1295,399,1694.763,1031.873,138.734,120.936,0.988,-1,-1,-1
1295,405,1710.055,920.682,36.596,29.161,0.551,-1,-1,-1
1296,399,1695.932,1028.265,133.175,118.904,0.994,-1,-1,-1
1296,405,1707.039,919.639,37.179,29.367,0.583,-1,-1,-1
1297,399,1700.508,1026.114,129.381,115.175,0.971,-1,-1,-1
1297,405,1709.580,919.049,37.362,29.943,0.560,-1,-1,-1
1298,399,1702.485,1023.144,125.654,114.621,0.993,-1,-1,-1
1298,405,1711.424,921.392,36.507,29.287,0.578,-1,-1,-1
1299,399,1705.938,1019.555,123.583,111.399,0.967,-1,-1,-1
1299,405,1714.034,922.383,36.386,29.222,0.600,-1,-1,-1
1300,399,1713.072,1015.554,119.046,106.644,0.967,-1,-1,-1
1300,405,1715.004,924.661,36.897,28.738,0.656,-1,-1,-1
1301,399,1714.643,1013.054,117.884,106.143,0.977,-1,-1,-1
1301,405,1714.599,924.127,37.138,29.171,0.665,-1,-1,-1
1302,399,1717.407,1012.729,115.572,103.796,0.977,-1,-1,-1
1302,405,1715.237,924.914,36.243,28.782,0.672,-1,-1,-1
1303,399,1720.309,1012.675,110.939,96.831,0.983,-1,-1,-1
1303,405,1716.566,926.715,36.792,29.174,0.701,-1,-1,-1
1304,399,1721.700,1008.878,108.782,95.309,0.944,-1,-1,-1
1304,405,1716.776,925.548,36.692,29.507,0.710,-1,-1,-1
1305,399,1727.504,1007.294,100.947,91.500,0.991,-1,-1,-1
1305,405,1714.752,924.951,36.727,29.345,0.686,-1,-1,-1
1306,399,1727.098,1006.072,104.442,89.736,0.992,-1,-1,-1
1306,405,1717.488,926.599,37.956,30.182,0.701,-1,-1,-1
1307,399,1729.383,1005.463,101.993,87.391,0.994,-1,-1,-1
1307,405,1716.272,926.724,37.950,30.618,0.769,-1,-1,-1
1308,399,1731.733,1004.235,98.055,84.946,0.993,-1,-1,-1
1308,405,1714.505,925.266,39.397,31.856,0.789,-1,-1,-1
1309,399,1732.478,1002.315,99.204,84.806,0.993,-1,-1,-1
1309,405,1716.651,926.138,39.911,31.094,0.816,-1,-1,-1
1310,399,1735.153,999.388,95.112,84.123,0.990,-1,-1,-1
1310,405,1715.995,928.196,40.670,31.092,0.856,-1,-1,-1
1311,399,1737.328,999.763,90.581,79.793,0.992,-1,-1,-1
1311,405,1715.292,928.859,39.342,30.456,0.836,-1,-1,-1
1312,399,1740.961,998.683,87.564,77.387,0.989,-1,-1,-1
1312,405,1715.507,929.528,39.223,30.723,0.821,-1,-1,-1
1313,399,1741.853,996.253,86.472,75.953,0.994,-1,-1,-1
1313,405,1714.237,928.332,39.203,30.980,0.802,-1,-1,-1
1314,399,1743.159,992.316,85.723,77.062,0.992,-1,-1,-1
1314,405,1713.734,929.027,39.248,30.901,0.813,-1,-1,-1
1315,399,1743.783,990.063,83.652,73.878,0.991,-1,-1,-1
1315,405,1714.201,928.429,37.856,30.061,0.753,-1,-1,-1
1316,399,1744.641,986.547,84.500,72.055,0.993,-1,-1,-1
1316,405,1714.827,929.103,38.349,30.526,0.755,-1,-1,-1
1317,399,1744.584,985.483,85.792,70.224,0.993,-1,-1,-1
1317,405,1713.460,929.495,38.440,30.670,0.743,-1,-1,-1
1318,399,1744.489,986.926,83.652,66.569,0.993,-1,-1,-1
1318,405,1714.238,931.981,37.462,30.157,0.723,-1,-1,-1
1319,399,1743.458,984.725,82.755,67.186,0.992,-1,-1,-1
1319,405,1715.219,932.392,36.682,30.053,0.667,-1,-1,-1
1320,399,1746.339,983.762,79.914,66.212,0.994,-1,-1,-1
1320,405,1712.656,932.656,37.419,29.745,0.761,-1,-1,-1
1321,399,1748.750,983.499,76.659,64.214,0.994,-1,-1,-1
1321,405,1708.015,932.742,37.487,30.093,0.652,-1,-1,-1
1322,399,1748.952,982.605,75.647,62.867,0.994,-1,-1,-1
1322,405,1705.219,932.230,37.917,30.184,0.666,-1,-1,-1
1323,399,1748.320,982.833,77.256,60.956,0.994,-1,-1,-1
1323,405,1705.034,932.922,39.082,30.481,0.659,-1,-1,-1
1324,399,1747.942,980.713,77.172,60.482,0.995,-1,-1,-1
1324,405,1707.138,933.897,40.045,31.424,0.660,-1,-1,-1
1325,399,1748.829,979.033,77.254,60.604,0.996,-1,-1,-1
1325,405,1710.047,934.467,39.688,31.834,0.571,-1,-1,-1
1326,399,1748.069,977.997,74.621,58.240,0.994,-1,-1,-1
1326,405,1696.575,932.404,45.125,34.317,0.912,-1,-1,-1
1327,399,1748.534,976.429,73.697,57.682,0.994,-1,-1,-1
1327,405,1695.716,932.545,45.070,34.449,0.888,-1,-1,-1
1328,399,1748.147,974.397,72.961,56.362,0.994,-1,-1,-1
1328,405,1690.397,931.160,47.489,34.587,0.912,-1,-1,-1
1329,399,1749.245,971.110,69.439,56.612,0.993,-1,-1,-1
1329,405,1687.018,932.397,45.831,33.657,0.868,-1,-1,-1
1330,399,1748.963,969.702,68.764,56.112,0.992,-1,-1,-1
1330,405,1687.850,932.711,46.334,34.520,0.881,-1,-1,-1
1331,399,1748.696,967.561,68.665,56.788,0.990,-1,-1,-1
1331,405,1685.354,931.978,49.971,36.855,0.922,-1,-1,-1
1332,399,1748.023,966.083,67.762,58.022,0.986,-1,-1,-1
1332,405,1694.734,933.393,47.799,37.151,0.931,-1,-1,-1
1333,399,1751.373,967.552,66.502,54.942,0.990,-1,-1,-1
1333,405,1695.914,935.111,47.079,34.681,0.945,-1,-1,-1
1334,399,1750.442,965.565,67.444,55.856,0.988,-1,-1,-1
1334,405,1693.355,934.518,51.105,36.755,0.949,-1,-1,-1
1335,399,1749.809,963.467,66.770,55.928,0.989,-1,-1,-1
1335,405,1695.897,935.020,49.834,36.958,0.946,-1,-1,-1
1336,399,1750.303,962.615,65.853,56.476,0.987,-1,-1,-1
1336,405,1695.025,935.478,51.157,38.145,0.952,-1,-1,-1
1337,399,1751.446,961.678,65.212,56.592,0.982,-1,-1,-1
1337,405,1696.065,935.550,49.839,38.916,0.957,-1,-1,-1
1338,399,1751.568,960.245,64.528,57.189,0.980,-1,-1,-1
1338,405,1695.375,934.572,52.306,42.126,0.962,-1,-1,-1
1339,399,1752.465,959.003,63.834,56.935,0.981,-1,-1,-1
1339,405,1693.137,934.942,52.814,42.877,0.964,-1,-1,-1
1340,399,1753.721,958.623,63.711,57.005,0.981,-1,-1,-1
1340,405,1692.382,935.248,52.539,42.605,0.959,-1,-1,-1
1341,399,1754.755,957.734,63.712,56.243,0.982,-1,-1,-1
1341,405,1690.566,935.029,54.771,44.748,0.958,-1,-1,-1
1342,399,1755.165,956.742,63.309,56.297,0.980,-1,-1,-1
1342,405,1687.587,935.693,54.711,44.197,0.960,-1,-1,-1
1343,399,1754.559,956.016,64.130,56.497,0.982,-1,-1,-1
1343,405,1687.999,936.308,56.597,46.181,0.962,-1,-1,-1
1344,399,1754.812,955.342,62.265,54.211,0.984,-1,-1,-1
1344,405,1686.621,938.342,56.387,45.547,0.797,-1,-1,-1
1345,399,1755.470,954.275,60.438,53.629,0.984,-1,-1,-1
1345,405,1679.072,936.616,58.399,47.199,0.957,-1,-1,-1
1346,399,1755.773,954.044,59.128,52.642,0.973,-1,-1,-1
1346,405,1678.900,938.554,58.635,47.988,0.936,-1,-1,-1
1347,399,1762.317,955.597,55.815,52.015,0.974,-1,-1,-1
1347,405,1681.450,940.387,63.770,49.979,0.985,-1,-1,-1
1348,399,1762.380,954.150,54.233,51.096,0.975,-1,-1,-1
1348,405,1679.064,940.113,64.800,50.642,0.988,-1,-1,-1
1349,399,1762.672,954.159,53.427,50.297,0.974,-1,-1,-1
1349,405,1674.677,940.587,67.521,50.791,0.990,-1,-1,-1
1350,399,1761.860,954.329,52.075,48.493,0.975,-1,-1,-1
1350,405,1670.728,940.073,69.111,52.940,0.993,-1,-1,-1
1351,399,1762.507,954.883,51.420,47.071,0.979,-1,-1,-1
1351,405,1669.368,940.045,71.748,54.183,0.994,-1,-1,-1
1352,399,1762.328,954.974,51.277,46.209,0.981,-1,-1,-1
1352,405,1669.124,944.237,69.267,52.153,0.996,-1,-1,-1
1353,399,1762.603,955.113,50.408,45.758,0.977,-1,-1,-1
1353,405,1669.052,945.756,68.078,53.257,0.996,-1,-1,-1
1354,399,1759.478,953.657,48.802,45.310,0.982,-1,-1,-1
1354,405,1664.739,947.214,70.885,53.830,0.992,-1,-1,-1
1355,399,1759.820,954.126,47.640,44.045,0.979,-1,-1,-1
1355,405,1661.040,948.180,73.314,55.410,0.992,-1,-1,-1
1356,399,1760.259,954.537,47.030,42.164,0.979,-1,-1,-1
1356,405,1655.764,950.068,76.138,56.024,0.990,-1,-1,-1
1357,399,1759.865,954.026,47.099,41.298,0.984,-1,-1,-1
1357,405,1653.679,952.279,78.568,57.202,0.991,-1,-1,-1
1358,399,1760.035,953.745,47.557,41.960,0.983,-1,-1,-1
1358,405,1648.065,953.041,83.451,59.640,0.989,-1,-1,-1
1359,399,1760.075,953.838,46.437,41.411,0.980,-1,-1,-1
1359,405,1646.516,954.756,86.137,58.962,0.988,-1,-1,-1
1360,399,1760.689,953.821,45.903,41.083,0.980,-1,-1,-1
1360,405,1644.629,954.679,87.103,60.618,0.990,-1,-1,-1
1361,399,1760.961,953.894,45.565,40.672,0.971,-1,-1,-1
1361,405,1638.597,957.855,91.980,59.803,0.991,-1,-1,-1
1362,399,1764.022,954.651,44.474,40.018,0.980,-1,-1,-1
1362,405,1637.956,959.921,89.512,60.846,0.990,-1,-1,-1
1363,399,1766.861,955.565,41.508,38.676,0.633,-1,-1,-1
1363,405,1636.161,963.402,90.949,61.086,0.992,-1,-1,-1
1364,399,1763.179,953.943,43.671,40.090,0.981,-1,-1,-1
1364,405,1635.767,965.384,89.386,62.137,0.995,-1,-1,-1
1365,399,1765.954,954.493,41.455,39.896,0.846,-1,-1,-1
1365,405,1630.525,966.160,91.192,65.177,0.995,-1,-1,-1
1366,399,1759.221,952.202,44.416,41.256,0.986,-1,-1,-1
1366,405,1627.342,966.519,89.145,66.780,0.997,-1,-1,-1
1367,399,1758.574,952.138,44.843,40.841,0.986,-1,-1,-1
1367,405,1623.377,967.514,86.477,67.984,0.998,-1,-1,-1
1368,399,1758.890,953.157,44.025,39.169,0.984,-1,-1,-1
1368,405,1615.485,970.146,88.747,69.895,0.997,-1,-1,-1
1369,399,1758.301,952.793,45.573,40.267,0.986,-1,-1,-1
1369,405,1609.156,971.808,90.931,73.933,0.996,-1,-1,-1
1370,399,1758.573,952.066,45.209,39.991,0.986,-1,-1,-1
1370,405,1596.699,970.980,100.641,81.156,0.995,-1,-1,-1
1371,399,1761.157,952.380,41.178,37.304,0.524,-1,-1,-1
1371,405,1588.081,973.989,104.104,81.966,0.985,-1,-1,-1
1372,399,1762.010,952.357,44.479,37.859,0.982,-1,-1,-1
1372,405,1580.676,974.810,106.423,84.668,0.980,-1,-1,-1
1373,399,1761.736,952.545,44.763,37.565,0.986,-1,-1,-1
1373,405,1568.586,975.432,113.661,90.318,0.989,-1,-1,-1
1374,399,1762.639,953.114,42.739,37.095,0.982,-1,-1,-1
1374,405,1555.720,977.017,116.064,93.256,0.993,-1,-1,-1
1375,399,1761.733,953.536,43.278,36.186,0.983,-1,-1,-1
1375,405,1545.811,978.582,119.631,95.270,0.996,-1,-1,-1
1376,399,1760.977,953.176,44.054,36.363,0.983,-1,-1,-1
1376,405,1525.825,979.097,128.607,99.956,0.998,-1,-1,-1
1377,399,1760.958,952.643,44.375,36.375,0.983,-1,-1,-1
1377,405,1507.065,981.794,137.081,101.528,0.995,-1,-1,-1
1378,399,1761.491,952.450,44.208,35.845,0.980,-1,-1,-1
1378,405,1489.393,985.493,144.214,100.170,0.997,-1,-1,-1
1379,399,1761.643,952.351,44.304,36.076,0.975,-1,-1,-1
1379,405,1470.987,981.744,149.431,107.579,0.998,-1,-1,-1
1380,399,1764.603,951.630,41.011,35.483,0.532,-1,-1,-1
1380,405,1449.828,984.159,154.674,109.972,0.998,-1,-1,-1
1381,399,1763.671,951.676,41.915,35.688,0.731,-1,-1,-1
1381,405,1427.118,985.585,161.993,112.449,0.998,-1,-1,-1
1382,399,1763.902,950.961,41.215,35.602,0.580,-1,-1,-1
1382,405,1400.386,984.484,172.599,115.954,0.999,-1,-1,-1
1383,399,1761.721,950.229,42.562,36.594,0.901,-1,-1,-1
1383,405,1366.063,983.321,183.092,120.360,0.999,-1,-1,-1
1384,399,1761.709,949.625,42.527,36.411,0.702,-1,-1,-1
1384,405,1330.595,984.156,195.177,126.031,0.999,-1,-1,-1
1385,399,1758.996,950.322,44.257,37.225,0.962,-1,-1,-1
1385,405,1299.636,982.891,205.512,133.229,0.999,-1,-1,-1
1386,399,1758.875,950.009,44.165,36.848,0.953,-1,-1,-1
1386,405,1261.214,977.675,220.149,144.200,0.999,-1,-1,-1
1387,399,1758.422,949.715,44.642,37.211,0.965,-1,-1,-1
1387,405,1218.570,983.188,228.579,144.797,0.999,-1,-1,-1
1388,399,1759.082,949.761,42.876,36.489,0.913,-1,-1,-1
1388,405,1169.579,977.627,244.484,153.500,0.999,-1,-1,-1
1389,399,1759.555,948.795,44.811,36.875,0.936,-1,-1,-1
1389,405,1111.131,979.211,270.136,155.797,0.999,-1,-1,-1
1390,399,1761.240,949.410,43.218,35.818,0.903,-1,-1,-1
1390,405,1052.456,975.976,293.515,165.761,0.999,-1,-1,-1
1391,399,1761.380,949.530,43.020,35.085,0.918,-1,-1,-1
1391,405,980.341,973.231,322.197,172.758,0.999,-1,-1,-1
1392,399,1763.216,949.626,43.191,35.070,0.955,-1,-1,-1
1392,405,901.080,966.240,353.196,185.799,0.999,-1,-1,-1
1393,399,1765.405,949.942,43.155,35.136,0.964,-1,-1,-1
1393,405,822.859,962.840,376.557,189.756,0.999,-1,-1,-1
1394,399,1764.466,949.583,42.841,35.505,0.967,-1,-1,-1
1394,405,725.638,952.180,419.565,208.829,0.999,-1,-1,-1
1395,399,1764.760,949.802,42.977,35.205,0.972,-1,-1,-1
1395,405,613.163,945.968,462.136,223.005,0.999,-1,-1,-1
1396,399,1763.439,949.393,42.736,34.866,0.971,-1,-1,-1
1396,405,491.009,943.657,510.838,232.947,0.999,-1,-1,-1
1397,399,1763.496,949.325,42.351,34.485,0.972,-1,-1,-1
1397,405,347.931,931.473,574.773,258.956,0.999,-1,-1,-1
1398,399,1763.477,949.235,41.495,34.281,0.969,-1,-1,-1
1398,405,180.285,915.421,652.029,286.965,0.999,-1,-1,-1
1399,399,1763.934,949.506,40.793,33.406,0.959,-1,-1,-1
1399,405,1.808,903.543,732.848,310.998,0.999,-1,-1,-1
1400,399,1764.993,950.067,40.491,33.116,0.942,-1,-1,-1
1400,405,1.084,885.353,612.072,335.716,0.999,-1,-1,-1
1401,399,1765.132,950.236,40.134,32.737,0.929,-1,-1,-1
1401,405,0.731,874.615,481.898,336.043,0.999,-1,-1,-1
1402,399,1766.030,951.985,36.983,31.276,0.847,-1,-1,-1
1402,405,0.566,871.313,328.258,344.703,0.999,-1,-1,-1
1403,399,1765.988,951.719,36.281,31.058,0.861,-1,-1,-1
1403,405,0.200,915.754,147.473,296.071,0.997,-1,-1,-1
1404,399,1766.581,952.006,36.132,31.205,0.871,-1,-1,-1
1404,405,0.000,920.030,59.755,296.071,0.997,-1,-1,-1
1405,399,1766.967,953.352,36.939,30.459,0.839,-1,-1,-1
1406,399,1765.222,952.892,36.927,30.252,0.851,-1,-1,-1
1407,399,1765.801,953.445,37.151,29.995,0.798,-1,-1,-1
1408,399,1764.897,953.568,37.938,29.679,0.746,-1,-1,-1
1409,399,1766.072,953.753,39.551,30.279,0.722,-1,-1,-1
1410,399,1764.154,953.284,41.922,30.743,0.679,-1,-1,-1
1411,399,1763.295,952.542,43.105,31.322,0.639,-1,-1,-1
1412,399,1764.504,952.898,41.579,31.223,0.742,-1,-1,-1
1413,399,1764.788,952.907,41.579,31.223,0.742,-1,-1,-1
1414,399,1764.675,952.805,41.579,31.223,0.742,-1,-1,-1
1415,399,1764.708,952.736,41.579,31.223,0.742,-1,-1,-1
1416,399,1764.793,952.743,41.579,31.223,0.742,-1,-1,-1
1636,462,1.514,1090.569,924.046,523.242,0.999,-1,-1,-1
1637,462,226.346,1096.455,847.239,459.154,0.999,-1,-1,-1
1638,462,477.845,1096.977,708.137,406.597,0.999,-1,-1,-1
1639,462,678.286,1096.608,611.530,358.025,0.999,-1,-1,-1
1640,462,834.667,1093.250,536.528,325.589,0.999,-1,-1,-1
1641,462,964.539,1094.358,473.578,289.228,0.999,-1,-1,-1
1642,462,1081.788,1094.627,406.913,263.057,0.999,-1,-1,-1
1643,462,1173.396,1087.935,361.691,244.429,0.999,-1,-1,-1
1644,462,1251.934,1082.457,326.305,228.334,0.999,-1,-1,-1
1645,462,1314.664,1080.549,294.994,207.431,0.999,-1,-1,-1
1646,462,1367.486,1080.532,273.362,197.411,0.998,-1,-1,-1
1647,462,1419.401,1075.446,246.632,187.949,0.998,-1,-1,-1
1648,462,1458.050,1073.493,232.561,175.480,0.998,-1,-1,-1
1649,462,1496.131,1067.914,213.321,169.060,0.997,-1,-1,-1
1650,462,1522.820,1065.948,201.739,156.505,0.998,-1,-1,-1
1651,462,1553.071,1063.163,193.322,153.679,0.998,-1,-1,-1
1652,462,1576.233,1059.865,179.307,146.523,0.996,-1,-1,-1
1653,462,1595.087,1057.639,169.880,139.392,0.995,-1,-1,-1
1654,462,1616.642,1053.718,162.583,135.214,0.997,-1,-1,-1
1655,462,1630.622,1050.935,154.556,131.047,0.998,-1,-1,-1
1656,462,1644.465,1047.001,147.635,126.095,0.996,-1,-1,-1
1657,462,1659.515,1041.612,135.018,121.636,0.993,-1,-1,-1
1658,462,1666.595,1037.819,135.486,118.165,0.997,-1,-1,-1
1659,462,1675.776,1037.381,131.226,111.378,0.997,-1,-1,-1
1660,462,1687.675,1034.255,121.538,107.031,0.998,-1,-1,-1
1661,462,1691.932,1031.397,121.455,104.113,0.996,-1,-1,-1
1662,462,1695.848,1027.915,122.473,99.458,0.996,-1,-1,-1
1663,462,1705.560,1029.028,112.235,90.863,0.991,-1,-1,-1
1664,462,1715.648,1027.318,103.375,85.883,0.981,-1,-1,-1
1665,462,1721.082,1023.008,100.513,86.951,0.991,-1,-1,-1
1666,462,1724.879,1021.523,96.491,82.077,0.996,-1,-1,-1
1667,462,1726.938,1018.632,94.109,81.111,0.995,-1,-1,-1
1668,462,1733.775,1016.969,91.184,79.122,0.995,-1,-1,-1
1669,462,1735.431,1014.264,91.542,79.159,0.994,-1,-1,-1
1670,462,1743.107,1012.208,87.617,75.783,0.989,-1,-1,-1
1671,462,1742.704,1009.273,86.555,75.347,0.988,-1,-1,-1
1672,462,1743.290,1006.921,88.286,74.437,0.990,-1,-1,-1
1673,462,1745.287,1006.557,84.466,69.564,0.991,-1,-1,-1
1674,462,1745.211,1002.400,85.763,70.319,0.991,-1,-1,-1
1675,462,1745.710,1001.890,82.989,64.531,0.994,-1,-1,-1
1676,462,1745.885,1000.383,82.947,61.464,0.992,-1,-1,-1
1677,462,1746.973,999.085,82.972,59.662,0.992,-1,-1,-1
1678,462,1751.013,997.671,80.758,58.348,0.992,-1,-1,-1
1679,462,1752.966,994.225,78.239,58.903,0.987,-1,-1,-1
1680,462,1755.749,990.467,77.816,60.221,0.988,-1,-1,-1
1681,462,1757.230,988.567,74.077,60.340,0.987,-1,-1,-1
1682,462,1756.270,988.557,73.513,57.582,0.989,-1,-1,-1
1683,462,1755.097,986.021,71.471,55.823,0.988,-1,-1,-1
1684,462,1758.034,983.959,68.146,55.295,0.983,-1,-1,-1
1685,462,1756.677,984.909,69.184,53.746,0.963,-1,-1,-1
1686,462,1756.816,982.513,74.021,55.764,0.971,-1,-1,-1
1687,462,1756.266,980.642,74.651,55.063,0.964,-1,-1,-1
1688,462,1760.345,982.143,68.906,51.085,0.940,-1,-1,-1
1689,462,1762.462,981.976,66.032,48.638,0.908,-1,-1,-1
1690,462,1763.896,981.509,62.514,46.723,0.918,-1,-1,-1
1691,462,1766.069,978.955,56.118,44.886,0.879,-1,-1,-1
1692,462,1764.374,975.620,57.275,47.016,0.951,-1,-1,-1
1693,462,1763.095,973.754,57.796,47.478,0.987,-1,-1,-1
1694,462,1761.330,970.914,55.778,47.871,0.972,-1,-1,-1
1695,462,1760.876,969.914,57.094,47.753,0.979,-1,-1,-1
1696,462,1764.062,969.156,52.902,46.026,0.963,-1,-1,-1
1697,462,1769.260,969.079,46.441,42.778,0.847,-1,-1,-1
1698,462,1769.591,967.154,44.763,42.584,0.844,-1,-1,-1
1699,462,1768.189,965.725,45.464,43.116,0.857,-1,-1,-1
1700,462,1764.537,963.602,48.809,44.812,0.964,-1,-1,-1
1701,462,1764.596,962.748,48.943,44.487,0.962,-1,-1,-1
1702,462,1762.995,962.586,48.857,43.405,0.964,-1,-1,-1
1703,462,1763.411,962.096,49.342,43.857,0.970,-1,-1,-1
1704,462,1762.396,961.709,48.924,42.290,0.927,-1,-1,-1
1705,462,1762.626,960.768,47.403,41.237,0.941,-1,-1,-1
1706,462,1762.318,959.044,48.331,41.569,0.951,-1,-1,-1
1707,462,1761.159,958.133,47.498,40.319,0.948,-1,-1,-1
1708,462,1759.898,958.137,47.583,39.638,0.948,-1,-1,-1
1709,462,1757.350,958.219,47.554,38.715,0.944,-1,-1,-1
1710,462,1756.894,957.727,48.116,39.212,0.937,-1,-1,-1
1711,462,1757.413,958.834,47.092,37.288,0.926,-1,-1,-1
1712,462,1758.038,958.027,47.592,37.818,0.936,-1,-1,-1
1713,462,1758.078,959.112,45.817,35.469,0.939,-1,-1,-1
1714,462,1758.581,958.536,44.097,34.916,0.955,-1,-1,-1
1715,462,1759.973,958.162,42.680,35.174,0.950,-1,-1,-1
1716,462,1760.209,957.509,41.225,35.359,0.947,-1,-1,-1
1717,462,1760.053,957.515,41.125,34.948,0.944,-1,-1,-1
1718,462,1761.075,957.627,40.700,34.957,0.943,-1,-1,-1
1719,462,1757.964,956.183,42.083,37.098,0.948,-1,-1,-1
1720,462,1757.948,955.893,41.356,36.690,0.940,-1,-1,-1
1721,462,1759.372,956.074,39.231,35.483,0.934,-1,-1,-1
1722,462,1759.017,955.306,39.483,35.657,0.937,-1,-1,-1
1723,462,1759.271,955.581,39.519,35.182,0.940,-1,-1,-1
1724,462,1760.370,956.346,38.725,33.961,0.940,-1,-1,-1
1725,462,1760.863,957.125,38.220,32.670,0.938,-1,-1,-1
1726,462,1761.164,957.091,38.201,31.276,0.947,-1,-1,-1
1727,462,1761.849,956.465,37.711,31.474,0.942,-1,-1,-1
1728,462,1762.205,956.334,37.663,31.251,0.946,-1,-1,-1
1729,462,1762.024,956.714,37.438,30.402,0.947,-1,-1,-1
1730,462,1762.290,956.615,36.042,30.127,0.939,-1,-1,-1
1731,462,1762.143,956.578,35.857,29.833,0.916,-1,-1,-1
1732,462,1761.999,957.609,34.796,28.917,0.879,-1,-1,-1
1733,462,1761.326,956.401,33.972,29.471,0.857,-1,-1,-1
1734,462,1761.201,956.546,33.810,29.132,0.848,-1,-1,-1
1735,462,1761.034,955.556,32.985,29.231,0.845,-1,-1,-1
1736,462,1758.134,953.399,31.835,29.791,0.627,-1,-1,-1
1737,462,1757.771,954.320,32.682,28.648,0.670,-1,-1,-1
1738,462,1759.156,954.835,32.548,28.934,0.689,-1,-1,-1
1739,462,1757.538,955.033,32.590,27.504,0.696,-1,-1,-1
1740,462,1758.925,955.345,34.228,27.973,0.822,-1,-1,-1
1741,462,1753.693,953.512,39.057,28.878,0.517,-1,-1,-1
1742,462,1753.513,953.361,39.057,28.878,0.517,-1,-1,-1
1743,462,1753.068,953.065,39.057,28.878,0.517,-1,-1,-1
1744,462,1752.942,952.861,39.057,28.878,0.517,-1,-1,-1
1745,462,1752.373,952.538,39.057,28.878,0.517,-1,-1,-1
1788,484,0.538,1104.783,974.430,622.531,0.996,-1,-1,-1
1789,484,240.668,1108.437,885.953,534.893,0.998,-1,-1,-1
1790,484,512.516,1104.559,730.465,473.263,0.998,-1,-1,-1
1791,484,724.489,1103.716,618.898,417.221,0.998,-1,-1,-1
1792,484,895.252,1098.806,522.838,373.690,0.996,-1,-1,-1
1793,484,1026.023,1097.418,452.500,335.664,0.998,-1,-1,-1
1794,484,1131.202,1092.151,395.427,302.718,0.992,-1,-1,-1
1795,484,1224.830,1088.886,352.234,281.349,0.991,-1,-1,-1
1796,484,1296.718,1082.335,317.973,262.548,0.993,-1,-1,-1
1797,484,1358.292,1082.927,295.320,241.541,0.994,-1,-1,-1
1798,484,1414.872,1077.585,267.460,222.905,0.994,-1,-1,-1
1799,484,1461.475,1073.659,247.360,214.774,0.990,-1,-1,-1
1800,484,1497.974,1071.546,228.869,198.637,0.997,-1,-1,-1
1801,484,1528.687,1067.453,220.159,195.399,0.995,-1,-1,-1
1802,484,1559.797,1065.745,201.655,182.393,0.995,-1,-1,-1
1803,484,1584.347,1066.320,182.791,163.040,0.998,-1,-1,-1
1804,484,1601.371,1060.485,177.405,159.858,0.999,-1,-1,-1
1805,484,1625.809,1057.979,165.544,150.284,0.998,-1,-1,-1
1806,484,1638.639,1053.226,159.813,145.910,0.996,-1,-1,-1
1807,484,1651.567,1053.691,151.774,136.507,0.998,-1,-1,-1
1808,484,1660.628,1046.897,147.355,135.824,0.998,-1,-1,-1
1809,484,1672.687,1044.491,141.419,127.755,0.993,-1,-1,-1
1810,484,1685.499,1040.423,128.793,123.466,0.980,-1,-1,-1
1811,484,1697.680,1036.351,122.413,113.967,0.979,-1,-1,-1
1812,484,1710.298,1036.423,106.265,105.188,0.990,-1,-1,-1
1813,484,1709.656,1032.717,110.382,103.462,0.997,-1,-1,-1
1814,484,1714.703,1031.557,108.553,98.991,0.991,-1,-1,-1
1815,484,1721.228,1028.115,104.047,92.691,0.990,-1,-1,-1
1816,484,1730.099,1025.760,99.609,91.949,0.994,-1,-1,-1
1817,484,1733.027,1021.650,98.167,90.750,0.993,-1,-1,-1
1818,484,1737.669,1018.817,97.308,88.825,0.993,-1,-1,-1
1819,484,1740.786,1018.698,94.481,84.461,0.970,-1,-1,-1
1820,484,1741.312,1016.907,97.636,82.521,0.968,-1,-1,-1
1821,484,1743.505,1014.601,94.531,79.529,0.978,-1,-1,-1
1822,484,1747.794,1011.563,89.829,78.006,0.949,-1,-1,-1
1823,484,1748.163,1009.354,88.277,75.054,0.976,-1,-1,-1
1824,484,1749.856,1007.440,87.359,73.675,0.955,-1,-1,-1
1825,484,1750.703,1005.373,84.991,72.852,0.680,-1,-1,-1
1826,484,1750.387,1001.999,85.088,69.250,0.969,-1,-1,-1
1827,484,1747.457,999.316,90.610,68.951,0.989,-1,-1,-1
1828,484,1751.419,996.972,87.817,66.142,0.986,-1,-1,-1
1829,484,1750.264,993.961,91.490,65.036,0.989,-1,-1,-1
1830,484,1748.813,992.061,85.152,63.440,0.987,-1,-1,-1
1831,484,1751.071,990.987,83.277,60.455,0.985,-1,-1,-1
1832,484,1752.948,984.690,83.264,64.386,0.991,-1,-1,-1
1833,484,1752.171,981.787,84.130,64.228,0.991,-1,-1,-1
1834,484,1752.834,981.562,76.765,59.926,0.990,-1,-1,-1
1835,484,1753.690,981.192,81.701,58.657,0.989,-1,-1,-1
1836,484,1751.802,981.744,79.180,56.659,0.992,-1,-1,-1
1837,484,1753.188,981.578,74.127,54.767,0.987,-1,-1,-1
1838,484,1755.447,979.935,69.773,51.670,0.986,-1,-1,-1
1839,484,1756.232,977.317,65.412,50.084,0.980,-1,-1,-1
1840,484,1758.002,976.562,67.110,50.594,0.984,-1,-1,-1
1841,484,1753.465,972.115,68.424,52.747,0.985,-1,-1,-1
1842,484,1756.386,969.573,60.556,52.094,0.979,-1,-1,-1
1843,484,1753.001,969.145,62.552,50.958,0.988,-1,-1,-1
1844,484,1752.175,968.462,63.229,51.653,0.988,-1,-1,-1
1845,484,1752.014,966.600,62.171,52.237,0.987,-1,-1,-1
1846,484,1752.509,963.849,63.473,54.010,0.983,-1,-1,-1
1847,484,1757.554,961.830,58.164,53.216,0.976,-1,-1,-1
1848,484,1759.686,961.915,53.951,49.531,0.975,-1,-1,-1
1849,484,1759.896,961.147,54.359,48.839,0.978,-1,-1,-1
1850,484,1761.158,960.702,52.513,47.536,0.969,-1,-1,-1
1851,484,1760.840,959.081,53.659,48.793,0.972,-1,-1,-1
1852,484,1761.636,958.104,51.007,47.220,0.963,-1,-1,-1
1853,484,1759.583,957.231,52.535,46.455,0.935,-1,-1,-1
1854,484,1759.784,955.935,51.057,45.990,0.879,-1,-1,-1
1855,484,1758.499,955.791,52.604,46.936,0.898,-1,-1,-1
1856,484,1758.600,955.459,51.405,47.072,0.714,-1,-1,-1
1857,484,1759.845,955.643,48.813,45.543,0.573,-1,-1,-1
1858,484,1760.010,955.784,47.707,43.574,0.669,-1,-1,-1
1859,484,1759.917,955.549,47.809,42.205,0.735,-1,-1,-1
1860,484,1759.739,955.194,47.687,41.077,0.877,-1,-1,-1
1861,484,1761.596,954.381,44.339,39.626,0.514,-1,-1,-1
1862,484,1761.592,956.129,46.977,39.248,0.895,-1,-1,-1
1863,484,1762.810,957.197,44.968,37.429,0.937,-1,-1,-1
1864,484,1762.849,956.671,44.742,38.020,0.954,-1,-1,-1
1865,484,1763.144,956.709,44.296,37.641,0.963,-1,-1,-1
1866,484,1762.784,956.211,43.546,37.572,0.967,-1,-1,-1
1867,484,1762.968,955.877,42.990,37.997,0.955,-1,-1,-1
1868,484,1762.239,955.378,42.779,38.109,0.956,-1,-1,-1
1869,484,1762.390,955.812,42.501,37.660,0.954,-1,-1,-1
1870,484,1762.770,956.096,41.888,37.068,0.940,-1,-1,-1
1871,484,1762.759,956.766,41.260,36.236,0.826,-1,-1,-1
1872,484,1762.544,956.747,41.260,36.236,0.826,-1,-1,-1
1873,484,1750.735,945.066,37.790,32.603,0.694,-1,-1,-1
1874,484,1749.572,944.000,37.162,32.063,0.699,-1,-1,-1
1875,484,1739.158,939.217,35.304,29.779,0.616,-1,-1,-1
1876,484,1733.883,935.037,35.304,29.779,0.616,-1,-1,-1
1877,484,1728.605,930.823,35.304,29.779,0.616,-1,-1,-1
1878,484,1712.741,926.590,33.718,27.442,0.654,-1,-1,-1
1879,484,1716.214,928.468,33.764,27.643,0.648,-1,-1,-1
1880,484,1716.064,928.527,34.107,27.795,0.630,-1,-1,-1
1881,484,1708.665,929.395,33.990,28.546,0.532,-1,-1,-1
1882,484,1704.119,931.316,32.149,27.109,0.529,-1,-1,-1
1883,484,1701.813,929.377,32.062,27.927,0.512,-1,-1,-1
1884,484,1700.952,928.352,31.977,27.683,0.506,-1,-1,-1
1885,484,1692.218,923.535,34.116,28.470,0.563,-1,-1,-1
1886,484,1690.757,922.829,34.614,28.493,0.598,-1,-1,-1
1887,484,1689.021,924.165,38.943,30.595,0.649,-1,-1,-1
1888,484,1686.340,922.690,40.002,31.330,0.660,-1,-1,-1
1889,484,1684.565,921.357,40.516,31.580,0.675,-1,-1,-1
1890,484,1686.255,922.064,39.922,31.701,0.687,-1,-1,-1
1891,484,1688.581,923.573,39.157,31.044,0.693,-1,-1,-1
1892,484,1686.733,923.446,39.543,31.113,0.685,-1,-1,-1
1893,484,1685.887,922.894,39.819,31.238,0.649,-1,-1,-1
1894,484,1684.332,921.224,40.531,31.630,0.646,-1,-1,-1
1895,484,1686.854,922.416,41.107,31.708,0.718,-1,-1,-1
1896,484,1687.020,922.111,42.654,32.133,0.719,-1,-1,-1
1897,484,1700.246,927.102,44.576,31.740,0.836,-1,-1,-1
1898,484,1699.768,926.405,43.774,31.544,0.836,-1,-1,-1
1899,484,1701.416,927.087,42.757,31.219,0.822,-1,-1,-1
1900,484,1701.910,928.290,43.495,30.974,0.853,-1,-1,-1
1901,484,1703.822,928.592,43.756,30.868,0.867,-1,-1,-1
1902,484,1704.034,928.680,43.802,30.687,0.881,-1,-1,-1
1903,484,1710.513,931.646,40.606,30.363,0.757,-1,-1,-1
1904,484,1709.905,930.774,40.521,30.501,0.703,-1,-1,-1
1905,484,1714.092,933.832,41.171,30.152,0.790,-1,-1,-1
1906,484,1712.476,933.103,42.153,30.518,0.820,-1,-1,-1
1907,484,1724.184,936.660,35.277,28.765,0.516,-1,-1,-1
1908,484,1725.050,937.184,34.438,28.607,0.505,-1,-1,-1
1909,484,1708.214,930.012,39.139,31.299,0.716,-1,-1,-1
1910,484,1708.803,930.745,38.839,30.922,0.650,-1,-1,-1
1911,484,1708.179,930.133,37.490,30.818,0.546,-1,-1,-1
1912,484,1700.467,927.557,45.373,33.225,0.940,-1,-1,-1
1913,484,1700.774,928.138,43.201,32.329,0.933,-1,-1,-1
1914,484,1700.062,927.918,43.644,32.468,0.930,-1,-1,-1
1915,484,1700.420,928.411,43.692,32.483,0.933,-1,-1,-1
1916,484,1700.046,928.255,44.145,32.957,0.932,-1,-1,-1
1917,484,1701.604,929.697,41.409,31.678,0.919,-1,-1,-1
1918,484,1701.523,930.044,41.764,31.519,0.920,-1,-1,-1
1919,484,1701.332,930.451,43.018,32.178,0.924,-1,-1,-1
1920,484,1700.736,930.527,42.608,31.700,0.918,-1,-1,-1
1921,484,1703.788,929.863,40.391,30.998,0.913,-1,-1,-1
1922,484,1702.848,929.914,41.300,31.188,0.919,-1,-1,-1
1923,484,1701.969,930.419,42.417,31.246,0.939,-1,-1,-1
1924,484,1700.788,930.261,43.209,31.345,0.934,-1,-1,-1
1925,484,1699.979,929.831,45.143,32.252,0.944,-1,-1,-1
1926,484,1699.233,929.708,45.677,32.466,0.948,-1,-1,-1
1927,484,1702.336,928.329,45.485,32.857,0.913,-1,-1,-1
1928,484,1702.251,928.554,45.640,32.551,0.911,-1,-1,-1
1929,484,1701.478,928.778,46.613,32.757,0.917,-1,-1,-1
1930,484,1702.069,929.443,46.449,32.667,0.917,-1,-1,-1
1931,484,1701.205,929.384,47.367,32.869,0.926,-1,-1,-1
1932,484,1699.340,929.379,48.742,33.759,0.926,-1,-1,-1
1933,484,1701.958,929.536,47.645,34.508,0.906,-1,-1,-1
1934,484,1701.194,929.826,49.216,34.851,0.923,-1,-1,-1
1935,484,1698.740,929.850,50.488,35.143,0.939,-1,-1,-1
1936,484,1698.037,930.214,51.017,35.434,0.959,-1,-1,-1
1937,484,1697.269,932.306,52.437,35.436,0.969,-1,-1,-1
1938,484,1697.499,931.989,52.670,35.686,0.969,-1,-1,-1
1939,484,1697.435,931.599,52.675,36.172,0.969,-1,-1,-1
1940,484,1694.966,931.807,54.327,36.842,0.972,-1,-1,-1
1941,484,1692.777,932.037,56.744,37.625,0.973,-1,-1,-1
1942,484,1690.819,931.789,58.996,38.541,0.976,-1,-1,-1
1943,484,1690.774,931.656,58.625,39.508,0.977,-1,-1,-1
1944,484,1691.044,931.311,57.593,39.162,0.976,-1,-1,-1
1945,484,1688.114,929.715,56.042,39.495,0.960,-1,-1,-1
1946,484,1690.397,929.859,54.446,38.428,0.955,-1,-1,-1
1947,484,1696.636,933.166,44.597,35.541,0.569,-1,-1,-1
1948,484,1700.649,933.411,50.732,37.171,0.962,-1,-1,-1
1949,484,1699.135,933.047,52.724,37.894,0.970,-1,-1,-1
1950,484,1697.197,933.050,54.136,38.690,0.972,-1,-1,-1
1951,484,1696.183,932.958,55.617,39.277,0.977,-1,-1,-1
1952,484,1698.184,933.678,53.969,38.802,0.969,-1,-1,-1
1953,484,1698.653,934.894,53.382,38.705,0.972,-1,-1,-1
1954,484,1698.659,934.843,54.095,39.659,0.978,-1,-1,-1
1955,484,1697.697,934.213,55.417,41.094,0.985,-1,-1,-1
1956,484,1699.241,934.260,55.124,41.395,0.987,-1,-1,-1
1957,484,1699.303,933.776,56.207,42.668,0.988,-1,-1,-1
1958,484,1699.491,933.571,56.094,44.673,0.988,-1,-1,-1
1959,484,1700.057,933.551,56.130,46.764,0.988,-1,-1,-1
1960,484,1700.223,934.251,56.345,47.069,0.985,-1,-1,-1
1961,484,1699.444,933.456,57.196,47.237,0.985,-1,-1,-1
1962,484,1697.260,932.461,58.682,50.236,0.982,-1,-1,-1
1963,484,1697.395,932.289,57.819,51.787,0.982,-1,-1,-1
1964,484,1697.274,932.917,56.987,51.057,0.983,-1,-1,-1
1965,484,1697.801,933.888,57.247,51.927,0.987,-1,-1,-1
1966,484,1697.379,934.129,57.579,52.482,0.990,-1,-1,-1
1967,484,1696.807,934.267,58.425,52.499,0.989,-1,-1,-1
1968,484,1695.757,933.993,60.393,53.582,0.989,-1,-1,-1
1969,484,1694.097,934.129,61.906,55.726,0.990,-1,-1,-1
1970,484,1693.990,934.016,63.291,56.274,0.986,-1,-1,-1
1971,484,1691.171,934.983,64.938,55.817,0.990,-1,-1,-1
1972,484,1689.044,936.862,67.251,55.592,0.991,-1,-1,-1
1973,484,1689.396,936.602,67.542,56.126,0.991,-1,-1,-1
1974,484,1686.994,936.969,68.537,56.852,0.992,-1,-1,-1
1975,484,1686.995,937.219,69.657,56.995,0.993,-1,-1,-1
1976,484,1685.573,939.166,68.821,56.999,0.995,-1,-1,-1
1977,484,1687.650,937.678,66.600,57.279,0.995,-1,-1,-1
1978,484,1687.302,939.564,66.562,56.976,0.995,-1,-1,-1
1979,484,1685.769,940.181,67.938,56.813,0.995,-1,-1,-1
1980,484,1683.491,939.627,69.283,58.570,0.995,-1,-1,-1
1981,484,1684.310,941.533,69.129,58.510,0.992,-1,-1,-1
1982,484,1679.493,942.079,73.373,59.480,0.991,-1,-1,-1
1983,484,1678.372,942.386,73.911,62.592,0.991,-1,-1,-1
1984,484,1676.053,943.141,75.172,62.550,0.991,-1,-1,-1
1985,484,1674.900,943.115,75.467,62.401,0.992,-1,-1,-1
1986,484,1675.571,943.194,72.912,61.434,0.989,-1,-1,-1
1987,484,1678.088,945.221,69.370,62.550,0.990,-1,-1,-1
1988,484,1676.442,946.415,70.973,63.648,0.992,-1,-1,-1
1989,484,1675.234,946.006,70.695,65.875,0.993,-1,-1,-1
1990,484,1672.449,947.599,73.838,67.158,0.994,-1,-1,-1
1991,484,1668.421,947.972,77.693,66.872,0.993,-1,-1,-1
1992,484,1669.293,949.189,77.425,66.980,0.991,-1,-1,-1
1993,484,1666.711,950.881,79.475,66.804,0.993,-1,-1,-1
1994,484,1664.245,952.723,80.281,68.307,0.993,-1,-1,-1
1995,484,1661.994,954.091,82.087,69.551,0.990,-1,-1,-1
1996,484,1661.030,957.467,80.918,68.623,0.992,-1,-1,-1
1997,484,1659.369,959.313,82.806,69.182,0.990,-1,-1,-1
1998,484,1657.989,959.186,82.530,71.312,0.988,-1,-1,-1
1999,484,1659.015,961.705,79.821,68.958,0.990,-1,-1,-1
2000,484,1657.156,963.613,80.924,68.963,0.992,-1,-1,-1
2001,484,1656.985,963.915,80.460,71.757,0.987,-1,-1,-1
2002,484,1656.747,967.128,79.644,68.646,0.993,-1,-1,-1
2003,484,1657.149,969.647,78.501,68.083,0.993,-1,-1,-1
2004,484,1652.391,969.721,84.747,71.247,0.992,-1,-1,-1
2005,484,1650.435,970.233,82.074,71.451,0.989,-1,-1,-1
2006,484,1648.494,971.108,84.188,73.504,0.990,-1,-1,-1
2007,484,1644.531,971.646,85.450,74.611,0.990,-1,-1,-1
2008,484,1639.706,970.757,91.743,76.923,0.990,-1,-1,-1
2009,484,1633.835,969.839,96.698,81.415,0.988,-1,-1,-1
2010,484,1631.359,971.021,95.340,80.791,0.976,-1,-1,-1
2011,484,1618.253,972.499,110.554,87.620,0.959,-1,-1,-1
2012,484,1611.231,971.506,116.893,90.003,0.887,-1,-1,-1
2013,484,1608.099,971.336,116.604,91.726,0.971,-1,-1,-1
2014,484,1614.336,970.503,107.083,93.438,0.981,-1,-1,-1
2015,484,1597.308,969.123,124.130,100.851,0.975,-1,-1,-1
2016,484,1599.962,969.827,116.693,104.526,0.974,-1,-1,-1
2017,484,1585.286,967.641,129.077,111.958,0.977,-1,-1,-1
2018,484,1577.439,965.976,135.512,118.650,0.963,-1,-1,-1
2019,484,1585.254,971.483,125.096,113.416,0.984,-1,-1,-1
2020,484,1587.058,972.467,120.367,113.751,0.982,-1,-1,-1
2021,484,1581.000,975.270,125.363,114.602,0.989,-1,-1,-1
2022,484,1573.426,977.810,133.339,115.721,0.991,-1,-1,-1
2023,484,1567.952,979.155,136.937,118.469,0.996,-1,-1,-1
2024,484,1560.922,979.106,143.235,122.855,0.994,-1,-1,-1
2025,484,1552.120,978.073,149.721,127.279,0.989,-1,-1,-1
2026,484,1532.998,977.297,162.066,128.132,0.994,-1,-1,-1
2027,484,1400.802,982.416,197.069,150.531,0.997,-1,-1,-1
2028,484,1380.068,978.305,206.167,158.494,0.996,-1,-1,-1
2029,484,1353.408,974.716,219.697,166.115,0.998,-1,-1,-1
2030,484,1327.698,970.886,230.518,171.875,0.999,-1,-1,-1
2031,484,1306.871,969.476,236.418,175.460,0.996,-1,-1,-1
2032,484,1283.203,968.452,241.310,176.840,0.995,-1,-1,-1
2033,484,1252.129,970.226,261.889,179.422,0.998,-1,-1,-1
2034,484,1220.925,968.579,270.149,182.381,0.994,-1,-1,-1
2035,484,1184.445,967.335,290.456,188.271,0.995,-1,-1,-1
2036,484,1150.075,965.941,306.482,193.992,0.996,-1,-1,-1
2037,484,1108.553,962.063,316.603,198.697,0.996,-1,-1,-1
2038,484,1067.662,962.284,332.271,205.337,0.998,-1,-1,-1
2039,484,1021.545,961.526,353.421,206.732,0.999,-1,-1,-1
2040,484,967.025,956.190,376.989,214.200,0.998,-1,-1,-1
2041,484,914.218,944.785,394.933,227.805,0.999,-1,-1,-1
2042,484,853.705,937.273,412.684,239.003,0.999,-1,-1,-1
2043,484,784.115,934.900,438.705,250.204,0.999,-1,-1,-1
2044,484,717.757,930.229,472.613,257.175,0.999,-1,-1,-1
2045,484,630.784,918.992,511.746,275.515,0.999,-1,-1,-1
2046,484,544.367,911.645,538.538,287.342,0.999,-1,-1,-1
2047,484,450.131,900.227,578.996,303.631,0.999,-1,-1,-1
2048,484,334.407,888.562,624.797,320.821,0.999,-1,-1,-1
2049,484,213.536,882.768,681.140,329.925,0.999,-1,-1,-1
2050,484,74.570,868.853,741.448,349.457,0.999,-1,-1,-1
2051,484,0.605,855.550,725.423,366.338,0.998,-1,-1,-1
2052,484,0.703,833.185,630.052,390.102,0.997,-1,-1,-1
2053,484,0.202,815.205,525.469,406.124,0.996,-1,-1,-1
2054,484,0.473,797.732,401.803,421.166,0.994,-1,-1,-1
2055,484,-0.038,801.114,261.928,389.090,0.953,-1,-1,-1
2056,484,0.290,834.034,99.521,271.226,0.987,-1,-1,-1
2057,484,0.000,823.033,24.409,271.226,0.987,-1,-1,-1
2128,575,1712.397,924.881,34.822,28.605,0.572,-1,-1,-1
2129,575,1712.448,930.722,35.531,29.822,0.692,-1,-1,-1
2130,575,1711.175,929.965,36.715,30.406,0.724,-1,-1,-1
2131,575,1710.768,930.035,36.407,31.135,0.700,-1,-1,-1
2132,575,1710.198,929.536,37.390,31.568,0.736,-1,-1,-1
2133,575,1708.813,929.853,37.819,31.217,0.760,-1,-1,-1
2134,575,1707.609,929.845,38.519,31.680,0.775,-1,-1,-1
2135,575,1707.403,929.682,39.051,31.985,0.797,-1,-1,-1
2136,575,1706.709,929.933,40.141,31.916,0.805,-1,-1,-1
2137,575,1706.462,930.233,39.688,32.826,0.747,-1,-1,-1
2138,575,1705.151,928.887,38.960,33.234,0.726,-1,-1,-1
2139,575,1701.168,927.285,43.637,34.248,0.824,-1,-1,-1
2140,575,1701.788,927.481,44.023,34.276,0.845,-1,-1,-1
2141,575,1700.327,927.300,43.557,34.970,0.805,-1,-1,-1
2142,575,1700.279,927.662,44.699,34.709,0.862,-1,-1,-1
2143,575,1700.281,927.498,42.975,34.989,0.823,-1,-1,-1
2144,575,1699.269,927.015,43.501,35.683,0.845,-1,-1,-1
2145,575,1700.021,926.611,42.803,36.638,0.839,-1,-1,-1
2146,575,1699.016,926.539,43.987,37.045,0.846,-1,-1,-1
2147,575,1698.520,926.670,44.884,37.019,0.883,-1,-1,-1
2148,575,1698.435,927.632,43.759,36.725,0.885,-1,-1,-1
2149,575,1696.789,930.120,42.179,33.337,0.851,-1,-1,-1
2150,575,1698.596,931.043,39.390,32.710,0.562,-1,-1,-1
2151,575,1699.056,931.028,42.455,33.733,0.877,-1,-1,-1
2152,575,1697.836,930.477,43.593,34.253,0.901,-1,-1,-1
2153,575,1696.517,930.372,45.215,34.622,0.925,-1,-1,-1
2154,575,1695.131,929.811,44.694,35.374,0.903,-1,-1,-1
2155,575,1693.771,929.843,46.830,35.863,0.942,-1,-1,-1
2156,575,1692.709,930.395,47.116,35.609,0.939,-1,-1,-1
2157,575,1691.263,930.172,48.684,36.442,0.957,-1,-1,-1
2158,575,1690.695,929.756,49.087,36.732,0.953,-1,-1,-1
2159,575,1690.229,929.693,48.966,37.008,0.957,-1,-1,-1
2160,575,1690.616,930.032,49.052,36.882,0.959,-1,-1,-1
2161,575,1690.388,929.914,50.635,37.468,0.959,-1,-1,-1
2162,575,1689.119,929.470,51.454,38.559,0.966,-1,-1,-1
2163,575,1689.590,930.073,52.160,38.833,0.966,-1,-1,-1
2164,575,1688.648,930.559,52.804,39.341,0.971,-1,-1,-1
2165,575,1688.666,930.354,52.625,39.584,0.973,-1,-1,-1
2166,575,1688.126,931.508,52.723,40.095,0.977,-1,-1,-1
2167,575,1687.047,932.250,54.215,40.277,0.978,-1,-1,-1
2168,575,1685.282,932.365,57.928,42.778,0.986,-1,-1,-1
2169,575,1685.578,932.876,57.608,45.378,0.990,-1,-1,-1
2170,575,1683.990,933.083,59.362,46.942,0.992,-1,-1,-1
2171,575,1682.869,933.521,57.837,48.174,0.993,-1,-1,-1
2172,575,1682.091,932.856,59.081,50.364,0.993,-1,-1,-1
2173,575,1679.281,933.555,58.997,51.664,0.992,-1,-1,-1
2174,575,1677.510,932.739,59.714,52.734,0.992,-1,-1,-1
2175,575,1675.646,932.764,61.125,53.895,0.992,-1,-1,-1
2176,575,1674.390,933.512,60.357,53.578,0.993,-1,-1,-1
2177,575,1674.022,934.421,60.204,53.624,0.993,-1,-1,-1
2178,575,1671.984,935.824,60.712,53.600,0.994,-1,-1,-1
2179,575,1670.560,937.402,63.091,53.290,0.994,-1,-1,-1
2180,575,1650.334,962.853,70.031,56.255,0.996,-1,-1,-1
2180,588,753.853,1178.922,564.590,381.163,0.999,-1,-1,-1
2181,575,1639.295,964.859,85.935,56.724,0.992,-1,-1,-1
2181,588,916.295,1169.493,490.167,333.169,0.999,-1,-1,-1
2182,575,1642.566,968.362,76.096,56.310,0.996,-1,-1,-1
2182,588,1042.310,1162.779,427.067,297.552,0.999,-1,-1,-1
2183,575,1636.336,970.495,82.847,57.274,0.995,-1,-1,-1
2183,588,1155.445,1154.762,372.224,271.837,0.999,-1,-1,-1
2184,575,1638.719,972.830,75.916,57.180,0.996,-1,-1,-1
2184,588,1241.000,1145.845,336.627,242.857,0.999,-1,-1,-1
2185,575,1633.008,973.375,76.093,58.402,0.997,-1,-1,-1
2185,588,1311.142,1139.906,313.708,230.414,0.999,-1,-1,-1
2186,575,1629.609,972.895,76.861,62.419,0.997,-1,-1,-1
2186,588,1379.832,1134.277,279.654,214.535,0.999,-1,-1,-1
2187,575,1621.511,974.092,83.333,63.510,0.995,-1,-1,-1
2187,588,1432.529,1129.397,254.641,195.420,0.998,-1,-1,-1
2188,575,1611.338,973.902,91.227,68.934,0.995,-1,-1,-1
2188,588,1485.517,1123.676,228.621,187.454,0.999,-1,-1,-1
2189,575,1606.837,974.943,90.647,70.999,0.994,-1,-1,-1
2189,588,1518.328,1120.221,218.930,177.817,0.998,-1,-1,-1
2190,575,1596.545,973.954,97.275,76.342,0.993,-1,-1,-1
2190,588,1556.601,1112.077,199.652,171.365,0.997,-1,-1,-1
2191,575,1583.889,971.671,105.810,84.984,0.991,-1,-1,-1
2191,588,1581.624,1108.397,190.369,162.958,0.997,-1,-1,-1
2192,575,1574.384,973.984,107.201,86.026,0.992,-1,-1,-1
2192,588,1598.198,1102.367,189.145,160.525,0.998,-1,-1,-1
2193,575,1563.956,973.752,112.770,88.286,0.994,-1,-1,-1
2193,588,1610.954,1098.645,186.869,149.108,0.996,-1,-1,-1
2194,575,1541.582,972.010,124.628,93.995,0.996,-1,-1,-1
2194,588,1643.440,1093.321,169.260,140.333,0.998,-1,-1,-1
2195,575,1530.390,976.897,124.454,93.517,0.997,-1,-1,-1
2195,588,1669.809,1091.214,153.758,132.237,0.996,-1,-1,-1
2196,575,1518.784,977.287,124.619,99.519,0.997,-1,-1,-1
2196,588,1677.767,1087.446,152.715,126.610,0.996,-1,-1,-1
2197,575,1504.732,981.632,126.428,99.102,0.996,-1,-1,-1
2197,588,1691.414,1081.993,144.609,120.869,0.995,-1,-1,-1
2198,575,1486.209,979.816,137.468,104.799,0.997,-1,-1,-1
2198,588,1692.166,1079.872,146.693,117.182,0.996,-1,-1,-1
2199,575,1469.268,985.776,137.970,102.726,0.997,-1,-1,-1
2199,588,1704.362,1077.399,140.097,111.605,0.996,-1,-1,-1
2200,575,1450.114,982.880,144.119,107.893,0.998,-1,-1,-1
2200,588,1724.863,1070.716,125.991,110.028,0.996,-1,-1,-1
2201,575,1424.023,979.986,158.402,112.838,0.998,-1,-1,-1
2201,588,1730.042,1065.281,121.393,109.398,0.994,-1,-1,-1
2202,575,1400.644,980.461,163.680,118.161,0.998,-1,-1,-1
2202,588,1740.118,1063.653,111.763,103.306,0.996,-1,-1,-1
2203,575,1362.968,980.367,177.150,121.063,0.999,-1,-1,-1
2203,588,1749.289,1057.971,106.390,102.136,0.996,-1,-1,-1
2204,575,1331.952,974.514,190.101,130.343,0.999,-1,-1,-1
2204,588,1752.182,1053.924,103.875,90.908,0.994,-1,-1,-1
2205,575,1295.526,976.505,201.946,134.228,0.998,-1,-1,-1
2205,588,1753.976,1050.741,102.308,88.068,0.991,-1,-1,-1
2206,575,1256.160,974.128,217.821,142.788,0.999,-1,-1,-1
2206,588,1754.384,1047.008,103.824,86.094,0.995,-1,-1,-1
2207,575,1212.448,970.032,232.123,148.129,0.999,-1,-1,-1
2207,588,1760.886,1043.163,96.378,82.405,0.994,-1,-1,-1
2208,575,1163.022,971.198,243.710,151.607,0.999,-1,-1,-1
2208,588,1769.708,1042.069,86.997,79.278,0.995,-1,-1,-1
2209,575,1100.401,967.557,270.064,155.739,0.999,-1,-1,-1
2209,588,1774.928,1041.873,81.359,75.599,0.995,-1,-1,-1
2210,575,1039.447,961.491,295.809,166.784,0.999,-1,-1,-1
2210,588,1783.083,1039.820,73.682,70.252,0.994,-1,-1,-1
2211,575,958.449,957.048,329.050,175.716,0.999,-1,-1,-1
2211,588,1784.356,1036.168,75.127,70.310,0.994,-1,-1,-1
2212,575,873.687,947.879,357.163,187.268,0.999,-1,-1,-1
2212,588,1778.620,1032.893,78.933,66.359,0.994,-1,-1,-1
2213,575,778.417,941.128,394.092,199.173,0.999,-1,-1,-1
2213,588,1777.083,1031.000,79.728,63.651,0.993,-1,-1,-1
2214,575,662.039,933.954,437.668,211.856,0.999,-1,-1,-1
2214,588,1779.731,1022.151,76.808,66.756,0.991,-1,-1,-1
2215,575,533.246,921.286,488.081,226.755,0.999,-1,-1,-1
2215,588,1783.246,1021.054,72.905,63.473,0.990,-1,-1,-1
2216,575,368.183,901.611,557.415,251.975,0.999,-1,-1,-1
2216,588,1782.791,1017.333,72.905,63.473,0.990,-1,-1,-1
2217,575,177.853,889.107,642.499,270.340,0.999,-1,-1,-1
2217,588,1811.506,1012.062,54.633,44.862,0.706,-1,-1,-1
2218,575,1.091,871.372,689.052,295.673,0.999,-1,-1,-1
2218,588,1810.323,1009.356,59.655,45.297,0.845,-1,-1,-1
2219,575,0.292,846.908,544.881,320.022,0.999,-1,-1,-1
2219,588,1814.791,1005.341,59.655,45.297,0.845,-1,-1,-1
2220,575,1.072,865.685,365.652,297.249,0.999,-1,-1,-1
2220,588,1818.930,1001.802,59.655,45.297,0.845,-1,-1,-1
2221,575,0.090,881.446,138.242,254.987,0.997,-1,-1,-1
2221,588,1823.063,998.213,59.655,45.297,0.845,-1,-1,-1
2222,575,0.000,880.449,23.240,254.987,0.997,-1,-1,-1
2222,588,1815.897,1006.793,62.929,48.449,0.661,-1,-1,-1
2223,588,1819.520,1006.161,59.604,46.920,0.722,-1,-1,-1
2224,588,1818.768,1007.751,59.604,46.920,0.722,-1,-1,-1
2225,588,1816.114,1002.887,64.189,47.109,0.754,-1,-1,-1
2226,588,1816.136,1000.250,65.481,48.750,0.717,-1,-1,-1
2227,588,1801.791,996.081,76.371,52.341,0.967,-1,-1,-1
2228,588,1800.450,995.054,76.414,51.909,0.982,-1,-1,-1
2229,588,1802.183,995.227,74.291,51.486,0.979,-1,-1,-1
2230,588,1805.584,994.819,74.276,50.945,0.963,-1,-1,-1
2231,588,1810.486,994.205,71.914,51.377,0.976,-1,-1,-1
2232,588,1811.247,994.820,71.599,50.037,0.983,-1,-1,-1
2233,588,1813.411,995.176,70.648,49.235,0.981,-1,-1,-1
2234,588,1812.656,994.370,71.319,49.406,0.981,-1,-1,-1
2235,588,1815.151,994.637,69.165,48.990,0.979,-1,-1,-1
2236,588,1813.686,994.979,69.238,49.099,0.981,-1,-1,-1
2237,588,1816.781,995.604,65.873,48.823,0.981,-1,-1,-1
2238,588,1818.104,996.993,64.766,48.377,0.987,-1,-1,-1
2239,588,1818.989,996.591,63.690,47.935,0.987,-1,-1,-1
2240,588,1821.222,996.236,62.775,48.366,0.968,-1,-1,-1
2241,588,1808.738,990.267,64.141,47.612,0.991,-1,-1,-1
2242,588,1812.465,992.408,64.710,47.438,0.991,-1,-1,-1
2243,588,1812.388,992.565,64.112,47.067,0.991,-1,-1,-1
2244,588,1814.975,993.788,63.722,47.316,0.990,-1,-1,-1
2245,588,1815.426,995.070,63.430,46.785,0.987,-1,-1,-1
2246,588,1816.879,995.464,63.213,46.986,0.987,-1,-1,-1
2247,588,1816.717,996.220,64.888,47.491,0.988,-1,-1,-1
2248,588,1816.758,996.679,64.976,47.328,0.989,-1,-1,-1
2249,588,1817.238,996.628,64.515,47.082,0.990,-1,-1,-1
2250,588,1817.906,995.433,63.862,47.570,0.990,-1,-1,-1
2251,588,1816.329,992.353,64.772,48.701,0.989,-1,-1,-1
2252,588,1816.526,992.947,66.952,49.488,0.985,-1,-1,-1
2253,588,1816.164,993.574,67.715,49.045,0.986,-1,-1,-1
2254,588,1817.551,993.770,67.899,49.392,0.983,-1,-1,-1
2255,588,1817.070,993.858,68.374,49.291,0.982,-1,-1,-1
2256,588,1817.624,993.943,66.780,49.036,0.984,-1,-1,-1
2257,588,1817.493,994.732,67.442,48.640,0.982,-1,-1,-1
2258,588,1817.126,994.299,68.625,49.297,0.980,-1,-1,-1
2259,588,1817.433,994.181,67.927,48.877,0.981,-1,-1,-1
2260,588,1819.093,998.414,64.611,46.264,0.986,-1,-1,-1
2261,588,1819.417,998.854,64.149,45.916,0.984,-1,-1,-1
2262,588,1819.410,999.193,64.271,45.883,0.983,-1,-1,-1
2263,588,1819.630,999.254,64.246,45.796,0.983,-1,-1,-1
2264,588,1819.889,999.106,64.695,46.121,0.984,-1,-1,-1
2265,588,1819.363,998.328,64.676,46.539,0.987,-1,-1,-1
2266,588,1819.060,998.210,64.782,46.690,0.986,-1,-1,-1
2267,588,1818.414,997.587,64.860,47.298,0.987,-1,-1,-1
2268,588,1818.972,997.865,63.821,46.798,0.989,-1,-1,-1
2269,588,1818.429,997.443,64.759,47.186,0.987,-1,-1,-1
2270,588,1820.135,997.890,61.052,46.107,0.985,-1,-1,-1
2271,588,1820.067,998.396,61.297,46.022,0.986,-1,-1,-1
2272,588,1820.210,998.706,61.514,46.203,0.986,-1,-1,-1
2273,588,1820.937,998.932,60.852,45.690,0.985,-1,-1,-1
2274,588,1821.234,998.972,60.584,45.598,0.984,-1,-1,-1
2275,588,1821.228,998.715,60.457,45.553,0.986,-1,-1,-1
2276,588,1821.389,998.524,60.400,45.661,0.985,-1,-1,-1
2277,588,1822.457,998.942,59.366,45.259,0.984,-1,-1,-1
2278,588,1822.214,998.801,59.820,45.490,0.985,-1,-1,-1
2279,588,1822.209,998.775,59.321,45.283,0.984,-1,-1,-1
