391,148,559.973,328.498,20.555,38.356,0.957,-1,-1,-1
392,148,557.372,332.504,18.284,37.803,0.980,-1,-1,-1
393,148,552.633,334.415,21.274,37.330,0.557,-1,-1,-1
394,148,552.471,334.720,19.029,38.335,0.933,-1,-1,-1
395,148,552.668,335.292,19.309,41.325,0.991,-1,-1,-1
395,149,618.495,123.630,16.938,23.009,0.751,-1,-1,-1
396,148,552.555,335.868,19.430,41.249,0.988,-1,-1,-1
396,149,618.534,123.630,16.938,23.009,0.751,-1,-1,-1
397,148,553.264,335.702,20.514,43.611,0.983,-1,-1,-1
397,149,618.570,123.637,16.938,23.009,0.751,-1,-1,-1
398,148,553.781,340.325,24.177,42.047,0.969,-1,-1,-1
398,149,618.079,127.009,16.851,24.610,0.770,-1,-1,-1
399,148,554.506,344.399,24.081,38.946,0.800,-1,-1,-1
399,149,617.970,128.059,16.851,24.610,0.770,-1,-1,-1
400,148,553.334,345.691,26.141,40.326,0.978,-1,-1,-1
400,149,617.508,128.161,17.159,25.766,0.821,-1,-1,-1
401,148,554.563,347.664,22.284,42.787,0.991,-1,-1,-1
401,149,616.266,129.751,17.218,26.812,0.886,-1,-1,-1
402,148,554.814,350.557,21.651,42.273,0.989,-1,-1,-1
402,149,615.865,130.123,16.371,27.565,0.848,-1,-1,-1
403,148,553.500,353.020,19.995,41.468,0.978,-1,-1,-1
403,149,616.530,131.462,16.134,27.432,0.775,-1,-1,-1
404,148,551.286,357.679,19.624,38.659,0.957,-1,-1,-1
404,149,617.435,134.332,16.514,26.347,0.664,-1,-1,-1
405,148,548.975,361.145,20.799,36.985,0.902,-1,-1,-1
405,149,617.705,135.155,15.665,26.833,0.523,-1,-1,-1
406,148,547.645,364.976,20.450,35.786,0.897,-1,-1,-1
406,149,616.889,139.210,16.136,26.316,0.554,-1,-1,-1
407,148,546.105,367.211,20.450,35.786,0.897,-1,-1,-1
407,149,617.072,140.907,16.136,26.316,0.554,-1,-1,-1
408,148,543.612,366.108,23.402,38.808,0.976,-1,-1,-1
408,149,616.913,142.467,15.674,29.685,0.729,-1,-1,-1
409,148,541.052,368.437,27.198,38.791,0.722,-1,-1,-1
409,149,616.910,144.391,15.874,29.849,0.605,-1,-1,-1
410,148,540.880,368.659,26.383,40.103,0.864,-1,-1,-1
410,149,616.479,146.830,16.063,29.602,0.871,-1,-1,-1
411,148,540.220,370.827,24.265,38.579,0.772,-1,-1,-1
411,149,616.297,147.807,16.271,30.732,0.832,-1,-1,-1
412,148,539.696,370.659,26.802,41.205,0.853,-1,-1,-1
412,149,615.254,149.233,18.744,32.202,0.792,-1,-1,-1
413,148,539.299,370.697,26.373,44.474,0.987,-1,-1,-1
413,149,614.799,150.567,17.747,32.453,0.861,-1,-1,-1
414,148,540.352,372.885,25.541,44.057,0.986,-1,-1,-1
414,149,615.841,152.995,18.112,32.174,0.773,-1,-1,-1
415,148,540.868,374.605,25.395,44.821,0.992,-1,-1,-1
415,149,615.988,154.367,18.813,32.369,0.611,-1,-1,-1
416,148,541.261,378.127,24.339,43.979,0.983,-1,-1,-1
416,149,612.765,166.924,21.615,28.268,0.704,-1,-1,-1
417,148,539.582,378.193,26.527,46.894,0.993,-1,-1,-1
417,149,613.793,165.372,16.290,27.195,0.733,-1,-1,-1
418,148,538.912,382.389,24.589,45.139,0.913,-1,-1,-1
418,149,615.559,166.209,18.160,27.488,0.589,-1,-1,-1
419,148,539.467,385.225,23.067,42.004,0.695,-1,-1,-1
419,149,616.816,167.813,18.896,26.725,0.562,-1,-1,-1
420,148,537.391,388.021,21.133,44.240,0.750,-1,-1,-1
420,149,617.617,168.656,18.095,27.348,0.735,-1,-1,-1
421,148,539.552,387.429,23.993,46.716,0.795,-1,-1,-1
421,149,617.653,172.832,17.577,24.911,0.658,-1,-1,-1
422,148,538.923,387.822,25.754,50.341,0.944,-1,-1,-1
422,149,617.616,175.024,20.488,28.012,0.786,-1,-1,-1
423,148,538.265,389.340,27.417,52.083,0.985,-1,-1,-1
423,149,617.872,175.044,19.671,29.430,0.827,-1,-1,-1
424,148,537.037,392.731,29.834,53.032,0.967,-1,-1,-1
424,149,617.702,179.941,20.025,27.460,0.727,-1,-1,-1
425,148,538.991,399.560,26.679,50.058,0.975,-1,-1,-1
425,149,617.566,183.297,18.248,27.853,0.896,-1,-1,-1
426,148,538.059,400.376,31.482,54.104,0.978,-1,-1,-1
426,149,616.166,185.633,19.456,29.593,0.835,-1,-1,-1
427,148,536.931,401.464,29.818,54.426,0.991,-1,-1,-1
427,149,616.613,188.468,18.971,28.279,0.843,-1,-1,-1
428,148,533.602,403.817,31.712,53.321,0.873,-1,-1,-1
428,149,618.306,190.953,18.496,29.815,0.840,-1,-1,-1
429,148,529.838,405.306,33.246,54.567,0.963,-1,-1,-1
429,149,618.240,196.472,17.533,29.810,0.910,-1,-1,-1
430,148,528.708,405.686,32.349,58.484,0.994,-1,-1,-1
430,149,616.852,197.144,19.606,31.969,0.941,-1,-1,-1
431,148,526.260,409.811,32.238,56.263,0.985,-1,-1,-1
431,149,614.733,201.119,21.870,31.642,0.868,-1,-1,-1
432,148,523.514,415.853,31.209,54.897,0.948,-1,-1,-1
432,149,615.657,205.863,20.918,29.558,0.761,-1,-1,-1
433,148,519.073,418.002,30.541,56.793,0.988,-1,-1,-1
433,149,614.354,211.510,19.883,30.370,0.837,-1,-1,-1
433,166,1475.338,1021.414,164.100,58.556,0.939,-1,-1,-1
434,148,514.542,420.918,30.151,57.539,0.993,-1,-1,-1
434,149,615.388,214.246,16.575,30.013,0.638,-1,-1,-1
434,166,1460.753,1018.040,128.805,62.101,0.944,-1,-1,-1
435,148,510.333,422.446,31.065,59.491,0.992,-1,-1,-1
435,149,615.061,218.254,17.120,29.507,0.932,-1,-1,-1
435,166,1447.590,987.549,145.583,92.393,0.979,-1,-1,-1
436,148,505.331,427.958,32.756,58.378,0.981,-1,-1,-1
436,149,616.965,219.979,15.917,30.323,0.956,-1,-1,-1
436,166,1453.009,983.208,101.494,96.619,0.943,-1,-1,-1
437,148,502.640,428.838,32.941,61.239,0.991,-1,-1,-1
437,149,616.147,221.331,16.800,29.662,0.961,-1,-1,-1
437,166,1464.541,972.521,65.955,107.051,0.984,-1,-1,-1
438,148,500.970,432.812,31.637,60.874,0.864,-1,-1,-1
438,149,615.265,221.287,17.661,31.464,0.973,-1,-1,-1
438,166,1460.241,963.305,59.116,116.165,0.978,-1,-1,-1
439,148,498.399,440.317,30.250,58.832,0.990,-1,-1,-1
439,149,614.383,220.076,18.354,33.174,0.979,-1,-1,-1
439,166,1454.489,953.572,63.317,125.919,0.987,-1,-1,-1
440,148,497.791,441.151,30.668,62.287,0.970,-1,-1,-1
440,149,615.754,226.338,17.767,31.183,0.975,-1,-1,-1
440,166,1445.237,949.831,52.460,129.584,0.980,-1,-1,-1
441,148,496.651,443.154,30.033,64.662,0.995,-1,-1,-1
441,149,615.727,232.025,17.473,28.592,0.981,-1,-1,-1
441,166,1430.547,924.897,62.224,154.168,0.990,-1,-1,-1
442,148,493.301,446.751,32.340,64.963,0.995,-1,-1,-1
442,149,616.329,232.801,17.677,31.032,0.982,-1,-1,-1
442,166,1411.693,917.127,71.131,161.746,0.992,-1,-1,-1
443,148,492.331,453.898,30.043,60.868,0.990,-1,-1,-1
443,149,616.487,240.001,18.046,27.468,0.976,-1,-1,-1
443,166,1417.494,911.607,59.768,167.267,0.993,-1,-1,-1
444,148,491.724,457.724,32.272,61.734,0.991,-1,-1,-1
444,149,616.751,241.603,18.208,29.041,0.974,-1,-1,-1
444,166,1397.487,892.633,69.646,186.486,0.995,-1,-1,-1
445,148,486.726,456.131,33.733,69.586,0.996,-1,-1,-1
445,149,616.636,244.780,18.021,28.522,0.976,-1,-1,-1
445,166,1369.797,883.230,86.436,194.782,0.995,-1,-1,-1
446,148,483.633,460.693,34.826,71.156,0.996,-1,-1,-1
446,149,615.262,246.414,19.400,29.501,0.975,-1,-1,-1
446,166,1345.729,867.734,90.287,209.162,0.997,-1,-1,-1
447,148,481.200,459.690,37.058,75.779,0.996,-1,-1,-1
447,149,614.824,247.674,19.639,29.710,0.982,-1,-1,-1
447,166,1342.896,866.020,84.807,207.386,0.993,-1,-1,-1
448,148,475.790,465.725,40.847,74.488,0.994,-1,-1,-1
448,149,615.417,252.519,18.951,29.741,0.980,-1,-1,-1
448,166,1324.885,850.554,92.083,211.244,0.997,-1,-1,-1
449,148,476.329,468.093,42.780,81.233,0.996,-1,-1,-1
449,149,616.872,253.527,17.777,32.348,0.978,-1,-1,-1
449,166,1312.822,850.102,90.829,198.916,0.997,-1,-1,-1
450,148,470.364,477.077,38.809,78.644,0.993,-1,-1,-1
450,149,616.869,257.201,18.350,31.632,0.968,-1,-1,-1
450,166,1299.449,839.080,87.909,195.780,0.995,-1,-1,-1
451,148,466.975,482.405,39.673,77.665,0.995,-1,-1,-1
451,149,617.047,260.171,18.292,32.100,0.975,-1,-1,-1
451,166,1279.240,818.865,94.138,205.109,0.996,-1,-1,-1
452,148,462.289,489.216,40.805,76.772,0.994,-1,-1,-1
452,149,615.000,263.578,19.928,30.642,0.982,-1,-1,-1
452,166,1279.741,805.694,80.020,208.341,0.996,-1,-1,-1
453,148,457.383,493.534,40.173,77.877,0.991,-1,-1,-1
453,149,615.077,264.924,19.477,30.636,0.984,-1,-1,-1
453,166,1264.207,806.855,72.582,193.900,0.997,-1,-1,-1
454,148,456.121,494.432,43.651,86.647,0.988,-1,-1,-1
454,149,615.234,267.069,18.268,30.378,0.976,-1,-1,-1
454,166,1248.499,796.450,72.069,195.076,0.998,-1,-1,-1
455,148,452.058,499.616,44.921,86.969,0.985,-1,-1,-1
455,149,616.178,270.010,17.523,29.235,0.980,-1,-1,-1
455,166,1251.060,794.799,58.439,187.792,0.998,-1,-1,-1
456,148,450.321,508.342,41.564,84.516,0.991,-1,-1,-1
456,149,615.003,273.543,18.143,30.286,0.981,-1,-1,-1
456,166,1232.979,789.762,66.677,180.477,0.998,-1,-1,-1
457,148,450.053,512.172,45.871,87.732,0.993,-1,-1,-1
457,149,612.161,276.489,19.059,31.497,0.986,-1,-1,-1
457,166,1216.656,767.954,68.969,190.114,0.998,-1,-1,-1
458,148,445.074,512.341,55.835,91.533,0.985,-1,-1,-1
458,149,611.360,278.237,20.082,32.490,0.982,-1,-1,-1
458,166,1206.996,761.025,69.586,183.072,0.997,-1,-1,-1
459,148,444.589,519.910,51.005,88.914,0.984,-1,-1,-1
459,149,611.457,279.219,18.922,32.534,0.986,-1,-1,-1
459,166,1203.238,762.707,60.518,177.931,0.998,-1,-1,-1
460,148,444.900,522.178,57.840,101.355,0.987,-1,-1,-1
460,149,609.864,282.289,19.227,33.514,0.981,-1,-1,-1
460,166,1202.167,755.795,56.191,173.022,0.997,-1,-1,-1
461,148,448.905,530.411,56.071,98.010,0.904,-1,-1,-1
461,149,609.875,285.843,18.931,32.069,0.979,-1,-1,-1
461,166,1188.997,750.376,54.810,170.089,0.996,-1,-1,-1
462,148,448.724,538.176,54.425,97.964,0.989,-1,-1,-1
462,149,609.211,286.138,19.024,33.655,0.932,-1,-1,-1
462,166,1171.910,734.558,59.239,174.149,0.998,-1,-1,-1
463,148,451.826,540.892,53.996,100.575,0.989,-1,-1,-1
463,149,607.571,284.028,17.955,36.665,0.959,-1,-1,-1
463,166,1159.690,731.719,61.744,166.763,0.998,-1,-1,-1
464,148,454.778,554.484,52.113,98.023,0.991,-1,-1,-1
464,149,607.925,290.501,17.068,36.301,0.983,-1,-1,-1
464,166,1147.010,727.785,63.164,162.768,0.998,-1,-1,-1
465,148,457.745,559.517,60.055,103.967,0.993,-1,-1,-1
465,149,605.529,291.042,16.861,37.578,0.943,-1,-1,-1
465,166,1138.668,721.035,59.329,160.546,0.998,-1,-1,-1
466,148,457.824,563.756,59.000,108.596,0.952,-1,-1,-1
466,149,607.909,301.564,15.894,32.920,0.970,-1,-1,-1
466,166,1124.021,709.679,68.379,162.393,0.998,-1,-1,-1
467,148,460.991,580.151,46.230,101.003,0.995,-1,-1,-1
467,149,605.124,300.407,16.852,35.212,0.984,-1,-1,-1
467,166,1116.955,699.893,65.925,165.770,0.998,-1,-1,-1
468,148,457.008,582.631,54.861,109.101,0.992,-1,-1,-1
468,149,604.018,310.633,17.782,27.790,0.944,-1,-1,-1
468,166,1104.174,699.063,60.531,158.458,0.997,-1,-1,-1
469,148,467.306,595.304,54.621,112.535,0.994,-1,-1,-1
469,149,602.321,311.800,17.383,28.493,0.959,-1,-1,-1
469,166,1100.509,690.757,50.902,157.219,0.997,-1,-1,-1
470,148,470.495,601.125,57.099,118.917,0.997,-1,-1,-1
470,149,597.264,311.057,17.231,31.152,0.973,-1,-1,-1
470,166,1091.269,679.362,54.114,161.757,0.998,-1,-1,-1
471,148,472.299,607.594,57.861,118.414,0.997,-1,-1,-1
471,149,592.500,317.640,17.950,24.501,0.920,-1,-1,-1
471,166,1084.876,674.218,50.572,157.679,0.998,-1,-1,-1
472,148,475.952,615.479,65.356,121.276,0.997,-1,-1,-1
472,149,588.836,314.176,15.965,32.642,0.973,-1,-1,-1
472,166,1076.280,669.253,55.275,157.927,0.998,-1,-1,-1
473,148,476.577,622.431,78.248,129.464,0.996,-1,-1,-1
473,149,585.341,316.989,14.914,29.061,0.950,-1,-1,-1
473,166,1065.595,670.558,55.436,147.873,0.997,-1,-1,-1
474,148,479.896,635.380,79.170,130.723,0.995,-1,-1,-1
474,149,578.529,319.197,16.619,29.611,0.967,-1,-1,-1
474,166,1059.938,662.279,48.103,146.834,0.998,-1,-1,-1
475,148,487.846,646.852,69.463,125.115,0.997,-1,-1,-1
475,149,575.527,318.811,17.496,32.354,0.567,-1,-1,-1
475,166,1057.282,653.331,45.466,149.512,0.998,-1,-1,-1
476,148,492.830,666.421,57.063,124.024,0.996,-1,-1,-1
476,149,571.676,326.506,19.651,28.995,0.983,-1,-1,-1
476,166,1049.840,644.523,51.604,152.584,0.998,-1,-1,-1
477,148,487.971,679.777,65.519,130.920,0.996,-1,-1,-1
477,149,569.273,324.716,17.687,32.009,0.984,-1,-1,-1
477,166,1047.126,645.957,44.758,145.895,0.998,-1,-1,-1
478,148,481.419,683.728,74.464,139.495,0.995,-1,-1,-1
478,149,566.391,327.672,16.916,32.241,0.984,-1,-1,-1
478,166,1035.000,634.648,51.896,146.607,0.998,-1,-1,-1
479,148,479.179,694.678,75.261,145.489,0.993,-1,-1,-1
479,149,564.310,327.568,17.002,32.491,0.985,-1,-1,-1
479,166,1036.129,640.318,43.569,136.419,0.997,-1,-1,-1
480,148,462.716,715.230,79.455,144.120,0.996,-1,-1,-1
480,149,562.054,331.770,16.847,32.347,0.985,-1,-1,-1
480,166,1030.039,627.936,48.638,144.934,0.998,-1,-1,-1
481,148,431.862,726.274,89.837,153.182,0.996,-1,-1,-1
481,149,559.221,332.831,17.071,31.553,0.981,-1,-1,-1
481,166,1024.189,621.659,48.381,139.498,0.996,-1,-1,-1
482,148,404.907,742.638,97.889,157.141,0.998,-1,-1,-1
482,149,556.928,331.386,17.401,35.910,0.990,-1,-1,-1
482,166,1011.787,616.768,53.857,138.917,0.998,-1,-1,-1
483,148,376.429,754.075,101.071,161.072,0.997,-1,-1,-1
483,149,555.479,334.041,16.935,35.196,0.986,-1,-1,-1
483,166,1008.322,611.050,54.991,141.842,0.998,-1,-1,-1
484,148,344.872,769.544,105.394,172.203,0.995,-1,-1,-1
484,149,552.376,331.352,19.072,40.714,0.963,-1,-1,-1
484,166,997.622,618.346,54.731,130.051,0.997,-1,-1,-1
485,148,326.730,800.549,97.488,164.747,0.987,-1,-1,-1
485,149,552.293,334.012,17.656,39.596,0.986,-1,-1,-1
485,166,985.825,594.551,55.937,148.364,0.997,-1,-1,-1
486,148,304.357,819.678,111.628,173.020,0.988,-1,-1,-1
486,149,550.723,341.286,17.979,32.877,0.983,-1,-1,-1
486,166,979.778,604.743,47.216,135.206,0.998,-1,-1,-1
487,148,305.223,841.730,112.045,173.575,0.984,-1,-1,-1
487,149,549.838,341.856,17.261,34.750,0.989,-1,-1,-1
487,166,967.034,597.219,51.807,133.588,0.998,-1,-1,-1
488,148,304.713,857.256,145.203,187.398,0.961,-1,-1,-1
488,149,548.897,343.713,17.377,36.196,0.988,-1,-1,-1
488,166,953.873,608.684,54.084,114.198,0.998,-1,-1,-1
489,148,325.076,883.590,155.533,185.669,0.981,-1,-1,-1
489,149,546.262,344.606,18.106,37.729,0.991,-1,-1,-1
489,166,948.153,590.910,49.627,127.728,0.999,-1,-1,-1
490,148,354.913,913.630,154.475,165.535,0.916,-1,-1,-1
490,149,546.492,350.384,17.221,33.648,0.974,-1,-1,-1
490,166,934.576,583.437,51.597,130.362,0.999,-1,-1,-1
490,187,352.261,914.916,183.965,164.072,0.935,-1,-1,-1
491,148,395.283,930.500,124.580,148.990,0.515,-1,-1,-1
491,149,545.031,350.714,17.288,35.250,0.982,-1,-1,-1
491,166,932.733,585.947,40.906,122.767,0.999,-1,-1,-1
491,187,399.053,930.787,201.504,148.937,0.991,-1,-1,-1
492,148,462.637,967.173,114.846,112.430,0.555,-1,-1,-1
492,149,544.260,353.807,17.108,33.162,0.976,-1,-1,-1
492,166,923.321,576.643,48.941,129.979,0.997,-1,-1,-1
492,187,465.195,950.423,212.292,129.492,0.986,-1,-1,-1
493,148,510.337,987.604,114.846,91.396,0.555,-1,-1,-1
493,149,541.624,355.591,17.248,35.725,0.982,-1,-1,-1
493,166,923.058,572.757,41.474,121.844,0.998,-1,-1,-1
493,187,577.723,983.955,209.988,95.873,0.948,-1,-1,-1
494,148,552.931,1002.940,114.846,76.060,0.555,-1,-1,-1
494,149,541.119,358.346,18.369,36.292,0.985,-1,-1,-1
494,166,915.531,566.564,44.252,126.807,0.997,-1,-1,-1
494,187,668.765,1000.717,209.988,78.283,0.948,-1,-1,-1
495,148,589.666,1014.271,114.846,64.729,0.555,-1,-1,-1
495,149,543.519,356.392,19.228,39.385,0.992,-1,-1,-1
495,166,911.980,565.609,42.967,123.336,0.996,-1,-1,-1
495,187,763.213,1019.317,209.988,59.683,0.948,-1,-1,-1
496,148,621.320,1023.879,114.846,55.121,0.555,-1,-1,-1
496,149,543.564,360.445,19.694,38.400,0.990,-1,-1,-1
496,166,913.890,565.010,35.475,118.328,0.997,-1,-1,-1
496,187,879.453,1043.972,209.988,35.028,0.948,-1,-1,-1
497,149,544.750,363.554,18.983,35.896,0.989,-1,-1,-1
497,166,909.060,562.996,39.746,117.576,0.996,-1,-1,-1
497,187,981.464,1066.769,209.988,12.231,0.948,-1,-1,-1
498,149,544.550,363.625,19.190,38.228,0.990,-1,-1,-1
498,166,908.888,554.167,39.100,119.329,0.996,-1,-1,-1
499,149,544.349,364.001,20.170,40.622,0.992,-1,-1,-1
499,166,907.726,551.146,38.362,120.601,0.998,-1,-1,-1
500,149,544.809,367.208,21.637,37.473,0.991,-1,-1,-1
500,166,912.068,557.503,32.188,108.483,0.997,-1,-1,-1
501,149,546.497,367.306,18.968,38.552,0.990,-1,-1,-1
501,166,913.735,556.725,25.637,100.987,0.990,-1,-1,-1
502,149,546.733,370.573,19.751,37.766,0.992,-1,-1,-1
502,166,909.869,542.799,38.413,114.010,0.998,-1,-1,-1
503,149,547.757,371.392,19.189,40.144,0.991,-1,-1,-1
503,166,908.882,542.391,39.518,115.353,0.997,-1,-1,-1
504,149,549.095,373.241,18.730,42.489,0.992,-1,-1,-1
504,166,912.441,535.872,37.340,115.651,0.998,-1,-1,-1
505,149,549.268,372.799,19.210,44.470,0.992,-1,-1,-1
505,166,916.751,536.951,34.674,110.428,0.998,-1,-1,-1
506,149,549.447,371.940,19.182,48.051,0.994,-1,-1,-1
506,166,915.132,535.912,32.533,110.178,0.998,-1,-1,-1
507,149,550.621,373.590,19.701,48.819,0.995,-1,-1,-1
507,166,916.346,534.853,31.376,106.310,0.996,-1,-1,-1
508,149,551.726,374.696,20.736,49.506,0.995,-1,-1,-1
508,166,917.001,532.545,30.630,105.025,0.995,-1,-1,-1
509,149,551.771,379.040,22.011,48.722,0.996,-1,-1,-1
509,166,911.641,527.928,37.450,107.197,0.997,-1,-1,-1
510,149,551.135,379.685,23.153,49.961,0.995,-1,-1,-1
510,166,914.637,525.972,35.547,105.273,0.997,-1,-1,-1
511,149,552.263,383.938,23.797,48.749,0.995,-1,-1,-1
511,166,915.030,520.669,36.390,109.671,0.997,-1,-1,-1
512,149,552.708,386.066,25.736,48.197,0.995,-1,-1,-1
512,166,911.881,519.291,37.378,105.118,0.998,-1,-1,-1
513,149,554.180,391.888,25.995,46.738,0.994,-1,-1,-1
513,166,909.732,528.221,34.194,91.856,0.997,-1,-1,-1
514,149,555.240,394.474,24.893,48.081,0.997,-1,-1,-1
514,166,906.388,516.495,32.256,102.458,0.998,-1,-1,-1
515,149,556.143,399.426,23.997,45.686,0.995,-1,-1,-1
515,166,902.253,512.670,32.961,101.968,0.998,-1,-1,-1
516,149,555.802,397.682,26.279,49.680,0.996,-1,-1,-1
516,166,896.543,498.167,36.550,115.195,0.998,-1,-1,-1
517,149,555.384,397.326,26.872,50.895,0.997,-1,-1,-1
517,166,894.127,491.547,37.378,113.451,0.998,-1,-1,-1
518,149,555.038,400.960,27.815,51.090,0.996,-1,-1,-1
518,166,886.472,498.647,37.469,101.075,0.999,-1,-1,-1
519,149,555.059,403.914,28.117,50.624,0.993,-1,-1,-1
519,166,881.722,497.237,37.284,104.483,0.998,-1,-1,-1
520,149,556.882,404.901,27.281,53.893,0.996,-1,-1,-1
520,166,875.609,500.247,38.000,94.669,0.999,-1,-1,-1
521,149,555.416,407.278,27.716,56.808,0.995,-1,-1,-1
521,166,863.782,483.521,42.633,104.506,0.999,-1,-1,-1
522,149,555.111,410.234,27.428,57.288,0.998,-1,-1,-1
522,166,860.450,488.830,40.499,97.722,0.999,-1,-1,-1
523,149,554.144,412.755,27.764,58.426,0.997,-1,-1,-1
523,166,853.739,484.416,40.349,98.344,0.999,-1,-1,-1
524,149,553.249,415.970,26.773,57.496,0.997,-1,-1,-1
524,166,849.527,482.390,39.664,98.915,0.999,-1,-1,-1
525,149,551.564,417.137,28.619,59.170,0.996,-1,-1,-1
525,166,842.417,483.624,40.183,98.886,0.999,-1,-1,-1
526,149,551.077,420.883,29.074,60.271,0.996,-1,-1,-1
526,166,835.678,483.901,39.511,95.536,0.998,-1,-1,-1
527,149,551.175,424.266,28.453,58.735,0.985,-1,-1,-1
527,166,835.200,483.836,34.375,93.409,0.999,-1,-1,-1
528,149,550.345,428.438,29.108,60.861,0.998,-1,-1,-1
528,166,818.982,437.459,49.267,130.946,0.640,-1,-1,-1
529,149,550.599,435.160,26.765,60.596,0.998,-1,-1,-1
529,166,822.754,473.566,38.441,96.175,0.999,-1,-1,-1
530,149,548.896,438.612,25.129,64.598,0.998,-1,-1,-1
530,166,816.805,473.683,37.008,91.980,0.998,-1,-1,-1
531,149,545.076,441.662,26.826,63.987,0.998,-1,-1,-1
531,166,813.207,480.390,32.248,85.088,0.996,-1,-1,-1
532,149,543.241,442.780,27.489,65.751,0.798,-1,-1,-1
532,166,805.317,474.516,33.973,92.212,0.998,-1,-1,-1
533,149,537.209,448.719,30.336,65.280,0.998,-1,-1,-1
533,166,800.288,473.747,33.866,90.914,0.999,-1,-1,-1
534,149,535.231,451.227,28.622,65.366,0.919,-1,-1,-1
534,166,792.828,468.191,33.733,92.211,0.998,-1,-1,-1
535,149,532.231,460.947,29.413,62.020,0.997,-1,-1,-1
535,166,791.256,471.192,33.395,85.964,0.998,-1,-1,-1
536,149,530.365,459.710,31.807,67.883,0.998,-1,-1,-1
536,166,785.845,467.967,36.493,86.966,0.998,-1,-1,-1
537,149,530.413,465.107,30.758,67.075,0.998,-1,-1,-1
537,166,777.991,461.999,37.084,92.692,0.998,-1,-1,-1
538,149,528.489,469.373,32.493,68.305,0.998,-1,-1,-1
538,166,772.920,464.219,31.789,89.341,0.999,-1,-1,-1
539,149,531.112,472.384,28.802,68.933,0.998,-1,-1,-1
539,166,772.104,456.702,32.888,96.464,0.998,-1,-1,-1
540,149,531.289,484.080,29.318,62.780,0.997,-1,-1,-1
540,166,769.291,452.855,36.651,93.707,0.995,-1,-1,-1
541,149,529.095,480.253,33.698,74.437,0.996,-1,-1,-1
541,166,763.248,449.788,41.281,96.595,0.997,-1,-1,-1
542,149,533.171,485.837,31.735,73.408,0.998,-1,-1,-1
542,166,762.517,450.218,36.920,92.201,0.998,-1,-1,-1
543,149,536.706,488.730,33.501,76.860,0.998,-1,-1,-1
543,166,757.781,448.841,40.249,91.537,0.995,-1,-1,-1
544,149,539.768,497.507,33.389,75.285,0.998,-1,-1,-1
544,166,757.304,433.595,40.091,105.388,0.999,-1,-1,-1
545,149,544.826,497.854,34.208,83.369,0.998,-1,-1,-1
545,166,759.239,445.342,27.974,88.448,0.991,-1,-1,-1
546,149,547.786,505.109,35.276,83.471,0.998,-1,-1,-1
546,166,754.259,441.386,33.288,89.790,0.998,-1,-1,-1
547,149,550.417,508.528,34.765,85.050,0.998,-1,-1,-1
547,166,751.579,437.306,34.133,96.370,0.999,-1,-1,-1
548,149,555.192,513.189,40.659,87.089,0.998,-1,-1,-1
548,166,747.469,437.150,36.950,92.404,0.998,-1,-1,-1
549,149,567.690,522.738,34.971,88.007,0.998,-1,-1,-1
549,166,741.755,438.007,36.835,89.147,0.998,-1,-1,-1
550,149,574.814,524.816,40.830,92.459,0.998,-1,-1,-1
550,166,739.314,433.154,36.294,91.108,0.998,-1,-1,-1
551,149,582.209,528.083,42.717,94.857,0.998,-1,-1,-1
551,166,737.781,436.881,35.988,87.317,0.998,-1,-1,-1
552,149,593.684,537.683,38.471,94.240,0.997,-1,-1,-1
552,166,736.405,439.244,31.543,81.188,0.997,-1,-1,-1
553,149,602.230,545.033,41.646,93.147,0.998,-1,-1,-1
553,166,734.086,436.881,31.899,82.859,0.997,-1,-1,-1
554,149,614.248,549.570,44.979,97.636,0.997,-1,-1,-1
554,166,730.476,431.062,34.288,87.137,0.998,-1,-1,-1
555,149,625.552,554.554,44.185,100.218,0.997,-1,-1,-1
555,166,727.698,437.405,30.442,79.804,0.997,-1,-1,-1
556,149,637.877,566.337,42.354,99.739,0.997,-1,-1,-1
556,166,729.052,433.274,25.984,81.875,0.998,-1,-1,-1
557,149,650.891,571.882,44.960,101.977,0.996,-1,-1,-1
557,166,729.698,427.919,28.727,83.904,0.997,-1,-1,-1
558,149,668.499,581.030,46.150,103.017,0.994,-1,-1,-1
558,166,728.419,430.326,29.773,79.595,0.995,-1,-1,-1
559,149,678.608,589.885,44.816,103.987,0.993,-1,-1,-1
559,166,730.933,426.696,28.825,79.127,0.996,-1,-1,-1
560,149,694.161,593.307,46.371,111.508,0.996,-1,-1,-1
560,166,728.127,425.103,28.829,82.774,0.998,-1,-1,-1
561,149,711.733,600.611,51.054,115.353,0.995,-1,-1,-1
561,166,725.947,431.500,26.892,78.987,0.997,-1,-1,-1
562,149,723.022,605.069,61.614,120.034,0.992,-1,-1,-1
562,166,724.943,420.747,27.954,86.423,0.997,-1,-1,-1
563,149,741.170,619.909,51.575,114.930,0.997,-1,-1,-1
563,166,725.054,421.662,28.412,80.997,0.998,-1,-1,-1
564,149,760.016,629.525,51.964,119.022,0.995,-1,-1,-1
564,166,728.428,418.268,29.836,82.831,0.996,-1,-1,-1
565,149,778.955,636.677,55.569,122.583,0.996,-1,-1,-1
565,166,725.862,412.460,29.975,82.541,0.998,-1,-1,-1
566,149,800.899,648.047,58.455,126.039,0.997,-1,-1,-1
566,166,723.579,429.518,26.831,67.580,0.998,-1,-1,-1
567,149,813.842,654.891,63.878,129.075,0.997,-1,-1,-1
567,166,721.904,431.101,26.420,65.092,0.998,-1,-1,-1
568,149,838.521,673.920,57.865,126.059,0.997,-1,-1,-1
568,166,721.008,416.877,26.267,76.633,0.998,-1,-1,-1
569,149,858.420,684.151,62.657,127.881,0.997,-1,-1,-1
569,166,721.884,412.990,23.653,74.683,0.997,-1,-1,-1
570,149,882.725,692.228,63.427,134.650,0.997,-1,-1,-1
570,166,720.898,416.776,25.721,70.234,0.997,-1,-1,-1
571,149,898.380,700.122,71.509,141.454,0.996,-1,-1,-1
571,166,720.492,408.095,25.606,77.442,0.998,-1,-1,-1
572,149,924.753,717.188,60.481,139.425,0.998,-1,-1,-1
572,166,716.830,414.529,26.121,73.164,0.998,-1,-1,-1
573,149,943.344,727.294,71.251,143.951,0.997,-1,-1,-1
573,166,716.102,409.357,26.790,75.348,0.998,-1,-1,-1
574,149,971.030,740.780,71.312,149.047,0.997,-1,-1,-1
574,166,714.801,407.917,26.040,75.844,0.998,-1,-1,-1
575,149,987.556,754.876,71.152,147.705,0.997,-1,-1,-1
575,166,712.699,408.363,28.999,73.936,0.998,-1,-1,-1
576,149,1016.961,764.851,67.882,154.887,0.998,-1,-1,-1
576,166,713.741,405.521,28.584,75.377,0.998,-1,-1,-1
577,149,1036.510,778.294,76.983,160.587,0.996,-1,-1,-1
577,166,713.885,403.322,26.628,70.156,0.999,-1,-1,-1
578,149,1058.731,794.771,76.028,161.599,0.997,-1,-1,-1
578,166,711.490,408.735,24.581,61.378,0.998,-1,-1,-1
579,149,1071.993,808.142,75.189,162.348,0.997,-1,-1,-1
579,166,712.673,405.706,22.449,61.652,0.996,-1,-1,-1
580,149,1097.401,823.153,74.038,167.344,0.997,-1,-1,-1
580,166,713.063,398.036,28.046,71.064,0.998,-1,-1,-1
581,149,1118.996,841.750,85.389,169.875,0.997,-1,-1,-1
581,166,714.027,397.392,30.268,72.820,0.998,-1,-1,-1
582,149,1143.969,858.487,83.991,175.893,0.996,-1,-1,-1
582,166,713.731,399.337,30.956,70.660,0.999,-1,-1,-1
583,149,1160.403,863.116,92.399,187.142,0.986,-1,-1,-1
583,166,711.813,393.426,31.649,75.131,0.998,-1,-1,-1
584,149,1186.739,887.015,101.944,185.867,0.996,-1,-1,-1
584,166,710.619,403.795,28.611,61.858,0.998,-1,-1,-1
585,149,1219.401,901.532,111.477,176.667,0.993,-1,-1,-1
585,166,709.600,405.614,25.996,58.814,0.997,-1,-1,-1
586,149,1259.551,925.589,101.143,153.672,0.995,-1,-1,-1
586,166,707.081,396.100,29.206,69.339,0.998,-1,-1,-1
587,149,1291.227,945.161,126.464,134.335,0.992,-1,-1,-1
587,166,705.912,399.597,27.967,64.466,0.997,-1,-1,-1
588,149,1337.922,962.636,121.321,117.156,0.984,-1,-1,-1
588,166,704.681,389.879,31.076,72.366,0.998,-1,-1,-1
589,149,1394.049,988.078,140.113,91.745,0.995,-1,-1,-1
589,166,703.624,395.398,28.705,65.874,0.998,-1,-1,-1
590,149,1475.657,1009.501,138.034,70.528,0.993,-1,-1,-1
590,166,701.212,389.548,29.165,69.672,0.998,-1,-1,-1
591,149,1540.914,1032.195,138.518,47.944,0.976,-1,-1,-1
591,166,700.909,389.246,26.616,67.410,0.997,-1,-1,-1
592,149,1634.524,1050.831,106.307,29.177,0.920,-1,-1,-1
592,166,702.723,383.766,26.097,72.473,0.997,-1,-1,-1
593,149,1712.701,1066.241,106.307,12.759,0.920,-1,-1,-1
593,166,702.193,387.097,24.860,68.567,0.996,-1,-1,-1
594,149,1801.524,1079.000,106.307,0.000,0.920,-1,-1,-1
594,166,700.419,381.275,27.404,73.247,0.997,-1,-1,-1
595,166,698.597,386.269,26.830,65.491,0.997,-1,-1,-1
596,166,698.396,384.351,26.138,66.303,0.997,-1,-1,-1
597,166,698.258,376.288,29.380,75.120,0.997,-1,-1,-1
598,166,699.893,382.960,28.034,68.273,0.996,-1,-1,-1
599,166,701.265,382.012,26.416,67.246,0.997,-1,-1,-1
600,166,702.343,380.441,25.255,66.620,0.998,-1,-1,-1
601,166,701.681,384.254,25.739,63.617,0.998,-1,-1,-1
602,166,702.877,376.205,25.612,69.095,0.997,-1,-1,-1
603,166,704.865,377.562,24.999,65.855,0.997,-1,-1,-1
604,166,705.193,380.709,25.809,64.131,0.997,-1,-1,-1
605,166,701.914,374.627,29.250,67.668,0.998,-1,-1,-1
606,166,701.802,380.197,26.289,61.814,0.998,-1,-1,-1
607,166,699.841,380.103,26.043,58.593,0.997,-1,-1,-1
608,166,698.656,375.765,27.086,64.022,0.997,-1,-1,-1
609,166,698.468,371.401,26.617,67.022,0.996,-1,-1,-1
610,166,698.753,371.579,28.093,67.002,0.996,-1,-1,-1
611,166,698.664,371.074,26.502,65.375,0.997,-1,-1,-1
612,166,696.367,372.490,26.598,62.663,0.995,-1,-1,-1
613,166,697.168,368.501,29.810,65.448,0.990,-1,-1,-1
614,166,698.325,365.921,29.913,67.066,0.981,-1,-1,-1
615,166,700.132,367.501,28.729,64.937,0.994,-1,-1,-1
616,166,703.887,369.389,25.035,59.047,0.994,-1,-1,-1
617,166,701.964,367.995,27.631,61.196,0.995,-1,-1,-1
618,166,701.817,366.500,27.350,60.370,0.995,-1,-1,-1
619,166,701.066,364.125,27.892,61.850,0.993,-1,-1,-1
620,166,698.570,361.409,29.940,64.451,0.988,-1,-1,-1
621,166,696.210,357.533,30.378,66.645,0.984,-1,-1,-1
622,166,694.374,358.199,29.699,65.774,0.995,-1,-1,-1
623,166,692.743,360.876,30.486,62.698,0.993,-1,-1,-1
624,166,689.514,359.534,30.931,64.983,0.971,-1,-1,-1
625,166,689.942,359.724,28.900,62.891,0.992,-1,-1,-1
626,166,690.950,360.073,27.807,61.485,0.993,-1,-1,-1
627,166,693.921,359.286,24.877,58.418,0.992,-1,-1,-1
628,166,694.786,360.490,23.026,55.686,0.992,-1,-1,-1
629,166,695.876,360.159,23.006,56.549,0.994,-1,-1,-1
630,166,696.710,361.192,23.299,55.209,0.994,-1,-1,-1
631,166,693.065,358.985,25.576,56.197,0.992,-1,-1,-1
632,166,693.934,359.091,24.260,56.911,0.995,-1,-1,-1
633,166,690.938,353.721,26.354,62.816,0.994,-1,-1,-1
634,166,690.710,354.158,26.532,64.055,0.997,-1,-1,-1
635,166,690.609,354.556,27.536,62.828,0.996,-1,-1,-1
636,166,690.010,353.937,26.636,62.927,0.996,-1,-1,-1
637,166,685.481,347.036,30.635,68.214,0.993,-1,-1,-1
638,166,682.786,358.386,28.844,54.035,0.988,-1,-1,-1
639,166,675.316,349.849,32.610,62.049,0.993,-1,-1,-1
640,166,668.022,355.911,36.235,52.316,0.993,-1,-1,-1
641,166,663.171,355.923,35.291,50.555,0.994,-1,-1,-1
642,166,654.853,354.804,38.648,48.792,0.993,-1,-1,-1
643,166,652.363,355.697,34.970,49.138,0.976,-1,-1,-1
644,166,652.004,352.974,29.524,55.480,0.962,-1,-1,-1
645,166,650.951,352.279,29.023,55.119,0.722,-1,-1,-1
646,166,653.754,351.559,25.153,54.049,0.995,-1,-1,-1
647,166,654.352,349.499,25.590,56.211,0.988,-1,-1,-1
648,166,655.309,352.389,26.200,53.056,0.962,-1,-1,-1
649,166,655.339,345.996,31.811,59.214,0.664,-1,-1,-1
650,166,658.948,352.501,26.164,52.005,0.914,-1,-1,-1
651,166,662.717,352.568,24.887,52.638,0.967,-1,-1,-1
651,239,1865.211,516.933,54.870,96.963,0.952,-1,-1,-1
652,166,666.436,352.376,24.314,51.371,0.993,-1,-1,-1
652,239,1805.267,486.117,114.700,145.471,0.996,-1,-1,-1
653,166,669.969,352.673,23.583,50.069,0.992,-1,-1,-1
653,239,1751.792,457.807,168.026,178.882,0.997,-1,-1,-1
654,166,674.025,353.150,21.117,48.178,0.992,-1,-1,-1
654,239,1691.512,450.861,228.463,191.432,0.997,-1,-1,-1
655,166,676.563,355.547,19.539,46.751,0.975,-1,-1,-1
655,239,1655.793,455.363,263.876,193.485,0.998,-1,-1,-1
656,166,677.686,355.584,18.758,46.570,0.549,-1,-1,-1
656,239,1603.781,458.839,315.842,197.144,0.998,-1,-1,-1
657,166,678.790,353.799,20.063,48.402,0.985,-1,-1,-1
657,239,1557.390,465.229,361.648,196.475,0.998,-1,-1,-1
658,166,680.085,351.950,19.443,47.714,0.989,-1,-1,-1
658,239,1516.635,471.239,402.904,191.852,0.998,-1,-1,-1
659,166,680.236,349.485,19.185,48.791,0.989,-1,-1,-1
659,239,1477.397,473.356,442.042,188.343,0.998,-1,-1,-1
660,166,678.793,343.753,20.441,53.470,0.991,-1,-1,-1
660,239,1436.125,477.835,482.929,192.980,0.999,-1,-1,-1
661,166,678.194,339.500,21.130,56.003,0.988,-1,-1,-1
661,239,1385.994,480.605,527.568,198.793,0.999,-1,-1,-1
662,166,679.715,342.429,20.234,54.327,0.993,-1,-1,-1
662,239,1337.308,486.718,529.007,191.422,0.999,-1,-1,-1
663,166,679.672,341.187,20.942,55.626,0.995,-1,-1,-1
663,239,1298.288,489.017,530.099,190.620,0.999,-1,-1,-1
664,166,678.831,340.760,20.192,55.597,0.975,-1,-1,-1
664,239,1247.008,493.327,527.976,191.918,0.999,-1,-1,-1
665,166,677.725,339.082,22.888,55.749,0.921,-1,-1,-1
665,239,1193.210,498.749,530.721,190.713,0.999,-1,-1,-1
666,166,678.778,339.632,20.529,54.860,0.968,-1,-1,-1
666,239,1140.385,500.093,528.832,190.827,0.999,-1,-1,-1
667,166,677.710,338.801,22.070,55.117,0.844,-1,-1,-1
667,239,1097.618,502.954,523.594,187.579,0.998,-1,-1,-1
668,166,678.704,340.498,20.155,53.985,0.987,-1,-1,-1
668,239,1043.485,504.721,520.848,186.135,0.999,-1,-1,-1
669,166,680.075,342.053,18.813,52.823,0.988,-1,-1,-1
669,239,990.042,507.190,514.450,181.130,0.999,-1,-1,-1
670,166,678.983,337.819,22.973,55.658,0.681,-1,-1,-1
670,239,925.061,508.675,517.900,179.926,0.999,-1,-1,-1
671,166,681.265,340.391,19.818,53.038,0.945,-1,-1,-1
671,239,888.598,509.473,509.977,178.171,0.999,-1,-1,-1
672,166,683.557,338.850,28.053,51.849,0.503,-1,-1,-1
672,239,844.133,510.509,494.811,175.913,0.997,-1,-1,-1
673,166,685.945,334.261,37.059,58.178,0.940,-1,-1,-1
673,239,793.931,509.985,484.616,176.058,0.997,-1,-1,-1
674,166,691.170,333.743,38.703,60.003,0.971,-1,-1,-1
674,239,758.340,504.777,463.367,179.813,0.985,-1,-1,-1
675,166,694.165,344.086,42.563,49.842,0.948,-1,-1,-1
675,239,733.294,503.673,446.337,173.410,0.999,-1,-1,-1
676,166,698.559,346.776,38.564,47.191,0.959,-1,-1,-1
676,239,702.469,499.003,420.922,168.791,0.998,-1,-1,-1
677,166,702.251,339.854,31.043,54.937,0.945,-1,-1,-1
677,239,679.186,487.317,398.271,172.932,0.999,-1,-1,-1
678,166,704.780,337.506,31.906,56.849,0.902,-1,-1,-1
678,239,657.863,491.439,370.215,162.238,0.999,-1,-1,-1
679,166,706.824,337.919,31.906,56.849,0.902,-1,-1,-1
679,239,644.461,485.683,346.392,161.580,0.999,-1,-1,-1
680,166,708.687,339.317,27.562,51.476,0.973,-1,-1,-1
680,239,630.677,482.675,316.674,159.627,0.999,-1,-1,-1
681,166,703.224,332.113,36.005,55.732,0.806,-1,-1,-1
681,239,616.020,479.251,287.517,156.141,0.998,-1,-1,-1
682,166,703.498,330.502,36.005,55.732,0.806,-1,-1,-1
682,239,598.605,475.824,278.925,154.295,0.999,-1,-1,-1
683,166,703.162,329.112,36.005,55.732,0.806,-1,-1,-1
683,239,592.881,472.341,261.409,153.361,0.998,-1,-1,-1
684,166,702.790,327.702,36.005,55.732,0.806,-1,-1,-1
684,239,581.783,469.202,249.202,149.298,0.999,-1,-1,-1
685,166,702.372,326.477,36.005,55.732,0.806,-1,-1,-1
685,239,572.244,465.906,233.719,144.247,0.999,-1,-1,-1
686,239,570.995,459.229,217.078,147.542,0.998,-1,-1,-1
687,239,565.902,455.600,206.525,145.258,0.998,-1,-1,-1
688,239,560.647,452.064,199.255,144.653,0.998,-1,-1,-1
689,239,559.564,448.319,191.550,141.623,0.998,-1,-1,-1
690,239,556.907,446.118,187.876,137.412,0.998,-1,-1,-1
691,239,557.078,442.952,185.205,135.202,0.999,-1,-1,-1
692,239,555.247,438.628,176.276,134.641,0.999,-1,-1,-1
693,239,557.999,436.533,170.262,129.312,0.999,-1,-1,-1
694,239,558.241,430.748,167.012,127.598,0.998,-1,-1,-1
695,239,559.645,428.345,161.337,126.134,0.999,-1,-1,-1
696,239,558.010,425.689,161.174,125.130,0.998,-1,-1,-1
697,239,557.120,420.486,159.503,125.295,0.999,-1,-1,-1
698,239,559.272,416.806,155.261,121.154,0.998,-1,-1,-1
699,239,559.946,414.104,150.771,121.561,0.998,-1,-1,-1
700,239,557.461,410.938,152.237,120.643,0.998,-1,-1,-1
701,239,556.590,409.841,150.867,116.198,0.998,-1,-1,-1
702,239,557.829,403.039,149.111,116.401,0.998,-1,-1,-1
703,239,558.465,401.274,147.071,115.089,0.998,-1,-1,-1
704,239,558.371,399.972,143.033,110.346,0.998,-1,-1,-1
705,239,559.452,397.053,141.649,110.499,0.998,-1,-1,-1
706,239,561.490,393.276,136.676,109.563,0.997,-1,-1,-1
707,239,561.214,390.664,135.010,107.180,0.997,-1,-1,-1
708,239,560.267,385.988,135.769,106.665,0.998,-1,-1,-1
709,239,563.124,383.158,132.858,106.939,0.997,-1,-1,-1
710,239,563.095,379.356,132.096,104.663,0.997,-1,-1,-1
711,239,564.419,376.932,130.480,101.958,0.998,-1,-1,-1
712,239,566.354,373.709,130.447,100.936,0.998,-1,-1,-1
713,239,565.699,371.964,128.607,98.440,0.998,-1,-1,-1
714,239,567.346,368.972,126.704,99.023,0.998,-1,-1,-1
715,239,569.193,366.024,124.773,96.583,0.997,-1,-1,-1
716,239,571.351,363.652,120.268,96.462,0.998,-1,-1,-1
717,239,570.783,361.725,122.424,93.421,0.997,-1,-1,-1
718,239,572.201,359.503,121.120,92.657,0.997,-1,-1,-1
719,239,573.095,358.435,121.018,90.520,0.998,-1,-1,-1
720,239,575.526,355.718,115.061,90.732,0.997,-1,-1,-1
721,239,577.400,354.029,113.179,88.756,0.998,-1,-1,-1
722,239,577.371,352.205,113.594,87.424,0.998,-1,-1,-1
723,239,576.864,351.098,114.192,86.617,0.998,-1,-1,-1
724,239,577.644,350.017,111.229,84.209,0.997,-1,-1,-1
725,239,579.828,347.065,107.695,84.686,0.997,-1,-1,-1
726,239,580.044,345.569,109.574,82.830,0.997,-1,-1,-1
727,239,579.532,343.489,108.853,83.451,0.996,-1,-1,-1
728,239,579.636,342.135,107.845,83.494,0.995,-1,-1,-1
729,239,581.217,340.774,105.296,83.895,0.996,-1,-1,-1
730,239,581.668,339.038,104.373,80.630,0.996,-1,-1,-1
731,239,581.750,337.814,101.416,78.894,0.996,-1,-1,-1
732,239,581.624,336.036,101.426,76.411,0.996,-1,-1,-1
733,239,581.429,334.096,101.723,76.576,0.995,-1,-1,-1
734,239,582.265,333.933,99.666,76.774,0.996,-1,-1,-1
735,239,582.932,331.479,98.952,76.478,0.997,-1,-1,-1
736,239,582.709,330.696,97.333,73.987,0.997,-1,-1,-1
737,239,584.864,329.554,93.417,73.534,0.997,-1,-1,-1
738,239,586.673,327.247,90.346,72.706,0.997,-1,-1,-1
739,239,586.278,326.233,90.701,73.870,0.995,-1,-1,-1
740,239,586.574,325.034,90.930,72.685,0.997,-1,-1,-1
741,239,587.666,325.322,89.699,68.583,0.997,-1,-1,-1
742,239,587.446,323.055,87.809,68.244,0.997,-1,-1,-1
743,239,586.327,322.338,88.568,66.235,0.998,-1,-1,-1
744,239,586.967,319.451,85.448,66.553,0.998,-1,-1,-1
745,239,585.805,317.609,84.419,67.063,0.997,-1,-1,-1
746,239,585.989,316.954,84.933,66.347,0.995,-1,-1,-1
747,239,586.192,316.934,85.779,65.627,0.997,-1,-1,-1
748,239,587.067,315.736,83.473,64.525,0.993,-1,-1,-1
749,239,586.754,313.511,82.452,64.943,0.995,-1,-1,-1
750,239,587.710,311.065,81.595,64.890,0.995,-1,-1,-1
751,239,587.980,311.129,82.422,66.605,0.997,-1,-1,-1
752,239,588.705,309.675,81.312,65.311,0.997,-1,-1,-1
753,239,588.367,308.487,82.729,63.990,0.996,-1,-1,-1
754,239,589.639,306.951,83.092,62.494,0.996,-1,-1,-1
755,239,591.124,305.357,80.901,64.429,0.996,-1,-1,-1
756,239,592.162,304.090,79.892,63.227,0.997,-1,-1,-1
757,239,592.966,303.383,79.850,62.930,0.996,-1,-1,-1
758,239,591.689,303.622,79.421,58.951,0.996,-1,-1,-1
759,239,590.227,302.088,81.068,61.598,0.995,-1,-1,-1
760,239,585.764,299.843,83.699,62.993,0.995,-1,-1,-1
761,239,579.720,298.683,87.427,63.066,0.994,-1,-1,-1
762,239,574.387,296.914,88.840,63.779,0.994,-1,-1,-1
763,239,570.233,296.638,90.288,62.633,0.995,-1,-1,-1
764,239,562.377,293.805,98.648,64.609,0.995,-1,-1,-1
765,239,549.950,292.125,105.173,64.693,0.997,-1,-1,-1
766,239,538.891,291.944,109.922,64.131,0.996,-1,-1,-1
767,239,527.793,291.272,112.591,63.746,0.996,-1,-1,-1
768,239,513.011,291.227,113.890,63.448,0.996,-1,-1,-1
769,239,499.424,292.126,119.042,61.292,0.996,-1,-1,-1
770,239,482.566,292.345,125.836,60.863,0.995,-1,-1,-1
771,239,468.480,292.207,129.210,62.076,0.995,-1,-1,-1
772,239,451.460,292.135,132.915,60.215,0.994,-1,-1,-1
773,239,429.297,292.551,145.522,60.376,0.994,-1,-1,-1
774,239,413.923,292.356,148.022,62.396,0.989,-1,-1,-1
775,239,397.363,296.181,149.769,56.964,0.986,-1,-1,-1
776,239,387.479,293.660,142.632,60.183,0.993,-1,-1,-1
777,239,363.156,293.184,152.316,59.588,0.989,-1,-1,-1
778,239,347.632,294.019,155.091,59.037,0.990,-1,-1,-1
779,239,346.058,295.348,142.140,55.423,0.993,-1,-1,-1
780,239,331.333,295.815,139.165,53.317,0.990,-1,-1,-1
781,239,330.322,292.895,123.706,52.850,0.979,-1,-1,-1
782,239,313.049,293.823,124.222,56.249,0.949,-1,-1,-1
783,239,309.749,295.475,117.620,51.305,0.986,-1,-1,-1
784,239,309.134,292.022,99.367,52.174,0.983,-1,-1,-1
785,239,307.939,293.532,80.527,50.927,0.972,-1,-1,-1
786,239,310.698,296.234,75.352,51.197,0.964,-1,-1,-1
787,239,307.751,295.834,80.202,53.133,0.949,-1,-1,-1
788,239,328.312,298.852,53.969,46.304,0.903,-1,-1,-1
789,239,317.176,296.380,61.354,48.244,0.941,-1,-1,-1
790,239,314.436,291.767,34.157,55.509,0.908,-1,-1,-1
791,239,309.579,298.564,42.229,48.515,0.862,-1,-1,-1
792,239,306.148,298.642,42.229,48.515,0.862,-1,-1,-1
793,239,301.230,298.797,42.229,48.515,0.862,-1,-1,-1
794,239,297.804,299.249,42.229,48.515,0.862,-1,-1,-1
795,239,297.650,299.894,42.229,48.515,0.862,-1,-1,-1
806,299,310.872,302.345,43.906,45.212,0.766,-1,-1,-1
807,299,313.993,293.240,35.725,52.025,0.857,-1,-1,-1
808,299,318.676,293.457,32.297,50.898,0.867,-1,-1,-1
809,299,315.370,294.621,33.714,46.791,0.850,-1,-1,-1
810,299,317.813,296.756,44.752,43.917,0.781,-1,-1,-1
811,299,306.476,296.519,79.217,54.211,0.880,-1,-1,-1
812,299,309.319,294.795,76.252,52.499,0.925,-1,-1,-1
813,299,308.665,291.403,79.432,53.437,0.946,-1,-1,-1
814,299,303.634,293.203,87.760,51.786,0.980,-1,-1,-1
815,299,302.702,294.263,97.405,53.474,0.983,-1,-1,-1
816,299,302.833,294.532,108.861,54.593,0.975,-1,-1,-1
817,299,309.195,292.436,125.936,56.318,0.980,-1,-1,-1
818,299,313.773,293.402,132.677,57.195,0.988,-1,-1,-1
819,299,323.987,291.601,131.822,56.767,0.986,-1,-1,-1
820,299,339.764,292.915,127.579,52.141,0.989,-1,-1,-1
821,299,336.278,295.133,141.192,54.753,0.991,-1,-1,-1
822,299,347.502,294.756,140.045,54.723,0.991,-1,-1,-1
823,299,369.087,294.476,126.008,53.993,0.989,-1,-1,-1
824,299,371.098,291.417,129.374,57.361,0.987,-1,-1,-1
825,299,372.893,290.102,134.417,56.876,0.986,-1,-1,-1
826,299,383.009,291.874,131.174,54.990,0.980,-1,-1,-1
827,299,385.509,291.769,131.198,57.583,0.976,-1,-1,-1
828,299,388.493,291.161,137.261,59.093,0.985,-1,-1,-1
829,299,394.947,288.804,134.068,61.701,0.980,-1,-1,-1
830,299,404.381,287.717,128.701,61.378,0.978,-1,-1,-1
831,299,410.409,287.268,125.292,60.438,0.979,-1,-1,-1
832,299,416.214,286.761,125.022,60.974,0.979,-1,-1,-1
833,299,419.990,285.989,122.890,60.785,0.979,-1,-1,-1
834,299,421.858,287.241,124.026,59.738,0.976,-1,-1,-1
835,299,424.535,288.899,123.340,58.452,0.985,-1,-1,-1
836,299,427.874,288.855,123.110,59.220,0.981,-1,-1,-1
837,299,430.935,288.599,121.935,58.570,0.982,-1,-1,-1
838,299,431.634,289.136,121.232,58.045,0.983,-1,-1,-1
839,299,431.950,289.349,121.120,57.923,0.979,-1,-1,-1
840,299,431.973,289.112,120.545,58.266,0.978,-1,-1,-1
841,299,431.711,289.536,121.720,57.350,0.981,-1,-1,-1
842,299,429.288,289.397,121.548,57.647,0.983,-1,-1,-1
843,299,426.415,288.630,122.517,58.989,0.980,-1,-1,-1
844,299,422.099,287.509,122.392,60.797,0.967,-1,-1,-1
845,299,421.209,286.586,118.239,61.298,0.968,-1,-1,-1
846,299,418.699,286.448,116.733,62.312,0.973,-1,-1,-1
847,299,417.098,285.191,114.197,63.993,0.977,-1,-1,-1
848,299,414.661,289.329,111.280,60.784,0.983,-1,-1,-1
849,299,416.382,294.467,106.069,55.319,0.987,-1,-1,-1
850,299,414.214,295.139,103.134,56.605,0.985,-1,-1,-1
851,299,414.405,294.758,97.257,57.585,0.984,-1,-1,-1
852,299,417.383,294.941,91.350,57.426,0.986,-1,-1,-1
853,299,419.810,295.853,85.767,58.112,0.987,-1,-1,-1
854,299,419.167,295.101,83.493,59.834,0.986,-1,-1,-1
855,299,420.584,293.889,82.311,60.151,0.986,-1,-1,-1
856,299,420.868,294.195,81.610,59.441,0.985,-1,-1,-1
857,299,422.137,295.151,81.317,60.934,0.985,-1,-1,-1
858,299,423.216,294.247,82.099,61.597,0.983,-1,-1,-1
859,299,424.420,295.720,82.965,62.443,0.985,-1,-1,-1
860,299,429.904,299.352,78.907,59.681,0.984,-1,-1,-1
861,299,431.095,300.506,83.046,61.068,0.977,-1,-1,-1
862,299,432.377,301.735,83.140,61.561,0.977,-1,-1,-1
863,299,434.734,304.405,81.625,60.872,0.979,-1,-1,-1
864,299,436.070,304.629,83.611,62.405,0.982,-1,-1,-1
865,299,434.859,306.642,87.858,61.980,0.990,-1,-1,-1
866,299,437.824,308.399,86.527,61.862,0.989,-1,-1,-1
867,299,441.513,309.177,84.475,62.871,0.987,-1,-1,-1
868,299,442.978,311.502,85.301,61.680,0.989,-1,-1,-1
869,299,443.171,312.395,85.953,61.337,0.989,-1,-1,-1
870,299,444.275,314.820,88.605,60.460,0.993,-1,-1,-1
871,299,446.816,315.584,85.487,59.978,0.991,-1,-1,-1
872,299,451.087,315.141,83.698,61.368,0.992,-1,-1,-1
873,299,453.056,315.811,84.182,61.945,0.991,-1,-1,-1
874,299,454.290,317.765,88.219,62.792,0.991,-1,-1,-1
875,299,456.349,317.612,89.248,64.325,0.992,-1,-1,-1
876,299,458.395,317.191,90.736,66.466,0.990,-1,-1,-1
877,299,458.815,317.780,94.683,69.632,0.992,-1,-1,-1
878,299,462.089,318.459,94.784,70.294,0.992,-1,-1,-1
879,299,463.708,319.471,93.826,69.709,0.990,-1,-1,-1
880,299,465.099,320.716,94.952,70.088,0.989,-1,-1,-1
881,299,466.560,320.499,96.660,69.586,0.989,-1,-1,-1
882,299,466.162,321.691,100.624,70.493,0.991,-1,-1,-1
883,299,466.320,321.890,104.667,73.085,0.988,-1,-1,-1
884,299,466.838,322.829,105.663,74.185,0.991,-1,-1,-1
885,299,468.956,323.565,106.236,76.411,0.991,-1,-1,-1
886,299,470.991,324.319,106.022,77.608,0.993,-1,-1,-1
887,299,471.899,326.276,106.705,77.383,0.993,-1,-1,-1
888,299,474.324,327.667,105.570,78.241,0.994,-1,-1,-1
889,299,477.692,328.500,105.110,78.927,0.995,-1,-1,-1
890,299,478.153,328.284,109.268,81.055,0.994,-1,-1,-1
891,299,479.745,328.349,111.380,82.350,0.993,-1,-1,-1
892,299,482.447,331.040,113.359,80.978,0.990,-1,-1,-1
893,299,484.253,333.703,112.293,79.954,0.987,-1,-1,-1
894,299,486.447,335.087,112.655,80.140,0.988,-1,-1,-1
895,299,489.281,335.523,113.177,82.568,0.988,-1,-1,-1
896,299,488.591,335.964,116.281,85.396,0.991,-1,-1,-1
897,299,488.978,338.604,118.172,84.593,0.995,-1,-1,-1
898,299,488.982,338.820,120.690,88.815,0.994,-1,-1,-1
899,299,491.332,340.746,120.074,89.262,0.995,-1,-1,-1
900,299,493.356,342.943,118.746,90.528,0.995,-1,-1,-1
901,299,494.656,343.289,120.644,92.200,0.995,-1,-1,-1
902,299,495.483,345.468,120.919,91.808,0.996,-1,-1,-1
903,299,495.344,347.139,122.532,93.791,0.996,-1,-1,-1
904,299,495.538,347.416,124.301,95.618,0.995,-1,-1,-1
905,299,495.848,350.619,124.336,94.405,0.996,-1,-1,-1
906,299,497.538,350.686,126.682,96.714,0.995,-1,-1,-1
907,299,498.909,353.569,125.914,95.935,0.995,-1,-1,-1
908,299,500.476,355.929,124.782,96.921,0.994,-1,-1,-1
909,299,499.408,358.285,127.381,98.451,0.995,-1,-1,-1
910,299,500.781,359.450,125.995,102.251,0.996,-1,-1,-1
911,299,502.043,361.953,126.449,100.784,0.995,-1,-1,-1
912,299,497.918,364.161,132.548,105.522,0.994,-1,-1,-1
913,299,497.347,369.190,132.238,102.323,0.994,-1,-1,-1
914,299,496.015,370.388,135.463,103.764,0.996,-1,-1,-1
915,299,496.142,373.003,135.972,103.885,0.997,-1,-1,-1
916,299,495.087,374.370,137.660,107.301,0.997,-1,-1,-1
917,299,492.057,377.420,141.286,106.660,0.997,-1,-1,-1
918,299,489.261,378.769,142.489,110.284,0.996,-1,-1,-1
919,299,486.563,382.203,143.314,108.745,0.997,-1,-1,-1
920,299,483.040,382.553,144.841,113.160,0.996,-1,-1,-1
921,299,476.743,387.361,149.412,114.258,0.997,-1,-1,-1
922,299,469.056,388.336,153.099,117.585,0.996,-1,-1,-1
923,299,466.316,395.165,152.813,115.345,0.996,-1,-1,-1
924,299,456.261,396.604,155.458,119.684,0.997,-1,-1,-1
925,299,449.475,399.589,159.772,122.786,0.997,-1,-1,-1
926,299,440.335,402.077,160.458,124.690,0.998,-1,-1,-1
927,299,431.169,405.270,165.993,124.337,0.998,-1,-1,-1
928,299,419.364,407.712,170.998,127.062,0.998,-1,-1,-1
929,299,402.826,411.892,179.671,129.980,0.997,-1,-1,-1
930,299,386.184,417.865,189.259,129.706,0.997,-1,-1,-1
931,299,380.857,423.245,187.605,127.281,0.997,-1,-1,-1
932,299,368.336,427.550,188.137,129.279,0.998,-1,-1,-1
933,299,356.643,432.166,188.053,128.638,0.998,-1,-1,-1
934,299,341.700,437.691,191.448,130.521,0.997,-1,-1,-1
935,299,330.304,438.003,195.491,134.956,0.998,-1,-1,-1
936,299,321.245,439.729,194.391,140.247,0.997,-1,-1,-1
937,299,303.158,443.269,199.142,142.370,0.998,-1,-1,-1
938,299,294.375,448.186,193.606,144.604,0.997,-1,-1,-1
939,299,280.478,454.620,200.471,143.428,0.997,-1,-1,-1
940,299,270.971,453.646,205.170,148.605,0.997,-1,-1,-1
941,299,257.695,459.617,211.611,147.469,0.996,-1,-1,-1
942,299,246.857,464.575,212.866,149.831,0.995,-1,-1,-1
942,342,1058.739,1019.679,481.652,59.987,0.829,-1,-1,-1
943,299,240.342,468.267,215.947,149.941,0.994,-1,-1,-1
943,342,974.338,993.607,533.954,85.140,0.991,-1,-1,-1
944,299,228.711,470.328,219.958,154.516,0.996,-1,-1,-1
944,342,926.199,958.767,546.775,119.797,0.984,-1,-1,-1
945,299,212.403,475.800,228.023,159.584,0.996,-1,-1,-1
945,342,897.943,920.671,531.221,156.513,0.992,-1,-1,-1
946,299,204.987,479.648,226.454,157.224,0.997,-1,-1,-1
946,342,882.472,889.182,527.248,187.230,0.996,-1,-1,-1
947,299,199.224,482.239,228.875,160.745,0.997,-1,-1,-1
947,342,871.258,866.909,523.758,208.679,0.997,-1,-1,-1
948,299,186.896,484.045,238.834,163.199,0.996,-1,-1,-1
948,342,859.969,839.500,490.574,235.856,0.997,-1,-1,-1
949,299,183.452,487.885,234.983,165.393,0.998,-1,-1,-1
949,342,849.737,816.440,463.523,258.302,0.998,-1,-1,-1
950,299,181.745,491.673,231.099,171.962,0.996,-1,-1,-1
950,342,844.145,792.088,445.890,282.202,0.998,-1,-1,-1
951,299,172.433,493.672,232.657,174.233,0.996,-1,-1,-1
951,342,842.639,775.562,424.318,298.039,0.999,-1,-1,-1
952,299,163.392,499.465,231.817,177.258,0.997,-1,-1,-1
952,342,845.346,753.289,404.493,311.800,0.997,-1,-1,-1
953,299,153.840,506.660,232.589,176.175,0.996,-1,-1,-1
953,342,845.274,734.498,385.220,307.323,0.997,-1,-1,-1
954,299,144.074,511.759,238.918,175.646,0.996,-1,-1,-1
954,342,857.639,717.206,370.668,298.520,0.996,-1,-1,-1
955,299,138.139,513.012,239.726,181.723,0.996,-1,-1,-1
955,342,862.892,706.512,362.965,289.141,0.997,-1,-1,-1
956,299,133.146,515.165,243.754,186.153,0.996,-1,-1,-1
956,342,879.933,692.067,357.234,276.740,0.998,-1,-1,-1
957,299,124.151,517.793,246.613,188.547,0.997,-1,-1,-1
957,342,891.919,680.576,363.441,263.768,0.998,-1,-1,-1
958,299,126.520,521.143,236.416,189.146,0.996,-1,-1,-1
958,342,909.068,662.627,378.486,261.798,0.999,-1,-1,-1
959,299,122.790,523.352,238.161,190.166,0.995,-1,-1,-1
959,342,930.368,656.240,390.077,252.699,0.998,-1,-1,-1
960,299,120.351,528.368,236.379,194.892,0.995,-1,-1,-1
960,342,964.427,646.260,407.327,246.628,0.998,-1,-1,-1
961,299,117.905,530.969,237.354,199.493,0.996,-1,-1,-1
961,342,1010.767,633.824,412.958,241.009,0.999,-1,-1,-1
962,299,114.377,532.235,236.444,201.571,0.995,-1,-1,-1
962,342,1059.962,623.097,430.776,237.665,0.999,-1,-1,-1
963,299,112.247,532.929,236.105,206.669,0.994,-1,-1,-1
963,342,1097.801,617.189,436.800,235.540,0.999,-1,-1,-1
964,299,102.625,537.743,242.778,207.354,0.994,-1,-1,-1
964,342,1157.123,605.485,445.378,228.231,0.999,-1,-1,-1
965,299,101.658,540.047,240.883,209.263,0.994,-1,-1,-1
965,342,1219.915,592.930,459.271,223.090,0.999,-1,-1,-1
966,299,99.021,542.012,243.735,213.651,0.993,-1,-1,-1
966,342,1284.945,577.031,477.571,220.810,0.999,-1,-1,-1
967,299,104.056,544.449,235.238,212.456,0.992,-1,-1,-1
967,342,1341.982,566.766,475.403,217.759,0.999,-1,-1,-1
968,299,100.170,546.099,240.457,210.735,0.994,-1,-1,-1
968,342,1422.380,545.247,489.197,218.759,0.999,-1,-1,-1
969,299,94.767,552.549,246.594,205.225,0.993,-1,-1,-1
969,342,1508.111,531.872,410.932,213.005,0.997,-1,-1,-1
970,299,96.538,554.810,244.319,205.448,0.994,-1,-1,-1
970,342,1592.692,511.224,326.569,213.024,0.997,-1,-1,-1
971,299,93.662,556.052,246.096,209.109,0.995,-1,-1,-1
971,342,1660.267,500.865,259.397,205.326,0.997,-1,-1,-1
972,299,97.272,556.935,242.274,208.757,0.994,-1,-1,-1
972,342,1751.511,495.346,168.366,190.131,0.995,-1,-1,-1
973,299,94.553,557.815,243.621,212.357,0.993,-1,-1,-1
973,342,1844.900,540.167,75.141,121.547,0.983,-1,-1,-1
974,299,96.455,558.165,242.067,211.809,0.993,-1,-1,-1
974,342,1878.673,532.687,40.327,121.547,0.983,-1,-1,-1
975,299,97.606,558.189,241.217,213.526,0.992,-1,-1,-1
975,342,1903.970,529.336,15.030,121.547,0.983,-1,-1,-1
976,299,98.929,558.248,240.155,211.269,0.992,-1,-1,-1
977,299,96.486,558.531,241.316,211.644,0.991,-1,-1,-1
978,299,94.201,559.221,244.906,214.068,0.990,-1,-1,-1
979,299,96.084,559.598,243.098,213.488,0.991,-1,-1,-1
980,299,95.463,559.449,244.197,211.789,0.993,-1,-1,-1
981,299,96.404,559.255,242.587,211.522,0.990,-1,-1,-1
982,299,96.023,559.427,242.893,211.286,0.990,-1,-1,-1
983,299,96.052,559.470,242.628,211.554,0.990,-1,-1,-1
984,299,94.590,559.455,244.090,211.204,0.990,-1,-1,-1
985,299,95.147,559.043,243.673,213.914,0.991,-1,-1,-1
986,299,95.768,559.182,242.632,213.920,0.991,-1,-1,-1
987,299,96.743,559.165,241.824,214.910,0.991,-1,-1,-1
988,299,96.595,559.030,242.175,214.906,0.990,-1,-1,-1
989,299,97.863,559.016,240.986,215.400,0.991,-1,-1,-1
990,299,99.531,559.195,239.001,215.136,0.991,-1,-1,-1
991,299,100.210,559.452,238.712,215.112,0.992,-1,-1,-1
992,299,100.576,559.437,238.348,214.923,0.991,-1,-1,-1
993,299,99.665,558.464,239.987,215.027,0.991,-1,-1,-1
994,299,99.896,558.284,239.732,215.008,0.991,-1,-1,-1
995,299,98.223,558.555,241.194,214.735,0.991,-1,-1,-1
996,299,97.212,558.629,241.350,214.401,0.990,-1,-1,-1
997,299,102.814,558.830,234.940,211.898,0.989,-1,-1,-1
998,299,102.944,558.892,234.241,211.865,0.986,-1,-1,-1
999,299,101.965,558.662,235.240,211.824,0.986,-1,-1,-1
1000,299,102.869,558.461,234.490,211.745,0.989,-1,-1,-1
1001,299,108.801,558.966,228.240,211.516,0.987,-1,-1,-1
1002,299,106.097,559.150,231.402,212.007,0.989,-1,-1,-1
1003,299,105.452,558.743,231.789,212.464,0.989,-1,-1,-1
1004,299,105.437,558.799,231.740,212.665,0.987,-1,-1,-1
1005,299,104.812,558.457,232.448,213.062,0.987,-1,-1,-1
1006,299,102.330,558.031,234.532,212.894,0.988,-1,-1,-1
1007,299,103.724,557.902,233.424,213.121,0.988,-1,-1,-1
1008,299,104.557,558.244,232.710,212.694,0.989,-1,-1,-1
1009,299,105.623,557.169,231.259,215.509,0.982,-1,-1,-1
1010,299,103.901,556.980,233.014,216.748,0.985,-1,-1,-1
1011,299,103.927,557.281,233.134,216.948,0.985,-1,-1,-1
1012,299,105.396,557.111,231.566,216.829,0.985,-1,-1,-1
1013,299,106.054,557.255,231.009,216.929,0.985,-1,-1,-1
1014,299,104.656,557.488,232.431,216.846,0.986,-1,-1,-1
1015,299,105.109,557.682,231.367,215.885,0.981,-1,-1,-1
1016,299,103.714,558.077,233.211,215.893,0.986,-1,-1,-1
1017,299,102.696,558.186,234.956,215.751,0.987,-1,-1,-1
1018,299,105.925,558.286,232.015,216.728,0.986,-1,-1,-1
1019,299,102.264,558.643,235.427,215.731,0.982,-1,-1,-1
1020,299,102.625,557.734,235.832,216.979,0.987,-1,-1,-1
1021,299,98.242,557.161,239.405,217.006,0.985,-1,-1,-1
1022,299,98.462,557.389,239.365,217.079,0.985,-1,-1,-1
1023,299,98.989,557.611,238.550,216.842,0.985,-1,-1,-1
1024,299,97.981,557.254,239.786,216.973,0.988,-1,-1,-1
1025,299,97.999,557.832,238.548,214.342,0.986,-1,-1,-1
1026,299,96.039,557.916,240.946,213.914,0.984,-1,-1,-1
1027,299,98.925,558.111,238.011,213.915,0.985,-1,-1,-1
1028,299,97.501,557.945,239.539,214.313,0.986,-1,-1,-1
1029,299,98.246,557.987,240.588,214.922,0.991,-1,-1,-1
1030,299,98.706,558.273,239.874,214.070,0.991,-1,-1,-1
1031,299,98.428,559.381,236.892,213.398,0.992,-1,-1,-1
1032,299,98.479,558.406,239.868,213.584,0.992,-1,-1,-1
1033,299,95.129,557.552,245.340,215.479,0.992,-1,-1,-1
1034,299,96.192,557.761,243.836,215.216,0.992,-1,-1,-1
1035,299,96.032,557.784,242.835,214.505,0.991,-1,-1,-1
1036,299,96.455,557.485,242.588,214.576,0.991,-1,-1,-1
1037,299,97.752,557.680,243.227,214.728,0.993,-1,-1,-1
1038,299,98.603,558.065,242.614,214.193,0.994,-1,-1,-1
1039,299,100.585,557.140,241.082,214.741,0.994,-1,-1,-1
1040,299,97.236,557.692,244.564,214.053,0.994,-1,-1,-1
1041,299,100.498,558.138,240.567,213.898,0.995,-1,-1,-1
1042,299,97.805,558.747,243.261,212.907,0.994,-1,-1,-1
1043,299,92.682,559.320,248.271,213.113,0.994,-1,-1,-1
1044,299,94.255,559.659,246.628,212.492,0.993,-1,-1,-1
1045,299,96.210,559.806,244.538,212.115,0.993,-1,-1,-1
1046,299,95.390,559.615,245.437,211.923,0.993,-1,-1,-1
1047,299,95.609,559.485,245.069,212.166,0.994,-1,-1,-1
1048,299,93.835,559.658,247.130,212.369,0.993,-1,-1,-1
1049,299,97.572,558.661,243.113,211.954,0.992,-1,-1,-1
1050,299,98.340,558.626,241.481,211.338,0.991,-1,-1,-1
1051,299,98.704,558.756,240.636,211.175,0.989,-1,-1,-1
1052,299,98.202,558.582,239.489,211.158,0.991,-1,-1,-1
1053,299,97.424,558.489,240.618,211.038,0.991,-1,-1,-1
1054,299,98.230,558.389,240.086,211.120,0.992,-1,-1,-1
1055,299,98.458,558.013,240.383,211.988,0.992,-1,-1,-1
1056,299,100.504,558.645,238.423,211.404,0.994,-1,-1,-1
1057,299,98.275,557.971,241.018,216.669,0.992,-1,-1,-1
1058,299,101.243,558.124,235.967,215.181,0.761,-1,-1,-1
1059,299,96.527,557.930,240.684,215.803,0.989,-1,-1,-1
1060,299,97.028,557.649,240.601,215.977,0.989,-1,-1,-1
1061,299,97.218,557.574,241.058,216.046,0.988,-1,-1,-1
1062,299,96.878,558.595,240.477,215.517,0.990,-1,-1,-1
1063,299,97.159,558.468,239.851,214.916,0.991,-1,-1,-1
1064,299,96.785,557.589,241.405,216.225,0.989,-1,-1,-1
1065,299,97.402,557.258,240.518,216.647,0.991,-1,-1,-1
1066,299,96.821,557.145,241.152,216.460,0.991,-1,-1,-1
1067,299,97.482,557.195,240.522,216.071,0.991,-1,-1,-1
1068,299,97.512,557.019,240.406,216.232,0.991,-1,-1,-1
1069,299,96.386,557.415,241.844,214.108,0.990,-1,-1,-1
1070,299,97.248,557.512,241.023,213.988,0.990,-1,-1,-1
1071,299,97.200,557.454,240.976,214.208,0.990,-1,-1,-1
1072,299,97.849,557.376,240.331,214.223,0.991,-1,-1,-1
1073,299,95.937,557.246,242.939,216.224,0.989,-1,-1,-1
1074,299,96.167,556.970,242.836,216.729,0.988,-1,-1,-1
1075,299,96.174,557.103,242.785,216.631,0.988,-1,-1,-1
1076,299,95.885,557.135,243.145,216.821,0.988,-1,-1,-1
1077,299,96.567,556.687,242.219,217.574,0.989,-1,-1,-1
1078,299,97.845,556.912,242.102,217.505,0.994,-1,-1,-1
1079,299,96.994,557.055,243.894,217.698,0.990,-1,-1,-1
1080,299,98.753,557.162,242.113,217.342,0.991,-1,-1,-1
1081,299,100.328,557.419,238.079,214.407,0.992,-1,-1,-1
1082,299,93.387,558.463,243.823,213.513,0.984,-1,-1,-1
1083,299,99.593,557.663,240.700,213.160,0.992,-1,-1,-1
1084,299,98.267,558.093,242.603,213.155,0.993,-1,-1,-1
1085,299,96.551,558.727,244.426,212.817,0.993,-1,-1,-1
1086,299,99.163,558.887,240.947,212.019,0.993,-1,-1,-1
1087,299,97.654,558.263,242.974,213.519,0.993,-1,-1,-1
1088,299,96.210,557.660,244.265,214.645,0.993,-1,-1,-1
1089,299,95.379,557.521,242.354,214.356,0.990,-1,-1,-1
1090,299,96.518,557.528,241.625,214.513,0.988,-1,-1,-1
1091,299,97.127,557.758,240.791,214.383,0.991,-1,-1,-1
1092,299,97.861,557.668,240.523,215.231,0.989,-1,-1,-1
1093,299,96.543,557.493,241.401,215.777,0.990,-1,-1,-1
1094,299,95.580,557.126,242.036,217.098,0.985,-1,-1,-1
1095,299,96.940,556.941,239.968,218.341,0.990,-1,-1,-1
1096,299,98.382,557.534,239.735,219.649,0.991,-1,-1,-1
1097,299,100.487,559.126,236.872,216.583,0.991,-1,-1,-1
1098,299,102.098,559.170,237.001,216.529,0.991,-1,-1,-1
1099,299,100.188,560.078,237.528,217.135,0.990,-1,-1,-1
1100,299,106.185,560.716,232.628,217.199,0.988,-1,-1,-1
1101,299,107.153,563.014,236.728,214.703,0.989,-1,-1,-1
1102,299,110.163,564.078,245.765,212.536,0.993,-1,-1,-1
1103,299,116.582,562.666,253.852,216.451,0.993,-1,-1,-1
1104,299,108.479,565.493,286.983,214.187,0.991,-1,-1,-1
1105,299,123.529,563.787,303.684,215.965,0.992,-1,-1,-1
1106,299,138.386,566.558,324.956,215.404,0.993,-1,-1,-1
1107,299,148.913,567.345,345.108,219.845,0.994,-1,-1,-1
1108,299,173.859,569.720,366.177,225.451,0.995,-1,-1,-1
1109,299,199.480,573.423,400.657,225.139,0.998,-1,-1,-1
1110,299,219.274,572.483,441.128,230.688,0.999,-1,-1,-1
1111,299,233.929,572.907,479.766,231.917,0.999,-1,-1,-1
1112,299,233.952,576.911,551.095,228.114,0.999,-1,-1,-1
1113,299,270.814,576.692,596.300,228.194,0.999,-1,-1,-1
1114,299,328.261,577.310,616.854,230.902,0.999,-1,-1,-1
1115,299,375.408,576.731,634.803,232.859,0.999,-1,-1,-1
1116,299,452.312,578.213,644.789,235.640,0.999,-1,-1,-1
1117,299,534.499,579.045,647.004,235.662,0.999,-1,-1,-1
1118,299,624.368,583.462,649.323,227.966,0.998,-1,-1,-1
1119,299,695.336,586.683,643.501,227.497,0.999,-1,-1,-1
1120,299,793.700,589.196,641.173,223.537,0.999,-1,-1,-1
1121,299,891.709,584.586,637.949,224.013,0.999,-1,-1,-1
1122,299,992.636,584.211,628.958,217.390,0.999,-1,-1,-1
1123,299,1073.778,581.578,618.888,221.524,0.999,-1,-1,-1
1124,299,1174.263,578.844,599.861,220.658,0.999,-1,-1,-1
1125,299,1280.772,567.941,578.951,218.935,0.999,-1,-1,-1
1126,299,1381.107,554.565,537.234,216.143,0.999,-1,-1,-1
1127,299,1455.027,540.508,463.319,221.536,0.999,-1,-1,-1
1128,299,1552.598,529.351,365.627,216.418,0.999,-1,-1,-1
1129,299,1653.929,513.789,265.435,216.253,0.999,-1,-1,-1
1130,299,1747.747,507.166,171.989,198.285,0.997,-1,-1,-1
1131,299,1822.328,520.160,97.655,173.775,0.997,-1,-1,-1
1132,299,1859.242,511.335,59.758,173.775,0.997,-1,-1,-1
1133,299,1886.412,505.255,32.588,173.775,0.997,-1,-1,-1
1134,299,1903.337,502.307,15.663,173.775,0.997,-1,-1,-1
1135,299,1910.844,502.484,8.156,173.775,0.997,-1,-1,-1
1355,455,556.001,0.384,41.780,26.979,0.583,-1,-1,-1
1356,455,558.780,0.859,40.305,26.333,0.595,-1,-1,-1
1357,455,559.993,0.406,37.876,26.997,0.649,-1,-1,-1
1358,455,558.561,0.232,37.272,27.490,0.619,-1,-1,-1
1359,455,558.640,0.227,37.272,27.490,0.619,-1,-1,-1
1360,455,558.706,0.209,37.272,27.490,0.619,-1,-1,-1
1361,455,564.594,2.325,36.679,26.474,0.610,-1,-1,-1
1362,455,564.584,3.268,37.830,26.980,0.521,-1,-1,-1
1363,455,566.505,3.690,37.421,26.222,0.607,-1,-1,-1
1364,455,566.526,3.003,36.796,26.359,0.662,-1,-1,-1
1365,455,567.884,3.700,38.391,26.035,0.580,-1,-1,-1
1366,455,567.888,4.496,38.065,26.109,0.601,-1,-1,-1
1367,455,565.872,4.027,38.449,28.722,0.658,-1,-1,-1
1368,455,565.328,4.279,38.717,28.492,0.663,-1,-1,-1
1369,455,565.633,4.792,37.966,28.262,0.699,-1,-1,-1
1370,455,563.079,6.323,38.404,29.565,0.566,-1,-1,-1
1371,455,565.385,5.904,38.434,28.618,0.686,-1,-1,-1
1372,455,565.826,7.610,37.993,28.058,0.686,-1,-1,-1
1373,455,565.979,7.842,39.009,28.086,0.717,-1,-1,-1
1374,455,567.466,8.420,38.263,26.158,0.725,-1,-1,-1
1375,455,568.980,9.015,36.594,25.725,0.693,-1,-1,-1
1376,455,568.875,10.693,36.803,24.801,0.740,-1,-1,-1
1377,455,570.312,12.292,34.967,23.838,0.787,-1,-1,-1
1378,455,570.320,12.300,35.170,26.096,0.794,-1,-1,-1
1379,455,570.248,13.080,35.970,24.662,0.815,-1,-1,-1
1380,455,569.512,13.244,36.816,25.767,0.821,-1,-1,-1
1381,455,569.685,13.444,37.480,26.755,0.819,-1,-1,-1
1382,455,569.402,14.558,37.293,25.365,0.830,-1,-1,-1
1383,455,568.759,14.363,38.088,26.624,0.815,-1,-1,-1
1384,455,568.463,16.474,37.893,25.374,0.766,-1,-1,-1
1385,455,567.958,17.110,37.646,25.599,0.610,-1,-1,-1
1386,455,569.167,19.511,35.266,23.876,0.555,-1,-1,-1
1387,455,570.431,20.132,34.199,23.217,0.512,-1,-1,-1
1388,455,571.947,22.053,33.765,22.093,0.613,-1,-1,-1
1389,455,573.443,22.962,32.974,20.980,0.652,-1,-1,-1
1390,455,574.508,22.745,32.041,21.550,0.704,-1,-1,-1
1391,455,573.077,24.369,32.939,21.687,0.682,-1,-1,-1
1392,455,574.210,24.926,31.976,21.245,0.740,-1,-1,-1
1393,455,570.920,24.265,36.536,23.939,0.936,-1,-1,-1
1394,455,570.574,24.311,38.084,24.854,0.924,-1,-1,-1
1395,455,570.881,24.731,38.127,24.532,0.936,-1,-1,-1
1396,455,570.731,24.797,39.626,25.566,0.955,-1,-1,-1
1397,455,571.312,25.101,38.581,26.178,0.943,-1,-1,-1
1398,455,571.134,25.747,39.570,26.850,0.954,-1,-1,-1
1399,455,571.519,26.686,39.153,26.483,0.954,-1,-1,-1
1400,455,571.130,27.610,39.523,26.981,0.947,-1,-1,-1
1401,455,571.775,28.227,38.789,27.199,0.964,-1,-1,-1
1402,455,572.416,29.756,38.263,25.877,0.962,-1,-1,-1
1403,455,573.328,31.351,37.130,24.872,0.961,-1,-1,-1
1404,455,573.981,30.923,38.174,26.953,0.952,-1,-1,-1
1405,455,576.373,31.630,38.234,26.394,0.949,-1,-1,-1
1406,455,576.052,31.111,39.993,28.472,0.934,-1,-1,-1
1407,455,576.239,31.351,39.513,28.882,0.940,-1,-1,-1
1408,455,576.236,31.197,39.952,30.723,0.951,-1,-1,-1
1409,455,576.344,32.816,40.595,31.262,0.943,-1,-1,-1
1410,455,576.037,34.172,40.738,30.406,0.937,-1,-1,-1
1411,455,575.931,35.515,39.845,28.690,0.928,-1,-1,-1
1412,455,577.021,37.039,38.250,27.580,0.811,-1,-1,-1
1413,455,577.106,37.481,38.329,28.103,0.773,-1,-1,-1
1414,455,576.284,38.139,39.439,28.789,0.918,-1,-1,-1
1415,455,576.094,40.257,38.605,27.760,0.915,-1,-1,-1
1416,455,576.857,41.066,39.159,28.866,0.913,-1,-1,-1
1417,455,577.276,43.372,38.145,26.870,0.909,-1,-1,-1
1418,455,577.134,43.267,39.278,27.690,0.918,-1,-1,-1
1419,455,578.860,43.072,38.779,30.246,0.916,-1,-1,-1
1420,455,580.433,44.996,39.365,28.258,0.907,-1,-1,-1
1421,455,580.913,47.311,40.686,27.774,0.922,-1,-1,-1
1422,455,581.324,48.261,39.628,28.695,0.922,-1,-1,-1
1423,455,582.432,48.933,40.094,28.459,0.905,-1,-1,-1
1424,455,582.404,49.052,40.600,30.653,0.895,-1,-1,-1
1425,455,582.949,51.129,40.651,30.570,0.887,-1,-1,-1
1426,455,581.843,51.016,42.855,32.882,0.866,-1,-1,-1
1427,455,581.647,51.250,42.607,33.841,0.860,-1,-1,-1
1428,455,581.543,52.573,42.327,34.481,0.811,-1,-1,-1
1429,455,581.455,53.931,42.832,34.451,0.829,-1,-1,-1
1430,455,580.335,55.227,43.560,33.658,0.875,-1,-1,-1
1431,455,581.103,56.364,43.339,33.747,0.841,-1,-1,-1
1432,455,580.946,56.938,43.294,34.588,0.839,-1,-1,-1
1433,455,581.150,56.944,43.269,34.723,0.837,-1,-1,-1
1434,455,580.603,58.171,44.254,33.793,0.865,-1,-1,-1
1435,455,579.816,58.779,42.880,34.327,0.853,-1,-1,-1
1436,455,580.943,59.650,41.567,34.272,0.898,-1,-1,-1
1437,455,580.357,62.584,42.685,33.260,0.931,-1,-1,-1
1438,455,580.521,63.336,43.242,34.875,0.909,-1,-1,-1
1439,455,581.362,65.844,41.711,33.931,0.928,-1,-1,-1
1440,455,581.263,66.747,44.149,34.829,0.898,-1,-1,-1
1441,455,581.465,68.170,45.126,35.978,0.916,-1,-1,-1
1442,455,580.573,69.958,45.277,34.977,0.870,-1,-1,-1
1443,455,582.384,70.495,43.622,34.202,0.880,-1,-1,-1
1444,455,583.347,71.524,45.559,35.182,0.886,-1,-1,-1
1445,455,583.251,73.200,46.443,34.595,0.886,-1,-1,-1
1446,455,583.502,73.025,44.211,34.312,0.893,-1,-1,-1
1447,455,584.355,73.150,44.442,34.755,0.886,-1,-1,-1
1448,455,583.730,74.163,46.154,34.815,0.844,-1,-1,-1
1449,455,581.745,76.267,50.478,35.112,0.898,-1,-1,-1
1450,455,582.481,77.169,47.951,34.864,0.920,-1,-1,-1
1451,455,580.182,77.262,49.286,35.743,0.923,-1,-1,-1
1452,455,578.575,79.545,51.192,36.118,0.901,-1,-1,-1
1453,455,579.260,81.425,49.856,35.368,0.931,-1,-1,-1
1454,455,578.737,82.142,50.575,37.283,0.897,-1,-1,-1
1455,455,578.652,84.479,50.923,36.447,0.910,-1,-1,-1
1456,455,578.192,85.400,52.352,37.851,0.928,-1,-1,-1
1457,455,576.292,86.167,53.106,39.105,0.920,-1,-1,-1
1458,455,575.689,87.633,52.189,39.870,0.931,-1,-1,-1
1459,455,575.446,88.794,51.961,40.004,0.935,-1,-1,-1
1460,455,574.875,91.628,53.116,39.712,0.957,-1,-1,-1
1461,455,574.963,92.141,52.733,41.701,0.955,-1,-1,-1
1462,455,573.632,93.994,52.741,42.079,0.964,-1,-1,-1
1463,455,573.906,95.572,53.699,41.853,0.952,-1,-1,-1
1464,455,573.982,97.712,53.985,42.504,0.966,-1,-1,-1
1465,455,573.189,99.171,55.428,43.182,0.963,-1,-1,-1
1466,455,573.068,99.564,55.514,44.747,0.966,-1,-1,-1
1467,455,572.885,101.713,56.198,44.315,0.968,-1,-1,-1
1468,455,572.740,103.285,56.127,44.406,0.969,-1,-1,-1
1469,455,572.960,105.138,56.030,45.419,0.971,-1,-1,-1
1470,455,574.146,106.470,54.966,46.094,0.972,-1,-1,-1
1471,455,573.852,108.339,55.094,45.537,0.968,-1,-1,-1
1472,455,573.403,110.810,54.967,44.836,0.970,-1,-1,-1
1473,455,574.393,113.573,54.470,42.688,0.971,-1,-1,-1
1474,455,573.135,115.017,56.849,43.453,0.969,-1,-1,-1
1475,455,572.320,117.186,57.239,43.883,0.971,-1,-1,-1
1476,455,570.625,118.232,59.480,44.535,0.961,-1,-1,-1
1477,455,570.367,119.725,58.943,45.734,0.950,-1,-1,-1
1478,455,568.930,121.305,61.088,46.001,0.961,-1,-1,-1
1479,455,567.932,122.167,58.926,47.078,0.965,-1,-1,-1
1480,455,567.714,123.782,60.025,49.661,0.957,-1,-1,-1
1481,455,567.836,126.423,57.646,49.681,0.970,-1,-1,-1
1482,455,568.014,128.438,58.758,51.452,0.970,-1,-1,-1
1483,455,567.640,129.315,59.238,52.891,0.973,-1,-1,-1
1484,455,567.682,131.164,55.821,51.472,0.977,-1,-1,-1
1485,455,567.918,133.362,55.764,50.697,0.829,-1,-1,-1
1486,455,566.338,135.867,57.112,50.400,0.981,-1,-1,-1
1487,455,565.718,136.856,57.078,51.706,0.984,-1,-1,-1
1488,455,564.395,139.605,57.655,51.877,0.984,-1,-1,-1
1489,455,564.086,143.104,56.707,50.830,0.981,-1,-1,-1
1490,455,562.571,146.597,59.269,49.813,0.976,-1,-1,-1
1491,455,563.145,147.226,60.141,49.710,0.977,-1,-1,-1
1492,455,560.483,148.926,62.852,52.569,0.980,-1,-1,-1
1493,455,559.725,152.873,65.945,51.998,0.982,-1,-1,-1
1494,455,560.223,156.904,63.531,50.972,0.981,-1,-1,-1
1495,455,559.797,158.169,63.800,52.723,0.982,-1,-1,-1
1496,455,558.781,161.510,64.249,54.623,0.983,-1,-1,-1
1497,455,558.363,164.225,64.715,54.370,0.983,-1,-1,-1
1498,455,558.858,166.902,64.530,55.273,0.984,-1,-1,-1
1499,455,557.174,170.055,66.696,56.344,0.986,-1,-1,-1
1500,455,556.453,173.648,68.044,56.237,0.984,-1,-1,-1
1501,455,556.065,178.009,66.457,55.646,0.980,-1,-1,-1
1502,455,554.843,179.766,67.298,56.835,0.975,-1,-1,-1
1503,455,553.856,183.024,67.100,56.388,0.975,-1,-1,-1
1504,455,553.132,185.932,66.649,55.087,0.977,-1,-1,-1
1505,455,552.170,189.298,67.440,54.746,0.972,-1,-1,-1
1506,455,550.748,193.823,72.772,56.278,0.977,-1,-1,-1
1507,455,551.699,195.578,72.395,58.314,0.970,-1,-1,-1
1508,455,552.329,201.902,71.548,55.664,0.980,-1,-1,-1
1509,455,552.311,206.245,71.237,56.241,0.974,-1,-1,-1
1510,455,551.625,208.590,73.754,57.487,0.973,-1,-1,-1
1511,455,551.982,210.521,74.497,58.019,0.966,-1,-1,-1
1512,455,552.972,213.452,73.603,58.898,0.970,-1,-1,-1
1513,455,552.201,216.032,74.912,59.554,0.960,-1,-1,-1
1514,455,553.513,219.948,74.014,60.912,0.977,-1,-1,-1
1515,455,554.448,223.519,73.210,60.912,0.968,-1,-1,-1
1516,455,554.572,228.657,75.701,59.247,0.980,-1,-1,-1
1517,455,553.661,229.438,76.258,60.873,0.982,-1,-1,-1
1518,455,552.078,232.455,80.120,62.512,0.981,-1,-1,-1
1519,455,551.584,234.550,81.317,62.716,0.965,-1,-1,-1
1520,455,550.470,237.674,83.429,63.883,0.974,-1,-1,-1
1521,455,551.997,241.358,81.604,62.175,0.982,-1,-1,-1
1522,455,551.962,245.172,82.088,61.963,0.970,-1,-1,-1
1523,455,551.836,248.098,80.378,60.489,0.954,-1,-1,-1
1524,455,552.564,249.346,80.104,61.982,0.961,-1,-1,-1
1525,455,553.495,253.435,79.900,61.372,0.972,-1,-1,-1
1526,455,552.603,254.795,78.596,62.760,0.962,-1,-1,-1
1527,455,551.059,255.836,82.467,65.255,0.977,-1,-1,-1
1528,455,551.068,258.676,81.036,65.980,0.974,-1,-1,-1
1529,455,551.244,261.784,82.042,67.077,0.976,-1,-1,-1
1530,455,549.613,264.531,83.710,68.070,0.962,-1,-1,-1
1531,455,548.340,266.599,84.143,66.180,0.968,-1,-1,-1
1532,455,545.044,270.382,87.673,67.623,0.965,-1,-1,-1
1533,455,543.208,273.359,89.442,68.365,0.980,-1,-1,-1
1534,455,541.581,277.803,89.911,67.896,0.982,-1,-1,-1
1535,455,541.115,277.143,89.916,70.183,0.980,-1,-1,-1
1536,455,540.027,278.826,88.485,71.542,0.987,-1,-1,-1
1537,455,538.736,280.970,91.909,73.033,0.989,-1,-1,-1
1538,455,537.967,282.980,92.353,72.404,0.985,-1,-1,-1
1539,455,538.211,285.201,92.238,72.208,0.983,-1,-1,-1
1540,455,533.896,286.806,94.332,71.434,0.989,-1,-1,-1
1541,455,533.339,288.398,96.676,73.663,0.990,-1,-1,-1
1542,455,533.019,290.521,97.381,74.203,0.989,-1,-1,-1
1543,455,531.730,292.378,98.319,73.915,0.982,-1,-1,-1
1544,455,530.510,294.378,97.110,73.664,0.990,-1,-1,-1
1545,455,529.341,296.042,99.894,77.524,0.981,-1,-1,-1
1546,455,527.400,296.644,102.485,78.431,0.986,-1,-1,-1
1547,455,526.326,298.469,104.329,78.853,0.985,-1,-1,-1
1548,455,526.992,304.731,101.635,74.361,0.986,-1,-1,-1
1549,455,524.497,305.669,106.994,77.247,0.986,-1,-1,-1
1550,455,522.765,306.101,107.374,78.283,0.759,-1,-1,-1
1551,455,519.683,306.898,110.063,80.292,0.972,-1,-1,-1
1552,455,517.060,308.275,114.044,82.172,0.966,-1,-1,-1
1553,455,517.046,312.151,117.378,82.873,0.982,-1,-1,-1
1554,455,516.807,311.980,115.768,86.086,0.983,-1,-1,-1
1555,455,515.707,314.498,118.124,85.009,0.981,-1,-1,-1
1556,455,514.698,316.039,117.603,87.826,0.981,-1,-1,-1
1557,455,513.490,317.596,118.092,89.885,0.992,-1,-1,-1
1558,455,512.448,318.581,122.203,94.091,0.982,-1,-1,-1
1559,455,512.258,322.454,126.565,91.944,0.987,-1,-1,-1
1560,455,511.100,322.912,127.644,94.262,0.990,-1,-1,-1
1561,455,511.411,327.446,127.843,94.288,0.991,-1,-1,-1
1562,455,508.796,327.223,131.216,99.565,0.983,-1,-1,-1
1563,455,507.948,330.363,130.404,98.290,0.983,-1,-1,-1
1564,455,506.725,332.410,131.924,100.443,0.982,-1,-1,-1
1565,455,508.534,335.409,130.853,101.689,0.983,-1,-1,-1
1566,455,508.476,336.218,130.978,103.423,0.990,-1,-1,-1
1567,455,504.897,339.119,133.908,103.468,0.990,-1,-1,-1
1568,455,503.135,341.622,136.487,104.772,0.994,-1,-1,-1
1569,455,501.641,345.032,138.086,103.927,0.992,-1,-1,-1
1570,455,497.486,347.481,141.812,107.574,0.994,-1,-1,-1
1571,455,496.740,347.385,142.126,106.718,0.996,-1,-1,-1
1572,455,493.643,350.090,144.266,109.492,0.993,-1,-1,-1
1573,455,492.708,353.525,143.312,111.996,0.995,-1,-1,-1
1574,455,491.918,352.929,146.198,118.578,0.992,-1,-1,-1
1575,455,492.490,358.554,145.091,117.710,0.995,-1,-1,-1
1576,455,489.684,361.186,148.651,120.565,0.994,-1,-1,-1
1577,455,484.721,361.428,150.005,126.652,0.994,-1,-1,-1
1578,455,483.368,367.127,152.024,125.252,0.996,-1,-1,-1
1579,455,479.686,370.766,152.491,122.552,0.996,-1,-1,-1
1580,455,476.757,373.519,155.078,124.726,0.996,-1,-1,-1
1581,455,472.185,373.797,159.181,133.099,0.995,-1,-1,-1
1582,455,468.779,378.018,165.054,135.510,0.994,-1,-1,-1
1583,455,468.504,379.754,162.998,137.459,0.995,-1,-1,-1
1584,455,466.908,385.924,165.005,139.065,0.993,-1,-1,-1
1585,455,465.581,398.649,165.777,132.938,0.992,-1,-1,-1
1586,455,461.251,388.193,170.783,147.930,0.995,-1,-1,-1
1587,455,458.741,390.806,173.918,145.021,0.995,-1,-1,-1
1588,455,457.128,394.703,178.293,146.126,0.997,-1,-1,-1
1589,455,452.923,399.993,178.903,143.416,0.997,-1,-1,-1
1590,455,447.468,402.325,186.053,150.812,0.996,-1,-1,-1
1591,455,444.040,405.699,189.807,152.517,0.997,-1,-1,-1
1592,455,440.283,408.215,196.176,162.917,0.996,-1,-1,-1
1593,455,437.320,414.104,202.148,166.405,0.997,-1,-1,-1
1594,455,437.082,417.514,201.644,168.016,0.997,-1,-1,-1
1595,455,436.761,420.178,205.853,166.070,0.996,-1,-1,-1
1596,455,435.258,426.603,206.477,164.436,0.994,-1,-1,-1
1597,455,433.662,426.310,216.581,174.941,0.997,-1,-1,-1
1598,455,435.344,427.932,221.135,177.396,0.998,-1,-1,-1
1599,455,439.069,432.248,223.679,175.602,0.998,-1,-1,-1
1600,455,446.065,435.434,230.719,181.788,0.998,-1,-1,-1
1601,455,448.930,440.473,245.189,180.510,0.999,-1,-1,-1
1602,455,455.966,441.049,255.566,189.192,0.999,-1,-1,-1
1603,455,460.144,444.824,270.283,189.137,0.999,-1,-1,-1
1604,455,471.507,449.588,286.614,192.116,0.998,-1,-1,-1
1605,455,483.501,452.084,306.874,199.728,0.999,-1,-1,-1
1606,455,496.587,455.957,329.101,198.954,0.999,-1,-1,-1
1607,455,513.531,461.346,342.688,192.981,0.999,-1,-1,-1
1608,455,537.849,459.150,364.177,204.562,0.999,-1,-1,-1
1609,455,558.426,460.226,402.043,211.202,0.999,-1,-1,-1
1610,455,591.845,461.135,430.106,219.431,0.998,-1,-1,-1
1611,455,617.477,466.578,454.487,219.456,0.998,-1,-1,-1
1612,455,663.976,473.696,475.879,216.321,0.999,-1,-1,-1
1613,455,711.080,479.029,503.368,217.137,0.999,-1,-1,-1
1614,455,764.670,482.139,529.319,219.844,0.999,-1,-1,-1
1615,455,807.117,484.050,549.283,221.314,0.999,-1,-1,-1
1616,455,876.203,483.276,565.996,221.236,0.999,-1,-1,-1
1617,455,948.565,485.529,575.443,215.458,0.999,-1,-1,-1
1618,455,1021.459,485.553,592.108,213.300,0.999,-1,-1,-1
1619,455,1079.664,485.507,599.639,213.815,0.999,-1,-1,-1
1620,455,1155.831,480.145,604.862,214.950,0.999,-1,-1,-1
1621,455,1235.339,472.739,605.310,220.917,0.999,-1,-1,-1
1622,455,1316.138,466.524,601.818,225.124,0.999,-1,-1,-1
1623,455,1375.595,461.334,543.518,227.558,0.999,-1,-1,-1
1624,455,1452.731,455.859,466.557,228.113,0.998,-1,-1,-1
1625,455,1541.245,447.522,378.089,226.544,0.998,-1,-1,-1
1626,455,1622.447,441.574,297.573,223.965,0.999,-1,-1,-1
1627,455,1686.746,437.028,233.121,223.957,0.998,-1,-1,-1
1628,455,1769.925,438.571,150.029,207.652,0.997,-1,-1,-1
1629,455,1854.423,454.358,65.578,158.842,0.992,-1,-1,-1
1630,455,1885.812,448.966,33.188,158.842,0.992,-1,-1,-1
1631,455,1909.014,445.024,9.986,158.842,0.992,-1,-1,-1
