209,7,0.108,1079.558,187.263,360.289,0.995,-1,-1,-1
210,7,1.765,994.937,575.333,581.763,0.999,-1,-1,-1
211,7,2.198,986.929,1003.276,643.339,1.000,-1,-1,-1
212,7,12.242,1025.606,1434.962,663.076,1.000,-1,-1,-1
213,7,479.942,1073.899,1464.131,660.005,1.000,-1,-1,-1
214,7,965.161,1102.523,1492.692,672.124,0.999,-1,-1,-1
215,7,1453.414,1142.213,1101.724,618.198,0.999,-1,-1,-1
216,7,1907.011,1175.908,649.925,614.664,0.999,-1,-1,-1
217,7,2318.189,1210.746,240.811,614.664,0.999,-1,-1,-1
392,11,2499.693,880.691,60.306,139.637,0.929,-1,-1,-1
393,11,2442.453,851.416,117.575,167.779,0.988,-1,-1,-1
394,11,2400.071,838.173,159.967,189.309,0.995,-1,-1,-1
395,11,2347.360,846.436,212.221,180.887,0.994,-1,-1,-1
396,11,2297.262,841.690,251.147,184.225,0.997,-1,-1,-1
397,11,2236.573,845.315,270.850,175.959,0.997,-1,-1,-1
398,11,2186.304,835.232,269.356,180.894,0.996,-1,-1,-1
399,11,2113.205,834.381,290.017,178.066,0.997,-1,-1,-1
400,11,2079.033,828.585,273.985,177.936,0.998,-1,-1,-1
401,11,2026.709,818.153,268.888,182.647,0.997,-1,-1,-1
402,11,1972.752,820.474,265.397,176.408,0.995,-1,-1,-1
403,11,1917.496,810.313,272.245,183.697,0.997,-1,-1,-1
404,11,1866.303,816.189,262.402,172.144,0.998,-1,-1,-1
405,11,1810.911,793.422,268.991,190.611,0.997,-1,-1,-1
406,11,1755.446,808.285,273.677,171.679,0.998,-1,-1,-1
407,11,1715.681,783.394,254.034,187.643,0.998,-1,-1,-1
408,11,1655.818,787.318,258.268,180.102,0.998,-1,-1,-1
409,11,1598.016,791.697,266.958,170.006,0.996,-1,-1,-1
410,11,1542.670,788.868,265.516,174.483,0.998,-1,-1,-1
411,11,1506.680,781.822,247.585,175.045,0.998,-1,-1,-1
412,11,1436.948,781.637,268.330,167.013,0.999,-1,-1,-1
413,11,1381.717,772.917,265.384,170.455,0.999,-1,-1,-1
414,11,1335.486,751.629,253.287,182.046,0.999,-1,-1,-1
415,11,1282.742,760.184,254.672,169.921,0.998,-1,-1,-1
416,11,1222.674,761.231,261.030,167.044,0.999,-1,-1,-1
417,11,1170.786,738.440,262.852,188.054,0.999,-1,-1,-1
418,11,1119.242,759.107,258.438,163.002,0.999,-1,-1,-1
419,11,1064.763,748.442,264.492,168.030,0.998,-1,-1,-1
420,11,1016.034,740.098,263.284,173.291,0.998,-1,-1,-1
421,11,968.811,739.670,253.491,167.181,0.998,-1,-1,-1
422,11,912.676,731.370,255.913,174.328,0.997,-1,-1,-1
423,11,870.063,726.279,246.697,175.114,0.998,-1,-1,-1
424,11,821.430,725.775,238.802,170.578,0.998,-1,-1,-1
425,11,766.162,727.646,247.896,161.293,0.998,-1,-1,-1
426,11,731.283,721.078,228.336,164.137,0.998,-1,-1,-1
427,11,674.617,706.490,243.146,174.371,0.999,-1,-1,-1
428,11,630.393,709.735,241.839,161.733,0.998,-1,-1,-1
429,11,579.886,700.083,243.342,162.450,0.998,-1,-1,-1
430,11,534.626,701.397,242.357,164.453,0.997,-1,-1,-1
431,11,497.139,700.153,236.487,158.398,0.998,-1,-1,-1
432,11,446.067,695.926,235.513,158.877,0.999,-1,-1,-1
433,11,399.680,692.161,233.327,159.625,0.997,-1,-1,-1
434,11,356.184,684.307,228.931,163.105,0.998,-1,-1,-1
435,11,311.700,681.739,224.649,162.292,0.997,-1,-1,-1
436,11,268.462,672.437,228.109,169.230,0.997,-1,-1,-1
437,11,219.188,669.212,230.771,167.311,0.996,-1,-1,-1
438,11,181.478,666.850,225.038,164.718,0.997,-1,-1,-1
439,11,133.555,662.089,224.939,162.996,0.998,-1,-1,-1
440,11,99.575,665.385,216.373,153.462,0.996,-1,-1,-1
441,11,53.964,656.197,217.490,158.700,0.996,-1,-1,-1
442,11,10.941,654.164,213.317,155.389,0.995,-1,-1,-1
443,11,0.351,643.419,184.738,167.655,0.997,-1,-1,-1
444,11,0.055,661.670,136.845,146.214,0.995,-1,-1,-1
445,11,0.148,650.776,99.995,148.333,0.991,-1,-1,-1
446,11,0.049,679.748,56.519,117.920,0.978,-1,-1,-1
447,11,0.000,680.298,29.570,117.920,0.978,-1,-1,-1
448,11,0.000,681.786,7.547,117.920,0.978,-1,-1,-1
659,17,2317.259,889.734,242.539,306.109,0.994,-1,-1,-1
660,17,2088.521,843.921,470.166,340.329,0.998,-1,-1,-1
661,17,1844.904,828.541,714.213,359.790,0.998,-1,-1,-1
662,17,1616.892,809.833,823.550,366.061,0.999,-1,-1,-1
663,17,1363.956,791.654,816.398,370.379,0.999,-1,-1,-1
664,17,1123.826,766.485,799.859,369.348,1.000,-1,-1,-1
665,17,884.623,756.513,793.137,355.499,0.999,-1,-1,-1
666,17,651.478,746.017,768.774,340.792,0.999,-1,-1,-1
667,17,414.469,726.339,771.873,340.527,0.999,-1,-1,-1
668,17,191.461,711.603,761.072,332.060,0.999,-1,-1,-1
669,17,1.840,694.795,735.077,326.218,0.999,-1,-1,-1
670,17,-0.523,678.430,521.307,321.203,0.998,-1,-1,-1
692,20,110.251,395.692,85.297,87.176,0.801,-1,-1,-1
693,20,138.944,407.358,107.190,78.197,0.984,-1,-1,-1
694,20,189.455,410.322,109.284,79.742,0.880,-1,-1,-1
695,20,236.528,415.808,109.284,79.742,0.880,-1,-1,-1
695,21,2459.193,942.673,100.826,180.035,0.986,-1,-1,-1
696,20,295.427,425.648,106.164,77.032,0.976,-1,-1,-1
696,21,2221.069,867.138,338.766,304.458,0.997,-1,-1,-1
697,20,343.087,423.485,101.211,82.176,0.982,-1,-1,-1
697,21,1993.043,834.210,566.114,324.913,0.999,-1,-1,-1
698,20,394.531,430.684,104.913,83.546,0.831,-1,-1,-1
698,21,1755.653,812.202,802.569,360.988,0.999,-1,-1,-1
699,20,445.089,431.987,114.542,86.492,0.960,-1,-1,-1
699,21,1513.565,795.239,970.186,357.755,0.999,-1,-1,-1
700,20,498.545,439.681,103.282,82.224,0.988,-1,-1,-1
700,21,1275.452,782.563,956.300,353.918,1.000,-1,-1,-1
701,20,546.111,451.986,103.353,75.968,0.961,-1,-1,-1
701,21,1043.017,761.352,935.754,347.857,1.000,-1,-1,-1
702,20,598.638,458.714,89.841,75.314,0.957,-1,-1,-1
702,21,813.875,750.682,916.357,327.464,1.000,-1,-1,-1
703,20,639.487,465.956,86.372,76.019,0.915,-1,-1,-1
703,21,598.509,729.599,894.768,331.544,1.000,-1,-1,-1
704,20,669.609,467.764,98.463,82.886,0.922,-1,-1,-1
704,21,383.191,715.276,880.942,323.025,0.999,-1,-1,-1
705,20,708.747,473.571,97.116,84.001,0.982,-1,-1,-1
705,21,172.465,702.587,871.581,313.892,0.999,-1,-1,-1
706,20,744.277,481.263,102.263,85.081,0.989,-1,-1,-1
706,21,2.514,681.201,831.465,316.766,0.999,-1,-1,-1
707,20,786.575,486.220,110.505,87.237,0.990,-1,-1,-1
707,21,-0.086,658.469,618.294,319.173,0.998,-1,-1,-1
708,20,824.818,485.155,121.835,94.365,0.967,-1,-1,-1
708,21,-0.441,651.063,416.797,301.028,0.997,-1,-1,-1
709,20,868.061,496.706,115.794,89.138,0.998,-1,-1,-1
709,21,-0.395,639.888,234.829,265.809,0.995,-1,-1,-1
710,20,911.639,496.583,105.145,93.344,0.995,-1,-1,-1
710,21,0.000,619.865,96.473,265.809,0.995,-1,-1,-1
711,20,954.981,512.975,91.844,85.194,0.995,-1,-1,-1
712,20,994.029,520.387,81.569,81.584,0.992,-1,-1,-1
713,20,1018.642,531.331,90.640,79.842,0.994,-1,-1,-1
714,20,1042.154,529.859,104.672,84.469,0.996,-1,-1,-1
715,20,1073.212,539.199,107.759,80.249,0.991,-1,-1,-1
716,20,1108.375,533.373,110.798,91.867,0.994,-1,-1,-1
717,20,1132.730,548.451,122.951,84.792,0.997,-1,-1,-1
718,20,1163.016,543.774,132.911,95.301,0.992,-1,-1,-1
719,20,1200.868,550.346,131.616,92.073,0.996,-1,-1,-1
720,20,1233.321,554.279,143.272,96.880,0.998,-1,-1,-1
721,20,1275.297,555.721,134.170,97.538,0.990,-1,-1,-1
722,20,1314.129,547.912,136.260,106.734,0.995,-1,-1,-1
723,20,1355.805,555.869,109.596,99.428,0.739,-1,-1,-1
724,20,1394.411,553.876,136.209,106.968,0.973,-1,-1,-1
725,20,1430.532,550.240,132.592,109.177,0.876,-1,-1,-1
726,20,1488.309,546.490,108.944,106.915,0.993,-1,-1,-1
727,20,1499.114,544.468,116.849,110.427,0.987,-1,-1,-1
728,20,1520.870,553.963,112.352,98.531,0.996,-1,-1,-1
729,20,1546.791,551.853,96.002,96.459,0.997,-1,-1,-1
730,20,1556.199,535.217,95.305,107.507,0.823,-1,-1,-1
731,20,1570.716,532.590,95.305,107.507,0.823,-1,-1,-1
732,20,1596.405,539.240,61.018,94.509,0.975,-1,-1,-1
733,20,1606.284,535.683,61.018,94.509,0.975,-1,-1,-1
734,20,1612.615,532.744,61.018,94.509,0.975,-1,-1,-1
735,20,1617.124,531.985,61.018,94.509,0.975,-1,-1,-1
735,26,2343.948,912.149,215.908,256.237,0.992,-1,-1,-1
736,20,1619.330,531.612,61.018,94.509,0.975,-1,-1,-1
736,26,2118.334,830.316,440.749,347.330,0.999,-1,-1,-1
737,26,1900.889,821.529,657.107,342.287,0.999,-1,-1,-1
737,27,1537.243,526.095,87.027,91.409,0.699,-1,-1,-1
738,26,1661.743,801.302,897.082,371.053,0.999,-1,-1,-1
738,27,1525.192,524.417,87.027,91.409,0.699,-1,-1,-1
739,26,1429.584,785.185,954.728,369.963,0.999,-1,-1,-1
739,27,1511.670,522.024,87.027,91.409,0.699,-1,-1,-1
740,26,1182.332,773.193,952.173,361.663,1.000,-1,-1,-1
740,27,1496.719,518.480,87.027,91.409,0.699,-1,-1,-1
741,26,956.244,752.739,927.752,359.680,1.000,-1,-1,-1
741,27,1485.465,515.774,87.027,91.409,0.699,-1,-1,-1
742,26,724.506,743.166,913.866,339.164,0.999,-1,-1,-1
742,27,1439.477,474.591,114.236,111.512,0.869,-1,-1,-1
743,26,492.501,718.979,908.967,347.738,0.999,-1,-1,-1
743,27,1410.573,474.457,79.547,96.809,0.956,-1,-1,-1
744,26,275.477,703.969,895.880,342.149,0.999,-1,-1,-1
744,27,1391.256,465.481,79.547,96.809,0.956,-1,-1,-1
745,26,60.594,693.103,881.257,332.325,0.999,-1,-1,-1
745,27,1371.902,485.002,104.859,81.561,0.900,-1,-1,-1
746,26,1.208,673.441,734.011,337.126,0.999,-1,-1,-1
746,27,1350.820,478.069,104.037,92.397,0.860,-1,-1,-1
747,26,-1.009,654.037,534.315,331.834,0.998,-1,-1,-1
747,27,1314.940,481.389,121.117,88.942,0.971,-1,-1,-1
748,27,1295.239,480.900,117.889,92.599,0.994,-1,-1,-1
749,27,1272.820,479.079,115.819,87.097,0.992,-1,-1,-1
750,27,1258.498,473.828,111.979,85.910,0.866,-1,-1,-1
751,27,1232.358,467.790,121.910,90.224,0.941,-1,-1,-1
752,27,1217.464,473.416,120.987,83.082,0.995,-1,-1,-1
752,33,0.213,956.981,235.523,440.594,0.996,-1,-1,-1
753,27,1205.167,472.722,101.380,71.585,0.984,-1,-1,-1
753,33,0.398,868.396,457.249,674.600,0.998,-1,-1,-1
754,27,1189.147,472.006,94.436,73.207,0.991,-1,-1,-1
754,33,1.916,826.866,681.675,744.249,0.996,-1,-1,-1
755,27,1162.727,471.884,104.030,73.346,0.991,-1,-1,-1
755,33,1.614,822.857,923.305,770.786,0.976,-1,-1,-1
756,27,1135.947,471.541,100.165,74.955,0.996,-1,-1,-1
756,33,3.209,849.172,1156.688,788.936,0.718,-1,-1,-1
757,27,1117.179,468.534,94.037,75.464,0.996,-1,-1,-1
757,33,152.431,866.809,1156.688,788.936,0.718,-1,-1,-1
758,27,1093.114,470.766,97.293,71.899,0.989,-1,-1,-1
758,33,337.567,882.874,1156.688,788.936,0.718,-1,-1,-1
759,27,1065.937,468.851,97.772,66.150,0.990,-1,-1,-1
759,33,559.019,904.234,1156.688,788.936,0.718,-1,-1,-1
760,27,1041.733,463.156,99.112,69.179,0.995,-1,-1,-1
760,33,815.778,927.532,1156.688,788.936,0.718,-1,-1,-1
761,27,1012.776,454.023,105.293,73.678,0.995,-1,-1,-1
762,27,991.744,461.386,105.617,67.578,0.994,-1,-1,-1
763,27,963.858,450.569,102.076,71.075,0.991,-1,-1,-1
764,27,943.363,449.328,93.632,72.737,0.998,-1,-1,-1
764,34,1529.973,964.171,1031.891,736.405,0.657,-1,-1,-1
765,27,918.247,447.752,97.920,69.407,0.997,-1,-1,-1
765,34,1757.565,1020.351,800.636,686.651,0.535,-1,-1,-1
766,27,896.355,436.883,92.847,77.298,0.989,-1,-1,-1
766,34,1985.123,1043.269,572.100,673.193,0.543,-1,-1,-1
767,27,872.553,432.597,87.092,79.635,0.991,-1,-1,-1
767,34,2220.327,1048.982,339.146,508.960,0.900,-1,-1,-1
768,27,846.513,435.883,93.931,73.227,0.990,-1,-1,-1
768,34,2452.530,1068.189,107.522,343.654,0.980,-1,-1,-1
769,27,819.193,432.526,88.974,73.112,0.975,-1,-1,-1
770,27,794.752,426.809,97.183,76.377,0.988,-1,-1,-1
771,27,771.651,425.194,95.058,77.151,0.986,-1,-1,-1
772,27,753.800,421.128,90.441,75.011,0.767,-1,-1,-1
773,27,732.046,422.250,84.942,74.600,0.987,-1,-1,-1
774,27,712.429,422.795,92.858,69.534,0.886,-1,-1,-1
775,27,689.318,422.764,90.765,67.497,0.985,-1,-1,-1
776,27,670.159,419.384,89.349,70.515,0.983,-1,-1,-1
777,27,649.788,416.574,89.019,71.060,0.986,-1,-1,-1
778,27,624.838,412.018,98.866,75.851,0.882,-1,-1,-1
779,27,603.562,413.377,99.065,75.434,0.978,-1,-1,-1
780,27,583.467,409.944,96.714,76.154,0.933,-1,-1,-1
781,27,560.746,408.102,101.509,80.123,0.979,-1,-1,-1
782,27,547.060,410.852,94.719,75.863,0.969,-1,-1,-1
783,27,532.754,414.361,98.130,75.312,0.987,-1,-1,-1
784,27,520.336,411.491,96.926,76.127,0.985,-1,-1,-1
785,27,511.446,413.972,93.042,76.032,0.978,-1,-1,-1
786,27,500.724,415.328,87.560,75.921,0.988,-1,-1,-1
787,27,493.124,414.483,87.706,78.535,0.984,-1,-1,-1
788,27,491.495,419.806,76.518,71.908,0.981,-1,-1,-1
789,27,482.835,415.868,84.072,80.553,0.990,-1,-1,-1
790,27,477.634,419.729,85.458,76.297,0.993,-1,-1,-1
791,27,468.629,419.032,87.240,78.642,0.992,-1,-1,-1
792,27,468.755,423.067,75.503,75.932,0.990,-1,-1,-1
793,27,460.996,424.701,64.295,77.777,0.984,-1,-1,-1
794,27,454.453,426.178,64.295,77.777,0.984,-1,-1,-1
795,27,448.710,427.294,64.295,77.777,0.984,-1,-1,-1
796,27,449.952,421.550,42.497,86.711,0.938,-1,-1,-1
797,27,445.046,421.769,42.497,86.711,0.938,-1,-1,-1
798,27,450.397,431.440,35.153,82.513,0.980,-1,-1,-1
799,27,450.049,431.307,36.051,85.921,0.988,-1,-1,-1
800,27,450.222,428.709,39.185,89.964,0.984,-1,-1,-1
801,27,451.235,432.130,37.762,87.495,0.974,-1,-1,-1
802,27,452.158,443.252,41.278,80.627,0.985,-1,-1,-1
803,27,458.485,441.653,42.594,83.171,0.985,-1,-1,-1
804,27,465.708,436.490,50.575,92.717,0.987,-1,-1,-1
805,27,471.163,445.236,56.114,88.068,0.979,-1,-1,-1
806,27,476.179,457.371,57.560,78.595,0.978,-1,-1,-1
807,27,475.455,455.650,69.505,81.749,0.969,-1,-1,-1
808,27,479.483,446.587,76.643,90.347,0.988,-1,-1,-1
809,27,487.078,458.360,84.046,83.596,0.986,-1,-1,-1
810,27,496.208,460.487,92.522,86.964,0.991,-1,-1,-1
811,27,512.677,466.488,91.666,84.416,0.991,-1,-1,-1
812,27,531.810,469.218,92.077,85.271,0.991,-1,-1,-1
813,27,549.278,472.326,93.408,85.264,0.994,-1,-1,-1
814,27,569.677,470.835,96.696,89.370,0.993,-1,-1,-1
815,27,580.779,474.094,101.845,87.802,0.994,-1,-1,-1
816,27,600.355,481.989,106.736,83.707,0.995,-1,-1,-1
817,27,617.274,484.779,115.119,85.071,0.996,-1,-1,-1
818,27,639.038,486.143,116.539,85.624,0.996,-1,-1,-1
819,27,667.576,483.804,109.970,90.407,0.996,-1,-1,-1
820,27,686.160,492.635,120.109,85.250,0.996,-1,-1,-1
821,27,714.535,491.982,109.803,88.579,0.996,-1,-1,-1
822,27,745.691,492.919,113.068,91.808,0.994,-1,-1,-1
823,27,762.197,500.434,123.612,89.247,0.996,-1,-1,-1
824,27,796.803,499.414,109.810,92.152,0.996,-1,-1,-1
825,27,825.651,506.525,108.644,85.928,0.996,-1,-1,-1
826,27,849.190,508.126,121.127,88.642,0.997,-1,-1,-1
827,27,881.271,510.740,114.618,84.710,0.997,-1,-1,-1
828,27,903.466,514.376,119.849,83.713,0.997,-1,-1,-1
828,35,-0.065,502.944,57.559,82.417,0.970,-1,-1,-1
829,27,932.631,515.649,116.136,82.616,0.997,-1,-1,-1
829,35,0.160,502.570,116.070,95.583,0.989,-1,-1,-1
830,27,960.128,516.481,119.113,84.366,0.996,-1,-1,-1
830,35,43.774,512.724,136.936,90.854,0.992,-1,-1,-1
831,27,985.991,518.552,130.425,83.842,0.997,-1,-1,-1
831,35,101.687,517.877,139.082,90.938,0.995,-1,-1,-1
832,27,1019.468,523.397,119.456,78.785,0.997,-1,-1,-1
832,35,165.733,517.408,129.363,90.919,0.996,-1,-1,-1
833,27,1046.350,518.004,120.699,85.119,0.997,-1,-1,-1
833,35,227.298,526.154,136.070,86.893,0.996,-1,-1,-1
834,27,1075.400,515.178,131.599,90.405,0.997,-1,-1,-1
834,35,288.488,532.144,139.324,92.954,0.997,-1,-1,-1
835,27,1107.710,521.777,127.254,81.142,0.998,-1,-1,-1
835,35,355.589,531.172,139.683,92.988,0.997,-1,-1,-1
836,27,1139.629,511.324,132.101,94.738,0.998,-1,-1,-1
836,35,420.450,543.799,135.046,81.592,0.996,-1,-1,-1
837,27,1171.612,519.384,126.746,80.189,0.996,-1,-1,-1
837,35,488.150,541.347,137.605,87.116,0.997,-1,-1,-1
838,27,1200.264,513.128,130.609,91.253,0.998,-1,-1,-1
838,35,556.928,544.780,142.533,85.850,0.998,-1,-1,-1
839,27,1236.111,513.390,134.352,88.590,0.997,-1,-1,-1
839,35,625.586,543.759,146.142,92.950,0.998,-1,-1,-1
840,27,1264.432,529.142,125.317,76.852,0.998,-1,-1,-1
840,35,691.630,543.348,154.740,97.148,0.999,-1,-1,-1
841,27,1289.171,525.075,135.226,86.406,0.998,-1,-1,-1
841,35,764.267,533.276,140.993,104.419,0.988,-1,-1,-1
842,27,1325.464,523.085,121.935,84.145,0.998,-1,-1,-1
842,35,825.810,556.381,148.362,86.350,0.998,-1,-1,-1
843,27,1357.722,526.066,99.568,84.845,0.987,-1,-1,-1
843,35,896.373,558.746,148.676,86.112,0.997,-1,-1,-1
844,27,1381.607,529.436,103.810,83.337,0.992,-1,-1,-1
844,35,963.459,564.534,154.618,86.540,0.997,-1,-1,-1
845,27,1410.388,531.286,117.009,84.116,0.617,-1,-1,-1
845,35,1030.802,567.442,156.945,86.308,0.997,-1,-1,-1
846,27,1444.008,534.471,134.618,91.697,0.997,-1,-1,-1
846,35,1101.374,565.512,155.727,95.010,0.998,-1,-1,-1
847,27,1505.753,530.323,101.604,84.647,0.996,-1,-1,-1
847,35,1173.121,569.895,149.348,92.254,0.998,-1,-1,-1
848,27,1519.415,536.291,111.620,80.917,0.997,-1,-1,-1
848,35,1246.508,568.995,140.740,95.602,0.997,-1,-1,-1
849,27,1534.037,535.161,137.696,82.702,0.997,-1,-1,-1
849,35,1316.103,570.120,139.917,94.556,0.997,-1,-1,-1
850,27,1573.640,541.193,131.655,78.899,0.991,-1,-1,-1
850,35,1378.445,582.678,129.905,81.992,0.992,-1,-1,-1
851,27,1609.076,538.227,131.547,77.959,0.982,-1,-1,-1
851,35,1491.376,564.193,104.519,100.187,0.925,-1,-1,-1
852,27,1654.372,533.383,118.909,87.436,0.987,-1,-1,-1
852,35,1524.917,568.652,159.175,101.260,0.993,-1,-1,-1
853,27,1592.328,552.797,167.418,127.022,0.999,-1,-1,-1
853,35,1595.910,569.555,159.175,101.260,0.993,-1,-1,-1
854,27,1656.328,567.331,152.678,109.149,0.998,-1,-1,-1
854,35,1666.169,571.134,159.175,101.260,0.993,-1,-1,-1
855,27,1722.892,570.615,136.608,105.162,0.997,-1,-1,-1
855,35,1737.839,572.096,159.175,101.260,0.993,-1,-1,-1
856,27,1775.351,577.038,150.038,93.473,0.994,-1,-1,-1
856,35,1802.306,575.576,159.175,101.260,0.993,-1,-1,-1
857,27,1840.172,572.911,151.818,100.570,0.997,-1,-1,-1
857,41,1786.800,550.028,81.598,72.982,0.799,-1,-1,-1
858,27,1916.055,590.590,142.351,94.768,0.994,-1,-1,-1
858,41,1820.413,549.837,111.921,77.700,0.973,-1,-1,-1
859,27,1978.642,598.240,145.013,86.966,0.995,-1,-1,-1
859,41,1861.807,543.762,110.497,84.489,0.984,-1,-1,-1
860,27,2046.668,605.096,133.285,85.032,0.991,-1,-1,-1
860,41,1885.348,550.303,122.622,87.820,0.983,-1,-1,-1
861,27,2111.915,612.975,126.705,78.815,0.989,-1,-1,-1
861,41,1907.764,550.787,131.692,82.511,0.994,-1,-1,-1
862,27,2178.440,606.601,125.337,83.984,0.990,-1,-1,-1
862,41,1936.265,546.337,131.002,95.082,0.996,-1,-1,-1
863,27,2230.622,614.637,130.256,78.202,0.992,-1,-1,-1
863,41,1971.212,552.024,119.685,85.923,0.996,-1,-1,-1
864,27,2283.269,612.195,139.550,84.459,0.963,-1,-1,-1
864,41,1989.550,554.781,135.517,89.510,0.994,-1,-1,-1
865,27,2349.655,613.982,126.561,87.268,0.993,-1,-1,-1
865,41,2024.664,557.677,133.022,87.922,0.996,-1,-1,-1
866,27,2411.677,619.829,131.452,82.664,0.991,-1,-1,-1
866,41,2068.103,550.499,132.515,100.667,0.991,-1,-1,-1
867,27,2460.883,625.448,99.265,85.841,0.989,-1,-1,-1
867,41,2104.605,568.091,127.012,88.717,0.994,-1,-1,-1
868,27,2515.417,629.539,43.583,85.841,0.989,-1,-1,-1
868,41,2144.135,548.442,127.809,106.690,0.997,-1,-1,-1
869,27,2558.519,633.482,0.481,85.841,0.989,-1,-1,-1
869,41,2172.848,553.677,135.981,103.383,0.996,-1,-1,-1
870,41,2238.223,554.036,109.465,105.360,0.981,-1,-1,-1
871,41,2269.513,553.022,114.224,111.208,0.992,-1,-1,-1
872,41,2296.057,530.034,141.710,133.179,0.990,-1,-1,-1
873,41,2343.946,568.697,117.265,94.141,0.956,-1,-1,-1
874,41,2380.704,562.074,140.802,111.151,0.985,-1,-1,-1
875,41,2431.591,559.351,124.056,115.145,0.981,-1,-1,-1
876,41,2470.870,577.753,89.153,105.399,0.952,-1,-1,-1
877,41,2509.249,597.682,50.819,74.400,0.532,-1,-1,-1
878,41,2535.910,601.549,23.090,74.400,0.532,-1,-1,-1
879,41,2552.866,605.055,6.134,74.400,0.532,-1,-1,-1
947,50,0.018,1225.617,49.126,187.186,0.861,-1,-1,-1
948,50,0.264,1126.540,200.593,426.176,0.998,-1,-1,-1
949,50,1.647,1109.760,356.568,493.742,0.998,-1,-1,-1
950,50,0.140,1062.740,502.924,616.148,0.999,-1,-1,-1
951,50,1.321,1041.914,665.218,659.096,0.999,-1,-1,-1
952,50,1.188,1023.106,828.041,692.588,0.999,-1,-1,-1
953,50,2.495,1025.986,996.840,713.798,1.000,-1,-1,-1
954,50,2.759,1044.166,1163.199,721.028,1.000,-1,-1,-1
955,50,2.999,1061.859,1346.215,728.085,1.000,-1,-1,-1
956,50,5.977,1072.636,1540.069,740.486,1.000,-1,-1,-1
957,50,69.570,1088.797,1670.820,749.656,0.999,-1,-1,-1
958,50,644.868,1135.425,1739.346,766.786,1.000,-1,-1,-1
959,50,850.530,1151.372,1702.197,750.891,1.000,-1,-1,-1
960,50,1063.149,1170.353,1494.102,734.271,0.999,-1,-1,-1
961,50,1267.891,1192.633,1287.395,708.668,1.000,-1,-1,-1
962,50,1474.458,1218.837,1081.026,684.813,0.999,-1,-1,-1
963,50,1672.160,1242.713,884.997,662.465,0.999,-1,-1,-1
964,50,1878.768,1274.890,678.877,632.326,0.999,-1,-1,-1
965,50,1960.441,1285.569,598.559,632.326,0.999,-1,-1,-1
966,50,2021.837,1294.356,537.163,624.644,0.999,-1,-1,-1
967,50,2062.559,1300.288,496.441,618.712,0.999,-1,-1,-1
968,50,2083.344,1303.680,475.656,615.320,0.999,-1,-1,-1
1084,51,2499.646,933.994,60.485,188.350,0.960,-1,-1,-1
1085,51,2332.540,873.871,227.146,312.366,0.993,-1,-1,-1
1086,51,2162.464,790.542,397.578,447.161,0.996,-1,-1,-1
1087,51,1990.729,762.452,568.560,465.660,0.999,-1,-1,-1
1088,51,1808.189,759.314,752.307,459.997,0.998,-1,-1,-1
1089,51,1631.212,737.252,928.802,472.299,0.998,-1,-1,-1
1090,51,1450.822,728.724,1110.142,505.185,0.993,-1,-1,-1
1091,51,1257.425,715.578,1292.204,504.304,0.992,-1,-1,-1
1092,51,1087.246,707.972,1248.702,496.876,0.992,-1,-1,-1
1093,51,953.052,698.443,1248.702,496.876,0.992,-1,-1,-1
1094,51,797.941,688.953,1248.702,496.876,0.992,-1,-1,-1
1095,51,622.896,674.623,1248.702,496.876,0.992,-1,-1,-1
1096,51,431.586,659.749,1248.702,496.876,0.992,-1,-1,-1
1135,53,2496.338,1041.712,63.696,171.802,0.966,-1,-1,-1
1136,53,2332.529,1003.279,227.285,282.095,0.995,-1,-1,-1
1137,53,2166.839,946.718,392.919,330.177,0.998,-1,-1,-1
1138,53,2000.467,906.534,558.325,354.759,0.998,-1,-1,-1
1139,53,1828.106,892.083,731.005,354.614,0.998,-1,-1,-1
1140,53,1659.656,869.731,898.802,419.546,0.999,-1,-1,-1
1141,53,1497.238,848.188,1060.420,410.030,0.999,-1,-1,-1
1142,53,1330.401,835.715,1030.338,400.544,1.000,-1,-1,-1
1143,53,1155.139,824.980,1010.864,392.087,1.000,-1,-1,-1
1144,53,990.539,801.864,989.747,388.888,1.000,-1,-1,-1
1145,53,824.815,779.088,965.826,383.552,1.000,-1,-1,-1
1146,53,656.398,760.687,956.469,379.049,1.000,-1,-1,-1
1147,53,496.522,759.312,934.241,361.669,0.999,-1,-1,-1
1148,53,331.002,745.775,930.561,349.732,1.000,-1,-1,-1
1149,53,169.559,727.635,919.873,352.735,0.999,-1,-1,-1
1150,53,8.054,715.472,910.501,343.144,0.999,-1,-1,-1
1151,53,1.032,698.110,761.780,346.301,0.999,-1,-1,-1
1152,53,-0.212,684.682,604.240,338.180,0.998,-1,-1,-1
1153,53,-0.499,666.400,451.057,334.086,0.997,-1,-1,-1
1154,53,-0.129,665.468,302.602,307.095,0.996,-1,-1,-1
1155,53,0.088,711.128,156.528,216.005,0.972,-1,-1,-1
1156,53,0.000,699.368,67.150,216.005,0.972,-1,-1,-1
1201,54,2537.323,962.008,22.674,112.370,0.660,-1,-1,-1
1202,54,2450.784,898.133,109.319,213.474,0.989,-1,-1,-1
1203,54,2358.977,862.832,200.865,285.020,0.993,-1,-1,-1
1204,54,2257.667,815.320,302.373,372.899,0.995,-1,-1,-1
1205,54,2153.756,785.608,406.332,408.047,0.998,-1,-1,-1
1206,54,2041.729,778.249,517.201,409.559,0.999,-1,-1,-1
1207,54,1916.941,775.713,641.816,409.602,0.999,-1,-1,-1
1208,54,1784.613,772.680,774.959,411.020,0.999,-1,-1,-1
1209,54,1663.156,767.219,896.044,413.053,0.999,-1,-1,-1
1210,54,1531.944,759.289,959.574,414.612,0.999,-1,-1,-1
1211,54,1393.914,753.649,966.806,416.271,0.999,-1,-1,-1
1212,54,1253.306,744.725,969.241,419.469,1.000,-1,-1,-1
1213,54,1117.182,734.577,957.496,421.207,1.000,-1,-1,-1
1214,54,966.211,720.493,950.430,426.175,1.000,-1,-1,-1
1215,54,825.922,709.849,937.138,427.241,0.999,-1,-1,-1
1216,54,680.019,700.703,928.096,416.839,0.999,-1,-1,-1
1217,54,534.076,695.588,922.842,407.983,0.999,-1,-1,-1
1218,54,391.495,681.909,915.944,408.936,0.999,-1,-1,-1
1219,54,258.001,676.129,900.212,398.711,0.999,-1,-1,-1
1220,54,111.020,670.537,896.038,389.729,0.999,-1,-1,-1
1221,54,1.965,648.373,859.401,398.057,0.999,-1,-1,-1
1222,54,0.824,642.029,714.766,387.269,0.999,-1,-1,-1
1223,54,-1.379,627.661,580.496,384.736,0.998,-1,-1,-1
1313,58,0.627,1021.584,275.222,498.390,0.997,-1,-1,-1
1314,58,1.618,917.022,555.425,712.419,0.999,-1,-1,-1
1315,58,1.755,894.555,850.216,787.675,0.999,-1,-1,-1
1316,58,2.580,897.249,1170.733,828.933,0.999,-1,-1,-1
1317,58,6.097,915.524,1503.402,856.385,0.999,-1,-1,-1
1318,58,159.288,943.350,1726.198,866.766,0.998,-1,-1,-1
1319,58,505.946,938.883,1746.293,902.262,0.999,-1,-1,-1
1320,58,860.488,992.726,1697.073,872.984,0.999,-1,-1,-1
1321,58,1222.498,1025.861,1334.190,801.327,0.999,-1,-1,-1
1322,58,1563.908,1048.789,995.691,792.517,0.999,-1,-1,-1
1323,58,1893.304,1074.152,665.400,794.073,0.998,-1,-1,-1
1324,58,2204.486,1104.961,354.735,666.625,0.997,-1,-1,-1
1325,58,2410.829,1109.322,148.171,666.625,0.997,-1,-1,-1
1460,61,2406.104,953.915,153.691,237.109,0.988,-1,-1,-1
1461,61,2196.034,886.990,363.557,346.475,0.998,-1,-1,-1
1462,61,1982.399,859.863,577.029,352.750,0.998,-1,-1,-1
1463,61,1774.801,845.531,784.918,364.921,0.998,-1,-1,-1
1464,61,1573.855,839.357,984.433,375.224,0.999,-1,-1,-1
1465,61,1346.427,819.456,1000.040,385.256,0.999,-1,-1,-1
1466,61,1157.163,811.917,972.354,375.986,1.000,-1,-1,-1
1467,61,958.402,801.544,957.454,376.174,0.999,-1,-1,-1
1468,61,732.333,779.191,981.907,382.566,0.999,-1,-1,-1
1469,61,545.264,770.268,968.555,376.393,0.999,-1,-1,-1
1470,61,338.556,761.787,978.275,375.418,0.999,-1,-1,-1
1471,61,1.572,733.254,764.114,376.055,0.999,-1,-1,-1
1472,61,-0.219,728.654,588.028,368.213,0.998,-1,-1,-1
1473,61,0.141,725.831,410.322,370.626,0.998,-1,-1,-1
1474,61,-0.129,744.066,233.027,334.682,0.997,-1,-1,-1
1475,61,0.000,736.339,52.765,334.682,0.997,-1,-1,-1
1685,75,0.301,1005.194,216.179,350.655,0.998,-1,-1,-1
1686,75,1.182,909.216,562.235,588.086,0.999,-1,-1,-1
1687,75,1.722,899.280,932.927,647.821,0.999,-1,-1,-1
1688,75,2.953,911.308,1323.417,693.080,1.000,-1,-1,-1
1689,75,301.346,936.158,1447.821,702.499,0.999,-1,-1,-1
1690,75,713.078,972.464,1468.189,707.581,1.000,-1,-1,-1
1691,75,1146.915,998.092,1409.494,703.536,0.999,-1,-1,-1
1692,75,1569.352,1042.230,990.856,632.132,0.999,-1,-1,-1
1693,75,1953.016,1061.353,606.262,643.669,0.998,-1,-1,-1
1694,75,2289.031,1086.849,269.969,643.669,0.998,-1,-1,-1
1695,75,2541.412,1105.394,17.588,643.669,0.998,-1,-1,-1
1838,78,1.653,992.116,365.508,582.762,0.999,-1,-1,-1
1839,78,0.283,911.314,739.060,735.974,0.999,-1,-1,-1
1840,78,0.640,909.884,1145.947,796.957,0.999,-1,-1,-1
1841,78,56.082,935.201,1552.429,816.363,0.999,-1,-1,-1
1842,78,516.427,966.151,1566.428,837.649,0.991,-1,-1,-1
1843,78,1002.025,1009.758,1553.639,823.561,0.995,-1,-1,-1
1844,78,1472.881,1049.133,1084.940,747.903,0.999,-1,-1,-1
1845,78,1895.313,1079.027,663.021,755.147,0.998,-1,-1,-1
1846,78,2280.243,1111.862,278.757,755.147,0.998,-1,-1,-1
2119,94,2530.173,983.233,29.852,116.021,0.749,-1,-1,-1
2120,94,2366.655,905.640,193.116,285.394,0.993,-1,-1,-1
2121,94,2198.689,832.787,361.038,385.016,0.997,-1,-1,-1
2122,94,2025.969,798.734,533.400,411.471,0.996,-1,-1,-1
2123,94,1851.588,780.312,707.294,421.674,0.997,-1,-1,-1
2124,94,1690.126,767.577,869.234,456.285,0.998,-1,-1,-1
2125,94,1517.130,756.950,1035.368,453.836,0.996,-1,-1,-1
2126,94,1344.954,742.792,1007.430,453.133,0.998,-1,-1,-1
2127,94,1167.378,728.969,994.577,454.669,0.999,-1,-1,-1
2128,94,1000.581,714.629,970.479,444.194,0.998,-1,-1,-1
2129,94,822.448,703.799,964.711,442.139,0.999,-1,-1,-1
2130,94,654.521,687.442,951.054,438.267,0.999,-1,-1,-1
2131,94,484.946,665.047,943.375,439.082,0.998,-1,-1,-1
2132,94,320.250,654.169,953.889,430.181,0.999,-1,-1,-1
2133,94,164.606,645.159,924.427,419.505,0.999,-1,-1,-1
2134,94,3.483,637.635,916.726,404.050,0.999,-1,-1,-1
2135,94,0.512,626.263,771.633,401.416,0.999,-1,-1,-1
2136,94,0.181,610.198,619.182,400.464,0.997,-1,-1,-1
2137,94,-0.271,594.710,477.888,397.228,0.996,-1,-1,-1
2138,94,0.125,586.354,334.634,387.681,0.996,-1,-1,-1
2139,94,0.000,574.996,272.063,387.681,0.996,-1,-1,-1
2140,94,0.000,566.177,224.473,387.681,0.996,-1,-1,-1
2141,94,0.000,560.666,192.196,387.681,0.996,-1,-1,-1
2142,94,0.000,558.578,174.142,387.681,0.996,-1,-1,-1
2311,98,1.010,1140.209,312.153,469.702,0.998,-1,-1,-1
2312,98,0.555,1034.599,697.829,684.876,0.999,-1,-1,-1
2313,98,3.185,1060.026,1124.666,719.403,1.000,-1,-1,-1
2314,98,160.507,1087.633,1392.094,745.163,0.999,-1,-1,-1
2315,98,610.471,1128.252,1423.991,731.469,1.000,-1,-1,-1
2316,98,1088.149,1155.209,1432.003,736.349,1.000,-1,-1,-1
2317,98,1554.453,1189.321,1003.709,676.976,0.999,-1,-1,-1
2318,98,1973.562,1221.068,584.840,677.938,0.999,-1,-1,-1
2319,98,2363.372,1252.760,195.628,666.240,0.999,-1,-1,-1
2361,100,2350.503,899.565,209.420,253.090,0.991,-1,-1,-1
2362,100,2076.588,827.995,482.203,341.640,0.999,-1,-1,-1
2363,100,1818.646,807.707,740.013,351.078,0.998,-1,-1,-1
2364,100,1552.615,793.887,965.590,362.995,0.999,-1,-1,-1
2365,100,1283.292,780.725,956.517,356.269,1.000,-1,-1,-1
2366,100,1019.988,753.846,934.439,358.616,1.000,-1,-1,-1
2367,100,744.858,737.155,935.621,354.241,1.000,-1,-1,-1
2368,100,488.809,717.608,916.701,346.594,0.999,-1,-1,-1
2369,100,236.100,706.924,898.929,336.591,0.999,-1,-1,-1
2370,100,2.432,689.049,874.798,332.286,0.999,-1,-1,-1
2371,100,0.693,669.098,627.250,333.079,0.998,-1,-1,-1
2372,100,-0.016,657.498,384.729,321.670,0.998,-1,-1,-1
2373,100,0.000,639.792,181.593,321.670,0.998,-1,-1,-1
