211,6,1.407,942.868,1016.403,708.460,0.921,-1,-1,-1
212,6,6.244,973.789,1446.040,711.764,0.993,-1,-1,-1
213,6,433.683,1012.507,1549.797,727.046,0.998,-1,-1,-1
214,6,922.617,1055.048,1531.573,728.024,0.997,-1,-1,-1
215,6,1415.250,1079.405,1133.140,720.270,0.993,-1,-1,-1
216,6,1892.022,1107.026,659.377,703.620,0.968,-1,-1,-1
217,6,2297.090,1141.114,261.910,703.620,0.968,-1,-1,-1
414,13,1316.325,706.238,295.174,256.207,0.703,-1,-1,-1
415,13,1262.881,702.256,295.174,256.207,0.703,-1,-1,-1
416,13,1211.156,699.027,295.174,256.207,0.703,-1,-1,-1
417,13,1159.605,695.319,295.174,256.207,0.703,-1,-1,-1
418,13,1091.354,690.263,294.467,248.540,0.692,-1,-1,-1
419,13,1028.821,713.447,305.862,224.507,0.705,-1,-1,-1
420,13,973.642,711.539,305.862,224.507,0.705,-1,-1,-1
421,13,938.804,694.615,295.011,230.914,0.607,-1,-1,-1
422,13,886.573,693.912,306.056,235.572,0.553,-1,-1,-1
423,13,840.259,692.096,306.056,235.572,0.553,-1,-1,-1
424,13,797.125,687.267,306.056,235.572,0.553,-1,-1,-1
425,13,755.449,682.666,306.056,235.572,0.553,-1,-1,-1
426,13,713.334,680.088,306.056,235.572,0.553,-1,-1,-1
427,13,651.591,586.921,274.843,289.560,0.589,-1,-1,-1
428,13,602.020,570.834,274.843,289.560,0.589,-1,-1,-1
429,13,563.591,601.040,266.352,267.682,0.515,-1,-1,-1
430,13,514.478,589.654,266.352,267.682,0.515,-1,-1,-1
431,13,464.978,578.198,266.352,267.682,0.515,-1,-1,-1
432,13,421.979,579.380,266.352,267.682,0.515,-1,-1,-1
433,13,379.321,580.508,266.352,267.682,0.515,-1,-1,-1
660,16,2055.359,801.721,499.796,427.325,0.724,-1,-1,-1
661,16,1826.233,785.990,729.036,450.751,0.972,-1,-1,-1
662,16,1589.467,765.093,878.719,447.253,0.998,-1,-1,-1
663,16,1340.558,756.059,879.906,438.027,0.999,-1,-1,-1
664,16,1074.747,728.167,890.711,450.813,0.998,-1,-1,-1
665,16,830.609,718.123,889.737,446.415,0.999,-1,-1,-1
666,16,589.107,697.329,869.940,433.806,0.999,-1,-1,-1
667,16,369.229,682.001,846.123,407.955,0.999,-1,-1,-1
668,16,158.234,676.174,826.047,391.691,0.996,-1,-1,-1
669,16,5.272,661.258,758.171,391.626,0.982,-1,-1,-1
670,16,2.844,646.520,562.682,379.538,0.878,-1,-1,-1
671,16,0.000,627.230,373.870,379.538,0.878,-1,-1,-1
672,16,0.000,611.295,186.992,379.538,0.878,-1,-1,-1
673,16,0.000,598.173,44.312,379.538,0.878,-1,-1,-1
697,19,1963.020,787.851,591.633,414.844,0.883,-1,-1,-1
698,19,1725.783,772.237,829.460,438.883,0.988,-1,-1,-1
699,19,1482.823,754.101,1036.621,436.965,0.998,-1,-1,-1
700,19,1249.735,753.022,1020.479,421.490,0.999,-1,-1,-1
701,19,1004.592,729.705,1024.248,431.965,0.999,-1,-1,-1
702,19,765.899,714.649,1013.097,418.899,0.999,-1,-1,-1
703,19,537.289,692.746,990.107,410.797,0.999,-1,-1,-1
704,19,346.962,682.155,954.165,391.494,0.999,-1,-1,-1
705,19,139.258,668.410,913.796,383.350,0.998,-1,-1,-1
706,19,6.945,653.650,842.876,376.581,0.991,-1,-1,-1
707,19,4.758,635.834,655.002,371.706,0.975,-1,-1,-1
708,19,2.312,619.050,472.986,365.284,0.815,-1,-1,-1
709,19,0.000,600.509,318.149,365.284,0.815,-1,-1,-1
710,19,0.000,585.506,206.509,365.284,0.815,-1,-1,-1
711,19,0.000,574.141,128.425,365.284,0.815,-1,-1,-1
712,19,0.000,566.833,69.568,365.284,0.815,-1,-1,-1
736,23,2080.572,793.410,474.317,422.896,0.690,-1,-1,-1
737,23,1866.191,770.620,687.747,441.177,0.912,-1,-1,-1
738,23,1637.260,757.095,916.217,456.212,0.994,-1,-1,-1
739,23,1400.834,745.704,1006.358,449.546,0.999,-1,-1,-1
740,23,1159.266,750.215,1013.361,434.926,0.999,-1,-1,-1
741,23,919.652,720.558,1007.092,454.646,0.998,-1,-1,-1
742,23,672.561,715.713,1008.683,426.627,0.999,-1,-1,-1
743,23,442.596,685.566,991.738,425.389,0.999,-1,-1,-1
744,23,249.166,678.689,941.436,392.490,0.998,-1,-1,-1
745,23,38.104,663.375,915.473,395.872,0.995,-1,-1,-1
746,23,4.995,644.625,757.203,391.522,0.979,-1,-1,-1
747,23,3.623,624.878,578.352,385.097,0.931,-1,-1,-1
748,23,0.000,605.490,411.336,385.097,0.931,-1,-1,-1
749,23,0.000,588.229,246.003,385.097,0.931,-1,-1,-1
750,23,0.000,573.710,125.466,385.097,0.931,-1,-1,-1
751,23,0.000,563.371,27.380,385.097,0.931,-1,-1,-1
759,30,102.916,842.004,1888.405,823.707,0.997,-1,-1,-1
760,30,372.425,844.843,1867.982,841.576,0.999,-1,-1,-1
761,30,638.234,824.706,1908.838,880.592,0.998,-1,-1,-1
762,30,908.005,842.842,1666.905,882.483,0.989,-1,-1,-1
763,30,1206.344,888.517,1349.473,793.163,0.985,-1,-1,-1
764,30,1506.969,895.232,1043.310,811.011,0.931,-1,-1,-1
765,30,1739.168,917.850,812.165,807.459,0.824,-1,-1,-1
766,30,1901.610,931.658,657.390,807.459,0.824,-1,-1,-1
767,30,2081.315,943.762,477.685,807.459,0.824,-1,-1,-1
768,30,2233.098,955.674,325.902,807.459,0.824,-1,-1,-1
769,30,2355.372,964.467,203.628,807.459,0.824,-1,-1,-1
957,40,48.322,1045.864,1750.729,770.808,0.997,-1,-1,-1
958,40,608.419,1084.828,1758.862,810.339,0.999,-1,-1,-1
959,40,796.903,1093.502,1773.178,812.063,0.996,-1,-1,-1
960,40,1006.351,1111.583,1561.808,788.760,0.990,-1,-1,-1
961,40,1195.598,1142.164,1361.594,762.403,0.990,-1,-1,-1
962,40,1425.756,1162.236,1126.046,747.911,0.962,-1,-1,-1
963,40,1647.307,1179.848,905.919,743.517,0.945,-1,-1,-1
964,40,1856.769,1215.550,695.810,713.453,0.920,-1,-1,-1
965,40,1940.304,1228.785,618.696,690.215,0.920,-1,-1,-1
966,40,2006.013,1238.543,552.987,680.457,0.920,-1,-1,-1
967,40,2049.246,1245.736,509.754,673.264,0.920,-1,-1,-1
968,40,2070.182,1249.848,488.818,669.152,0.920,-1,-1,-1
1087,42,1954.725,722.160,600.773,554.512,0.803,-1,-1,-1
1088,42,1789.249,705.525,766.113,571.866,0.958,-1,-1,-1
1089,42,1606.899,688.676,949.378,599.773,0.983,-1,-1,-1
1090,42,1415.731,673.467,1139.823,601.190,0.992,-1,-1,-1
1091,42,1220.090,667.152,1342.268,586.964,0.997,-1,-1,-1
1092,42,1054.838,650.497,1290.103,593.991,0.998,-1,-1,-1
1093,42,857.624,634.472,1311.354,612.068,0.999,-1,-1,-1
1094,42,671.485,633.335,1289.527,576.288,0.998,-1,-1,-1
1095,42,489.043,618.071,1283.026,576.713,0.999,-1,-1,-1
1096,42,336.738,594.847,1239.083,575.320,0.999,-1,-1,-1
1097,42,195.673,584.628,1172.824,560.169,0.998,-1,-1,-1
1098,42,26.910,571.511,1161.394,570.762,0.995,-1,-1,-1
1099,42,3.398,560.857,1009.943,561.094,0.948,-1,-1,-1
1100,42,5.330,557.758,859.027,533.310,0.903,-1,-1,-1
1101,42,4.296,540.287,714.165,532.979,0.559,-1,-1,-1
1102,42,0.000,526.449,603.575,532.979,0.559,-1,-1,-1
1103,42,0.000,512.283,496.801,532.979,0.559,-1,-1,-1
1104,42,0.000,501.194,409.857,532.979,0.559,-1,-1,-1
1105,42,0.000,493.503,337.612,532.979,0.559,-1,-1,-1
1138,43,1967.291,859.319,588.281,486.340,0.786,-1,-1,-1
1139,43,1805.827,845.174,749.416,519.956,0.950,-1,-1,-1
1140,43,1626.600,830.507,927.780,509.626,0.990,-1,-1,-1
1141,43,1459.505,810.539,1095.160,505.044,0.996,-1,-1,-1
1142,43,1292.190,799.366,1088.558,486.892,0.999,-1,-1,-1
1143,43,1126.870,794.649,1086.630,472.345,0.999,-1,-1,-1
1144,43,958.053,769.487,1067.976,479.216,0.998,-1,-1,-1
1145,43,780.980,754.513,1059.162,470.984,0.998,-1,-1,-1
1146,43,600.271,738.467,1054.974,463.368,0.999,-1,-1,-1
1147,43,440.888,728.704,1038.882,452.157,0.999,-1,-1,-1
1148,43,297.784,721.283,990.617,424.646,0.999,-1,-1,-1
1149,43,139.555,707.347,965.917,409.863,0.998,-1,-1,-1
1150,43,10.754,690.084,927.211,407.183,0.991,-1,-1,-1
1151,43,4.954,679.142,787.751,397.463,0.980,-1,-1,-1
1152,43,3.897,659.533,645.124,394.441,0.950,-1,-1,-1
1153,43,2.963,645.322,502.394,385.763,0.795,-1,-1,-1
1154,43,0.000,627.981,400.806,385.763,0.795,-1,-1,-1
1155,43,0.000,614.349,325.818,385.763,0.795,-1,-1,-1
1156,43,0.000,603.884,265.930,385.763,0.795,-1,-1,-1
1157,43,0.000,597.656,220.515,385.763,0.795,-1,-1,-1
1206,47,2012.437,733.583,542.785,501.218,0.738,-1,-1,-1
1207,47,1886.450,731.523,667.913,492.996,0.913,-1,-1,-1
1208,47,1758.176,730.935,798.382,500.098,0.978,-1,-1,-1
1209,47,1635.627,720.609,919.073,499.133,0.990,-1,-1,-1
1210,47,1511.896,709.706,1012.968,501.199,0.997,-1,-1,-1
1211,47,1364.560,708.723,1009.960,493.672,0.999,-1,-1,-1
1212,47,1230.276,707.931,1016.183,493.471,0.999,-1,-1,-1
1213,47,1076.646,697.597,1032.453,500.463,0.998,-1,-1,-1
1214,47,925.640,692.314,1034.528,497.571,0.996,-1,-1,-1
1215,47,785.580,684.550,1026.428,490.760,0.998,-1,-1,-1
1216,47,630.189,672.264,1025.042,497.555,0.999,-1,-1,-1
1217,47,490.525,663.204,1012.194,491.908,0.999,-1,-1,-1
1218,47,362.732,647.855,981.224,478.333,0.999,-1,-1,-1
1219,47,228.653,639.994,948.659,454.911,0.998,-1,-1,-1
1220,47,95.271,633.890,933.028,455.643,0.996,-1,-1,-1
1221,47,7.510,625.923,877.770,449.327,0.980,-1,-1,-1
1222,47,4.727,613.880,746.690,443.391,0.958,-1,-1,-1
1223,47,3.304,602.185,618.360,438.959,0.931,-1,-1,-1
1224,47,2.704,585.227,490.139,440.623,0.578,-1,-1,-1
1225,47,0.000,571.679,401.509,440.623,0.578,-1,-1,-1
1226,47,0.000,558.505,306.615,440.623,0.578,-1,-1,-1
1227,47,0.000,548.331,225.371,440.623,0.578,-1,-1,-1
1228,47,0.000,540.951,157.245,440.623,0.578,-1,-1,-1
1318,50,150.481,899.745,1775.055,906.397,0.997,-1,-1,-1
1319,50,464.025,919.237,1781.741,905.356,0.996,-1,-1,-1
1320,50,804.631,940.535,1769.164,909.182,0.996,-1,-1,-1
1321,50,1161.914,970.557,1399.737,865.802,0.988,-1,-1,-1
1322,50,1541.132,1003.347,1011.296,842.041,0.975,-1,-1,-1
1323,50,1875.493,1028.157,676.859,837.916,0.884,-1,-1,-1
1324,50,2125.336,1049.207,433.664,837.916,0.884,-1,-1,-1
1325,50,2369.678,1065.634,189.322,837.916,0.884,-1,-1,-1
1461,52,2167.206,849.519,390.105,431.607,0.511,-1,-1,-1
1462,52,1951.969,820.266,603.083,454.791,0.877,-1,-1,-1
1463,52,1736.124,808.401,820.285,466.781,0.988,-1,-1,-1
1464,52,1516.023,795.504,1038.201,470.194,0.996,-1,-1,-1
1465,52,1310.606,787.488,1059.162,461.185,0.999,-1,-1,-1
1466,52,1100.629,773.190,1063.224,464.182,0.998,-1,-1,-1
1467,52,915.707,773.134,1043.358,459.608,0.998,-1,-1,-1
1468,52,688.059,758.237,1067.869,455.525,0.999,-1,-1,-1
1469,52,493.257,744.315,1056.175,452.696,0.999,-1,-1,-1
1470,52,319.479,739.360,1030.726,441.975,0.999,-1,-1,-1
1471,52,3.545,720.138,782.996,429.734,0.939,-1,-1,-1
1472,52,2.410,716.293,621.877,424.978,0.834,-1,-1,-1
1473,52,0.000,703.971,405.815,424.978,0.834,-1,-1,-1
1474,52,0.000,693.721,189.883,424.978,0.834,-1,-1,-1
1687,59,2.878,869.150,965.406,698.519,0.816,-1,-1,-1
1688,59,2.930,871.987,1337.116,737.794,0.978,-1,-1,-1
1689,59,267.012,906.474,1538.940,720.964,0.998,-1,-1,-1
1690,59,694.360,949.768,1503.626,735.436,0.998,-1,-1,-1
1691,59,1087.033,959.267,1477.752,750.928,0.996,-1,-1,-1
1692,59,1536.109,989.246,1015.026,713.292,0.984,-1,-1,-1
1693,59,1924.519,1008.059,627.646,717.295,0.739,-1,-1,-1
1694,59,2250.377,1033.832,308.623,717.295,0.739,-1,-1,-1
1695,59,2494.304,1049.529,64.696,717.295,0.739,-1,-1,-1
1841,62,33.555,882.634,1614.079,836.653,0.997,-1,-1,-1
1842,62,468.520,911.516,1646.010,887.589,0.995,-1,-1,-1
1843,62,944.652,948.671,1629.537,870.059,0.994,-1,-1,-1
1844,62,1426.017,982.229,1123.015,816.665,0.978,-1,-1,-1
1845,62,1877.346,1021.031,674.009,816.790,0.912,-1,-1,-1
1846,62,2253.936,1055.516,305.064,816.790,0.912,-1,-1,-1
1847,62,2540.346,1079.165,18.654,816.790,0.912,-1,-1,-1
2123,72,1829.779,735.398,725.477,517.887,0.828,-1,-1,-1
2124,72,1666.810,722.792,889.049,546.564,0.932,-1,-1,-1
2125,72,1485.895,706.259,1068.562,545.540,0.985,-1,-1,-1
2126,72,1318.304,696.822,1043.492,535.158,0.998,-1,-1,-1
2127,72,1142.875,690.940,1047.801,524.665,0.997,-1,-1,-1
2128,72,969.844,677.297,1038.913,519.572,0.995,-1,-1,-1
2129,72,790.238,671.952,1043.808,510.401,0.997,-1,-1,-1
2130,72,606.386,641.905,1035.649,528.133,0.998,-1,-1,-1
2131,72,447.182,622.852,1023.769,524.817,0.998,-1,-1,-1
2132,72,309.063,612.380,997.041,501.029,0.998,-1,-1,-1
2133,72,149.065,619.071,970.694,481.865,0.996,-1,-1,-1
2134,72,14.487,608.338,929.076,470.858,0.979,-1,-1,-1
2135,72,4.556,591.327,796.822,470.965,0.930,-1,-1,-1
2136,72,4.152,577.526,657.567,463.505,0.862,-1,-1,-1
2137,72,3.558,570.780,526.765,455.026,0.617,-1,-1,-1
2138,72,0.000,556.092,426.171,455.026,0.617,-1,-1,-1
2139,72,0.000,544.720,352.970,455.026,0.617,-1,-1,-1
2140,72,0.000,536.741,294.983,455.026,0.617,-1,-1,-1
2141,72,0.000,532.269,251.004,455.026,0.617,-1,-1,-1
2313,73,3.063,999.598,1148.674,804.078,0.916,-1,-1,-1
2314,73,152.590,1038.307,1462.954,760.877,0.997,-1,-1,-1
2315,73,567.026,1072.317,1496.078,777.490,0.991,-1,-1,-1
2316,73,1038.681,1101.147,1507.624,777.699,0.995,-1,-1,-1
2317,73,1526.674,1128.323,1025.632,738.992,0.969,-1,-1,-1
2318,73,1955.862,1164.674,597.599,744.229,0.679,-1,-1,-1
2319,73,2333.407,1197.902,225.593,721.098,0.679,-1,-1,-1
2362,75,2044.531,789.304,510.604,421.678,0.742,-1,-1,-1
2363,75,1795.401,776.280,759.297,431.481,0.978,-1,-1,-1
2364,75,1526.446,754.548,1021.224,437.227,0.998,-1,-1,-1
2365,75,1269.306,758.511,994.444,412.358,0.999,-1,-1,-1
2366,75,977.780,736.443,1016.789,425.237,0.999,-1,-1,-1
2367,75,706.005,721.152,1008.806,418.201,0.999,-1,-1,-1
2368,75,438.844,685.985,998.491,414.300,0.999,-1,-1,-1
2369,75,210.489,678.068,960.037,396.209,0.998,-1,-1,-1
2370,75,8.683,667.034,886.634,387.587,0.990,-1,-1,-1
2371,75,4.360,644.084,659.700,384.825,0.912,-1,-1,-1
2372,75,1.379,619.226,439.694,387.299,0.539,-1,-1,-1
2373,75,0.000,600.829,248.553,387.299,0.539,-1,-1,-1
2374,75,0.000,585.850,105.542,387.299,0.539,-1,-1,-1
2375,75,0.000,573.937,10.235,387.299,0.539,-1,-1,-1
