525,26,818.757,407.915,197.189,168.472,0.721,-1,-1,-1
526,26,814.034,409.077,202.777,174.233,0.924,-1,-1,-1
527,26,809.773,407.909,206.653,170.378,0.875,-1,-1,-1
528,26,813.882,409.534,203.750,170.581,0.956,-1,-1,-1
529,26,806.288,409.741,211.448,170.667,0.974,-1,-1,-1
530,26,809.933,409.264,207.682,166.050,0.962,-1,-1,-1
531,26,812.581,409.426,204.584,164.290,0.948,-1,-1,-1
532,26,815.053,408.816,201.808,163.924,0.925,-1,-1,-1
533,26,816.774,410.408,200.096,161.093,0.945,-1,-1,-1
534,26,819.910,411.115,196.815,159.932,0.970,-1,-1,-1
535,26,820.253,411.644,196.063,159.168,0.975,-1,-1,-1
536,26,819.914,411.554,197.057,159.548,0.970,-1,-1,-1
537,26,819.463,412.656,197.797,158.154,0.979,-1,-1,-1
538,26,820.605,412.722,196.971,157.758,0.981,-1,-1,-1
539,26,820.280,412.773,197.063,157.506,0.985,-1,-1,-1
540,26,820.251,413.178,197.383,157.030,0.986,-1,-1,-1
541,26,822.296,413.301,195.676,156.692,0.987,-1,-1,-1
542,26,821.711,413.049,196.355,156.684,0.985,-1,-1,-1
543,26,821.049,413.095,196.834,156.603,0.988,-1,-1,-1
544,26,820.384,412.884,197.327,156.620,0.987,-1,-1,-1
545,26,821.254,412.407,196.217,157.084,0.986,-1,-1,-1
546,26,820.718,412.477,196.756,156.987,0.988,-1,-1,-1
547,26,820.711,412.619,196.694,156.846,0.986,-1,-1,-1
548,26,820.870,412.928,196.473,156.120,0.988,-1,-1,-1
549,26,820.163,413.110,197.161,155.783,0.990,-1,-1,-1
550,26,819.174,413.044,197.873,155.691,0.991,-1,-1,-1
551,26,819.349,412.763,197.755,156.004,0.991,-1,-1,-1
552,26,818.107,412.359,198.334,156.530,0.991,-1,-1,-1
553,26,817.921,412.163,198.327,156.175,0.990,-1,-1,-1
554,26,817.527,412.075,198.888,156.231,0.991,-1,-1,-1
555,26,817.657,412.227,198.731,155.987,0.991,-1,-1,-1
556,26,817.792,412.552,198.474,155.720,0.992,-1,-1,-1
557,26,818.036,412.399,198.629,155.879,0.991,-1,-1,-1
558,26,818.385,412.674,198.457,155.658,0.991,-1,-1,-1
559,26,818.665,412.613,198.206,155.908,0.991,-1,-1,-1
560,26,819.288,412.956,197.883,155.954,0.990,-1,-1,-1
561,26,819.881,414.150,197.343,155.222,0.989,-1,-1,-1
562,26,819.986,413.526,197.192,155.872,0.990,-1,-1,-1
563,26,820.099,413.659,196.942,156.237,0.989,-1,-1,-1
564,26,820.575,413.379,196.360,156.434,0.984,-1,-1,-1
565,26,820.585,413.277,196.801,156.140,0.980,-1,-1,-1
566,26,820.758,413.512,196.477,155.809,0.980,-1,-1,-1
567,26,821.351,413.740,195.645,155.342,0.980,-1,-1,-1
568,26,821.555,412.893,195.431,155.125,0.982,-1,-1,-1
569,26,821.849,412.812,195.498,155.066,0.985,-1,-1,-1
570,26,821.624,412.160,195.705,155.836,0.983,-1,-1,-1
571,26,822.036,412.522,195.667,155.111,0.984,-1,-1,-1
572,26,822.514,412.392,196.114,155.609,0.984,-1,-1,-1
573,26,822.340,412.740,197.493,155.717,0.989,-1,-1,-1
574,26,820.975,412.781,198.677,155.792,0.991,-1,-1,-1
575,26,820.731,413.165,199.325,155.818,0.992,-1,-1,-1
576,26,820.110,413.553,199.568,155.715,0.993,-1,-1,-1
577,26,819.705,414.105,199.587,155.159,0.996,-1,-1,-1
578,26,819.610,413.648,199.591,155.418,0.996,-1,-1,-1
579,26,819.389,413.812,199.507,155.184,0.996,-1,-1,-1
580,26,819.099,413.862,199.719,155.206,0.996,-1,-1,-1
581,26,819.013,413.878,200.044,155.274,0.996,-1,-1,-1
582,26,818.807,414.012,199.950,155.167,0.996,-1,-1,-1
583,26,818.787,414.019,199.912,155.100,0.995,-1,-1,-1
584,26,818.166,413.882,200.366,155.181,0.996,-1,-1,-1
585,26,818.385,413.794,200.111,155.465,0.995,-1,-1,-1
586,26,818.206,413.599,200.211,155.509,0.995,-1,-1,-1
587,26,818.172,413.562,200.130,155.649,0.995,-1,-1,-1
588,26,818.302,413.284,199.859,155.856,0.993,-1,-1,-1
589,26,818.143,412.848,199.664,156.519,0.994,-1,-1,-1
590,26,817.977,412.875,199.747,156.494,0.993,-1,-1,-1
591,26,818.015,412.899,199.617,156.416,0.993,-1,-1,-1
592,26,818.183,412.794,199.325,156.298,0.993,-1,-1,-1
593,26,819.228,412.679,198.920,156.037,0.993,-1,-1,-1
594,26,819.208,412.482,198.757,156.219,0.993,-1,-1,-1
595,26,819.246,412.619,198.802,155.699,0.994,-1,-1,-1
596,26,819.250,412.581,198.765,155.602,0.994,-1,-1,-1
597,26,819.234,412.475,198.963,155.651,0.993,-1,-1,-1
598,26,819.215,412.447,199.002,155.746,0.994,-1,-1,-1
599,26,819.279,412.493,198.930,155.670,0.993,-1,-1,-1
600,26,819.125,412.328,198.914,155.762,0.994,-1,-1,-1
601,26,818.982,412.665,198.035,156.022,0.993,-1,-1,-1
602,26,818.947,412.639,198.169,156.069,0.993,-1,-1,-1
603,26,818.900,412.674,198.250,156.000,0.993,-1,-1,-1
604,26,819.069,412.677,198.112,155.905,0.994,-1,-1,-1
605,26,818.870,412.657,198.270,155.977,0.994,-1,-1,-1
606,26,818.772,412.609,198.336,155.915,0.994,-1,-1,-1
607,26,818.725,412.606,198.351,155.925,0.994,-1,-1,-1
608,26,818.738,412.677,198.408,155.884,0.993,-1,-1,-1
609,26,817.849,411.905,199.490,157.402,0.992,-1,-1,-1
610,26,817.972,411.910,199.202,157.482,0.992,-1,-1,-1
611,26,817.749,411.765,199.503,157.431,0.992,-1,-1,-1
612,26,817.704,411.648,199.517,157.556,0.992,-1,-1,-1
613,26,818.306,411.866,198.906,157.160,0.992,-1,-1,-1
614,26,818.277,411.865,198.938,157.135,0.992,-1,-1,-1
615,26,818.318,411.849,198.897,157.114,0.992,-1,-1,-1
616,26,818.365,411.775,198.823,157.277,0.991,-1,-1,-1
617,26,818.886,412.315,198.495,156.214,0.990,-1,-1,-1
618,26,818.625,412.260,198.653,156.276,0.990,-1,-1,-1
619,26,818.646,412.173,198.522,156.415,0.990,-1,-1,-1
620,26,818.677,412.248,198.400,156.381,0.990,-1,-1,-1
621,26,818.712,412.186,198.434,156.442,0.990,-1,-1,-1
622,26,818.675,412.219,198.503,156.377,0.991,-1,-1,-1
623,26,818.716,412.317,198.498,156.310,0.991,-1,-1,-1
624,26,818.866,412.528,198.019,156.034,0.991,-1,-1,-1
625,26,818.273,411.371,199.190,157.321,0.991,-1,-1,-1
626,26,818.487,411.453,199.068,157.369,0.991,-1,-1,-1
627,26,818.487,411.418,199.028,157.329,0.991,-1,-1,-1
628,26,818.573,411.492,198.856,157.278,0.991,-1,-1,-1
629,26,818.572,411.524,198.814,157.241,0.991,-1,-1,-1
630,26,818.627,411.593,198.753,157.184,0.991,-1,-1,-1
631,26,818.651,411.573,198.709,157.097,0.991,-1,-1,-1
632,26,818.570,411.450,198.849,157.387,0.991,-1,-1,-1
633,26,819.082,412.565,197.904,155.821,0.993,-1,-1,-1
634,26,819.043,412.434,198.010,156.021,0.993,-1,-1,-1
635,26,819.042,412.375,198.069,156.076,0.993,-1,-1,-1
636,26,819.049,412.412,197.922,156.057,0.993,-1,-1,-1
637,26,819.864,412.805,197.018,155.971,0.994,-1,-1,-1
638,26,819.704,412.648,197.196,156.011,0.994,-1,-1,-1
639,26,819.725,412.791,197.156,155.964,0.994,-1,-1,-1
640,26,819.732,412.646,197.221,156.007,0.994,-1,-1,-1
641,26,819.313,412.937,197.152,155.193,0.994,-1,-1,-1
642,26,819.294,413.007,197.293,155.207,0.994,-1,-1,-1
643,26,819.266,412.947,197.384,155.200,0.994,-1,-1,-1
644,26,819.467,413.042,197.279,155.175,0.993,-1,-1,-1
645,26,819.417,412.720,197.441,155.434,0.993,-1,-1,-1
646,26,819.479,412.774,197.413,155.630,0.993,-1,-1,-1
647,26,819.455,412.723,197.414,155.657,0.993,-1,-1,-1
648,26,819.506,412.698,197.422,155.591,0.993,-1,-1,-1
649,26,819.284,412.814,197.978,155.795,0.993,-1,-1,-1
650,26,819.360,412.904,198.044,155.467,0.994,-1,-1,-1
651,26,819.651,412.946,197.960,155.376,0.993,-1,-1,-1
652,26,819.965,413.209,197.879,155.349,0.993,-1,-1,-1
653,26,819.543,413.236,197.807,155.367,0.994,-1,-1,-1
654,26,819.718,413.409,197.726,155.319,0.994,-1,-1,-1
655,26,819.857,413.432,197.699,155.270,0.994,-1,-1,-1
656,26,819.941,413.601,197.595,155.140,0.994,-1,-1,-1
657,26,819.890,413.853,197.140,154.490,0.995,-1,-1,-1
658,26,819.445,414.064,197.586,154.497,0.994,-1,-1,-1
659,26,819.456,413.944,197.661,154.686,0.994,-1,-1,-1
660,26,819.566,414.075,197.550,154.768,0.995,-1,-1,-1
661,26,819.979,413.830,197.197,154.557,0.994,-1,-1,-1
661,35,1384.426,462.131,528.271,234.945,0.753,-1,-1,-1
662,26,819.594,413.707,197.779,154.392,0.994,-1,-1,-1
662,35,1337.372,465.818,535.679,239.310,0.948,-1,-1,-1
663,26,820.044,413.806,197.500,154.280,0.994,-1,-1,-1
663,35,1299.833,468.829,539.769,241.302,0.976,-1,-1,-1
664,26,820.334,414.133,197.131,153.933,0.995,-1,-1,-1
664,35,1246.547,474.728,547.027,239.774,0.990,-1,-1,-1
665,26,820.284,413.314,196.603,154.392,0.993,-1,-1,-1
665,35,1184.035,478.007,547.336,237.635,0.995,-1,-1,-1
666,26,820.431,413.200,196.614,154.228,0.994,-1,-1,-1
666,35,1128.812,483.558,548.301,234.230,0.998,-1,-1,-1
667,26,820.298,413.096,196.674,154.081,0.992,-1,-1,-1
667,35,1086.543,485.352,545.281,235.023,0.997,-1,-1,-1
668,26,820.265,413.005,196.568,154.234,0.993,-1,-1,-1
668,35,1032.851,488.759,542.679,231.736,0.997,-1,-1,-1
669,26,822.360,413.123,195.639,153.404,0.984,-1,-1,-1
669,35,978.785,490.085,549.690,230.927,0.999,-1,-1,-1
670,26,825.578,413.015,194.961,155.163,0.949,-1,-1,-1
670,35,917.650,489.875,550.676,231.350,0.998,-1,-1,-1
671,26,823.427,412.568,197.694,157.025,0.913,-1,-1,-1
671,35,877.172,487.857,545.671,233.878,0.998,-1,-1,-1
672,26,820.619,409.647,199.628,158.798,0.622,-1,-1,-1
672,35,829.282,485.920,541.955,235.035,0.999,-1,-1,-1
673,26,777.751,484.027,531.809,233.757,0.999,-1,-1,-1
673,35,779.455,485.651,541.955,235.035,0.999,-1,-1,-1
674,26,738.689,481.815,506.704,232.730,0.999,-1,-1,-1
674,35,736.003,484.982,541.955,235.035,0.999,-1,-1,-1
675,26,714.880,476.335,490.315,234.798,0.999,-1,-1,-1
675,35,704.396,484.212,541.955,235.035,0.999,-1,-1,-1
676,26,681.775,470.010,463.756,232.480,0.999,-1,-1,-1
676,35,681.290,483.553,541.955,235.035,0.999,-1,-1,-1
677,26,659.058,465.572,439.125,228.426,0.999,-1,-1,-1
678,26,631.628,462.627,412.143,225.094,0.999,-1,-1,-1
679,26,615.956,461.406,389.845,219.153,1.000,-1,-1,-1
680,26,601.378,457.468,368.498,214.944,0.999,-1,-1,-1
681,26,589.057,454.005,347.991,212.612,0.999,-1,-1,-1
682,26,576.897,449.855,326.716,208.048,0.999,-1,-1,-1
683,26,568.383,447.004,312.065,206.385,0.999,-1,-1,-1
684,26,556.545,444.887,296.816,199.909,0.999,-1,-1,-1
685,26,553.824,440.928,273.675,194.793,0.999,-1,-1,-1
686,26,551.581,437.363,255.008,191.941,0.999,-1,-1,-1
687,26,550.349,433.143,244.094,189.337,0.999,-1,-1,-1
688,26,547.152,430.595,236.755,186.474,0.998,-1,-1,-1
689,26,544.536,426.459,225.267,180.202,0.998,-1,-1,-1
690,26,542.189,423.609,222.005,178.412,0.998,-1,-1,-1
691,26,540.623,420.226,218.718,177.725,0.998,-1,-1,-1
692,26,541.572,415.322,212.017,178.032,0.998,-1,-1,-1
693,26,540.740,410.099,205.208,173.187,0.997,-1,-1,-1
694,26,540.676,404.486,202.294,171.881,0.996,-1,-1,-1
695,26,539.255,403.230,200.176,169.322,0.997,-1,-1,-1
696,26,539.853,398.834,197.441,167.606,0.997,-1,-1,-1
697,26,541.863,394.338,193.351,164.765,0.997,-1,-1,-1
698,26,542.049,391.067,192.353,161.002,0.997,-1,-1,-1
699,26,542.185,388.148,188.690,159.996,0.997,-1,-1,-1
700,26,540.511,384.093,187.535,159.057,0.997,-1,-1,-1
701,26,540.698,381.139,184.303,155.768,0.997,-1,-1,-1
702,26,539.502,375.783,185.450,157.270,0.997,-1,-1,-1
703,26,539.066,374.327,183.894,153.005,0.996,-1,-1,-1
704,26,538.556,372.673,181.540,150.310,0.995,-1,-1,-1
705,26,539.081,369.131,179.421,149.684,0.996,-1,-1,-1
706,26,540.779,365.503,176.036,148.337,0.997,-1,-1,-1
707,26,542.126,363.441,173.740,146.069,0.996,-1,-1,-1
708,26,542.956,358.359,171.451,145.962,0.996,-1,-1,-1
709,26,544.433,355.351,170.711,145.105,0.996,-1,-1,-1
710,26,546.764,353.211,166.599,140.911,0.996,-1,-1,-1
711,26,548.052,351.641,164.848,138.686,0.996,-1,-1,-1
712,26,548.455,348.468,165.203,137.071,0.997,-1,-1,-1
713,26,550.817,344.405,162.872,135.807,0.996,-1,-1,-1
714,26,551.888,341.915,160.857,135.312,0.996,-1,-1,-1
715,26,553.455,340.197,158.920,132.131,0.997,-1,-1,-1
716,26,553.971,336.480,157.896,133.246,0.996,-1,-1,-1
717,26,554.327,335.074,158.212,131.900,0.997,-1,-1,-1
718,26,555.249,333.054,156.778,130.083,0.996,-1,-1,-1
719,26,555.956,332.859,155.799,128.266,0.996,-1,-1,-1
720,26,556.703,328.126,154.613,129.080,0.997,-1,-1,-1
721,26,558.698,325.463,152.576,128.233,0.997,-1,-1,-1
722,26,559.736,322.524,150.597,127.771,0.996,-1,-1,-1
723,26,559.606,321.102,150.043,126.654,0.996,-1,-1,-1
724,26,560.079,319.879,149.386,126.029,0.996,-1,-1,-1
725,26,561.167,317.084,148.099,125.947,0.996,-1,-1,-1
726,26,561.278,315.690,147.828,125.269,0.997,-1,-1,-1
727,26,561.641,314.617,146.604,124.033,0.997,-1,-1,-1
728,26,562.623,313.205,144.653,122.671,0.996,-1,-1,-1
729,26,563.316,310.036,142.663,122.264,0.996,-1,-1,-1
730,26,563.965,306.896,142.159,120.400,0.996,-1,-1,-1
731,26,564.216,305.831,140.138,118.668,0.996,-1,-1,-1
732,26,564.614,304.018,139.846,118.385,0.996,-1,-1,-1
733,26,565.231,302.069,138.785,118.618,0.996,-1,-1,-1
734,26,565.902,301.053,136.384,118.193,0.995,-1,-1,-1
735,26,566.358,299.446,136.745,118.367,0.995,-1,-1,-1
736,26,565.981,297.577,134.982,117.196,0.995,-1,-1,-1
737,26,567.102,296.680,133.862,116.390,0.995,-1,-1,-1
738,26,567.899,294.371,131.701,116.072,0.995,-1,-1,-1
739,26,567.681,294.249,131.620,115.383,0.994,-1,-1,-1
740,26,567.997,292.307,131.961,116.467,0.995,-1,-1,-1
741,26,568.528,291.727,131.321,114.726,0.994,-1,-1,-1
742,26,568.711,290.057,130.284,114.219,0.995,-1,-1,-1
743,26,567.859,289.276,131.311,113.256,0.995,-1,-1,-1
744,26,567.396,287.521,130.793,113.252,0.993,-1,-1,-1
745,26,566.801,286.210,130.381,113.165,0.993,-1,-1,-1
746,26,567.951,285.058,129.267,112.338,0.992,-1,-1,-1
747,26,567.694,284.304,130.281,112.671,0.992,-1,-1,-1
748,26,567.983,283.024,129.744,112.281,0.992,-1,-1,-1
749,26,568.689,281.237,127.472,111.300,0.992,-1,-1,-1
750,26,570.198,280.430,125.833,109.059,0.990,-1,-1,-1
751,26,570.703,280.180,125.854,109.016,0.990,-1,-1,-1
752,26,571.894,278.155,124.489,108.018,0.988,-1,-1,-1
753,26,572.880,276.352,124.608,108.289,0.992,-1,-1,-1
754,26,574.460,275.973,123.787,106.207,0.992,-1,-1,-1
755,26,575.754,274.695,123.032,106.453,0.990,-1,-1,-1
756,26,576.608,273.818,122.897,106.116,0.991,-1,-1,-1
757,26,577.606,272.099,121.843,104.711,0.988,-1,-1,-1
758,26,577.014,272.623,122.077,103.685,0.988,-1,-1,-1
759,26,574.810,272.354,122.764,104.042,0.989,-1,-1,-1
760,26,571.868,270.830,123.306,104.136,0.990,-1,-1,-1
761,26,567.094,269.034,123.937,104.080,0.992,-1,-1,-1
762,26,559.375,267.246,126.734,106.172,0.994,-1,-1,-1
763,26,556.930,267.562,126.861,105.328,0.992,-1,-1,-1
764,26,549.525,267.235,128.825,104.750,0.982,-1,-1,-1
765,26,538.082,264.804,130.514,106.806,0.990,-1,-1,-1
766,26,527.553,263.813,133.025,106.202,0.985,-1,-1,-1
767,26,520.516,262.457,133.807,106.862,0.969,-1,-1,-1
768,26,505.806,262.850,138.269,105.901,0.959,-1,-1,-1
769,26,492.522,263.206,140.461,105.138,0.934,-1,-1,-1
770,26,474.823,264.012,151.058,105.372,0.984,-1,-1,-1
771,26,457.140,264.828,154.322,105.032,0.969,-1,-1,-1
772,26,446.802,263.025,153.633,104.682,0.802,-1,-1,-1
773,26,429.247,263.617,159.849,105.180,0.797,-1,-1,-1
774,26,407.924,262.472,168.523,107.395,0.644,-1,-1,-1
775,26,393.484,261.863,173.160,108.449,0.610,-1,-1,-1
776,26,382.632,261.595,173.160,108.449,0.610,-1,-1,-1
777,26,373.915,261.707,173.160,108.449,0.610,-1,-1,-1
778,26,368.084,261.619,173.160,108.449,0.610,-1,-1,-1
779,26,365.653,261.520,173.160,108.449,0.610,-1,-1,-1
947,52,854.582,838.341,551.959,242.709,0.586,-1,-1,-1
948,52,846.087,814.241,521.227,266.354,0.853,-1,-1,-1
949,52,837.702,790.785,500.980,289.288,0.962,-1,-1,-1
950,52,832.307,765.911,477.517,312.832,0.979,-1,-1,-1
951,52,831.738,747.368,457.910,330.343,0.993,-1,-1,-1
952,52,830.318,720.761,441.328,348.432,0.997,-1,-1,-1
953,52,834.456,699.068,420.855,348.729,0.998,-1,-1,-1
954,52,837.407,684.434,405.172,339.508,0.999,-1,-1,-1
955,52,845.599,671.294,398.582,332.467,0.999,-1,-1,-1
956,52,858.251,653.453,398.814,325.954,0.999,-1,-1,-1
957,52,872.837,641.174,407.915,316.193,0.999,-1,-1,-1
958,52,890.318,626.960,424.810,312.234,0.999,-1,-1,-1
959,52,913.325,618.444,434.021,308.670,0.999,-1,-1,-1
960,52,945.124,608.577,450.425,300.637,0.999,-1,-1,-1
961,52,987.447,599.840,457.025,292.043,0.999,-1,-1,-1
962,52,1038.437,589.930,472.018,291.628,0.998,-1,-1,-1
963,52,1082.317,583.760,470.900,287.102,0.998,-1,-1,-1
964,52,1148.138,574.068,472.837,281.979,0.998,-1,-1,-1
965,52,1208.362,563.532,482.548,279.152,0.998,-1,-1,-1
966,52,1286.805,545.125,488.728,275.001,0.998,-1,-1,-1
967,52,1339.607,534.980,496.100,271.068,0.997,-1,-1,-1
968,52,1410.630,518.996,501.204,268.577,0.991,-1,-1,-1
969,52,1494.212,506.249,421.957,263.162,0.785,-1,-1,-1
970,52,1561.587,490.213,357.413,263.162,0.785,-1,-1,-1
971,52,1625.230,476.009,293.770,263.162,0.785,-1,-1,-1
972,52,1695.283,460.687,223.717,263.162,0.785,-1,-1,-1
973,52,1750.631,448.812,168.369,263.162,0.785,-1,-1,-1
1108,58,174.212,543.142,383.939,278.461,0.883,-1,-1,-1
1109,58,198.646,541.528,416.181,277.627,0.973,-1,-1,-1
1110,58,211.906,539.025,463.946,284.133,0.990,-1,-1,-1
1111,58,223.578,538.199,495.293,285.771,0.996,-1,-1,-1
1112,58,227.148,536.849,561.991,289.188,0.996,-1,-1,-1
1113,58,263.322,538.182,614.789,285.577,0.998,-1,-1,-1
1114,58,320.380,536.044,644.639,289.443,0.999,-1,-1,-1
1115,58,360.947,537.730,660.032,290.121,0.999,-1,-1,-1
1116,58,436.050,540.907,676.431,288.230,0.999,-1,-1,-1
1117,58,519.560,542.257,688.407,290.216,0.999,-1,-1,-1
1118,58,616.172,551.706,683.253,282.423,0.999,-1,-1,-1
1119,58,685.422,554.497,680.253,281.115,0.999,-1,-1,-1
1120,58,776.673,559.811,677.209,277.618,0.999,-1,-1,-1
1121,58,880.076,560.282,658.275,277.787,0.999,-1,-1,-1
1122,58,980.649,556.427,649.866,276.698,0.999,-1,-1,-1
1123,58,1061.558,553.326,634.304,280.940,0.999,-1,-1,-1
1124,58,1169.829,545.167,613.462,282.908,0.998,-1,-1,-1
1125,58,1276.050,538.040,587.258,273.944,0.994,-1,-1,-1
1126,58,1376.131,525.605,537.868,274.504,0.952,-1,-1,-1
1127,58,1444.325,515.659,471.037,270.645,0.913,-1,-1,-1
1128,58,1545.054,508.248,371.474,265.924,0.557,-1,-1,-1
1129,58,1614.919,496.754,304.081,265.924,0.557,-1,-1,-1
1130,58,1685.234,484.804,233.766,265.924,0.557,-1,-1,-1
1131,58,1740.479,475.275,178.521,265.924,0.557,-1,-1,-1
1132,58,1788.772,468.131,130.228,265.924,0.557,-1,-1,-1
