190,1,1.448,1132.659,739.959,677.995,0.948,-1,-1,-1
191,1,1.288,1125.890,952.982,602.776,0.994,-1,-1,-1
192,1,254.742,1119.909,850.220,510.717,0.999,-1,-1,-1
193,1,525.230,1115.725,723.524,449.891,0.999,-1,-1,-1
194,1,732.770,1104.975,619.430,413.951,1.000,-1,-1,-1
195,1,902.427,1103.776,540.686,371.815,1.000,-1,-1,-1
196,1,1031.000,1105.464,481.159,334.262,1.000,-1,-1,-1
197,1,1139.927,1102.644,431.535,297.915,1.000,-1,-1,-1
198,1,1233.319,1102.623,372.342,271.661,1.000,-1,-1,-1
199,1,1309.409,1095.985,341.496,255.430,1.000,-1,-1,-1
200,1,1378.474,1091.082,305.757,237.433,1.000,-1,-1,-1
201,1,1435.466,1085.088,283.345,230.341,0.999,-1,-1,-1
202,1,1483.643,1084.476,258.608,217.187,0.999,-1,-1,-1
203,1,1523.963,1080.574,243.275,209.899,0.999,-1,-1,-1
204,1,1559.603,1079.489,222.093,193.289,0.999,-1,-1,-1
205,1,1585.415,1071.210,214.381,189.059,0.999,-1,-1,-1
206,1,1611.275,1066.705,201.029,183.660,0.998,-1,-1,-1
207,1,1629.393,1063.591,190.299,173.221,0.998,-1,-1,-1
208,1,1648.419,1061.798,182.276,166.177,0.998,-1,-1,-1
209,1,1660.823,1055.997,182.050,163.003,0.998,-1,-1,-1
210,1,1675.586,1049.931,173.688,157.142,0.998,-1,-1,-1
211,1,1687.018,1044.831,168.016,154.058,0.997,-1,-1,-1
212,1,1695.589,1039.670,161.938,150.161,0.997,-1,-1,-1
213,1,1706.384,1036.267,155.732,144.178,0.996,-1,-1,-1
214,1,1718.213,1030.991,146.279,140.954,0.995,-1,-1,-1
215,1,1724.283,1025.098,142.295,139.671,0.994,-1,-1,-1
216,1,1729.782,1022.331,141.067,137.144,0.994,-1,-1,-1
217,1,1733.111,1017.844,138.883,136.569,0.993,-1,-1,-1
218,1,1735.543,1014.459,137.192,133.429,0.992,-1,-1,-1
219,1,1737.136,1011.008,135.723,129.214,0.992,-1,-1,-1
220,1,1737.933,1008.276,134.566,127.407,0.990,-1,-1,-1
221,1,1742.989,1005.776,129.497,122.748,0.984,-1,-1,-1
222,1,1745.411,1001.599,127.705,120.514,0.977,-1,-1,-1
223,1,1748.034,998.448,125.156,120.242,0.974,-1,-1,-1
224,1,1749.113,996.056,123.027,117.474,0.968,-1,-1,-1
225,1,1749.582,992.310,120.572,113.934,0.954,-1,-1,-1
226,1,1751.325,988.678,118.532,112.457,0.940,-1,-1,-1
227,1,1751.089,986.289,116.148,107.544,0.871,-1,-1,-1
228,1,1749.488,981.997,115.776,107.707,0.856,-1,-1,-1
229,1,1750.328,979.019,115.302,106.504,0.794,-1,-1,-1
230,1,1749.431,975.863,116.241,105.530,0.732,-1,-1,-1
231,1,1749.201,972.927,117.625,106.079,0.702,-1,-1,-1
232,1,1747.097,970.607,119.500,106.513,0.828,-1,-1,-1
233,1,1747.334,968.669,120.755,105.844,0.735,-1,-1,-1
234,1,1745.990,965.860,120.157,106.676,0.735,-1,-1,-1
235,1,1745.691,963.940,120.157,106.676,0.735,-1,-1,-1
236,1,1745.293,962.515,120.157,106.676,0.735,-1,-1,-1
237,1,1745.122,961.490,120.157,106.676,0.735,-1,-1,-1
238,1,1744.770,960.902,120.157,106.676,0.735,-1,-1,-1
582,2,1637.679,925.095,119.048,108.994,0.616,-1,-1,-1
583,2,1636.177,924.976,120.835,111.119,0.824,-1,-1,-1
584,2,1633.223,926.596,122.614,113.018,0.903,-1,-1,-1
585,2,1630.766,927.536,123.211,113.417,0.906,-1,-1,-1
586,2,1626.988,928.511,125.120,114.588,0.936,-1,-1,-1
587,2,1623.938,930.593,125.743,115.431,0.947,-1,-1,-1
588,2,1621.776,932.382,126.532,114.583,0.959,-1,-1,-1
589,2,1621.149,935.663,125.136,113.396,0.955,-1,-1,-1
590,2,1618.397,937.377,127.215,114.949,0.968,-1,-1,-1
591,2,1615.352,938.974,127.581,115.465,0.972,-1,-1,-1
592,2,1611.872,940.715,128.311,114.774,0.971,-1,-1,-1
593,2,1607.652,944.068,128.789,113.394,0.972,-1,-1,-1
594,2,1603.739,945.502,131.085,115.583,0.979,-1,-1,-1
595,2,1597.257,946.610,134.379,117.239,0.984,-1,-1,-1
596,2,1589.894,948.087,136.636,117.501,0.987,-1,-1,-1
597,2,1585.070,949.251,138.437,119.814,0.990,-1,-1,-1
598,2,1578.351,949.902,140.160,122.327,0.990,-1,-1,-1
599,2,1572.205,950.832,143.152,123.886,0.991,-1,-1,-1
600,2,1561.688,950.456,149.657,127.883,0.994,-1,-1,-1
601,2,1552.257,951.678,153.678,128.955,0.995,-1,-1,-1
602,2,1543.861,952.940,154.609,130.978,0.996,-1,-1,-1
603,2,1536.114,953.020,155.457,134.276,0.996,-1,-1,-1
604,2,1526.596,953.277,156.761,138.149,0.996,-1,-1,-1
605,2,1515.434,954.475,159.022,140.461,0.997,-1,-1,-1
606,2,1503.929,955.091,164.732,142.882,0.997,-1,-1,-1
607,2,1488.730,956.524,170.962,146.535,0.998,-1,-1,-1
608,2,1475.922,957.835,173.969,149.460,0.998,-1,-1,-1
609,2,1460.287,958.294,176.739,149.581,0.998,-1,-1,-1
610,2,1443.606,957.466,181.364,155.221,0.999,-1,-1,-1
611,2,1425.135,958.434,186.656,158.055,0.999,-1,-1,-1
612,2,1400.047,959.728,194.760,163.727,0.998,-1,-1,-1
613,2,1378.672,956.844,202.953,171.637,0.998,-1,-1,-1
614,2,1355.705,957.860,212.852,174.544,0.998,-1,-1,-1
615,2,1329.978,957.883,220.180,180.350,0.998,-1,-1,-1
616,2,1304.986,955.492,224.231,185.440,0.998,-1,-1,-1
617,2,1265.733,956.493,243.880,189.140,0.998,-1,-1,-1
617,3,1645.183,919.942,121.033,107.342,0.558,-1,-1,-1
618,2,1226.504,953.676,258.115,196.109,0.999,-1,-1,-1
618,3,1643.072,919.620,122.832,109.441,0.646,-1,-1,-1
619,2,1188.746,954.782,268.443,197.003,0.999,-1,-1,-1
619,3,1641.427,921.301,123.409,109.554,0.774,-1,-1,-1
620,2,1139.888,953.171,283.314,203.302,0.999,-1,-1,-1
620,3,1637.984,922.561,124.714,111.097,0.862,-1,-1,-1
621,2,1089.855,950.938,300.018,209.013,0.999,-1,-1,-1
621,3,1639.476,924.364,126.436,111.766,0.922,-1,-1,-1
622,2,1037.917,948.087,319.881,214.177,0.999,-1,-1,-1
622,3,1637.837,925.108,127.141,114.079,0.945,-1,-1,-1
623,2,980.597,940.590,345.169,226.668,0.999,-1,-1,-1
623,3,1634.749,925.501,128.689,116.012,0.956,-1,-1,-1
624,2,918.322,935.790,365.620,236.121,0.999,-1,-1,-1
624,3,1631.300,927.382,128.937,114.979,0.960,-1,-1,-1
625,2,833.419,928.216,397.962,250.387,1.000,-1,-1,-1
625,3,1629.028,926.744,131.209,118.397,0.965,-1,-1,-1
626,2,743.980,922.479,434.367,263.470,0.999,-1,-1,-1
626,3,1626.697,927.916,130.439,118.676,0.962,-1,-1,-1
627,2,646.825,910.909,466.265,284.865,0.999,-1,-1,-1
627,3,1624.255,930.048,129.702,117.938,0.967,-1,-1,-1
628,2,532.007,905.196,493.466,293.866,0.999,-1,-1,-1
628,3,1621.437,931.914,130.145,117.954,0.969,-1,-1,-1
629,2,403.506,892.994,538.879,311.315,0.999,-1,-1,-1
629,3,1618.201,934.629,130.729,119.206,0.974,-1,-1,-1
630,2,244.342,882.323,604.285,336.956,0.999,-1,-1,-1
630,3,1614.516,938.207,132.457,118.919,0.975,-1,-1,-1
631,2,76.493,871.272,655.404,352.579,0.998,-1,-1,-1
631,3,1609.072,941.318,132.547,118.973,0.978,-1,-1,-1
632,2,4.039,855.101,613.727,377.464,0.924,-1,-1,-1
632,3,1603.858,942.916,133.891,118.315,0.985,-1,-1,-1
633,2,0.000,852.963,488.283,377.464,0.924,-1,-1,-1
633,3,1598.286,943.211,135.422,121.395,0.989,-1,-1,-1
634,2,0.000,850.895,339.197,377.464,0.924,-1,-1,-1
634,3,1588.673,945.745,141.332,121.072,0.993,-1,-1,-1
635,2,0.000,848.384,171.043,377.464,0.924,-1,-1,-1
635,3,1583.867,946.848,139.993,122.096,0.992,-1,-1,-1
636,2,0.000,846.522,31.346,377.464,0.924,-1,-1,-1
636,3,1579.347,947.101,142.532,125.821,0.993,-1,-1,-1
637,3,1570.645,947.731,146.871,127.355,0.995,-1,-1,-1
638,3,1562.624,949.238,149.860,129.003,0.996,-1,-1,-1
639,3,1553.893,949.778,154.139,130.840,0.997,-1,-1,-1
640,3,1545.310,950.346,154.693,132.825,0.997,-1,-1,-1
641,3,1535.107,950.745,157.756,136.991,0.997,-1,-1,-1
642,3,1525.316,949.641,159.375,140.083,0.997,-1,-1,-1
643,3,1513.657,951.854,163.843,143.994,0.997,-1,-1,-1
644,3,1500.394,954.137,168.528,144.627,0.998,-1,-1,-1
645,3,1487.075,954.865,170.718,148.359,0.998,-1,-1,-1
646,3,1470.005,956.153,178.741,151.219,0.999,-1,-1,-1
647,3,1456.800,956.169,178.151,150.348,0.999,-1,-1,-1
648,3,1437.252,956.095,184.887,156.554,0.999,-1,-1,-1
649,3,1417.059,957.393,192.668,159.982,0.999,-1,-1,-1
650,3,1394.584,959.151,196.206,161.883,0.998,-1,-1,-1
651,3,1366.992,958.232,212.102,169.456,0.999,-1,-1,-1
652,3,1341.805,958.486,220.115,171.708,0.999,-1,-1,-1
653,3,1313.266,956.659,233.312,180.586,0.999,-1,-1,-1
654,3,1279.953,956.747,243.745,186.057,0.999,-1,-1,-1
655,3,1236.695,952.139,263.773,195.350,0.999,-1,-1,-1
655,4,1631.683,917.037,118.700,108.054,0.551,-1,-1,-1
656,3,1196.031,952.123,282.433,200.307,0.999,-1,-1,-1
656,4,1629.770,917.162,120.970,109.408,0.692,-1,-1,-1
657,3,1148.395,952.649,294.228,201.510,0.999,-1,-1,-1
657,4,1627.448,919.094,121.828,109.239,0.765,-1,-1,-1
658,3,1092.352,949.513,313.451,206.055,0.999,-1,-1,-1
658,4,1629.113,920.740,123.924,109.120,0.829,-1,-1,-1
659,3,1035.331,944.785,339.273,215.494,0.999,-1,-1,-1
659,4,1626.270,921.392,125.613,111.020,0.872,-1,-1,-1
660,3,975.642,941.103,365.790,222.573,1.000,-1,-1,-1
660,4,1624.922,922.173,124.935,112.417,0.781,-1,-1,-1
661,3,909.945,936.489,393.317,230.877,1.000,-1,-1,-1
661,4,1622.970,924.550,124.677,113.509,0.881,-1,-1,-1
662,3,822.665,928.658,433.072,243.256,1.000,-1,-1,-1
662,4,1619.245,926.292,127.874,114.191,0.923,-1,-1,-1
663,3,724.559,920.435,471.286,260.688,1.000,-1,-1,-1
663,4,1617.183,926.934,129.071,115.443,0.939,-1,-1,-1
664,3,619.216,912.802,513.259,273.466,1.000,-1,-1,-1
664,4,1614.423,928.827,130.292,115.126,0.951,-1,-1,-1
665,3,492.461,905.908,554.747,287.285,1.000,-1,-1,-1
665,4,1610.340,929.524,131.429,115.651,0.959,-1,-1,-1
666,3,354.592,891.842,609.206,302.499,0.999,-1,-1,-1
666,4,1608.263,930.630,131.218,115.385,0.959,-1,-1,-1
667,3,190.762,880.629,672.758,320.755,0.999,-1,-1,-1
667,4,1605.390,932.726,131.894,116.607,0.965,-1,-1,-1
668,3,20.576,867.969,739.449,348.566,0.995,-1,-1,-1
668,4,1603.935,933.969,132.130,117.252,0.976,-1,-1,-1
669,3,4.599,847.246,641.113,368.988,0.927,-1,-1,-1
669,4,1600.718,935.828,131.643,116.947,0.982,-1,-1,-1
670,3,3.753,869.889,501.650,341.729,0.869,-1,-1,-1
670,4,1597.078,937.326,133.579,118.145,0.984,-1,-1,-1
671,3,0.000,868.488,384.077,341.729,0.869,-1,-1,-1
671,4,1592.144,939.634,134.067,118.680,0.985,-1,-1,-1
672,3,0.000,867.485,247.503,341.729,0.869,-1,-1,-1
672,4,1586.731,942.492,136.877,120.677,0.988,-1,-1,-1
673,3,0.000,866.239,138.295,341.729,0.869,-1,-1,-1
673,4,1582.636,944.013,138.328,122.229,0.989,-1,-1,-1
674,3,0.000,867.094,42.115,341.729,0.869,-1,-1,-1
674,4,1576.591,943.368,140.697,124.765,0.991,-1,-1,-1
675,4,1568.056,941.469,145.888,128.870,0.992,-1,-1,-1
676,4,1560.928,942.817,148.870,130.969,0.995,-1,-1,-1
677,4,1549.572,943.983,152.210,133.165,0.995,-1,-1,-1
678,4,1541.996,945.778,155.942,134.499,0.996,-1,-1,-1
679,4,1533.666,946.927,158.820,139.052,0.996,-1,-1,-1
680,4,1520.864,947.191,163.426,139.850,0.997,-1,-1,-1
681,4,1509.789,948.564,163.869,142.052,0.997,-1,-1,-1
682,4,1499.571,952.315,167.453,141.305,0.996,-1,-1,-1
683,4,1484.693,952.727,174.245,145.599,0.997,-1,-1,-1
684,4,1469.294,951.831,178.944,149.206,0.998,-1,-1,-1
685,4,1456.648,952.430,179.131,150.463,0.998,-1,-1,-1
686,4,1439.832,951.574,186.446,156.702,0.998,-1,-1,-1
687,4,1420.554,950.974,194.738,160.939,0.999,-1,-1,-1
688,4,1399.105,952.318,195.388,163.325,0.998,-1,-1,-1
689,4,1370.536,951.843,211.850,172.578,0.999,-1,-1,-1
690,4,1345.952,953.988,221.464,174.322,0.998,-1,-1,-1
691,4,1319.223,952.795,231.050,180.059,0.999,-1,-1,-1
692,4,1292.101,950.659,239.694,184.383,0.998,-1,-1,-1
693,4,1257.707,949.724,252.515,187.168,0.998,-1,-1,-1
694,4,1215.498,946.727,269.556,193.133,0.999,-1,-1,-1
695,4,1177.923,943.782,285.785,200.496,0.999,-1,-1,-1
696,4,1134.470,943.356,295.082,201.276,0.998,-1,-1,-1
697,4,1082.786,937.217,310.485,211.933,0.999,-1,-1,-1
698,4,1024.835,935.128,337.968,217.337,0.999,-1,-1,-1
699,4,967.132,933.647,363.995,223.372,1.000,-1,-1,-1
700,4,904.019,928.974,390.151,233.362,1.000,-1,-1,-1
701,4,824.213,923.693,428.442,243.918,1.000,-1,-1,-1
702,4,740.514,913.613,454.396,262.284,1.000,-1,-1,-1
703,4,642.336,904.084,496.451,279.864,1.000,-1,-1,-1
704,4,528.733,895.509,540.431,293.977,0.999,-1,-1,-1
705,4,403.235,883.844,581.019,309.602,0.999,-1,-1,-1
706,4,255.768,874.140,652.267,327.876,0.999,-1,-1,-1
707,4,97.384,864.401,697.092,346.825,0.998,-1,-1,-1
708,4,6.420,846.020,693.202,375.812,0.975,-1,-1,-1
709,4,3.573,828.453,575.003,391.646,0.865,-1,-1,-1
710,4,1.802,848.915,432.935,363.666,0.739,-1,-1,-1
711,4,0.000,846.875,321.568,363.666,0.739,-1,-1,-1
712,4,0.000,844.916,235.578,363.666,0.739,-1,-1,-1
713,4,0.000,843.733,168.170,363.666,0.739,-1,-1,-1
714,4,0.000,844.480,113.152,363.666,0.739,-1,-1,-1
739,5,0.070,942.117,788.946,714.168,0.623,-1,-1,-1
740,5,2.976,951.990,896.644,758.606,0.910,-1,-1,-1
741,5,2.630,958.641,989.266,702.074,0.973,-1,-1,-1
742,5,0.523,972.312,1071.770,645.254,0.990,-1,-1,-1
743,5,154.105,976.162,1007.276,586.790,0.998,-1,-1,-1
744,5,320.257,974.958,915.536,566.578,0.998,-1,-1,-1
745,5,459.494,967.216,841.000,536.676,0.999,-1,-1,-1
746,5,591.156,980.022,755.742,503.163,0.999,-1,-1,-1
747,5,697.371,985.773,703.286,476.518,1.000,-1,-1,-1
748,5,805.231,986.762,646.242,457.988,0.999,-1,-1,-1
749,5,887.746,991.602,606.535,437.190,0.999,-1,-1,-1
750,5,955.524,998.920,581.940,414.463,0.999,-1,-1,-1
751,5,1029.552,1004.076,545.429,391.302,1.000,-1,-1,-1
752,5,1091.225,1005.095,517.376,376.766,1.000,-1,-1,-1
753,5,1147.095,1010.681,480.559,348.533,1.000,-1,-1,-1
754,5,1203.703,1014.372,444.405,331.983,1.000,-1,-1,-1
755,5,1250.494,1016.172,422.172,313.018,1.000,-1,-1,-1
756,5,1296.412,1018.768,393.098,300.017,1.000,-1,-1,-1
757,5,1336.590,1017.616,371.249,292.806,1.000,-1,-1,-1
758,5,1372.030,1017.878,350.550,280.783,1.000,-1,-1,-1
759,5,1402.734,1019.276,332.498,272.302,0.999,-1,-1,-1
760,5,1430.588,1019.852,321.742,263.891,0.999,-1,-1,-1
761,5,1458.537,1019.869,301.557,249.985,0.999,-1,-1,-1
762,5,1483.405,1018.644,290.786,247.965,0.999,-1,-1,-1
763,5,1511.791,1019.675,272.885,235.885,0.999,-1,-1,-1
764,5,1531.878,1016.976,264.841,232.159,0.999,-1,-1,-1
765,5,1550.272,1015.294,251.898,226.738,0.999,-1,-1,-1
766,5,1568.372,1020.768,241.736,213.020,0.999,-1,-1,-1
767,5,1578.920,1014.949,236.234,218.850,0.999,-1,-1,-1
768,5,1593.838,1013.909,224.186,211.295,0.999,-1,-1,-1
769,5,1607.831,1013.777,213.672,204.263,0.999,-1,-1,-1
770,5,1616.129,1011.083,208.555,201.770,0.999,-1,-1,-1
771,5,1628.056,1012.119,200.749,191.478,0.998,-1,-1,-1
772,5,1636.636,1010.108,195.316,188.293,0.998,-1,-1,-1
773,5,1645.952,1008.067,190.664,184.192,0.998,-1,-1,-1
774,5,1653.785,1007.368,186.317,177.424,0.998,-1,-1,-1
775,5,1659.377,1006.341,183.622,173.314,0.998,-1,-1,-1
776,5,1667.233,1005.632,180.100,169.559,0.998,-1,-1,-1
777,5,1672.488,1004.857,177.166,167.508,0.998,-1,-1,-1
778,5,1676.919,1002.719,177.284,164.147,0.998,-1,-1,-1
779,5,1682.278,1000.017,172.490,160.876,0.997,-1,-1,-1
780,5,1688.918,997.924,168.165,159.039,0.997,-1,-1,-1
781,5,1693.149,995.354,164.875,157.588,0.997,-1,-1,-1
782,5,1697.939,994.798,162.418,154.606,0.997,-1,-1,-1
783,5,1700.088,991.858,163.053,155.397,0.996,-1,-1,-1
784,5,1703.721,990.615,160.623,151.962,0.996,-1,-1,-1
785,5,1706.704,988.501,156.718,149.821,0.995,-1,-1,-1
786,5,1710.572,987.106,152.780,146.671,0.994,-1,-1,-1
787,5,1714.165,986.431,150.074,143.882,0.993,-1,-1,-1
788,5,1715.427,985.750,149.378,143.044,0.994,-1,-1,-1
789,5,1718.327,981.356,147.786,144.308,0.994,-1,-1,-1
790,5,1720.145,979.980,147.021,141.951,0.993,-1,-1,-1
791,5,1721.925,978.076,144.821,140.373,0.992,-1,-1,-1
792,5,1721.054,977.452,144.688,137.637,0.991,-1,-1,-1
793,5,1722.119,976.122,143.144,136.939,0.992,-1,-1,-1
794,5,1724.183,976.174,140.505,135.497,0.992,-1,-1,-1
795,5,1725.524,974.902,140.596,134.634,0.991,-1,-1,-1
796,5,1727.130,972.494,139.142,132.797,0.990,-1,-1,-1
797,5,1728.556,972.671,135.754,128.515,0.986,-1,-1,-1
798,5,1729.211,973.544,133.340,123.954,0.979,-1,-1,-1
799,5,1730.762,971.607,133.199,124.566,0.982,-1,-1,-1
800,5,1731.073,970.817,132.910,122.101,0.976,-1,-1,-1
801,5,1729.745,968.703,134.194,121.609,0.975,-1,-1,-1
802,5,1729.006,967.373,135.835,118.911,0.967,-1,-1,-1
803,5,1730.230,966.259,133.880,116.985,0.954,-1,-1,-1
804,5,1729.370,964.172,134.097,117.569,0.937,-1,-1,-1
805,5,1730.705,962.443,131.736,117.315,0.927,-1,-1,-1
806,5,1730.840,960.462,127.213,116.592,0.910,-1,-1,-1
807,5,1730.693,961.563,123.458,112.707,0.769,-1,-1,-1
808,5,1729.441,958.335,123.118,114.010,0.651,-1,-1,-1
809,5,1728.352,956.770,123.118,114.010,0.651,-1,-1,-1
810,5,1727.228,955.549,123.118,114.010,0.651,-1,-1,-1
811,5,1726.528,954.776,123.118,114.010,0.651,-1,-1,-1
812,5,1726.231,954.144,123.118,114.010,0.651,-1,-1,-1
938,6,2.242,1242.236,654.740,678.234,0.766,-1,-1,-1
939,6,1.362,1206.526,789.825,717.123,0.890,-1,-1,-1
940,6,2.174,1214.780,912.906,709.774,0.940,-1,-1,-1
941,6,3.005,1228.623,1030.997,697.418,0.975,-1,-1,-1
942,6,3.244,1241.129,1147.803,682.626,0.994,-1,-1,-1
943,6,21.992,1251.719,1233.381,667.614,0.997,-1,-1,-1
944,6,198.704,1255.857,1174.207,653.062,0.998,-1,-1,-1
945,6,333.868,1259.662,1156.806,628.273,0.998,-1,-1,-1
946,6,475.449,1268.552,1119.678,601.758,0.998,-1,-1,-1
947,6,623.486,1279.273,1064.792,573.853,0.998,-1,-1,-1
948,6,757.946,1299.784,1017.592,551.184,0.998,-1,-1,-1
949,6,888.718,1320.451,967.301,527.594,0.998,-1,-1,-1
950,6,999.032,1333.902,926.576,511.350,0.998,-1,-1,-1
951,6,1107.138,1354.402,892.552,499.184,0.999,-1,-1,-1
952,6,1220.811,1375.000,853.523,486.361,0.999,-1,-1,-1
953,6,1328.055,1393.020,828.455,475.884,0.998,-1,-1,-1
954,6,1414.155,1405.851,822.794,475.240,0.998,-1,-1,-1
955,6,1511.109,1421.000,801.566,469.444,0.998,-1,-1,-1
956,6,1609.001,1437.512,797.931,462.796,0.997,-1,-1,-1
957,6,1699.564,1447.227,786.198,464.054,0.997,-1,-1,-1
958,6,1781.749,1463.059,773.769,462.388,0.993,-1,-1,-1
959,6,1863.912,1483.095,690.974,445.798,0.985,-1,-1,-1
960,6,1943.254,1507.917,611.439,423.994,0.910,-1,-1,-1
961,6,2017.447,1531.189,537.375,400.660,0.831,-1,-1,-1
962,6,2078.050,1552.746,477.152,378.624,0.793,-1,-1,-1
963,6,2151.017,1576.358,406.209,354.776,0.612,-1,-1,-1
964,6,2195.829,1590.202,363.171,328.798,0.612,-1,-1,-1
965,6,2248.775,1605.941,310.225,313.059,0.612,-1,-1,-1
966,6,2294.319,1619.471,264.681,299.529,0.612,-1,-1,-1
967,6,2333.766,1630.929,225.234,288.071,0.612,-1,-1,-1
971,8,1657.392,915.881,124.706,113.041,0.512,-1,-1,-1
972,8,1657.418,915.937,124.706,113.041,0.512,-1,-1,-1
973,8,1657.447,915.990,124.706,113.041,0.512,-1,-1,-1
974,8,1655.982,915.445,127.489,117.102,0.666,-1,-1,-1
975,8,1657.275,916.517,127.584,117.898,0.798,-1,-1,-1
976,8,1658.341,919.988,126.193,116.363,0.847,-1,-1,-1
977,8,1659.131,921.587,126.394,115.975,0.886,-1,-1,-1
978,8,1660.519,921.510,126.657,117.197,0.903,-1,-1,-1
979,8,1661.904,922.024,125.436,117.317,0.879,-1,-1,-1
980,8,1662.787,923.451,126.261,117.412,0.905,-1,-1,-1
981,8,1662.404,924.948,126.209,116.779,0.921,-1,-1,-1
982,8,1662.819,925.107,125.608,117.331,0.926,-1,-1,-1
983,8,1662.614,925.811,126.219,117.871,0.930,-1,-1,-1
984,8,1661.580,926.531,127.599,117.649,0.940,-1,-1,-1
985,8,1660.766,926.445,128.636,118.650,0.948,-1,-1,-1
986,8,1659.605,927.367,129.648,118.289,0.932,-1,-1,-1
987,8,1657.405,928.074,132.727,118.627,0.955,-1,-1,-1
988,8,1656.654,928.319,133.769,119.126,0.965,-1,-1,-1
989,8,1655.908,926.907,132.983,121.359,0.960,-1,-1,-1
990,8,1655.363,928.001,132.434,121.379,0.964,-1,-1,-1
991,8,1653.830,927.651,133.470,123.017,0.976,-1,-1,-1
992,8,1652.350,928.293,136.127,124.532,0.983,-1,-1,-1
993,8,1649.953,927.349,138.204,125.991,0.984,-1,-1,-1
994,8,1647.965,927.908,139.941,126.688,0.987,-1,-1,-1
995,8,1645.620,928.396,140.602,127.234,0.987,-1,-1,-1
996,8,1642.590,930.577,141.361,126.430,0.989,-1,-1,-1
997,8,1641.477,929.533,141.036,129.420,0.990,-1,-1,-1
998,8,1637.180,928.972,142.292,130.720,0.990,-1,-1,-1
999,8,1633.994,931.363,140.210,127.770,0.988,-1,-1,-1
1000,8,1629.851,933.944,140.850,126.112,0.989,-1,-1,-1
1001,8,1628.279,934.603,142.637,126.667,0.990,-1,-1,-1
1002,8,1626.208,934.805,142.591,127.400,0.990,-1,-1,-1
1003,8,1622.006,938.929,142.598,126.514,0.991,-1,-1,-1
1004,8,1619.619,939.698,143.917,128.079,0.992,-1,-1,-1
1005,8,1615.612,938.532,145.700,131.430,0.993,-1,-1,-1
1006,8,1613.583,938.944,145.410,132.224,0.993,-1,-1,-1
1007,8,1609.894,938.503,146.482,134.204,0.993,-1,-1,-1
1008,8,1606.974,936.307,147.554,137.108,0.994,-1,-1,-1
1009,8,1602.877,937.705,148.770,136.192,0.993,-1,-1,-1
1010,8,1599.305,937.791,149.785,137.491,0.994,-1,-1,-1
1011,8,1594.540,940.047,152.697,136.656,0.994,-1,-1,-1
1012,8,1590.846,939.404,153.518,137.459,0.995,-1,-1,-1
1013,8,1585.728,939.563,156.017,140.447,0.995,-1,-1,-1
1014,8,1580.574,940.694,157.880,141.077,0.996,-1,-1,-1
1015,8,1574.853,938.622,159.674,147.237,0.996,-1,-1,-1
1016,8,1569.229,936.672,162.439,150.624,0.997,-1,-1,-1
1017,8,1563.361,935.117,163.849,151.860,0.996,-1,-1,-1
1018,8,1558.447,936.927,165.693,150.119,0.997,-1,-1,-1
1019,8,1551.149,937.077,171.432,153.682,0.997,-1,-1,-1
1020,8,1545.201,935.273,174.156,157.945,0.997,-1,-1,-1
1021,8,1539.165,936.828,177.080,158.472,0.998,-1,-1,-1
1022,8,1532.978,937.639,179.503,159.488,0.998,-1,-1,-1
1023,8,1527.232,939.864,179.851,159.296,0.998,-1,-1,-1
1024,8,1519.579,940.983,182.658,158.682,0.998,-1,-1,-1
1025,8,1510.351,942.773,186.234,160.528,0.998,-1,-1,-1
1026,8,1500.022,939.853,192.418,166.630,0.998,-1,-1,-1
1027,8,1491.574,940.570,193.460,167.558,0.998,-1,-1,-1
1028,8,1481.628,938.950,195.747,172.342,0.998,-1,-1,-1
1029,8,1472.916,941.515,197.050,173.010,0.997,-1,-1,-1
1030,8,1461.419,938.018,203.256,179.426,0.997,-1,-1,-1
1031,8,1452.402,940.068,207.800,178.322,0.998,-1,-1,-1
1032,8,1438.887,941.861,215.338,177.713,0.997,-1,-1,-1
1033,8,1425.250,939.682,219.673,184.225,0.997,-1,-1,-1
1034,8,1410.102,937.030,226.399,190.969,0.999,-1,-1,-1
1035,8,1395.957,940.060,233.117,190.768,0.999,-1,-1,-1
1036,8,1381.292,937.226,240.376,196.828,0.999,-1,-1,-1
1037,8,1363.522,932.209,245.436,206.125,0.999,-1,-1,-1
1038,8,1347.123,933.499,248.782,209.097,0.999,-1,-1,-1
1039,8,1327.670,932.561,258.850,211.450,0.999,-1,-1,-1
1040,8,1313.647,932.832,262.985,213.120,0.999,-1,-1,-1
1041,8,1283.217,932.801,284.236,217.967,0.999,-1,-1,-1
1042,8,1258.081,930.714,296.391,221.343,0.999,-1,-1,-1
1043,8,1230.598,929.507,311.610,227.683,0.999,-1,-1,-1
1044,8,1209.347,925.069,316.820,238.266,0.999,-1,-1,-1
1045,8,1178.825,923.244,329.956,240.848,1.000,-1,-1,-1
1046,8,1148.696,920.236,347.076,249.915,1.000,-1,-1,-1
1047,8,1107.564,916.777,368.889,256.005,1.000,-1,-1,-1
1048,8,1070.528,914.843,378.868,262.410,1.000,-1,-1,-1
1049,8,1035.218,913.881,397.155,269.126,1.000,-1,-1,-1
1050,8,988.170,911.177,422.325,279.958,1.000,-1,-1,-1
1051,8,945.535,904.599,445.918,293.668,1.000,-1,-1,-1
1052,8,901.994,901.012,470.498,301.407,1.000,-1,-1,-1
1053,8,839.515,895.933,502.922,316.685,1.000,-1,-1,-1
1054,8,784.718,888.853,524.766,330.622,1.000,-1,-1,-1
1055,8,719.865,878.877,556.294,349.175,1.000,-1,-1,-1
1056,8,648.134,869.399,591.870,364.253,1.000,-1,-1,-1
1057,8,561.369,859.434,635.429,377.016,0.999,-1,-1,-1
1058,8,482.201,848.194,662.207,390.781,0.999,-1,-1,-1
1059,8,379.036,836.815,704.963,403.661,0.999,-1,-1,-1
1060,8,267.549,828.723,761.161,422.149,0.999,-1,-1,-1
1061,8,144.666,822.872,819.623,434.816,0.998,-1,-1,-1
1062,8,3.404,774.752,748.919,509.652,0.808,-1,-1,-1
1063,8,0.000,771.712,641.530,509.652,0.808,-1,-1,-1
1064,8,0.000,769.269,521.391,509.652,0.808,-1,-1,-1
1065,8,0.000,766.270,390.574,509.652,0.808,-1,-1,-1
1066,8,0.000,763.084,248.847,509.652,0.808,-1,-1,-1
1079,9,2190.597,1477.894,363.539,337.059,0.627,-1,-1,-1
1080,9,2165.887,1467.577,388.088,344.633,0.866,-1,-1,-1
1081,9,2140.998,1452.880,412.648,362.898,0.599,-1,-1,-1
1082,9,2108.266,1437.919,443.781,366.082,0.601,-1,-1,-1
1083,9,2074.047,1427.792,477.250,369.546,0.887,-1,-1,-1
1084,9,2038.069,1409.051,512.399,362.312,0.979,-1,-1,-1
1085,9,1999.696,1392.040,550.470,371.672,0.958,-1,-1,-1
1086,9,1949.579,1369.786,600.235,374.788,0.985,-1,-1,-1
1087,9,1899.181,1356.188,630.869,351.508,0.997,-1,-1,-1
1088,9,1855.024,1331.085,623.981,353.475,0.998,-1,-1,-1
1089,9,1798.839,1310.581,615.204,344.104,0.998,-1,-1,-1
1090,9,1744.059,1292.720,604.959,334.423,0.999,-1,-1,-1
1091,9,1691.514,1275.312,599.657,333.072,0.999,-1,-1,-1
1092,9,1628.021,1251.407,599.691,339.124,0.999,-1,-1,-1
1093,9,1564.889,1230.143,606.003,337.500,0.999,-1,-1,-1
1094,9,1503.694,1207.879,612.941,339.067,0.999,-1,-1,-1
1095,9,1443.668,1187.893,608.507,331.542,0.999,-1,-1,-1
1096,9,1377.975,1169.389,615.469,328.220,0.999,-1,-1,-1
1097,9,1307.729,1153.999,623.284,327.592,0.999,-1,-1,-1
1098,9,1237.903,1130.379,635.976,337.741,0.999,-1,-1,-1
1099,9,1161.651,1119.117,652.590,335.335,1.000,-1,-1,-1
1100,9,1090.082,1100.180,659.673,335.100,1.000,-1,-1,-1
1101,9,1014.503,1079.192,671.636,344.651,1.000,-1,-1,-1
1102,9,940.280,1070.344,680.597,346.379,1.000,-1,-1,-1
1103,9,864.467,1054.124,677.399,348.968,1.000,-1,-1,-1
1104,9,778.333,1039.407,687.502,348.108,1.000,-1,-1,-1
1105,9,688.687,1024.651,701.324,350.130,1.000,-1,-1,-1
1106,9,596.361,1009.015,719.566,353.656,1.000,-1,-1,-1
1107,9,495.776,992.536,754.656,364.895,1.000,-1,-1,-1
1108,9,387.096,980.447,778.465,371.438,0.999,-1,-1,-1
1109,9,272.509,967.249,800.288,380.355,0.999,-1,-1,-1
1110,9,141.159,955.702,837.104,386.890,0.999,-1,-1,-1
1111,9,21.250,941.530,867.822,403.058,0.995,-1,-1,-1
1111,11,698.544,658.555,246.530,175.912,0.637,-1,-1,-1
1112,9,4.436,924.692,795.686,423.270,0.961,-1,-1,-1
1112,11,690.312,656.627,246.286,177.411,0.547,-1,-1,-1
1113,9,3.937,914.650,693.622,433.735,0.953,-1,-1,-1
1113,11,684.743,655.892,246.286,177.411,0.547,-1,-1,-1
1114,9,2.203,908.238,583.557,432.250,0.874,-1,-1,-1
1114,11,660.828,655.814,250.579,179.189,0.545,-1,-1,-1
1115,9,2.158,915.672,462.035,423.815,0.609,-1,-1,-1
1115,11,651.743,655.864,249.476,178.813,0.698,-1,-1,-1
1116,9,0.000,911.351,388.137,423.815,0.609,-1,-1,-1
1116,11,641.625,653.233,249.808,182.845,0.588,-1,-1,-1
1117,9,0.000,908.352,322.542,423.815,0.609,-1,-1,-1
1117,11,626.187,651.664,253.633,182.400,0.872,-1,-1,-1
1118,9,0.000,906.322,267.252,423.815,0.609,-1,-1,-1
1118,11,614.999,648.484,250.872,181.890,0.761,-1,-1,-1
1119,9,0.000,905.724,223.315,423.815,0.609,-1,-1,-1
1119,11,598.182,647.174,254.794,182.811,0.830,-1,-1,-1
1120,11,585.659,645.641,254.794,182.811,0.830,-1,-1,-1
1121,11,572.745,643.574,260.081,181.856,0.802,-1,-1,-1
1122,11,560.568,641.858,260.081,181.856,0.802,-1,-1,-1
1123,11,554.715,641.056,260.538,183.438,0.846,-1,-1,-1
1124,11,542.458,637.223,261.672,186.061,0.717,-1,-1,-1
1125,11,528.363,631.550,264.802,192.395,0.889,-1,-1,-1
1126,11,521.371,629.821,260.907,191.798,0.777,-1,-1,-1
1127,11,512.176,628.392,260.907,191.798,0.777,-1,-1,-1
1128,11,501.168,619.414,263.589,200.070,0.528,-1,-1,-1
1129,11,490.719,617.640,264.408,205.105,0.808,-1,-1,-1
1130,11,483.079,613.430,263.364,209.958,0.550,-1,-1,-1
1131,11,475.412,611.197,264.742,214.432,0.780,-1,-1,-1
1132,11,468.725,610.648,269.473,216.213,0.807,-1,-1,-1
1133,11,462.815,610.561,269.473,216.213,0.807,-1,-1,-1
1134,11,458.901,610.391,269.473,216.213,0.807,-1,-1,-1
1135,11,452.269,613.085,271.698,219.150,0.847,-1,-1,-1
1136,11,446.871,618.976,271.507,218.941,0.957,-1,-1,-1
1137,11,442.882,624.704,264.776,219.358,0.981,-1,-1,-1
1138,11,437.683,623.916,267.514,222.690,0.968,-1,-1,-1
1139,11,435.018,629.483,260.578,220.793,0.973,-1,-1,-1
1140,11,434.940,635.360,245.740,221.846,0.986,-1,-1,-1
1141,11,431.874,640.143,242.722,224.967,0.989,-1,-1,-1
1142,11,432.987,643.228,237.551,225.342,0.975,-1,-1,-1
1143,11,431.962,643.947,237.190,230.643,0.987,-1,-1,-1
1144,11,431.539,646.368,234.108,233.155,0.991,-1,-1,-1
1145,11,430.891,649.673,234.565,235.495,0.993,-1,-1,-1
1146,11,432.698,651.781,233.546,239.750,0.992,-1,-1,-1
1147,11,433.287,653.653,230.900,244.513,0.994,-1,-1,-1
1148,11,431.957,654.062,234.096,250.890,0.988,-1,-1,-1
1149,11,432.331,656.210,234.033,251.403,0.989,-1,-1,-1
1150,11,435.032,662.732,234.042,250.528,0.991,-1,-1,-1
1151,11,435.552,663.356,236.796,255.723,0.987,-1,-1,-1
1152,11,438.240,668.160,237.690,256.663,0.991,-1,-1,-1
1153,11,439.416,671.120,238.750,259.694,0.989,-1,-1,-1
1154,11,442.660,674.635,239.004,258.841,0.992,-1,-1,-1
1155,11,443.714,676.760,242.059,265.547,0.993,-1,-1,-1
1156,11,444.276,681.615,245.644,268.506,0.990,-1,-1,-1
1157,11,443.893,683.259,251.854,273.104,0.992,-1,-1,-1
1158,11,445.383,686.833,256.555,277.735,0.988,-1,-1,-1
1159,11,442.426,687.102,262.858,290.902,0.988,-1,-1,-1
1160,11,443.151,695.333,261.972,291.198,0.967,-1,-1,-1
1161,11,440.802,696.318,265.240,301.441,0.958,-1,-1,-1
1162,11,438.668,702.451,267.547,305.719,0.946,-1,-1,-1
1163,11,436.437,709.395,268.338,308.740,0.887,-1,-1,-1
1164,11,428.921,715.685,276.042,318.056,0.911,-1,-1,-1
1165,11,421.084,718.795,277.984,322.846,0.817,-1,-1,-1
1166,11,407.074,728.950,290.292,324.369,0.980,-1,-1,-1
1167,11,389.812,734.961,303.622,329.918,0.985,-1,-1,-1
1168,11,370.886,736.762,315.222,336.093,0.957,-1,-1,-1
1169,11,352.511,743.173,331.183,342.892,0.985,-1,-1,-1
1170,11,321.882,750.037,363.505,349.130,0.993,-1,-1,-1
1171,11,291.473,760.546,393.738,352.376,0.993,-1,-1,-1
1172,11,258.010,764.099,421.382,360.483,0.993,-1,-1,-1
1173,11,216.574,766.416,452.477,368.823,0.997,-1,-1,-1
1174,11,177.315,770.229,484.220,375.817,0.997,-1,-1,-1
1175,11,121.893,778.645,516.287,382.552,0.995,-1,-1,-1
1176,11,59.743,783.582,560.168,389.878,0.995,-1,-1,-1
1177,11,10.110,783.690,589.519,403.200,0.986,-1,-1,-1
1178,11,4.236,781.683,567.009,418.113,0.957,-1,-1,-1
1179,11,3.440,776.686,542.863,434.390,0.761,-1,-1,-1
1180,11,3.192,768.140,508.048,451.271,0.562,-1,-1,-1
1181,11,0.000,771.190,480.955,451.271,0.562,-1,-1,-1
1182,11,0.000,772.831,443.352,451.271,0.562,-1,-1,-1
1183,11,0.000,773.374,393.580,451.271,0.562,-1,-1,-1
1184,11,0.000,773.291,329.747,451.271,0.562,-1,-1,-1
1262,12,4.149,1071.155,686.759,777.775,0.654,-1,-1,-1
1263,12,4.265,1054.763,850.616,810.040,0.948,-1,-1,-1
1264,12,6.915,1050.661,986.614,758.208,0.979,-1,-1,-1
1265,12,31.482,1059.892,1071.209,670.583,0.997,-1,-1,-1
1266,12,260.944,1054.200,950.441,606.175,0.999,-1,-1,-1
1267,12,458.274,1048.492,844.235,560.381,0.999,-1,-1,-1
1268,12,617.582,1047.090,751.498,516.184,0.999,-1,-1,-1
1269,12,758.381,1047.635,675.009,489.766,0.999,-1,-1,-1
1270,12,880.542,1049.478,608.265,454.156,0.999,-1,-1,-1
1271,12,972.743,1052.455,564.619,425.277,1.000,-1,-1,-1
1272,12,1054.956,1049.779,532.243,400.023,1.000,-1,-1,-1
1273,12,1135.316,1048.541,480.993,373.776,1.000,-1,-1,-1
1274,12,1202.398,1055.304,445.172,345.635,1.000,-1,-1,-1
1275,12,1258.246,1052.651,415.670,329.944,1.000,-1,-1,-1
1276,12,1309.329,1053.381,388.095,310.417,1.000,-1,-1,-1
1277,12,1356.240,1049.907,362.063,293.545,1.000,-1,-1,-1
1278,12,1391.592,1048.300,342.627,281.061,1.000,-1,-1,-1
1279,12,1428.915,1045.685,318.820,274.519,0.999,-1,-1,-1
1280,12,1465.699,1045.597,299.679,266.041,0.999,-1,-1,-1
1281,12,1494.685,1045.074,284.082,255.076,1.000,-1,-1,-1
1282,12,1522.612,1041.523,269.177,248.098,1.000,-1,-1,-1
1283,12,1545.099,1041.960,253.793,236.324,0.999,-1,-1,-1
1284,12,1566.343,1040.504,242.772,225.057,0.999,-1,-1,-1
1285,12,1581.479,1037.068,238.557,219.870,0.999,-1,-1,-1
1286,12,1597.522,1035.680,226.900,211.770,0.999,-1,-1,-1
1287,12,1611.263,1029.737,214.678,209.966,0.999,-1,-1,-1
1288,12,1622.360,1029.168,207.138,201.439,0.998,-1,-1,-1
1289,12,1635.688,1027.095,198.359,192.814,0.998,-1,-1,-1
1290,12,1642.811,1023.878,194.245,189.374,0.999,-1,-1,-1
1291,12,1652.860,1017.812,188.741,187.904,0.998,-1,-1,-1
1292,12,1660.655,1013.891,187.168,185.670,0.995,-1,-1,-1
1293,12,1666.429,1012.376,183.689,178.671,0.998,-1,-1,-1
1294,12,1674.489,1010.545,176.807,171.691,0.998,-1,-1,-1
1295,12,1679.961,1006.586,171.801,167.042,0.998,-1,-1,-1
1296,12,1682.917,1004.617,170.383,163.529,0.997,-1,-1,-1
1297,12,1685.597,1002.285,167.568,159.129,0.997,-1,-1,-1
1298,12,1690.105,999.364,163.744,157.825,0.997,-1,-1,-1
1299,12,1689.534,997.251,165.176,156.400,0.997,-1,-1,-1
1300,12,1693.870,992.371,161.749,155.342,0.997,-1,-1,-1
1301,12,1696.566,990.872,158.929,151.917,0.997,-1,-1,-1
1302,12,1699.659,988.234,155.285,149.564,0.996,-1,-1,-1
1303,12,1702.143,986.462,153.417,146.214,0.996,-1,-1,-1
1304,12,1703.676,984.424,150.222,144.355,0.995,-1,-1,-1
1305,12,1707.057,981.444,146.830,142.054,0.995,-1,-1,-1
1306,12,1709.890,979.605,144.588,139.569,0.994,-1,-1,-1
1307,12,1711.878,977.329,142.738,139.148,0.994,-1,-1,-1
1308,12,1712.225,975.746,141.192,136.195,0.993,-1,-1,-1
1309,12,1714.457,974.438,140.068,134.049,0.992,-1,-1,-1
1310,12,1716.867,972.888,134.668,128.510,0.990,-1,-1,-1
1311,12,1718.605,971.954,132.065,126.691,0.988,-1,-1,-1
1312,12,1719.720,971.214,129.368,124.300,0.985,-1,-1,-1
1313,12,1721.594,968.912,127.318,123.044,0.983,-1,-1,-1
1314,12,1722.366,965.276,126.511,123.451,0.983,-1,-1,-1
1315,12,1722.242,963.229,125.678,122.528,0.982,-1,-1,-1
1316,12,1722.302,961.509,125.569,121.262,0.979,-1,-1,-1
1317,12,1722.062,959.680,127.705,121.767,0.982,-1,-1,-1
1318,12,1722.496,959.312,126.341,119.318,0.979,-1,-1,-1
1319,12,1722.665,958.717,125.246,118.656,0.978,-1,-1,-1
1320,12,1724.930,958.292,123.066,115.721,0.970,-1,-1,-1
1321,12,1726.423,957.109,120.557,114.500,0.954,-1,-1,-1
1322,12,1727.625,956.781,119.214,112.255,0.928,-1,-1,-1
1323,12,1727.709,956.660,119.632,110.348,0.915,-1,-1,-1
1324,12,1726.651,955.090,119.076,109.457,0.902,-1,-1,-1
1325,12,1728.049,953.338,118.368,109.299,0.846,-1,-1,-1
1326,12,1725.984,952.485,119.627,108.816,0.656,-1,-1,-1
1327,12,1727.553,951.037,118.389,107.863,0.544,-1,-1,-1
1328,12,1720.693,948.564,118.804,108.745,0.501,-1,-1,-1
1329,12,1719.472,947.140,118.804,108.745,0.501,-1,-1,-1
1330,12,1718.042,946.045,118.804,108.745,0.501,-1,-1,-1
1331,12,1716.899,945.144,118.804,108.745,0.501,-1,-1,-1
1332,12,1715.565,944.572,118.804,108.745,0.501,-1,-1,-1
1357,13,1632.155,927.552,121.263,105.568,0.649,-1,-1,-1
1358,13,1629.469,928.861,123.043,107.263,0.776,-1,-1,-1
1359,13,1629.492,930.328,124.196,109.148,0.816,-1,-1,-1
1360,13,1627.432,932.538,125.825,111.240,0.906,-1,-1,-1
1361,13,1624.713,934.848,126.313,110.790,0.906,-1,-1,-1
1362,13,1620.374,936.021,127.701,112.036,0.918,-1,-1,-1
1363,13,1618.539,939.398,129.062,111.901,0.942,-1,-1,-1
1364,13,1616.278,941.182,130.525,114.880,0.966,-1,-1,-1
1365,13,1610.086,943.848,133.383,116.578,0.977,-1,-1,-1
1366,13,1604.531,944.915,135.435,119.300,0.979,-1,-1,-1
1367,13,1598.422,944.838,137.321,122.833,0.984,-1,-1,-1
1368,13,1592.386,947.229,138.302,124.125,0.985,-1,-1,-1
1369,13,1584.290,948.820,141.554,127.185,0.989,-1,-1,-1
1370,13,1575.789,948.517,144.918,132.215,0.992,-1,-1,-1
1371,13,1567.399,949.795,148.096,134.831,0.990,-1,-1,-1
1372,13,1559.775,950.077,152.359,136.923,0.993,-1,-1,-1
1373,13,1547.767,952.251,157.352,138.480,0.994,-1,-1,-1
1374,13,1535.436,953.673,161.735,143.074,0.996,-1,-1,-1
1375,13,1523.920,953.855,165.329,147.873,0.997,-1,-1,-1
1376,13,1508.496,954.727,169.877,151.346,0.997,-1,-1,-1
1377,13,1493.015,958.295,175.829,153.072,0.998,-1,-1,-1
1378,13,1472.973,959.413,185.007,157.621,0.998,-1,-1,-1
1379,13,1452.389,958.789,193.895,165.169,0.998,-1,-1,-1
1380,13,1431.993,958.661,200.729,168.445,0.998,-1,-1,-1
1381,13,1405.792,959.963,206.276,172.828,0.998,-1,-1,-1
1382,13,1378.701,961.505,212.869,175.283,0.998,-1,-1,-1
1383,13,1342.921,961.966,230.633,181.974,0.999,-1,-1,-1
1384,13,1312.568,958.596,245.261,191.922,0.999,-1,-1,-1
1385,13,1276.960,960.945,251.425,191.221,0.999,-1,-1,-1
1386,13,1231.293,957.981,269.941,198.260,0.999,-1,-1,-1
1387,13,1184.955,958.443,289.852,201.755,0.999,-1,-1,-1
1388,13,1132.087,955.097,304.456,209.112,0.999,-1,-1,-1
1389,13,1074.772,952.373,325.641,215.987,0.999,-1,-1,-1
1390,13,1011.224,949.233,354.708,222.405,0.999,-1,-1,-1
1391,13,945.042,944.336,382.495,235.681,1.000,-1,-1,-1
1392,13,864.112,936.165,421.882,250.694,1.000,-1,-1,-1
1393,13,781.847,931.659,447.510,260.962,1.000,-1,-1,-1
1394,13,681.037,920.086,490.563,285.156,1.000,-1,-1,-1
1395,13,572.528,913.998,529.477,302.909,1.000,-1,-1,-1
1396,13,450.844,907.912,559.244,314.286,0.999,-1,-1,-1
1397,13,309.564,895.111,629.699,340.306,0.999,-1,-1,-1
1398,13,144.269,889.927,686.337,354.480,0.999,-1,-1,-1
1399,13,5.634,877.735,738.330,382.559,0.990,-1,-1,-1
1400,13,4.404,864.061,629.264,409.248,0.864,-1,-1,-1
1401,13,3.955,854.464,501.238,415.418,0.731,-1,-1,-1
1402,13,0.000,853.785,396.061,415.418,0.731,-1,-1,-1
1403,13,0.000,852.707,277.562,415.418,0.731,-1,-1,-1
1404,13,0.000,851.265,181.587,415.418,0.731,-1,-1,-1
1405,13,0.000,849.894,96.765,415.418,0.731,-1,-1,-1
1635,19,0.644,1049.649,751.318,668.476,0.864,-1,-1,-1
1636,19,2.310,1040.608,928.836,618.118,0.974,-1,-1,-1
1637,19,184.497,1041.782,887.495,540.193,0.999,-1,-1,-1
1638,19,440.727,1046.143,752.291,485.000,0.999,-1,-1,-1
1639,19,644.100,1052.670,650.894,437.312,0.999,-1,-1,-1
1640,19,801.367,1047.625,587.462,407.138,1.000,-1,-1,-1
1641,19,929.744,1052.461,526.119,367.347,1.000,-1,-1,-1
1642,19,1042.596,1057.469,471.054,332.531,1.000,-1,-1,-1
1643,19,1135.378,1057.265,427.157,310.809,1.000,-1,-1,-1
1644,19,1217.589,1053.709,381.069,284.976,1.000,-1,-1,-1
1645,19,1286.276,1053.693,342.289,268.713,1.000,-1,-1,-1
1646,19,1343.232,1051.821,321.302,254.798,1.000,-1,-1,-1
1647,19,1395.359,1052.295,290.902,242.277,0.999,-1,-1,-1
1648,19,1438.589,1049.335,271.711,231.774,0.999,-1,-1,-1
1649,19,1477.269,1044.416,255.573,224.153,0.999,-1,-1,-1
1650,19,1508.286,1041.497,240.580,213.888,0.999,-1,-1,-1
1651,19,1538.135,1041.703,224.751,203.932,0.999,-1,-1,-1
1652,19,1564.077,1037.747,212.646,195.176,0.999,-1,-1,-1
1653,19,1580.245,1035.867,206.532,186.346,0.999,-1,-1,-1
1654,19,1598.946,1030.351,201.962,183.924,0.999,-1,-1,-1
1655,19,1615.240,1028.814,189.833,177.166,0.998,-1,-1,-1
1656,19,1630.943,1026.034,179.870,169.904,0.998,-1,-1,-1
1657,19,1641.407,1021.360,172.217,166.538,0.998,-1,-1,-1
1658,19,1652.494,1018.349,169.467,160.502,0.998,-1,-1,-1
1659,19,1661.284,1013.240,164.672,158.283,0.997,-1,-1,-1
1660,19,1671.233,1010.310,158.546,154.162,0.997,-1,-1,-1
1661,19,1676.936,1007.412,156.770,149.975,0.997,-1,-1,-1
1662,19,1684.279,1006.863,152.295,144.274,0.996,-1,-1,-1
1663,19,1686.153,1005.428,150.026,139.220,0.988,-1,-1,-1
1664,19,1693.655,1001.333,148.698,136.417,0.993,-1,-1,-1
1665,19,1697.606,997.652,146.915,136.002,0.993,-1,-1,-1
1666,19,1702.761,996.095,143.572,132.783,0.992,-1,-1,-1
1667,19,1704.961,993.202,143.030,132.892,0.992,-1,-1,-1
1668,19,1710.578,990.334,139.503,129.963,0.989,-1,-1,-1
1669,19,1714.697,988.635,137.179,128.192,0.988,-1,-1,-1
1670,19,1718.941,986.584,131.831,122.695,0.982,-1,-1,-1
1671,19,1719.043,984.073,128.862,119.455,0.981,-1,-1,-1
1672,19,1722.975,982.088,127.560,118.117,0.974,-1,-1,-1
1673,19,1723.585,979.242,127.406,118.276,0.972,-1,-1,-1
1674,19,1723.701,975.766,125.210,116.913,0.969,-1,-1,-1
1675,19,1725.600,973.245,122.703,113.909,0.965,-1,-1,-1
1676,19,1726.215,971.371,123.977,112.363,0.955,-1,-1,-1
1677,19,1726.940,969.636,123.585,110.489,0.928,-1,-1,-1
1678,19,1728.250,967.211,120.960,110.975,0.829,-1,-1,-1
1679,19,1732.251,965.616,119.685,110.402,0.698,-1,-1,-1
1680,19,1733.994,962.543,120.348,112.077,0.727,-1,-1,-1
1681,19,1735.182,960.708,120.348,112.077,0.727,-1,-1,-1
1682,19,1736.259,959.394,120.348,112.077,0.727,-1,-1,-1
1683,19,1737.334,958.513,120.348,112.077,0.727,-1,-1,-1
1684,19,1737.732,958.000,120.348,112.077,0.727,-1,-1,-1
1787,21,1.839,1053.722,797.477,775.706,0.843,-1,-1,-1
1788,21,5.013,1049.690,977.165,711.928,0.983,-1,-1,-1
1789,21,204.151,1053.710,919.779,615.061,0.998,-1,-1,-1
1790,21,473.587,1046.981,786.255,556.413,0.999,-1,-1,-1
1791,21,687.373,1046.917,665.422,494.969,0.999,-1,-1,-1
1792,21,860.280,1048.100,577.252,457.170,0.999,-1,-1,-1
1793,21,978.924,1052.730,523.186,416.132,0.999,-1,-1,-1
1794,21,1096.506,1054.956,466.400,379.704,1.000,-1,-1,-1
1795,21,1188.522,1056.664,419.407,346.428,1.000,-1,-1,-1
1796,21,1263.301,1053.829,384.189,323.169,1.000,-1,-1,-1
1797,21,1331.161,1050.571,349.774,304.928,1.000,-1,-1,-1
1798,21,1386.397,1047.326,325.403,285.815,0.999,-1,-1,-1
1799,21,1438.704,1044.558,296.312,272.228,0.999,-1,-1,-1
1800,21,1480.508,1045.809,272.019,258.315,0.999,-1,-1,-1
1801,21,1511.709,1041.756,259.191,247.792,0.999,-1,-1,-1
1802,21,1544.893,1039.687,238.077,233.874,0.999,-1,-1,-1
1803,21,1570.541,1039.743,224.546,218.066,0.999,-1,-1,-1
1804,21,1589.081,1033.706,216.309,213.601,0.998,-1,-1,-1
1805,21,1608.805,1035.031,206.607,200.870,0.998,-1,-1,-1
1806,21,1623.701,1029.709,194.929,193.916,0.998,-1,-1,-1
1807,21,1636.815,1030.268,185.697,181.679,0.998,-1,-1,-1
1808,21,1647.875,1024.557,180.695,180.702,0.998,-1,-1,-1
1809,21,1657.644,1018.941,175.614,174.437,0.998,-1,-1,-1
1810,21,1669.347,1014.975,171.048,167.223,0.997,-1,-1,-1
1811,21,1678.057,1010.598,166.497,162.089,0.997,-1,-1,-1
1812,21,1684.617,1005.549,161.223,160.107,0.996,-1,-1,-1
1813,21,1690.829,1003.887,159.380,155.971,0.996,-1,-1,-1
1814,21,1695.085,1002.299,155.760,151.566,0.995,-1,-1,-1
1815,21,1699.094,1000.621,154.644,148.337,0.995,-1,-1,-1
1816,21,1704.425,997.301,153.205,145.424,0.995,-1,-1,-1
1817,21,1710.352,994.346,147.823,142.699,0.994,-1,-1,-1
1818,21,1715.029,991.447,144.657,139.951,0.993,-1,-1,-1
1819,21,1716.260,988.786,144.923,138.202,0.990,-1,-1,-1
1820,21,1719.530,987.605,142.609,134.035,0.987,-1,-1,-1
1821,21,1721.261,985.381,140.314,131.790,0.985,-1,-1,-1
1822,21,1724.488,982.242,137.548,130.654,0.982,-1,-1,-1
1823,21,1726.063,980.058,136.532,127.983,0.972,-1,-1,-1
1824,21,1725.527,977.598,135.370,125.502,0.946,-1,-1,-1
1825,21,1727.683,976.039,132.477,122.329,0.913,-1,-1,-1
1826,21,1728.419,973.924,131.640,120.926,0.901,-1,-1,-1
1827,21,1729.529,970.780,131.511,119.805,0.899,-1,-1,-1
1828,21,1731.996,969.700,131.262,115.718,0.795,-1,-1,-1
1829,21,1732.438,967.354,133.051,115.291,0.648,-1,-1,-1
1830,21,1729.081,963.740,132.454,116.862,0.697,-1,-1,-1
1831,21,1729.910,961.838,129.380,115.877,0.551,-1,-1,-1
1832,21,1729.766,959.629,129.380,115.877,0.551,-1,-1,-1
1833,21,1729.147,958.021,129.380,115.877,0.551,-1,-1,-1
1834,21,1728.254,956.900,129.380,115.877,0.551,-1,-1,-1
1835,21,1728.086,956.318,129.380,115.877,0.551,-1,-1,-1
1900,24,-0.129,481.216,405.225,330.897,0.647,-1,-1,-1
1901,24,0.128,474.379,428.901,344.459,0.563,-1,-1,-1
1902,24,0.700,474.749,445.194,348.624,0.623,-1,-1,-1
1903,24,1.512,475.909,465.264,355.849,0.677,-1,-1,-1
1904,24,3.372,485.073,484.265,356.662,0.831,-1,-1,-1
1905,24,4.353,489.935,502.259,357.039,0.890,-1,-1,-1
1906,24,4.405,496.298,520.163,359.622,0.941,-1,-1,-1
1907,24,7.679,495.577,528.287,366.475,0.855,-1,-1,-1
1908,24,15.186,497.798,532.214,368.943,0.928,-1,-1,-1
1909,24,26.239,506.128,535.968,367.951,0.947,-1,-1,-1
1910,24,44.693,512.678,533.837,365.145,0.947,-1,-1,-1
1911,24,59.558,511.179,536.413,370.927,0.979,-1,-1,-1
1912,24,76.595,510.826,528.760,379.023,0.974,-1,-1,-1
1913,24,89.371,518.665,526.770,376.160,0.985,-1,-1,-1
1914,24,109.312,523.534,522.632,377.758,0.986,-1,-1,-1
1915,24,121.936,530.660,521.522,378.690,0.986,-1,-1,-1
1916,24,136.285,537.512,519.093,384.328,0.985,-1,-1,-1
1917,24,148.197,545.576,519.628,379.838,0.990,-1,-1,-1
1918,24,157.948,545.616,514.089,383.141,0.980,-1,-1,-1
1919,24,169.072,549.057,509.087,380.309,0.967,-1,-1,-1
1920,24,177.702,550.945,506.053,382.234,0.965,-1,-1,-1
1921,24,181.666,560.477,507.878,375.746,0.991,-1,-1,-1
1922,24,186.218,564.647,510.159,374.059,0.988,-1,-1,-1
1923,24,196.565,564.128,506.601,379.877,0.984,-1,-1,-1
1924,24,206.161,566.509,504.379,381.668,0.986,-1,-1,-1
1925,24,212.428,566.591,503.285,383.631,0.981,-1,-1,-1
1926,24,219.257,566.845,500.660,387.958,0.973,-1,-1,-1
1927,24,221.981,566.520,499.378,391.782,0.969,-1,-1,-1
1928,24,227.949,568.415,497.999,392.505,0.968,-1,-1,-1
1929,24,231.426,568.582,500.503,394.046,0.969,-1,-1,-1
1930,24,232.362,568.773,505.097,398.654,0.957,-1,-1,-1
1931,24,238.200,569.713,501.707,401.726,0.963,-1,-1,-1
1932,24,242.844,574.774,501.978,398.379,0.979,-1,-1,-1
1933,24,244.132,580.412,505.818,399.541,0.986,-1,-1,-1
1934,24,247.785,584.481,504.766,403.908,0.989,-1,-1,-1
1935,24,258.990,583.356,502.171,412.818,0.990,-1,-1,-1
1936,24,264.374,586.791,507.836,416.499,0.995,-1,-1,-1
1937,24,274.332,591.586,501.105,417.302,0.988,-1,-1,-1
1938,24,287.082,604.876,496.621,412.516,0.983,-1,-1,-1
1939,24,299.102,613.602,499.540,417.294,0.980,-1,-1,-1
1940,24,323.607,628.721,490.705,413.213,0.984,-1,-1,-1
1941,24,339.106,639.733,492.660,409.946,0.968,-1,-1,-1
1942,24,353.668,639.270,500.723,429.070,0.962,-1,-1,-1
1943,24,373.911,657.965,496.995,416.208,0.956,-1,-1,-1
1944,24,388.646,669.380,505.635,420.400,0.991,-1,-1,-1
1945,24,405.780,680.282,510.542,421.852,0.995,-1,-1,-1
1946,24,422.449,684.165,519.553,424.719,0.995,-1,-1,-1
1947,24,438.904,697.095,528.868,423.758,0.995,-1,-1,-1
1948,24,461.081,714.261,537.421,428.547,0.995,-1,-1,-1
1949,24,487.337,742.512,547.329,423.575,0.993,-1,-1,-1
1950,24,512.262,755.475,556.272,426.595,0.997,-1,-1,-1
1951,24,546.560,769.623,562.474,423.043,0.997,-1,-1,-1
1952,24,576.762,778.714,576.680,430.218,0.998,-1,-1,-1
1953,24,606.905,782.695,581.232,445.157,0.998,-1,-1,-1
1954,24,647.348,800.339,579.517,439.920,0.998,-1,-1,-1
1955,24,685.910,815.446,581.754,447.382,0.998,-1,-1,-1
1956,24,726.367,829.700,573.664,446.436,0.999,-1,-1,-1
1957,24,768.741,841.320,572.458,448.104,0.998,-1,-1,-1
1958,24,816.575,852.587,563.841,450.252,0.999,-1,-1,-1
1959,24,866.323,859.643,567.770,452.657,0.999,-1,-1,-1
1960,24,914.877,881.304,554.959,439.620,0.999,-1,-1,-1
1961,24,954.470,888.018,555.678,439.532,0.998,-1,-1,-1
1962,24,997.520,901.080,558.252,435.263,0.998,-1,-1,-1
1963,24,1034.895,912.618,563.480,429.226,0.999,-1,-1,-1
1964,24,1073.766,927.237,554.560,417.769,0.999,-1,-1,-1
1965,24,1120.068,938.609,541.444,407.472,0.999,-1,-1,-1
1966,24,1159.683,947.728,534.095,402.775,0.999,-1,-1,-1
1967,24,1196.830,957.126,522.805,389.115,0.999,-1,-1,-1
1968,24,1235.303,969.552,506.217,376.325,0.999,-1,-1,-1
1969,24,1276.778,974.249,491.034,371.540,0.999,-1,-1,-1
1970,24,1313.147,992.370,475.577,352.301,0.999,-1,-1,-1
1971,24,1347.048,995.691,457.580,345.209,0.999,-1,-1,-1
1972,24,1379.828,1002.726,441.596,339.186,0.999,-1,-1,-1
1973,24,1412.213,1006.263,426.414,329.074,0.999,-1,-1,-1
1974,24,1439.770,1014.395,411.672,322.733,0.999,-1,-1,-1
1975,24,1469.872,1017.978,393.729,315.008,0.999,-1,-1,-1
1976,24,1498.000,1024.044,379.051,305.885,0.999,-1,-1,-1
1977,24,1535.880,1025.572,353.943,305.288,0.998,-1,-1,-1
1978,24,1551.399,1030.879,349.364,295.225,0.996,-1,-1,-1
1979,24,1575.303,1033.524,332.588,287.915,0.997,-1,-1,-1
1980,24,1597.978,1038.262,322.100,281.888,0.998,-1,-1,-1
1981,24,1618.389,1040.552,304.062,274.431,0.998,-1,-1,-1
1982,24,1633.478,1042.647,293.996,266.808,0.997,-1,-1,-1
1983,24,1644.888,1040.951,288.150,266.960,0.998,-1,-1,-1
1984,24,1657.600,1041.090,274.309,260.016,0.993,-1,-1,-1
1985,24,1670.995,1041.267,263.585,253.396,0.996,-1,-1,-1
1986,24,1686.237,1040.694,253.976,246.627,0.994,-1,-1,-1
1987,24,1696.333,1037.166,244.410,247.726,0.993,-1,-1,-1
1988,24,1703.188,1030.304,241.987,245.484,0.990,-1,-1,-1
1989,24,1711.475,1031.762,233.846,236.608,0.980,-1,-1,-1
1990,24,1719.956,1031.183,226.567,229.622,0.736,-1,-1,-1
1990,27,1647.908,921.710,123.736,119.627,0.760,-1,-1,-1
1991,24,1726.127,1026.096,225.078,228.555,0.942,-1,-1,-1
1991,27,1645.796,922.303,126.018,120.033,0.730,-1,-1,-1
1992,24,1732.428,1026.412,220.629,220.867,0.963,-1,-1,-1
1992,27,1645.726,923.963,127.055,120.914,0.735,-1,-1,-1
1993,24,1739.625,1025.468,208.368,210.285,0.973,-1,-1,-1
1993,27,1643.711,925.141,128.134,121.495,0.756,-1,-1,-1
1994,24,1743.453,1021.515,208.072,208.239,0.909,-1,-1,-1
1994,27,1642.927,927.858,127.600,120.305,0.863,-1,-1,-1
1995,24,1744.946,1017.675,207.963,211.097,0.896,-1,-1,-1
1995,27,1640.947,930.480,129.001,121.227,0.918,-1,-1,-1
1996,24,1750.189,1016.366,204.115,206.775,0.964,-1,-1,-1
1996,27,1639.191,932.023,129.368,121.695,0.922,-1,-1,-1
1997,24,1757.419,1015.042,197.377,198.877,0.870,-1,-1,-1
1997,27,1636.016,933.233,131.837,122.826,0.944,-1,-1,-1
1998,24,1759.535,1013.049,194.154,194.521,0.942,-1,-1,-1
1998,27,1634.951,933.888,131.444,122.771,0.939,-1,-1,-1
1999,24,1761.183,1009.919,189.123,192.656,0.982,-1,-1,-1
1999,27,1633.381,934.124,134.232,126.134,0.954,-1,-1,-1
2000,24,1763.576,1007.584,186.847,186.393,0.976,-1,-1,-1
2000,27,1631.425,935.135,135.749,127.470,0.967,-1,-1,-1
2001,24,1767.168,1006.498,181.991,179.106,0.942,-1,-1,-1
2001,27,1630.425,936.256,136.031,128.618,0.967,-1,-1,-1
2002,24,1770.112,999.376,180.717,176.436,0.928,-1,-1,-1
2002,27,1628.010,938.184,136.506,127.229,0.969,-1,-1,-1
2003,24,1772.078,995.529,176.095,176.376,0.968,-1,-1,-1
2003,27,1624.902,940.182,138.210,128.485,0.970,-1,-1,-1
2004,24,1773.075,991.112,174.557,174.876,0.942,-1,-1,-1
2004,27,1624.422,941.638,138.643,129.352,0.975,-1,-1,-1
2005,24,1774.521,990.546,169.037,170.836,0.952,-1,-1,-1
2005,27,1623.696,942.118,138.057,129.752,0.973,-1,-1,-1
2006,24,1775.203,989.974,167.448,170.797,0.983,-1,-1,-1
2006,27,1620.434,943.672,138.720,131.976,0.973,-1,-1,-1
2007,24,1773.189,985.654,168.872,171.804,0.966,-1,-1,-1
2007,27,1618.850,943.902,139.329,134.830,0.974,-1,-1,-1
2008,24,1773.384,986.829,161.553,163.669,0.984,-1,-1,-1
2008,27,1614.967,944.931,140.812,134.367,0.975,-1,-1,-1
2009,24,1774.333,982.711,163.046,166.227,0.986,-1,-1,-1
2009,27,1609.536,945.883,143.917,136.327,0.982,-1,-1,-1
2010,24,1771.719,982.018,161.861,164.350,0.988,-1,-1,-1
2010,27,1606.967,946.410,146.184,138.403,0.981,-1,-1,-1
2011,24,1768.182,979.791,159.570,161.092,0.980,-1,-1,-1
2011,27,1605.155,946.788,146.635,140.836,0.985,-1,-1,-1
2012,24,1768.861,978.659,156.129,160.591,0.988,-1,-1,-1
2012,27,1601.663,946.737,149.186,142.473,0.985,-1,-1,-1
2013,24,1769.274,979.074,149.640,154.900,0.986,-1,-1,-1
2013,27,1599.830,947.651,148.291,141.897,0.985,-1,-1,-1
2014,24,1767.436,974.957,149.764,155.834,0.979,-1,-1,-1
2014,27,1596.035,948.067,149.746,142.974,0.986,-1,-1,-1
2015,24,1762.352,972.359,152.784,154.690,0.983,-1,-1,-1
2015,27,1592.924,949.302,150.146,144.280,0.987,-1,-1,-1
2016,24,1759.681,969.010,151.939,156.665,0.981,-1,-1,-1
2016,27,1586.383,950.136,153.475,147.355,0.990,-1,-1,-1
2017,24,1754.485,967.504,153.662,155.700,0.929,-1,-1,-1
2017,27,1579.750,951.188,158.173,150.842,0.991,-1,-1,-1
2018,24,1755.112,968.792,146.170,148.679,0.967,-1,-1,-1
2018,27,1574.711,952.529,160.760,151.470,0.992,-1,-1,-1
2019,24,1754.770,968.627,143.527,145.449,0.968,-1,-1,-1
2019,27,1570.641,953.297,162.570,155.056,0.994,-1,-1,-1
2020,24,1752.732,966.437,140.400,143.318,0.969,-1,-1,-1
2020,27,1566.074,953.281,164.523,158.546,0.995,-1,-1,-1
2021,24,1754.023,965.479,138.566,140.535,0.938,-1,-1,-1
2021,27,1559.778,954.294,169.112,163.063,0.996,-1,-1,-1
2022,24,1754.978,965.435,132.964,136.955,0.888,-1,-1,-1
2022,27,1552.067,954.687,175.151,165.461,0.996,-1,-1,-1
2023,24,1755.500,964.592,132.484,134.166,0.838,-1,-1,-1
2023,27,1545.513,955.662,179.662,167.391,0.997,-1,-1,-1
2024,24,1752.440,961.989,136.580,134.422,0.845,-1,-1,-1
2024,27,1539.105,956.769,182.975,168.497,0.997,-1,-1,-1
2025,24,1752.057,961.559,138.155,131.557,0.781,-1,-1,-1
2025,27,1528.355,957.154,190.008,171.302,0.997,-1,-1,-1
2026,24,1751.356,961.046,137.321,130.407,0.701,-1,-1,-1
2026,27,1520.782,956.372,195.513,173.774,0.998,-1,-1,-1
2027,24,1751.057,959.496,137.321,130.407,0.701,-1,-1,-1
2027,27,1375.882,954.041,251.686,212.442,0.999,-1,-1,-1
2028,24,1750.696,958.376,137.321,130.407,0.701,-1,-1,-1
2028,27,1357.151,953.166,254.024,212.431,0.999,-1,-1,-1
2029,24,1750.535,957.732,137.321,130.407,0.701,-1,-1,-1
2029,27,1336.601,951.197,260.063,217.167,0.998,-1,-1,-1
2030,24,1750.289,957.440,137.321,130.407,0.701,-1,-1,-1
2030,27,1310.633,947.513,273.918,223.419,0.999,-1,-1,-1
2031,27,1286.092,947.316,285.798,227.492,0.999,-1,-1,-1
2032,27,1253.223,947.608,301.983,230.028,0.999,-1,-1,-1
2033,27,1220.999,947.936,314.653,233.548,0.999,-1,-1,-1
2034,27,1189.295,946.126,325.460,239.422,0.999,-1,-1,-1
2035,27,1157.220,947.376,338.478,239.253,0.999,-1,-1,-1
2036,27,1114.625,944.408,353.896,244.777,0.999,-1,-1,-1
2037,27,1071.544,942.313,370.635,253.398,0.999,-1,-1,-1
2038,27,1027.145,937.109,391.471,265.351,0.999,-1,-1,-1
2039,27,976.514,933.856,414.484,277.132,1.000,-1,-1,-1
2040,27,927.246,926.795,440.796,287.081,1.000,-1,-1,-1
2041,27,875.992,920.789,456.276,298.357,1.000,-1,-1,-1
2042,27,808.202,913.872,485.916,315.287,1.000,-1,-1,-1
2043,27,736.073,906.417,516.507,329.418,1.000,-1,-1,-1
2044,27,669.532,899.490,536.738,339.698,0.999,-1,-1,-1
2045,27,587.283,887.845,571.872,352.200,0.999,-1,-1,-1
2046,27,497.440,878.678,604.708,365.859,0.999,-1,-1,-1
2047,27,411.243,868.643,615.431,376.216,0.999,-1,-1,-1
2048,27,298.922,855.745,667.699,392.962,0.999,-1,-1,-1
2049,27,175.231,847.273,718.488,403.816,0.997,-1,-1,-1
2050,27,41.585,838.558,774.844,419.691,0.993,-1,-1,-1
2051,27,5.347,823.042,733.819,444.675,0.897,-1,-1,-1
2052,27,4.077,806.119,651.463,462.715,0.713,-1,-1,-1
2053,27,0.000,802.502,569.213,462.715,0.713,-1,-1,-1
2054,27,0.000,798.664,474.970,462.715,0.713,-1,-1,-1
2055,27,0.000,794.557,371.449,462.715,0.713,-1,-1,-1
2056,27,0.000,791.052,247.453,462.715,0.713,-1,-1,-1
2180,31,1619.891,931.148,131.184,115.660,0.863,-1,-1,-1
2180,32,711.997,1120.924,623.370,457.272,0.999,-1,-1,-1
2181,31,1618.184,932.036,131.662,115.985,0.873,-1,-1,-1
2181,32,881.202,1115.767,551.418,416.720,0.999,-1,-1,-1
2182,31,1616.686,935.306,130.076,116.231,0.819,-1,-1,-1
2182,32,1003.455,1114.625,490.850,382.309,0.999,-1,-1,-1
2183,31,1614.498,937.787,129.721,116.353,0.832,-1,-1,-1
2183,32,1110.531,1112.080,447.707,343.697,1.000,-1,-1,-1
2184,31,1611.602,939.710,129.923,116.534,0.861,-1,-1,-1
2184,32,1205.132,1104.151,402.285,325.180,1.000,-1,-1,-1
2185,31,1606.966,942.013,130.167,118.677,0.886,-1,-1,-1
2185,32,1278.041,1100.277,369.403,298.671,1.000,-1,-1,-1
2186,31,1602.205,944.149,130.653,120.562,0.892,-1,-1,-1
2186,32,1346.664,1099.954,339.781,276.546,1.000,-1,-1,-1
2187,31,1595.379,945.289,134.374,120.440,0.913,-1,-1,-1
2187,32,1398.714,1093.555,315.161,260.105,0.999,-1,-1,-1
2188,31,1585.575,945.663,139.781,122.874,0.944,-1,-1,-1
2188,32,1451.592,1092.439,285.816,242.460,0.999,-1,-1,-1
2189,31,1578.657,946.110,143.196,125.199,0.950,-1,-1,-1
2189,32,1491.961,1089.101,265.827,229.919,0.999,-1,-1,-1
2190,31,1569.124,945.208,150.778,127.817,0.968,-1,-1,-1
2190,32,1521.281,1082.667,258.067,226.594,0.999,-1,-1,-1
2191,31,1557.775,945.534,156.730,132.779,0.950,-1,-1,-1
2191,32,1554.767,1080.862,243.436,219.672,0.998,-1,-1,-1
2192,31,1550.279,948.213,156.000,133.697,0.946,-1,-1,-1
2192,32,1582.152,1075.872,231.040,211.209,0.998,-1,-1,-1
2193,31,1543.871,947.957,156.027,137.105,0.936,-1,-1,-1
2193,32,1609.340,1072.698,211.307,203.412,0.998,-1,-1,-1
2194,31,1527.723,948.481,162.797,141.584,0.990,-1,-1,-1
2194,32,1631.991,1067.787,201.653,191.386,0.998,-1,-1,-1
2195,31,1515.784,949.838,164.725,145.705,0.993,-1,-1,-1
2195,32,1656.536,1062.218,189.119,184.264,0.998,-1,-1,-1
2196,31,1502.912,953.453,167.883,146.826,0.992,-1,-1,-1
2196,32,1671.618,1059.967,181.354,174.982,0.996,-1,-1,-1
2197,31,1490.159,954.675,169.485,151.976,0.994,-1,-1,-1
2197,32,1682.393,1056.196,175.041,169.364,0.995,-1,-1,-1
2198,31,1470.443,956.524,178.786,155.035,0.995,-1,-1,-1
2198,32,1693.438,1053.802,171.237,164.583,0.995,-1,-1,-1
2199,31,1452.304,958.689,182.596,156.197,0.997,-1,-1,-1
2199,32,1703.776,1050.591,162.836,157.057,0.994,-1,-1,-1
2200,31,1428.845,958.217,192.693,163.197,0.998,-1,-1,-1
2200,32,1710.355,1043.197,160.577,154.041,0.992,-1,-1,-1
2201,31,1402.248,957.523,200.673,165.837,0.998,-1,-1,-1
2201,32,1718.013,1041.063,153.208,149.206,0.991,-1,-1,-1
2202,31,1378.620,958.621,205.756,172.382,0.998,-1,-1,-1
2202,32,1723.685,1035.443,150.082,148.148,0.992,-1,-1,-1
2203,31,1344.065,959.776,223.990,173.377,0.998,-1,-1,-1
2203,32,1729.623,1033.244,145.590,141.700,0.989,-1,-1,-1
2204,31,1312.472,954.776,235.358,185.023,0.999,-1,-1,-1
2204,32,1735.150,1027.602,143.053,137.054,0.985,-1,-1,-1
2205,31,1271.636,954.890,250.484,189.530,0.999,-1,-1,-1
2205,32,1739.089,1023.026,140.937,135.202,0.978,-1,-1,-1
2206,31,1226.731,955.737,268.303,191.933,0.999,-1,-1,-1
2206,32,1739.310,1019.246,144.332,135.001,0.978,-1,-1,-1
2207,31,1178.225,950.608,293.064,203.066,0.998,-1,-1,-1
2207,32,1744.113,1016.110,139.902,133.047,0.967,-1,-1,-1
2208,31,1124.041,949.757,305.719,206.853,0.997,-1,-1,-1
2208,32,1746.602,1012.513,137.954,135.143,0.973,-1,-1,-1
2209,31,1060.103,942.070,331.599,217.943,0.999,-1,-1,-1
2209,32,1748.912,1008.565,137.450,134.709,0.972,-1,-1,-1
2210,31,993.273,936.785,362.676,225.527,0.999,-1,-1,-1
2210,32,1753.902,1006.279,133.426,129.952,0.968,-1,-1,-1
2211,31,921.945,932.661,392.499,235.193,1.000,-1,-1,-1
2211,32,1755.544,1003.567,131.707,126.481,0.945,-1,-1,-1
2212,31,826.510,924.603,432.927,250.918,1.000,-1,-1,-1
2212,32,1754.392,999.795,128.510,122.560,0.919,-1,-1,-1
2213,31,733.025,912.825,464.110,268.187,0.999,-1,-1,-1
2213,32,1752.084,998.176,129.422,119.847,0.800,-1,-1,-1
2214,31,615.977,904.020,509.111,283.943,0.999,-1,-1,-1
2214,32,1750.379,992.279,130.876,121.738,0.692,-1,-1,-1
2215,31,475.320,894.794,549.022,293.869,0.999,-1,-1,-1
2215,32,1753.550,989.956,126.328,117.596,0.593,-1,-1,-1
2216,31,321.317,881.137,619.814,316.714,0.999,-1,-1,-1
2216,32,1752.606,986.358,126.328,117.596,0.593,-1,-1,-1
2217,31,131.554,863.118,688.406,338.572,0.999,-1,-1,-1
2217,32,1752.202,983.884,126.328,117.596,0.593,-1,-1,-1
2218,31,5.776,848.753,701.426,364.385,0.985,-1,-1,-1
2218,32,1755.373,982.630,122.010,110.940,0.540,-1,-1,-1
2219,31,3.544,831.251,562.469,379.762,0.863,-1,-1,-1
2219,32,1755.728,980.813,122.010,110.940,0.540,-1,-1,-1
2220,31,0.000,826.335,430.694,379.762,0.863,-1,-1,-1
2220,32,1755.891,979.822,122.010,110.940,0.540,-1,-1,-1
2221,31,0.000,821.825,274.371,379.762,0.863,-1,-1,-1
2221,32,1756.047,978.777,122.010,110.940,0.540,-1,-1,-1
2222,31,0.000,818.738,149.138,379.762,0.863,-1,-1,-1
2222,32,1756.206,977.726,122.010,110.940,0.540,-1,-1,-1
2223,31,0.000,815.942,47.759,379.762,0.863,-1,-1,-1
