218,4188,1089.00,763.83,410.28,297.45,1,-1,-1,-1
219,4188,1088.66,727.17,403.31,308.92,1,-1,-1,-1
220,4188,1087.67,693.06,395.85,314.58,1,-1,-1,-1
221,4188,1087.34,659.79,387.75,313.89,1,-1,-1,-1
222,4188,1084.34,629.91,380.34,310.18,1,-1,-1,-1
223,4188,1080.73,603.93,371.54,306.41,1,-1,-1,-1
224,4188,1073.42,582.13,364.23,300.39,1,-1,-1,-1
225,4188,1065.00,562.37,358.40,295.29,1,-1,-1,-1
226,4188,1055.46,542.97,351.61,290.08,1,-1,-1,-1
227,4188,1046.60,523.64,344.54,283.63,1,-1,-1,-1
228,4188,1036.50,506.62,338.69,277.08,1,-1,-1,-1
229,4188,1023.88,489.30,333.62,271.39,1,-1,-1,-1
230,4188,1014.89,474.04,327.72,265.10,1,-1,-1,-1
231,4188,1004.13,457.61,322.39,259.58,1,-1,-1,-1
232,4188,994.31,443.02,316.74,254.14,1,-1,-1,-1
233,4188,982.18,428.49,310.72,248.40,1,-1,-1,-1
234,4188,972.96,415.59,303.93,242.57,1,-1,-1,-1
235,4188,964.99,402.35,298.19,237.84,1,-1,-1,-1
236,4188,957.99,389.60,291.99,232.36,1,-1,-1,-1
237,4188,951.28,376.84,285.80,226.82,1,-1,-1,-1
238,4188,946.94,366.67,279.01,220.44,1,-1,-1,-1
239,4188,939.86,355.60,272.51,215.49,1,-1,-1,-1
240,4188,933.95,345.59,266.62,211.23,1,-1,-1,-1
241,4188,930.38,335.66,260.60,207.35,1,-1,-1,-1
242,4188,926.24,325.83,254.64,203.90,1,-1,-1,-1
243,4188,922.06,316.12,251.14,201.61,1,-1,-1,-1
244,4188,919.70,307.54,246.06,197.48,1,-1,-1,-1
245,4188,918.37,300.38,240.54,192.97,1,-1,-1,-1
246,4188,915.52,293.39,236.15,188.24,1,-1,-1,-1
247,4188,912.95,286.01,232.24,185.33,1,-1,-1,-1
248,4188,911.29,279.91,227.78,181.65,1,-1,-1,-1
249,4188,910.19,273.05,224.00,178.24,1,-1,-1,-1
250,4188,909.15,267.45,219.92,175.44,1,-1,-1,-1
251,4188,908.59,262.69,215.55,172.26,1,-1,-1,-1
252,4188,907.54,257.19,211.12,169.96,1,-1,-1,-1
253,4188,906.83,250.90,207.76,167.68,1,-1,-1,-1
254,4188,905.44,245.57,204.91,165.58,1,-1,-1,-1
255,4188,904.86,240.61,202.07,163.21,1,-1,-1,-1
256,4188,905.02,236.62,198.55,160.57,1,-1,-1,-1
257,4188,903.96,232.31,195.12,158.29,1,-1,-1,-1
258,4188,902.53,228.64,191.97,156.13,1,-1,-1,-1
259,4188,901.56,224.99,188.79,154.20,1,-1,-1,-1
260,4188,898.92,222.14,186.60,152.09,1,-1,-1,-1
261,4188,896.89,218.08,184.24,149.97,1,-1,-1,-1
262,4188,895.23,214.14,181.94,147.36,1,-1,-1,-1
263,4188,893.04,208.85,179.72,144.68,1,-1,-1,-1
264,4188,890.07,205.52,177.55,141.93,1,-1,-1,-1
265,4188,888.10,202.76,174.76,139.61,1,-1,-1,-1
266,4188,886.16,198.73,172.08,138.13,1,-1,-1,-1
267,4188,884.77,194.98,169.64,137.20,1,-1,-1,-1
268,4188,882.78,190.90,167.74,136.33,1,-1,-1,-1
269,4188,880.70,187.40,165.85,134.91,1,-1,-1,-1
270,4188,879.17,183.53,164.47,133.57,1,-1,-1,-1
271,4188,877.86,180.50,162.77,132.03,1,-1,-1,-1
272,4188,876.04,177.49,161.52,130.46,1,-1,-1,-1
273,4188,875.24,174.92,159.84,128.97,1,-1,-1,-1
274,4188,874.38,171.92,157.99,127.46,1,-1,-1,-1
275,4188,873.99,168.17,156.68,126.47,1,-1,-1,-1
276,4188,873.78,165.10,154.83,125.42,1,-1,-1,-1
277,4188,873.32,162.00,153.69,124.70,1,-1,-1,-1
278,4188,873.31,160.36,152.21,123.58,1,-1,-1,-1
279,4188,872.71,158.15,150.94,122.44,1,-1,-1,-1
280,4188,871.90,156.58,150.22,121.40,1,-1,-1,-1
281,4188,871.32,154.56,148.69,120.10,1,-1,-1,-1
282,4188,870.94,152.02,147.65,119.45,1,-1,-1,-1
283,4188,869.38,148.37,147.68,119.77,1,-1,-1,-1
284,4188,868.28,145.35,147.31,119.66,1,-1,-1,-1
285,4188,867.13,142.96,146.67,118.72,1,-1,-1,-1
286,4188,866.64,140.38,145.84,117.67,1,-1,-1,-1
287,4188,866.42,137.91,144.70,116.65,1,-1,-1,-1
288,4188,865.50,136.08,143.22,115.90,1,-1,-1,-1
289,4188,864.65,134.78,142.22,115.18,1,-1,-1,-1
290,4188,863.91,133.37,141.39,114.49,1,-1,-1,-1
291,4188,863.51,131.55,140.46,113.79,1,-1,-1,-1
292,4188,862.91,129.07,139.18,113.32,1,-1,-1,-1
293,4188,862.22,126.64,138.07,112.48,1,-1,-1,-1
294,4188,861.27,124.27,136.73,111.76,1,-1,-1,-1
295,4188,859.83,123.15,135.98,110.76,1,-1,-1,-1
296,4188,859.03,121.60,135.19,110.06,1,-1,-1,-1
297,4188,858.14,119.64,134.35,109.38,1,-1,-1,-1
298,4188,857.60,117.68,133.44,108.69,1,-1,-1,-1
299,4188,857.20,115.89,132.21,107.55,1,-1,-1,-1
300,4188,856.90,113.96,130.90,106.33,1,-1,-1,-1
301,4188,856.48,112.13,130.17,105.46,1,-1,-1,-1
302,4188,856.09,110.36,129.55,104.83,1,-1,-1,-1
303,4188,855.79,109.23,128.72,103.49,1,-1,-1,-1
304,4188,854.38,107.55,128.35,102.99,1,-1,-1,-1
305,4188,854.25,104.76,128.21,102.68,1,-1,-1,-1
306,4188,853.69,102.54,128.12,102.57,1,-1,-1,-1
307,4188,853.13,100.66,127.58,102.04,1,-1,-1,-1
308,4188,852.05,98.49,127.10,101.76,1,-1,-1,-1
309,4188,850.52,96.72,126.77,101.70,1,-1,-1,-1
310,4188,848.75,95.03,126.15,101.67,1,-1,-1,-1
311,4188,847.04,93.43,125.37,101.48,1,-1,-1,-1
312,4188,845.62,92.01,124.63,100.96,1,-1,-1,-1
313,4188,843.83,89.38,124.01,101.36,1,-1,-1,-1
314,4188,842.41,86.24,123.51,101.85,1,-1,-1,-1
315,4188,841.67,84.84,122.73,101.87,1,-1,-1,-1
316,4188,840.76,83.74,122.34,101.67,1,-1,-1,-1
317,4188,839.99,83.22,121.84,101.00,1,-1,-1,-1
318,4188,839.88,82.27,120.77,100.17,1,-1,-1,-1
319,4188,839.39,81.10,119.58,99.24,1,-1,-1,-1
320,4188,839.04,79.15,118.46,98.79,1,-1,-1,-1
321,4188,838.24,78.88,117.68,97.97,1,-1,-1,-1
322,4188,837.72,76.87,117.13,97.35,1,-1,-1,-1
323,4188,837.55,75.14,116.63,96.79,1,-1,-1,-1
324,4188,837.76,73.79,116.10,96.22,1,-1,-1,-1
325,4188,837.36,72.09,115.44,95.59,1,-1,-1,-1
326,4188,837.32,71.21,115.15,95.16,1,-1,-1,-1
327,4188,837.08,70.37,114.60,94.41,1,-1,-1,-1
328,4188,836.30,70.12,113.61,93.79,1,-1,-1,-1
329,4188,835.88,70.20,112.84,93.20,1,-1,-1,-1
330,4188,835.40,70.17,112.37,92.64,1,-1,-1,-1
331,4188,834.48,69.77,111.76,92.27,1,-1,-1,-1
332,4188,833.71,69.52,111.46,91.97,1,-1,-1,-1
333,4188,833.19,68.96,111.40,91.96,1,-1,-1,-1
334,4188,832.18,68.52,111.63,91.96,1,-1,-1,-1
335,4188,828.33,67.94,110.55,91.47,1,-1,-1,-1
417,4202,1357.46,115.75,230.12,161.63,1,-1,-1,-1
418,4202,1353.45,116.15,238.13,161.34,1,-1,-1,-1
419,4202,1349.34,116.96,244.63,160.70,1,-1,-1,-1
420,4202,1346.74,117.97,246.84,159.91,1,-1,-1,-1
421,4202,1344.02,119.01,249.42,159.41,1,-1,-1,-1
422,4202,1340.95,119.79,251.17,159.36,1,-1,-1,-1
423,4202,1337.97,120.68,252.00,158.90,1,-1,-1,-1
424,4202,1331.78,121.98,253.40,158.03,1,-1,-1,-1
425,4202,1323.97,122.89,255.93,157.55,1,-1,-1,-1
426,4202,1317.29,123.70,258.80,156.84,1,-1,-1,-1
427,4202,1311.56,124.48,261.21,156.55,1,-1,-1,-1
428,4203,692.21,64.50,134.13,108.57,1,-1,-1,-1
428,4202,1307.97,125.43,262.77,155.64,1,-1,-1,-1
429,4203,692.55,65.27,134.21,109.14,1,-1,-1,-1
429,4202,1305.09,126.08,263.91,154.74,1,-1,-1,-1
430,4203,693.76,66.22,133.53,109.50,1,-1,-1,-1
430,4202,1303.97,126.44,264.22,153.80,1,-1,-1,-1
431,4203,694.78,67.23,133.14,110.09,1,-1,-1,-1
431,4202,1303.37,127.08,263.92,152.81,1,-1,-1,-1
432,4203,694.40,68.52,133.54,110.88,1,-1,-1,-1
432,4202,1303.26,127.62,263.79,152.30,1,-1,-1,-1
433,4203,693.93,69.75,134.00,111.78,1,-1,-1,-1
433,4202,1302.58,127.75,264.21,152.44,1,-1,-1,-1
434,4203,692.86,70.32,134.56,112.74,1,-1,-1,-1
434,4202,1302.63,127.82,264.18,152.47,1,-1,-1,-1
435,4203,692.63,71.63,134.65,113.41,1,-1,-1,-1
435,4202,1302.48,128.15,264.39,152.53,1,-1,-1,-1
436,4203,690.74,72.33,134.90,114.09,1,-1,-1,-1
436,4202,1302.30,128.29,264.72,152.48,1,-1,-1,-1
437,4203,689.64,73.07,135.04,114.80,1,-1,-1,-1
437,4202,1302.02,128.54,265.18,152.41,1,-1,-1,-1
438,4203,689.05,73.67,135.29,115.80,1,-1,-1,-1
438,4202,1301.99,128.70,265.41,152.18,1,-1,-1,-1
439,4203,689.60,75.54,134.59,116.12,1,-1,-1,-1
439,4202,1302.06,128.67,265.56,151.96,1,-1,-1,-1
440,4203,689.26,76.29,134.47,116.74,1,-1,-1,-1
440,4202,1302.44,128.72,265.46,151.82,1,-1,-1,-1
441,4203,688.45,77.13,134.69,117.39,1,-1,-1,-1
441,4202,1302.75,128.75,265.35,151.71,1,-1,-1,-1
442,4203,687.03,77.63,134.50,117.60,1,-1,-1,-1
442,4202,1303.12,128.86,265.16,151.40,1,-1,-1,-1
443,4203,685.78,78.11,134.84,118.18,1,-1,-1,-1
443,4202,1303.36,128.96,265.08,151.09,1,-1,-1,-1
444,4203,684.41,78.88,135.31,118.67,1,-1,-1,-1
444,4202,1303.42,128.97,264.99,150.91,1,-1,-1,-1
445,4203,683.93,79.83,135.15,119.07,1,-1,-1,-1
445,4202,1304.14,128.97,264.71,150.62,1,-1,-1,-1
446,4203,683.28,80.47,135.19,119.84,1,-1,-1,-1
446,4202,1304.83,129.04,264.11,150.26,1,-1,-1,-1
447,4203,682.63,82.63,135.55,120.37,1,-1,-1,-1
447,4202,1305.17,129.08,263.62,150.05,1,-1,-1,-1
448,4203,681.76,84.09,136.28,121.24,1,-1,-1,-1
448,4202,1305.67,128.98,263.11,149.75,1,-1,-1,-1
449,4203,681.03,83.84,136.73,122.32,1,-1,-1,-1
449,4202,1306.13,128.80,262.64,149.82,1,-1,-1,-1
450,4203,679.95,84.32,137.31,123.43,1,-1,-1,-1
450,4202,1306.29,128.82,262.37,149.94,1,-1,-1,-1
451,4203,678.92,85.75,137.69,123.82,1,-1,-1,-1
451,4202,1306.35,128.78,262.26,150.06,1,-1,-1,-1
452,4203,677.39,89.49,137.92,122.95,1,-1,-1,-1
452,4202,1306.78,128.69,261.99,150.16,1,-1,-1,-1
453,4203,676.17,92.34,138.32,122.40,1,-1,-1,-1
453,4202,1307.17,128.56,261.73,150.28,1,-1,-1,-1
454,4203,674.65,94.28,138.94,122.22,1,-1,-1,-1
454,4202,1307.12,128.48,261.66,150.39,1,-1,-1,-1
455,4203,673.72,96.42,139.33,122.07,1,-1,-1,-1
455,4202,1306.96,128.38,261.77,150.49,1,-1,-1,-1
456,4203,672.41,98.36,139.89,122.16,1,-1,-1,-1
456,4202,1307.28,128.53,261.57,150.45,1,-1,-1,-1
457,4203,671.83,100.29,140.30,122.30,1,-1,-1,-1
457,4202,1307.10,128.81,261.50,150.30,1,-1,-1,-1
458,4203,671.01,102.20,141.12,122.78,1,-1,-1,-1
458,4202,1306.79,129.10,261.49,150.05,1,-1,-1,-1
459,4203,670.20,105.54,141.84,122.81,1,-1,-1,-1
459,4202,1306.59,129.30,261.56,149.86,1,-1,-1,-1
460,4203,669.50,108.47,142.47,122.69,1,-1,-1,-1
460,4202,1306.09,129.46,261.73,149.77,1,-1,-1,-1
461,4203,668.38,110.71,142.97,122.47,1,-1,-1,-1
461,4202,1306.85,129.46,261.35,149.52,1,-1,-1,-1
462,4203,667.13,112.13,143.76,122.63,1,-1,-1,-1
462,4202,1307.05,129.50,261.22,149.38,1,-1,-1,-1
463,4203,666.15,113.29,144.29,122.90,1,-1,-1,-1
463,4202,1307.51,129.55,260.87,149.27,1,-1,-1,-1
464,4203,665.27,114.70,145.01,123.61,1,-1,-1,-1
464,4202,1307.86,129.58,260.62,149.25,1,-1,-1,-1
465,4204,685.34,59.28,119.38,97.28,1,-1,-1,-1
465,4203,664.95,116.25,145.29,123.99,1,-1,-1,-1
465,4202,1307.67,129.64,260.70,149.23,1,-1,-1,-1
466,4204,684.76,60.08,121.74,98.67,1,-1,-1,-1
466,4203,664.52,118.23,146.09,124.46,1,-1,-1,-1
466,4202,1307.39,129.67,260.83,149.27,1,-1,-1,-1
467,4204,683.84,59.65,123.73,100.89,1,-1,-1,-1
467,4203,663.88,119.65,147.14,125.44,1,-1,-1,-1
467,4202,1307.37,129.68,260.82,149.23,1,-1,-1,-1
468,4204,683.78,60.13,125.21,102.59,1,-1,-1,-1
468,4203,663.21,121.31,148.23,126.61,1,-1,-1,-1
468,4202,1307.49,129.65,260.75,149.08,1,-1,-1,-1
469,4204,684.53,59.91,125.74,103.34,1,-1,-1,-1
469,4203,662.55,122.77,149.32,127.77,1,-1,-1,-1
469,4202,1307.50,129.58,260.67,149.05,1,-1,-1,-1
470,4204,684.49,60.39,126.02,103.78,1,-1,-1,-1
470,4203,661.25,124.27,150.40,128.54,1,-1,-1,-1
470,4202,1307.23,129.47,260.78,149.04,1,-1,-1,-1
471,4204,684.62,60.59,126.48,104.26,1,-1,-1,-1
471,4203,660.55,126.49,151.94,129.20,1,-1,-1,-1
471,4202,1307.30,129.36,260.86,149.09,1,-1,-1,-1
472,4204,685.59,60.82,126.73,104.82,1,-1,-1,-1
472,4203,659.42,128.17,153.34,129.73,1,-1,-1,-1
472,4202,1307.00,128.86,261.21,149.29,1,-1,-1,-1
473,4204,686.80,61.77,126.82,105.34,1,-1,-1,-1
473,4203,658.60,129.99,154.26,130.26,1,-1,-1,-1
473,4202,1307.26,128.74,261.08,149.36,1,-1,-1,-1
474,4204,686.84,62.19,127.56,106.37,1,-1,-1,-1
474,4203,657.52,131.14,155.42,131.28,1,-1,-1,-1
474,4202,1307.35,128.54,261.07,149.41,1,-1,-1,-1
475,4204,686.51,63.74,128.05,107.13,1,-1,-1,-1
475,4203,656.24,132.27,157.15,132.73,1,-1,-1,-1
475,4202,1307.48,128.48,260.98,149.48,1,-1,-1,-1
476,4204,685.98,63.90,128.77,108.28,1,-1,-1,-1
476,4203,655.40,134.57,158.38,134.07,1,-1,-1,-1
476,4202,1306.58,128.65,261.51,149.74,1,-1,-1,-1
477,4204,685.94,63.36,129.37,109.22,1,-1,-1,-1
477,4203,654.66,136.53,159.59,135.43,1,-1,-1,-1
477,4202,1306.07,128.77,261.82,149.91,1,-1,-1,-1
478,4204,685.27,63.37,130.11,110.44,1,-1,-1,-1
478,4203,653.74,138.91,160.69,136.46,1,-1,-1,-1
478,4202,1305.95,128.77,261.93,149.89,1,-1,-1,-1
479,4204,685.07,64.14,130.69,111.41,1,-1,-1,-1
479,4203,652.95,141.19,161.17,137.03,1,-1,-1,-1
479,4202,1305.51,128.95,262.14,149.86,1,-1,-1,-1
480,4204,684.90,65.06,130.90,112.26,1,-1,-1,-1
480,4203,652.61,144.46,161.54,137.44,1,-1,-1,-1
480,4202,1305.48,128.88,262.26,149.91,1,-1,-1,-1
481,4204,684.98,66.88,131.18,112.54,1,-1,-1,-1
481,4203,651.96,146.64,162.43,138.17,1,-1,-1,-1
481,4202,1305.11,129.05,262.71,150.09,1,-1,-1,-1
482,4204,683.82,68.06,132.54,113.52,1,-1,-1,-1
482,4203,651.21,148.91,164.06,139.23,1,-1,-1,-1
482,4202,1305.44,129.30,262.65,149.88,1,-1,-1,-1
483,4204,683.73,68.91,133.52,114.37,1,-1,-1,-1
483,4203,650.25,150.94,165.46,140.19,1,-1,-1,-1
483,4202,1305.22,129.38,262.77,149.86,1,-1,-1,-1
484,4204,683.38,70.04,134.44,115.05,1,-1,-1,-1
484,4203,649.46,152.60,166.74,141.10,1,-1,-1,-1
484,4202,1305.35,129.50,262.65,149.89,1,-1,-1,-1
485,4204,683.72,70.98,134.90,115.66,1,-1,-1,-1
485,4203,648.40,154.42,167.81,141.88,1,-1,-1,-1
485,4202,1305.59,129.47,262.44,149.84,1,-1,-1,-1
486,4204,683.67,71.94,135.56,116.34,1,-1,-1,-1
486,4203,647.83,157.00,168.68,142.46,1,-1,-1,-1
486,4202,1305.49,129.40,262.50,149.91,1,-1,-1,-1
487,4204,684.07,72.76,135.89,116.93,1,-1,-1,-1
487,4203,646.99,159.41,169.42,143.23,1,-1,-1,-1
487,4202,1305.46,129.38,262.55,149.80,1,-1,-1,-1
488,4204,683.62,72.97,136.21,117.42,1,-1,-1,-1
488,4203,646.53,161.97,170.47,143.87,1,-1,-1,-1
488,4202,1305.35,129.36,262.68,149.71,1,-1,-1,-1
489,4204,683.42,73.82,136.66,117.95,1,-1,-1,-1
489,4203,646.35,164.74,171.45,145.07,1,-1,-1,-1
489,4202,1305.53,129.31,262.55,149.72,1,-1,-1,-1
490,4204,682.98,75.12,137.28,118.66,1,-1,-1,-1
490,4203,645.73,168.25,172.85,146.32,1,-1,-1,-1
490,4202,1305.70,129.33,262.32,149.79,1,-1,-1,-1
491,4204,682.34,76.63,137.84,119.25,1,-1,-1,-1
491,4203,644.69,170.75,174.15,147.35,1,-1,-1,-1
491,4202,1306.05,129.28,262.03,149.88,1,-1,-1,-1
492,4204,681.58,78.76,138.19,119.39,1,-1,-1,-1
492,4203,643.69,172.82,175.29,148.73,1,-1,-1,-1
492,4202,1306.36,129.26,261.76,149.94,1,-1,-1,-1
493,4204,681.35,79.98,138.38,119.71,1,-1,-1,-1
493,4203,642.96,175.25,176.27,150.00,1,-1,-1,-1
493,4202,1305.91,129.13,262.06,150.07,1,-1,-1,-1
494,4204,681.36,81.88,138.43,120.10,1,-1,-1,-1
494,4203,642.15,177.23,177.75,151.69,1,-1,-1,-1
494,4202,1305.34,129.22,262.43,150.11,1,-1,-1,-1
495,4204,680.26,81.95,139.02,120.94,1,-1,-1,-1
495,4203,641.37,179.96,179.10,153.47,1,-1,-1,-1
495,4202,1305.22,129.13,262.75,150.22,1,-1,-1,-1
496,4204,679.27,83.45,139.14,121.43,1,-1,-1,-1
496,4203,640.36,182.75,180.20,154.46,1,-1,-1,-1
496,4202,1305.07,129.13,263.06,150.34,1,-1,-1,-1
497,4204,678.33,85.72,139.85,122.22,1,-1,-1,-1
497,4203,638.56,185.53,181.97,155.56,1,-1,-1,-1
497,4202,1304.93,128.83,263.19,150.55,1,-1,-1,-1
498,4204,677.25,86.88,140.88,123.09,1,-1,-1,-1
498,4203,637.47,189.07,183.30,156.37,1,-1,-1,-1
498,4202,1304.53,128.66,263.32,150.82,1,-1,-1,-1
499,4204,675.69,88.27,141.90,124.12,1,-1,-1,-1
499,4203,636.76,192.04,185.11,157.14,1,-1,-1,-1
499,4202,1304.49,128.57,263.32,150.92,1,-1,-1,-1
500,4204,674.23,89.94,142.53,124.82,1,-1,-1,-1
500,4203,636.57,195.07,187.39,158.88,1,-1,-1,-1
500,4202,1304.59,128.58,263.19,150.99,1,-1,-1,-1
501,4204,673.39,91.28,143.51,125.55,1,-1,-1,-1
501,4203,635.16,197.74,189.29,160.29,1,-1,-1,-1
501,4202,1305.06,128.48,262.73,151.05,1,-1,-1,-1
502,4204,672.60,93.11,143.90,125.72,1,-1,-1,-1
502,4203,633.51,200.74,191.64,162.31,1,-1,-1,-1
502,4202,1305.15,128.53,262.59,151.06,1,-1,-1,-1
503,4204,672.31,95.89,143.68,125.32,1,-1,-1,-1
503,4203,631.99,203.54,193.83,164.35,1,-1,-1,-1
503,4202,1305.17,128.65,262.36,151.04,1,-1,-1,-1
504,4204,671.55,97.34,143.63,125.53,1,-1,-1,-1
504,4203,630.58,206.66,195.89,166.09,1,-1,-1,-1
504,4202,1305.58,128.66,262.10,150.96,1,-1,-1,-1
505,4204,670.31,99.55,143.93,125.55,1,-1,-1,-1
505,4203,629.92,209.48,197.48,168.03,1,-1,-1,-1
505,4202,1305.32,128.99,262.31,150.98,1,-1,-1,-1
506,4204,668.56,102.23,144.70,126.13,1,-1,-1,-1
506,4203,628.65,212.88,199.24,169.54,1,-1,-1,-1
506,4202,1305.15,129.18,262.42,150.96,1,-1,-1,-1
507,4204,667.23,104.13,145.79,127.03,1,-1,-1,-1
507,4203,627.64,216.22,200.53,170.78,1,-1,-1,-1
507,4202,1305.07,129.29,262.46,151.00,1,-1,-1,-1
508,4204,666.48,105.60,146.11,127.57,1,-1,-1,-1
508,4203,626.45,219.34,201.99,171.91,1,-1,-1,-1
508,4202,1305.06,129.30,262.48,151.02,1,-1,-1,-1
509,4204,665.64,107.50,146.60,127.85,1,-1,-1,-1
509,4203,624.94,222.71,203.30,173.17,1,-1,-1,-1
509,4202,1305.33,129.29,262.32,150.97,1,-1,-1,-1
510,4204,664.36,110.25,147.35,127.99,1,-1,-1,-1
510,4203,623.75,225.68,204.40,174.45,1,-1,-1,-1
510,4202,1305.45,129.24,262.24,150.96,1,-1,-1,-1
511,4204,663.84,112.07,147.95,128.60,1,-1,-1,-1
511,4203,622.95,228.40,205.63,175.95,1,-1,-1,-1
511,4202,1306.32,128.89,261.71,150.84,1,-1,-1,-1
512,4204,662.80,113.67,148.36,129.15,1,-1,-1,-1
512,4203,621.43,231.48,207.88,178.35,1,-1,-1,-1
512,4202,1305.99,128.69,261.84,150.71,1,-1,-1,-1
513,4204,662.00,115.53,148.74,129.56,1,-1,-1,-1
513,4203,620.34,234.44,210.69,180.97,1,-1,-1,-1
513,4202,1305.76,128.57,262.03,150.61,1,-1,-1,-1
514,4204,660.45,118.01,148.88,129.61,1,-1,-1,-1
514,4203,618.89,237.56,213.35,183.43,1,-1,-1,-1
514,4202,1305.72,128.53,262.17,150.60,1,-1,-1,-1
515,4204,659.19,120.25,149.10,129.73,1,-1,-1,-1
515,4203,617.40,241.29,215.90,184.94,1,-1,-1,-1
515,4202,1305.71,128.47,262.20,150.52,1,-1,-1,-1
516,4204,658.53,122.50,149.34,130.07,1,-1,-1,-1
516,4203,615.99,245.55,218.28,186.52,1,-1,-1,-1
516,4202,1305.53,128.32,262.46,150.64,1,-1,-1,-1
517,4204,657.69,124.22,150.01,131.09,1,-1,-1,-1
517,4203,614.56,249.11,220.25,188.41,1,-1,-1,-1
517,4202,1305.46,128.17,262.76,150.56,1,-1,-1,-1
518,4204,656.73,126.13,151.30,132.78,1,-1,-1,-1
518,4203,613.58,252.32,222.14,190.87,1,-1,-1,-1
518,4202,1305.24,128.14,263.00,150.58,1,-1,-1,-1
519,4204,655.61,127.56,152.08,134.30,1,-1,-1,-1
519,4203,612.04,257.05,224.87,193.21,1,-1,-1,-1
519,4202,1305.07,128.20,263.13,150.60,1,-1,-1,-1
520,4204,654.50,129.38,153.15,135.85,1,-1,-1,-1
520,4203,611.08,262.63,227.33,194.89,1,-1,-1,-1
520,4202,1304.92,128.19,263.26,150.66,1,-1,-1,-1
521,4204,653.58,131.54,154.74,136.78,1,-1,-1,-1
521,4203,608.54,268.49,230.33,196.89,1,-1,-1,-1
521,4202,1305.53,127.81,262.94,150.72,1,-1,-1,-1
522,4204,653.62,134.40,155.94,137.12,1,-1,-1,-1
522,4203,605.76,274.95,233.68,199.26,1,-1,-1,-1
522,4202,1305.26,127.76,263.03,150.92,1,-1,-1,-1
523,4204,653.23,137.01,156.95,137.44,1,-1,-1,-1
523,4203,604.21,282.51,236.33,201.58,1,-1,-1,-1
523,4202,1305.46,127.72,262.77,151.01,1,-1,-1,-1
524,4204,653.38,140.14,158.00,137.53,1,-1,-1,-1
524,4203,602.20,290.12,238.43,204.38,1,-1,-1,-1
524,4202,1305.51,128.05,262.87,150.93,1,-1,-1,-1
525,4204,652.24,146.63,160.55,138.22,1,-1,-1,-1
525,4203,599.70,297.76,241.50,207.88,1,-1,-1,-1
525,4202,1306.36,128.52,262.17,150.57,1,-1,-1,-1
526,4204,651.62,149.78,162.74,139.06,1,-1,-1,-1
526,4203,596.68,306.17,244.72,212.03,1,-1,-1,-1
526,4202,1306.78,128.92,261.24,150.24,1,-1,-1,-1
527,4204,651.31,152.27,164.25,139.89,1,-1,-1,-1
527,4203,594.38,313.51,248.00,215.71,1,-1,-1,-1
527,4202,1308.15,129.10,259.76,149.79,1,-1,-1,-1
528,4204,650.83,154.72,165.21,140.66,1,-1,-1,-1
528,4203,591.55,320.80,251.74,219.21,1,-1,-1,-1
528,4202,1307.48,129.41,259.44,149.53,1,-1,-1,-1
529,4204,650.39,156.64,166.05,141.27,1,-1,-1,-1
529,4203,588.47,328.33,255.46,222.64,1,-1,-1,-1
529,4202,1306.30,129.83,260.01,149.29,1,-1,-1,-1
530,4204,649.86,158.48,166.73,141.36,1,-1,-1,-1
530,4203,585.15,336.52,258.92,226.36,1,-1,-1,-1
530,4202,1306.11,130.19,259.83,148.98,1,-1,-1,-1
531,4204,649.07,160.83,167.69,141.64,1,-1,-1,-1
531,4203,582.41,345.53,262.00,229.24,1,-1,-1,-1
531,4202,1306.81,130.59,258.93,148.76,1,-1,-1,-1
532,4204,648.32,163.59,169.42,142.64,1,-1,-1,-1
532,4203,579.26,354.80,266.31,232.13,1,-1,-1,-1
532,4202,1305.90,131.10,258.49,148.73,1,-1,-1,-1
533,4204,647.67,166.33,171.04,143.73,1,-1,-1,-1
533,4203,576.34,365.86,269.82,234.49,1,-1,-1,-1
533,4202,1305.18,131.67,258.09,148.63,1,-1,-1,-1
534,4204,647.59,169.11,172.95,144.98,1,-1,-1,-1
534,4203,573.81,377.69,273.21,237.07,1,-1,-1,-1
534,4202,1301.43,132.71,258.99,148.76,1,-1,-1,-1
535,4204,647.74,171.67,174.14,146.23,1,-1,-1,-1
535,4203,569.97,387.76,276.17,240.02,1,-1,-1,-1
535,4202,1300.09,132.61,258.54,149.12,1,-1,-1,-1
536,4204,647.67,173.78,175.39,147.45,1,-1,-1,-1
536,4203,565.13,399.03,280.50,243.68,1,-1,-1,-1
536,4202,1295.73,132.58,258.92,150.01,1,-1,-1,-1
537,4204,647.09,176.06,176.84,148.92,1,-1,-1,-1
537,4203,560.74,409.49,284.62,247.02,1,-1,-1,-1
537,4202,1289.86,133.43,260.01,150.38,1,-1,-1,-1
538,4204,646.02,178.37,178.74,150.96,1,-1,-1,-1
538,4203,556.91,421.47,288.32,249.41,1,-1,-1,-1
538,4202,1282.91,134.50,261.23,150.28,1,-1,-1,-1
539,4204,646.39,180.98,180.08,152.53,1,-1,-1,-1
539,4203,551.23,433.79,293.52,252.72,1,-1,-1,-1
539,4202,1274.63,135.37,263.08,150.06,1,-1,-1,-1
540,4204,646.23,184.13,181.59,153.89,1,-1,-1,-1
540,4203,545.56,445.48,298.59,256.61,1,-1,-1,-1
540,4202,1266.13,136.47,265.05,149.68,1,-1,-1,-1
541,4204,645.18,187.52,183.80,154.81,1,-1,-1,-1
541,4203,541.75,456.78,303.77,260.78,1,-1,-1,-1
541,4202,1259.82,136.31,265.07,149.66,1,-1,-1,-1
542,4204,644.86,190.78,186.07,155.76,1,-1,-1,-1
542,4203,534.62,469.37,308.52,265.29,1,-1,-1,-1
542,4202,1251.39,137.94,265.29,148.87,1,-1,-1,-1
543,4204,644.59,193.74,187.99,157.40,1,-1,-1,-1
543,4203,528.38,481.12,313.30,269.57,1,-1,-1,-1
543,4202,1239.96,138.90,266.45,148.63,1,-1,-1,-1
544,4204,644.88,196.92,189.88,159.04,1,-1,-1,-1
544,4203,522.94,493.58,318.60,274.82,1,-1,-1,-1
544,4202,1227.09,140.64,268.29,148.64,1,-1,-1,-1
545,4204,644.92,199.93,191.85,160.86,1,-1,-1,-1
545,4203,516.09,506.11,322.78,279.25,1,-1,-1,-1
545,4202,1213.03,142.78,270.42,148.61,1,-1,-1,-1
546,4204,644.26,202.92,193.76,162.31,1,-1,-1,-1
546,4203,507.65,519.58,327.53,283.90,1,-1,-1,-1
546,4202,1199.28,145.41,271.11,149.03,1,-1,-1,-1
547,4204,643.75,205.97,195.60,163.78,1,-1,-1,-1
547,4203,499.18,534.13,332.55,288.99,1,-1,-1,-1
547,4202,1187.10,146.37,271.60,149.67,1,-1,-1,-1
548,4204,642.83,209.24,198.33,165.96,1,-1,-1,-1
548,4203,487.46,550.58,337.49,293.40,1,-1,-1,-1
548,4202,1174.11,147.35,273.05,150.08,1,-1,-1,-1
549,4204,642.65,212.58,200.54,167.60,1,-1,-1,-1
549,4203,476.63,567.86,343.24,296.91,1,-1,-1,-1
549,4202,1161.37,148.74,272.32,149.57,1,-1,-1,-1
550,4204,641.91,215.96,202.60,168.95,1,-1,-1,-1
550,4203,463.70,585.95,349.67,301.18,1,-1,-1,-1
550,4202,1146.70,150.37,273.59,149.54,1,-1,-1,-1
551,4204,641.38,219.33,204.25,170.54,1,-1,-1,-1
551,4203,449.22,604.35,356.15,306.18,1,-1,-1,-1
551,4202,1127.70,152.07,272.56,150.03,1,-1,-1,-1
552,4204,640.13,222.88,206.07,172.03,1,-1,-1,-1
552,4203,434.07,622.80,362.85,312.53,1,-1,-1,-1
552,4202,1106.95,153.70,267.68,149.41,1,-1,-1,-1
553,4204,640.03,226.21,208.23,173.89,1,-1,-1,-1
553,4203,420.78,642.77,368.55,318.44,1,-1,-1,-1
553,4202,1091.96,154.71,268.47,149.45,1,-1,-1,-1
554,4204,638.70,229.63,210.33,176.11,1,-1,-1,-1
554,4203,405.19,663.55,374.30,326.58,1,-1,-1,-1
554,4202,1076.94,156.18,269.23,149.43,1,-1,-1,-1
555,4204,637.01,232.14,212.85,179.28,1,-1,-1,-1
555,4203,388.12,686.66,379.19,333.23,1,-1,-1,-1
555,4202,1061.39,157.62,269.96,149.74,1,-1,-1,-1
556,4204,635.33,235.38,215.30,182.03,1,-1,-1,-1
556,4203,369.87,712.29,384.93,338.80,1,-1,-1,-1
556,4202,1044.11,158.81,271.32,150.06,1,-1,-1,-1
557,4204,633.70,238.66,217.70,184.20,1,-1,-1,-1
557,4203,352.50,739.59,390.20,336.87,1,-1,-1,-1
557,4202,1029.43,160.00,271.12,150.44,1,-1,-1,-1
558,4204,632.09,242.38,220.46,186.03,1,-1,-1,-1
558,4203,329.97,761.32,396.59,328.86,1,-1,-1,-1
558,4202,1011.23,161.54,270.53,150.96,1,-1,-1,-1
559,4204,631.67,247.63,223.24,187.81,1,-1,-1,-1
559,4203,309.55,783.04,402.41,315.74,1,-1,-1,-1
559,4202,992.72,163.08,270.97,151.60,1,-1,-1,-1
560,4204,630.64,252.90,225.75,189.82,1,-1,-1,-1
560,4202,975.46,164.32,271.12,152.89,1,-1,-1,-1
561,4204,629.59,258.40,228.51,192.10,1,-1,-1,-1
561,4202,957.07,164.92,270.94,154.41,1,-1,-1,-1
562,4204,628.10,264.28,230.56,193.98,1,-1,-1,-1
562,4202,939.57,164.80,269.99,156.02,1,-1,-1,-1
563,4204,625.66,271.51,233.34,195.14,1,-1,-1,-1
563,4202,920.18,165.00,269.26,157.45,1,-1,-1,-1
564,4204,625.18,279.58,236.19,197.38,1,-1,-1,-1
564,4202,904.54,165.90,267.28,158.31,1,-1,-1,-1
565,4204,623.65,287.78,238.77,200.11,1,-1,-1,-1
565,4202,888.88,167.29,264.09,158.69,1,-1,-1,-1
566,4204,622.58,296.55,240.58,203.18,1,-1,-1,-1
566,4202,872.29,168.79,260.49,158.97,1,-1,-1,-1
567,4204,620.88,304.82,243.44,206.85,1,-1,-1,-1
567,4202,855.70,169.92,257.47,159.28,1,-1,-1,-1
568,4204,619.59,313.41,246.41,209.72,1,-1,-1,-1
568,4202,839.46,171.31,254.39,159.40,1,-1,-1,-1
569,4204,616.92,320.71,249.60,213.83,1,-1,-1,-1
569,4202,824.56,172.93,251.07,159.91,1,-1,-1,-1
570,4204,614.73,329.72,252.60,217.51,1,-1,-1,-1
570,4202,809.63,174.40,247.61,160.75,1,-1,-1,-1
571,4204,611.95,338.33,256.90,221.38,1,-1,-1,-1
571,4202,794.87,176.52,244.55,161.11,1,-1,-1,-1
572,4204,609.55,349.98,261.04,224.08,1,-1,-1,-1
572,4202,780.80,178.66,241.60,161.85,1,-1,-1,-1
573,4204,605.35,360.16,266.89,227.69,1,-1,-1,-1
573,4202,767.10,180.42,239.66,162.83,1,-1,-1,-1
574,4204,601.59,372.27,271.86,230.79,1,-1,-1,-1
574,4202,753.84,182.91,238.51,163.31,1,-1,-1,-1
575,4204,597.85,383.89,276.32,234.47,1,-1,-1,-1
575,4202,741.89,185.07,235.60,163.50,1,-1,-1,-1
576,4204,591.93,397.39,281.24,239.06,1,-1,-1,-1
576,4202,729.50,188.38,232.91,163.45,1,-1,-1,-1
577,4204,585.77,409.61,285.67,243.06,1,-1,-1,-1
577,4202,718.46,191.20,230.96,164.12,1,-1,-1,-1
578,4204,579.48,422.30,289.79,246.45,1,-1,-1,-1
578,4202,708.11,193.36,228.72,165.02,1,-1,-1,-1
579,4204,573.58,436.31,294.17,250.64,1,-1,-1,-1
579,4202,696.86,196.41,226.77,165.76,1,-1,-1,-1
580,4204,566.05,450.07,299.50,254.57,1,-1,-1,-1
580,4202,686.65,200.11,225.91,166.94,1,-1,-1,-1
581,4204,557.29,463.24,305.28,259.83,1,-1,-1,-1
581,4202,677.31,202.86,224.59,167.90,1,-1,-1,-1
582,4204,547.23,475.76,311.74,265.57,1,-1,-1,-1
582,4202,667.95,205.22,223.87,168.96,1,-1,-1,-1
583,4204,537.72,488.66,317.70,270.21,1,-1,-1,-1
583,4202,658.45,207.82,223.84,170.24,1,-1,-1,-1
584,4204,528.64,502.85,323.95,275.84,1,-1,-1,-1
584,4202,650.35,210.66,223.90,171.28,1,-1,-1,-1
585,4204,518.62,516.83,329.78,281.57,1,-1,-1,-1
585,4202,643.57,213.21,222.86,172.00,1,-1,-1,-1
586,4204,507.74,531.96,335.43,287.27,1,-1,-1,-1
586,4202,635.90,216.98,222.06,172.78,1,-1,-1,-1
587,4204,494.60,548.97,340.99,292.65,1,-1,-1,-1
587,4202,629.90,219.79,221.66,173.86,1,-1,-1,-1
588,4204,482.14,568.20,346.27,296.70,1,-1,-1,-1
588,4202,624.73,223.12,221.78,174.97,1,-1,-1,-1
589,4204,465.36,586.66,352.63,301.75,1,-1,-1,-1
589,4202,619.55,225.57,221.89,176.57,1,-1,-1,-1
590,4204,450.71,606.72,359.29,307.69,1,-1,-1,-1
590,4202,613.77,228.55,222.32,178.27,1,-1,-1,-1
591,4204,433.81,626.49,366.41,314.01,1,-1,-1,-1
591,4202,608.93,231.58,223.29,180.63,1,-1,-1,-1
592,4204,417.57,648.39,374.03,321.29,1,-1,-1,-1
592,4202,604.68,233.93,224.24,182.59,1,-1,-1,-1
593,4204,398.30,671.20,380.28,329.02,1,-1,-1,-1
593,4202,600.67,236.89,225.42,184.19,1,-1,-1,-1
594,4204,378.14,698.08,386.77,336.48,1,-1,-1,-1
594,4202,598.15,240.64,226.39,185.34,1,-1,-1,-1
595,4204,358.97,724.79,394.02,340.15,1,-1,-1,-1
595,4202,594.43,244.66,227.99,186.93,1,-1,-1,-1
596,4204,336.27,749.15,400.64,335.07,1,-1,-1,-1
596,4202,591.30,249.00,230.52,189.04,1,-1,-1,-1
597,4204,313.24,773.62,407.90,322.87,1,-1,-1,-1
597,4202,588.99,253.30,232.77,191.08,1,-1,-1,-1
598,4204,288.25,798.65,415.92,305.26,1,-1,-1,-1
598,4202,586.17,257.71,235.17,193.88,1,-1,-1,-1
599,4202,582.87,263.52,237.12,195.99,1,-1,-1,-1
600,4202,580.04,269.77,239.10,197.86,1,-1,-1,-1
601,4202,577.24,277.92,242.12,200.82,1,-1,-1,-1
602,4202,574.40,284.95,244.63,203.39,1,-1,-1,-1
603,4202,571.40,293.52,246.58,206.56,1,-1,-1,-1
604,4202,568.81,301.62,248.74,210.13,1,-1,-1,-1
605,4202,565.24,309.66,251.57,214.04,1,-1,-1,-1
606,4202,561.02,317.21,254.88,216.92,1,-1,-1,-1
607,4202,556.54,324.53,258.12,220.06,1,-1,-1,-1
608,4202,552.76,332.73,261.39,223.90,1,-1,-1,-1
609,4202,549.42,342.44,263.71,226.83,1,-1,-1,-1
610,4202,545.00,352.01,267.28,230.16,1,-1,-1,-1
611,4202,539.70,363.12,271.88,233.61,1,-1,-1,-1
612,4202,534.76,374.07,275.72,237.14,1,-1,-1,-1
613,4202,530.38,385.83,278.90,240.14,1,-1,-1,-1
614,4202,526.17,397.27,282.20,244.21,1,-1,-1,-1
615,4202,520.69,409.57,286.71,248.16,1,-1,-1,-1
616,4202,514.20,421.54,290.70,250.43,1,-1,-1,-1
617,4202,507.98,434.24,295.25,253.47,1,-1,-1,-1
618,4202,501.22,447.25,300.38,257.19,1,-1,-1,-1
619,4202,493.91,460.17,306.05,261.56,1,-1,-1,-1
620,4202,486.80,472.49,310.43,267.08,1,-1,-1,-1
621,4202,479.16,484.01,314.87,272.27,1,-1,-1,-1
622,4202,469.66,497.84,320.15,277.19,1,-1,-1,-1
623,4202,459.63,511.03,325.42,282.56,1,-1,-1,-1
624,4202,449.68,525.79,330.97,288.59,1,-1,-1,-1
625,4202,439.42,540.92,336.23,294.60,1,-1,-1,-1
626,4202,428.19,558.30,342.26,299.47,1,-1,-1,-1
627,4202,416.84,575.94,348.79,304.23,1,-1,-1,-1
628,4202,402.18,596.26,353.76,308.32,1,-1,-1,-1
629,4202,389.20,615.74,360.95,315.37,1,-1,-1,-1
630,4202,373.11,635.44,367.03,321.33,1,-1,-1,-1
631,4202,357.53,657.40,373.42,328.91,1,-1,-1,-1
632,4202,340.78,680.25,379.76,336.97,1,-1,-1,-1
633,4202,325.07,705.67,386.79,343.33,1,-1,-1,-1
634,4202,306.46,730.68,396.44,343.62,1,-1,-1,-1
635,4202,286.98,753.84,405.18,335.56,1,-1,-1,-1
636,4202,264.29,778.30,414.35,320.88,1,-1,-1,-1
701,4207,921.02,807.04,534.97,265.92,1,-1,-1,-1
702,4207,926.82,788.20,530.80,281.50,1,-1,-1,-1
703,4207,933.00,768.70,523.48,297.62,1,-1,-1,-1
704,4207,938.92,748.61,513.51,314.17,1,-1,-1,-1
705,4207,946.61,728.86,504.36,331.83,1,-1,-1,-1
706,4207,953.01,711.36,495.38,349.34,1,-1,-1,-1
707,4207,960.29,693.12,487.24,367.05,1,-1,-1,-1
708,4207,966.11,673.57,480.36,385.45,1,-1,-1,-1
709,4207,971.68,654.57,471.44,401.78,1,-1,-1,-1
710,4207,977.01,633.15,462.60,412.84,1,-1,-1,-1
711,4207,981.28,612.23,450.99,418.10,1,-1,-1,-1
712,4207,981.60,592.69,444.90,422.29,1,-1,-1,-1
713,4207,985.53,574.83,437.01,423.73,1,-1,-1,-1
714,4207,987.72,559.46,429.43,421.37,1,-1,-1,-1
715,4207,989.85,541.25,421.53,418.00,1,-1,-1,-1
716,4207,989.14,524.95,415.46,413.99,1,-1,-1,-1
717,4207,988.43,509.80,410.50,408.83,1,-1,-1,-1
718,4207,986.78,495.30,405.43,405.07,1,-1,-1,-1
719,4207,981.56,483.70,402.08,400.33,1,-1,-1,-1
720,4207,978.32,473.51,397.95,395.20,1,-1,-1,-1
721,4207,974.02,462.24,394.07,390.04,1,-1,-1,-1
722,4207,970.19,452.31,390.59,383.75,1,-1,-1,-1
723,4207,966.96,441.26,386.69,378.76,1,-1,-1,-1
724,4207,963.39,431.69,382.12,373.80,1,-1,-1,-1
725,4207,960.24,420.62,378.81,368.50,1,-1,-1,-1
726,4207,955.05,410.01,374.80,363.66,1,-1,-1,-1
727,4207,951.70,400.48,370.19,359.44,1,-1,-1,-1
728,4207,946.35,392.05,366.18,355.05,1,-1,-1,-1
729,4207,940.48,384.40,363.52,350.03,1,-1,-1,-1
730,4207,935.93,375.95,360.84,344.33,1,-1,-1,-1
731,4207,929.67,367.73,357.16,339.41,1,-1,-1,-1
732,4207,924.13,357.99,353.99,335.13,1,-1,-1,-1
733,4207,919.24,349.21,350.09,330.48,1,-1,-1,-1
734,4207,913.42,340.34,347.13,326.91,1,-1,-1,-1
735,4207,909.84,331.41,344.01,323.17,1,-1,-1,-1
736,4207,904.81,325.32,342.38,319.83,1,-1,-1,-1
737,4207,898.85,318.04,339.94,316.55,1,-1,-1,-1
738,4207,893.48,311.66,337.36,313.40,1,-1,-1,-1
739,4207,889.28,304.94,334.85,308.12,1,-1,-1,-1
740,4207,885.80,299.34,331.47,302.73,1,-1,-1,-1
741,4207,882.44,293.07,327.75,298.13,1,-1,-1,-1
742,4207,879.38,286.50,324.00,292.63,1,-1,-1,-1
743,4207,877.06,280.88,320.36,288.18,1,-1,-1,-1
744,4207,876.03,274.58,316.20,283.72,1,-1,-1,-1
745,4207,875.13,268.18,311.74,280.44,1,-1,-1,-1
746,4207,874.93,263.15,307.97,276.64,1,-1,-1,-1
747,4207,874.80,258.35,304.03,272.12,1,-1,-1,-1
748,4207,873.55,252.71,300.49,268.71,1,-1,-1,-1
749,4207,873.44,248.29,295.44,265.38,1,-1,-1,-1
750,4207,872.83,243.37,292.74,262.81,1,-1,-1,-1
751,4207,870.67,238.40,291.11,260.22,1,-1,-1,-1
752,4207,869.72,233.14,287.27,258.24,1,-1,-1,-1
753,4207,868.30,228.54,284.15,255.43,1,-1,-1,-1
754,4207,866.93,223.81,281.51,251.70,1,-1,-1,-1
755,4207,865.17,220.67,277.75,248.23,1,-1,-1,-1
756,4207,864.07,217.73,274.09,245.56,1,-1,-1,-1
757,4207,862.50,214.64,271.82,242.18,1,-1,-1,-1
758,4207,860.44,211.25,268.60,238.82,1,-1,-1,-1
759,4207,858.00,208.71,265.88,235.48,1,-1,-1,-1
760,4207,855.21,206.13,263.54,233.04,1,-1,-1,-1
761,4207,851.73,203.29,261.90,231.02,1,-1,-1,-1
762,4207,848.98,200.87,259.87,228.57,1,-1,-1,-1
763,4207,847.20,198.95,257.24,225.45,1,-1,-1,-1
764,4207,844.20,196.74,254.33,223.60,1,-1,-1,-1
765,4207,840.58,193.93,251.08,221.56,1,-1,-1,-1
766,4207,838.88,191.52,248.14,219.18,1,-1,-1,-1
767,4207,836.88,187.58,245.54,217.35,1,-1,-1,-1
768,4207,835.61,184.19,242.51,214.78,1,-1,-1,-1
769,4207,833.72,181.65,240.35,212.48,1,-1,-1,-1
770,4207,833.27,178.77,237.13,210.11,1,-1,-1,-1
771,4207,832.82,176.71,234.07,208.38,1,-1,-1,-1
772,4207,832.70,174.27,232.14,206.97,1,-1,-1,-1
773,4207,832.07,171.62,230.19,205.60,1,-1,-1,-1
774,4207,832.14,169.62,227.29,204.15,1,-1,-1,-1
775,4207,832.05,167.78,225.31,202.93,1,-1,-1,-1
776,4207,832.32,164.37,223.99,202.02,1,-1,-1,-1
777,4207,832.95,162.38,221.72,200.21,1,-1,-1,-1
778,4207,832.85,159.82,220.11,198.84,1,-1,-1,-1
779,4207,833.10,158.14,218.61,197.04,1,-1,-1,-1
780,4207,833.88,156.05,216.91,195.28,1,-1,-1,-1
781,4207,834.09,153.86,215.11,193.58,1,-1,-1,-1
782,4207,834.73,151.47,213.76,192.41,1,-1,-1,-1
783,4207,835.38,148.40,212.11,191.35,1,-1,-1,-1
784,4207,836.60,146.61,209.56,190.01,1,-1,-1,-1
785,4207,836.93,144.45,207.47,188.41,1,-1,-1,-1
786,4207,838.16,142.36,205.26,186.94,1,-1,-1,-1
787,4207,838.70,141.41,203.36,185.15,1,-1,-1,-1
788,4207,839.39,140.37,201.75,183.30,1,-1,-1,-1
789,4207,840.00,138.35,199.60,181.49,1,-1,-1,-1
790,4207,839.75,136.65,198.08,180.77,1,-1,-1,-1
791,4207,840.67,134.21,196.54,179.46,1,-1,-1,-1
792,4207,840.37,132.22,194.93,178.20,1,-1,-1,-1
793,4207,841.01,130.30,193.62,176.43,1,-1,-1,-1
794,4207,840.82,128.33,192.04,174.30,1,-1,-1,-1
795,4207,841.24,125.44,190.58,173.02,1,-1,-1,-1
796,4207,841.42,124.12,189.39,172.01,1,-1,-1,-1
797,4207,841.37,122.92,187.56,170.17,1,-1,-1,-1
798,4207,841.66,121.68,185.97,168.27,1,-1,-1,-1
799,4207,841.86,121.13,184.76,166.23,1,-1,-1,-1
800,4207,842.28,120.31,183.35,164.44,1,-1,-1,-1
801,4207,842.76,119.61,181.51,162.71,1,-1,-1,-1
802,4207,843.20,118.89,179.72,160.81,1,-1,-1,-1
803,4207,844.47,118.17,177.56,159.08,1,-1,-1,-1
804,4207,845.42,117.46,175.73,157.83,1,-1,-1,-1
805,4207,845.82,116.92,174.20,156.66,1,-1,-1,-1
806,4207,846.88,116.11,172.30,155.49,1,-1,-1,-1
807,4207,848.06,113.88,170.50,154.63,1,-1,-1,-1
808,4207,848.90,112.16,169.04,153.83,1,-1,-1,-1
809,4207,849.73,109.81,168.11,153.63,1,-1,-1,-1
810,4207,849.71,109.06,166.88,152.14,1,-1,-1,-1
811,4207,850.08,108.57,165.55,149.90,1,-1,-1,-1
812,4207,849.27,107.75,164.61,148.20,1,-1,-1,-1
813,4207,848.47,106.33,163.90,147.08,1,-1,-1,-1
814,4207,848.02,104.99,163.45,146.47,1,-1,-1,-1
815,4207,846.96,103.47,163.36,146.01,1,-1,-1,-1
816,4207,845.91,101.55,163.51,145.89,1,-1,-1,-1
817,4207,845.77,100.25,162.87,145.21,1,-1,-1,-1
818,4207,845.47,98.07,162.62,144.82,1,-1,-1,-1
819,4207,844.67,95.11,162.49,144.78,1,-1,-1,-1
820,4207,843.20,92.48,162.26,144.58,1,-1,-1,-1
821,4207,842.61,91.05,161.67,143.87,1,-1,-1,-1
822,4207,841.55,90.02,161.34,143.12,1,-1,-1,-1
823,4207,839.98,89.44,161.31,141.79,1,-1,-1,-1
824,4207,839.14,88.83,161.47,140.66,1,-1,-1,-1
825,4207,837.85,88.02,161.52,139.50,1,-1,-1,-1
826,4207,836.09,87.44,161.42,138.39,1,-1,-1,-1
827,4207,835.12,86.87,160.83,137.34,1,-1,-1,-1
828,4207,834.47,85.51,159.94,136.08,1,-1,-1,-1
829,4207,833.96,84.35,158.61,134.71,1,-1,-1,-1
830,4207,833.56,83.23,157.31,133.52,1,-1,-1,-1
831,4207,833.41,80.30,156.12,133.06,1,-1,-1,-1
832,4207,833.32,78.44,155.24,132.81,1,-1,-1,-1
833,4207,832.76,76.82,154.45,132.72,1,-1,-1,-1
834,4207,832.23,75.46,153.52,132.82,1,-1,-1,-1
835,4207,831.09,73.66,152.97,133.40,1,-1,-1,-1
836,4207,830.01,72.79,152.51,133.55,1,-1,-1,-1
837,4207,829.40,70.54,152.05,134.02,1,-1,-1,-1
838,4207,828.74,67.24,151.03,134.30,1,-1,-1,-1
839,4207,828.09,65.06,150.09,134.26,1,-1,-1,-1
840,4207,827.45,63.50,149.09,134.18,1,-1,-1,-1
841,4207,826.74,62.19,147.48,133.59,1,-1,-1,-1
842,4212,8.30,221.44,465.88,260.79,1,-1,-1,-1
842,4207,826.17,60.03,146.28,133.32,1,-1,-1,-1
843,4212,9.99,222.76,481.48,264.33,1,-1,-1,-1
843,4207,825.30,58.69,145.41,132.75,1,-1,-1,-1
844,4212,11.98,224.45,496.34,265.17,1,-1,-1,-1
844,4207,824.23,58.44,144.47,131.79,1,-1,-1,-1
845,4212,16.27,224.22,511.50,268.71,1,-1,-1,-1
845,4207,823.30,58.33,144.07,130.64,1,-1,-1,-1
846,4212,22.50,226.40,521.22,267.77,1,-1,-1,-1
846,4207,822.24,57.78,143.38,129.48,1,-1,-1,-1
847,4212,36.16,228.49,526.50,266.00,1,-1,-1,-1
847,4207,821.72,57.73,142.58,128.29,1,-1,-1,-1
848,4212,58.25,228.93,525.55,265.00,1,-1,-1,-1
848,4207,820.97,56.69,142.19,127.89,1,-1,-1,-1
849,4212,81.15,229.40,522.02,263.98,1,-1,-1,-1
849,4207,819.85,54.92,141.28,127.57,1,-1,-1,-1
850,4212,101.01,230.00,520.81,264.02,1,-1,-1,-1
850,4207,819.09,53.68,140.37,127.22,1,-1,-1,-1
851,4212,119.87,231.26,518.74,264.27,1,-1,-1,-1
851,4207,818.72,52.70,139.78,126.87,1,-1,-1,-1
852,4212,140.35,233.83,517.45,263.88,1,-1,-1,-1
852,4207,817.99,51.35,139.09,126.53,1,-1,-1,-1
853,4212,162.03,235.30,515.38,263.63,1,-1,-1,-1
853,4207,826.77,50.56,137.99,125.53,1,-1,-1,-1
854,4212,182.78,236.79,513.65,264.17,1,-1,-1,-1
854,4207,820.73,49.31,136.82,125.07,1,-1,-1,-1
855,4212,203.02,238.28,510.01,265.08,1,-1,-1,-1
855,4207,817.18,48.16,134.91,124.25,1,-1,-1,-1
856,4212,223.43,239.84,505.40,266.30,1,-1,-1,-1
856,4207,815.87,47.88,133.79,123.43,1,-1,-1,-1
857,4212,241.13,242.06,501.73,267.63,1,-1,-1,-1
857,4207,815.20,47.80,133.05,122.46,1,-1,-1,-1
858,4212,262.23,244.67,496.09,268.58,1,-1,-1,-1
858,4207,815.37,48.11,132.35,121.26,1,-1,-1,-1
859,4212,283.69,246.47,488.98,270.05,1,-1,-1,-1
859,4207,815.39,48.10,131.95,120.40,1,-1,-1,-1
860,4212,303.68,248.88,482.88,271.39,1,-1,-1,-1
860,4207,815.45,48.26,131.46,119.52,1,-1,-1,-1
861,4212,323.51,251.43,476.45,272.78,1,-1,-1,-1
861,4207,815.45,48.79,131.03,118.64,1,-1,-1,-1
862,4212,343.65,254.44,470.68,274.11,1,-1,-1,-1
862,4207,814.83,48.75,131.23,118.13,1,-1,-1,-1
863,4212,362.58,257.25,465.44,274.87,1,-1,-1,-1
863,4207,814.22,48.54,131.37,117.79,1,-1,-1,-1
864,4212,382.40,260.13,460.23,276.09,1,-1,-1,-1
864,4207,813.39,47.58,131.75,117.53,1,-1,-1,-1
865,4212,396.90,262.02,456.14,277.21,1,-1,-1,-1
865,4207,812.42,46.48,132.07,117.49,1,-1,-1,-1
866,4212,412.55,264.76,450.45,278.62,1,-1,-1,-1
866,4207,811.70,46.40,132.06,117.11,1,-1,-1,-1
867,4212,427.25,267.23,444.55,279.94,1,-1,-1,-1
867,4207,811.30,46.25,131.79,116.50,1,-1,-1,-1
868,4212,441.09,269.56,438.78,281.77,1,-1,-1,-1
868,4207,809.27,46.22,131.61,116.42,1,-1,-1,-1
869,4212,454.84,272.21,433.09,282.93,1,-1,-1,-1
869,4207,807.94,46.54,131.44,115.89,1,-1,-1,-1
870,4212,467.21,275.17,428.23,284.85,1,-1,-1,-1
870,4207,806.34,46.50,131.52,115.31,1,-1,-1,-1
871,4212,480.57,278.50,423.35,285.99,1,-1,-1,-1
871,4207,804.62,46.02,131.47,114.88,1,-1,-1,-1
872,4212,493.59,281.76,417.33,287.04,1,-1,-1,-1
872,4207,803.50,45.64,131.98,114.87,1,-1,-1,-1
873,4212,506.22,286.25,411.02,287.51,1,-1,-1,-1
873,4207,802.42,45.35,132.70,115.16,1,-1,-1,-1
874,4212,517.56,290.32,404.28,287.72,1,-1,-1,-1
874,4207,800.23,45.25,132.97,115.09,1,-1,-1,-1
875,4212,528.16,293.86,396.73,288.86,1,-1,-1,-1
875,4207,798.63,44.57,133.06,114.62,1,-1,-1,-1
876,4212,538.08,297.52,390.71,290.07,1,-1,-1,-1
876,4207,796.83,44.23,132.38,114.01,1,-1,-1,-1
877,4212,546.08,300.52,386.56,291.82,1,-1,-1,-1
877,4207,794.93,44.24,131.20,113.73,1,-1,-1,-1
878,4212,554.92,304.32,381.51,293.95,1,-1,-1,-1
878,4207,794.11,43.93,129.69,113.39,1,-1,-1,-1
879,4212,563.57,308.50,376.89,295.69,1,-1,-1,-1
879,4207,793.61,44.27,128.16,112.76,1,-1,-1,-1
880,4212,571.61,312.43,372.73,297.89,1,-1,-1,-1
880,4207,793.34,44.55,127.00,112.33,1,-1,-1,-1
881,4212,578.91,315.70,369.03,299.89,1,-1,-1,-1
881,4207,792.52,44.85,126.08,111.91,1,-1,-1,-1
882,4212,585.93,318.75,364.94,303.30,1,-1,-1,-1
882,4207,791.87,45.40,125.05,111.26,1,-1,-1,-1
883,4212,590.94,321.91,362.13,307.11,1,-1,-1,-1
883,4207,791.67,45.78,124.57,110.89,1,-1,-1,-1
884,4212,596.02,325.30,359.26,310.15,1,-1,-1,-1
884,4207,791.66,45.94,124.20,110.69,1,-1,-1,-1
885,4212,599.87,328.29,357.62,313.30,1,-1,-1,-1
885,4207,791.52,46.32,123.75,110.41,1,-1,-1,-1
886,4212,603.42,331.90,355.73,315.70,1,-1,-1,-1
886,4207,791.21,46.60,123.71,110.22,1,-1,-1,-1
887,4212,607.35,335.03,354.53,318.06,1,-1,-1,-1
887,4207,790.85,47.10,123.13,109.81,1,-1,-1,-1
888,4212,610.78,339.15,353.76,319.69,1,-1,-1,-1
888,4207,790.39,47.91,122.41,109.42,1,-1,-1,-1
889,4212,613.98,344.19,353.94,321.89,1,-1,-1,-1
889,4207,789.88,48.50,121.62,108.98,1,-1,-1,-1
890,4212,617.79,350.00,353.85,324.10,1,-1,-1,-1
890,4207,789.72,49.50,120.66,108.33,1,-1,-1,-1
891,4212,621.40,354.99,353.63,327.35,1,-1,-1,-1
891,4207,789.42,50.70,119.91,107.84,1,-1,-1,-1
892,4212,622.65,360.05,354.10,330.13,1,-1,-1,-1
892,4207,788.90,51.31,119.31,107.50,1,-1,-1,-1
893,4212,623.35,366.69,354.68,331.45,1,-1,-1,-1
893,4207,788.06,52.02,118.54,106.86,1,-1,-1,-1
894,4212,623.18,373.54,356.06,331.60,1,-1,-1,-1
894,4207,787.46,52.96,118.08,106.29,1,-1,-1,-1
895,4212,623.49,381.01,356.83,332.93,1,-1,-1,-1
895,4207,787.07,54.01,117.48,105.62,1,-1,-1,-1
896,4212,624.40,388.00,356.61,335.57,1,-1,-1,-1
896,4207,786.37,54.56,117.27,105.11,1,-1,-1,-1
897,4212,624.95,394.30,356.81,337.86,1,-1,-1,-1
897,4207,785.75,55.06,117.03,104.50,1,-1,-1,-1
898,4212,625.06,398.14,358.26,342.33,1,-1,-1,-1
898,4207,784.56,55.60,116.60,104.04,1,-1,-1,-1
899,4212,622.52,401.17,360.26,345.79,1,-1,-1,-1
899,4207,783.39,56.00,116.20,103.45,1,-1,-1,-1
900,4212,621.00,404.83,361.84,348.54,1,-1,-1,-1
900,4207,782.48,56.21,116.19,103.01,1,-1,-1,-1
901,4212,617.36,411.48,364.26,351.67,1,-1,-1,-1
901,4207,782.03,56.80,116.04,102.28,1,-1,-1,-1
902,4212,612.11,419.23,368.07,354.46,1,-1,-1,-1
902,4207,781.51,57.21,115.89,101.77,1,-1,-1,-1
903,4212,608.25,427.03,369.46,356.20,1,-1,-1,-1
903,4207,780.23,58.07,115.49,101.21,1,-1,-1,-1
904,4212,604.02,434.15,371.34,357.36,1,-1,-1,-1
904,4207,779.73,58.82,115.10,100.70,1,-1,-1,-1
905,4212,598.70,440.32,374.68,360.16,1,-1,-1,-1
905,4207,778.77,58.98,114.59,100.28,1,-1,-1,-1
906,4212,592.14,447.20,378.14,363.08,1,-1,-1,-1
906,4207,778.19,59.46,113.98,99.65,1,-1,-1,-1
907,4212,584.37,455.78,383.06,365.73,1,-1,-1,-1
907,4207,777.31,60.19,113.33,98.83,1,-1,-1,-1
908,4212,575.48,464.26,387.47,368.00,1,-1,-1,-1
908,4207,776.54,59.93,112.78,98.57,1,-1,-1,-1
909,4212,566.06,473.27,393.76,371.25,1,-1,-1,-1
909,4207,776.42,60.46,112.09,98.09,1,-1,-1,-1
910,4212,557.72,480.77,399.10,376.25,1,-1,-1,-1
910,4207,776.22,61.49,111.12,97.13,1,-1,-1,-1
911,4212,547.04,486.57,405.07,380.82,1,-1,-1,-1
911,4207,775.87,61.93,110.21,96.44,1,-1,-1,-1
912,4212,537.70,493.23,411.25,385.26,1,-1,-1,-1
912,4207,775.45,62.05,109.35,95.66,1,-1,-1,-1
913,4212,524.17,503.09,418.47,390.38,1,-1,-1,-1
913,4207,775.05,61.59,108.82,95.59,1,-1,-1,-1
914,4212,513.27,513.28,424.21,394.67,1,-1,-1,-1
914,4207,774.10,61.78,108.32,95.36,1,-1,-1,-1
915,4212,502.62,523.38,428.99,399.08,1,-1,-1,-1
915,4207,773.68,62.62,107.89,94.65,1,-1,-1,-1
916,4212,493.15,534.24,434.40,403.42,1,-1,-1,-1
916,4207,773.01,63.59,107.61,93.92,1,-1,-1,-1
917,4212,481.70,545.81,440.52,407.25,1,-1,-1,-1
917,4207,771.58,64.96,107.52,93.17,1,-1,-1,-1
918,4212,471.61,557.52,445.31,411.49,1,-1,-1,-1
918,4207,771.04,65.58,107.17,92.25,1,-1,-1,-1
919,4212,457.57,568.32,450.82,416.52,1,-1,-1,-1
919,4207,770.39,65.14,107.54,92.03,1,-1,-1,-1
920,4212,446.54,580.78,456.93,420.85,1,-1,-1,-1
920,4207,769.83,64.09,107.79,91.81,1,-1,-1,-1
921,4212,432.51,592.07,463.81,424.00,1,-1,-1,-1
921,4207,769.39,64.61,107.67,91.79,1,-1,-1,-1
922,4212,419.47,602.78,469.40,428.28,1,-1,-1,-1
922,4207,769.04,64.66,108.07,91.52,1,-1,-1,-1
923,4212,406.38,615.71,474.14,432.58,1,-1,-1,-1
923,4207,766.91,65.37,108.37,90.87,1,-1,-1,-1
924,4212,390.75,627.22,481.27,437.10,1,-1,-1,-1
924,4207,764.32,65.73,107.90,90.16,1,-1,-1,-1
925,4212,378.12,637.02,485.59,438.94,1,-1,-1,-1
925,4207,763.31,66.36,107.66,89.74,1,-1,-1,-1
926,4212,361.75,648.39,491.91,435.70,1,-1,-1,-1
926,4207,763.38,66.73,107.40,89.45,1,-1,-1,-1
927,4212,344.71,660.89,494.06,428.54,1,-1,-1,-1
927,4207,763.24,67.38,107.01,89.12,1,-1,-1,-1
928,4212,325.87,673.93,495.70,419.11,1,-1,-1,-1
928,4207,762.68,67.71,106.73,89.08,1,-1,-1,-1
929,4212,306.66,689.62,501.53,406.65,1,-1,-1,-1
929,4207,762.02,67.79,106.43,89.20,1,-1,-1,-1
930,4212,288.88,704.03,508.01,393.89,1,-1,-1,-1
930,4207,761.50,68.47,106.11,89.08,1,-1,-1,-1
931,4212,267.71,720.27,514.37,379.01,1,-1,-1,-1
931,4207,761.21,68.97,105.75,88.93,1,-1,-1,-1
932,4212,247.03,737.26,518.31,362.71,1,-1,-1,-1
932,4207,760.73,68.94,105.46,88.93,1,-1,-1,-1
933,4212,229.74,753.67,526.29,346.52,1,-1,-1,-1
933,4207,760.26,68.75,105.33,88.99,1,-1,-1,-1
934,4207,760.06,68.39,105.19,89.05,1,-1,-1,-1
935,4207,759.62,68.39,105.07,89.11,1,-1,-1,-1
936,4207,758.70,68.41,105.17,89.14,1,-1,-1,-1
937,4207,757.93,68.79,105.29,89.05,1,-1,-1,-1
938,4207,757.25,69.51,105.44,88.71,1,-1,-1,-1
939,4207,756.49,70.46,105.45,88.32,1,-1,-1,-1
940,4207,755.88,71.27,105.61,88.10,1,-1,-1,-1
941,4207,755.64,72.50,105.48,87.72,1,-1,-1,-1
942,4207,755.24,73.06,105.38,87.50,1,-1,-1,-1
943,4207,754.58,73.25,105.14,87.21,1,-1,-1,-1
944,4207,753.66,73.83,104.86,86.85,1,-1,-1,-1
945,4207,752.93,74.27,104.66,86.66,1,-1,-1,-1
946,4207,751.89,74.65,104.52,86.42,1,-1,-1,-1
947,4207,750.76,74.94,104.29,86.15,1,-1,-1,-1
948,4207,749.97,75.50,103.99,85.90,1,-1,-1,-1
949,4207,749.86,75.91,103.97,85.92,1,-1,-1,-1
950,4207,749.65,75.92,103.75,85.85,1,-1,-1,-1
951,4207,749.08,75.50,103.77,85.55,1,-1,-1,-1
952,4207,748.38,76.08,103.73,85.38,1,-1,-1,-1
953,4207,746.90,76.26,104.05,85.23,1,-1,-1,-1
954,4207,746.06,75.90,104.14,85.15,1,-1,-1,-1
955,4207,744.45,75.44,104.15,85.05,1,-1,-1,-1
956,4207,742.79,75.02,104.28,84.65,1,-1,-1,-1
957,4207,741.71,74.42,104.20,84.14,1,-1,-1,-1
958,4207,740.55,74.33,104.66,84.15,1,-1,-1,-1
959,4207,730.65,75.61,103.14,83.82,1,-1,-1,-1
960,4207,725.47,75.34,102.44,83.90,1,-1,-1,-1
961,4207,722.54,74.53,101.93,84.05,1,-1,-1,-1
962,4207,720.07,74.07,101.63,84.28,1,-1,-1,-1
963,4207,717.86,73.76,101.42,84.60,1,-1,-1,-1
964,4207,716.10,73.31,101.33,84.94,1,-1,-1,-1
965,4207,714.01,73.19,101.25,85.14,1,-1,-1,-1
966,4207,712.32,72.83,101.46,85.69,1,-1,-1,-1
967,4207,710.18,71.82,101.91,86.53,1,-1,-1,-1
968,4207,708.63,70.62,102.11,87.05,1,-1,-1,-1
969,4207,706.69,68.68,102.09,87.59,1,-1,-1,-1
970,4207,704.74,66.86,102.20,88.14,1,-1,-1,-1
971,4207,702.60,64.79,102.03,88.54,1,-1,-1,-1
972,4207,700.96,63.55,102.13,88.89,1,-1,-1,-1
973,4207,699.27,62.05,101.86,89.05,1,-1,-1,-1
974,4207,697.90,60.32,101.67,89.64,1,-1,-1,-1
975,4207,696.68,58.82,101.44,89.91,1,-1,-1,-1
976,4207,695.42,57.55,101.33,90.06,1,-1,-1,-1
977,4207,693.21,56.35,101.22,90.36,1,-1,-1,-1
978,4207,691.53,54.74,100.80,90.84,1,-1,-1,-1
979,4207,690.14,53.22,100.17,91.20,1,-1,-1,-1
980,4207,687.81,51.72,99.64,91.21,1,-1,-1,-1
981,4207,685.23,49.99,99.46,91.52,1,-1,-1,-1
982,4207,683.36,48.66,99.15,91.55,1,-1,-1,-1
983,4207,681.36,47.79,98.85,91.43,1,-1,-1,-1
984,4207,679.28,46.71,98.59,91.28,1,-1,-1,-1
985,4207,678.87,44.96,98.70,91.16,1,-1,-1,-1
986,4207,675.30,43.67,99.11,91.11,1,-1,-1,-1
987,4207,672.30,42.61,99.11,90.73,1,-1,-1,-1
988,4207,669.97,42.31,99.08,90.28,1,-1,-1,-1
989,4207,666.88,42.06,98.53,89.34,1,-1,-1,-1
990,4207,664.30,40.99,98.30,88.28,1,-1,-1,-1
991,4207,664.58,35.56,98.21,88.46,1,-1,-1,-1
992,4207,661.55,33.13,98.42,88.56,1,-1,-1,-1
993,4207,660.18,33.94,97.78,88.02,1,-1,-1,-1
997,4207,662.20,32.07,94.63,86.02,1,-1,-1,-1
998,4207,662.54,31.97,93.67,85.47,1,-1,-1,-1
999,4207,662.26,30.87,92.86,85.00,1,-1,-1,-1
1000,4207,662.88,30.24,92.57,85.00,1,-1,-1,-1
1001,4207,664.12,29.18,92.42,84.72,1,-1,-1,-1
1002,4207,665.38,28.05,92.43,84.49,1,-1,-1,-1
1003,4207,667.02,27.24,92.66,84.37,1,-1,-1,-1
1004,4207,669.12,27.07,93.10,84.32,1,-1,-1,-1
1005,4207,670.92,26.70,93.43,84.14,1,-1,-1,-1
1006,4207,672.73,26.31,93.95,84.17,1,-1,-1,-1
1007,4207,675.44,25.97,94.70,83.93,1,-1,-1,-1
1081,4218,679.05,73.16,110.00,89.58,1,-1,-1,-1
1082,4218,679.96,72.48,111.40,90.88,1,-1,-1,-1
1083,4218,681.67,73.11,112.25,91.63,1,-1,-1,-1
1084,4218,683.64,73.78,112.62,91.76,1,-1,-1,-1
1085,4218,685.81,74.09,113.26,92.05,1,-1,-1,-1
1086,4218,686.95,74.00,113.21,92.15,1,-1,-1,-1
1087,4218,688.74,73.64,112.69,92.33,1,-1,-1,-1
1088,4218,690.49,73.29,112.43,92.26,1,-1,-1,-1
1089,4218,691.51,72.94,112.36,92.54,1,-1,-1,-1
1090,4218,695.41,72.64,112.04,92.80,1,-1,-1,-1
1091,4218,700.62,71.60,111.58,92.83,1,-1,-1,-1
1092,4218,706.08,70.64,111.83,92.87,1,-1,-1,-1
1093,4218,711.81,70.58,112.29,93.12,1,-1,-1,-1
1094,4218,716.73,70.61,112.05,93.08,1,-1,-1,-1
1095,4218,719.68,69.93,112.32,93.37,1,-1,-1,-1
1096,4218,721.62,69.84,113.19,93.80,1,-1,-1,-1
1097,4218,721.89,69.31,113.55,94.21,1,-1,-1,-1
1098,4218,722.40,68.98,113.93,94.83,1,-1,-1,-1
1099,4218,723.07,68.42,114.06,95.40,1,-1,-1,-1
1100,4218,723.74,67.39,114.05,96.04,1,-1,-1,-1
1101,4218,723.66,66.72,114.10,96.63,1,-1,-1,-1
1102,4218,723.93,66.10,114.05,97.06,1,-1,-1,-1
1103,4218,724.59,65.82,114.37,97.53,1,-1,-1,-1
1104,4218,724.74,65.48,114.88,98.01,1,-1,-1,-1
1105,4218,725.62,64.82,115.20,98.46,1,-1,-1,-1
1106,4218,726.01,64.13,115.41,98.76,1,-1,-1,-1
1107,4218,725.83,63.58,115.69,99.30,1,-1,-1,-1
1108,4218,724.44,62.88,116.97,100.06,1,-1,-1,-1
1109,4218,723.18,62.28,118.28,100.89,1,-1,-1,-1
1110,4218,722.50,62.21,119.39,101.66,1,-1,-1,-1
1111,4218,720.19,62.37,121.08,103.03,1,-1,-1,-1
1112,4218,717.83,63.20,123.10,104.41,1,-1,-1,-1
1113,4218,716.00,64.01,124.79,105.48,1,-1,-1,-1
1114,4218,713.86,64.36,126.59,106.70,1,-1,-1,-1
1115,4218,711.67,65.49,128.64,108.03,1,-1,-1,-1
1116,4218,710.08,66.91,130.72,109.52,1,-1,-1,-1
1117,4218,707.39,69.12,132.45,110.43,1,-1,-1,-1
1118,4218,706.37,70.83,133.44,111.24,1,-1,-1,-1
1119,4218,706.09,72.56,133.78,111.31,1,-1,-1,-1
1120,4218,706.24,73.67,134.27,111.85,1,-1,-1,-1
1121,4218,705.84,75.03,135.30,112.64,1,-1,-1,-1
1122,4218,705.75,76.10,136.14,113.56,1,-1,-1,-1
1123,4218,705.57,77.16,136.98,114.52,1,-1,-1,-1
1124,4218,704.82,78.17,138.36,116.01,1,-1,-1,-1
1125,4218,704.49,79.56,139.43,117.01,1,-1,-1,-1
1126,4218,703.61,81.44,141.25,118.40,1,-1,-1,-1
1127,4218,703.17,83.11,142.47,119.32,1,-1,-1,-1
1128,4218,703.18,84.41,143.10,119.77,1,-1,-1,-1
1129,4218,703.00,86.08,143.82,120.51,1,-1,-1,-1
1130,4218,702.72,87.70,144.35,120.95,1,-1,-1,-1
1131,4218,702.13,92.75,145.36,121.14,1,-1,-1,-1
1132,4218,701.47,96.47,146.66,121.56,1,-1,-1,-1
1133,4218,700.96,99.60,148.01,122.31,1,-1,-1,-1
1134,4218,699.99,101.41,149.29,122.86,1,-1,-1,-1
1135,4218,699.33,103.57,150.22,123.68,1,-1,-1,-1
1136,4218,698.72,105.39,150.90,124.68,1,-1,-1,-1
1137,4218,697.96,107.76,151.73,125.85,1,-1,-1,-1
1138,4218,697.33,109.53,152.47,126.51,1,-1,-1,-1
1139,4218,696.33,111.69,153.17,127.63,1,-1,-1,-1
1140,4218,695.31,113.59,153.61,128.50,1,-1,-1,-1
1141,4218,693.63,115.19,154.14,129.09,1,-1,-1,-1
1142,4218,691.81,117.25,154.74,129.92,1,-1,-1,-1
1143,4218,689.96,120.50,156.18,130.40,1,-1,-1,-1
1144,4218,688.36,123.61,156.87,130.73,1,-1,-1,-1
1145,4218,686.66,126.55,157.59,130.92,1,-1,-1,-1
1146,4218,685.50,129.07,158.44,131.51,1,-1,-1,-1
1147,4220,915.32,743.52,449.40,325.37,1,-1,-1,-1
1147,4218,683.72,131.96,159.32,132.27,1,-1,-1,-1
1148,4220,916.06,721.51,447.41,343.49,1,-1,-1,-1
1148,4218,682.37,134.78,160.57,133.46,1,-1,-1,-1
1149,4220,916.14,698.04,445.41,361.60,1,-1,-1,-1
1149,4218,680.48,138.08,162.64,135.32,1,-1,-1,-1
1150,4220,915.70,672.61,439.68,370.76,1,-1,-1,-1
1150,4218,678.82,140.67,164.20,136.56,1,-1,-1,-1
1151,4220,917.71,646.10,432.61,375.88,1,-1,-1,-1
1151,4218,677.37,144.00,165.29,137.37,1,-1,-1,-1
1152,4220,918.09,622.43,425.50,377.45,1,-1,-1,-1
1152,4218,675.17,147.93,166.28,137.95,1,-1,-1,-1
1153,4220,920.62,599.63,417.37,374.74,1,-1,-1,-1
1153,4218,673.28,151.19,167.09,138.63,1,-1,-1,-1
1154,4220,921.97,581.14,409.69,371.36,1,-1,-1,-1
1154,4218,671.02,154.38,168.07,139.53,1,-1,-1,-1
1155,4220,923.07,562.84,400.28,367.00,1,-1,-1,-1
1155,4218,668.74,158.03,169.29,140.31,1,-1,-1,-1
1156,4220,925.69,545.73,392.37,363.30,1,-1,-1,-1
1156,4218,667.07,161.47,171.01,141.63,1,-1,-1,-1
1157,4220,926.83,528.81,384.33,358.56,1,-1,-1,-1
1157,4218,665.54,165.17,172.66,143.42,1,-1,-1,-1
1158,4220,928.58,513.99,378.14,354.88,1,-1,-1,-1
1158,4218,664.01,168.89,174.27,144.78,1,-1,-1,-1
1159,4220,929.46,500.42,370.85,348.78,1,-1,-1,-1
1159,4218,661.97,172.40,176.05,146.06,1,-1,-1,-1
1160,4220,930.87,487.36,364.96,343.49,1,-1,-1,-1
1160,4218,659.74,175.96,177.48,147.17,1,-1,-1,-1
1161,4220,931.41,474.73,359.16,337.20,1,-1,-1,-1
1161,4218,657.88,178.97,178.49,148.26,1,-1,-1,-1
1162,4220,931.30,463.11,353.53,331.40,1,-1,-1,-1
1162,4218,656.22,182.28,179.94,149.41,1,-1,-1,-1
1163,4220,930.03,450.93,347.91,326.05,1,-1,-1,-1
1163,4218,654.34,186.03,182.21,150.84,1,-1,-1,-1
1164,4220,929.02,439.21,343.11,320.35,1,-1,-1,-1
1164,4218,650.92,189.90,184.72,152.35,1,-1,-1,-1
1165,4220,927.67,428.31,340.04,315.19,1,-1,-1,-1
1165,4218,648.36,194.01,186.77,154.10,1,-1,-1,-1
1166,4220,927.40,416.45,334.96,309.22,1,-1,-1,-1
1166,4218,646.16,199.14,189.21,156.20,1,-1,-1,-1
1167,4220,924.84,405.84,330.07,303.36,1,-1,-1,-1
1167,4218,643.78,203.30,191.58,157.68,1,-1,-1,-1
1168,4220,923.15,396.19,325.45,299.77,1,-1,-1,-1
1168,4218,640.72,207.77,193.41,159.21,1,-1,-1,-1
1169,4220,921.78,386.47,320.27,294.84,1,-1,-1,-1
1169,4218,637.13,211.72,195.41,161.58,1,-1,-1,-1
1170,4220,921.06,375.92,314.27,289.60,1,-1,-1,-1
1170,4218,634.47,216.46,197.72,163.24,1,-1,-1,-1
1171,4220,919.97,365.69,308.44,284.77,1,-1,-1,-1
1171,4218,631.43,220.77,199.94,164.44,1,-1,-1,-1
1172,4220,919.70,356.14,303.19,281.79,1,-1,-1,-1
1172,4218,627.47,225.53,202.63,166.09,1,-1,-1,-1
1173,4220,918.74,345.72,299.17,278.00,1,-1,-1,-1
1173,4218,623.99,229.92,205.29,168.52,1,-1,-1,-1
1174,4220,918.97,336.04,295.94,274.22,1,-1,-1,-1
1174,4218,621.41,233.95,207.42,171.20,1,-1,-1,-1
1175,4220,919.13,327.19,292.03,270.96,1,-1,-1,-1
1175,4218,618.66,238.05,209.78,174.31,1,-1,-1,-1
1176,4220,918.82,318.39,288.27,267.41,1,-1,-1,-1
1176,4218,615.24,242.08,212.68,176.71,1,-1,-1,-1
1177,4220,919.59,310.63,283.62,263.07,1,-1,-1,-1
1177,4218,611.50,247.07,215.57,178.80,1,-1,-1,-1
1178,4220,919.84,305.16,280.74,257.60,1,-1,-1,-1
1178,4218,608.76,252.83,218.85,181.27,1,-1,-1,-1
1179,4220,920.70,299.48,278.83,254.18,1,-1,-1,-1
1179,4218,605.09,257.90,223.39,185.23,1,-1,-1,-1
1180,4220,922.29,293.76,275.29,250.58,1,-1,-1,-1
1180,4218,601.37,264.44,227.53,188.57,1,-1,-1,-1
1181,4220,922.91,287.99,271.80,246.92,1,-1,-1,-1
1181,4218,597.29,271.75,230.79,191.58,1,-1,-1,-1
1182,4220,923.28,280.86,269.41,243.80,1,-1,-1,-1
1182,4218,592.29,279.54,234.42,195.29,1,-1,-1,-1
1183,4220,925.12,274.25,266.13,240.85,1,-1,-1,-1
1183,4218,589.72,289.66,237.01,198.85,1,-1,-1,-1
1184,4220,926.45,268.96,261.93,238.29,1,-1,-1,-1
1184,4218,586.45,300.35,239.28,201.77,1,-1,-1,-1
1185,4220,927.35,262.78,257.17,235.49,1,-1,-1,-1
1185,4218,583.49,311.43,242.27,205.73,1,-1,-1,-1
1186,4220,927.68,256.37,252.92,232.96,1,-1,-1,-1
1186,4218,580.26,320.95,245.59,210.38,1,-1,-1,-1
1187,4220,928.77,251.01,249.41,230.20,1,-1,-1,-1
1187,4218,575.73,332.01,249.49,214.57,1,-1,-1,-1
1188,4220,930.18,244.68,246.35,226.92,1,-1,-1,-1
1188,4218,570.71,344.23,253.77,218.99,1,-1,-1,-1
1189,4220,932.03,239.58,243.16,223.87,1,-1,-1,-1
1189,4218,565.96,357.69,258.67,223.05,1,-1,-1,-1
1190,4220,932.94,235.65,240.38,221.28,1,-1,-1,-1
1190,4218,560.44,373.00,263.62,226.21,1,-1,-1,-1
1191,4220,934.40,231.11,238.16,218.94,1,-1,-1,-1
1191,4218,554.36,386.77,268.07,231.06,1,-1,-1,-1
1192,4220,935.12,227.41,235.50,215.99,1,-1,-1,-1
1192,4218,550.48,401.81,272.54,235.98,1,-1,-1,-1
1193,4220,935.27,223.83,233.46,213.66,1,-1,-1,-1
1193,4218,544.06,417.59,277.71,240.17,1,-1,-1,-1
1194,4220,934.80,220.13,231.03,211.05,1,-1,-1,-1
1194,4218,538.34,433.01,283.03,245.48,1,-1,-1,-1
1195,4220,935.14,216.83,228.00,208.49,1,-1,-1,-1
1195,4218,533.65,450.07,288.56,250.41,1,-1,-1,-1
1196,4220,935.61,213.95,225.67,205.83,1,-1,-1,-1
1196,4218,527.96,466.68,295.45,256.25,1,-1,-1,-1
1197,4220,935.81,212.09,223.42,203.96,1,-1,-1,-1
1197,4218,521.81,482.41,301.24,261.78,1,-1,-1,-1
1198,4220,936.13,209.79,220.90,201.91,1,-1,-1,-1
1198,4218,514.84,498.82,308.36,268.02,1,-1,-1,-1
1199,4220,935.08,206.86,219.12,199.43,1,-1,-1,-1
1199,4218,507.87,515.07,315.17,274.85,1,-1,-1,-1
1200,4220,934.45,203.88,217.76,197.49,1,-1,-1,-1
1200,4218,498.93,533.40,322.27,281.84,1,-1,-1,-1
1201,4220,933.46,200.55,216.46,196.08,1,-1,-1,-1
1201,4218,488.91,555.30,329.10,287.88,1,-1,-1,-1
1202,4220,932.30,197.55,214.97,194.28,1,-1,-1,-1
1202,4218,476.78,577.49,337.44,293.19,1,-1,-1,-1
1203,4220,931.23,194.43,213.16,192.39,1,-1,-1,-1
1203,4218,461.95,601.41,345.95,300.10,1,-1,-1,-1
1204,4220,930.28,191.65,211.67,190.93,1,-1,-1,-1
1204,4218,446.28,625.39,355.56,307.52,1,-1,-1,-1
1205,4220,929.55,188.79,209.78,189.32,1,-1,-1,-1
1205,4218,429.36,652.17,365.38,316.60,1,-1,-1,-1
1206,4220,929.46,186.47,207.69,187.71,1,-1,-1,-1
1206,4218,412.18,679.91,373.04,325.48,1,-1,-1,-1
1207,4220,929.42,183.53,205.56,185.93,1,-1,-1,-1
1207,4218,391.59,711.98,381.48,333.21,1,-1,-1,-1
1208,4220,928.69,180.39,204.01,184.12,1,-1,-1,-1
1208,4218,370.26,744.12,389.99,331.85,1,-1,-1,-1
1209,4220,928.19,178.04,202.61,182.54,1,-1,-1,-1
1209,4218,345.32,773.25,397.42,320.81,1,-1,-1,-1
1210,4220,926.61,174.66,201.66,181.20,1,-1,-1,-1
1211,4220,924.66,171.38,200.10,180.00,1,-1,-1,-1
1212,4220,923.67,169.42,197.31,177.32,1,-1,-1,-1
1213,4220,923.54,166.81,195.32,175.19,1,-1,-1,-1
1214,4220,922.09,165.03,193.79,173.52,1,-1,-1,-1
1215,4220,919.81,163.00,192.17,171.47,1,-1,-1,-1
1216,4220,918.82,160.55,190.72,170.16,1,-1,-1,-1
1217,4220,916.93,158.50,190.10,169.08,1,-1,-1,-1
1218,4220,915.59,156.73,189.32,168.06,1,-1,-1,-1
1219,4220,913.91,154.89,188.45,166.63,1,-1,-1,-1
1220,4220,912.75,153.44,187.58,165.31,1,-1,-1,-1
1221,4220,910.82,150.49,186.54,164.37,1,-1,-1,-1
1222,4220,909.51,147.07,185.48,163.67,1,-1,-1,-1
1223,4220,907.63,144.71,183.70,162.44,1,-1,-1,-1
1224,4220,906.22,142.98,181.87,160.40,1,-1,-1,-1
1225,4220,905.76,141.24,180.29,158.62,1,-1,-1,-1
1226,4220,904.82,138.97,178.48,157.31,1,-1,-1,-1
1227,4220,902.26,136.68,176.89,155.87,1,-1,-1,-1
1228,4220,899.75,135.05,175.43,154.44,1,-1,-1,-1
1229,4220,898.05,133.71,174.46,153.19,1,-1,-1,-1
1230,4220,896.83,133.17,173.20,151.63,1,-1,-1,-1
1231,4220,895.27,132.22,172.30,150.37,1,-1,-1,-1
1232,4220,894.03,131.20,171.34,149.50,1,-1,-1,-1
1233,4220,893.20,130.28,170.32,148.71,1,-1,-1,-1
1234,4220,892.20,129.63,169.36,147.67,1,-1,-1,-1
1235,4220,890.36,128.43,168.64,147.14,1,-1,-1,-1
1236,4220,888.54,126.95,167.06,146.41,1,-1,-1,-1
1237,4220,887.64,125.57,165.82,145.88,1,-1,-1,-1
1238,4220,886.21,123.78,164.77,145.14,1,-1,-1,-1
1239,4220,884.87,122.39,163.82,144.17,1,-1,-1,-1
1240,4220,883.14,120.74,162.86,143.27,1,-1,-1,-1
1241,4220,881.66,119.52,161.91,142.53,1,-1,-1,-1
1242,4220,880.28,118.26,161.08,141.36,1,-1,-1,-1
1243,4220,879.33,116.95,160.08,139.96,1,-1,-1,-1
1244,4220,878.08,115.10,159.00,139.05,1,-1,-1,-1
1245,4220,876.87,113.08,158.09,138.45,1,-1,-1,-1
1246,4220,875.72,111.99,156.90,137.67,1,-1,-1,-1
1247,4220,875.16,110.87,155.57,136.48,1,-1,-1,-1
1248,4220,873.65,108.85,155.18,136.00,1,-1,-1,-1
1249,4220,872.03,107.06,155.32,135.89,1,-1,-1,-1
1250,4220,870.30,105.86,154.97,135.24,1,-1,-1,-1
1251,4220,868.93,104.22,154.78,134.87,1,-1,-1,-1
1252,4220,868.00,102.89,153.90,133.84,1,-1,-1,-1
1253,4220,866.59,101.79,153.55,132.85,1,-1,-1,-1
1254,4220,864.93,100.82,153.65,132.03,1,-1,-1,-1
1255,4220,862.62,98.96,153.71,131.53,1,-1,-1,-1
1256,4220,860.41,96.93,153.50,131.22,1,-1,-1,-1
1257,4220,858.58,94.75,153.22,131.13,1,-1,-1,-1
1258,4220,857.40,93.36,152.92,130.73,1,-1,-1,-1
1259,4220,856.22,92.11,152.50,130.46,1,-1,-1,-1
1260,4220,855.33,91.24,151.47,129.75,1,-1,-1,-1
1261,4220,854.21,90.46,150.15,128.59,1,-1,-1,-1
1262,4220,852.95,89.82,148.78,127.69,1,-1,-1,-1
1263,4220,852.13,89.43,147.64,126.88,1,-1,-1,-1
1264,4220,851.37,88.51,146.43,126.22,1,-1,-1,-1
1265,4220,850.73,87.81,145.63,125.54,1,-1,-1,-1
1266,4220,849.49,87.49,145.27,124.29,1,-1,-1,-1
1267,4220,847.60,86.47,144.86,123.65,1,-1,-1,-1
1268,4220,846.72,86.01,143.98,122.68,1,-1,-1,-1
1269,4220,845.76,83.92,143.39,122.24,1,-1,-1,-1
1270,4220,845.32,80.80,142.08,121.66,1,-1,-1,-1
1421,4228,947.50,758.64,428.76,305.82,1,-1,-1,-1
1422,4228,952.93,725.93,423.71,321.98,1,-1,-1,-1
1423,4228,960.34,694.86,412.99,329.81,1,-1,-1,-1
1424,4228,966.29,664.84,402.55,333.89,1,-1,-1,-1
1425,4228,970.47,635.50,390.83,332.11,1,-1,-1,-1
1426,4228,974.33,608.98,380.63,328.92,1,-1,-1,-1
1427,4228,978.28,586.60,370.58,323.99,1,-1,-1,-1
1428,4228,980.18,566.56,361.03,318.09,1,-1,-1,-1
1429,4228,982.72,549.60,353.36,313.43,1,-1,-1,-1
1430,4228,984.19,530.07,347.10,309.73,1,-1,-1,-1
1431,4228,984.87,513.06,340.49,305.18,1,-1,-1,-1
1432,4228,985.73,495.34,334.47,300.72,1,-1,-1,-1
1433,4228,986.64,480.29,328.61,295.13,1,-1,-1,-1
1434,4228,986.80,466.29,322.56,288.97,1,-1,-1,-1
1435,4228,985.35,452.62,316.77,282.53,1,-1,-1,-1
1436,4228,984.22,438.78,311.35,276.02,1,-1,-1,-1
1437,4228,981.27,425.84,305.86,271.27,1,-1,-1,-1
1438,4228,977.22,412.24,301.66,266.48,1,-1,-1,-1
1439,4228,973.76,399.26,297.27,261.50,1,-1,-1,-1
1440,4228,971.68,388.45,292.27,256.61,1,-1,-1,-1
1441,4228,968.45,376.38,287.75,252.38,1,-1,-1,-1
1442,4228,965.95,364.66,284.72,247.52,1,-1,-1,-1
1443,4228,963.92,353.34,280.44,242.03,1,-1,-1,-1
1444,4228,961.65,343.06,276.07,237.90,1,-1,-1,-1
1445,4228,958.06,333.28,271.93,233.83,1,-1,-1,-1
1446,4228,955.78,323.18,267.71,230.30,1,-1,-1,-1
1447,4228,954.37,314.45,264.56,227.30,1,-1,-1,-1
1448,4228,951.42,306.62,261.21,223.79,1,-1,-1,-1
1449,4228,948.76,299.36,257.53,220.33,1,-1,-1,-1
1450,4228,946.61,293.42,254.19,216.43,1,-1,-1,-1
1451,4228,944.20,286.94,250.72,212.25,1,-1,-1,-1
1452,4228,941.60,280.00,247.04,208.16,1,-1,-1,-1
1453,4228,938.73,272.60,242.78,204.65,1,-1,-1,-1
1454,4228,936.77,264.98,238.23,200.31,1,-1,-1,-1
1455,4228,934.73,260.13,233.98,196.92,1,-1,-1,-1
1456,4228,932.35,255.03,230.10,193.68,1,-1,-1,-1
1457,4228,930.38,249.92,227.53,191.24,1,-1,-1,-1
1458,4228,929.61,244.56,225.11,189.52,1,-1,-1,-1
1459,4228,927.40,239.01,222.40,187.85,1,-1,-1,-1
1460,4228,926.51,233.65,219.24,185.60,1,-1,-1,-1
1461,4228,924.87,228.77,216.06,183.75,1,-1,-1,-1
1462,4228,922.84,224.27,213.15,182.11,1,-1,-1,-1
1463,4228,921.29,220.55,209.79,180.11,1,-1,-1,-1
1464,4228,919.95,217.08,206.82,178.23,1,-1,-1,-1
1465,4228,917.65,213.73,204.03,176.07,1,-1,-1,-1
1466,4228,915.85,209.97,201.80,174.23,1,-1,-1,-1
1467,4228,914.20,206.97,199.56,172.08,1,-1,-1,-1
1468,4228,913.05,204.15,196.66,169.96,1,-1,-1,-1
1469,4228,911.27,201.25,194.68,167.68,1,-1,-1,-1
1470,4228,910.29,197.39,193.16,165.54,1,-1,-1,-1
1471,4228,909.23,193.98,190.53,163.07,1,-1,-1,-1
1472,4228,908.46,190.11,187.81,161.07,1,-1,-1,-1
1473,4228,906.90,187.39,184.52,158.88,1,-1,-1,-1
1474,4228,906.33,184.38,181.38,156.32,1,-1,-1,-1
1475,4228,904.80,181.41,178.76,154.32,1,-1,-1,-1
1476,4228,902.90,178.14,177.63,152.93,1,-1,-1,-1
1477,4228,900.81,174.34,175.80,151.36,1,-1,-1,-1
1478,4228,898.83,171.49,174.00,149.40,1,-1,-1,-1
1479,4228,897.57,168.91,172.62,147.55,1,-1,-1,-1
1480,4228,896.39,166.79,171.08,145.89,1,-1,-1,-1
1481,4228,895.17,164.07,169.10,143.78,1,-1,-1,-1
1482,4228,893.73,161.16,167.63,142.38,1,-1,-1,-1
1483,4228,891.77,157.43,167.04,141.41,1,-1,-1,-1
1484,4228,889.21,154.15,165.95,140.85,1,-1,-1,-1
1485,4228,887.19,151.47,164.28,139.54,1,-1,-1,-1
1486,4228,886.59,149.71,162.79,137.94,1,-1,-1,-1
1487,4228,885.42,147.96,160.83,136.05,1,-1,-1,-1
1488,4228,883.41,146.45,159.18,134.73,1,-1,-1,-1
1489,4228,881.83,143.83,157.82,133.97,1,-1,-1,-1
1490,4228,880.31,141.28,157.21,133.08,1,-1,-1,-1
1491,4228,878.65,139.42,156.77,132.46,1,-1,-1,-1
1492,4228,876.14,137.10,156.56,132.07,1,-1,-1,-1
1493,4228,874.11,134.71,155.96,131.62,1,-1,-1,-1
1494,4228,872.98,133.01,155.04,130.41,1,-1,-1,-1
1495,4228,871.58,131.78,153.54,128.68,1,-1,-1,-1
1496,4228,869.99,130.13,152.06,127.28,1,-1,-1,-1
1497,4228,868.84,128.61,150.19,126.02,1,-1,-1,-1
1498,4228,867.45,127.37,149.17,124.90,1,-1,-1,-1
1499,4228,865.92,125.77,148.01,123.71,1,-1,-1,-1
1500,4228,864.85,123.70,146.73,122.76,1,-1,-1,-1
1501,4228,863.16,121.86,145.64,121.81,1,-1,-1,-1
1502,4228,862.00,120.10,144.15,121.08,1,-1,-1,-1
1503,4228,860.58,118.11,142.98,120.21,1,-1,-1,-1
1504,4228,859.40,116.54,142.04,119.45,1,-1,-1,-1
1505,4228,858.20,115.07,140.81,118.37,1,-1,-1,-1
1506,4228,857.27,113.38,140.02,117.48,1,-1,-1,-1
1507,4228,856.39,110.88,139.37,116.91,1,-1,-1,-1
1508,4228,855.20,108.25,138.97,116.38,1,-1,-1,-1
1509,4228,853.88,106.05,138.38,116.15,1,-1,-1,-1
1510,4228,852.03,103.59,138.10,116.25,1,-1,-1,-1
1511,4228,850.82,100.64,137.83,116.35,1,-1,-1,-1
1512,4228,849.58,98.45,137.78,116.33,1,-1,-1,-1
1513,4228,849.09,96.63,137.73,116.17,1,-1,-1,-1
1514,4228,847.96,94.87,137.82,115.92,1,-1,-1,-1
1515,4228,846.45,93.22,137.90,115.71,1,-1,-1,-1
1516,4228,844.90,91.39,137.69,115.49,1,-1,-1,-1
1517,4228,843.38,90.00,136.91,114.87,1,-1,-1,-1
1518,4228,843.61,87.44,135.15,114.26,1,-1,-1,-1
1519,4228,843.27,84.66,133.43,113.97,1,-1,-1,-1
1520,4228,843.18,82.09,131.89,113.31,1,-1,-1,-1
1521,4228,842.45,80.93,130.57,112.65,1,-1,-1,-1
1572,4242,972.28,750.78,439.31,313.33,1,-1,-1,-1
1573,4242,971.27,721.16,437.78,337.26,1,-1,-1,-1
1574,4242,973.32,692.82,430.85,352.82,1,-1,-1,-1
1575,4242,975.29,660.03,420.61,362.27,1,-1,-1,-1
1576,4242,978.05,631.56,410.14,366.75,1,-1,-1,-1
1577,4242,980.59,602.83,399.83,366.63,1,-1,-1,-1
1578,4242,981.90,576.70,389.29,363.23,1,-1,-1,-1
1579,4242,981.66,554.72,380.11,360.44,1,-1,-1,-1
1580,4242,982.83,531.79,370.45,356.35,1,-1,-1,-1
1581,4242,982.16,512.13,361.49,353.09,1,-1,-1,-1
1582,4242,979.28,495.02,354.68,348.67,1,-1,-1,-1
1583,4242,975.65,477.46,349.48,342.86,1,-1,-1,-1
1584,4242,971.86,462.59,344.12,336.06,1,-1,-1,-1
1585,4242,968.57,448.07,338.52,328.63,1,-1,-1,-1
1586,4242,964.35,433.96,332.39,322.10,1,-1,-1,-1
1587,4242,960.44,420.42,326.95,315.77,1,-1,-1,-1
1588,4242,956.81,406.52,320.46,308.56,1,-1,-1,-1
1589,4242,952.29,393.82,316.14,303.56,1,-1,-1,-1
1590,4242,947.75,382.18,309.91,297.75,1,-1,-1,-1
1591,4242,944.90,370.49,303.66,291.06,1,-1,-1,-1
1592,4242,940.93,357.53,299.24,286.71,1,-1,-1,-1
1593,4242,936.07,345.03,295.34,282.16,1,-1,-1,-1
1594,4242,932.51,332.80,291.41,278.01,1,-1,-1,-1
1595,4242,929.23,321.44,287.46,272.59,1,-1,-1,-1
1596,4242,927.13,311.68,282.83,267.62,1,-1,-1,-1
1597,4242,925.38,304.07,278.59,262.03,1,-1,-1,-1
1598,4242,924.32,296.83,273.28,256.38,1,-1,-1,-1
1599,4242,922.48,289.93,268.58,251.24,1,-1,-1,-1
1600,4242,920.79,282.97,264.34,246.25,1,-1,-1,-1
1601,4242,919.09,274.35,262.08,242.47,1,-1,-1,-1
1602,4242,918.85,267.08,259.03,238.70,1,-1,-1,-1
1603,4244,708.44,53.73,139.71,121.89,1,-1,-1,-1
1603,4242,918.09,259.28,255.29,235.31,1,-1,-1,-1
1604,4244,708.36,54.45,139.59,122.20,1,-1,-1,-1
1604,4242,917.76,251.73,251.95,232.09,1,-1,-1,-1
1605,4244,707.74,55.10,140.30,122.91,1,-1,-1,-1
1605,4242,918.10,243.97,248.25,227.61,1,-1,-1,-1
1606,4244,706.91,54.99,140.83,123.56,1,-1,-1,-1
1606,4242,918.53,237.65,244.80,224.42,1,-1,-1,-1
1607,4244,706.25,55.13,141.98,124.63,1,-1,-1,-1
1607,4242,919.56,231.52,241.42,221.66,1,-1,-1,-1
1608,4244,705.65,56.68,142.28,124.84,1,-1,-1,-1
1608,4242,920.68,226.37,237.45,218.68,1,-1,-1,-1
1609,4244,704.76,58.12,142.62,125.31,1,-1,-1,-1
1609,4242,921.32,222.22,233.99,215.87,1,-1,-1,-1
1610,4244,704.58,59.25,142.91,125.42,1,-1,-1,-1
1610,4242,921.98,218.20,230.38,213.16,1,-1,-1,-1
1611,4244,704.23,60.13,143.16,125.65,1,-1,-1,-1
1611,4242,922.52,214.26,226.61,209.86,1,-1,-1,-1
1612,4244,702.66,60.78,143.96,126.60,1,-1,-1,-1
1612,4242,923.34,211.11,222.27,206.66,1,-1,-1,-1
1613,4244,700.72,61.24,144.61,127.80,1,-1,-1,-1
1613,4242,923.97,208.54,218.82,203.72,1,-1,-1,-1
1614,4244,699.67,61.30,145.35,128.92,1,-1,-1,-1
1614,4242,924.75,205.18,215.85,200.93,1,-1,-1,-1
1615,4244,696.99,62.39,145.79,129.39,1,-1,-1,-1
1615,4242,924.46,202.15,213.61,198.31,1,-1,-1,-1
1616,4244,694.98,63.60,146.02,129.86,1,-1,-1,-1
1616,4242,924.17,198.67,211.64,196.17,1,-1,-1,-1
1617,4244,693.08,64.73,146.09,130.31,1,-1,-1,-1
1617,4242,923.68,194.38,209.69,194.31,1,-1,-1,-1
1618,4244,690.82,65.76,146.01,130.45,1,-1,-1,-1
1618,4242,923.73,190.12,207.84,192.66,1,-1,-1,-1
1619,4244,689.32,66.46,146.51,130.99,1,-1,-1,-1
1619,4242,924.13,187.14,205.37,190.50,1,-1,-1,-1
1620,4244,687.33,68.23,146.54,131.02,1,-1,-1,-1
1620,4242,922.96,184.77,203.45,188.37,1,-1,-1,-1
1621,4244,685.12,69.67,146.71,131.56,1,-1,-1,-1
1621,4242,923.08,181.97,201.34,186.18,1,-1,-1,-1
1622,4244,682.94,71.14,147.18,131.96,1,-1,-1,-1
1622,4242,924.05,178.46,198.40,183.26,1,-1,-1,-1
1623,4244,681.14,72.37,147.77,132.21,1,-1,-1,-1
1623,4242,923.67,174.39,196.34,181.35,1,-1,-1,-1
1624,4244,679.27,74.57,147.70,132.15,1,-1,-1,-1
1624,4242,923.16,170.50,194.47,179.38,1,-1,-1,-1
1625,4244,677.56,76.71,147.63,132.09,1,-1,-1,-1
1625,4242,921.90,167.29,192.84,177.54,1,-1,-1,-1
1626,4244,675.76,78.04,147.65,132.24,1,-1,-1,-1
1626,4242,920.99,163.70,191.58,175.66,1,-1,-1,-1
1627,4244,673.97,79.06,148.14,132.57,1,-1,-1,-1
1627,4242,920.26,160.79,189.43,173.54,1,-1,-1,-1
1628,4244,672.27,80.82,148.68,132.69,1,-1,-1,-1
1628,4242,918.83,159.14,187.56,170.84,1,-1,-1,-1
1629,4244,670.83,82.21,149.09,133.20,1,-1,-1,-1
1629,4242,917.39,156.74,186.04,168.94,1,-1,-1,-1
1630,4244,669.17,83.58,149.59,133.43,1,-1,-1,-1
1630,4242,916.52,154.35,183.83,166.76,1,-1,-1,-1
1631,4244,667.33,85.00,149.88,133.59,1,-1,-1,-1
1631,4242,915.69,151.70,181.62,164.81,1,-1,-1,-1
1632,4244,665.36,86.15,151.01,134.15,1,-1,-1,-1
1632,4242,914.20,149.00,180.03,163.37,1,-1,-1,-1
1633,4244,663.30,86.72,151.92,135.21,1,-1,-1,-1
1633,4242,912.82,145.70,177.86,161.48,1,-1,-1,-1
1634,4244,661.45,87.14,152.69,136.34,1,-1,-1,-1
1634,4242,911.48,142.73,175.87,159.71,1,-1,-1,-1
1635,4244,659.52,88.31,153.24,137.23,1,-1,-1,-1
1635,4242,909.44,139.49,174.15,157.55,1,-1,-1,-1
1636,4244,657.98,90.08,153.68,137.92,1,-1,-1,-1
1636,4242,907.31,138.02,172.15,155.27,1,-1,-1,-1
1637,4244,656.71,91.15,153.71,138.44,1,-1,-1,-1
1637,4242,904.91,136.44,170.43,154.03,1,-1,-1,-1
1638,4244,655.33,92.12,154.08,139.35,1,-1,-1,-1
1638,4242,902.85,134.70,168.51,152.14,1,-1,-1,-1
1639,4244,653.27,93.45,155.10,140.25,1,-1,-1,-1
1639,4242,901.29,133.93,166.57,150.18,1,-1,-1,-1
1640,4244,651.04,94.67,156.07,141.00,1,-1,-1,-1
1640,4242,899.63,133.38,165.26,148.49,1,-1,-1,-1
1641,4244,649.62,95.95,156.39,141.84,1,-1,-1,-1
1641,4242,898.63,133.05,163.19,146.23,1,-1,-1,-1
1642,4244,647.70,97.45,156.92,142.59,1,-1,-1,-1
1642,4242,897.23,131.96,161.18,143.95,1,-1,-1,-1
1643,4244,646.91,99.16,157.15,143.04,1,-1,-1,-1
1643,4242,895.97,130.68,159.37,142.05,1,-1,-1,-1
1644,4244,645.31,99.82,157.26,143.80,1,-1,-1,-1
1644,4242,894.96,129.07,157.57,140.65,1,-1,-1,-1
1645,4244,644.13,101.38,157.41,144.32,1,-1,-1,-1
1645,4242,893.25,126.88,155.82,139.49,1,-1,-1,-1
1646,4244,643.18,103.19,157.33,144.82,1,-1,-1,-1
1646,4242,891.38,125.94,153.94,138.42,1,-1,-1,-1
1647,4244,642.36,104.97,157.47,144.96,1,-1,-1,-1
1647,4242,890.01,124.49,152.46,137.04,1,-1,-1,-1
1648,4244,641.74,106.19,157.64,145.30,1,-1,-1,-1
1648,4242,888.20,122.43,151.84,136.17,1,-1,-1,-1
1649,4244,641.45,107.55,158.10,145.54,1,-1,-1,-1
1649,4242,886.50,120.42,150.42,134.80,1,-1,-1,-1
1650,4244,640.62,108.69,159.35,146.49,1,-1,-1,-1
1650,4242,884.72,118.56,148.87,133.42,1,-1,-1,-1
1651,4244,639.54,110.26,160.20,147.13,1,-1,-1,-1
1651,4242,882.89,116.09,147.93,132.77,1,-1,-1,-1
1652,4244,638.83,111.28,161.41,148.41,1,-1,-1,-1
1652,4242,880.60,114.35,147.35,132.00,1,-1,-1,-1
1653,4244,638.32,112.56,162.21,149.53,1,-1,-1,-1
1653,4242,879.08,113.55,146.49,130.53,1,-1,-1,-1
1654,4244,638.03,114.24,162.92,150.10,1,-1,-1,-1
1654,4242,877.28,112.02,145.65,129.43,1,-1,-1,-1
1655,4244,637.30,115.79,164.38,151.69,1,-1,-1,-1
1655,4242,875.92,110.03,144.93,128.53,1,-1,-1,-1
1656,4244,636.49,117.71,166.19,153.09,1,-1,-1,-1
1656,4242,874.76,108.53,144.08,127.55,1,-1,-1,-1
1657,4244,635.69,119.23,167.43,154.18,1,-1,-1,-1
1657,4242,873.36,106.36,143.38,126.95,1,-1,-1,-1
1658,4244,635.88,120.80,168.44,154.98,1,-1,-1,-1
1658,4242,871.31,103.77,142.89,126.53,1,-1,-1,-1
1659,4244,635.76,122.22,169.52,156.25,1,-1,-1,-1
1659,4242,869.35,101.98,142.24,126.08,1,-1,-1,-1
1660,4244,635.39,123.89,171.00,157.38,1,-1,-1,-1
1660,4242,867.54,100.21,141.24,125.07,1,-1,-1,-1
1661,4244,635.57,125.68,171.47,157.90,1,-1,-1,-1
1661,4242,865.97,97.20,140.49,124.50,1,-1,-1,-1
1662,4244,634.92,127.08,172.45,158.96,1,-1,-1,-1
1662,4242,864.72,95.18,139.85,124.00,1,-1,-1,-1
1663,4244,633.90,128.20,173.81,160.43,1,-1,-1,-1
1663,4242,863.98,94.59,138.33,122.98,1,-1,-1,-1
1664,4244,632.86,128.93,175.45,162.41,1,-1,-1,-1
1664,4242,863.06,93.20,137.28,122.73,1,-1,-1,-1
1665,4244,632.21,130.36,176.70,163.61,1,-1,-1,-1
1665,4242,861.76,92.01,136.25,122.36,1,-1,-1,-1
1666,4244,630.90,132.01,177.87,164.85,1,-1,-1,-1
1666,4242,860.39,90.61,135.55,122.14,1,-1,-1,-1
1667,4244,629.92,133.51,178.94,166.13,1,-1,-1,-1
1667,4242,859.22,89.80,134.92,121.67,1,-1,-1,-1
1668,4244,629.00,135.57,179.65,166.83,1,-1,-1,-1
1668,4242,857.68,88.29,134.76,121.78,1,-1,-1,-1
1669,4244,628.43,137.98,180.12,167.26,1,-1,-1,-1
1669,4242,856.34,87.50,133.98,120.92,1,-1,-1,-1
1670,4244,627.38,140.55,180.70,167.64,1,-1,-1,-1
1670,4242,855.15,84.65,133.47,120.54,1,-1,-1,-1
1671,4244,626.48,142.81,181.81,168.90,1,-1,-1,-1
1671,4242,853.86,81.24,133.29,120.37,1,-1,-1,-1
1672,4244,625.14,145.05,183.55,170.62,1,-1,-1,-1
1672,4242,852.80,78.66,132.60,120.00,1,-1,-1,-1
1673,4244,624.18,147.12,184.96,171.87,1,-1,-1,-1
1673,4242,851.85,76.75,132.45,119.51,1,-1,-1,-1
1674,4244,622.92,148.88,186.94,173.50,1,-1,-1,-1
1674,4242,850.84,74.60,132.26,119.14,1,-1,-1,-1
1675,4244,622.53,150.68,188.26,174.54,1,-1,-1,-1
1675,4242,849.85,72.91,132.03,118.81,1,-1,-1,-1
1676,4244,621.54,152.01,189.95,176.48,1,-1,-1,-1
1676,4242,849.34,72.53,131.40,117.78,1,-1,-1,-1
1677,4244,620.74,153.59,191.22,177.93,1,-1,-1,-1
1677,4242,848.69,72.62,130.26,116.43,1,-1,-1,-1
1678,4244,619.90,154.82,192.61,179.65,1,-1,-1,-1
1678,4242,848.20,72.34,129.76,115.77,1,-1,-1,-1
1679,4244,619.08,157.32,193.76,180.81,1,-1,-1,-1
1679,4242,847.46,70.06,130.11,116.24,1,-1,-1,-1
1680,4244,617.88,159.56,194.95,181.86,1,-1,-1,-1
1680,4242,845.51,68.25,129.59,116.32,1,-1,-1,-1
1681,4244,617.24,161.72,196.11,182.53,1,-1,-1,-1
1681,4242,843.97,65.86,128.75,116.46,1,-1,-1,-1
1682,4244,616.26,163.88,197.89,183.88,1,-1,-1,-1
1682,4242,842.75,64.50,127.93,116.14,1,-1,-1,-1
1683,4244,616.07,165.88,199.08,185.27,1,-1,-1,-1
1683,4242,842.07,63.35,127.47,115.45,1,-1,-1,-1
1684,4244,615.36,167.62,200.18,186.87,1,-1,-1,-1
1684,4242,842.05,62.04,127.45,115.10,1,-1,-1,-1
1685,4244,614.47,169.52,201.70,188.41,1,-1,-1,-1
1685,4242,842.01,60.96,127.23,114.66,1,-1,-1,-1
1686,4244,613.45,170.73,203.05,190.41,1,-1,-1,-1
1686,4242,842.18,59.95,127.17,114.48,1,-1,-1,-1
1687,4244,611.96,172.98,204.80,192.03,1,-1,-1,-1
1687,4242,843.05,59.65,126.57,113.47,1,-1,-1,-1
1688,4244,611.17,175.59,207.08,193.67,1,-1,-1,-1
1688,4242,843.07,58.92,126.18,112.61,1,-1,-1,-1
1689,4244,611.29,177.98,208.31,195.43,1,-1,-1,-1
1689,4242,843.46,57.89,125.04,111.66,1,-1,-1,-1
1690,4244,610.81,180.93,209.14,196.72,1,-1,-1,-1
1690,4242,844.80,58.15,124.87,110.69,1,-1,-1,-1
1691,4244,609.92,183.17,210.49,198.10,1,-1,-1,-1
1691,4242,845.80,58.21,124.82,109.95,1,-1,-1,-1
1692,4244,609.81,186.05,211.47,198.78,1,-1,-1,-1
1692,4242,844.22,57.89,123.60,109.37,1,-1,-1,-1
1693,4244,609.05,187.94,212.63,199.82,1,-1,-1,-1
1693,4242,843.58,57.02,122.47,108.91,1,-1,-1,-1
1694,4244,608.68,189.36,214.10,200.90,1,-1,-1,-1
1694,4242,844.53,56.71,121.19,108.47,1,-1,-1,-1
1695,4244,608.27,191.19,215.80,202.46,1,-1,-1,-1
1695,4242,845.43,57.17,119.89,107.65,1,-1,-1,-1
1696,4244,607.76,193.21,217.56,203.54,1,-1,-1,-1
1697,4244,608.00,195.17,219.22,204.38,1,-1,-1,-1
1698,4244,608.63,197.75,220.63,205.23,1,-1,-1,-1
1699,4244,608.94,199.49,222.05,206.13,1,-1,-1,-1
1699,4242,835.80,57.50,112.75,103.95,1,-1,-1,-1
1700,4244,609.60,201.33,223.18,208.15,1,-1,-1,-1
1701,4244,610.76,203.88,224.23,210.32,1,-1,-1,-1
1702,4244,611.71,205.55,225.46,212.10,1,-1,-1,-1
1703,4244,613.04,208.67,227.10,213.56,1,-1,-1,-1
1704,4244,613.57,210.72,228.55,215.33,1,-1,-1,-1
1705,4244,615.52,212.68,230.22,217.90,1,-1,-1,-1
1706,4244,616.95,215.36,232.12,220.71,1,-1,-1,-1
1707,4244,617.69,217.30,234.24,224.15,1,-1,-1,-1
1708,4244,619.33,219.62,237.03,226.79,1,-1,-1,-1
1709,4244,619.73,222.03,239.59,229.78,1,-1,-1,-1
1710,4244,619.53,225.52,243.38,232.45,1,-1,-1,-1
1711,4244,619.76,229.68,246.32,235.07,1,-1,-1,-1
1712,4244,620.62,233.72,248.96,237.53,1,-1,-1,-1
1713,4244,621.86,238.30,250.71,239.93,1,-1,-1,-1
1714,4244,622.72,242.60,253.89,243.39,1,-1,-1,-1
1715,4244,622.38,246.62,257.38,247.01,1,-1,-1,-1
1716,4244,621.46,251.01,260.39,249.51,1,-1,-1,-1
1717,4244,620.80,256.37,263.49,251.92,1,-1,-1,-1
1718,4244,619.37,263.91,266.22,253.98,1,-1,-1,-1
1719,4244,618.83,271.18,268.02,255.87,1,-1,-1,-1
1720,4244,617.43,278.02,270.21,257.94,1,-1,-1,-1
1721,4244,615.79,284.60,273.05,259.42,1,-1,-1,-1
1722,4244,613.92,290.48,275.72,261.88,1,-1,-1,-1
1723,4244,612.29,296.70,277.52,263.94,1,-1,-1,-1
1724,4244,610.84,303.60,279.54,266.99,1,-1,-1,-1
1725,4244,608.77,310.42,282.29,269.70,1,-1,-1,-1
1726,4244,606.92,317.30,285.38,272.97,1,-1,-1,-1
1727,4244,604.69,324.02,288.67,277.62,1,-1,-1,-1
1728,4244,602.87,329.58,290.76,281.91,1,-1,-1,-1
1729,4244,600.29,336.32,293.40,287.10,1,-1,-1,-1
1730,4244,597.73,341.99,296.35,292.01,1,-1,-1,-1
1731,4244,596.12,348.74,299.35,296.00,1,-1,-1,-1
1732,4244,594.08,357.29,302.28,298.36,1,-1,-1,-1
1733,4244,590.96,366.32,304.89,300.98,1,-1,-1,-1
1734,4244,588.28,376.43,308.23,303.14,1,-1,-1,-1
1735,4244,585.59,387.03,311.74,305.40,1,-1,-1,-1
1736,4244,583.95,396.26,316.00,308.25,1,-1,-1,-1
1737,4244,582.81,404.72,318.99,311.75,1,-1,-1,-1
1738,4244,581.29,413.21,322.00,315.87,1,-1,-1,-1
1739,4244,577.25,421.55,325.58,319.92,1,-1,-1,-1
1740,4244,574.14,430.80,329.17,322.52,1,-1,-1,-1
1741,4244,570.86,440.37,331.32,325.35,1,-1,-1,-1
1742,4244,568.94,450.50,334.79,329.06,1,-1,-1,-1
1743,4244,564.75,459.17,339.05,333.66,1,-1,-1,-1
1744,4244,561.02,468.84,342.97,338.28,1,-1,-1,-1
1745,4244,556.98,478.85,346.56,342.57,1,-1,-1,-1
1746,4244,552.03,488.90,351.35,347.46,1,-1,-1,-1
1747,4244,545.61,498.89,357.00,353.98,1,-1,-1,-1
1748,4244,538.11,509.37,362.86,359.91,1,-1,-1,-1
1749,4244,531.01,521.79,368.65,364.82,1,-1,-1,-1
1750,4244,524.54,534.29,374.47,370.95,1,-1,-1,-1
1751,4244,517.84,547.41,379.11,376.01,1,-1,-1,-1
1752,4244,510.96,559.82,385.34,380.93,1,-1,-1,-1
1753,4244,504.36,574.10,391.62,386.81,1,-1,-1,-1
1754,4244,496.03,588.22,397.90,392.43,1,-1,-1,-1
1755,4244,487.54,601.97,403.23,398.06,1,-1,-1,-1
1756,4244,479.65,614.71,408.82,403.21,1,-1,-1,-1
1757,4244,470.82,629.85,413.55,408.89,1,-1,-1,-1
1758,4244,462.11,643.89,418.58,413.31,1,-1,-1,-1
1759,4244,451.65,658.55,425.69,415.81,1,-1,-1,-1
1760,4244,441.96,671.25,431.41,412.77,1,-1,-1,-1
1761,4244,433.11,684.05,437.46,405.93,1,-1,-1,-1
1762,4244,421.59,698.25,445.12,396.13,1,-1,-1,-1
1763,4244,411.83,712.97,451.47,383.54,1,-1,-1,-1
1764,4256,1149.96,642.97,478.36,426.51,1,-1,-1,-1
1764,4244,401.31,732.00,459.15,367.41,1,-1,-1,-1
1765,4256,1136.25,623.20,478.14,441.66,1,-1,-1,-1
1765,4244,389.87,749.16,465.79,351.33,1,-1,-1,-1
1766,4256,1124.05,606.11,475.50,454.32,1,-1,-1,-1
1766,4244,376.84,766.37,471.49,335.22,1,-1,-1,-1
1767,4256,1111.17,588.37,468.65,457.16,1,-1,-1,-1
1767,4244,367.73,784.66,476.15,318.06,1,-1,-1,-1
1768,4256,1102.68,568.92,461.46,456.77,1,-1,-1,-1
1769,4256,1089.99,549.95,454.49,456.13,1,-1,-1,-1
1770,4256,1079.94,530.22,448.51,455.03,1,-1,-1,-1
1771,4256,1071.63,511.51,442.92,452.37,1,-1,-1,-1
1772,4256,1062.46,494.29,435.77,446.01,1,-1,-1,-1
1773,4256,1053.36,476.34,429.26,438.51,1,-1,-1,-1
1774,4256,1044.85,462.96,420.07,431.67,1,-1,-1,-1
1775,4256,1035.58,452.39,413.01,424.56,1,-1,-1,-1
1776,4256,1029.54,440.83,403.71,418.37,1,-1,-1,-1
1777,4256,1021.93,428.63,394.45,409.87,1,-1,-1,-1
1778,4256,1018.15,416.53,385.14,401.98,1,-1,-1,-1
1779,4256,1010.07,404.55,377.49,395.67,1,-1,-1,-1
1780,4256,1002.60,390.17,370.23,391.63,1,-1,-1,-1
1781,4256,997.24,379.13,363.38,386.61,1,-1,-1,-1
1782,4256,993.10,369.93,356.34,380.93,1,-1,-1,-1
1783,4256,988.51,359.58,348.76,376.55,1,-1,-1,-1
1784,4256,981.94,347.29,342.45,372.03,1,-1,-1,-1
1785,4256,976.38,336.34,337.94,366.21,1,-1,-1,-1
1786,4256,972.04,326.88,332.43,360.63,1,-1,-1,-1
1787,4256,966.93,318.94,327.79,355.10,1,-1,-1,-1
1788,4256,963.64,312.54,321.69,348.99,1,-1,-1,-1
1789,4256,957.40,304.28,318.72,344.52,1,-1,-1,-1
1790,4256,953.38,298.30,314.61,339.28,1,-1,-1,-1
1791,4256,951.58,292.91,311.70,334.84,1,-1,-1,-1
1792,4256,950.10,287.61,308.87,329.01,1,-1,-1,-1
1793,4256,949.24,282.12,305.01,322.33,1,-1,-1,-1
1794,4256,947.17,273.88,302.15,316.60,1,-1,-1,-1
1795,4256,944.47,264.92,299.33,312.19,1,-1,-1,-1
1796,4256,942.96,258.05,294.59,306.44,1,-1,-1,-1
1797,4256,942.85,251.42,290.89,301.10,1,-1,-1,-1
1798,4256,942.83,245.90,286.80,296.03,1,-1,-1,-1
1799,4256,942.71,240.85,283.94,291.88,1,-1,-1,-1
1800,4256,943.41,235.21,280.70,288.74,1,-1,-1,-1
1801,4256,943.69,228.51,277.17,285.33,1,-1,-1,-1
1802,4256,944.54,223.15,274.80,282.10,1,-1,-1,-1
1803,4256,946.08,218.27,271.85,278.72,1,-1,-1,-1
1804,4256,946.55,213.46,269.79,276.39,1,-1,-1,-1
1805,4256,945.94,209.25,268.41,273.57,1,-1,-1,-1
1806,4256,947.69,205.43,266.25,269.52,1,-1,-1,-1
1807,4256,949.00,202.35,263.27,264.84,1,-1,-1,-1
1808,4256,950.47,199.05,262.15,261.45,1,-1,-1,-1
1809,4256,950.73,196.75,261.64,258.74,1,-1,-1,-1
1810,4256,951.24,194.34,260.21,256.35,1,-1,-1,-1
1811,4256,952.09,190.82,258.80,254.79,1,-1,-1,-1
1812,4256,952.51,188.12,256.47,252.67,1,-1,-1,-1
1813,4256,952.95,185.34,254.87,250.67,1,-1,-1,-1
1814,4256,955.06,183.91,251.86,247.74,1,-1,-1,-1
1815,4256,955.95,180.80,249.66,245.79,1,-1,-1,-1
1816,4256,957.68,177.69,247.15,244.36,1,-1,-1,-1
1817,4256,959.28,176.16,244.78,243.31,1,-1,-1,-1
1818,4256,959.61,173.25,243.33,242.08,1,-1,-1,-1
1819,4256,960.10,170.24,241.47,240.75,1,-1,-1,-1
1820,4256,961.93,167.68,240.20,239.00,1,-1,-1,-1
1821,4256,964.12,165.22,239.04,237.84,1,-1,-1,-1
1822,4256,967.08,161.95,237.84,236.33,1,-1,-1,-1
1823,4256,969.39,159.60,237.70,234.93,1,-1,-1,-1
1824,4256,973.22,157.58,237.29,233.11,1,-1,-1,-1
1825,4256,977.34,155.66,236.45,230.40,1,-1,-1,-1
1826,4256,983.17,154.12,236.36,227.70,1,-1,-1,-1
1827,4256,990.16,152.30,237.17,226.52,1,-1,-1,-1
1828,4256,997.00,150.10,239.52,225.51,1,-1,-1,-1
1829,4256,1003.59,148.86,240.46,224.40,1,-1,-1,-1
1830,4256,1014.44,146.48,242.37,223.79,1,-1,-1,-1
1831,4256,1026.97,145.09,241.96,221.74,1,-1,-1,-1
1832,4256,1037.97,143.28,243.31,220.23,1,-1,-1,-1
1833,4256,1050.42,140.91,243.80,219.27,1,-1,-1,-1
1834,4256,1063.01,138.91,243.30,217.45,1,-1,-1,-1
1835,4256,1076.29,137.56,242.98,215.46,1,-1,-1,-1
1836,4256,1092.35,136.64,242.52,213.24,1,-1,-1,-1
1837,4256,1110.25,135.26,241.04,211.37,1,-1,-1,-1
1838,4256,1128.52,134.48,239.22,208.76,1,-1,-1,-1
1839,4256,1147.05,133.93,237.30,207.89,1,-1,-1,-1
1840,4256,1167.18,133.56,239.08,207.76,1,-1,-1,-1
1841,4256,1184.61,131.62,239.46,207.21,1,-1,-1,-1
1842,4256,1201.46,130.54,240.71,206.79,1,-1,-1,-1
1843,4256,1217.75,128.41,242.55,205.47,1,-1,-1,-1
1844,4261,663.52,74.10,105.95,89.00,1,-1,-1,-1
1844,4256,1239.26,126.84,242.51,203.51,1,-1,-1,-1
1845,4261,664.96,74.00,105.95,89.04,1,-1,-1,-1
1845,4256,1259.70,122.19,241.04,201.90,1,-1,-1,-1
1846,4261,666.15,73.56,106.36,89.12,1,-1,-1,-1
1846,4256,1280.65,120.56,240.16,201.20,1,-1,-1,-1
1847,4261,667.10,73.16,107.07,89.38,1,-1,-1,-1
1847,4256,1301.11,118.46,238.92,200.41,1,-1,-1,-1
1848,4261,667.76,72.96,107.65,89.68,1,-1,-1,-1
1848,4256,1323.61,116.72,235.20,199.82,1,-1,-1,-1
1849,4261,669.63,72.31,107.43,89.80,1,-1,-1,-1
1849,4256,1336.88,111.76,236.54,199.89,1,-1,-1,-1
1850,4261,670.95,71.81,107.40,90.19,1,-1,-1,-1
1850,4256,1353.14,106.89,236.22,198.61,1,-1,-1,-1
1851,4261,672.21,72.02,107.05,89.92,1,-1,-1,-1
1851,4256,1376.27,103.30,230.92,196.07,1,-1,-1,-1
1852,4261,672.77,72.09,106.88,89.78,1,-1,-1,-1
1852,4256,1396.00,99.62,224.37,194.32,1,-1,-1,-1
1853,4261,673.17,72.07,106.79,89.65,1,-1,-1,-1
1853,4256,1416.35,95.06,212.82,192.80,1,-1,-1,-1
1854,4261,673.13,72.31,106.73,89.66,1,-1,-1,-1
1855,4261,672.78,72.58,106.89,89.79,1,-1,-1,-1
1856,4261,672.26,72.79,107.15,89.81,1,-1,-1,-1
1857,4261,671.89,73.18,107.34,89.77,1,-1,-1,-1
1858,4261,671.58,73.36,107.46,89.71,1,-1,-1,-1
1859,4261,671.30,73.03,107.42,89.85,1,-1,-1,-1
1860,4261,671.03,72.88,107.46,89.92,1,-1,-1,-1
1861,4261,670.47,72.70,107.34,89.97,1,-1,-1,-1
1862,4261,670.13,72.49,107.41,90.14,1,-1,-1,-1
1863,4261,669.58,72.62,107.60,90.25,1,-1,-1,-1
1864,4261,668.30,71.75,108.53,91.04,1,-1,-1,-1
1865,4261,668.67,71.13,108.90,91.39,1,-1,-1,-1
1866,4261,668.14,70.55,109.59,91.83,1,-1,-1,-1
1867,4261,667.43,69.89,110.16,92.19,1,-1,-1,-1
1868,4261,667.36,69.01,110.63,92.51,1,-1,-1,-1
1869,4261,668.04,67.61,110.75,92.66,1,-1,-1,-1
1870,4261,669.01,67.14,110.99,92.84,1,-1,-1,-1
1871,4261,669.76,66.89,111.90,92.96,1,-1,-1,-1
1872,4261,670.41,66.16,112.62,93.56,1,-1,-1,-1
1873,4261,671.34,65.45,112.72,94.07,1,-1,-1,-1
1874,4261,672.57,65.31,113.04,94.71,1,-1,-1,-1
1875,4261,673.91,64.59,113.23,95.22,1,-1,-1,-1
1876,4261,674.74,64.27,113.73,95.70,1,-1,-1,-1
1877,4261,675.59,63.92,114.29,96.18,1,-1,-1,-1
1878,4261,676.56,63.66,115.07,96.93,1,-1,-1,-1
1879,4261,677.62,62.77,115.85,97.99,1,-1,-1,-1
1880,4261,679.23,62.33,116.36,98.81,1,-1,-1,-1
1881,4261,680.10,62.09,117.01,99.64,1,-1,-1,-1
1882,4261,680.37,61.15,117.72,100.63,1,-1,-1,-1
1883,4261,680.75,60.38,118.47,101.59,1,-1,-1,-1
1884,4261,681.89,60.19,119.48,102.52,1,-1,-1,-1
1885,4261,682.54,59.24,120.92,103.57,1,-1,-1,-1
1886,4261,682.86,58.07,122.57,104.84,1,-1,-1,-1
1887,4261,684.37,58.04,123.56,105.03,1,-1,-1,-1
1888,4261,686.54,57.87,123.78,105.00,1,-1,-1,-1
1889,4261,688.64,57.52,123.83,105.06,1,-1,-1,-1
1890,4261,690.46,57.51,123.75,104.98,1,-1,-1,-1
1891,4261,691.61,57.50,123.78,104.82,1,-1,-1,-1
1892,4261,692.37,57.55,123.96,105.00,1,-1,-1,-1
1893,4261,693.08,57.29,124.15,105.27,1,-1,-1,-1
1894,4261,694.61,56.61,123.87,105.51,1,-1,-1,-1
1895,4261,695.86,56.72,123.38,105.26,1,-1,-1,-1
1896,4261,695.92,56.18,123.40,105.45,1,-1,-1,-1
1897,4261,696.46,56.62,122.98,105.39,1,-1,-1,-1
1898,4261,697.38,55.94,122.88,105.42,1,-1,-1,-1
1899,4261,698.60,55.51,122.63,105.64,1,-1,-1,-1
1900,4261,697.76,55.84,123.57,105.97,1,-1,-1,-1
1901,4261,698.47,56.56,124.05,106.04,1,-1,-1,-1
1902,4261,698.83,56.61,124.42,106.30,1,-1,-1,-1
1903,4261,699.62,56.93,124.60,106.53,1,-1,-1,-1
1904,4261,700.12,57.20,125.14,106.80,1,-1,-1,-1
1905,4261,701.05,57.43,125.38,107.00,1,-1,-1,-1
1906,4261,702.38,57.76,125.61,107.23,1,-1,-1,-1
1907,4261,703.23,57.94,126.12,107.62,1,-1,-1,-1
1908,4261,703.93,58.05,126.66,108.31,1,-1,-1,-1
1909,4261,704.19,58.09,127.59,109.40,1,-1,-1,-1
1910,4261,704.68,58.57,128.43,110.61,1,-1,-1,-1
1911,4261,705.70,59.59,129.27,111.68,1,-1,-1,-1
1912,4261,706.74,60.66,129.89,112.51,1,-1,-1,-1
1913,4261,706.94,61.45,130.64,113.36,1,-1,-1,-1
1914,4261,706.81,62.46,130.87,113.93,1,-1,-1,-1
1915,4261,706.07,64.13,131.83,114.36,1,-1,-1,-1
1916,4261,705.18,65.22,132.52,114.93,1,-1,-1,-1
1917,4261,704.61,66.08,133.48,115.88,1,-1,-1,-1
1918,4261,704.07,67.99,134.35,116.20,1,-1,-1,-1
1919,4261,703.67,69.33,135.75,116.74,1,-1,-1,-1
1920,4261,701.91,70.25,137.32,117.54,1,-1,-1,-1
1921,4261,700.98,70.92,137.83,117.90,1,-1,-1,-1
1922,4261,700.50,71.82,138.12,118.29,1,-1,-1,-1
1923,4261,699.70,72.86,138.63,118.64,1,-1,-1,-1
1924,4261,698.97,74.19,139.13,118.80,1,-1,-1,-1
1925,4261,698.32,75.94,139.76,119.10,1,-1,-1,-1
1926,4261,697.32,77.81,140.03,119.30,1,-1,-1,-1
1927,4261,696.58,79.65,140.71,119.54,1,-1,-1,-1
1928,4261,695.99,80.97,140.86,119.73,1,-1,-1,-1
1929,4261,695.03,82.82,141.58,120.20,1,-1,-1,-1
1930,4261,694.52,84.65,142.31,120.94,1,-1,-1,-1
1931,4261,692.76,86.61,143.36,121.86,1,-1,-1,-1
1932,4261,691.03,87.95,144.17,123.02,1,-1,-1,-1
1933,4261,689.43,89.57,144.71,123.75,1,-1,-1,-1
1934,4261,687.65,91.09,145.42,124.36,1,-1,-1,-1
1935,4261,686.25,93.32,146.02,124.59,1,-1,-1,-1
1936,4261,685.45,95.65,146.66,124.85,1,-1,-1,-1
1937,4261,683.75,97.26,147.75,125.52,1,-1,-1,-1
1938,4261,681.87,98.74,149.19,126.59,1,-1,-1,-1
1939,4261,680.27,100.70,150.64,127.58,1,-1,-1,-1
1940,4261,679.49,102.27,151.27,128.49,1,-1,-1,-1
1941,4261,678.63,104.28,151.76,129.20,1,-1,-1,-1
1942,4261,677.68,106.14,152.32,129.47,1,-1,-1,-1
1943,4261,676.26,108.15,152.67,129.81,1,-1,-1,-1
1944,4261,674.63,110.07,153.33,130.39,1,-1,-1,-1
1945,4261,673.30,112.40,153.85,130.76,1,-1,-1,-1
1946,4261,671.11,114.61,154.15,130.43,1,-1,-1,-1
1947,4261,669.40,116.92,154.88,130.39,1,-1,-1,-1
1948,4261,667.58,119.57,155.46,130.49,1,-1,-1,-1
1949,4261,665.80,121.29,156.40,131.26,1,-1,-1,-1
1950,4261,663.52,122.45,157.74,132.26,1,-1,-1,-1
1951,4261,660.88,124.17,159.44,133.72,1,-1,-1,-1
1952,4261,658.05,126.18,161.06,135.23,1,-1,-1,-1
1953,4261,655.48,128.85,161.87,136.52,1,-1,-1,-1
1954,4261,652.94,131.16,162.80,137.89,1,-1,-1,-1
1955,4261,650.36,133.80,163.65,139.20,1,-1,-1,-1
1956,4261,647.66,136.80,164.39,140.04,1,-1,-1,-1
1957,4261,645.06,139.50,166.02,141.17,1,-1,-1,-1
1958,4261,642.82,142.11,166.81,142.07,1,-1,-1,-1
1959,4261,640.00,145.11,168.16,143.05,1,-1,-1,-1
1960,4261,636.75,148.40,169.48,143.72,1,-1,-1,-1
1961,4261,632.93,151.37,170.44,144.24,1,-1,-1,-1
1962,4261,629.05,153.46,171.23,144.89,1,-1,-1,-1
1963,4261,625.91,155.91,172.47,145.61,1,-1,-1,-1
1964,4261,622.34,159.29,173.95,146.28,1,-1,-1,-1
1965,4261,619.33,162.35,175.77,147.23,1,-1,-1,-1
1966,4261,616.75,165.02,177.37,148.39,1,-1,-1,-1
1967,4261,614.43,167.74,179.46,149.81,1,-1,-1,-1
1968,4261,612.78,170.68,181.12,150.82,1,-1,-1,-1
1969,4261,610.40,173.19,183.05,152.33,1,-1,-1,-1
1970,4261,608.54,176.16,184.73,153.75,1,-1,-1,-1
1971,4261,606.94,179.34,186.42,155.19,1,-1,-1,-1
1972,4261,604.94,182.23,188.41,156.92,1,-1,-1,-1
1973,4261,603.94,185.81,189.92,157.81,1,-1,-1,-1
1974,4261,601.90,188.94,191.99,159.37,1,-1,-1,-1
1975,4261,599.79,192.30,194.52,161.52,1,-1,-1,-1
1976,4261,598.79,195.67,196.79,163.44,1,-1,-1,-1
1977,4261,597.51,199.31,199.54,165.14,1,-1,-1,-1
1978,4261,596.61,203.46,201.72,166.84,1,-1,-1,-1
1979,4261,595.06,207.12,204.66,169.18,1,-1,-1,-1
1980,4261,593.88,210.04,207.21,171.48,1,-1,-1,-1
1981,4261,591.43,213.76,210.11,172.96,1,-1,-1,-1
1982,4261,589.03,216.91,212.51,174.47,1,-1,-1,-1
1983,4261,586.79,220.14,214.93,176.66,1,-1,-1,-1
1984,4261,585.60,223.21,216.99,178.69,1,-1,-1,-1
1985,4261,584.69,226.08,218.72,180.37,1,-1,-1,-1
1986,4261,583.18,229.47,220.59,182.44,1,-1,-1,-1
1987,4261,581.12,233.54,222.76,184.24,1,-1,-1,-1
1988,4261,578.70,237.35,225.27,185.89,1,-1,-1,-1
1989,4261,575.92,241.47,227.96,187.59,1,-1,-1,-1
1990,4261,573.73,245.70,230.76,189.75,1,-1,-1,-1
1991,4261,571.85,250.76,233.32,192.06,1,-1,-1,-1
1992,4261,569.94,256.68,235.93,194.26,1,-1,-1,-1
1993,4261,567.27,262.61,238.30,196.33,1,-1,-1,-1
1994,4261,565.53,269.81,240.66,198.46,1,-1,-1,-1
1995,4261,562.74,277.83,243.93,201.55,1,-1,-1,-1
1996,4261,560.13,287.00,246.48,204.53,1,-1,-1,-1
1997,4261,556.50,298.04,249.45,208.00,1,-1,-1,-1
1998,4261,553.52,306.86,251.49,211.23,1,-1,-1,-1
1999,4261,550.39,315.89,253.55,215.05,1,-1,-1,-1
2000,4261,546.14,324.33,256.88,218.83,1,-1,-1,-1
2001,4261,541.62,335.03,259.95,221.86,1,-1,-1,-1
2002,4261,536.83,345.26,263.23,225.29,1,-1,-1,-1
2003,4261,533.02,357.15,266.66,228.28,1,-1,-1,-1
2004,4261,529.77,370.28,270.19,231.56,1,-1,-1,-1
2005,4261,525.29,383.85,274.26,234.70,1,-1,-1,-1
2006,4261,521.28,396.82,278.33,239.38,1,-1,-1,-1
2007,4261,517.51,409.41,283.21,243.20,1,-1,-1,-1
2008,4261,512.72,423.65,287.85,246.41,1,-1,-1,-1
2009,4261,508.78,436.88,292.62,250.62,1,-1,-1,-1
2010,4261,504.60,451.59,298.48,254.88,1,-1,-1,-1
2011,4261,500.94,465.58,304.51,260.73,1,-1,-1,-1
2012,4261,495.80,478.08,309.66,266.25,1,-1,-1,-1
2013,4261,490.83,491.78,315.11,271.83,1,-1,-1,-1
2014,4261,485.49,506.14,320.33,277.63,1,-1,-1,-1
2015,4261,479.69,522.05,325.63,283.86,1,-1,-1,-1
2016,4261,472.96,538.63,331.27,290.40,1,-1,-1,-1
2017,4261,465.15,557.45,337.40,296.22,1,-1,-1,-1
2018,4261,457.09,577.55,344.03,301.68,1,-1,-1,-1
2019,4261,445.93,599.72,351.90,307.89,1,-1,-1,-1
2020,4261,435.18,620.38,359.26,315.23,1,-1,-1,-1
2021,4261,421.94,643.95,367.00,323.02,1,-1,-1,-1
2022,4261,407.47,667.87,374.09,330.98,1,-1,-1,-1
2023,4261,391.14,694.55,381.49,338.84,1,-1,-1,-1
2024,4261,371.03,723.28,390.34,343.23,1,-1,-1,-1
2025,4261,347.27,750.89,398.94,335.87,1,-1,-1,-1
2026,4261,323.13,777.51,407.37,321.24,1,-1,-1,-1
2027,4261,294.15,804.08,419.00,301.57,1,-1,-1,-1
2049,4265,1121.88,785.18,410.96,281.01,1,-1,-1,-1
2050,4265,1116.04,759.61,409.30,302.05,1,-1,-1,-1
2051,4265,1116.98,726.14,400.89,315.42,1,-1,-1,-1
2052,4265,1112.67,693.13,396.47,324.58,1,-1,-1,-1
2053,4265,1112.37,663.52,387.11,326.16,1,-1,-1,-1
2054,4265,1110.35,634.81,379.25,324.19,1,-1,-1,-1
2055,4265,1107.42,610.06,370.83,321.53,1,-1,-1,-1
2056,4265,1104.62,588.63,363.46,317.39,1,-1,-1,-1
2057,4265,1099.56,569.79,354.35,312.10,1,-1,-1,-1
2058,4265,1093.06,553.62,347.69,307.56,1,-1,-1,-1
2059,4265,1086.37,534.90,339.32,302.23,1,-1,-1,-1
2060,4265,1079.23,517.78,332.64,297.89,1,-1,-1,-1
2061,4265,1069.27,500.71,327.34,293.24,1,-1,-1,-1
2062,4265,1060.33,485.84,322.23,288.38,1,-1,-1,-1
2063,4265,1052.41,472.30,315.61,281.98,1,-1,-1,-1
2064,4265,1043.18,458.22,309.83,276.87,1,-1,-1,-1
2065,4265,1035.24,444.78,304.41,271.92,1,-1,-1,-1
2066,4265,1028.40,432.42,299.21,266.32,1,-1,-1,-1
2067,4265,1019.77,418.36,293.88,262.20,1,-1,-1,-1
2068,4265,1011.18,405.93,289.19,256.47,1,-1,-1,-1
2069,4265,1004.01,394.69,285.32,252.20,1,-1,-1,-1
2070,4265,996.05,382.17,281.21,247.98,1,-1,-1,-1
2071,4265,988.74,370.74,276.86,243.08,1,-1,-1,-1
2072,4265,982.30,359.50,273.50,238.51,1,-1,-1,-1
2073,4265,976.97,349.46,269.34,233.94,1,-1,-1,-1
2074,4265,972.57,340.46,264.44,229.81,1,-1,-1,-1
2075,4265,970.79,331.41,258.78,225.55,1,-1,-1,-1
2076,4265,967.94,322.74,253.90,221.63,1,-1,-1,-1
2077,4265,966.18,314.20,249.97,219.44,1,-1,-1,-1
2078,4265,962.63,306.45,246.28,216.37,1,-1,-1,-1
2079,4265,961.23,299.54,241.54,213.25,1,-1,-1,-1
2080,4265,960.55,293.25,236.72,208.95,1,-1,-1,-1
2081,4265,959.62,288.33,232.43,204.20,1,-1,-1,-1
2082,4265,959.65,282.80,229.02,200.12,1,-1,-1,-1
2083,4265,958.42,275.53,226.27,196.51,1,-1,-1,-1
2084,4265,957.21,268.69,223.25,193.27,1,-1,-1,-1
2085,4265,958.09,263.68,219.34,189.70,1,-1,-1,-1
2086,4265,958.80,259.32,216.10,187.01,1,-1,-1,-1
2087,4265,958.29,254.28,213.55,184.82,1,-1,-1,-1
2088,4265,958.33,249.32,211.16,182.22,1,-1,-1,-1
2089,4265,959.16,244.85,207.03,179.36,1,-1,-1,-1
2090,4265,959.89,240.42,203.47,176.96,1,-1,-1,-1
2091,4265,960.68,234.81,200.11,175.49,1,-1,-1,-1
2092,4265,961.57,230.55,197.69,174.10,1,-1,-1,-1
2093,4265,961.88,226.28,195.23,172.68,1,-1,-1,-1
2094,4265,962.16,222.20,192.63,171.12,1,-1,-1,-1
2095,4265,962.74,219.04,189.27,168.96,1,-1,-1,-1
2096,4265,963.89,215.34,186.54,166.97,1,-1,-1,-1
2097,4265,965.19,212.83,183.82,165.02,1,-1,-1,-1
2098,4265,965.63,210.06,181.86,163.00,1,-1,-1,-1
2099,4265,965.75,207.25,180.44,161.31,1,-1,-1,-1
2100,4265,966.12,203.75,178.35,159.20,1,-1,-1,-1
2101,4265,965.49,199.98,176.38,157.47,1,-1,-1,-1
2102,4265,964.57,195.99,175.15,155.92,1,-1,-1,-1
2103,4265,963.19,192.40,174.02,154.07,1,-1,-1,-1
2104,4265,962.86,189.13,172.03,151.92,1,-1,-1,-1
2105,4265,962.55,185.99,170.57,150.61,1,-1,-1,-1
2106,4265,961.32,182.58,169.24,149.63,1,-1,-1,-1
2107,4265,959.97,179.17,168.01,148.29,1,-1,-1,-1
2108,4265,958.29,176.35,167.30,146.83,1,-1,-1,-1
2109,4265,956.30,173.63,166.28,145.78,1,-1,-1,-1
2110,4265,954.75,171.51,164.60,144.29,1,-1,-1,-1
2111,4265,952.75,168.42,162.55,142.29,1,-1,-1,-1
2112,4265,950.45,165.69,160.85,140.50,1,-1,-1,-1
2113,4265,948.75,162.73,158.76,138.38,1,-1,-1,-1
2114,4265,947.51,160.20,156.68,136.57,1,-1,-1,-1
2115,4265,945.23,157.13,155.32,135.70,1,-1,-1,-1
2116,4265,943.44,155.10,154.01,134.08,1,-1,-1,-1
2117,4265,941.05,153.23,153.26,132.89,1,-1,-1,-1
2118,4265,938.41,150.85,152.57,132.09,1,-1,-1,-1
2119,4265,935.61,148.79,151.90,131.71,1,-1,-1,-1
2120,4265,932.97,146.86,151.19,131.13,1,-1,-1,-1
2121,4265,930.71,144.89,150.40,130.58,1,-1,-1,-1
2122,4265,927.96,143.04,149.98,129.80,1,-1,-1,-1
2123,4265,926.32,141.04,148.86,128.95,1,-1,-1,-1
2124,4265,925.17,139.15,146.84,127.75,1,-1,-1,-1
2125,4265,923.62,137.32,145.72,126.65,1,-1,-1,-1
2126,4265,922.49,136.05,144.25,125.18,1,-1,-1,-1
2127,4265,921.29,133.99,143.00,123.68,1,-1,-1,-1
2128,4265,919.70,132.56,141.77,122.63,1,-1,-1,-1
2129,4265,918.53,132.08,140.64,121.35,1,-1,-1,-1
2130,4265,917.00,131.09,139.66,120.50,1,-1,-1,-1
2131,4265,915.30,130.02,138.74,119.63,1,-1,-1,-1
2132,4265,914.05,128.25,137.65,118.96,1,-1,-1,-1
2133,4265,912.84,125.99,136.41,118.55,1,-1,-1,-1
2134,4265,911.74,124.48,135.03,117.74,1,-1,-1,-1
2135,4265,910.99,122.07,133.32,117.03,1,-1,-1,-1
2136,4265,909.20,119.67,132.08,116.48,1,-1,-1,-1
2137,4265,907.15,117.09,131.28,115.99,1,-1,-1,-1
2138,4265,905.18,114.75,130.76,115.58,1,-1,-1,-1
2139,4265,903.72,112.42,130.25,115.45,1,-1,-1,-1
2140,4265,902.38,110.45,129.35,115.01,1,-1,-1,-1
2141,4265,901.00,108.36,128.57,114.66,1,-1,-1,-1
