193,3505,514.29,1095.67,735.24,485.35,1,-1,-1,-1
194,3505,731.09,1097.02,637.40,422.30,1,-1,-1,-1
195,3505,916.42,1102.05,544.74,364.71,1,-1,-1,-1
196,3505,1066.69,1110.22,460.83,311.67,1,-1,-1,-1
197,3505,1194.05,1116.20,383.40,260.75,1,-1,-1,-1
585,3507,1630.61,927.52,123.67,113.73,1,-1,-1,-1
586,3507,1627.23,928.46,125.05,114.86,1,-1,-1,-1
587,3507,1623.97,930.23,126.05,115.76,1,-1,-1,-1
588,3507,1621.56,931.78,126.73,115.92,1,-1,-1,-1
589,3507,1620.15,934.41,126.47,115.39,1,-1,-1,-1
590,3507,1618.18,936.73,127.16,115.71,1,-1,-1,-1
591,3507,1615.45,938.63,127.73,116.06,1,-1,-1,-1
592,3507,1612.27,940.26,128.28,116.06,1,-1,-1,-1
593,3507,1608.40,942.80,128.71,115.58,1,-1,-1,-1
594,3507,1604.71,945.05,129.84,116.02,1,-1,-1,-1
595,3507,1599.49,946.72,131.73,116.94,1,-1,-1,-1
596,3507,1592.86,948.14,133.72,117.68,1,-1,-1,-1
597,3507,1587.24,949.65,135.75,118.92,1,-1,-1,-1
598,3507,1580.74,950.81,137.77,120.56,1,-1,-1,-1
599,3507,1574.56,951.77,140.11,122.24,1,-1,-1,-1
600,3507,1566.17,952.18,143.82,124.77,1,-1,-1,-1
601,3507,1557.05,952.83,147.63,126.91,1,-1,-1,-1
602,3507,1547.75,953.88,150.63,128.97,1,-1,-1,-1
603,3507,1538.93,954.53,153.07,131.37,1,-1,-1,-1
604,3507,1529.31,955.19,155.25,134.19,1,-1,-1,-1
605,3507,1518.58,956.11,157.45,136.89,1,-1,-1,-1
606,3507,1507.83,956.73,160.69,139.61,1,-1,-1,-1
607,3507,1494.58,958.01,164.84,142.69,1,-1,-1,-1
608,3507,1481.22,959.30,168.70,145.73,1,-1,-1,-1
609,3507,1466.05,959.55,172.19,147.92,1,-1,-1,-1
610,3507,1449.83,959.68,176.12,151.14,1,-1,-1,-1
611,3507,1432.17,960.25,180.46,154.30,1,-1,-1,-1
612,3507,1410.07,961.70,185.96,158.28,1,-1,-1,-1
613,3507,1388.52,961.05,192.40,163.47,1,-1,-1,-1
614,3507,1366.42,961.00,199.81,168.12,1,-1,-1,-1
615,3507,1341.64,961.20,207.28,173.13,1,-1,-1,-1
616,3507,1315.76,959.76,213.84,178.13,1,-1,-1,-1
617,3507,1283.24,959.50,224.10,183.01,1,-1,-1,-1
618,3507,1246.55,957.91,235.64,188.61,1,-1,-1,-1
619,3507,1208.44,957.21,246.78,192.81,1,-1,-1,-1
620,3508,1638.16,922.53,124.81,110.98,1,-1,-1,-1
620,3507,1163.42,956.25,259.10,197.69,1,-1,-1,-1
621,3508,1638.72,924.15,126.15,111.97,1,-1,-1,-1
621,3507,1115.21,954.55,272.76,202.89,1,-1,-1,-1
622,3508,1637.59,925.40,127.41,113.44,1,-1,-1,-1
622,3507,1064.99,952.01,288.25,208.18,1,-1,-1,-1
623,3508,1635.08,926.10,128.86,115.12,1,-1,-1,-1
623,3507,1011.12,947.37,306.84,215.78,1,-1,-1,-1
624,3508,1631.82,927.21,129.57,115.70,1,-1,-1,-1
624,3507,951.34,942.86,326.15,223.97,1,-1,-1,-1
625,3508,1629.30,927.52,131.07,117.38,1,-1,-1,-1
625,3507,876.61,937.24,349.50,234.22,1,-1,-1,-1
626,3508,1626.56,928.23,131.70,118.44,1,-1,-1,-1
626,3507,793.44,931.87,376.80,245.56,1,-1,-1,-1
627,3508,1623.82,929.62,131.72,118.81,1,-1,-1,-1
627,3507,700.42,924.18,406.10,259.96,1,-1,-1,-1
628,3508,1621.09,931.27,131.82,119.05,1,-1,-1,-1
628,3507,591.46,916.78,434.67,272.73,1,-1,-1,-1
629,3508,1618.06,933.82,132.08,119.60,1,-1,-1,-1
629,3507,470.90,906.87,468.38,287.20,1,-1,-1,-1
630,3508,1614.84,936.93,132.75,119.92,1,-1,-1,-1
630,3507,328.71,898.03,511.83,305.62,1,-1,-1,-1
631,3508,1610.03,940.07,133.21,120.13,1,-1,-1,-1
631,3507,168.92,887.21,557.49,323.28,1,-1,-1,-1
632,3508,1605.05,942.08,133.89,120.07,1,-1,-1,-1
632,3507,47.01,875.05,579.31,341.20,1,-1,-1,-1
633,3508,1599.71,943.50,134.92,120.98,1,-1,-1,-1
634,3508,1592.37,945.37,137.38,121.65,1,-1,-1,-1
635,3508,1585.89,946.84,138.74,122.35,1,-1,-1,-1
636,3508,1580.76,948.03,140.56,123.98,1,-1,-1,-1
637,3508,1573.72,948.80,143.13,125.66,1,-1,-1,-1
638,3508,1566.02,950.01,145.86,127.37,1,-1,-1,-1
639,3508,1557.82,950.78,149.08,129.18,1,-1,-1,-1
640,3508,1548.78,951.45,151.56,131.00,1,-1,-1,-1
641,3508,1538.93,952.35,154.30,133.54,1,-1,-1,-1
642,3508,1528.76,952.04,156.77,136.23,1,-1,-1,-1
643,3508,1517.83,953.54,159.87,139.35,1,-1,-1,-1
644,3508,1505.56,955.11,163.38,141.81,1,-1,-1,-1
645,3508,1492.17,956.38,166.58,144.63,1,-1,-1,-1
646,3508,1477.07,957.64,171.18,147.58,1,-1,-1,-1
647,3508,1462.08,957.44,174.25,149.36,1,-1,-1,-1
648,3508,1444.54,958.05,178.48,152.48,1,-1,-1,-1
649,3508,1425.66,959.13,183.76,155.77,1,-1,-1,-1
650,3508,1403.86,960.42,188.55,158.65,1,-1,-1,-1
651,3508,1379.93,961.03,196.64,163.12,1,-1,-1,-1
652,3508,1354.86,961.02,204.71,166.95,1,-1,-1,-1
653,3508,1328.05,960.66,214.45,172.39,1,-1,-1,-1
654,3508,1296.77,960.59,224.46,177.89,1,-1,-1,-1
655,3508,1258.99,958.13,237.50,184.73,1,-1,-1,-1
656,3508,1219.81,956.83,252.17,191.14,1,-1,-1,-1
657,3508,1174.10,955.82,265.97,195.95,1,-1,-1,-1
658,3509,1628.94,920.22,122.97,110.14,1,-1,-1,-1
658,3508,1121.92,953.31,281.39,200.76,1,-1,-1,-1
659,3509,1627.06,921.27,124.71,111.25,1,-1,-1,-1
659,3508,1067.59,950.02,299.97,207.12,1,-1,-1,-1
660,3509,1625.12,922.31,125.48,112.21,1,-1,-1,-1
660,3508,1010.43,946.48,320.93,213.80,1,-1,-1,-1
661,3509,1622.94,924.39,125.85,113.10,1,-1,-1,-1
661,3508,948.08,942.42,343.94,221.07,1,-1,-1,-1
662,3509,1620.10,926.12,127.23,114.14,1,-1,-1,-1
662,3508,871.60,936.61,372.00,230.13,1,-1,-1,-1
663,3509,1617.70,927.16,128.58,115.25,1,-1,-1,-1
663,3508,781.50,930.53,403.53,241.89,1,-1,-1,-1
664,3509,1615.06,928.53,129.77,115.86,1,-1,-1,-1
664,3508,681.91,923.49,438.23,254.11,1,-1,-1,-1
665,3509,1611.42,929.44,130.93,116.44,1,-1,-1,-1
665,3508,564.21,916.73,475.15,266.88,1,-1,-1,-1
666,3509,1608.56,930.35,131.58,116.66,1,-1,-1,-1
666,3508,434.54,905.48,517.34,280.63,1,-1,-1,-1
667,3509,1605.64,932.20,132.28,117.18,1,-1,-1,-1
667,3508,284.28,894.73,566.04,296.04,1,-1,-1,-1
668,3509,1603.59,933.70,132.82,117.71,1,-1,-1,-1
668,3508,121.41,884.70,620.95,315.42,1,-1,-1,-1
669,3509,1600.61,935.32,132.99,117.94,1,-1,-1,-1
669,3508,23.31,869.32,633.19,332.17,1,-1,-1,-1
670,3509,1597.46,937.02,133.71,118.49,1,-1,-1,-1
670,3508,-39.55,870.53,601.16,336.25,1,-1,-1,-1
671,3509,1593.07,939.12,134.36,119.03,1,-1,-1,-1
672,3509,1588.30,941.98,135.70,120.05,1,-1,-1,-1
673,3509,1583.92,944.10,137.10,121.25,1,-1,-1,-1
674,3509,1578.55,944.65,138.85,122.88,1,-1,-1,-1
675,3509,1571.61,943.97,141.72,125.36,1,-1,-1,-1
676,3509,1564.46,944.48,144.65,127.77,1,-1,-1,-1
677,3509,1554.52,945.36,147.74,130.16,1,-1,-1,-1
678,3509,1546.08,946.63,151.03,132.28,1,-1,-1,-1
679,3509,1537.49,948.26,154.30,135.13,1,-1,-1,-1
680,3509,1526.31,948.64,157.93,137.44,1,-1,-1,-1
681,3509,1514.44,949.65,160.67,139.68,1,-1,-1,-1
682,3509,1503.65,951.91,163.60,141.08,1,-1,-1,-1
683,3509,1490.72,953.48,167.72,143.39,1,-1,-1,-1
684,3509,1476.09,953.68,172.07,146.11,1,-1,-1,-1
685,3509,1461.80,953.88,175.22,148.35,1,-1,-1,-1
686,3509,1446.37,954.06,179.68,151.82,1,-1,-1,-1
687,3509,1428.93,953.81,185.29,155.62,1,-1,-1,-1
688,3509,1407.73,954.37,189.49,158.94,1,-1,-1,-1
689,3509,1383.56,955.22,197.36,164.23,1,-1,-1,-1
690,3509,1359.12,956.28,205.68,168.55,1,-1,-1,-1
691,3509,1333.05,956.13,214.47,173.34,1,-1,-1,-1
692,3509,1305.91,954.60,223.27,178.01,1,-1,-1,-1
693,3509,1274.44,953.03,233.21,182.22,1,-1,-1,-1
694,3509,1236.81,950.73,245.27,187.06,1,-1,-1,-1
695,3509,1199.37,948.36,258.66,192.73,1,-1,-1,-1
696,3509,1156.80,946.38,270.85,196.90,1,-1,-1,-1
697,3509,1108.14,942.76,284.21,203.04,1,-1,-1,-1
698,3509,1055.30,939.83,301.59,209.19,1,-1,-1,-1
699,3509,1000.11,937.74,321.51,215.42,1,-1,-1,-1
700,3509,940.09,934.57,343.44,222.87,1,-1,-1,-1
701,3509,869.31,930.43,370.22,231.50,1,-1,-1,-1
702,3509,788.68,924.10,397.40,243.03,1,-1,-1,-1
703,3509,697.96,916.58,429.25,256.62,1,-1,-1,-1
704,3509,593.16,908.31,464.71,270.58,1,-1,-1,-1
705,3509,474.08,898.02,501.90,285.09,1,-1,-1,-1
706,3509,340.76,888.38,549.05,301.29,1,-1,-1,-1
707,3509,188.45,879.17,596.00,318.20,1,-1,-1,-1
708,3509,63.82,866.64,629.74,337.60,1,-1,-1,-1
709,3509,-11.02,851.54,620.71,353.07,1,-1,-1,-1
710,3509,-62.66,851.02,572.84,356.98,1,-1,-1,-1
742,3510,40.63,936.40,994.61,719.80,1,-1,-1,-1
743,3510,149.23,940.62,983.89,663.97,1,-1,-1,-1
744,3510,289.39,948.39,940.11,618.46,1,-1,-1,-1
745,3510,426.82,949.20,883.13,576.03,1,-1,-1,-1
746,3510,557.84,961.22,813.75,533.75,1,-1,-1,-1
747,3510,675.95,972.72,748.62,495.34,1,-1,-1,-1
748,3510,788.92,981.81,685.12,461.62,1,-1,-1,-1
749,3510,885.94,991.21,628.05,430.77,1,-1,-1,-1
750,3510,969.10,1001.29,579.91,401.77,1,-1,-1,-1
751,3510,1048.11,1010.09,533.78,373.27,1,-1,-1,-1
752,3510,1118.40,1016.96,492.27,347.97,1,-1,-1,-1
753,3510,1180.17,1023.45,449.84,320.18,1,-1,-1,-1
754,3510,1239.36,1031.18,407.52,293.80,1,-1,-1,-1
755,3510,1293.92,1037.26,369.09,268.09,1,-1,-1,-1
756,3510,1344.32,1044.48,331.61,244.05,1,-1,-1,-1
757,3510,1390.30,1050.34,297.64,223.08,1,-1,-1,-1
758,3510,1431.58,1055.27,265.83,202.76,1,-1,-1,-1
941,3512,42.43,1193.18,953.28,765.49,1,-1,-1,-1
942,3512,54.26,1201.14,1047.38,761.36,1,-1,-1,-1
943,3512,72.57,1210.87,1132.21,749.71,1,-1,-1,-1
944,3512,181.75,1220.26,1158.71,728.64,1,-1,-1,-1
945,3512,305.90,1226.52,1166.28,702.96,1,-1,-1,-1
946,3512,437.95,1235.34,1155.87,674.36,1,-1,-1,-1
947,3512,576.12,1246.38,1128.23,643.82,1,-1,-1,-1
948,3512,710.68,1265.70,1092.27,614.39,1,-1,-1,-1
949,3512,841.96,1287.79,1049.77,585.53,1,-1,-1,-1
950,3512,960.85,1307.13,1006.19,559.60,1,-1,-1,-1
951,3512,1074.85,1330.30,964.19,537.06,1,-1,-1,-1
952,3512,1189.53,1354.29,921.87,516.62,1,-1,-1,-1
953,3512,1302.70,1376.81,883.76,498.55,1,-1,-1,-1
954,3512,1403.90,1396.55,855.03,485.40,1,-1,-1,-1
955,3512,1503.45,1415.04,828.19,474.09,1,-1,-1,-1
956,3512,1605.86,1433.32,807.97,464.15,1,-1,-1,-1
957,3512,1701.79,1448.27,790.48,457.40,1,-1,-1,-1
958,3512,1789.29,1464.88,774.63,452.10,1,-1,-1,-1
959,3512,1861.00,1482.41,738.58,442.46,1,-1,-1,-1
960,3512,1929.02,1503.06,688.89,428.45,1,-1,-1,-1
961,3512,1995.75,1524.35,630.96,410.82,1,-1,-1,-1
962,3512,2057.21,1545.70,571.03,390.75,1,-1,-1,-1
963,3512,2123.36,1568.66,506.43,368.07,1,-1,-1,-1
977,3515,1659.20,921.66,126.17,116.12,1,-1,-1,-1
978,3515,1660.46,922.21,126.39,116.51,1,-1,-1,-1
979,3515,1661.61,922.72,126.00,116.63,1,-1,-1,-1
980,3515,1662.77,923.77,126.10,116.87,1,-1,-1,-1
981,3515,1662.87,924.98,126.06,116.78,1,-1,-1,-1
982,3515,1663.03,925.59,125.88,116.88,1,-1,-1,-1
983,3515,1663.02,926.29,126.02,117.19,1,-1,-1,-1
984,3515,1662.52,926.86,126.55,117.41,1,-1,-1,-1
985,3515,1661.83,927.09,127.31,117.93,1,-1,-1,-1
986,3515,1660.85,927.58,128.12,118.19,1,-1,-1,-1
987,3515,1659.41,928.17,129.67,118.59,1,-1,-1,-1
988,3515,1658.29,928.54,131.10,119.03,1,-1,-1,-1
989,3515,1656.95,928.06,131.95,119.96,1,-1,-1,-1
990,3515,1655.86,928.44,132.36,120.60,1,-1,-1,-1
991,3515,1654.54,928.50,133.00,121.56,1,-1,-1,-1
992,3515,1653.43,929.00,134.28,122.76,1,-1,-1,-1
993,3515,1651.58,928.59,135.84,124.09,1,-1,-1,-1
994,3515,1649.65,928.66,137.45,125.26,1,-1,-1,-1
995,3515,1647.24,928.89,138.80,126.24,1,-1,-1,-1
996,3515,1644.30,930.08,139.94,126.70,1,-1,-1,-1
997,3515,1642.19,930.30,140.73,127.87,1,-1,-1,-1
998,3515,1638.69,930.02,141.66,129.10,1,-1,-1,-1
999,3515,1634.82,930.73,141.64,129.08,1,-1,-1,-1
1000,3515,1630.82,932.37,141.77,128.58,1,-1,-1,-1
1001,3515,1628.62,933.57,142.38,128.39,1,-1,-1,-1
1002,3515,1626.37,934.31,142.80,128.45,1,-1,-1,-1
1003,3515,1622.76,937.10,143.09,128.22,1,-1,-1,-1
1004,3515,1620.08,938.95,143.68,128.51,1,-1,-1,-1
1005,3515,1616.70,939.42,144.66,129.68,1,-1,-1,-1
1006,3515,1613.94,939.79,145.29,130.74,1,-1,-1,-1
1007,3515,1610.61,939.79,146.06,132.07,1,-1,-1,-1
1008,3515,1607.56,938.63,146.96,133.85,1,-1,-1,-1
1009,3515,1603.89,938.58,147.91,134.90,1,-1,-1,-1
1010,3515,1600.26,938.65,148.89,136.03,1,-1,-1,-1
1011,3515,1596.23,939.76,150.39,136.62,1,-1,-1,-1
1012,3515,1592.25,939.79,151.71,137.28,1,-1,-1,-1
1013,3515,1587.70,940.31,153.40,138.61,1,-1,-1,-1
1014,3515,1582.75,941.09,155.14,139.76,1,-1,-1,-1
1015,3515,1577.20,940.96,157.00,142.32,1,-1,-1,-1
1016,3515,1571.70,939.78,159.15,145.14,1,-1,-1,-1
1017,3515,1565.77,938.03,161.09,147.54,1,-1,-1,-1
1018,3515,1560.46,937.79,162.94,148.80,1,-1,-1,-1
1019,3515,1554.51,938.19,165.93,150.76,1,-1,-1,-1
1020,3515,1548.45,937.59,168.90,153.38,1,-1,-1,-1
1021,3515,1542.37,937.99,171.85,155.44,1,-1,-1,-1
1022,3515,1536.08,938.49,174.65,157.21,1,-1,-1,-1
1023,3515,1529.65,939.78,176.76,158.41,1,-1,-1,-1
1024,3515,1522.51,940.64,179.06,159.11,1,-1,-1,-1
1025,3515,1514.17,942.32,181.72,160.14,1,-1,-1,-1
1026,3515,1505.06,941.95,185.45,162.65,1,-1,-1,-1
1027,3515,1495.78,942.00,188.43,164.70,1,-1,-1,-1
1028,3515,1485.81,941.47,191.28,167.51,1,-1,-1,-1
1029,3515,1476.27,942.55,193.67,169.73,1,-1,-1,-1
1030,3515,1466.03,941.44,197.21,173.17,1,-1,-1,-1
1031,3515,1456.71,941.51,200.98,175.37,1,-1,-1,-1
1032,3515,1445.31,942.17,205.77,176.81,1,-1,-1,-1
1033,3515,1432.22,941.91,210.53,179.70,1,-1,-1,-1
1034,3515,1417.97,940.79,215.93,183.72,1,-1,-1,-1
1035,3515,1403.90,941.57,221.65,186.58,1,-1,-1,-1
1036,3515,1389.56,940.60,227.88,190.38,1,-1,-1,-1
1037,3515,1372.56,938.00,233.95,195.72,1,-1,-1,-1
1038,3515,1355.26,937.46,239.23,200.39,1,-1,-1,-1
1039,3515,1337.27,936.22,245.81,204.50,1,-1,-1,-1
1040,3515,1321.23,935.50,251.71,207.91,1,-1,-1,-1
1041,3515,1298.54,935.40,261.91,211.92,1,-1,-1,-1
1042,3515,1274.36,933.90,272.69,215.77,1,-1,-1,-1
1043,3515,1248.55,932.98,284.80,220.42,1,-1,-1,-1
1044,3515,1224.04,930.90,295.21,226.68,1,-1,-1,-1
1045,3515,1195.92,928.28,306.32,231.96,1,-1,-1,-1
1046,3515,1167.24,926.02,319.24,238.42,1,-1,-1,-1
1047,3515,1131.79,922.84,334.68,244.91,1,-1,-1,-1
1048,3515,1093.83,920.46,348.68,251.31,1,-1,-1,-1
1049,3515,1057.88,919.02,363.94,257.87,1,-1,-1,-1
1050,3515,1016.10,917.49,382.13,265.81,1,-1,-1,-1
1051,3515,974.18,913.72,402.09,275.51,1,-1,-1,-1
1052,3515,931.66,909.67,423.34,284.71,1,-1,-1,-1
1053,3515,877.70,905.94,448.00,295.86,1,-1,-1,-1
1054,3515,821.92,900.58,472.09,307.76,1,-1,-1,-1
1055,3515,760.79,893.34,498.62,321.69,1,-1,-1,-1
1056,3515,693.66,884.72,527.80,336.13,1,-1,-1,-1
1057,3515,615.59,874.73,560.99,350.32,1,-1,-1,-1
1058,3515,534.54,863.78,592.52,364.28,1,-1,-1,-1
1059,3515,440.10,852.14,627.23,378.09,1,-1,-1,-1
1060,3515,337.10,843.36,668.22,393.57,1,-1,-1,-1
1061,3515,223.01,835.87,714.09,408.42,1,-1,-1,-1
1062,3515,65.97,814.53,731.25,437.07,1,-1,-1,-1
1082,3516,2114.95,1433.98,431.83,376.27,1,-1,-1,-1
1083,3516,2084.43,1420.30,458.08,384.74,1,-1,-1,-1
1084,3516,2052.71,1400.33,485.00,386.64,1,-1,-1,-1
1085,3516,2017.76,1382.91,516.62,392.14,1,-1,-1,-1
1086,3516,1975.39,1361.36,554.33,397.26,1,-1,-1,-1
1087,3516,1927.45,1341.40,586.74,390.08,1,-1,-1,-1
1088,3516,1874.74,1319.70,606.07,384.80,1,-1,-1,-1
1089,3516,1814.36,1298.37,615.37,376.92,1,-1,-1,-1
1090,3516,1753.47,1279.16,617.65,367.58,1,-1,-1,-1
1091,3516,1695.83,1262.53,617.16,360.32,1,-1,-1,-1
1092,3516,1633.48,1243.47,616.81,356.99,1,-1,-1,-1
1093,3516,1571.00,1223.27,618.14,354.01,1,-1,-1,-1
1094,3516,1509.63,1202.49,621.02,352.29,1,-1,-1,-1
1095,3516,1447.44,1181.27,621.19,348.51,1,-1,-1,-1
1096,3516,1383.66,1161.87,623.10,344.73,1,-1,-1,-1
1097,3516,1316.18,1145.67,626.58,341.80,1,-1,-1,-1
1098,3516,1248.06,1126.99,633.04,342.80,1,-1,-1,-1
1099,3516,1176.00,1112.59,642.31,342.83,1,-1,-1,-1
1100,3516,1103.33,1095.39,650.89,342.72,1,-1,-1,-1
1101,3516,1028.67,1077.48,660.78,345.48,1,-1,-1,-1
1102,3516,953.60,1065.40,670.38,347.93,1,-1,-1,-1
1103,3516,875.21,1050.95,676.30,350.30,1,-1,-1,-1
1104,3516,791.99,1035.89,683.28,351.73,1,-1,-1,-1
1105,3516,705.13,1021.22,692.22,353.36,1,-1,-1,-1
1106,3516,615.67,1006.35,703.88,355.60,1,-1,-1,-1
1107,3516,522.37,992.04,722.61,360.69,1,-1,-1,-1
1108,3516,419.22,979.54,743.02,366.31,1,-1,-1,-1
1109,3516,307.86,967.36,764.13,372.96,1,-1,-1,-1
1110,3516,185.22,955.68,789.88,379.78,1,-1,-1,-1
1111,3516,63.75,944.22,817.70,389.45,1,-1,-1,-1
1112,3516,-9.22,932.06,817.87,400.86,1,-1,-1,-1
1113,3516,-53.49,922.03,788.83,410.61,1,-1,-1,-1
1114,3516,-83.94,912.85,735.97,416.55,1,-1,-1,-1
1115,3516,-106.18,912.07,662.72,418.37,1,-1,-1,-1
1265,3520,78.15,1008.51,980.05,777.42,1,-1,-1,-1
1266,3520,239.02,1007.98,951.46,703.48,1,-1,-1,-1
1267,3520,418.51,1010.35,888.42,636.21,1,-1,-1,-1
1268,3520,582.11,1015.58,811.54,574.35,1,-1,-1,-1
1269,3520,731.16,1025.12,733.42,522.59,1,-1,-1,-1
1270,3520,864.85,1034.07,656.56,473.71,1,-1,-1,-1
1271,3520,976.57,1043.98,588.35,429.41,1,-1,-1,-1
1272,3520,1074.49,1050.15,529.54,389.53,1,-1,-1,-1
1273,3520,1161.95,1055.60,470.38,351.08,1,-1,-1,-1
1274,3520,1240.08,1065.42,415.12,313.11,1,-1,-1,-1
1275,3520,1307.68,1072.75,365.23,279.23,1,-1,-1,-1
1276,3520,1368.28,1080.11,318.92,246.77,1,-1,-1,-1
1277,3520,1423.57,1085.15,275.26,215.64,1,-1,-1,-1
1360,3522,1627.40,932.65,126.22,110.74,1,-1,-1,-1
1361,3522,1624.88,934.68,126.94,111.35,1,-1,-1,-1
1362,3522,1621.02,936.14,127.99,112.28,1,-1,-1,-1
1363,3522,1618.64,938.76,129.01,112.80,1,-1,-1,-1
1364,3522,1616.28,941.21,130.44,114.25,1,-1,-1,-1
1365,3522,1611.52,943.82,132.40,115.90,1,-1,-1,-1
1366,3522,1606.09,945.59,134.51,117.94,1,-1,-1,-1
1367,3522,1600.01,946.36,136.67,120.48,1,-1,-1,-1
1368,3522,1593.69,947.99,138.39,122.58,1,-1,-1,-1
1369,3522,1586.33,949.73,140.66,125.07,1,-1,-1,-1
1370,3522,1578.20,950.53,143.43,128.42,1,-1,-1,-1
1371,3522,1569.86,951.49,146.32,131.59,1,-1,-1,-1
1372,3522,1562.15,951.76,149.60,134.52,1,-1,-1,-1
1373,3522,1551.86,952.97,153.37,137.10,1,-1,-1,-1
1374,3522,1540.15,954.66,157.43,140.33,1,-1,-1,-1
1375,3522,1528.29,955.66,161.44,144.04,1,-1,-1,-1
1376,3522,1514.02,956.52,165.63,147.71,1,-1,-1,-1
1377,3522,1499.09,958.77,170.29,150.88,1,-1,-1,-1
1378,3522,1481.38,960.51,176.36,154.58,1,-1,-1,-1
1379,3522,1461.96,961.36,183.43,159.53,1,-1,-1,-1
1380,3522,1441.60,961.27,190.44,164.01,1,-1,-1,-1
1381,3522,1416.87,962.06,197.06,168.44,1,-1,-1,-1
1382,3522,1390.20,962.99,203.66,172.31,1,-1,-1,-1
1383,3522,1359.16,963.99,213.59,177.25,1,-1,-1,-1
1384,3522,1328.83,962.98,225.13,183.82,1,-1,-1,-1
1385,3522,1293.77,962.91,234.98,188.12,1,-1,-1,-1
1386,3522,1252.80,961.33,247.45,193.39,1,-1,-1,-1
1387,3522,1209.06,960.66,262.07,198.24,1,-1,-1,-1
1388,3522,1158.67,958.65,276.87,203.85,1,-1,-1,-1
1389,3522,1104.10,956.30,293.63,209.94,1,-1,-1,-1
1390,3522,1045.09,953.34,314.01,216.31,1,-1,-1,-1
1391,3522,981.76,950.19,336.90,224.91,1,-1,-1,-1
1392,3522,908.92,944.71,364.94,235.76,1,-1,-1,-1
1393,3522,828.44,939.73,392.46,246.36,1,-1,-1,-1
1394,3522,735.95,932.65,425.33,261.35,1,-1,-1,-1
1395,3522,632.62,926.61,460.28,277.27,1,-1,-1,-1
1396,3522,514.88,919.80,493.69,291.72,1,-1,-1,-1
1397,3522,386.33,910.73,538.47,310.35,1,-1,-1,-1
1398,3522,234.16,903.30,586.57,327.81,1,-1,-1,-1
1399,3522,88.71,894.63,636.75,348.46,1,-1,-1,-1
1400,3522,5.71,885.53,642.58,367.39,1,-1,-1,-1
1401,3522,-48.23,874.82,609.75,380.50,1,-1,-1,-1
1638,3530,423.80,1025.94,771.45,521.27,1,-1,-1,-1
1639,3530,631.85,1039.24,677.82,457.22,1,-1,-1,-1
1640,3530,807.00,1045.75,596.86,405.70,1,-1,-1,-1
1641,3530,952.32,1054.56,520.18,356.20,1,-1,-1,-1
1642,3530,1078.41,1065.10,447.47,308.95,1,-1,-1,-1
1643,3530,1185.68,1074.63,381.75,267.29,1,-1,-1,-1
1644,3530,1279.39,1080.75,317.52,226.23,1,-1,-1,-1
1790,3534,457.46,1027.26,801.68,594.05,1,-1,-1,-1
1791,3534,675.16,1034.01,696.11,516.40,1,-1,-1,-1
1792,3534,862.39,1045.52,597.14,451.12,1,-1,-1,-1
1793,3534,1008.01,1058.05,512.51,392.67,1,-1,-1,-1
1794,3534,1138.13,1069.90,434.01,337.98,1,-1,-1,-1
1795,3534,1247.55,1081.48,361.24,285.77,1,-1,-1,-1
1903,3538,4.49,472.62,458.96,361.47,1,-1,-1,-1
1904,3538,7.74,478.70,474.86,366.40,1,-1,-1,-1
1905,3538,10.29,483.37,490.43,369.42,1,-1,-1,-1
1906,3538,11.64,489.23,506.50,372.26,1,-1,-1,-1
1907,3538,12.85,491.55,519.91,375.97,1,-1,-1,-1
1908,3538,16.87,493.86,529.64,378.56,1,-1,-1,-1
1909,3538,24.90,499.83,536.76,379.42,1,-1,-1,-1
1910,3538,38.72,505.91,540.26,378.45,1,-1,-1,-1
1911,3538,53.24,508.21,543.58,379.44,1,-1,-1,-1
1912,3538,67.63,510.15,543.59,382.16,1,-1,-1,-1
1913,3538,81.00,515.06,542.42,382.94,1,-1,-1,-1
1914,3538,98.34,520.23,540.10,383.71,1,-1,-1,-1
1915,3538,113.07,526.81,537.90,384.39,1,-1,-1,-1
1916,3538,127.56,534.61,535.61,386.38,1,-1,-1,-1
1917,3538,141.10,541.56,533.74,386.40,1,-1,-1,-1
1918,3538,151.54,544.71,530.69,387.19,1,-1,-1,-1
1919,3538,162.10,547.39,526.78,386.78,1,-1,-1,-1
1920,3538,171.50,549.94,523.01,386.93,1,-1,-1,-1
1921,3538,178.38,555.79,520.55,385.11,1,-1,-1,-1
1922,3538,184.49,560.60,519.31,383.26,1,-1,-1,-1
1923,3538,192.76,563.34,517.44,383.51,1,-1,-1,-1
1924,3538,201.76,566.11,515.41,384.13,1,-1,-1,-1
1925,3538,209.11,567.35,513.59,385.09,1,-1,-1,-1
1926,3538,215.86,568.51,511.54,386.94,1,-1,-1,-1
1927,3538,220.00,569.01,509.70,389.31,1,-1,-1,-1
1928,3538,225.27,570.05,507.91,391.21,1,-1,-1,-1
1929,3538,230.06,570.38,507.28,393.02,1,-1,-1,-1
1930,3538,233.16,571.04,508.17,395.67,1,-1,-1,-1
1931,3538,237.12,571.94,507.84,398.39,1,-1,-1,-1
1932,3538,241.59,574.39,507.55,399.40,1,-1,-1,-1
1933,3538,244.67,578.94,508.40,400.47,1,-1,-1,-1
1934,3538,247.64,583.86,508.75,402.44,1,-1,-1,-1
1935,3538,255.28,586.24,508.38,406.29,1,-1,-1,-1
1936,3538,262.61,589.25,509.70,410.19,1,-1,-1,-1
1937,3538,270.23,592.93,508.71,413.14,1,-1,-1,-1
1938,3538,280.64,601.49,506.60,413.92,1,-1,-1,-1
1939,3538,293.11,611.07,505.90,415.81,1,-1,-1,-1
1940,3538,312.14,623.37,502.83,415.97,1,-1,-1,-1
1941,3538,330.17,634.42,501.08,415.17,1,-1,-1,-1
1942,3538,347.93,641.83,502.30,419.94,1,-1,-1,-1
1943,3538,366.79,653.43,501.91,419.80,1,-1,-1,-1
1944,3538,384.91,665.87,504.06,420.91,1,-1,-1,-1
1945,3538,403.17,677.53,506.98,422.15,1,-1,-1,-1
1946,3538,421.76,684.55,511.64,423.89,1,-1,-1,-1
1947,3538,440.12,694.90,517.58,424.92,1,-1,-1,-1
1948,3538,461.68,710.48,524.33,427.05,1,-1,-1,-1
1949,3538,487.26,733.28,531.92,427.19,1,-1,-1,-1
1950,3538,513.10,750.61,539.95,428.17,1,-1,-1,-1
1951,3538,544.54,765.27,547.48,427.86,1,-1,-1,-1
1952,3538,576.95,777.75,556.96,429.74,1,-1,-1,-1
1953,3538,607.40,787.17,565.31,435.31,1,-1,-1,-1
1954,3538,642.97,800.00,570.77,437.80,1,-1,-1,-1
1955,3538,680.37,815.33,575.42,441.68,1,-1,-1,-1
1956,3538,717.91,829.27,576.48,444.14,1,-1,-1,-1
1957,3538,758.60,841.64,576.90,446.36,1,-1,-1,-1
1958,3538,802.74,853.35,574.80,448.50,1,-1,-1,-1
1959,3538,852.17,862.06,574.34,450.74,1,-1,-1,-1
1960,3538,899.41,876.27,570.35,448.72,1,-1,-1,-1
1961,3538,943.03,886.00,567.60,447.20,1,-1,-1,-1
1962,3538,987.63,897.30,566.27,444.89,1,-1,-1,-1
1963,3538,1029.11,908.02,566.71,441.49,1,-1,-1,-1
1964,3538,1067.37,919.71,564.56,435.79,1,-1,-1,-1
1965,3538,1108.92,930.26,559.34,428.78,1,-1,-1,-1
1966,3538,1148.99,940.21,553.43,422.37,1,-1,-1,-1
1967,3538,1186.20,948.32,546.02,413.88,1,-1,-1,-1
1968,3538,1222.46,958.25,536.05,404.18,1,-1,-1,-1
1969,3538,1261.13,965.55,524.43,395.79,1,-1,-1,-1
1970,3538,1297.47,977.71,511.84,384.33,1,-1,-1,-1
1971,3538,1331.17,984.86,497.50,374.04,1,-1,-1,-1
1972,3538,1363.83,992.57,482.49,364.83,1,-1,-1,-1
1973,3538,1396.09,997.28,467.30,355.29,1,-1,-1,-1
1974,3538,1425.22,1004.65,452.02,346.50,1,-1,-1,-1
1975,3538,1454.22,1009.66,435.85,337.92,1,-1,-1,-1
1976,3538,1482.69,1015.12,419.95,329.08,1,-1,-1,-1
1977,3538,1515.40,1019.49,401.23,322.38,1,-1,-1,-1
1978,3538,1539.42,1023.78,386.32,314.57,1,-1,-1,-1
1979,3538,1562.70,1026.99,370.74,306.81,1,-1,-1,-1
1980,3538,1586.24,1031.44,356.41,299.34,1,-1,-1,-1
1981,3538,1606.80,1034.41,340.92,291.80,1,-1,-1,-1
1982,3538,1624.47,1036.73,326.78,284.06,1,-1,-1,-1
1983,3538,1639.29,1037.90,314.71,278.21,1,-1,-1,-1
1984,3538,1651.99,1038.08,302.06,271.98,1,-1,-1,-1
1985,3538,1665.08,1038.07,289.83,265.51,1,-1,-1,-1
1986,3538,1679.70,1037.54,278.22,258.82,1,-1,-1,-1
1987,3538,1691.51,1036.47,267.00,254.03,1,-1,-1,-1
1988,3538,1701.40,1032.04,258.12,249.76,1,-1,-1,-1
1989,3538,1710.04,1030.39,249.37,244.17,1,-1,-1,-1
1990,3538,1718.54,1029.08,240.94,238.09,1,-1,-1,-1
1991,3538,1726.54,1026.21,234.31,233.23,1,-1,-1,-1
1992,3538,1733.58,1024.78,228.21,227.50,1,-1,-1,-1
1993,3538,1739.29,1022.68,220.36,220.40,1,-1,-1,-1
1994,3538,1744.95,1020.28,214.44,214.50,1,-1,-1,-1
1995,3538,1748.75,1018.53,210.03,210.92,1,-1,-1,-1
1996,3538,1753.34,1016.90,205.73,207.09,1,-1,-1,-1
1997,3538,1758.99,1014.70,200.69,202.06,1,-1,-1,-1
1998,3538,1762.51,1012.74,196.07,197.14,1,-1,-1,-1
1999,3538,1764.54,1010.56,191.27,192.99,1,-1,-1,-1
2000,3538,1767.07,1007.88,187.08,188.18,1,-1,-1,-1
2001,3538,1770.00,1005.74,182.63,182.61,1,-1,-1,-1
2002,3538,1773.40,1000.87,178.95,177.77,1,-1,-1,-1
2003,3538,1775.57,997.47,174.96,174.19,1,-1,-1,-1
2004,3538,1777.28,993.77,171.60,171.13,1,-1,-1,-1
2005,3538,1778.29,991.92,167.58,167.73,1,-1,-1,-1
2006,3538,1779.37,991.58,164.22,165.19,1,-1,-1,-1
2007,3538,1779.18,989.37,162.18,163.65,1,-1,-1,-1
2008,3538,1778.14,988.20,158.60,160.20,1,-1,-1,-1
2009,3538,1779.15,986.26,156.43,158.41,1,-1,-1,-1
2010,3538,1777.90,985.13,154.52,156.59,1,-1,-1,-1
2011,3538,1774.95,983.08,152.46,154.35,1,-1,-1,-1
2012,3538,1773.92,981.99,150.03,152.53,1,-1,-1,-1
2013,3538,1772.99,981.23,146.40,149.57,1,-1,-1,-1
2014,3538,1772.05,979.06,143.81,147.65,1,-1,-1,-1
2015,3538,1769.37,976.72,142.76,146.01,1,-1,-1,-1
2016,3538,1766.58,974.39,141.84,145.39,1,-1,-1,-1
2017,3538,1762.60,972.52,141.66,144.75,1,-1,-1,-1
2018,3538,1760.17,971.59,139.36,142.23,1,-1,-1,-1
2019,3538,1758.98,971.07,136.92,139.46,1,-1,-1,-1
2020,3538,1757.07,969.64,134.24,136.82,1,-1,-1,-1
2021,3538,1757.36,968.52,131.74,134.09,1,-1,-1,-1
2022,3538,1757.54,968.00,128.32,131.03,1,-1,-1,-1
2023,3538,1758.51,967.36,125.65,128.01,1,-1,-1,-1
2024,3538,1758.16,966.03,124.83,125.98,1,-1,-1,-1
2025,3538,1758.28,965.12,124.62,123.77,1,-1,-1,-1
2026,3538,1757.78,964.68,124.23,121.87,1,-1,-1,-1
2030,3544,1313.23,947.52,269.17,223.57,1,-1,-1,-1
2031,3544,1289.26,945.96,279.74,229.36,1,-1,-1,-1
2032,3544,1259.88,945.02,292.07,234.37,1,-1,-1,-1
2033,3544,1228.44,944.81,304.28,238.78,1,-1,-1,-1
2034,3544,1196.27,943.84,316.11,243.60,1,-1,-1,-1
2035,3544,1164.42,943.64,327.80,246.55,1,-1,-1,-1
2036,3544,1125.66,941.95,340.94,250.48,1,-1,-1,-1
2037,3544,1084.03,940.68,355.66,256.12,1,-1,-1,-1
2038,3544,1040.92,937.74,372.93,264.10,1,-1,-1,-1
2039,3544,993.27,935.13,392.43,273.53,1,-1,-1,-1
2040,3544,945.24,929.58,414.24,283.36,1,-1,-1,-1
2041,3544,893.53,924.01,434.33,293.45,1,-1,-1,-1
2042,3544,832.19,918.55,457.90,305.96,1,-1,-1,-1
2043,3544,764.22,911.95,483.84,319.19,1,-1,-1,-1
2044,3544,695.43,904.67,508.02,331.35,1,-1,-1,-1
2045,3544,618.98,894.41,535.59,343.84,1,-1,-1,-1
2046,3544,533.76,884.88,564.90,356.77,1,-1,-1,-1
2047,3544,443.54,874.67,588.72,368.52,1,-1,-1,-1
2048,3544,342.68,863.20,621.18,382.27,1,-1,-1,-1
2049,3544,228.95,852.92,659.02,395.41,1,-1,-1,-1
2050,3544,103.92,843.93,702.60,409.64,1,-1,-1,-1
2051,3544,19.59,833.33,722.41,425.54,1,-1,-1,-1
2052,3544,-29.52,819.95,712.57,440.04,1,-1,-1,-1
2183,3550,1614.26,938.04,130.29,115.89,1,-1,-1,-1
2184,3550,1611.61,940.11,130.17,116.07,1,-1,-1,-1
2185,3550,1607.37,942.62,130.52,117.12,1,-1,-1,-1
2186,3550,1602.63,945.00,131.08,118.52,1,-1,-1,-1
2187,3550,1596.94,946.13,132.69,119.69,1,-1,-1,-1
2188,3550,1588.91,946.74,135.81,121.64,1,-1,-1,-1
2189,3550,1581.50,947.21,139.15,123.81,1,-1,-1,-1
2190,3550,1573.26,946.65,144.01,126.43,1,-1,-1,-1
2191,3550,1562.94,946.94,149.49,129.97,1,-1,-1,-1
2192,3550,1553.35,948.49,152.92,132.43,1,-1,-1,-1
2193,3550,1545.12,949.10,155.35,135.06,1,-1,-1,-1
2194,3550,1532.30,949.87,159.24,138.46,1,-1,-1,-1
2195,3550,1519.49,951.19,162.60,142.03,1,-1,-1,-1
2196,3550,1506.48,953.61,165.81,144.88,1,-1,-1,-1
2197,3550,1493.14,955.73,168.64,148.37,1,-1,-1,-1
2198,3550,1476.61,957.53,173.39,151.95,1,-1,-1,-1
2199,3550,1458.68,959.17,177.81,154.80,1,-1,-1,-1
2200,3550,1437.81,960.10,184.07,159.05,1,-1,-1,-1
2201,3550,1413.21,959.66,190.84,162.89,1,-1,-1,-1
2202,3550,1388.51,960.68,197.25,167.51,1,-1,-1,-1
2203,3550,1359.20,961.03,207.03,171.32,1,-1,-1,-1
2204,3550,1328.11,959.21,217.64,177.57,1,-1,-1,-1
2205,3550,1291.05,958.24,229.58,183.43,1,-1,-1,-1
2206,3550,1249.41,957.78,243.19,188.36,1,-1,-1,-1
2207,3550,1204.54,955.21,260.36,195.43,1,-1,-1,-1
2208,3550,1152.16,953.18,276.25,201.40,1,-1,-1,-1
2209,3550,1093.11,948.21,295.32,209.13,1,-1,-1,-1
2210,3550,1030.23,942.80,317.97,217.03,1,-1,-1,-1
2211,3550,962.15,938.38,342.92,225.58,1,-1,-1,-1
2212,3550,877.87,932.62,372.83,236.63,1,-1,-1,-1
2213,3550,786.26,923.96,403.68,249.57,1,-1,-1,-1
2214,3550,679.11,915.46,438.93,263.64,1,-1,-1,-1
2215,3550,549.27,905.67,475.51,276.49,1,-1,-1,-1
2216,3550,407.34,894.66,522.67,292.99,1,-1,-1,-1
2217,3550,235.57,879.73,576.60,311.46,1,-1,-1,-1
2218,3550,83.01,866.74,619.81,331.23,1,-1,-1,-1
2219,3550,-7.14,851.71,611.26,346.16,1,-1,-1,-1
