214,4271,913.58,1030.24,1526.11,777.41,1,-1,-1,-1
215,4271,1332.95,1075.79,1361.85,737.50,1,-1,-1,-1
216,4271,1741.32,1128.88,1066.18,671.71,1,-1,-1,-1
663,4284,1369.86,730.62,852.00,487.83,1,-1,-1,-1
664,4284,1096.89,711.49,882.14,486.02,1,-1,-1,-1
665,4284,839.16,699.93,896.20,480.32,1,-1,-1,-1
666,4284,587.60,682.08,894.01,469.38,1,-1,-1,-1
667,4284,355.29,664.19,880.13,451.09,1,-1,-1,-1
668,4284,137.11,655.08,862.35,432.46,1,-1,-1,-1
669,4284,-45.05,646.14,827.57,418.32,1,-1,-1,-1
670,4284,-131.81,636.07,738.23,400.33,1,-1,-1,-1
700,4287,1281.36,726.71,990.26,472.36,1,-1,-1,-1
701,4287,1024.64,712.84,1018.57,467.55,1,-1,-1,-1
702,4287,774.91,698.10,1025.34,456.33,1,-1,-1,-1
703,4287,534.49,679.46,1018.65,444.37,1,-1,-1,-1
704,4287,324.53,665.73,998.00,427.95,1,-1,-1,-1
705,4287,113.36,653.81,969.43,413.21,1,-1,-1,-1
706,4287,-51.24,642.11,925.60,399.51,1,-1,-1,-1
707,4287,-129.31,629.92,833.10,384.52,1,-1,-1,-1
708,4287,-167.69,618.51,709.54,367.48,1,-1,-1,-1
739,4293,1453.29,715.87,925.53,511.20,1,-1,-1,-1
740,4293,1199.90,717.63,977.19,497.10,1,-1,-1,-1
741,4293,942.75,703.11,1007.29,494.53,1,-1,-1,-1
742,4293,688.75,692.57,1019.34,479.03,1,-1,-1,-1
743,4293,444.62,671.16,1020.24,467.20,1,-1,-1,-1
744,4293,227.15,656.76,999.07,445.56,1,-1,-1,-1
745,4293,12.69,645.95,976.10,431.65,1,-1,-1,-1
746,4293,-102.92,633.00,907.53,417.70,1,-1,-1,-1
747,4293,-157.74,618.52,801.48,402.50,1,-1,-1,-1
758,4297,82.16,774.98,1556.82,920.31,1,-1,-1,-1
759,4297,172.23,789.26,1726.77,922.80,1,-1,-1,-1
760,4297,367.18,803.35,1814.99,921.05,1,-1,-1,-1
761,4297,607.23,801.28,1888.27,932.30,1,-1,-1,-1
762,4297,822.60,818.35,1841.58,926.37,1,-1,-1,-1
763,4297,1055.52,845.14,1687.51,883.56,1,-1,-1,-1
764,4297,1307.80,873.94,1480.14,850.30,1,-1,-1,-1
765,4297,1543.04,908.39,1260.64,817.68,1,-1,-1,-1
955,4310,58.88,970.22,1247.13,860.23,1,-1,-1,-1
956,4310,77.65,973.89,1410.16,864.56,1,-1,-1,-1
957,4310,126.99,995.16,1567.40,864.24,1,-1,-1,-1
958,4310,516.28,1038.99,1670.94,873.53,1,-1,-1,-1
959,4310,767.32,1061.20,1738.42,874.85,1,-1,-1,-1
960,4310,950.22,1081.37,1703.03,857.87,1,-1,-1,-1
961,4310,1110.34,1109.29,1607.44,832.38,1,-1,-1,-1
962,4310,1292.20,1136.30,1462.17,805.19,1,-1,-1,-1
963,4310,1486.69,1163.78,1289.23,779.32,1,-1,-1,-1
964,4310,1684.73,1198.03,1099.77,747.77,1,-1,-1,-1
1090,4312,1474.48,641.51,1024.63,668.14,1,-1,-1,-1
1091,4312,1301.26,626.16,1181.44,671.78,1,-1,-1,-1
1092,4312,1101.73,616.11,1247.82,664.97,1,-1,-1,-1
1093,4312,893.01,607.08,1297.26,665.10,1,-1,-1,-1
1094,4312,688.79,600.14,1313.33,647.20,1,-1,-1,-1
1095,4312,493.28,591.13,1320.62,634.15,1,-1,-1,-1
1096,4312,316.87,575.33,1309.41,622.99,1,-1,-1,-1
1097,4312,154.73,563.23,1277.64,608.51,1,-1,-1,-1
1098,4312,-9.00,554.97,1252.00,601.31,1,-1,-1,-1
1099,4312,-101.13,546.17,1184.59,590.57,1,-1,-1,-1
1100,4312,-142.85,538.92,1088.12,572.98,1,-1,-1,-1
1101,4312,-162.83,529.47,974.60,557.56,1,-1,-1,-1
1141,4315,1515.20,780.61,982.57,567.67,1,-1,-1,-1
1142,4315,1335.25,767.39,1039.17,552.23,1,-1,-1,-1
1143,4315,1156.13,762.47,1067.08,533.24,1,-1,-1,-1
1144,4315,973.73,748.53,1078.16,522.27,1,-1,-1,-1
1145,4315,790.35,735.04,1080.22,510.74,1,-1,-1,-1
1146,4315,606.46,720.88,1078.78,499.65,1,-1,-1,-1
1147,4315,435.85,710.15,1070.84,487.49,1,-1,-1,-1
1148,4315,277.23,699.84,1046.97,468.75,1,-1,-1,-1
1149,4315,118.90,688.12,1021.29,450.53,1,-1,-1,-1
1150,4315,-22.21,675.70,990.72,436.51,1,-1,-1,-1
1151,4315,-92.07,665.91,924.98,422.00,1,-1,-1,-1
1152,4315,-127.36,652.96,834.14,408.58,1,-1,-1,-1
1153,4315,-145.74,641.33,725.48,393.89,1,-1,-1,-1
1209,4320,1676.92,697.23,836.20,549.29,1,-1,-1,-1
1210,4320,1558.35,684.90,926.17,554.13,1,-1,-1,-1
1211,4320,1405.54,682.21,972.37,546.85,1,-1,-1,-1
1212,4320,1257.30,683.33,1001.82,539.69,1,-1,-1,-1
1213,4320,1100.88,679.51,1026.60,536.64,1,-1,-1,-1
1214,4320,942.92,675.46,1042.08,532.15,1,-1,-1,-1
1215,4320,791.95,669.13,1048.11,525.53,1,-1,-1,-1
1216,4320,635.31,661.27,1051.69,522.66,1,-1,-1,-1
1217,4320,486.33,652.43,1048.76,518.04,1,-1,-1,-1
1218,4320,346.29,638.02,1035.37,509.60,1,-1,-1,-1
1219,4320,206.98,625.34,1014.20,495.64,1,-1,-1,-1
1220,4320,72.18,619.46,993.97,485.67,1,-1,-1,-1
1221,4320,-37.86,613.24,962.16,475.97,1,-1,-1,-1
1222,4320,-94.28,604.56,899.34,465.91,1,-1,-1,-1
1223,4320,-124.11,595.68,815.50,455.74,1,-1,-1,-1
1224,4320,-140.17,584.89,716.99,446.31,1,-1,-1,-1
1318,4322,212.94,838.89,1621.89,1018.54,1,-1,-1,-1
1319,4322,467.26,866.76,1723.03,1010.81,1,-1,-1,-1
1320,4322,773.15,895.88,1772.21,999.33,1,-1,-1,-1
1321,4322,1054.98,930.78,1651.45,954.69,1,-1,-1,-1
1322,4322,1359.99,975.05,1429.34,901.92,1,-1,-1,-1
1323,4322,1665.39,1023.15,1164.19,847.82,1,-1,-1,-1
1464,4324,1587.82,758.15,895.67,545.47,1,-1,-1,-1
1465,4324,1366.23,750.59,985.77,536.43,1,-1,-1,-1
1466,4324,1137.96,742.41,1037.22,527.37,1,-1,-1,-1
1467,4324,927.24,742.66,1058.49,516.05,1,-1,-1,-1
1468,4324,704.11,734.37,1079.06,506.24,1,-1,-1,-1
1469,4324,493.52,724.08,1087.03,497.17,1,-1,-1,-1
1470,4324,301.82,717.75,1081.68,485.94,1,-1,-1,-1
1471,4324,-14.72,704.78,994.63,469.92,1,-1,-1,-1
1472,4324,-138.97,701.11,881.27,454.29,1,-1,-1,-1
1690,4331,685.93,918.49,1490.68,790.18,1,-1,-1,-1
1691,4331,1065.79,943.65,1507.27,788.80,1,-1,-1,-1
1692,4331,1425.42,981.35,1314.02,741.64,1,-1,-1,-1
1693,4331,1769.25,1027.03,1045.20,686.53,1,-1,-1,-1
1843,4334,927.99,926.28,1640.06,919.63,1,-1,-1,-1
1844,4334,1327.11,974.62,1407.46,847.16,1,-1,-1,-1
1845,4334,1722.04,1046.79,1087.68,764.38,1,-1,-1,-1
1895,4336,1525.75,355.63,287.66,253.90,1,-1,-1,-1
1896,4336,1527.50,356.45,286.30,252.71,1,-1,-1,-1
1897,4336,1529.04,355.92,286.85,252.48,1,-1,-1,-1
1898,4336,1531.26,358.08,288.47,252.09,1,-1,-1,-1
1899,4336,1531.09,358.60,291.50,253.28,1,-1,-1,-1
1900,4336,1531.70,359.27,295.13,254.69,1,-1,-1,-1
1901,4336,1532.28,358.61,298.76,257.26,1,-1,-1,-1
1902,4336,1535.11,359.36,302.65,259.19,1,-1,-1,-1
1903,4336,1538.05,359.42,307.62,261.65,1,-1,-1,-1
1904,4336,1540.56,360.34,312.83,263.22,1,-1,-1,-1
1905,4336,1542.04,361.50,316.67,263.78,1,-1,-1,-1
1906,4336,1542.86,362.74,321.41,266.18,1,-1,-1,-1
1907,4336,1544.98,364.89,327.25,267.90,1,-1,-1,-1
1908,4336,1547.18,366.12,334.24,270.00,1,-1,-1,-1
1909,4336,1550.11,366.08,342.06,271.97,1,-1,-1,-1
1910,4336,1553.60,365.33,351.01,275.42,1,-1,-1,-1
1911,4336,1558.89,366.13,358.42,278.52,1,-1,-1,-1
1912,4336,1563.28,367.21,367.06,280.32,1,-1,-1,-1
1913,4336,1568.27,365.79,379.65,283.69,1,-1,-1,-1
1914,4336,1572.41,365.73,390.65,286.11,1,-1,-1,-1
1915,4336,1580.14,365.73,401.80,287.88,1,-1,-1,-1
1916,4336,1588.50,365.84,410.74,291.01,1,-1,-1,-1
1917,4336,1593.59,365.89,418.73,292.41,1,-1,-1,-1
1918,4336,1601.18,366.11,428.33,295.90,1,-1,-1,-1
1919,4336,1609.71,366.46,436.17,297.59,1,-1,-1,-1
1920,4336,1617.21,367.05,443.91,298.75,1,-1,-1,-1
1921,4336,1626.53,368.23,452.26,300.87,1,-1,-1,-1
1922,4336,1634.71,369.18,461.78,302.27,1,-1,-1,-1
1923,4336,1645.62,370.34,469.50,304.32,1,-1,-1,-1
1924,4336,1657.71,370.40,478.85,306.95,1,-1,-1,-1
1925,4336,1669.84,371.75,486.89,308.53,1,-1,-1,-1
1926,4336,1681.92,375.91,494.99,308.34,1,-1,-1,-1
1927,4336,1696.80,377.57,502.05,309.69,1,-1,-1,-1
1928,4336,1713.87,378.57,507.95,310.40,1,-1,-1,-1
1929,4336,1730.07,380.29,512.22,311.50,1,-1,-1,-1
1930,4336,1748.81,381.10,516.80,313.65,1,-1,-1,-1
1931,4336,1765.95,382.26,521.94,314.69,1,-1,-1,-1
1932,4336,1789.52,384.61,522.36,314.70,1,-1,-1,-1
1933,4336,1811.30,388.91,522.38,313.65,1,-1,-1,-1
1934,4336,1837.07,392.91,520.37,312.24,1,-1,-1,-1
1935,4336,1860.94,397.01,517.87,310.70,1,-1,-1,-1
1936,4336,1889.99,399.46,515.81,311.48,1,-1,-1,-1
1937,4336,1916.62,399.85,514.40,312.74,1,-1,-1,-1
1938,4336,1942.61,399.57,514.40,313.72,1,-1,-1,-1
1939,4336,1971.23,401.81,513.04,314.88,1,-1,-1,-1
1940,4336,1998.22,404.58,513.65,315.30,1,-1,-1,-1
1941,4336,2021.83,406.17,514.13,315.02,1,-1,-1,-1
1942,4336,2043.20,408.29,514.21,315.62,1,-1,-1,-1
1943,4336,2061.83,411.34,508.29,316.02,1,-1,-1,-1
1944,4336,2075.25,411.02,500.46,317.96,1,-1,-1,-1
1945,4336,2095.79,415.85,486.22,317.23,1,-1,-1,-1
1946,4336,2116.19,420.32,469.66,317.17,1,-1,-1,-1
1947,4336,2140.86,421.33,448.97,317.23,1,-1,-1,-1
1948,4336,2163.27,421.98,427.93,316.00,1,-1,-1,-1
1949,4336,2181.92,426.99,408.42,314.10,1,-1,-1,-1
1950,4336,2203.59,427.59,387.36,314.79,1,-1,-1,-1
1951,4336,2225.83,429.04,365.45,314.14,1,-1,-1,-1
1952,4336,2247.70,430.30,343.56,313.26,1,-1,-1,-1
2126,4346,1340.17,675.08,1027.86,579.60,1,-1,-1,-1
2127,4346,1158.01,669.30,1043.24,566.89,1,-1,-1,-1
2128,4346,977.53,660.06,1047.06,555.27,1,-1,-1,-1
2129,4346,797.22,654.31,1049.61,543.84,1,-1,-1,-1
2130,4346,610.02,636.89,1051.38,542.37,1,-1,-1,-1
2131,4346,439.16,618.31,1047.27,539.32,1,-1,-1,-1
2132,4346,287.95,602.07,1032.26,528.03,1,-1,-1,-1
2133,4346,130.11,600.08,1011.63,513.25,1,-1,-1,-1
2134,4346,-15.41,593.67,983.20,498.68,1,-1,-1,-1
2135,4346,-88.41,584.20,921.43,485.99,1,-1,-1,-1
2136,4346,-123.94,574.23,833.98,471.98,1,-1,-1,-1
2137,4346,-140.34,568.95,731.28,456.38,1,-1,-1,-1
2316,4347,1035.45,1084.31,1488.67,813.19,1,-1,-1,-1
2317,4347,1440.42,1128.00,1276.12,751.39,1,-1,-1,-1
2318,4347,1821.47,1196.68,976.42,676.63,1,-1,-1,-1
2365,4349,1309.76,726.32,955.27,474.54,1,-1,-1,-1
2366,4349,1011.58,715.07,996.17,468.56,1,-1,-1,-1
2367,4349,723.46,702.26,1012.97,458.85,1,-1,-1,-1
2368,4349,444.21,675.18,1017.74,449.55,1,-1,-1,-1
2369,4349,193.36,660.39,1003.29,434.78,1,-1,-1,-1
2370,4349,-33.54,650.14,966.89,419.99,1,-1,-1,-1
2371,4349,-141.14,636.18,864.93,403.68,1,-1,-1,-1
2372,4349,-194.06,621.67,722.11,386.18,1,-1,-1,-1
