664,1303,1249.27,473.59,545.21,241.88,1,-1,-1,-1
665,1303,1189.22,476.92,546.46,240.86,1,-1,-1,-1
666,1303,1132.50,481.48,546.60,238.76,1,-1,-1,-1
667,1303,1085.01,484.61,545.95,237.58,1,-1,-1,-1
668,1303,1033.31,487.59,543.98,235.49,1,-1,-1,-1
669,1303,981.35,489.47,545.23,234.09,1,-1,-1,-1
670,1303,922.97,490.15,546.62,233.30,1,-1,-1,-1
671,1303,875.03,489.56,546.35,233.45,1,-1,-1,-1
672,1303,826.62,488.17,545.09,233.84,1,-1,-1,-1
673,1303,774.78,486.13,540.79,233.51,1,-1,-1,-1
674,1303,727.75,483.93,529.78,232.52,1,-1,-1,-1
675,1303,695.07,480.10,517.13,232.20,1,-1,-1,-1
676,1303,660.28,474.27,499.84,230.94,1,-1,-1,-1
677,1303,632.61,468.75,479.81,228.59,1,-1,-1,-1
678,1303,604.46,464.70,457.27,225.64,1,-1,-1,-1
679,1303,585.11,461.92,434.25,221.59,1,-1,-1,-1
680,1303,569.95,458.38,411.29,217.23,1,-1,-1,-1
681,1303,557.87,455.30,388.72,213.11,1,-1,-1,-1
682,1303,546.83,451.49,366.15,208.57,1,-1,-1,-1
683,1303,539.64,448.88,345.63,204.54,1,-1,-1,-1
684,1303,531.28,446.18,326.26,199.62,1,-1,-1,-1
685,1303,526.72,442.74,305.48,194.28,1,-1,-1,-1
686,1303,524.86,439.80,285.05,189.21,1,-1,-1,-1
687,1303,525.96,436.58,267.12,184.50,1,-1,-1,-1
688,1303,527.07,434.21,252.04,180.07,1,-1,-1,-1
689,1303,527.27,430.43,237.72,174.89,1,-1,-1,-1
690,1303,528.55,427.90,226.45,170.49,1,-1,-1,-1
691,1303,530.12,425.53,217.45,167.03,1,-1,-1,-1
692,1303,532.34,422.29,209.19,164.47,1,-1,-1,-1
693,1303,533.51,417.36,201.22,161.19,1,-1,-1,-1
694,1303,535.34,412.29,194.72,158.43,1,-1,-1,-1
695,1303,536.40,409.67,189.45,155.75,1,-1,-1,-1
696,1303,538.08,406.09,184.95,153.35,1,-1,-1,-1
697,1303,540.53,401.83,180.56,150.81,1,-1,-1,-1
698,1303,542.61,397.92,177.08,147.99,1,-1,-1,-1
699,1303,543.77,394.99,173.63,145.67,1,-1,-1,-1
700,1303,543.81,391.56,170.91,143.81,1,-1,-1,-1
701,1303,544.15,388.18,168.03,141.55,1,-1,-1,-1
702,1303,544.42,384.14,166.49,140.50,1,-1,-1,-1
703,1303,544.52,381.16,164.88,138.61,1,-1,-1,-1
704,1303,544.31,378.90,163.07,136.53,1,-1,-1,-1
705,1303,544.69,376.09,161.27,134.89,1,-1,-1,-1
706,1303,545.81,372.84,159.08,133.33,1,-1,-1,-1
707,1303,547.25,370.22,156.88,131.59,1,-1,-1,-1
708,1303,548.42,366.32,154.75,130.33,1,-1,-1,-1
709,1303,550.18,363.03,153.10,129.26,1,-1,-1,-1
710,1303,552.08,359.94,150.67,127.27,1,-1,-1,-1
711,1303,553.86,357.80,148.43,125.24,1,-1,-1,-1
712,1303,555.36,355.05,146.93,123.41,1,-1,-1,-1
713,1303,557.37,351.55,145.24,121.75,1,-1,-1,-1
714,1303,558.81,348.92,143.54,120.44,1,-1,-1,-1
715,1303,560.41,346.55,141.73,118.62,1,-1,-1,-1
716,1303,561.48,343.85,140.28,117.67,1,-1,-1,-1
717,1303,562.46,341.90,139.36,116.70,1,-1,-1,-1
718,1303,563.38,339.77,138.31,115.54,1,-1,-1,-1
719,1303,564.23,338.79,137.29,114.24,1,-1,-1,-1
720,1303,564.97,335.79,136.37,113.57,1,-1,-1,-1
721,1303,566.35,332.98,135.19,112.87,1,-1,-1,-1
722,1303,567.38,330.14,133.86,112.24,1,-1,-1,-1
723,1303,567.82,328.11,132.78,111.54,1,-1,-1,-1
724,1303,568.35,326.62,131.89,110.91,1,-1,-1,-1
725,1303,569.16,324.42,130.97,110.47,1,-1,-1,-1
726,1303,569.64,322.68,130.29,110.04,1,-1,-1,-1
727,1303,569.95,321.25,129.49,109.41,1,-1,-1,-1
728,1303,570.49,319.73,128.38,108.59,1,-1,-1,-1
729,1303,570.95,317.25,127.09,107.88,1,-1,-1,-1
730,1303,571.69,314.09,126.01,106.89,1,-1,-1,-1
731,1303,571.96,312.14,124.66,105.70,1,-1,-1,-1
732,1303,572.48,310.43,123.66,104.81,1,-1,-1,-1
733,1303,573.02,308.78,122.74,104.26,1,-1,-1,-1
734,1303,573.36,307.61,121.45,103.72,1,-1,-1,-1
735,1303,574.04,306.29,120.71,103.46,1,-1,-1,-1
736,1303,573.85,304.47,119.70,102.95,1,-1,-1,-1
737,1303,574.47,303.20,118.69,102.38,1,-1,-1,-1
738,1303,574.97,301.34,117.42,101.87,1,-1,-1,-1
739,1303,575.22,300.56,116.51,101.36,1,-1,-1,-1
740,1303,575.68,299.32,116.07,101.37,1,-1,-1,-1
741,1303,576.17,298.20,115.57,100.94,1,-1,-1,-1
742,1303,576.35,296.71,114.96,100.51,1,-1,-1,-1
743,1303,576.16,295.55,114.83,100.02,1,-1,-1,-1
744,1303,575.68,294.09,114.66,99.72,1,-1,-1,-1
745,1303,575.03,292.76,114.48,99.51,1,-1,-1,-1
746,1303,575.35,291.44,114.08,99.15,1,-1,-1,-1
747,1303,575.53,290.58,114.15,99.08,1,-1,-1,-1
748,1303,575.66,289.40,114.10,98.95,1,-1,-1,-1
749,1303,575.74,287.69,113.45,98.57,1,-1,-1,-1
750,1303,576.59,286.22,112.48,97.67,1,-1,-1,-1
751,1303,577.39,285.68,111.84,97.05,1,-1,-1,-1
752,1303,578.32,284.12,111.01,96.33,1,-1,-1,-1
753,1303,579.46,282.56,110.51,95.93,1,-1,-1,-1
754,1303,580.86,281.44,109.89,95.09,1,-1,-1,-1
755,1303,582.17,280.42,109.29,94.57,1,-1,-1,-1
756,1303,583.28,279.52,108.86,94.14,1,-1,-1,-1
757,1303,584.23,277.91,108.25,93.45,1,-1,-1,-1
758,1303,584.33,277.59,107.88,92.72,1,-1,-1,-1
759,1303,583.08,277.51,107.87,92.36,1,-1,-1,-1
760,1303,580.75,276.58,108.07,92.19,1,-1,-1,-1
761,1303,576.80,275.08,108.45,92.12,1,-1,-1,-1
762,1303,570.65,273.72,109.66,92.80,1,-1,-1,-1
763,1303,566.54,273.16,110.58,93.10,1,-1,-1,-1
764,1303,558.94,272.11,111.13,92.95,1,-1,-1,-1
950,1326,809.64,779.16,521.95,286.65,1,-1,-1,-1
951,1326,804.81,761.77,508.01,300.42,1,-1,-1,-1
952,1326,801.98,739.10,493.72,314.47,1,-1,-1,-1
953,1326,804.90,714.98,474.00,322.67,1,-1,-1,-1
954,1326,810.31,694.03,452.80,324.96,1,-1,-1,-1
955,1326,821.15,676.29,435.23,324.70,1,-1,-1,-1
956,1326,837.24,656.95,422.78,323.06,1,-1,-1,-1
957,1326,857.19,640.38,416.61,319.57,1,-1,-1,-1
958,1326,880.43,624.85,417.72,316.69,1,-1,-1,-1
959,1326,905.94,613.73,421.38,313.86,1,-1,-1,-1
960,1326,938.94,602.54,428.80,309.68,1,-1,-1,-1
961,1326,979.20,592.34,435.82,304.05,1,-1,-1,-1
962,1326,1029.10,583.21,445.49,300.31,1,-1,-1,-1
963,1326,1074.58,576.10,451.95,296.21,1,-1,-1,-1
964,1326,1133.73,567.35,457.03,291.74,1,-1,-1,-1
965,1326,1195.81,557.79,463.52,287.84,1,-1,-1,-1
966,1326,1269.94,542.47,469.93,283.87,1,-1,-1,-1
967,1326,1331.89,530.43,476.63,279.93,1,-1,-1,-1
968,1326,1400.53,516.06,482.91,276.45,1,-1,-1,-1
969,1326,1464.63,502.65,464.22,271.78,1,-1,-1,-1
1111,1336,235.60,531.50,474.56,299.16,1,-1,-1,-1
1112,1336,248.04,528.02,519.32,306.74,1,-1,-1,-1
1113,1336,281.07,526.51,564.10,309.24,1,-1,-1,-1
1114,1336,330.01,525.27,602.61,311.23,1,-1,-1,-1
1115,1336,370.90,526.51,631.89,311.41,1,-1,-1,-1
1116,1336,433.93,529.23,655.82,309.98,1,-1,-1,-1
1117,1336,510.02,531.96,675.53,309.13,1,-1,-1,-1
1118,1336,597.58,538.57,685.86,305.01,1,-1,-1,-1
1119,1336,672.17,543.52,691.45,301.29,1,-1,-1,-1
1120,1336,757.22,549.03,693.69,297.21,1,-1,-1,-1
1121,1336,851.70,552.26,688.96,293.97,1,-1,-1,-1
1122,1336,950.71,551.34,682.59,291.08,1,-1,-1,-1
1123,1336,1037.16,550.28,673.23,290.01,1,-1,-1,-1
1124,1336,1136.43,545.18,660.05,289.48,1,-1,-1,-1
1125,1336,1239.03,537.13,642.07,286.22,1,-1,-1,-1
1126,1336,1335.19,526.85,614.27,283.52,1,-1,-1,-1
1127,1336,1406.53,516.51,574.20,279.90,1,-1,-1,-1
1128,1336,1485.97,507.96,515.76,275.13,1,-1,-1,-1
1488,1360,545.87,125.13,100.23,89.19,1,-1,-1,-1
1489,1360,545.44,127.28,100.86,89.04,1,-1,-1,-1
1490,1360,545.41,129.76,101.77,89.27,1,-1,-1,-1
1491,1360,545.36,131.65,102.15,89.36,1,-1,-1,-1
1492,1360,543.67,133.38,102.63,90.11,1,-1,-1,-1
1493,1360,542.74,135.77,103.11,90.72,1,-1,-1,-1
1494,1360,541.94,139.29,102.86,90.96,1,-1,-1,-1
1495,1360,541.06,141.83,102.59,90.94,1,-1,-1,-1
1496,1360,540.70,144.63,102.94,91.52,1,-1,-1,-1
1497,1360,540.48,148.02,103.24,91.95,1,-1,-1,-1
1498,1360,540.21,151.37,103.10,92.47,1,-1,-1,-1
1499,1360,539.85,154.31,103.77,93.35,1,-1,-1,-1
1500,1360,539.08,156.91,104.72,94.28,1,-1,-1,-1
1501,1360,537.10,160.08,104.68,95.08,1,-1,-1,-1
1502,1360,536.28,163.47,104.69,95.60,1,-1,-1,-1
1503,1360,535.87,166.20,105.06,96.17,1,-1,-1,-1
1504,1360,535.31,170.55,104.97,96.23,1,-1,-1,-1
1505,1360,534.75,173.71,104.80,96.43,1,-1,-1,-1
1506,1360,534.60,176.44,105.97,97.92,1,-1,-1,-1
1507,1360,534.09,178.30,106.54,98.92,1,-1,-1,-1
1508,1360,533.61,181.39,106.74,99.43,1,-1,-1,-1
1509,1360,533.45,185.19,107.44,100.27,1,-1,-1,-1
1510,1360,533.16,187.91,108.27,101.11,1,-1,-1,-1
1511,1360,532.87,191.35,108.38,101.43,1,-1,-1,-1
1512,1360,533.27,194.34,108.66,102.16,1,-1,-1,-1
1513,1360,533.35,197.43,109.02,102.71,1,-1,-1,-1
1514,1360,533.59,200.57,108.48,102.94,1,-1,-1,-1
1515,1360,533.97,203.14,108.85,103.76,1,-1,-1,-1
1516,1360,534.76,205.19,109.71,104.44,1,-1,-1,-1
1517,1360,535.79,207.29,110.21,105.14,1,-1,-1,-1
1518,1360,535.95,209.80,110.72,105.82,1,-1,-1,-1
1519,1360,536.25,211.15,111.26,106.75,1,-1,-1,-1
1520,1360,536.14,212.98,112.06,107.67,1,-1,-1,-1
1521,1360,536.04,215.69,112.46,107.92,1,-1,-1,-1
1522,1360,536.42,218.21,113.31,108.48,1,-1,-1,-1
1523,1360,535.74,220.59,113.87,108.48,1,-1,-1,-1
1524,1360,535.12,222.96,114.33,108.93,1,-1,-1,-1
1525,1360,534.91,226.35,114.62,109.03,1,-1,-1,-1
1526,1360,534.24,228.80,114.84,109.74,1,-1,-1,-1
1527,1360,533.37,230.92,115.42,110.13,1,-1,-1,-1
1528,1360,533.19,233.29,115.14,110.49,1,-1,-1,-1
1529,1360,533.27,236.04,115.34,110.63,1,-1,-1,-1
1530,1360,532.76,238.91,116.07,111.23,1,-1,-1,-1
1531,1360,531.93,240.60,117.39,111.79,1,-1,-1,-1
1532,1360,530.28,243.45,118.43,112.34,1,-1,-1,-1
1533,1360,529.04,246.14,119.18,112.91,1,-1,-1,-1
1534,1360,527.74,249.50,119.82,113.24,1,-1,-1,-1
1535,1360,526.86,251.15,120.13,113.52,1,-1,-1,-1
1536,1360,526.00,253.24,120.36,113.83,1,-1,-1,-1
1537,1360,525.58,255.41,121.20,114.13,1,-1,-1,-1
1538,1360,524.27,257.14,122.36,114.91,1,-1,-1,-1
1539,1360,523.49,258.57,123.63,115.42,1,-1,-1,-1
1540,1360,521.42,260.32,125.02,115.85,1,-1,-1,-1
1541,1360,520.10,262.17,126.13,116.34,1,-1,-1,-1
1542,1360,518.72,263.86,127.23,117.00,1,-1,-1,-1
1543,1360,517.78,264.95,127.98,117.46,1,-1,-1,-1
1544,1360,516.81,266.81,128.46,117.69,1,-1,-1,-1
1545,1360,516.37,269.32,128.75,118.18,1,-1,-1,-1
1546,1360,515.98,271.06,129.26,118.77,1,-1,-1,-1
1547,1360,515.47,272.58,130.00,119.44,1,-1,-1,-1
1548,1360,513.53,275.34,131.30,120.58,1,-1,-1,-1
1549,1360,512.58,277.05,132.31,121.47,1,-1,-1,-1
1550,1360,511.67,278.72,133.62,122.34,1,-1,-1,-1
1551,1360,510.85,279.80,134.62,122.96,1,-1,-1,-1
1552,1360,510.30,281.68,135.95,123.62,1,-1,-1,-1
1553,1360,509.51,283.89,137.17,124.13,1,-1,-1,-1
1554,1360,509.10,285.93,138.30,124.48,1,-1,-1,-1
1555,1360,508.50,287.92,139.29,124.61,1,-1,-1,-1
1556,1360,507.88,290.10,140.52,125.26,1,-1,-1,-1
1557,1360,506.28,292.34,141.89,126.20,1,-1,-1,-1
1558,1360,505.60,294.26,142.96,127.27,1,-1,-1,-1
1559,1360,504.80,295.82,144.79,128.42,1,-1,-1,-1
1560,1360,504.32,297.25,146.31,129.46,1,-1,-1,-1
1561,1360,502.86,299.20,147.93,130.73,1,-1,-1,-1
1562,1360,501.57,301.29,149.30,131.72,1,-1,-1,-1
1563,1360,500.48,302.80,151.08,133.46,1,-1,-1,-1
1564,1360,499.16,304.81,152.78,135.66,1,-1,-1,-1
1565,1360,498.09,307.22,154.43,137.41,1,-1,-1,-1
1566,1360,497.03,309.48,155.46,138.99,1,-1,-1,-1
1567,1360,495.56,310.98,156.66,140.25,1,-1,-1,-1
1568,1360,493.76,313.71,157.72,141.25,1,-1,-1,-1
1569,1360,492.16,317.07,159.23,143.12,1,-1,-1,-1
1570,1360,490.30,319.85,161.77,145.07,1,-1,-1,-1
1571,1360,488.79,320.87,164.18,146.41,1,-1,-1,-1
1572,1360,486.23,323.47,166.85,148.16,1,-1,-1,-1
1573,1360,484.20,326.54,170.47,150.62,1,-1,-1,-1
1574,1360,481.67,329.27,173.85,153.51,1,-1,-1,-1
1575,1360,479.02,331.80,175.45,155.55,1,-1,-1,-1
1576,1360,476.38,334.54,176.97,157.51,1,-1,-1,-1
1577,1360,473.05,337.41,179.25,160.06,1,-1,-1,-1
1578,1360,470.81,340.70,182.25,162.51,1,-1,-1,-1
1579,1360,468.20,343.12,185.24,164.95,1,-1,-1,-1
1580,1360,464.78,346.43,187.76,166.21,1,-1,-1,-1
1581,1360,460.65,350.42,189.98,169.10,1,-1,-1,-1
1582,1360,457.22,354.11,191.51,172.55,1,-1,-1,-1
1583,1360,454.77,356.31,193.67,175.81,1,-1,-1,-1
1584,1360,452.44,358.93,196.84,179.55,1,-1,-1,-1
1585,1360,449.75,362.93,199.59,183.34,1,-1,-1,-1
1586,1360,446.34,366.99,201.70,186.28,1,-1,-1,-1
1587,1360,444.82,369.85,204.58,188.53,1,-1,-1,-1
1588,1360,441.89,373.12,206.65,190.09,1,-1,-1,-1
1589,1360,438.43,376.67,208.96,191.96,1,-1,-1,-1
1590,1360,435.46,381.19,211.85,194.58,1,-1,-1,-1
1591,1360,432.47,383.80,214.77,197.19,1,-1,-1,-1
1592,1360,429.49,387.46,218.54,200.77,1,-1,-1,-1
1593,1360,426.36,391.47,221.16,203.81,1,-1,-1,-1
1594,1360,423.72,395.77,223.51,206.38,1,-1,-1,-1
1595,1360,422.89,398.62,226.11,208.66,1,-1,-1,-1
1596,1360,422.86,401.82,229.17,211.58,1,-1,-1,-1
1597,1360,424.61,405.57,233.22,215.09,1,-1,-1,-1
1598,1360,426.49,409.97,239.63,218.52,1,-1,-1,-1
1599,1360,428.23,413.40,246.31,221.42,1,-1,-1,-1
1600,1360,431.19,418.22,251.24,224.36,1,-1,-1,-1
1601,1360,437.30,421.61,257.59,226.94,1,-1,-1,-1
1602,1360,446.13,424.45,266.28,229.34,1,-1,-1,-1
1603,1360,453.83,426.33,276.19,231.43,1,-1,-1,-1
1604,1360,462.83,428.77,286.59,234.52,1,-1,-1,-1
1605,1360,475.95,431.59,301.60,239.11,1,-1,-1,-1
1606,1360,494.14,433.80,321.65,243.61,1,-1,-1,-1
1607,1360,510.03,436.13,338.20,246.53,1,-1,-1,-1
1608,1360,531.45,439.02,359.09,251.88,1,-1,-1,-1
1609,1360,558.15,441.28,381.01,257.46,1,-1,-1,-1
1610,1360,589.51,444.46,404.02,263.55,1,-1,-1,-1
1611,1360,620.64,448.41,427.52,268.21,1,-1,-1,-1
1612,1360,661.09,452.21,452.19,271.85,1,-1,-1,-1
1613,1360,710.47,454.83,479.08,276.37,1,-1,-1,-1
1614,1360,762.44,457.27,507.06,279.69,1,-1,-1,-1
1615,1360,810.42,460.65,531.16,280.69,1,-1,-1,-1
1616,1360,866.86,463.99,550.87,279.47,1,-1,-1,-1
1617,1360,933.41,466.60,569.20,276.90,1,-1,-1,-1
1618,1360,1007.07,468.44,584.28,274.26,1,-1,-1,-1
1619,1360,1066.10,467.82,597.37,272.65,1,-1,-1,-1
1620,1360,1139.45,464.37,608.62,271.42,1,-1,-1,-1
1621,1360,1216.24,459.11,613.24,270.86,1,-1,-1,-1
1622,1360,1292.29,454.40,613.25,270.58,1,-1,-1,-1
1623,1360,1347.71,449.75,596.55,270.20,1,-1,-1,-1
