192,1313,272.48,1132.11,825.89,520.02,1,-1,-1,-1
193,1313,520.99,1131.39,740.77,449.16,1,-1,-1,-1
194,1313,738.86,1126.60,649.90,387.03,1,-1,-1,-1
195,1313,918.64,1126.66,556.82,332.30,1,-1,-1,-1
196,1313,1070.90,1129.20,466.82,281.68,1,-1,-1,-1
197,1313,1199.73,1132.53,384.74,236.14,1,-1,-1,-1
198,1313,1306.28,1135.38,310.72,195.30,1,-1,-1,-1
319,1370,1141.81,940.57,62.82,104.32,1,-1,-1,-1
320,1370,1134.28,947.87,60.25,99.50,1,-1,-1,-1
321,1370,1120.58,936.41,67.23,109.88,1,-1,-1,-1
322,1370,1109.02,941.60,66.03,106.36,1,-1,-1,-1
323,1370,1095.55,944.47,68.48,106.20,1,-1,-1,-1
324,1370,1083.88,944.05,70.37,106.11,1,-1,-1,-1
325,1370,1068.31,948.68,71.91,101.47,1,-1,-1,-1
326,1370,1053.45,947.84,72.41,101.49,1,-1,-1,-1
327,1370,1041.98,943.18,73.72,104.40,1,-1,-1,-1
328,1370,1029.97,935.89,74.61,110.41,1,-1,-1,-1
329,1370,1017.99,935.06,73.37,113.90,1,-1,-1,-1
330,1370,1003.25,937.82,74.69,114.07,1,-1,-1,-1
331,1370,984.72,942.82,77.75,111.41,1,-1,-1,-1
332,1370,967.31,942.94,81.81,111.08,1,-1,-1,-1
333,1370,948.43,942.30,86.48,110.57,1,-1,-1,-1
334,1370,930.27,938.56,91.03,112.83,1,-1,-1,-1
335,1370,912.71,934.68,93.27,113.95,1,-1,-1,-1
336,1370,892.03,932.16,94.94,116.61,1,-1,-1,-1
337,1370,873.86,932.12,97.05,117.04,1,-1,-1,-1
338,1370,850.14,932.49,101.80,117.39,1,-1,-1,-1
339,1370,827.84,930.98,104.84,117.53,1,-1,-1,-1
340,1370,806.30,930.34,108.28,117.55,1,-1,-1,-1
341,1370,785.52,929.83,112.28,116.55,1,-1,-1,-1
342,1370,762.69,929.39,114.09,117.68,1,-1,-1,-1
343,1370,739.46,927.40,112.48,119.54,1,-1,-1,-1
344,1370,717.08,924.65,115.90,121.39,1,-1,-1,-1
345,1370,688.84,922.50,121.53,123.42,1,-1,-1,-1
346,1370,662.92,922.34,125.73,123.36,1,-1,-1,-1
347,1370,636.44,923.29,126.21,122.79,1,-1,-1,-1
348,1370,608.84,916.74,132.48,124.99,1,-1,-1,-1
349,1370,582.90,918.76,131.01,124.82,1,-1,-1,-1
350,1370,555.61,911.52,132.28,128.50,1,-1,-1,-1
351,1370,528.03,909.55,135.88,130.29,1,-1,-1,-1
352,1370,497.05,912.95,140.28,129.32,1,-1,-1,-1
353,1370,464.81,909.96,145.34,130.81,1,-1,-1,-1
354,1370,432.92,901.38,148.70,134.61,1,-1,-1,-1
355,1370,401.77,897.16,153.76,138.89,1,-1,-1,-1
356,1370,366.33,899.03,158.75,139.70,1,-1,-1,-1
357,1370,329.88,894.66,164.37,143.66,1,-1,-1,-1
358,1370,289.53,891.03,169.71,144.78,1,-1,-1,-1
359,1370,246.56,883.41,176.64,148.16,1,-1,-1,-1
360,1370,208.33,883.68,184.19,148.91,1,-1,-1,-1
361,1370,164.06,883.65,192.48,149.28,1,-1,-1,-1
362,1370,123.75,881.95,198.43,149.05,1,-1,-1,-1
363,1370,78.00,872.56,206.28,154.96,1,-1,-1,-1
364,1370,32.28,864.25,219.17,161.09,1,-1,-1,-1
365,1370,-5.16,861.34,213.84,161.99,1,-1,-1,-1
366,1370,-25.01,863.03,198.82,158.49,1,-1,-1,-1
367,1370,-35.53,864.07,177.75,156.05,1,-1,-1,-1
368,1370,-43.53,866.08,149.29,153.47,1,-1,-1,-1
553,1490,1696.50,932.49,49.05,44.88,1,-1,-1,-1
557,1490,1697.07,932.58,50.45,46.18,1,-1,-1,-1
558,1490,1696.97,933.15,51.23,47.22,1,-1,-1,-1
559,1490,1696.76,934.50,51.78,48.06,1,-1,-1,-1
560,1490,1693.92,934.03,53.57,49.37,1,-1,-1,-1
561,1490,1693.68,934.81,54.01,49.66,1,-1,-1,-1
562,1490,1693.09,934.98,54.95,50.35,1,-1,-1,-1
566,1490,1689.64,936.24,57.95,51.84,1,-1,-1,-1
567,1490,1688.45,937.10,59.20,52.72,1,-1,-1,-1
568,1490,1686.26,936.93,60.55,53.73,1,-1,-1,-1
569,1490,1684.14,936.77,61.31,54.22,1,-1,-1,-1
570,1490,1682.38,936.74,62.33,54.89,1,-1,-1,-1
571,1490,1681.30,936.60,63.01,55.58,1,-1,-1,-1
572,1490,1680.13,936.06,63.97,56.39,1,-1,-1,-1
573,1490,1677.80,934.95,65.78,57.62,1,-1,-1,-1
574,1490,1675.16,934.77,67.98,58.80,1,-1,-1,-1
575,1490,1673.64,935.80,69.01,59.35,1,-1,-1,-1
576,1490,1672.03,936.85,69.28,59.70,1,-1,-1,-1
577,1490,1672.85,940.02,68.83,59.37,1,-1,-1,-1
578,1490,1670.71,942.35,69.52,58.53,1,-1,-1,-1
579,1490,1668.22,944.77,70.60,58.09,1,-1,-1,-1
580,1490,1665.37,946.59,71.73,57.94,1,-1,-1,-1
581,1490,1664.11,949.01,71.58,57.51,1,-1,-1,-1
582,1490,1662.00,950.65,71.72,57.53,1,-1,-1,-1
583,1490,1661.51,952.76,71.72,57.31,1,-1,-1,-1
584,1490,1658.53,954.47,73.29,57.74,1,-1,-1,-1
585,1490,1655.90,955.79,74.46,58.08,1,-1,-1,-1
586,1490,1651.75,957.15,76.22,58.45,1,-1,-1,-1
587,1490,1649.33,957.99,77.45,58.41,1,-1,-1,-1
588,1490,1646.15,959.32,79.44,58.69,1,-1,-1,-1
589,1500,1709.07,942.88,44.25,30.76,1,-1,-1,-1
589,1490,1643.49,960.15,80.67,59.02,1,-1,-1,-1
590,1500,1710.61,942.91,43.06,29.86,1,-1,-1,-1
590,1490,1639.83,961.75,82.95,59.70,1,-1,-1,-1
591,1500,1712.42,944.10,41.68,29.30,1,-1,-1,-1
591,1490,1636.32,963.18,84.76,60.49,1,-1,-1,-1
592,1500,1713.40,944.40,41.64,29.59,1,-1,-1,-1
592,1490,1634.00,964.45,86.12,61.23,1,-1,-1,-1
593,1500,1713.12,945.14,42.62,30.47,1,-1,-1,-1
593,1490,1629.82,965.42,87.24,62.45,1,-1,-1,-1
594,1500,1712.55,945.70,43.53,31.44,1,-1,-1,-1
594,1490,1626.18,966.56,87.88,63.92,1,-1,-1,-1
595,1500,1711.35,946.14,43.16,31.99,1,-1,-1,-1
595,1490,1622.29,967.93,88.04,64.57,1,-1,-1,-1
596,1500,1709.83,947.10,42.16,31.86,1,-1,-1,-1
596,1490,1617.05,969.59,88.88,65.31,1,-1,-1,-1
597,1500,1709.62,947.61,41.94,31.91,1,-1,-1,-1
597,1490,1611.83,970.92,90.53,66.35,1,-1,-1,-1
598,1490,1604.45,973.11,92.20,67.43,1,-1,-1,-1
599,1490,1597.72,974.25,94.35,69.04,1,-1,-1,-1
600,1490,1588.84,974.92,98.14,71.92,1,-1,-1,-1
601,1500,1703.50,944.89,44.81,35.84,1,-1,-1,-1
601,1490,1582.26,976.10,100.56,74.19,1,-1,-1,-1
602,1500,1701.45,943.85,45.69,36.79,1,-1,-1,-1
602,1490,1573.81,977.04,103.07,76.50,1,-1,-1,-1
603,1500,1699.01,942.87,47.67,37.93,1,-1,-1,-1
603,1490,1565.35,976.52,106.12,80.13,1,-1,-1,-1
604,1500,1698.15,943.18,50.26,39.11,1,-1,-1,-1
604,1490,1553.92,977.25,110.16,84.28,1,-1,-1,-1
605,1500,1701.15,944.67,50.99,38.67,1,-1,-1,-1
605,1490,1541.88,977.71,113.03,87.48,1,-1,-1,-1
606,1500,1703.47,945.77,52.19,38.21,1,-1,-1,-1
606,1490,1528.59,979.42,116.33,90.26,1,-1,-1,-1
607,1500,1701.23,945.63,55.31,39.33,1,-1,-1,-1
607,1490,1513.93,981.02,119.79,92.45,1,-1,-1,-1
608,1500,1695.86,947.12,57.56,39.82,1,-1,-1,-1
608,1490,1499.71,981.90,124.27,95.03,1,-1,-1,-1
609,1500,1694.94,948.58,58.73,39.99,1,-1,-1,-1
609,1490,1483.74,982.23,127.54,97.28,1,-1,-1,-1
610,1500,1694.59,948.44,61.40,40.82,1,-1,-1,-1
610,1490,1468.48,983.14,131.57,99.83,1,-1,-1,-1
611,1500,1693.60,946.72,64.78,42.52,1,-1,-1,-1
611,1490,1452.05,981.77,137.46,103.38,1,-1,-1,-1
612,1500,1691.51,946.40,66.92,43.76,1,-1,-1,-1
612,1490,1432.57,981.65,143.28,106.41,1,-1,-1,-1
613,1500,1690.01,945.57,69.18,46.09,1,-1,-1,-1
613,1490,1412.28,981.55,148.11,109.71,1,-1,-1,-1
614,1500,1687.63,945.57,70.43,47.70,1,-1,-1,-1
614,1490,1387.72,980.96,155.58,113.52,1,-1,-1,-1
615,1500,1683.08,945.73,71.60,48.83,1,-1,-1,-1
615,1490,1360.80,980.21,163.07,117.51,1,-1,-1,-1
616,1500,1680.29,946.40,72.83,50.81,1,-1,-1,-1
616,1490,1333.95,978.84,171.48,122.68,1,-1,-1,-1
617,1500,1677.80,947.36,72.94,51.97,1,-1,-1,-1
617,1490,1303.60,977.52,181.44,127.07,1,-1,-1,-1
618,1500,1676.22,947.68,73.62,53.60,1,-1,-1,-1
618,1490,1270.39,978.78,190.34,131.09,1,-1,-1,-1
619,1500,1673.69,949.38,74.18,54.42,1,-1,-1,-1
619,1490,1236.28,978.62,199.29,135.28,1,-1,-1,-1
620,1500,1671.80,949.92,74.47,54.93,1,-1,-1,-1
620,1490,1197.07,978.27,206.92,139.62,1,-1,-1,-1
621,1500,1669.23,951.17,75.25,55.50,1,-1,-1,-1
621,1490,1151.84,977.52,217.89,144.57,1,-1,-1,-1
622,1500,1667.94,951.13,76.37,56.52,1,-1,-1,-1
622,1490,1101.87,977.05,230.48,149.47,1,-1,-1,-1
623,1500,1664.14,952.37,76.96,57.63,1,-1,-1,-1
623,1490,1047.69,974.55,246.18,155.89,1,-1,-1,-1
624,1513,1688.03,940.60,52.90,36.89,1,-1,-1,-1
624,1500,1660.11,954.11,77.51,58.40,1,-1,-1,-1
624,1490,983.08,971.34,263.64,162.77,1,-1,-1,-1
625,1513,1687.65,939.94,52.73,36.95,1,-1,-1,-1
625,1500,1657.90,954.40,77.94,59.04,1,-1,-1,-1
625,1490,912.62,967.92,283.30,169.28,1,-1,-1,-1
626,1513,1689.62,938.39,51.37,36.15,1,-1,-1,-1
626,1500,1657.06,955.39,77.89,59.50,1,-1,-1,-1
626,1490,832.30,962.96,305.97,177.55,1,-1,-1,-1
627,1513,1692.95,937.54,50.23,35.36,1,-1,-1,-1
627,1500,1653.55,956.32,78.07,59.74,1,-1,-1,-1
627,1490,740.75,954.49,332.61,189.69,1,-1,-1,-1
628,1513,1691.68,937.00,48.47,34.15,1,-1,-1,-1
628,1500,1648.97,957.91,79.60,59.53,1,-1,-1,-1
628,1490,638.61,948.38,362.20,200.89,1,-1,-1,-1
629,1513,1691.26,937.36,46.36,32.83,1,-1,-1,-1
629,1500,1645.01,960.67,80.08,59.46,1,-1,-1,-1
629,1490,518.75,939.49,395.20,213.03,1,-1,-1,-1
630,1513,1690.45,938.20,44.12,31.72,1,-1,-1,-1
630,1500,1641.00,963.72,81.37,59.59,1,-1,-1,-1
630,1490,380.34,926.47,441.13,231.15,1,-1,-1,-1
631,1513,1692.32,939.80,42.36,31.13,1,-1,-1,-1
631,1500,1636.39,965.83,82.62,60.03,1,-1,-1,-1
631,1490,216.39,916.35,490.40,248.08,1,-1,-1,-1
632,1513,1694.51,940.28,42.42,31.41,1,-1,-1,-1
632,1500,1631.05,966.82,83.68,61.25,1,-1,-1,-1
632,1490,70.48,902.09,524.71,267.35,1,-1,-1,-1
633,1513,1698.21,940.22,43.55,32.07,1,-1,-1,-1
633,1500,1626.33,966.55,83.33,62.50,1,-1,-1,-1
633,1490,-14.81,887.11,508.50,279.72,1,-1,-1,-1
634,1513,1697.55,941.32,45.54,33.23,1,-1,-1,-1
634,1500,1620.35,967.29,84.92,64.20,1,-1,-1,-1
634,1490,-75.63,881.40,447.18,288.43,1,-1,-1,-1
635,1513,1696.53,942.15,47.49,34.57,1,-1,-1,-1
635,1500,1614.09,967.99,86.80,66.04,1,-1,-1,-1
636,1513,1694.77,942.21,48.45,35.50,1,-1,-1,-1
636,1500,1608.82,969.62,89.30,68.08,1,-1,-1,-1
637,1513,1692.54,941.24,49.87,37.17,1,-1,-1,-1
637,1500,1601.35,970.42,92.34,69.76,1,-1,-1,-1
638,1513,1690.29,939.89,51.57,39.15,1,-1,-1,-1
638,1500,1592.82,971.90,95.27,72.19,1,-1,-1,-1
639,1513,1688.92,938.48,53.26,41.20,1,-1,-1,-1
639,1500,1583.89,973.22,99.16,75.38,1,-1,-1,-1
640,1513,1687.42,937.35,54.65,42.75,1,-1,-1,-1
640,1500,1576.62,973.39,99.73,76.97,1,-1,-1,-1
641,1513,1685.67,937.36,55.61,43.58,1,-1,-1,-1
641,1500,1566.44,974.11,101.59,79.67,1,-1,-1,-1
642,1513,1683.94,937.20,56.53,44.54,1,-1,-1,-1
642,1500,1554.66,974.79,105.28,83.57,1,-1,-1,-1
643,1513,1681.97,938.31,56.73,44.80,1,-1,-1,-1
643,1500,1542.37,977.05,109.19,87.22,1,-1,-1,-1
644,1513,1678.80,938.03,57.78,45.84,1,-1,-1,-1
644,1500,1524.93,977.75,115.68,90.98,1,-1,-1,-1
645,1513,1677.17,938.13,58.35,46.74,1,-1,-1,-1
645,1500,1510.91,979.32,120.06,93.27,1,-1,-1,-1
646,1513,1675.82,937.83,58.98,47.71,1,-1,-1,-1
646,1500,1496.07,979.34,124.94,95.88,1,-1,-1,-1
647,1513,1674.65,938.37,59.94,48.41,1,-1,-1,-1
647,1500,1481.60,979.26,128.14,97.64,1,-1,-1,-1
648,1513,1674.49,938.44,60.24,49.13,1,-1,-1,-1
648,1500,1464.92,980.91,132.48,99.82,1,-1,-1,-1
649,1513,1673.45,938.35,60.28,49.44,1,-1,-1,-1
649,1500,1447.03,981.79,139.01,102.65,1,-1,-1,-1
650,1513,1672.42,939.23,60.35,49.50,1,-1,-1,-1
650,1500,1427.48,983.07,144.02,105.22,1,-1,-1,-1
651,1513,1672.29,940.87,60.55,49.99,1,-1,-1,-1
651,1500,1403.17,981.64,151.68,108.94,1,-1,-1,-1
652,1513,1670.91,942.43,60.58,50.33,1,-1,-1,-1
652,1500,1375.25,980.93,159.90,112.30,1,-1,-1,-1
653,1513,1669.64,944.20,60.35,50.57,1,-1,-1,-1
653,1500,1347.42,980.09,169.02,117.55,1,-1,-1,-1
654,1513,1667.42,944.83,60.42,50.79,1,-1,-1,-1
654,1500,1317.96,979.65,177.97,122.09,1,-1,-1,-1
655,1513,1665.41,945.02,61.45,52.20,1,-1,-1,-1
655,1500,1284.76,977.42,190.03,129.52,1,-1,-1,-1
656,1513,1662.94,945.62,62.81,53.25,1,-1,-1,-1
656,1500,1249.72,979.54,199.35,133.58,1,-1,-1,-1
657,1513,1662.94,946.32,63.31,53.40,1,-1,-1,-1
657,1500,1207.56,979.41,208.65,137.42,1,-1,-1,-1
658,1513,1660.46,947.87,65.14,53.96,1,-1,-1,-1
658,1500,1159.41,977.98,221.41,142.58,1,-1,-1,-1
659,1513,1657.34,949.10,67.48,55.14,1,-1,-1,-1
659,1500,1108.30,976.88,237.97,148.05,1,-1,-1,-1
660,1513,1653.87,950.98,69.26,55.81,1,-1,-1,-1
660,1500,1049.57,973.11,258.59,155.60,1,-1,-1,-1
661,1513,1649.89,952.51,70.73,56.13,1,-1,-1,-1
661,1500,982.57,968.92,281.05,162.34,1,-1,-1,-1
662,1513,1645.49,954.06,73.57,56.53,1,-1,-1,-1
662,1500,908.69,963.41,305.38,169.60,1,-1,-1,-1
663,1513,1642.75,954.84,75.38,56.52,1,-1,-1,-1
663,1500,822.63,956.49,334.97,179.64,1,-1,-1,-1
664,1513,1639.68,955.35,77.37,57.13,1,-1,-1,-1
664,1500,725.12,949.34,367.67,190.40,1,-1,-1,-1
665,1513,1636.73,956.00,78.94,57.57,1,-1,-1,-1
665,1500,614.73,943.17,404.43,201.03,1,-1,-1,-1
666,1513,1635.15,957.44,80.17,57.75,1,-1,-1,-1
666,1500,481.08,932.86,449.96,213.53,1,-1,-1,-1
667,1513,1632.25,959.13,80.87,57.88,1,-1,-1,-1
667,1500,333.11,918.01,504.48,231.16,1,-1,-1,-1
668,1513,1630.55,960.77,80.31,58.05,1,-1,-1,-1
668,1500,156.02,905.26,569.18,249.33,1,-1,-1,-1
669,1513,1627.94,962.54,79.68,58.73,1,-1,-1,-1
669,1500,39.59,890.74,589.66,265.24,1,-1,-1,-1
670,1513,1624.92,964.03,79.73,59.17,1,-1,-1,-1
670,1500,-32.56,877.84,562.72,273.97,1,-1,-1,-1
671,1513,1619.60,964.85,81.05,60.67,1,-1,-1,-1
671,1500,-86.20,875.37,494.36,280.36,1,-1,-1,-1
672,1513,1614.33,966.22,82.94,62.50,1,-1,-1,-1
673,1513,1609.25,968.00,85.21,64.28,1,-1,-1,-1
674,1513,1602.84,968.89,87.59,66.28,1,-1,-1,-1
675,1513,1594.96,969.05,91.39,69.13,1,-1,-1,-1
676,1513,1588.46,969.55,94.18,71.78,1,-1,-1,-1
677,1513,1581.87,970.73,96.57,74.31,1,-1,-1,-1
678,1513,1573.41,971.30,98.63,75.98,1,-1,-1,-1
679,1513,1564.42,972.58,100.35,78.39,1,-1,-1,-1
680,1513,1552.64,973.93,104.40,81.12,1,-1,-1,-1
681,1513,1537.95,975.81,108.87,84.51,1,-1,-1,-1
682,1513,1524.34,977.00,114.99,87.34,1,-1,-1,-1
683,1513,1509.75,977.86,121.21,90.34,1,-1,-1,-1
684,1513,1495.45,978.41,127.63,93.47,1,-1,-1,-1
685,1513,1481.23,979.13,131.61,95.68,1,-1,-1,-1
686,1513,1465.17,977.71,136.10,99.02,1,-1,-1,-1
687,1513,1449.38,977.43,141.95,102.89,1,-1,-1,-1
688,1513,1428.54,976.19,148.01,106.59,1,-1,-1,-1
689,1513,1404.51,975.04,155.13,110.58,1,-1,-1,-1
690,1513,1378.05,974.69,162.93,112.91,1,-1,-1,-1
691,1513,1350.76,975.40,170.64,116.63,1,-1,-1,-1
692,1513,1325.25,972.45,177.88,121.03,1,-1,-1,-1
693,1513,1296.72,969.95,187.59,126.18,1,-1,-1,-1
694,1513,1264.27,971.16,197.40,130.29,1,-1,-1,-1
695,1513,1226.69,972.52,206.77,133.98,1,-1,-1,-1
696,1513,1188.32,970.58,217.39,138.32,1,-1,-1,-1
697,1513,1141.95,968.19,228.76,143.47,1,-1,-1,-1
698,1513,1089.10,965.98,246.14,149.20,1,-1,-1,-1
699,1513,1035.70,962.32,262.83,155.32,1,-1,-1,-1
700,1513,974.14,958.59,282.58,163.27,1,-1,-1,-1
701,1513,904.98,955.06,305.96,171.69,1,-1,-1,-1
702,1513,825.37,949.88,332.88,181.76,1,-1,-1,-1
703,1513,733.98,942.08,363.55,193.50,1,-1,-1,-1
704,1513,635.27,934.96,397.37,204.34,1,-1,-1,-1
705,1513,519.34,926.18,437.54,216.37,1,-1,-1,-1
706,1513,386.66,914.74,486.13,233.17,1,-1,-1,-1
707,1513,226.37,902.85,542.87,251.54,1,-1,-1,-1
708,1513,82.23,890.79,586.63,270.06,1,-1,-1,-1
709,1513,-2.81,875.83,581.65,283.52,1,-1,-1,-1
710,1513,-59.51,867.95,535.44,291.05,1,-1,-1,-1
711,1513,-105.87,878.23,449.82,291.38,1,-1,-1,-1
844,1600,90.46,646.65,101.49,82.86,1,-1,-1,-1
845,1600,138.56,658.28,101.36,79.37,1,-1,-1,-1
846,1600,185.90,665.31,97.71,76.87,1,-1,-1,-1
847,1600,231.33,670.37,99.43,76.29,1,-1,-1,-1
848,1600,272.42,677.57,99.83,75.06,1,-1,-1,-1
852,1600,429.19,702.98,93.01,72.07,1,-1,-1,-1
853,1609,64.43,616.90,93.60,82.90,1,-1,-1,-1
853,1600,464.85,708.55,87.23,68.90,1,-1,-1,-1
854,1609,87.09,621.13,105.88,85.43,1,-1,-1,-1
854,1600,494.74,711.88,82.29,67.29,1,-1,-1,-1
855,1609,119.61,629.31,108.67,85.41,1,-1,-1,-1
855,1600,521.40,716.31,77.93,65.50,1,-1,-1,-1
856,1609,152.11,632.18,109.89,84.63,1,-1,-1,-1
856,1600,552.26,717.96,74.59,64.88,1,-1,-1,-1
857,1609,185.19,638.73,108.16,84.57,1,-1,-1,-1
857,1600,577.03,720.87,69.63,64.67,1,-1,-1,-1
858,1609,216.58,637.37,109.57,85.58,1,-1,-1,-1
859,1609,246.37,646.21,106.92,84.94,1,-1,-1,-1
860,1609,277.79,655.17,100.34,81.28,1,-1,-1,-1
861,1609,311.40,655.04,97.08,82.70,1,-1,-1,-1
861,1600,664.84,724.51,59.62,63.53,1,-1,-1,-1
862,1609,342.59,661.43,91.32,81.46,1,-1,-1,-1
862,1600,683.00,729.07,55.44,60.72,1,-1,-1,-1
863,1609,370.13,667.67,88.80,79.48,1,-1,-1,-1
863,1600,700.50,738.98,50.87,56.00,1,-1,-1,-1
864,1609,396.44,672.87,89.13,79.57,1,-1,-1,-1
864,1600,718.67,737.15,52.75,57.94,1,-1,-1,-1
865,1609,421.31,676.53,87.23,78.25,1,-1,-1,-1
865,1600,737.43,730.30,55.27,61.01,1,-1,-1,-1
866,1609,442.56,680.69,87.21,76.09,1,-1,-1,-1
866,1600,758.08,731.14,55.22,59.17,1,-1,-1,-1
870,1600,833.48,753.19,55.26,52.61,1,-1,-1,-1
873,1609,618.38,709.21,82.71,71.02,1,-1,-1,-1
874,1609,639.02,713.35,77.79,71.17,1,-1,-1,-1
874,1600,907.79,761.29,61.64,55.17,1,-1,-1,-1
875,1609,654.61,713.60,74.05,70.75,1,-1,-1,-1
875,1600,923.58,763.68,59.10,54.73,1,-1,-1,-1
876,1609,674.57,719.53,70.82,67.89,1,-1,-1,-1
876,1600,941.40,769.26,56.16,52.56,1,-1,-1,-1
877,1609,693.73,720.40,69.75,68.23,1,-1,-1,-1
877,1600,956.92,770.32,52.17,52.45,1,-1,-1,-1
878,1600,975.09,771.68,50.52,51.79,1,-1,-1,-1
879,1600,993.92,777.86,47.33,49.33,1,-1,-1,-1
880,1600,1009.95,779.96,45.30,49.11,1,-1,-1,-1
881,1600,1028.38,791.96,42.04,47.00,1,-1,-1,-1
882,1600,1041.81,793.17,40.98,47.93,1,-1,-1,-1
883,1609,797.44,731.04,62.53,66.29,1,-1,-1,-1
883,1600,1055.06,796.40,39.48,45.80,1,-1,-1,-1
884,1609,816.16,734.64,60.87,65.63,1,-1,-1,-1
884,1600,1068.48,799.29,40.22,45.85,1,-1,-1,-1
885,1609,827.67,737.52,63.89,65.61,1,-1,-1,-1
885,1600,1082.83,800.64,39.32,46.30,1,-1,-1,-1
886,1609,838.16,742.11,64.43,62.56,1,-1,-1,-1
887,1609,850.69,743.28,65.62,62.84,1,-1,-1,-1
891,1609,913.36,755.68,68.15,64.36,1,-1,-1,-1
935,1712,1637.56,913.37,60.83,49.86,1,-1,-1,-1
936,1712,1646.42,915.06,60.57,51.21,1,-1,-1,-1
937,1712,1641.85,916.95,67.37,55.25,1,-1,-1,-1
938,1712,1634.25,913.80,76.19,60.31,1,-1,-1,-1
939,1715,44.58,1232.84,695.20,700.90,1,-1,-1,-1
939,1712,1637.43,914.59,76.87,59.60,1,-1,-1,-1
940,1715,54.38,1223.96,808.86,715.92,1,-1,-1,-1
940,1712,1641.27,915.81,77.19,59.13,1,-1,-1,-1
941,1715,60.07,1226.51,918.32,719.23,1,-1,-1,-1
941,1712,1641.25,915.15,79.79,59.11,1,-1,-1,-1
942,1715,65.61,1235.53,1026.05,712.12,1,-1,-1,-1
942,1712,1642.39,916.26,83.02,59.99,1,-1,-1,-1
943,1715,70.40,1249.35,1131.02,698.51,1,-1,-1,-1
943,1712,1643.78,917.85,84.72,60.72,1,-1,-1,-1
944,1715,176.39,1262.13,1165.61,674.82,1,-1,-1,-1
944,1712,1646.23,917.61,86.63,62.31,1,-1,-1,-1
945,1715,313.32,1275.02,1157.23,645.86,1,-1,-1,-1
945,1712,1648.82,917.16,86.14,63.18,1,-1,-1,-1
946,1715,457.34,1285.40,1130.96,616.99,1,-1,-1,-1
946,1712,1650.96,919.16,87.12,63.00,1,-1,-1,-1
947,1715,597.74,1299.80,1092.56,587.40,1,-1,-1,-1
947,1712,1652.90,919.80,87.96,62.99,1,-1,-1,-1
948,1715,733.97,1317.99,1054.21,558.97,1,-1,-1,-1
948,1712,1654.25,921.00,87.74,62.41,1,-1,-1,-1
949,1715,864.83,1334.05,1011.29,530.17,1,-1,-1,-1
949,1712,1657.80,923.59,86.74,61.66,1,-1,-1,-1
950,1715,988.31,1352.13,971.09,506.56,1,-1,-1,-1
950,1712,1660.17,925.55,85.14,61.14,1,-1,-1,-1
951,1715,1106.57,1371.21,932.82,485.71,1,-1,-1,-1
951,1712,1662.77,927.80,83.74,60.67,1,-1,-1,-1
952,1715,1219.59,1390.12,898.50,467.68,1,-1,-1,-1
952,1712,1666.49,929.91,81.80,59.76,1,-1,-1,-1
953,1715,1321.01,1407.95,871.67,453.22,1,-1,-1,-1
953,1712,1667.95,930.74,81.05,59.45,1,-1,-1,-1
954,1715,1426.63,1426.31,846.57,440.49,1,-1,-1,-1
954,1712,1668.39,931.01,80.97,59.41,1,-1,-1,-1
955,1715,1523.43,1450.54,825.39,428.92,1,-1,-1,-1
955,1712,1672.38,932.50,80.12,59.63,1,-1,-1,-1
956,1715,1616.56,1470.20,809.32,419.65,1,-1,-1,-1
956,1712,1674.85,933.19,79.46,59.90,1,-1,-1,-1
957,1715,1706.10,1487.23,797.55,410.24,1,-1,-1,-1
957,1712,1676.96,933.36,79.01,60.56,1,-1,-1,-1
958,1715,1792.14,1507.09,784.06,401.89,1,-1,-1,-1
958,1712,1679.57,933.99,78.50,61.20,1,-1,-1,-1
959,1715,1864.10,1525.82,749.28,390.50,1,-1,-1,-1
959,1712,1682.34,934.35,77.94,61.93,1,-1,-1,-1
960,1715,1932.30,1542.69,701.17,378.92,1,-1,-1,-1
960,1712,1683.18,934.39,78.11,62.73,1,-1,-1,-1
961,1715,2002.60,1559.63,642.19,365.85,1,-1,-1,-1
961,1712,1684.27,934.54,78.08,63.22,1,-1,-1,-1
962,1715,2072.62,1578.90,577.88,350.11,1,-1,-1,-1
962,1712,1684.88,934.41,77.95,64.09,1,-1,-1,-1
963,1715,2142.41,1602.42,509.93,330.60,1,-1,-1,-1
963,1712,1686.47,934.17,77.36,64.44,1,-1,-1,-1
964,1715,2216.51,1624.33,436.89,309.66,1,-1,-1,-1
964,1712,1687.61,934.08,77.25,64.80,1,-1,-1,-1
965,1715,2294.05,1645.51,359.66,286.94,1,-1,-1,-1
965,1712,1686.09,933.22,78.05,64.89,1,-1,-1,-1
966,1712,1688.04,933.77,78.61,64.80,1,-1,-1,-1
967,1712,1688.86,934.16,79.44,64.63,1,-1,-1,-1
968,1712,1688.45,934.64,80.53,64.86,1,-1,-1,-1
969,1712,1688.10,935.50,80.51,64.75,1,-1,-1,-1
970,1712,1684.25,935.78,80.37,64.75,1,-1,-1,-1
971,1712,1681.28,936.06,81.50,65.11,1,-1,-1,-1
972,1712,1678.45,936.59,83.42,65.80,1,-1,-1,-1
973,1712,1678.22,937.77,84.50,66.41,1,-1,-1,-1
974,1712,1675.81,937.00,86.19,68.17,1,-1,-1,-1
975,1712,1675.83,936.55,87.85,69.89,1,-1,-1,-1
976,1712,1677.08,938.06,88.45,69.96,1,-1,-1,-1
977,1712,1678.39,940.59,88.16,69.23,1,-1,-1,-1
978,1712,1679.59,940.53,87.72,69.28,1,-1,-1,-1
979,1712,1682.04,940.84,85.99,68.99,1,-1,-1,-1
980,1712,1684.52,941.50,84.46,68.57,1,-1,-1,-1
981,1712,1684.78,943.57,83.61,67.52,1,-1,-1,-1
982,1712,1685.33,945.00,82.99,66.76,1,-1,-1,-1
983,1712,1685.51,946.35,82.84,66.40,1,-1,-1,-1
984,1712,1684.06,947.91,83.28,66.01,1,-1,-1,-1
985,1712,1682.83,948.96,84.16,66.03,1,-1,-1,-1
986,1712,1680.89,949.91,84.86,66.31,1,-1,-1,-1
987,1712,1678.30,951.61,85.84,66.49,1,-1,-1,-1
988,1712,1676.53,953.15,86.91,66.32,1,-1,-1,-1
989,1712,1675.14,953.24,87.49,66.95,1,-1,-1,-1
990,1712,1674.44,954.41,87.81,67.09,1,-1,-1,-1
991,1712,1673.34,953.98,88.65,67.88,1,-1,-1,-1
992,1712,1671.83,952.75,90.24,69.43,1,-1,-1,-1
993,1712,1669.64,952.01,92.06,71.13,1,-1,-1,-1
994,1712,1667.11,952.50,93.62,72.31,1,-1,-1,-1
995,1712,1663.93,953.76,94.16,72.41,1,-1,-1,-1
996,1712,1660.92,956.12,94.12,71.48,1,-1,-1,-1
997,1712,1660.46,956.90,93.11,71.52,1,-1,-1,-1
998,1712,1658.19,956.52,93.37,72.31,1,-1,-1,-1
999,1712,1655.76,957.86,93.40,72.50,1,-1,-1,-1
1000,1712,1653.55,960.51,92.93,71.90,1,-1,-1,-1
1001,1712,1652.63,961.27,92.87,72.00,1,-1,-1,-1
1002,1712,1651.33,960.96,92.90,72.96,1,-1,-1,-1
1003,1712,1647.67,963.71,92.61,72.37,1,-1,-1,-1
1004,1712,1644.93,964.16,93.48,72.74,1,-1,-1,-1
1005,1712,1640.30,962.43,96.14,75.02,1,-1,-1,-1
1006,1712,1637.75,961.21,98.26,77.08,1,-1,-1,-1
1007,1712,1633.64,960.93,100.33,78.65,1,-1,-1,-1
1008,1712,1629.42,961.17,102.29,80.21,1,-1,-1,-1
1009,1712,1625.17,960.17,104.34,82.37,1,-1,-1,-1
1010,1712,1621.86,960.65,106.53,84.42,1,-1,-1,-1
1011,1712,1618.03,960.55,108.47,86.54,1,-1,-1,-1
1012,1712,1612.10,960.08,111.10,88.74,1,-1,-1,-1
1013,1712,1604.43,959.62,114.44,91.81,1,-1,-1,-1
1014,1712,1598.17,960.68,116.88,93.06,1,-1,-1,-1
1015,1712,1591.63,960.74,119.47,96.08,1,-1,-1,-1
1016,1712,1585.75,960.60,122.43,99.10,1,-1,-1,-1
1017,1712,1580.85,960.46,125.18,101.44,1,-1,-1,-1
1018,1712,1576.75,959.58,127.39,102.97,1,-1,-1,-1
1019,1712,1572.11,959.21,129.30,104.64,1,-1,-1,-1
1020,1712,1564.64,959.15,132.67,107.23,1,-1,-1,-1
1021,1712,1559.29,958.64,135.22,109.88,1,-1,-1,-1
1022,1712,1553.58,957.70,138.09,112.11,1,-1,-1,-1
1023,1712,1545.25,957.76,141.31,113.60,1,-1,-1,-1
1024,1712,1535.17,957.68,145.25,114.81,1,-1,-1,-1
1025,1712,1525.20,959.06,148.99,115.57,1,-1,-1,-1
1026,1712,1515.86,956.47,152.97,117.58,1,-1,-1,-1
1027,1712,1507.23,955.30,156.44,119.58,1,-1,-1,-1
1028,1712,1499.94,953.94,158.92,122.09,1,-1,-1,-1
1029,1712,1490.24,954.69,161.15,124.31,1,-1,-1,-1
1030,1712,1481.90,956.40,162.02,124.86,1,-1,-1,-1
1031,1712,1473.49,958.33,164.16,125.87,1,-1,-1,-1
1032,1712,1462.03,959.72,168.03,126.35,1,-1,-1,-1
1033,1712,1449.38,958.67,173.26,129.15,1,-1,-1,-1
1034,1712,1435.34,958.46,178.27,131.11,1,-1,-1,-1
1035,1712,1420.73,957.52,184.49,134.23,1,-1,-1,-1
1036,1712,1406.41,956.96,191.30,138.92,1,-1,-1,-1
1037,1712,1391.23,953.35,197.52,144.98,1,-1,-1,-1
1038,1712,1370.55,951.54,204.34,149.59,1,-1,-1,-1
1039,1712,1350.55,950.75,211.33,153.24,1,-1,-1,-1
1040,1712,1332.77,952.20,217.77,156.40,1,-1,-1,-1
1041,1712,1314.61,952.13,223.04,159.82,1,-1,-1,-1
1042,1712,1294.51,952.69,230.58,163.00,1,-1,-1,-1
1043,1712,1271.90,953.42,240.88,167.30,1,-1,-1,-1
1044,1712,1247.85,950.43,249.10,172.78,1,-1,-1,-1
1045,1712,1222.08,950.66,260.45,177.94,1,-1,-1,-1
1046,1712,1193.82,947.53,271.53,183.73,1,-1,-1,-1
1047,1712,1161.43,945.54,284.26,189.61,1,-1,-1,-1
1048,1712,1128.84,943.40,297.52,195.72,1,-1,-1,-1
1049,1712,1095.07,943.67,311.96,200.79,1,-1,-1,-1
1050,1712,1056.71,938.82,327.99,208.55,1,-1,-1,-1
1051,1712,1012.24,934.66,346.91,216.17,1,-1,-1,-1
1052,1712,967.81,930.22,368.64,224.06,1,-1,-1,-1
1053,1712,915.73,928.11,388.66,230.70,1,-1,-1,-1
1054,1712,860.40,922.50,412.28,239.49,1,-1,-1,-1
1055,1771,2418.29,1592.95,136.40,187.80,1,-1,-1,-1
1055,1712,796.55,917.08,438.73,250.10,1,-1,-1,-1
1056,1771,2398.48,1581.30,155.72,200.72,1,-1,-1,-1
1056,1712,728.98,912.34,465.73,260.70,1,-1,-1,-1
1057,1771,2378.78,1572.70,174.16,207.64,1,-1,-1,-1
1057,1712,653.67,905.16,499.85,272.65,1,-1,-1,-1
1058,1771,2364.53,1569.56,188.36,206.48,1,-1,-1,-1
1058,1712,572.80,898.82,534.68,285.41,1,-1,-1,-1
1059,1771,2352.38,1564.91,201.16,206.90,1,-1,-1,-1
1059,1712,480.30,891.42,573.29,299.05,1,-1,-1,-1
1060,1771,2341.71,1561.23,212.60,207.13,1,-1,-1,-1
1060,1712,377.14,880.54,617.96,316.58,1,-1,-1,-1
1061,1771,2332.58,1557.72,222.60,206.90,1,-1,-1,-1
1061,1712,259.48,867.39,670.12,336.23,1,-1,-1,-1
1062,1771,2322.17,1553.57,233.07,207.44,1,-1,-1,-1
1062,1712,82.07,841.38,696.15,364.19,1,-1,-1,-1
1063,1771,2315.87,1551.55,240.82,208.13,1,-1,-1,-1
1063,1712,-4.51,817.74,685.25,381.00,1,-1,-1,-1
1064,1771,2312.92,1550.80,245.74,208.29,1,-1,-1,-1
1064,1712,-53.92,803.59,646.88,394.88,1,-1,-1,-1
1065,1771,2311.41,1551.38,248.90,207.97,1,-1,-1,-1
1065,1712,-86.11,809.45,584.10,399.95,1,-1,-1,-1
1066,1771,2309.67,1550.56,251.53,208.46,1,-1,-1,-1
1066,1712,-112.12,829.14,499.48,397.30,1,-1,-1,-1
1067,1771,2309.21,1550.05,252.97,208.99,1,-1,-1,-1
1068,1771,2309.49,1550.26,253.50,209.22,1,-1,-1,-1
1069,1771,2308.41,1550.04,254.46,208.45,1,-1,-1,-1
1070,1771,2306.44,1549.86,256.05,209.13,1,-1,-1,-1
1071,1771,2302.64,1547.64,258.86,208.94,1,-1,-1,-1
1072,1771,2295.05,1546.29,264.40,209.89,1,-1,-1,-1
1073,1771,2286.33,1543.72,271.45,212.23,1,-1,-1,-1
1074,1771,2279.06,1541.44,278.17,213.07,1,-1,-1,-1
1075,1771,2271.94,1540.83,284.97,213.57,1,-1,-1,-1
1076,1771,2263.15,1538.71,292.95,215.55,1,-1,-1,-1
1077,1771,2252.19,1532.87,302.48,217.44,1,-1,-1,-1
1078,1771,2239.12,1526.40,314.03,222.74,1,-1,-1,-1
1079,1771,2221.87,1517.27,328.69,228.60,1,-1,-1,-1
1080,1771,2202.31,1507.43,345.73,232.58,1,-1,-1,-1
1081,1771,2178.99,1496.18,365.89,235.01,1,-1,-1,-1
1082,1771,2148.59,1485.13,392.47,248.22,1,-1,-1,-1
1083,1771,2115.50,1481.09,422.86,267.32,1,-1,-1,-1
1084,1771,2080.04,1466.60,455.31,285.29,1,-1,-1,-1
1085,1771,2042.58,1446.77,489.23,295.93,1,-1,-1,-1
1086,1771,2000.62,1425.51,526.83,303.81,1,-1,-1,-1
1087,1771,1952.07,1407.99,557.12,302.98,1,-1,-1,-1
1088,1771,1895.86,1384.30,574.60,304.79,1,-1,-1,-1
1089,1771,1837.48,1365.38,584.62,301.40,1,-1,-1,-1
1090,1771,1773.00,1343.31,591.73,298.07,1,-1,-1,-1
1091,1771,1715.64,1323.63,594.88,295.61,1,-1,-1,-1
1092,1771,1650.80,1299.55,596.65,293.07,1,-1,-1,-1
1093,1771,1591.42,1275.50,598.58,291.69,1,-1,-1,-1
1094,1771,1529.16,1253.12,596.54,290.39,1,-1,-1,-1
1095,1771,1466.94,1234.32,594.01,287.32,1,-1,-1,-1
1096,1771,1403.71,1215.11,593.54,283.74,1,-1,-1,-1
1097,1771,1338.19,1197.13,596.26,279.44,1,-1,-1,-1
1098,1771,1269.25,1180.26,596.86,276.85,1,-1,-1,-1
1099,1771,1202.55,1164.41,598.68,274.78,1,-1,-1,-1
1100,1771,1132.42,1148.30,601.95,271.85,1,-1,-1,-1
1101,1771,1059.51,1130.35,606.55,268.41,1,-1,-1,-1
1102,1771,983.38,1115.37,614.00,265.90,1,-1,-1,-1
1103,1771,910.48,1101.18,621.02,265.92,1,-1,-1,-1
1104,1771,829.95,1087.14,630.26,265.97,1,-1,-1,-1
1105,1771,746.42,1072.30,641.35,268.41,1,-1,-1,-1
1106,1771,660.48,1056.68,654.36,271.02,1,-1,-1,-1
1107,1771,566.11,1039.08,668.25,275.59,1,-1,-1,-1
1108,1771,467.55,1027.61,685.89,278.55,1,-1,-1,-1
1109,1771,358.07,1015.19,709.80,282.96,1,-1,-1,-1
1110,1771,234.88,1001.46,740.39,289.57,1,-1,-1,-1
1111,1771,99.57,988.04,778.63,297.85,1,-1,-1,-1
1112,1771,8.47,974.48,788.04,308.60,1,-1,-1,-1
1113,1771,-45.77,960.76,763.70,317.46,1,-1,-1,-1
1114,1771,-82.60,946.62,713.67,326.91,1,-1,-1,-1
1115,1771,-108.83,940.98,640.83,333.49,1,-1,-1,-1
1116,1771,-132.36,944.11,544.88,335.41,1,-1,-1,-1
1263,1832,57.85,1023.47,744.78,859.23,1,-1,-1,-1
1264,1832,68.45,1015.69,872.16,834.32,1,-1,-1,-1
1265,1832,99.48,1018.19,963.73,770.20,1,-1,-1,-1
1266,1832,246.17,1023.34,961.70,701.73,1,-1,-1,-1
1267,1832,415.21,1030.85,913.23,634.38,1,-1,-1,-1
1268,1832,579.21,1038.78,847.96,570.45,1,-1,-1,-1
1269,1832,724.20,1042.87,775.91,517.27,1,-1,-1,-1
1270,1832,851.68,1047.18,699.47,467.29,1,-1,-1,-1
1271,1832,966.05,1052.57,626.71,423.41,1,-1,-1,-1
1272,1832,1065.72,1057.05,560.21,381.65,1,-1,-1,-1
1273,1832,1154.48,1058.05,498.37,346.29,1,-1,-1,-1
1274,1832,1229.49,1065.34,442.69,312.71,1,-1,-1,-1
1275,1832,1294.18,1070.13,393.75,282.93,1,-1,-1,-1
1276,1832,1354.00,1074.47,349.41,254.59,1,-1,-1,-1
1277,1832,1406.96,1078.50,308.12,228.99,1,-1,-1,-1
1278,1832,1453.36,1083.11,271.22,204.80,1,-1,-1,-1
1279,1832,1492.67,1085.67,239.56,184.20,1,-1,-1,-1
1280,1832,1530.73,1088.95,210.65,164.80,1,-1,-1,-1
1347,1859,1682.60,939.90,62.50,50.82,1,-1,-1,-1
1348,1859,1678.95,939.85,64.08,51.49,1,-1,-1,-1
1349,1859,1675.07,940.03,66.02,52.04,1,-1,-1,-1
1350,1859,1671.03,939.97,68.03,53.19,1,-1,-1,-1
1351,1859,1668.98,939.93,70.27,54.42,1,-1,-1,-1
1352,1859,1667.66,942.40,70.52,54.19,1,-1,-1,-1
1353,1859,1667.00,944.58,70.32,54.30,1,-1,-1,-1
1354,1859,1664.47,946.36,71.11,54.66,1,-1,-1,-1
1355,1859,1661.43,947.82,72.49,55.47,1,-1,-1,-1
1356,1859,1657.16,949.53,74.33,56.26,1,-1,-1,-1
1357,1859,1654.39,951.65,76.38,57.20,1,-1,-1,-1
1358,1859,1650.21,953.13,79.41,58.71,1,-1,-1,-1
1359,1859,1647.74,954.42,82.25,59.53,1,-1,-1,-1
1360,1859,1645.34,954.98,84.58,60.56,1,-1,-1,-1
1361,1859,1641.07,956.90,87.61,61.06,1,-1,-1,-1
1362,1859,1638.17,959.08,89.03,61.63,1,-1,-1,-1
1363,1859,1636.01,962.09,90.43,62.08,1,-1,-1,-1
1364,1859,1634.49,964.61,90.97,62.66,1,-1,-1,-1
1365,1859,1630.77,966.47,91.94,63.95,1,-1,-1,-1
1366,1859,1626.81,967.45,92.02,65.27,1,-1,-1,-1
1367,1859,1622.31,968.44,91.28,66.50,1,-1,-1,-1
1368,1859,1616.06,970.60,91.40,67.97,1,-1,-1,-1
1369,1859,1609.98,972.93,92.20,70.18,1,-1,-1,-1
1370,1859,1601.16,974.05,95.81,74.05,1,-1,-1,-1
1371,1859,1592.38,975.85,99.25,77.09,1,-1,-1,-1
1372,1859,1584.18,976.98,102.38,80.03,1,-1,-1,-1
1373,1859,1574.03,978.22,106.82,83.87,1,-1,-1,-1
1374,1859,1561.62,979.56,110.67,87.43,1,-1,-1,-1
1375,1859,1550.63,980.78,114.39,90.57,1,-1,-1,-1
1376,1859,1534.56,981.76,119.69,94.29,1,-1,-1,-1
1377,1859,1517.09,983.44,125.84,97.46,1,-1,-1,-1
1378,1859,1499.45,985.66,132.19,99.29,1,-1,-1,-1
1379,1859,1480.76,984.99,138.42,102.76,1,-1,-1,-1
1380,1859,1460.03,986.10,144.36,105.91,1,-1,-1,-1
1381,1859,1437.95,987.28,150.71,108.89,1,-1,-1,-1
1382,1859,1413.30,987.04,158.30,112.09,1,-1,-1,-1
1383,1859,1382.49,986.36,166.79,115.69,1,-1,-1,-1
1384,1859,1348.75,986.96,176.42,119.97,1,-1,-1,-1
1385,1859,1316.36,986.88,186.42,125.11,1,-1,-1,-1
1386,1859,1280.30,984.45,198.06,132.05,1,-1,-1,-1
1387,1859,1238.99,986.04,208.56,137.10,1,-1,-1,-1
1388,1859,1192.95,983.63,220.78,143.32,1,-1,-1,-1
1389,1859,1140.69,982.97,236.66,148.59,1,-1,-1,-1
1390,1859,1084.73,981.39,254.95,155.38,1,-1,-1,-1
1391,1859,1019.33,979.00,276.27,162.38,1,-1,-1,-1
1392,1859,945.51,974.56,300.76,171.34,1,-1,-1,-1
1393,1859,867.61,969.89,324.79,178.73,1,-1,-1,-1
1394,1859,779.09,963.13,354.99,189.93,1,-1,-1,-1
1395,1859,675.81,957.07,389.01,202.19,1,-1,-1,-1
1396,1859,561.40,952.93,427.15,213.94,1,-1,-1,-1
1397,1859,430.72,945.85,473.87,230.39,1,-1,-1,-1
1398,1859,279.03,934.69,530.47,250.81,1,-1,-1,-1
1399,1859,111.84,923.47,594.43,272.64,1,-1,-1,-1
1400,1859,16.38,910.21,606.89,291.24,1,-1,-1,-1
1401,1859,-43.54,895.99,577.83,302.81,1,-1,-1,-1
1402,1859,-87.62,889.30,513.36,311.13,1,-1,-1,-1
1637,1932,214.34,1053.43,844.99,544.18,1,-1,-1,-1
1638,1932,431.75,1058.80,774.46,481.27,1,-1,-1,-1
1639,1932,635.99,1063.93,689.67,421.20,1,-1,-1,-1
1640,1932,809.36,1068.83,606.05,369.47,1,-1,-1,-1
1641,1932,956.77,1075.16,526.04,320.86,1,-1,-1,-1
1642,1932,1085.97,1083.16,446.59,276.65,1,-1,-1,-1
1643,1932,1195.51,1087.87,374.37,237.28,1,-1,-1,-1
1644,1932,1290.46,1092.11,309.65,201.40,1,-1,-1,-1
1645,1932,1370.53,1097.58,249.24,165.46,1,-1,-1,-1
1789,1973,228.24,1055.37,884.08,644.06,1,-1,-1,-1
1790,1973,461.74,1058.73,804.32,564.95,1,-1,-1,-1
1791,1973,677.80,1064.68,708.11,491.50,1,-1,-1,-1
1792,1973,863.44,1069.87,608.66,425.89,1,-1,-1,-1
1793,1973,1016.57,1077.31,515.59,366.47,1,-1,-1,-1
1794,1973,1143.24,1083.25,430.00,311.71,1,-1,-1,-1
1795,1973,1254.70,1091.71,353.49,262.84,1,-1,-1,-1
1796,1973,1347.18,1098.80,285.06,217.83,1,-1,-1,-1
2030,2066,1328.72,970.35,228.93,173.26,1,-1,-1,-1
2031,2066,1306.51,968.13,236.45,177.91,1,-1,-1,-1
2032,2066,1283.25,966.50,242.08,180.77,1,-1,-1,-1
2033,2066,1256.92,966.76,253.26,184.50,1,-1,-1,-1
2034,2066,1226.75,965.82,263.17,187.65,1,-1,-1,-1
2035,2066,1193.65,964.89,276.96,192.25,1,-1,-1,-1
2036,2066,1159.78,963.86,291.65,197.27,1,-1,-1,-1
2037,2066,1119.80,961.03,304.80,201.91,1,-1,-1,-1
2038,2066,1079.15,960.53,318.92,207.23,1,-1,-1,-1
2039,2066,1035.87,959.22,334.99,211.34,1,-1,-1,-1
2040,2066,985.96,955.74,353.67,216.66,1,-1,-1,-1
2041,2066,933.17,948.40,372.78,224.61,1,-1,-1,-1
2042,2066,874.36,941.40,391.80,233.52,1,-1,-1,-1
2043,2066,808.92,937.68,413.17,243.29,1,-1,-1,-1
2044,2066,744.38,932.76,438.22,252.44,1,-1,-1,-1
2045,2066,666.65,925.13,468.26,264.74,1,-1,-1,-1
2046,2066,581.68,917.60,497.49,276.81,1,-1,-1,-1
2047,2066,491.40,908.11,530.49,290.38,1,-1,-1,-1
2048,2066,385.50,897.63,567.70,305.30,1,-1,-1,-1
2049,2066,271.98,888.98,610.33,318.74,1,-1,-1,-1
2050,2066,143.28,877.77,658.82,334.30,1,-1,-1,-1
2051,2066,36.81,865.91,688.94,349.13,1,-1,-1,-1
2052,2066,-24.15,849.95,683.19,364.07,1,-1,-1,-1
2053,2066,-63.43,833.74,648.30,377.11,1,-1,-1,-1
2054,2066,-92.48,818.18,586.89,388.05,1,-1,-1,-1
2055,2066,-116.15,805.44,500.79,389.51,1,-1,-1,-1
2183,2112,1637.22,970.08,81.31,58.21,1,-1,-1,-1
2184,2112,1636.83,972.79,79.21,57.55,1,-1,-1,-1
2185,2112,1632.77,974.12,78.32,57.78,1,-1,-1,-1
2186,2112,1629.05,974.69,78.66,59.55,1,-1,-1,-1
2187,2112,1623.26,975.28,81.23,61.61,1,-1,-1,-1
2188,2112,1615.02,975.63,86.22,65.33,1,-1,-1,-1
2189,2112,1608.32,976.33,89.19,68.18,1,-1,-1,-1
2190,2112,1599.62,976.19,93.68,72.12,1,-1,-1,-1
2191,2112,1588.60,975.27,100.02,77.87,1,-1,-1,-1
2192,2112,1577.79,975.78,104.39,81.94,1,-1,-1,-1
2193,2112,1567.36,975.46,109.03,85.52,1,-1,-1,-1
2194,2112,1550.11,974.40,116.06,90.06,1,-1,-1,-1
2195,2112,1535.43,976.48,120.63,92.79,1,-1,-1,-1
2196,2112,1521.71,978.16,124.02,96.35,1,-1,-1,-1
2197,2112,1507.43,980.95,126.71,98.68,1,-1,-1,-1
2198,2112,1491.62,981.27,132.01,102.21,1,-1,-1,-1
2199,2112,1474.15,984.35,135.68,103.93,1,-1,-1,-1
2200,2112,1455.75,984.17,140.16,106.70,1,-1,-1,-1
2201,2112,1433.81,982.46,147.61,110.32,1,-1,-1,-1
2202,2112,1410.22,982.43,154.53,114.40,1,-1,-1,-1
2203,2112,1378.31,982.08,163.33,118.26,1,-1,-1,-1
2204,2112,1347.09,979.02,173.63,123.84,1,-1,-1,-1
2205,2112,1312.34,978.87,184.36,128.95,1,-1,-1,-1
2206,2112,1274.92,977.84,196.81,135.21,1,-1,-1,-1
2207,2112,1233.22,974.63,209.82,141.22,1,-1,-1,-1
2208,2112,1185.66,973.78,222.38,146.44,1,-1,-1,-1
2209,2112,1130.07,970.82,238.91,151.51,1,-1,-1,-1
2210,2112,1071.63,966.73,258.47,158.57,1,-1,-1,-1
2211,2112,1000.06,962.55,282.17,166.42,1,-1,-1,-1
2212,2112,919.41,955.69,307.51,175.45,1,-1,-1,-1
2213,2112,829.94,949.19,336.51,185.53,1,-1,-1,-1
2214,2112,724.05,942.52,370.03,196.63,1,-1,-1,-1
2215,2112,604.40,932.42,408.86,209.14,1,-1,-1,-1
2216,2112,458.18,917.85,457.71,226.09,1,-1,-1,-1
2217,2112,287.26,904.40,517.28,244.05,1,-1,-1,-1
2218,2112,106.81,889.52,574.25,263.83,1,-1,-1,-1
2219,2112,3.45,871.29,574.64,280.51,1,-1,-1,-1
2220,2112,-64.99,869.91,521.76,285.52,1,-1,-1,-1
