213,2152,481.22,1022.94,1382.11,760.16,1,-1,-1,-1
214,2152,935.43,1063.30,1462.99,754.69,1,-1,-1,-1
215,2152,1350.71,1106.83,1336.08,705.45,1,-1,-1,-1
216,2152,1738.20,1160.52,1083.89,652.42,1,-1,-1,-1
395,2156,2363.25,827.20,181.43,216.22,1,-1,-1,-1
396,2156,2315.70,824.82,217.26,218.18,1,-1,-1,-1
397,2156,2256.79,827.14,243.99,212.03,1,-1,-1,-1
398,2156,2198.61,823.17,259.77,208.68,1,-1,-1,-1
399,2156,2130.39,821.60,276.58,204.86,1,-1,-1,-1
400,2156,2079.11,818.40,281.64,200.91,1,-1,-1,-1
401,2156,2025.09,811.95,283.17,199.30,1,-1,-1,-1
402,2156,1970.15,810.71,282.33,195.59,1,-1,-1,-1
403,2156,1915.86,805.48,283.98,195.32,1,-1,-1,-1
404,2156,1861.69,805.86,281.24,190.94,1,-1,-1,-1
405,2156,1807.76,795.04,281.90,193.57,1,-1,-1,-1
406,2156,1753.78,797.26,282.83,189.37,1,-1,-1,-1
407,2156,1705.19,785.59,277.77,190.81,1,-1,-1,-1
408,2156,1651.02,782.28,274.96,189.64,1,-1,-1,-1
409,2156,1596.48,782.51,275.23,185.66,1,-1,-1,-1
410,2156,1540.99,782.38,274.89,184.11,1,-1,-1,-1
411,2156,1494.99,778.33,269.22,182.92,1,-1,-1,-1
412,2156,1438.41,775.56,271.03,179.70,1,-1,-1,-1
413,2156,1381.71,770.11,271.39,178.38,1,-1,-1,-1
414,2156,1329.32,756.71,268.33,180.54,1,-1,-1,-1
415,2156,1277.63,754.75,266.14,178.66,1,-1,-1,-1
416,2156,1222.04,754.68,266.30,176.43,1,-1,-1,-1
417,2156,1168.82,744.17,267.41,180.78,1,-1,-1,-1
418,2156,1115.93,748.53,266.40,176.67,1,-1,-1,-1
419,2156,1063.32,744.97,267.30,175.19,1,-1,-1,-1
420,2156,1012.85,739.53,267.62,175.60,1,-1,-1,-1
421,2156,962.76,736.17,264.93,174.07,1,-1,-1,-1
422,2156,909.67,731.22,263.72,174.95,1,-1,-1,-1
423,2156,861.92,726.20,260.17,175.71,1,-1,-1,-1
424,2156,812.95,723.14,255.25,174.96,1,-1,-1,-1
425,2156,762.52,721.76,254.20,171.75,1,-1,-1,-1
426,2156,718.90,718.18,247.82,170.21,1,-1,-1,-1
427,2156,670.81,709.61,247.48,171.94,1,-1,-1,-1
428,2156,625.25,705.98,246.71,169.62,1,-1,-1,-1
429,2156,577.06,698.98,246.52,168.13,1,-1,-1,-1
430,2156,530.72,697.97,246.09,167.61,1,-1,-1,-1
431,2156,489.30,695.90,244.08,165.49,1,-1,-1,-1
432,2156,442.03,692.97,242.31,164.06,1,-1,-1,-1
433,2156,395.32,689.94,240.38,163.21,1,-1,-1,-1
434,2156,350.29,684.62,237.77,163.51,1,-1,-1,-1
435,2156,305.42,680.87,234.64,163.48,1,-1,-1,-1
436,2156,262.88,674.83,233.43,165.36,1,-1,-1,-1
437,2156,216.88,669.86,233.22,166.24,1,-1,-1,-1
438,2156,175.35,665.95,231.42,166.13,1,-1,-1,-1
439,2156,130.15,661.19,230.06,165.57,1,-1,-1,-1
440,2156,90.99,660.00,226.68,162.49,1,-1,-1,-1
441,2156,48.70,655.22,224.47,161.68,1,-1,-1,-1
442,2156,5.69,651.75,221.67,160.15,1,-1,-1,-1
443,2156,-20.97,646.37,211.80,161.94,1,-1,-1,-1
444,2156,-37.00,651.52,191.20,158.35,1,-1,-1,-1
445,2156,-44.85,647.70,165.85,155.97,1,-1,-1,-1
662,2167,1670.88,778.62,732.02,429.44,1,-1,-1,-1
663,2167,1403.98,764.79,789.55,425.89,1,-1,-1,-1
664,2167,1142.74,745.36,812.79,418.37,1,-1,-1,-1
665,2167,891.10,732.60,820.59,405.65,1,-1,-1,-1
666,2167,646.10,722.02,814.06,390.10,1,-1,-1,-1
667,2167,406.88,707.98,810.16,379.32,1,-1,-1,-1
668,2167,177.15,694.22,802.51,368.43,1,-1,-1,-1
669,2167,-28.77,679.65,787.77,358.31,1,-1,-1,-1
670,2167,-132.21,666.38,707.79,346.47,1,-1,-1,-1
671,2167,-183.95,652.76,586.97,332.83,1,-1,-1,-1
698,2170,393.99,430.75,104.94,82.50,1,-1,-1,-1
699,2173,1576.69,767.53,856.34,415.96,1,-1,-1,-1
699,2170,445.95,433.29,109.48,85.08,1,-1,-1,-1
700,2173,1318.50,755.77,920.88,409.11,1,-1,-1,-1
700,2170,496.83,438.66,107.72,84.27,1,-1,-1,-1
701,2173,1064.09,739.34,945.61,397.96,1,-1,-1,-1
701,2170,545.96,447.83,106.10,81.57,1,-1,-1,-1
702,2173,819.72,726.59,948.37,380.33,1,-1,-1,-1
702,2170,595.26,456.06,100.51,79.05,1,-1,-1,-1
703,2173,589.10,711.91,942.31,369.55,1,-1,-1,-1
703,2170,639.14,464.34,95.59,77.41,1,-1,-1,-1
704,2173,367.23,698.23,931.61,358.57,1,-1,-1,-1
704,2170,676.27,469.60,96.53,78.99,1,-1,-1,-1
705,2173,153.14,685.82,919.69,347.50,1,-1,-1,-1
705,2170,713.91,475.17,96.79,80.38,1,-1,-1,-1
706,2173,-36.34,670.22,898.15,340.12,1,-1,-1,-1
706,2170,750.65,481.98,98.61,81.93,1,-1,-1,-1
707,2173,-133.24,653.34,814.03,332.20,1,-1,-1,-1
707,2170,791.81,487.57,102.52,83.99,1,-1,-1,-1
708,2173,-182.22,641.92,689.68,318.96,1,-1,-1,-1
708,2170,832.06,489.47,109.15,88.04,1,-1,-1,-1
709,2170,872.14,496.19,111.60,88.87,1,-1,-1,-1
710,2170,911.97,499.25,110.31,90.36,1,-1,-1,-1
711,2170,951.91,509.27,105.15,88.94,1,-1,-1,-1
712,2170,990.19,517.33,98.35,86.81,1,-1,-1,-1
713,2170,1022.19,527.41,96.05,84.73,1,-1,-1,-1
714,2170,1051.20,531.13,98.55,84.81,1,-1,-1,-1
715,2170,1081.31,537.70,101.18,83.56,1,-1,-1,-1
716,2170,1114.31,538.39,104.33,86.25,1,-1,-1,-1
717,2170,1143.27,546.55,109.83,86.17,1,-1,-1,-1
718,2170,1173.44,548.11,117.06,89.57,1,-1,-1,-1
719,2170,1207.00,551.77,121.70,90.81,1,-1,-1,-1
720,2170,1240.96,556.10,128.53,93.30,1,-1,-1,-1
721,2170,1277.21,558.34,130.83,95.01,1,-1,-1,-1
722,2170,1314.93,555.33,133.38,98.81,1,-1,-1,-1
723,2170,1350.06,557.36,127.28,99.20,1,-1,-1,-1
724,2170,1393.26,557.82,130.58,101.98,1,-1,-1,-1
725,2170,1430.78,555.46,131.93,104.50,1,-1,-1,-1
726,2170,1476.97,551.29,126.09,105.36,1,-1,-1,-1
727,2170,1502.77,548.74,124.12,107.06,1,-1,-1,-1
728,2170,1525.10,551.29,121.29,105.09,1,-1,-1,-1
729,2170,1546.78,550.73,114.61,103.13,1,-1,-1,-1
730,2170,1561.01,542.21,109.59,104.32,1,-1,-1,-1
738,2182,1735.55,767.22,752.14,435.29,1,-1,-1,-1
739,2182,1494.17,752.63,865.29,436.42,1,-1,-1,-1
740,2182,1230.13,742.13,923.67,426.03,1,-1,-1,-1
741,2182,976.62,727.60,947.70,415.22,1,-1,-1,-1
742,2182,730.67,715.95,953.90,398.21,1,-1,-1,-1
743,2182,489.93,700.13,956.07,389.44,1,-1,-1,-1
744,2182,261.65,685.77,951.37,380.65,1,-1,-1,-1
745,2182,40.43,673.95,941.56,370.61,1,-1,-1,-1
746,2182,-96.85,660.59,886.76,363.08,1,-1,-1,-1
747,2182,-166.91,644.93,784.02,353.58,1,-1,-1,-1
748,2187,1294.01,480.10,119.04,93.99,1,-1,-1,-1
748,2182,-201.47,632.87,649.46,340.46,1,-1,-1,-1
749,2187,1271.49,478.00,117.90,91.72,1,-1,-1,-1
750,2187,1254.70,473.75,115.54,89.52,1,-1,-1,-1
751,2187,1233.11,468.61,118.68,90.77,1,-1,-1,-1
752,2187,1216.10,469.68,119.36,88.53,1,-1,-1,-1
753,2187,1199.51,468.57,112.18,82.08,1,-1,-1,-1
754,2187,1183.37,469.14,105.09,78.08,1,-1,-1,-1
755,2187,1163.20,469.80,103.53,75.81,1,-1,-1,-1
756,2187,1138.10,470.58,101.41,74.70,1,-1,-1,-1
757,2187,1116.27,469.30,98.10,73.90,1,-1,-1,-1
758,2187,1094.12,469.77,96.65,72.43,1,-1,-1,-1
759,2187,1069.04,467.98,95.59,69.61,1,-1,-1,-1
760,2187,1044.75,464.53,95.44,68.70,1,-1,-1,-1
761,2187,1018.24,458.09,97.58,69.70,1,-1,-1,-1
762,2187,995.04,459.35,98.91,68.50,1,-1,-1,-1
763,2187,967.77,453.63,99.04,68.69,1,-1,-1,-1
764,2187,943.19,451.11,96.74,69.09,1,-1,-1,-1
765,2187,919.44,448.44,96.24,68.59,1,-1,-1,-1
766,2187,895.84,442.02,94.82,70.32,1,-1,-1,-1
767,2187,871.26,437.09,92.21,72.06,1,-1,-1,-1
768,2187,847.52,435.79,92.03,71.87,1,-1,-1,-1
769,2187,820.56,433.24,90.49,71.63,1,-1,-1,-1
770,2187,796.83,429.16,91.89,72.60,1,-1,-1,-1
771,2187,772.87,426.65,92.34,73.48,1,-1,-1,-1
772,2187,752.01,422.61,91.27,73.44,1,-1,-1,-1
773,2187,729.84,421.88,88.93,73.21,1,-1,-1,-1
774,2187,711.28,421.11,89.43,71.69,1,-1,-1,-1
775,2187,689.45,420.77,89.17,70.01,1,-1,-1,-1
776,2187,669.17,419.35,88.63,69.68,1,-1,-1,-1
777,2187,648.94,417.20,88.17,69.61,1,-1,-1,-1
778,2187,627.51,414.28,90.82,71.14,1,-1,-1,-1
779,2187,605.81,413.80,92.77,72.11,1,-1,-1,-1
780,2187,584.39,411.44,93.54,72.96,1,-1,-1,-1
781,2187,562.84,409.95,95.60,74.81,1,-1,-1,-1
782,2187,544.89,410.19,95.04,74.83,1,-1,-1,-1
783,2187,530.18,412.50,95.59,74.74,1,-1,-1,-1
784,2187,516.86,411.73,95.68,74.90,1,-1,-1,-1
785,2187,505.93,413.08,94.65,74.95,1,-1,-1,-1
786,2187,494.58,414.51,92.37,74.90,1,-1,-1,-1
787,2187,486.34,415.05,90.81,75.56,1,-1,-1,-1
788,2187,480.97,417.37,86.47,74.25,1,-1,-1,-1
789,2187,475.94,417.61,85.56,75.59,1,-1,-1,-1
790,2187,471.64,419.15,85.20,75.48,1,-1,-1,-1
791,2187,465.01,419.74,85.48,76.08,1,-1,-1,-1
792,2187,460.83,422.04,82.37,75.66,1,-1,-1,-1
793,2187,453.06,424.51,77.00,75.65,1,-1,-1,-1
800,2193,450.49,431.58,37.61,85.59,1,-1,-1,-1
801,2193,451.16,432.80,37.63,86.11,1,-1,-1,-1
802,2193,452.78,439.66,38.70,84.42,1,-1,-1,-1
803,2193,457.77,441.31,40.04,84.58,1,-1,-1,-1
804,2193,465.38,438.96,44.25,89.72,1,-1,-1,-1
805,2193,472.23,442.53,48.62,91.32,1,-1,-1,-1
806,2193,477.69,450.58,51.77,88.24,1,-1,-1,-1
807,2193,480.58,452.91,57.90,87.98,1,-1,-1,-1
808,2193,484.27,448.82,64.72,91.22,1,-1,-1,-1
809,2193,490.84,453.69,71.52,90.59,1,-1,-1,-1
810,2193,499.50,457.39,79.00,91.46,1,-1,-1,-1
811,2193,512.09,462.29,83.91,90.84,1,-1,-1,-1
812,2193,528.46,466.13,87.49,90.58,1,-1,-1,-1
813,2193,545.53,469.61,90.39,90.31,1,-1,-1,-1
814,2193,565.15,470.60,93.48,91.39,1,-1,-1,-1
815,2193,579.97,472.58,97.11,91.63,1,-1,-1,-1
816,2193,598.36,477.72,101.07,90.40,1,-1,-1,-1
817,2193,616.87,481.82,106.34,90.00,1,-1,-1,-1
818,2193,637.10,484.34,110.51,89.85,1,-1,-1,-1
819,2193,661.07,484.61,111.65,91.04,1,-1,-1,-1
820,2193,683.56,489.27,115.27,90.36,1,-1,-1,-1
821,2193,707.64,491.27,114.91,90.77,1,-1,-1,-1
822,2193,737.27,493.07,115.59,91.98,1,-1,-1,-1
823,2193,760.60,497.88,119.01,92.16,1,-1,-1,-1
824,2193,788.35,499.52,117.54,92.96,1,-1,-1,-1
825,2193,817.20,503.40,116.05,91.78,1,-1,-1,-1
826,2193,845.46,506.52,118.49,91.72,1,-1,-1,-1
827,2193,874.87,508.64,118.38,90.47,1,-1,-1,-1
828,2193,900.84,511.78,119.74,89.24,1,-1,-1,-1
829,2193,928.13,513.72,119.65,88.04,1,-1,-1,-1
830,2193,956.30,515.44,120.38,87.66,1,-1,-1,-1
831,2194,102.33,511.75,134.07,103.85,1,-1,-1,-1
831,2193,985.12,517.33,124.09,87.23,1,-1,-1,-1
832,2194,161.70,514.05,134.14,100.83,1,-1,-1,-1
832,2193,1014.49,520.30,123.69,85.43,1,-1,-1,-1
833,2194,224.39,520.69,136.20,97.46,1,-1,-1,-1
833,2193,1042.72,519.30,123.71,85.92,1,-1,-1,-1
834,2194,286.17,528.38,139.50,97.84,1,-1,-1,-1
834,2193,1073.60,517.85,126.87,87.86,1,-1,-1,-1
835,2194,351.54,530.26,141.48,97.80,1,-1,-1,-1
835,2193,1104.31,519.56,127.83,86.51,1,-1,-1,-1
836,2194,416.30,537.78,140.05,93.15,1,-1,-1,-1
836,2193,1136.61,516.06,130.09,89.40,1,-1,-1,-1
837,2194,483.70,540.22,140.33,92.08,1,-1,-1,-1
837,2193,1167.61,516.78,130.04,87.33,1,-1,-1,-1
838,2194,553.16,543.17,142.00,90.97,1,-1,-1,-1
838,2193,1197.94,515.31,131.10,88.97,1,-1,-1,-1
839,2194,622.46,544.76,144.83,92.60,1,-1,-1,-1
839,2193,1232.53,514.10,132.83,89.44,1,-1,-1,-1
840,2194,690.77,545.30,149.73,95.26,1,-1,-1,-1
840,2193,1261.21,521.67,131.68,86.38,1,-1,-1,-1
841,2194,758.74,539.90,149.15,98.65,1,-1,-1,-1
841,2193,1289.47,524.13,133.44,86.91,1,-1,-1,-1
842,2194,824.52,549.19,149.92,95.63,1,-1,-1,-1
842,2193,1320.21,523.22,130.98,86.62,1,-1,-1,-1
843,2194,893.45,554.60,150.46,93.42,1,-1,-1,-1
843,2193,1348.29,525.00,122.92,86.53,1,-1,-1,-1
844,2194,962.28,560.75,152.59,92.03,1,-1,-1,-1
844,2193,1375.83,527.54,118.21,86.08,1,-1,-1,-1
845,2194,1030.32,565.05,154.76,90.96,1,-1,-1,-1
845,2193,1407.48,529.91,118.45,85.95,1,-1,-1,-1
846,2194,1099.33,567.03,156.29,92.77,1,-1,-1,-1
846,2193,1443.73,534.18,123.65,88.17,1,-1,-1,-1
847,2194,1168.93,569.79,155.26,93.14,1,-1,-1,-1
847,2193,1489.86,531.42,118.11,87.63,1,-1,-1,-1
848,2194,1239.70,570.77,152.05,94.19,1,-1,-1,-1
848,2193,1518.17,533.64,116.87,86.16,1,-1,-1,-1
849,2194,1310.28,571.37,149.39,94.67,1,-1,-1,-1
849,2193,1542.60,534.30,123.18,85.56,1,-1,-1,-1
850,2194,1374.29,577.33,144.39,91.41,1,-1,-1,-1
850,2193,1574.52,537.87,126.11,83.99,1,-1,-1,-1
851,2194,1466.30,571.83,133.70,93.19,1,-1,-1,-1
851,2193,1608.28,537.33,128.20,82.61,1,-1,-1,-1
852,2194,1532.65,571.65,141.85,96.38,1,-1,-1,-1
852,2193,1646.92,535.97,126.26,84.18,1,-1,-1,-1
853,2194,1598.85,565.27,151.86,106.18,1,-1,-1,-1
854,2194,1660.00,567.55,153.06,107.66,1,-1,-1,-1
855,2194,1721.36,569.59,149.18,107.43,1,-1,-1,-1
856,2194,1779.82,572.44,150.21,103.80,1,-1,-1,-1
857,2194,1842.36,572.60,151.35,103.38,1,-1,-1,-1
858,2194,1911.56,583.18,149.43,101.36,1,-1,-1,-1
859,2194,1977.32,591.11,148.87,97.52,1,-1,-1,-1
860,2194,2042.52,598.75,145.02,94.32,1,-1,-1,-1
861,2194,2107.13,606.12,140.41,90.21,1,-1,-1,-1
862,2194,2173.63,606.35,136.41,88.63,1,-1,-1,-1
863,2194,2232.39,610.82,134.93,85.76,1,-1,-1,-1
864,2194,2288.96,612.45,136.39,85.53,1,-1,-1,-1
865,2194,2348.99,614.75,133.83,86.03,1,-1,-1,-1
866,2194,2411.57,618.38,133.28,85.17,1,-1,-1,-1
867,2194,2459.48,624.22,123.86,85.15,1,-1,-1,-1
951,2215,40.55,1004.15,584.18,739.01,1,-1,-1,-1
952,2215,55.20,978.59,717.63,787.26,1,-1,-1,-1
953,2215,69.71,972.72,858.11,817.38,1,-1,-1,-1
954,2215,81.41,984.16,1002.89,831.25,1,-1,-1,-1
955,2215,93.25,1001.81,1158.38,837.74,1,-1,-1,-1
956,2215,106.53,1017.85,1325.88,843.11,1,-1,-1,-1
957,2215,148.70,1037.08,1480.09,845.45,1,-1,-1,-1
958,2215,536.06,1079.24,1606.02,849.37,1,-1,-1,-1
959,2215,788.64,1104.20,1677.23,841.75,1,-1,-1,-1
960,2215,972.56,1125.72,1657.97,827.34,1,-1,-1,-1
961,2215,1139.56,1146.65,1577.18,807.42,1,-1,-1,-1
962,2215,1311.19,1170.71,1454.17,785.15,1,-1,-1,-1
963,2215,1487.42,1194.91,1305.06,762.02,1,-1,-1,-1
964,2215,1673.74,1222.89,1134.92,736.97,1,-1,-1,-1
1139,2222,1881.55,858.51,624.92,417.25,1,-1,-1,-1
1140,2222,1720.27,841.79,777.73,460.10,1,-1,-1,-1
1141,2222,1567.08,818.54,919.17,472.40,1,-1,-1,-1
1142,2222,1379.14,804.26,988.33,466.20,1,-1,-1,-1
1143,2222,1183.81,793.94,1022.09,455.14,1,-1,-1,-1
1144,2222,997.89,777.21,1034.82,444.66,1,-1,-1,-1
1145,2222,817.71,757.76,1033.23,434.31,1,-1,-1,-1
1146,2222,642.77,740.21,1027.31,424.84,1,-1,-1,-1
1147,2222,474.46,732.46,1013.96,411.72,1,-1,-1,-1
1148,2222,309.22,721.59,1001.95,398.19,1,-1,-1,-1
1149,2222,146.31,709.06,989.21,389.30,1,-1,-1,-1
1150,2222,-15.21,696.95,976.19,379.64,1,-1,-1,-1
1151,2222,-99.15,684.26,920.94,372.70,1,-1,-1,-1
1152,2222,-144.67,671.41,833.08,364.41,1,-1,-1,-1
1153,2222,-169.22,656.49,723.64,355.91,1,-1,-1,-1
1154,2222,-181.22,646.81,600.33,343.01,1,-1,-1,-1
1205,2226,2178.35,764.29,357.98,453.66,1,-1,-1,-1
1206,2226,2079.95,745.01,443.54,476.58,1,-1,-1,-1
1207,2226,1971.16,736.88,539.32,484.96,1,-1,-1,-1
1208,2226,1853.03,733.30,646.10,486.85,1,-1,-1,-1
1209,2226,1735.44,730.31,756.27,485.36,1,-1,-1,-1
1210,2226,1600.87,726.29,849.23,481.39,1,-1,-1,-1
1211,2226,1448.44,723.55,912.61,476.40,1,-1,-1,-1
1212,2226,1291.58,718.98,955.21,472.27,1,-1,-1,-1
1213,2226,1137.21,712.42,979.31,468.48,1,-1,-1,-1
1214,2226,977.86,702.81,992.56,466.39,1,-1,-1,-1
1215,2226,824.76,693.39,996.30,464.30,1,-1,-1,-1
1216,2226,672.98,682.95,994.55,458.82,1,-1,-1,-1
1217,2226,523.32,675.56,990.42,451.61,1,-1,-1,-1
1218,2226,376.84,665.65,984.40,446.29,1,-1,-1,-1
1219,2226,236.45,657.70,974.38,438.95,1,-1,-1,-1
1220,2226,92.30,651.16,965.09,430.61,1,-1,-1,-1
1221,2226,-34.32,637.55,946.86,426.70,1,-1,-1,-1
1222,2226,-101.53,627.43,890.48,420.41,1,-1,-1,-1
1223,2226,-138.69,615.40,809.91,414.59,1,-1,-1,-1
1224,2226,-159.93,600.95,709.68,409.99,1,-1,-1,-1
1225,2226,-170.66,589.16,598.54,405.50,1,-1,-1,-1
1316,2230,91.18,824.57,988.79,970.65,1,-1,-1,-1
1317,2230,126.72,834.17,1253.59,1011.87,1,-1,-1,-1
1318,2230,249.73,861.14,1487.71,1023.55,1,-1,-1,-1
1319,2230,502.24,876.80,1636.57,1030.91,1,-1,-1,-1
1320,2230,803.23,919.23,1705.44,1011.95,1,-1,-1,-1
1321,2230,1081.58,952.62,1617.53,962.95,1,-1,-1,-1
1322,2230,1361.92,988.39,1441.09,920.90,1,-1,-1,-1
1323,2230,1649.50,1028.96,1209.25,883.93,1,-1,-1,-1
1464,2235,1639.04,809.26,853.02,431.80,1,-1,-1,-1
1465,2235,1401.52,795.78,940.75,435.36,1,-1,-1,-1
1466,2235,1180.67,787.87,973.69,426.66,1,-1,-1,-1
1467,2235,965.63,780.80,986.40,418.80,1,-1,-1,-1
1468,2235,742.66,765.63,1003.02,415.63,1,-1,-1,-1
1469,2235,538.38,754.75,1006.86,409.82,1,-1,-1,-1
1470,2235,332.94,746.51,1011.51,405.05,1,-1,-1,-1
1471,2235,1.15,727.78,942.98,397.67,1,-1,-1,-1
1472,2235,-134.39,719.45,837.12,387.23,1,-1,-1,-1
1473,2235,-190.14,719.31,706.10,376.25,1,-1,-1,-1
1689,2254,331.40,886.99,1336.55,801.06,1,-1,-1,-1
1690,2254,693.17,925.45,1428.67,798.16,1,-1,-1,-1
1691,2254,1092.80,959.68,1451.76,784.39,1,-1,-1,-1
1692,2254,1445.26,1000.20,1294.54,730.54,1,-1,-1,-1
1693,2254,1778.94,1044.98,1053.77,682.36,1,-1,-1,-1
1841,2257,173.54,854.34,1299.06,973.27,1,-1,-1,-1
1842,2257,514.33,892.87,1460.65,977.22,1,-1,-1,-1
1843,2257,947.38,940.54,1539.08,958.09,1,-1,-1,-1
1844,2257,1329.31,984.49,1398.46,894.67,1,-1,-1,-1
1845,2257,1691.91,1038.37,1153.96,839.15,1,-1,-1,-1
2123,2285,1903.29,742.25,604.39,495.31,1,-1,-1,-1
2124,2285,1750.50,728.80,745.91,523.48,1,-1,-1,-1
2125,2285,1591.95,716.80,887.62,531.80,1,-1,-1,-1
2126,2285,1397.69,706.98,959.94,526.52,1,-1,-1,-1
2127,2285,1198.75,697.50,999.15,519.55,1,-1,-1,-1
2128,2285,1009.25,685.58,1013.53,508.19,1,-1,-1,-1
2129,2285,822.17,676.49,1019.40,498.42,1,-1,-1,-1
2130,2285,643.20,664.13,1017.17,489.25,1,-1,-1,-1
2131,2285,468.52,647.10,1011.86,482.33,1,-1,-1,-1
2132,2285,302.75,633.90,1009.88,474.09,1,-1,-1,-1
2133,2285,138.82,623.39,997.92,464.15,1,-1,-1,-1
2134,2285,-22.54,614.21,985.83,451.78,1,-1,-1,-1
2135,2285,-103.08,605.79,932.09,441.35,1,-1,-1,-1
2136,2285,-146.07,594.80,846.92,432.31,1,-1,-1,-1
2137,2285,-168.08,582.67,742.96,423.38,1,-1,-1,-1
2138,2285,-179.11,573.52,625.14,412.92,1,-1,-1,-1
2314,2289,240.25,1017.00,1207.53,883.43,1,-1,-1,-1
2315,2289,601.95,1059.69,1339.18,869.50,1,-1,-1,-1
2316,2289,1039.69,1098.42,1413.80,854.00,1,-1,-1,-1
2317,2289,1425.92,1136.72,1287.44,800.92,1,-1,-1,-1
2318,2289,1785.72,1187.00,1052.90,750.39,1,-1,-1,-1
2364,2291,1629.93,756.65,817.60,434.06,1,-1,-1,-1
2365,2291,1340.42,746.68,902.19,424.95,1,-1,-1,-1
2366,2291,1050.19,728.57,939.29,415.49,1,-1,-1,-1
2367,2291,762.29,713.17,959.53,405.47,1,-1,-1,-1
2368,2291,488.16,696.17,962.92,394.18,1,-1,-1,-1
2369,2291,224.11,684.20,956.61,381.90,1,-1,-1,-1
2370,2291,-23.15,670.12,942.83,371.26,1,-1,-1,-1
2371,2291,-145.59,656.04,850.99,360.31,1,-1,-1,-1
2372,2291,-208.56,645.22,707.62,345.77,1,-1,-1,-1
