1,2297,542.79,776.12,59.35,38.34,1,-1,-1,-1
2,2297,543.11,775.57,57.48,37.80,1,-1,-1,-1
3,2297,543.04,775.54,56.81,37.62,1,-1,-1,-1
4,2297,542.99,775.49,56.83,37.70,1,-1,-1,-1
5,2297,542.94,775.48,56.78,37.71,1,-1,-1,-1
6,2297,543.05,775.53,56.72,37.69,1,-1,-1,-1
7,2297,543.03,775.58,56.65,37.69,1,-1,-1,-1
8,2297,543.03,775.76,56.56,37.66,1,-1,-1,-1
9,2297,543.01,775.79,56.61,37.72,1,-1,-1,-1
10,2297,543.03,775.76,56.59,37.68,1,-1,-1,-1
11,2297,543.07,775.77,56.62,37.66,1,-1,-1,-1
12,2297,543.13,775.84,56.56,37.59,1,-1,-1,-1
13,2297,543.61,775.18,56.92,37.81,1,-1,-1,-1
14,2297,543.77,774.87,57.21,38.00,1,-1,-1,-1
15,2297,543.69,774.77,57.38,38.07,1,-1,-1,-1
16,2297,543.74,774.74,57.41,38.10,1,-1,-1,-1
17,2297,543.79,774.66,57.51,38.19,1,-1,-1,-1
18,2297,543.78,774.63,57.51,38.23,1,-1,-1,-1
19,2297,543.79,774.67,57.47,38.21,1,-1,-1,-1
20,2297,543.81,774.64,57.48,38.27,1,-1,-1,-1
21,2297,543.83,774.54,57.57,38.31,1,-1,-1,-1
22,2297,543.75,774.49,57.58,38.34,1,-1,-1,-1
23,2297,543.80,774.42,57.61,38.38,1,-1,-1,-1
24,2297,543.71,774.49,57.69,38.45,1,-1,-1,-1
25,2297,543.67,774.72,57.60,38.38,1,-1,-1,-1
26,2297,543.61,774.91,57.63,38.37,1,-1,-1,-1
27,2297,543.64,774.89,57.63,38.38,1,-1,-1,-1
28,2297,543.76,774.77,57.60,38.35,1,-1,-1,-1
29,2297,543.86,774.75,57.55,38.31,1,-1,-1,-1
30,2297,543.83,774.73,57.57,38.30,1,-1,-1,-1
31,2297,543.73,774.72,57.56,38.27,1,-1,-1,-1
32,2297,543.83,774.71,57.50,38.22,1,-1,-1,-1
33,2297,543.88,774.71,57.50,38.20,1,-1,-1,-1
34,2297,543.90,774.69,57.47,38.16,1,-1,-1,-1
35,2297,543.93,774.74,57.48,38.15,1,-1,-1,-1
36,2297,543.90,774.79,57.50,38.15,1,-1,-1,-1
37,2297,543.75,774.77,57.53,38.15,1,-1,-1,-1
38,2297,543.69,774.78,57.50,38.12,1,-1,-1,-1
39,2297,543.66,774.85,57.54,38.14,1,-1,-1,-1
40,2297,543.59,774.85,57.57,38.16,1,-1,-1,-1
41,2297,543.47,774.78,57.60,38.17,1,-1,-1,-1
42,2297,543.49,774.72,57.62,38.17,1,-1,-1,-1
43,2297,543.45,774.67,57.64,38.21,1,-1,-1,-1
44,2297,543.42,774.73,57.60,38.19,1,-1,-1,-1
45,2297,543.35,774.80,57.56,38.17,1,-1,-1,-1
46,2297,543.39,774.79,57.56,38.18,1,-1,-1,-1
47,2297,543.53,774.89,57.55,38.14,1,-1,-1,-1
48,2297,543.62,774.92,57.48,38.09,1,-1,-1,-1
49,2297,543.55,775.09,57.42,38.02,1,-1,-1,-1
50,2297,543.54,775.14,57.40,37.96,1,-1,-1,-1
51,2297,543.50,775.18,57.40,37.92,1,-1,-1,-1
52,2297,543.53,775.01,57.45,37.98,1,-1,-1,-1
53,2297,543.57,775.06,57.44,37.95,1,-1,-1,-1
54,2297,543.53,774.97,57.56,38.00,1,-1,-1,-1
55,2297,543.47,774.91,57.62,38.02,1,-1,-1,-1
56,2297,543.51,774.96,57.60,38.02,1,-1,-1,-1
57,2297,543.47,774.91,57.62,38.02,1,-1,-1,-1
58,2297,543.44,774.90,57.64,38.04,1,-1,-1,-1
59,2297,543.42,774.92,57.67,38.05,1,-1,-1,-1
60,2297,543.41,774.94,57.58,38.03,1,-1,-1,-1
61,2297,543.40,775.28,57.53,37.99,1,-1,-1,-1
62,2297,543.35,775.39,57.53,38.02,1,-1,-1,-1
63,2297,543.19,775.24,57.64,38.17,1,-1,-1,-1
64,2297,543.08,775.21,57.79,38.35,1,-1,-1,-1
65,2297,543.09,775.09,57.94,38.55,1,-1,-1,-1
66,2297,543.12,774.93,58.02,38.69,1,-1,-1,-1
67,2297,543.10,774.83,58.11,38.85,1,-1,-1,-1
68,2297,542.92,774.78,58.24,38.97,1,-1,-1,-1
69,2297,542.94,774.64,58.26,39.03,1,-1,-1,-1
70,2297,542.98,774.73,58.28,39.06,1,-1,-1,-1
71,2297,542.92,774.85,58.28,39.05,1,-1,-1,-1
72,2297,542.83,774.85,58.25,39.05,1,-1,-1,-1
73,2297,542.68,775.35,58.04,38.71,1,-1,-1,-1
74,2297,542.88,775.50,57.79,38.38,1,-1,-1,-1
75,2297,542.96,775.61,57.52,38.12,1,-1,-1,-1
76,2297,543.06,775.61,57.43,38.01,1,-1,-1,-1
77,2297,543.25,775.56,57.29,37.85,1,-1,-1,-1
78,2297,543.31,775.63,57.22,37.68,1,-1,-1,-1
79,2297,543.32,775.60,57.23,37.60,1,-1,-1,-1
80,2297,543.27,775.53,57.20,37.61,1,-1,-1,-1
81,2297,543.28,775.55,57.21,37.60,1,-1,-1,-1
82,2297,543.32,775.52,57.22,37.59,1,-1,-1,-1
83,2297,543.38,775.39,57.21,37.55,1,-1,-1,-1
84,2297,543.64,775.13,57.32,37.59,1,-1,-1,-1
85,2297,543.53,775.11,57.33,37.76,1,-1,-1,-1
86,2297,543.51,775.06,57.32,37.89,1,-1,-1,-1
87,2297,543.51,775.03,57.35,38.03,1,-1,-1,-1
88,2297,543.54,774.96,57.44,38.14,1,-1,-1,-1
89,2297,543.52,774.85,57.52,38.22,1,-1,-1,-1
90,2297,543.50,774.83,57.56,38.27,1,-1,-1,-1
91,2297,542.56,774.73,57.71,38.51,1,-1,-1,-1
92,2297,542.19,774.64,57.96,38.71,1,-1,-1,-1
93,2297,542.01,774.57,58.06,38.84,1,-1,-1,-1
94,2297,542.03,774.43,58.18,38.99,1,-1,-1,-1
95,2297,541.99,774.55,58.18,39.05,1,-1,-1,-1
96,2297,541.97,774.46,58.25,39.10,1,-1,-1,-1
97,2297,541.76,774.70,58.45,39.31,1,-1,-1,-1
98,2297,541.71,774.77,58.60,39.47,1,-1,-1,-1
99,2297,541.70,774.84,58.62,39.48,1,-1,-1,-1
100,2297,542.02,774.75,58.66,39.49,1,-1,-1,-1
101,2297,542.37,774.79,58.51,39.28,1,-1,-1,-1
102,2297,542.08,774.90,58.48,39.24,1,-1,-1,-1
103,2297,542.04,775.24,58.45,39.13,1,-1,-1,-1
104,2297,541.95,775.10,58.41,39.18,1,-1,-1,-1
105,2297,542.10,774.99,58.37,39.20,1,-1,-1,-1
106,2297,542.18,774.94,58.43,39.24,1,-1,-1,-1
107,2297,542.16,774.82,58.56,39.34,1,-1,-1,-1
108,2297,542.40,774.91,58.55,39.30,1,-1,-1,-1
109,2297,542.22,774.93,58.70,39.20,1,-1,-1,-1
110,2297,542.13,774.94,58.74,39.19,1,-1,-1,-1
111,2297,542.07,774.94,58.75,39.15,1,-1,-1,-1
112,2297,541.92,775.03,58.76,39.18,1,-1,-1,-1
113,2297,541.87,775.12,58.82,39.20,1,-1,-1,-1
114,2297,541.81,774.98,58.91,39.23,1,-1,-1,-1
115,2297,541.85,774.96,59.00,39.27,1,-1,-1,-1
116,2297,541.81,774.83,58.94,39.32,1,-1,-1,-1
117,2297,541.81,774.86,58.90,39.32,1,-1,-1,-1
118,2297,541.76,774.79,58.91,39.29,1,-1,-1,-1
119,2297,541.77,774.96,58.78,39.22,1,-1,-1,-1
120,2297,541.86,775.08,58.68,39.13,1,-1,-1,-1
121,2297,541.45,774.92,59.10,39.47,1,-1,-1,-1
122,2297,540.68,774.42,59.42,39.77,1,-1,-1,-1
123,2297,540.60,774.42,59.68,39.93,1,-1,-1,-1
124,2297,540.54,774.39,59.78,40.00,1,-1,-1,-1
125,2297,540.52,774.34,59.71,40.01,1,-1,-1,-1
126,2297,540.60,774.21,59.54,40.03,1,-1,-1,-1
127,2297,540.77,774.60,59.28,39.95,1,-1,-1,-1
128,2297,540.92,774.64,59.06,39.89,1,-1,-1,-1
129,2297,541.19,774.35,59.02,39.93,1,-1,-1,-1
130,2297,541.28,774.25,58.96,39.94,1,-1,-1,-1
131,2297,541.35,774.22,58.95,39.97,1,-1,-1,-1
132,2297,541.29,774.22,58.97,39.96,1,-1,-1,-1
133,2297,541.24,774.26,59.00,40.02,1,-1,-1,-1
134,2297,541.07,774.18,59.27,40.17,1,-1,-1,-1
135,2297,541.30,773.66,59.49,40.34,1,-1,-1,-1
136,2297,541.42,773.44,59.68,40.55,1,-1,-1,-1
137,2297,541.32,773.69,59.80,40.67,1,-1,-1,-1
138,2297,541.39,773.77,59.91,40.78,1,-1,-1,-1
139,2297,541.35,773.59,60.05,40.89,1,-1,-1,-1
140,2297,541.36,773.53,60.11,40.97,1,-1,-1,-1
141,2297,541.42,773.52,60.17,41.02,1,-1,-1,-1
142,2297,541.41,773.44,60.25,41.03,1,-1,-1,-1
143,2297,541.41,773.46,60.28,41.06,1,-1,-1,-1
144,2297,541.45,773.43,60.36,41.11,1,-1,-1,-1
145,2297,541.30,773.17,60.35,41.14,1,-1,-1,-1
146,2297,541.25,773.14,60.37,41.07,1,-1,-1,-1
147,2297,541.15,772.98,60.37,41.16,1,-1,-1,-1
148,2297,541.20,772.99,60.24,41.27,1,-1,-1,-1
149,2297,541.02,773.59,60.03,41.23,1,-1,-1,-1
150,2297,540.99,773.82,59.87,41.18,1,-1,-1,-1
151,2297,541.07,773.91,59.72,41.13,1,-1,-1,-1
152,2297,541.07,773.94,59.64,41.11,1,-1,-1,-1
153,2297,541.12,773.97,59.62,41.10,1,-1,-1,-1
154,2297,541.11,773.98,59.56,41.06,1,-1,-1,-1
155,2297,541.21,773.67,59.62,41.11,1,-1,-1,-1
156,2297,541.18,773.60,59.68,41.14,1,-1,-1,-1
157,2297,541.07,772.81,59.85,41.25,1,-1,-1,-1
158,2297,540.73,772.42,60.06,41.35,1,-1,-1,-1
159,2297,540.86,772.80,60.02,41.24,1,-1,-1,-1
160,2297,541.10,773.12,59.87,41.10,1,-1,-1,-1
161,2297,541.41,773.22,59.73,41.03,1,-1,-1,-1
162,2297,541.49,773.28,59.69,41.04,1,-1,-1,-1
163,2297,541.46,773.35,59.70,41.07,1,-1,-1,-1
164,2297,541.35,773.38,59.70,41.07,1,-1,-1,-1
165,2297,541.27,773.40,59.75,41.05,1,-1,-1,-1
166,2297,541.28,773.38,59.73,41.04,1,-1,-1,-1
167,2297,541.30,773.41,59.70,41.00,1,-1,-1,-1
168,2297,541.30,773.32,59.80,41.01,1,-1,-1,-1
169,2297,541.40,773.46,59.86,40.88,1,-1,-1,-1
170,2297,541.49,773.59,59.85,40.75,1,-1,-1,-1
171,2297,541.55,773.63,59.87,40.69,1,-1,-1,-1
172,2297,541.66,773.62,59.88,40.66,1,-1,-1,-1
173,2297,541.85,773.69,59.82,40.63,1,-1,-1,-1
174,2297,541.77,773.42,59.84,40.60,1,-1,-1,-1
175,2297,541.76,773.38,59.83,40.56,1,-1,-1,-1
176,2297,541.81,773.31,59.79,40.56,1,-1,-1,-1
177,2297,541.87,773.37,59.74,40.55,1,-1,-1,-1
178,2297,541.89,773.43,59.67,40.52,1,-1,-1,-1
179,2297,541.91,773.52,59.61,40.46,1,-1,-1,-1
180,2297,541.96,773.49,59.58,40.44,1,-1,-1,-1
181,2297,542.53,774.31,59.00,39.93,1,-1,-1,-1
182,2297,542.83,774.65,58.60,39.56,1,-1,-1,-1
183,2297,543.01,774.82,58.31,39.30,1,-1,-1,-1
184,2297,543.14,774.92,58.11,39.10,1,-1,-1,-1
185,2297,543.21,774.97,57.90,38.95,1,-1,-1,-1
186,2297,543.23,775.02,57.71,38.85,1,-1,-1,-1
187,2297,543.30,775.05,57.52,38.77,1,-1,-1,-1
188,2297,543.36,775.06,57.39,38.66,1,-1,-1,-1
189,2297,543.46,775.03,57.31,38.59,1,-1,-1,-1
190,2297,543.52,775.00,57.17,38.51,1,-1,-1,-1
191,2297,543.52,774.98,57.06,38.44,1,-1,-1,-1
192,2297,543.53,774.84,57.11,38.50,1,-1,-1,-1
193,2297,543.66,774.55,57.05,38.61,1,-1,-1,-1
194,2297,543.77,774.77,56.73,38.44,1,-1,-1,-1
195,2297,543.94,774.77,56.62,38.41,1,-1,-1,-1
196,2297,543.88,774.83,56.58,38.35,1,-1,-1,-1
197,2297,543.88,774.92,56.51,38.33,1,-1,-1,-1
198,2297,544.03,774.81,56.47,38.33,1,-1,-1,-1
199,2297,544.15,774.73,56.46,38.34,1,-1,-1,-1
200,2297,544.18,774.72,56.49,38.33,1,-1,-1,-1
201,2297,544.14,774.76,56.53,38.33,1,-1,-1,-1
202,2297,544.10,774.79,56.53,38.29,1,-1,-1,-1
203,2297,544.04,774.87,56.52,38.22,1,-1,-1,-1
204,2297,543.96,774.78,56.45,38.31,1,-1,-1,-1
205,2297,543.81,775.16,56.17,38.41,1,-1,-1,-1
206,2297,543.79,774.87,55.95,38.40,1,-1,-1,-1
207,2297,542.73,774.98,56.32,39.20,1,-1,-1,-1
208,2297,542.44,775.86,56.75,39.93,1,-1,-1,-1
209,2297,542.38,776.66,56.98,40.41,1,-1,-1,-1
210,2297,542.79,775.99,57.37,40.83,1,-1,-1,-1
211,2297,542.60,776.07,57.72,41.23,1,-1,-1,-1
212,2297,541.83,776.96,58.20,41.39,1,-1,-1,-1
213,2297,542.35,781.08,57.90,41.82,1,-1,-1,-1
214,2297,543.40,787.64,58.70,44.09,1,-1,-1,-1
215,2297,542.81,792.66,61.13,48.90,1,-1,-1,-1
216,2297,542.58,792.48,65.15,54.35,1,-1,-1,-1
217,2297,542.77,789.52,70.10,60.67,1,-1,-1,-1
218,2297,544.56,789.48,73.60,65.08,1,-1,-1,-1
219,2297,554.12,794.78,73.37,64.57,1,-1,-1,-1
220,2297,562.42,797.97,72.93,62.39,1,-1,-1,-1
221,2297,567.72,800.37,73.70,61.10,1,-1,-1,-1
222,2297,575.16,802.18,73.09,59.61,1,-1,-1,-1
223,2297,583.33,803.21,73.74,59.11,1,-1,-1,-1
224,2297,591.41,804.19,74.71,58.48,1,-1,-1,-1
225,2297,601.10,804.36,76.40,57.87,1,-1,-1,-1
226,2297,608.79,803.97,78.28,58.02,1,-1,-1,-1
227,2297,615.77,803.51,78.83,58.92,1,-1,-1,-1
228,2297,623.87,803.91,78.80,58.88,1,-1,-1,-1
229,2297,632.13,804.90,78.74,59.15,1,-1,-1,-1
230,2297,639.09,806.39,80.30,60.50,1,-1,-1,-1
231,2297,645.85,806.52,81.48,62.16,1,-1,-1,-1
232,2297,653.87,807.38,81.55,63.17,1,-1,-1,-1
233,2297,662.59,805.37,83.42,64.90,1,-1,-1,-1
234,2297,673.88,806.08,84.52,65.59,1,-1,-1,-1
235,2297,682.50,805.01,89.55,68.33,1,-1,-1,-1
236,2297,690.82,804.07,93.63,70.49,1,-1,-1,-1
237,2297,704.13,803.91,95.95,72.59,1,-1,-1,-1
238,2297,720.43,803.18,95.16,74.06,1,-1,-1,-1
239,2297,732.30,804.55,97.39,75.81,1,-1,-1,-1
240,2297,740.61,804.42,102.44,78.65,1,-1,-1,-1
241,2297,749.05,804.39,106.85,81.32,1,-1,-1,-1
242,2297,758.60,805.06,110.36,82.89,1,-1,-1,-1
243,2297,770.70,806.67,114.82,84.32,1,-1,-1,-1
244,2297,781.54,807.62,118.36,86.49,1,-1,-1,-1
245,2297,794.92,808.30,123.35,90.88,1,-1,-1,-1
246,2297,809.43,809.86,127.98,95.54,1,-1,-1,-1
247,2297,821.96,811.28,135.53,102.33,1,-1,-1,-1
248,2297,837.78,815.20,139.68,105.88,1,-1,-1,-1
249,2297,852.53,815.78,143.99,110.04,1,-1,-1,-1
250,2297,868.39,817.61,152.76,114.21,1,-1,-1,-1
251,2297,883.25,817.86,158.97,118.92,1,-1,-1,-1
252,2297,897.56,819.99,165.46,123.21,1,-1,-1,-1
253,2297,916.54,820.16,174.20,128.23,1,-1,-1,-1
254,2297,940.22,822.98,181.58,133.54,1,-1,-1,-1
255,2297,964.13,826.78,189.66,138.63,1,-1,-1,-1
256,2297,990.27,831.59,201.59,146.11,1,-1,-1,-1
257,2297,1022.17,834.59,212.94,154.36,1,-1,-1,-1
258,2297,1056.82,839.72,225.51,162.73,1,-1,-1,-1
259,2297,1095.92,845.74,241.32,173.01,1,-1,-1,-1
260,2297,1134.02,851.06,262.95,185.89,1,-1,-1,-1
261,2297,1179.03,856.90,288.15,199.71,1,-1,-1,-1
262,2297,1232.79,865.91,318.43,214.75,1,-1,-1,-1
263,2297,1293.76,875.17,356.33,232.43,1,-1,-1,-1
264,2297,1369.36,889.89,401.67,254.95,1,-1,-1,-1
265,2297,1457.65,902.61,462.69,285.81,1,-1,-1,-1
266,2297,1569.97,923.00,540.76,323.59,1,-1,-1,-1
267,2297,1712.29,945.41,648.55,376.77,1,-1,-1,-1
268,2297,1819.43,985.70,688.07,431.78,1,-1,-1,-1
269,2297,1958.00,997.59,644.45,448.10,1,-1,-1,-1
270,2297,2156.93,1042.79,528.65,453.62,1,-1,-1,-1
505,2331,2412.15,637.42,137.77,173.73,1,-1,-1,-1
506,2331,2382.10,626.49,165.90,186.48,1,-1,-1,-1
507,2331,2341.06,629.57,180.17,180.61,1,-1,-1,-1
508,2331,2301.70,637.18,186.39,173.28,1,-1,-1,-1
509,2331,2264.27,644.80,183.93,165.88,1,-1,-1,-1
510,2331,2236.42,645.61,178.67,159.67,1,-1,-1,-1
511,2331,2210.25,653.47,173.20,150.89,1,-1,-1,-1
512,2331,2181.44,656.56,166.92,145.03,1,-1,-1,-1
513,2331,2156.05,665.41,159.63,134.64,1,-1,-1,-1
514,2331,2132.08,668.23,154.88,127.84,1,-1,-1,-1
515,2331,2104.13,664.99,146.84,123.63,1,-1,-1,-1
516,2331,2076.95,666.61,141.11,120.07,1,-1,-1,-1
517,2331,2057.37,672.85,138.02,114.62,1,-1,-1,-1
518,2331,2033.73,673.12,130.40,110.02,1,-1,-1,-1
519,2331,2009.56,677.85,127.23,105.35,1,-1,-1,-1
520,2331,1981.12,676.02,129.45,105.71,1,-1,-1,-1
521,2331,1954.33,676.62,128.57,104.91,1,-1,-1,-1
522,2331,1929.09,674.34,129.79,105.07,1,-1,-1,-1
523,2331,1904.95,679.63,131.66,104.28,1,-1,-1,-1
524,2331,1883.04,672.99,128.07,105.83,1,-1,-1,-1
525,2331,1865.88,687.43,123.61,99.55,1,-1,-1,-1
526,2331,1847.45,690.70,120.60,95.29,1,-1,-1,-1
527,2331,1826.85,691.79,117.20,92.66,1,-1,-1,-1
528,2331,1803.53,686.48,115.29,92.25,1,-1,-1,-1
529,2331,1783.77,691.80,115.89,91.02,1,-1,-1,-1
530,2331,1764.00,691.20,114.95,91.85,1,-1,-1,-1
531,2331,1748.82,694.04,110.79,88.94,1,-1,-1,-1
532,2331,1733.58,694.95,105.13,87.73,1,-1,-1,-1
533,2331,1720.34,697.93,100.58,85.28,1,-1,-1,-1
534,2331,1704.34,698.62,100.61,83.94,1,-1,-1,-1
535,2331,1687.00,695.34,98.23,84.19,1,-1,-1,-1
536,2331,1666.92,697.75,97.64,83.02,1,-1,-1,-1
537,2331,1650.92,699.39,95.71,81.95,1,-1,-1,-1
538,2331,1639.08,702.10,93.55,78.83,1,-1,-1,-1
539,2331,1627.29,703.03,90.48,77.42,1,-1,-1,-1
540,2331,1614.53,702.42,87.48,76.96,1,-1,-1,-1
541,2331,1604.20,703.82,84.92,75.40,1,-1,-1,-1
542,2331,1591.64,704.31,84.18,74.76,1,-1,-1,-1
543,2331,1579.34,701.63,83.56,75.85,1,-1,-1,-1
544,2331,1568.70,701.64,81.22,75.79,1,-1,-1,-1
545,2331,1558.79,700.07,78.15,76.22,1,-1,-1,-1
546,2331,1550.29,702.65,74.75,75.81,1,-1,-1,-1
547,2331,1540.80,703.58,71.54,75.46,1,-1,-1,-1
548,2331,1530.61,701.44,70.61,75.64,1,-1,-1,-1
549,2331,1518.05,700.86,70.19,75.95,1,-1,-1,-1
550,2331,1507.95,701.27,70.32,75.67,1,-1,-1,-1
551,2331,1484.43,698.85,75.94,74.90,1,-1,-1,-1
552,2331,1479.76,699.88,73.71,74.15,1,-1,-1,-1
553,2331,1475.72,698.58,69.86,74.70,1,-1,-1,-1
554,2331,1470.91,698.17,66.40,74.64,1,-1,-1,-1
555,2331,1463.98,700.37,64.62,73.00,1,-1,-1,-1
556,2331,1456.25,702.48,63.30,71.96,1,-1,-1,-1
557,2331,1442.89,702.20,63.47,70.66,1,-1,-1,-1
558,2331,1432.25,698.48,64.88,71.03,1,-1,-1,-1
559,2331,1428.76,695.64,62.22,71.68,1,-1,-1,-1
560,2331,1401.28,694.08,71.69,72.79,1,-1,-1,-1
561,2331,1396.27,697.13,70.26,70.29,1,-1,-1,-1
562,2331,1395.43,698.35,67.75,69.57,1,-1,-1,-1
563,2331,1391.70,696.55,66.03,70.51,1,-1,-1,-1
564,2331,1385.54,696.11,66.82,71.13,1,-1,-1,-1
565,2331,1377.22,698.67,67.15,71.15,1,-1,-1,-1
566,2331,1369.86,698.89,64.44,69.62,1,-1,-1,-1
567,2331,1363.13,699.83,60.15,68.85,1,-1,-1,-1
571,2331,1346.73,704.17,45.90,62.76,1,-1,-1,-1
572,2331,1342.00,703.72,42.80,61.62,1,-1,-1,-1
573,2331,1338.32,704.56,40.33,60.83,1,-1,-1,-1
574,2331,1335.66,702.27,39.42,60.52,1,-1,-1,-1
732,2392,1911.60,645.59,517.33,304.44,1,-1,-1,-1
733,2392,1806.56,656.04,491.78,276.22,1,-1,-1,-1
734,2392,1714.68,664.74,458.91,252.87,1,-1,-1,-1
735,2392,1635.12,673.81,421.32,229.99,1,-1,-1,-1
736,2392,1566.75,682.26,385.43,208.78,1,-1,-1,-1
737,2392,1505.99,688.96,353.73,191.54,1,-1,-1,-1
738,2392,1457.49,693.22,323.42,177.40,1,-1,-1,-1
739,2392,1412.57,698.21,292.86,162.87,1,-1,-1,-1
740,2392,1373.38,701.87,267.21,150.98,1,-1,-1,-1
741,2392,1335.58,706.61,243.00,138.99,1,-1,-1,-1
742,2392,1305.45,712.27,219.34,128.31,1,-1,-1,-1
743,2392,1274.68,716.68,197.81,117.67,1,-1,-1,-1
744,2392,1248.20,722.26,178.63,108.74,1,-1,-1,-1
745,2392,1222.97,726.08,163.26,100.36,1,-1,-1,-1
746,2392,1201.31,729.12,149.97,93.53,1,-1,-1,-1
747,2392,1178.06,732.10,138.98,87.49,1,-1,-1,-1
768,2406,2059.89,647.10,458.05,300.98,1,-1,-1,-1
769,2406,1958.71,640.31,535.82,297.25,1,-1,-1,-1
770,2406,1840.22,636.55,552.78,284.63,1,-1,-1,-1
771,2406,1741.49,644.47,537.56,264.10,1,-1,-1,-1
772,2406,1655.12,650.30,511.81,245.90,1,-1,-1,-1
773,2406,1584.54,658.60,477.77,225.64,1,-1,-1,-1
774,2406,1523.70,665.68,442.75,208.22,1,-1,-1,-1
775,2406,1470.01,671.96,408.61,192.31,1,-1,-1,-1
776,2406,1424.81,676.64,375.89,179.06,1,-1,-1,-1
777,2406,1385.70,679.59,345.31,167.45,1,-1,-1,-1
778,2406,1347.33,684.39,317.97,157.51,1,-1,-1,-1
779,2406,1315.07,687.70,292.84,148.94,1,-1,-1,-1
780,2406,1285.36,693.49,268.12,139.08,1,-1,-1,-1
781,2406,1255.12,697.51,246.02,130.26,1,-1,-1,-1
782,2406,1225.33,701.35,227.34,124.32,1,-1,-1,-1
783,2406,1197.47,702.50,212.15,118.46,1,-1,-1,-1
784,2406,1173.97,705.52,198.00,112.74,1,-1,-1,-1
785,2406,1151.93,710.61,183.51,105.69,1,-1,-1,-1
786,2406,1131.02,716.20,169.42,98.43,1,-1,-1,-1
787,2406,1106.90,720.76,156.67,92.27,1,-1,-1,-1
788,2406,1088.68,724.89,145.62,85.49,1,-1,-1,-1
789,2406,1067.12,728.02,137.39,78.59,1,-1,-1,-1
790,2406,1047.39,731.87,126.92,72.13,1,-1,-1,-1
791,2406,1033.07,732.38,117.04,65.21,1,-1,-1,-1
792,2406,1015.05,735.12,107.43,59.12,1,-1,-1,-1
808,2422,1995.62,651.66,525.90,306.32,1,-1,-1,-1
809,2422,1888.26,647.63,563.18,283.70,1,-1,-1,-1
810,2422,1786.63,652.46,553.87,251.81,1,-1,-1,-1
811,2422,1691.25,662.53,530.05,234.47,1,-1,-1,-1
812,2422,1612.80,670.39,499.77,222.17,1,-1,-1,-1
813,2422,1546.12,676.20,460.25,209.01,1,-1,-1,-1
814,2422,1486.86,680.81,423.65,196.52,1,-1,-1,-1
815,2422,1437.78,683.01,389.49,184.89,1,-1,-1,-1
816,2422,1392.39,686.99,356.46,173.71,1,-1,-1,-1
817,2422,1356.29,691.47,325.62,162.55,1,-1,-1,-1
818,2422,1320.77,694.02,298.68,153.93,1,-1,-1,-1
819,2422,1288.50,696.68,273.61,144.81,1,-1,-1,-1
820,2422,1259.15,700.67,249.41,135.00,1,-1,-1,-1
821,2422,1229.85,702.91,228.25,127.77,1,-1,-1,-1
822,2422,1203.53,704.35,212.07,121.75,1,-1,-1,-1
823,2422,1177.99,708.29,198.14,115.93,1,-1,-1,-1
824,2422,1156.04,715.11,184.29,108.61,1,-1,-1,-1
825,2422,1133.86,718.52,173.48,102.89,1,-1,-1,-1
826,2422,1112.23,722.71,161.37,97.04,1,-1,-1,-1
827,2422,1090.82,726.72,149.96,91.26,1,-1,-1,-1
828,2422,1070.60,730.36,138.44,84.10,1,-1,-1,-1
829,2422,1047.94,734.73,129.99,78.71,1,-1,-1,-1
830,2422,1032.09,737.59,120.41,72.88,1,-1,-1,-1
831,2422,1014.07,739.29,112.70,67.72,1,-1,-1,-1
931,2468,10.19,1304.32,165.29,204.46,1,-1,-1,-1
932,2468,12.77,1290.39,197.84,219.86,1,-1,-1,-1
933,2468,14.65,1275.98,229.31,230.07,1,-1,-1,-1
934,2468,17.60,1262.79,263.22,235.96,1,-1,-1,-1
935,2468,18.09,1253.97,294.60,241.06,1,-1,-1,-1
936,2468,18.12,1244.86,325.05,245.50,1,-1,-1,-1
937,2468,18.45,1234.60,356.30,250.44,1,-1,-1,-1
938,2468,19.01,1230.38,387.27,251.77,1,-1,-1,-1
939,2468,15.05,1228.68,411.26,254.93,1,-1,-1,-1
940,2468,9.31,1231.13,428.33,259.60,1,-1,-1,-1
941,2468,16.44,1222.34,462.92,267.85,1,-1,-1,-1
942,2468,17.94,1216.87,493.52,270.58,1,-1,-1,-1
943,2468,19.25,1208.64,524.88,275.06,1,-1,-1,-1
944,2468,17.73,1209.91,551.65,271.99,1,-1,-1,-1
945,2468,20.70,1197.60,573.52,275.88,1,-1,-1,-1
946,2468,32.89,1190.29,589.76,278.49,1,-1,-1,-1
947,2468,51.35,1182.78,600.73,279.06,1,-1,-1,-1
948,2468,68.83,1177.85,608.20,280.01,1,-1,-1,-1
949,2468,87.11,1170.37,613.58,280.04,1,-1,-1,-1
950,2468,104.68,1163.83,617.81,282.27,1,-1,-1,-1
951,2468,121.56,1158.16,619.43,284.05,1,-1,-1,-1
952,2468,137.32,1151.77,620.58,284.58,1,-1,-1,-1
953,2468,155.28,1145.34,621.08,283.50,1,-1,-1,-1
954,2468,171.38,1141.98,620.44,283.72,1,-1,-1,-1
955,2468,191.37,1137.54,621.62,284.46,1,-1,-1,-1
956,2468,205.49,1133.86,624.82,283.69,1,-1,-1,-1
957,2468,220.88,1130.54,626.38,282.54,1,-1,-1,-1
958,2468,237.59,1125.27,628.49,279.26,1,-1,-1,-1
959,2468,252.10,1121.17,630.57,278.41,1,-1,-1,-1
960,2468,265.67,1116.16,630.78,278.98,1,-1,-1,-1
961,2468,280.01,1113.21,628.02,279.83,1,-1,-1,-1
962,2468,292.82,1111.07,627.49,280.27,1,-1,-1,-1
963,2468,303.30,1108.56,626.49,278.01,1,-1,-1,-1
964,2468,319.69,1103.53,620.99,272.70,1,-1,-1,-1
965,2468,326.39,1103.10,619.56,270.34,1,-1,-1,-1
966,2468,355.44,1101.66,605.96,269.87,1,-1,-1,-1
967,2468,367.20,1099.71,600.84,270.46,1,-1,-1,-1
968,2468,377.10,1096.66,598.89,270.34,1,-1,-1,-1
969,2468,391.48,1094.35,594.44,270.97,1,-1,-1,-1
970,2468,403.81,1093.18,592.41,273.13,1,-1,-1,-1
971,2468,410.88,1090.04,593.97,275.36,1,-1,-1,-1
972,2468,417.94,1085.68,597.11,276.77,1,-1,-1,-1
973,2468,424.00,1081.57,604.01,278.78,1,-1,-1,-1
974,2468,435.28,1076.37,611.26,279.90,1,-1,-1,-1
975,2468,450.27,1071.00,615.11,280.49,1,-1,-1,-1
976,2468,469.96,1065.15,616.59,280.12,1,-1,-1,-1
977,2468,488.97,1059.90,619.51,281.16,1,-1,-1,-1
978,2468,512.08,1055.70,623.33,279.77,1,-1,-1,-1
979,2468,534.63,1050.16,626.54,279.10,1,-1,-1,-1
980,2468,555.27,1043.52,630.73,278.95,1,-1,-1,-1
981,2468,580.85,1037.48,632.44,279.02,1,-1,-1,-1
982,2468,610.01,1030.54,632.57,278.92,1,-1,-1,-1
983,2468,638.86,1025.20,634.86,278.89,1,-1,-1,-1
984,2468,670.24,1017.77,638.23,277.58,1,-1,-1,-1
985,2468,701.93,1008.12,641.08,277.96,1,-1,-1,-1
986,2468,734.26,999.59,644.64,281.75,1,-1,-1,-1
987,2468,765.34,992.81,647.15,283.84,1,-1,-1,-1
988,2468,797.95,987.11,652.34,284.89,1,-1,-1,-1
989,2468,831.90,981.56,654.08,285.91,1,-1,-1,-1
990,2468,868.79,974.91,657.19,286.34,1,-1,-1,-1
991,2468,901.72,969.16,661.82,289.27,1,-1,-1,-1
992,2468,937.11,961.78,667.78,292.01,1,-1,-1,-1
993,2468,971.88,955.42,674.93,297.19,1,-1,-1,-1
994,2468,1009.64,951.19,681.91,302.04,1,-1,-1,-1
995,2468,1049.37,952.91,691.23,305.86,1,-1,-1,-1
996,2468,1089.29,956.71,700.83,311.82,1,-1,-1,-1
997,2468,1130.54,959.06,710.69,319.82,1,-1,-1,-1
998,2468,1175.31,961.20,723.00,330.57,1,-1,-1,-1
999,2468,1217.97,963.77,738.65,345.53,1,-1,-1,-1
1000,2468,1264.40,969.00,756.27,360.60,1,-1,-1,-1
1001,2468,1311.26,971.34,780.01,378.68,1,-1,-1,-1
1002,2468,1363.72,975.91,806.59,397.97,1,-1,-1,-1
1003,2468,1417.05,981.33,841.48,420.63,1,-1,-1,-1
1004,2468,1474.19,987.01,882.39,443.65,1,-1,-1,-1
1005,2468,1535.62,995.78,931.39,471.64,1,-1,-1,-1
1006,2468,1581.77,1007.36,955.85,498.91,1,-1,-1,-1
1007,2468,1620.94,1018.72,957.87,529.65,1,-1,-1,-1
1008,2468,1669.09,1030.85,938.48,562.47,1,-1,-1,-1
1009,2468,1726.11,1026.89,900.04,579.89,1,-1,-1,-1
1010,2468,1795.45,1024.61,845.66,588.17,1,-1,-1,-1
1011,2468,1879.17,1028.30,776.54,588.59,1,-1,-1,-1
1012,2468,1974.03,1040.86,694.94,586.57,1,-1,-1,-1
1013,2468,2078.94,1075.16,602.27,583.55,1,-1,-1,-1
1092,2477,2092.08,546.84,439.13,430.04,1,-1,-1,-1
1093,2477,2012.26,541.52,515.69,452.15,1,-1,-1,-1
1094,2477,1939.91,545.49,583.35,447.81,1,-1,-1,-1
1101,2477,1498.29,598.16,555.63,310.34,1,-1,-1,-1
1110,2479,1275.20,664.20,292.43,173.19,1,-1,-1,-1
1111,2479,1246.97,665.15,284.52,169.80,1,-1,-1,-1
1112,2479,1224.01,669.79,271.66,163.08,1,-1,-1,-1
1113,2479,1207.75,671.20,257.92,155.40,1,-1,-1,-1
1114,2479,1189.55,672.03,247.12,150.71,1,-1,-1,-1
1115,2479,1171.89,674.98,236.46,145.12,1,-1,-1,-1
1116,2479,1154.72,678.38,227.26,139.74,1,-1,-1,-1
1117,2479,1137.38,681.48,219.06,134.99,1,-1,-1,-1
1118,2479,1122.36,682.87,211.14,130.53,1,-1,-1,-1
1119,2479,1105.22,686.12,201.92,126.03,1,-1,-1,-1
1120,2479,1091.05,688.86,195.13,123.04,1,-1,-1,-1
1121,2479,1076.73,692.02,189.73,119.73,1,-1,-1,-1
1122,2479,1061.59,693.89,183.95,116.02,1,-1,-1,-1
1123,2479,1046.18,694.93,178.34,112.30,1,-1,-1,-1
1124,2479,1032.40,696.79,175.44,109.73,1,-1,-1,-1
1125,2479,1017.81,699.45,172.27,107.60,1,-1,-1,-1
1126,2479,1006.61,700.09,169.58,105.95,1,-1,-1,-1
1127,2479,991.30,701.02,166.31,104.17,1,-1,-1,-1
1128,2479,979.75,701.47,162.68,103.68,1,-1,-1,-1
1129,2479,968.03,701.22,160.28,103.26,1,-1,-1,-1
1130,2479,957.09,702.73,156.92,101.93,1,-1,-1,-1
1131,2479,946.25,702.37,154.64,101.78,1,-1,-1,-1
1132,2479,934.88,702.97,152.56,101.42,1,-1,-1,-1
1133,2479,920.75,704.67,150.78,100.40,1,-1,-1,-1
1134,2479,909.38,707.01,149.01,99.60,1,-1,-1,-1
1135,2479,899.01,710.44,146.14,96.79,1,-1,-1,-1
1136,2479,888.37,712.70,143.98,94.11,1,-1,-1,-1
1137,2479,878.37,717.14,140.57,90.38,1,-1,-1,-1
1138,2479,870.95,719.72,137.04,88.03,1,-1,-1,-1
1139,2479,863.22,722.58,132.98,86.66,1,-1,-1,-1
1140,2479,853.65,724.57,130.57,85.00,1,-1,-1,-1
1141,2479,845.53,725.89,128.03,83.35,1,-1,-1,-1
1142,2479,833.91,728.94,125.58,81.78,1,-1,-1,-1
1143,2479,824.55,730.61,125.54,81.43,1,-1,-1,-1
1144,2483,2059.97,661.25,473.46,326.91,1,-1,-1,-1
1144,2479,817.74,731.57,122.67,80.00,1,-1,-1,-1
1145,2483,1980.87,650.99,545.61,331.45,1,-1,-1,-1
1145,2479,813.42,736.52,116.89,75.39,1,-1,-1,-1
1146,2483,1905.86,652.53,594.60,318.97,1,-1,-1,-1
1146,2479,806.14,739.46,112.10,72.10,1,-1,-1,-1
1147,2483,1819.68,654.47,600.33,303.14,1,-1,-1,-1
1147,2479,800.04,743.68,108.23,68.31,1,-1,-1,-1
1148,2483,1740.08,661.11,585.78,284.69,1,-1,-1,-1
1148,2479,792.63,745.43,105.60,66.08,1,-1,-1,-1
1149,2483,1671.73,668.07,562.26,268.10,1,-1,-1,-1
1149,2479,782.57,746.91,104.33,64.52,1,-1,-1,-1
1150,2483,1613.09,672.44,534.72,252.42,1,-1,-1,-1
1150,2479,773.72,747.30,103.72,63.65,1,-1,-1,-1
1151,2483,1561.85,678.41,500.77,237.03,1,-1,-1,-1
1151,2479,767.23,747.74,101.36,62.85,1,-1,-1,-1
1152,2483,1519.27,682.58,467.76,223.83,1,-1,-1,-1
1152,2479,760.33,748.25,99.26,62.02,1,-1,-1,-1
1153,2483,1479.47,688.15,435.84,210.34,1,-1,-1,-1
1153,2479,757.01,751.37,93.41,59.23,1,-1,-1,-1
1154,2483,1447.28,692.20,405.98,199.12,1,-1,-1,-1
1154,2479,752.28,752.91,89.37,56.93,1,-1,-1,-1
1155,2483,1414.95,696.64,380.02,188.70,1,-1,-1,-1
1155,2479,744.27,753.34,88.87,55.81,1,-1,-1,-1
1156,2483,1390.11,702.49,351.94,176.10,1,-1,-1,-1
1156,2479,740.77,755.68,86.52,53.56,1,-1,-1,-1
1157,2483,1363.37,705.07,330.34,167.98,1,-1,-1,-1
1157,2479,735.06,756.41,83.50,52.74,1,-1,-1,-1
1158,2483,1340.86,707.26,307.08,158.66,1,-1,-1,-1
1158,2479,730.39,758.01,79.17,51.06,1,-1,-1,-1
1159,2483,1320.23,710.73,286.47,149.46,1,-1,-1,-1
1159,2479,726.42,759.24,75.67,50.26,1,-1,-1,-1
1160,2483,1301.41,712.02,267.10,141.95,1,-1,-1,-1
1160,2479,721.18,758.55,72.64,50.45,1,-1,-1,-1
1161,2483,1280.56,713.87,250.45,135.09,1,-1,-1,-1
1161,2479,718.86,759.06,68.70,49.30,1,-1,-1,-1
1162,2483,1264.05,715.46,233.26,128.50,1,-1,-1,-1
1162,2479,715.43,757.78,65.22,48.40,1,-1,-1,-1
1163,2483,1247.74,716.66,218.06,123.55,1,-1,-1,-1
1163,2479,715.54,757.65,59.84,46.78,1,-1,-1,-1
1164,2483,1233.63,718.78,205.31,118.73,1,-1,-1,-1
1164,2479,713.09,758.00,55.77,45.24,1,-1,-1,-1
1165,2483,1222.80,719.96,193.30,114.36,1,-1,-1,-1
1165,2479,709.87,760.30,51.48,42.50,1,-1,-1,-1
1166,2483,1212.40,717.17,183.50,112.28,1,-1,-1,-1
1166,2479,708.19,761.59,46.11,39.39,1,-1,-1,-1
1167,2483,1205.04,716.84,174.62,110.27,1,-1,-1,-1
1168,2483,1199.61,716.49,164.64,106.70,1,-1,-1,-1
1169,2483,1197.73,716.96,154.44,102.91,1,-1,-1,-1
1170,2483,1195.78,714.95,143.62,99.06,1,-1,-1,-1
1171,2483,1196.70,712.74,133.62,95.00,1,-1,-1,-1
1172,2483,1199.38,709.53,125.25,93.07,1,-1,-1,-1
1173,2485,638.77,766.69,65.36,56.33,1,-1,-1,-1
1173,2483,1203.87,706.42,115.27,88.92,1,-1,-1,-1
1174,2485,632.81,764.59,69.23,56.94,1,-1,-1,-1
1174,2483,1206.81,702.49,107.62,86.36,1,-1,-1,-1
1175,2485,626.75,760.92,73.38,59.09,1,-1,-1,-1
1175,2483,1210.37,699.53,101.10,82.59,1,-1,-1,-1
1176,2485,621.40,760.17,76.97,61.47,1,-1,-1,-1
1176,2483,1215.07,697.91,94.87,77.75,1,-1,-1,-1
1177,2485,615.73,760.60,80.76,62.79,1,-1,-1,-1
1177,2483,1220.47,694.59,90.33,75.13,1,-1,-1,-1
1178,2485,609.91,761.34,83.32,62.62,1,-1,-1,-1
1178,2483,1225.38,690.92,87.18,72.59,1,-1,-1,-1
1179,2485,604.01,762.04,86.11,62.57,1,-1,-1,-1
1180,2485,601.77,763.31,86.75,61.72,1,-1,-1,-1
1181,2485,598.80,764.36,86.23,60.57,1,-1,-1,-1
1182,2485,594.50,764.34,85.30,59.66,1,-1,-1,-1
1183,2485,589.09,766.35,84.87,58.09,1,-1,-1,-1
1184,2485,584.55,768.02,82.65,56.39,1,-1,-1,-1
1185,2485,581.98,768.31,80.17,55.03,1,-1,-1,-1
1186,2485,576.91,770.32,78.76,54.34,1,-1,-1,-1
1187,2485,573.05,771.46,78.41,53.72,1,-1,-1,-1
1188,2485,569.28,772.12,78.23,52.71,1,-1,-1,-1
1189,2485,567.60,773.99,75.92,51.77,1,-1,-1,-1
1190,2485,563.00,774.54,74.12,51.36,1,-1,-1,-1
1191,2485,556.84,773.35,74.21,51.58,1,-1,-1,-1
1192,2485,553.87,772.48,74.54,51.67,1,-1,-1,-1
1193,2485,549.34,772.72,75.09,51.15,1,-1,-1,-1
1194,2485,546.81,773.84,74.87,50.26,1,-1,-1,-1
1195,2485,545.15,774.15,73.01,49.50,1,-1,-1,-1
1196,2485,542.37,773.57,71.69,49.78,1,-1,-1,-1
1197,2485,537.55,773.63,71.01,50.28,1,-1,-1,-1
1198,2485,534.06,773.28,69.43,50.79,1,-1,-1,-1
1199,2485,532.87,771.64,67.18,50.99,1,-1,-1,-1
1200,2485,533.85,771.29,64.52,51.26,1,-1,-1,-1
1201,2485,533.36,772.37,62.72,51.28,1,-1,-1,-1
1202,2485,533.70,772.11,60.45,51.44,1,-1,-1,-1
1203,2485,536.10,772.23,58.20,51.01,1,-1,-1,-1
1204,2485,536.48,772.51,56.78,49.53,1,-1,-1,-1
1205,2485,536.41,774.39,55.60,47.51,1,-1,-1,-1
1206,2485,536.87,774.80,55.16,46.33,1,-1,-1,-1
1207,2485,538.20,774.25,55.50,45.45,1,-1,-1,-1
1208,2485,539.16,773.65,55.92,45.50,1,-1,-1,-1
1209,2485,540.75,772.41,55.95,45.98,1,-1,-1,-1
1210,2485,540.88,771.28,55.74,46.08,1,-1,-1,-1
1211,2485,541.22,771.31,55.81,45.44,1,-1,-1,-1
1212,2485,541.57,772.87,55.45,44.12,1,-1,-1,-1
1213,2485,541.18,773.08,55.72,43.23,1,-1,-1,-1
1214,2502,2180.66,626.33,345.79,357.39,1,-1,-1,-1
1214,2485,539.59,773.29,56.73,43.28,1,-1,-1,-1
1215,2502,2095.43,623.33,425.85,370.98,1,-1,-1,-1
1215,2485,538.52,773.43,57.46,43.14,1,-1,-1,-1
1216,2502,2015.07,584.98,506.79,397.11,1,-1,-1,-1
1216,2485,537.87,773.54,57.84,43.02,1,-1,-1,-1
1217,2502,1943.99,577.17,570.52,397.54,1,-1,-1,-1
1217,2485,538.07,773.59,57.77,42.78,1,-1,-1,-1
1218,2502,1860.62,583.83,589.49,381.04,1,-1,-1,-1
1218,2485,538.25,773.43,58.01,42.74,1,-1,-1,-1
1219,2502,1779.09,593.53,586.47,359.15,1,-1,-1,-1
1219,2485,538.72,773.31,58.26,42.53,1,-1,-1,-1
1220,2502,1709.23,603.53,569.34,339.05,1,-1,-1,-1
1220,2485,538.76,772.65,58.48,43.13,1,-1,-1,-1
1221,2502,1644.85,613.04,546.63,320.22,1,-1,-1,-1
1221,2485,538.81,772.54,58.90,43.54,1,-1,-1,-1
1222,2502,1591.69,621.19,519.50,302.03,1,-1,-1,-1
1222,2485,538.28,773.13,59.47,44.22,1,-1,-1,-1
1223,2502,1546.43,627.06,489.66,284.96,1,-1,-1,-1
1223,2485,537.50,774.22,59.84,44.94,1,-1,-1,-1
1224,2502,1503.98,633.24,460.50,269.47,1,-1,-1,-1
1224,2485,537.65,775.18,59.38,45.58,1,-1,-1,-1
1225,2502,1466.13,641.71,432.75,253.66,1,-1,-1,-1
1225,2485,538.00,774.61,59.11,45.90,1,-1,-1,-1
1226,2502,1432.89,649.64,405.79,238.82,1,-1,-1,-1
1226,2485,537.38,776.06,58.49,46.22,1,-1,-1,-1
1227,2502,1399.59,654.98,382.73,226.37,1,-1,-1,-1
1227,2485,537.40,777.84,58.57,46.60,1,-1,-1,-1
1228,2502,1368.39,661.02,361.65,213.89,1,-1,-1,-1
1228,2485,538.15,780.47,58.45,47.29,1,-1,-1,-1
1229,2502,1337.72,667.68,341.37,201.60,1,-1,-1,-1
1229,2485,538.13,782.63,59.88,49.61,1,-1,-1,-1
1230,2502,1314.15,672.80,319.89,192.21,1,-1,-1,-1
1230,2485,538.95,784.47,62.12,53.21,1,-1,-1,-1
1231,2502,1290.85,675.96,299.47,182.14,1,-1,-1,-1
1231,2485,539.26,786.28,65.25,57.18,1,-1,-1,-1
1232,2502,1267.10,679.50,281.85,173.98,1,-1,-1,-1
1232,2485,541.70,787.85,66.87,60.02,1,-1,-1,-1
1233,2502,1244.38,681.89,264.18,165.83,1,-1,-1,-1
1233,2485,542.30,787.20,70.37,63.19,1,-1,-1,-1
1234,2502,1222.31,684.78,248.71,158.09,1,-1,-1,-1
1234,2485,544.11,787.62,72.81,64.26,1,-1,-1,-1
1235,2502,1200.16,686.22,236.30,151.98,1,-1,-1,-1
1235,2485,545.68,788.03,75.64,65.29,1,-1,-1,-1
1236,2502,1182.12,688.60,224.58,146.53,1,-1,-1,-1
1236,2485,549.74,789.34,77.23,66.42,1,-1,-1,-1
1237,2502,1162.22,693.51,214.25,140.62,1,-1,-1,-1
1237,2485,555.64,790.37,78.20,66.99,1,-1,-1,-1
1238,2502,1144.44,696.77,204.29,134.90,1,-1,-1,-1
1238,2485,561.21,792.53,78.65,67.29,1,-1,-1,-1
1239,2502,1127.94,699.27,196.11,130.55,1,-1,-1,-1
1239,2485,566.83,793.64,78.88,66.73,1,-1,-1,-1
1240,2502,1110.79,703.56,187.72,125.61,1,-1,-1,-1
1240,2485,570.97,793.27,80.26,67.16,1,-1,-1,-1
1241,2502,1094.27,707.75,179.39,120.78,1,-1,-1,-1
1241,2485,577.34,794.40,80.06,66.72,1,-1,-1,-1
1242,2502,1078.64,709.48,171.20,116.25,1,-1,-1,-1
1242,2485,583.93,794.27,80.79,66.74,1,-1,-1,-1
1243,2502,1061.58,713.09,164.62,111.60,1,-1,-1,-1
1243,2485,591.26,793.44,83.31,67.57,1,-1,-1,-1
1244,2502,1045.33,715.54,155.57,106.75,1,-1,-1,-1
1244,2485,597.12,793.07,85.38,67.18,1,-1,-1,-1
1245,2502,1030.30,718.29,149.65,103.42,1,-1,-1,-1
1245,2485,601.99,793.28,87.17,66.82,1,-1,-1,-1
1246,2502,1018.23,721.22,142.73,98.82,1,-1,-1,-1
1246,2485,607.17,793.04,89.05,67.72,1,-1,-1,-1
1247,2502,1002.60,723.16,137.04,94.99,1,-1,-1,-1
1247,2485,610.99,792.16,91.57,68.85,1,-1,-1,-1
1248,2502,987.15,724.46,133.32,92.51,1,-1,-1,-1
1248,2485,615.92,791.29,92.61,70.78,1,-1,-1,-1
1249,2502,974.46,724.81,130.09,90.85,1,-1,-1,-1
1249,2485,620.57,790.78,92.49,71.98,1,-1,-1,-1
1250,2502,962.83,724.03,125.27,89.10,1,-1,-1,-1
1250,2485,627.35,791.45,92.42,73.09,1,-1,-1,-1
1251,2502,949.69,725.01,124.14,88.65,1,-1,-1,-1
1251,2485,632.94,793.27,91.37,73.49,1,-1,-1,-1
1252,2502,937.36,728.59,121.09,86.04,1,-1,-1,-1
1252,2485,637.28,793.76,90.70,74.18,1,-1,-1,-1
1253,2502,924.47,731.82,116.40,82.14,1,-1,-1,-1
1253,2485,642.82,794.42,90.51,73.34,1,-1,-1,-1
1254,2502,913.97,734.79,110.87,77.98,1,-1,-1,-1
1254,2485,649.83,794.39,93.06,73.45,1,-1,-1,-1
1255,2502,903.52,737.16,106.11,73.93,1,-1,-1,-1
1255,2485,658.75,793.46,97.74,74.17,1,-1,-1,-1
1256,2502,893.46,738.39,102.91,70.85,1,-1,-1,-1
1256,2485,667.67,792.66,100.83,74.59,1,-1,-1,-1
1257,2502,883.88,742.26,100.46,67.77,1,-1,-1,-1
1257,2485,672.69,789.70,107.32,76.38,1,-1,-1,-1
1258,2502,872.78,745.17,95.76,64.70,1,-1,-1,-1
1258,2485,677.06,787.02,113.66,79.94,1,-1,-1,-1
1259,2502,860.91,747.55,92.98,63.05,1,-1,-1,-1
1259,2485,682.90,785.40,117.28,82.53,1,-1,-1,-1
1260,2502,852.87,749.69,89.28,60.84,1,-1,-1,-1
1260,2485,693.77,784.84,118.16,85.24,1,-1,-1,-1
1261,2502,840.24,752.69,86.04,58.58,1,-1,-1,-1
1261,2485,711.04,785.07,114.50,86.34,1,-1,-1,-1
1262,2502,828.96,754.32,84.18,57.60,1,-1,-1,-1
1262,2485,722.45,784.76,112.87,87.16,1,-1,-1,-1
1263,2502,825.70,754.16,79.77,55.41,1,-1,-1,-1
1263,2485,733.47,784.97,114.50,88.26,1,-1,-1,-1
1264,2502,817.16,755.97,74.90,52.93,1,-1,-1,-1
1264,2485,739.36,785.48,116.85,90.79,1,-1,-1,-1
1265,2502,813.26,755.68,66.27,48.71,1,-1,-1,-1
1265,2485,741.87,786.78,122.38,92.67,1,-1,-1,-1
1266,2502,807.36,755.74,58.55,44.03,1,-1,-1,-1
1266,2485,748.84,789.87,126.43,93.31,1,-1,-1,-1
1267,2485,753.00,786.16,130.79,97.43,1,-1,-1,-1
1268,2485,758.77,775.69,137.22,106.44,1,-1,-1,-1
1269,2485,768.09,779.18,141.09,109.12,1,-1,-1,-1
1270,2485,776.74,782.36,144.45,111.04,1,-1,-1,-1
1271,2485,785.90,784.78,148.12,113.12,1,-1,-1,-1
1272,2523,727.46,758.75,91.88,66.89,1,-1,-1,-1
1272,2485,797.30,786.08,152.40,116.20,1,-1,-1,-1
1273,2523,721.66,758.44,88.46,66.16,1,-1,-1,-1
1273,2485,806.98,786.00,158.80,121.25,1,-1,-1,-1
1274,2523,716.59,758.18,82.07,63.82,1,-1,-1,-1
1274,2485,817.69,784.55,165.41,125.59,1,-1,-1,-1
1275,2523,712.23,756.41,77.72,62.46,1,-1,-1,-1
1275,2485,827.67,784.98,171.40,129.16,1,-1,-1,-1
1276,2523,704.68,753.89,76.43,62.83,1,-1,-1,-1
1276,2485,843.05,786.05,176.00,131.97,1,-1,-1,-1
1277,2523,698.18,753.84,74.08,61.50,1,-1,-1,-1
1277,2485,857.82,787.25,180.60,134.37,1,-1,-1,-1
1278,2523,686.62,757.07,72.13,62.05,1,-1,-1,-1
1278,2485,870.20,787.63,185.26,136.77,1,-1,-1,-1
1279,2523,678.88,759.71,66.43,61.39,1,-1,-1,-1
1279,2485,881.23,788.72,188.65,140.49,1,-1,-1,-1
1280,2523,663.35,765.44,63.64,57.97,1,-1,-1,-1
1280,2485,893.96,787.35,191.63,145.29,1,-1,-1,-1
1281,2523,656.87,771.81,57.37,54.00,1,-1,-1,-1
1281,2485,905.42,785.77,196.71,149.86,1,-1,-1,-1
1282,2523,652.09,775.50,52.96,49.96,1,-1,-1,-1
1282,2485,920.50,785.86,203.96,155.20,1,-1,-1,-1
1283,2523,647.08,777.65,52.07,46.79,1,-1,-1,-1
1283,2485,940.18,787.49,211.66,160.43,1,-1,-1,-1
1284,2523,641.96,774.44,55.25,48.55,1,-1,-1,-1
1284,2485,957.02,788.78,218.55,165.35,1,-1,-1,-1
1285,2523,638.10,773.39,57.59,49.26,1,-1,-1,-1
1285,2485,972.83,790.68,226.48,171.05,1,-1,-1,-1
1286,2523,629.21,774.23,60.23,48.76,1,-1,-1,-1
1286,2485,986.98,793.26,234.97,177.01,1,-1,-1,-1
1287,2523,623.60,773.69,62.86,49.64,1,-1,-1,-1
1287,2485,1008.22,795.92,244.40,184.28,1,-1,-1,-1
1288,2523,617.67,774.42,66.05,49.58,1,-1,-1,-1
1288,2485,1028.41,798.83,255.14,192.06,1,-1,-1,-1
1289,2523,610.68,775.58,68.64,49.29,1,-1,-1,-1
1289,2485,1050.04,800.24,266.26,201.02,1,-1,-1,-1
1290,2523,601.33,776.26,70.10,48.42,1,-1,-1,-1
1290,2485,1073.14,805.00,281.02,210.35,1,-1,-1,-1
1291,2523,596.38,776.55,69.72,47.60,1,-1,-1,-1
1291,2485,1097.19,808.94,296.03,218.94,1,-1,-1,-1
1292,2523,587.65,777.69,70.26,46.90,1,-1,-1,-1
1292,2485,1124.93,809.36,315.47,231.66,1,-1,-1,-1
1293,2523,579.01,779.71,70.25,45.39,1,-1,-1,-1
1293,2485,1154.88,810.44,337.69,245.93,1,-1,-1,-1
1294,2523,573.77,780.82,70.91,45.34,1,-1,-1,-1
1294,2485,1187.98,811.78,360.35,262.16,1,-1,-1,-1
1295,2523,570.72,782.04,71.20,45.18,1,-1,-1,-1
1295,2485,1226.69,816.37,390.90,281.60,1,-1,-1,-1
1296,2523,566.66,781.35,71.12,45.28,1,-1,-1,-1
1296,2485,1267.48,823.17,422.55,300.46,1,-1,-1,-1
1297,2523,554.78,780.64,71.82,45.87,1,-1,-1,-1
1297,2485,1313.12,832.13,462.39,321.81,1,-1,-1,-1
1298,2523,547.83,780.76,71.99,46.61,1,-1,-1,-1
1298,2485,1367.19,840.60,509.14,348.45,1,-1,-1,-1
1299,2523,543.77,780.05,72.20,47.48,1,-1,-1,-1
1299,2485,1429.79,848.41,561.57,380.80,1,-1,-1,-1
1300,2523,541.34,778.05,71.84,49.04,1,-1,-1,-1
1300,2485,1505.81,857.37,628.45,417.86,1,-1,-1,-1
1301,2523,539.68,776.31,69.96,48.62,1,-1,-1,-1
1301,2485,1589.21,869.63,715.63,465.46,1,-1,-1,-1
1302,2523,538.29,775.80,67.36,48.39,1,-1,-1,-1
1302,2485,1669.87,886.12,785.88,517.64,1,-1,-1,-1
1303,2523,536.58,776.25,65.49,48.28,1,-1,-1,-1
1303,2485,1730.87,910.59,810.99,573.70,1,-1,-1,-1
1304,2523,535.54,777.20,63.81,48.37,1,-1,-1,-1
1304,2485,1816.62,910.69,783.39,601.75,1,-1,-1,-1
1305,2523,533.88,776.35,62.53,48.89,1,-1,-1,-1
1305,2485,1931.32,911.99,715.06,615.63,1,-1,-1,-1
1306,2523,533.11,776.86,61.71,49.17,1,-1,-1,-1
1306,2485,2084.40,932.85,606.36,626.72,1,-1,-1,-1
1307,2523,531.89,776.18,61.01,49.56,1,-1,-1,-1
1308,2523,531.74,774.75,59.89,49.46,1,-1,-1,-1
1309,2523,532.71,774.73,59.05,49.32,1,-1,-1,-1
1310,2523,534.34,773.79,58.35,48.74,1,-1,-1,-1
1311,2523,536.72,772.42,58.23,48.54,1,-1,-1,-1
1312,2523,536.65,772.23,58.50,48.39,1,-1,-1,-1
1313,2523,537.57,771.24,58.63,48.14,1,-1,-1,-1
1314,2523,538.50,771.26,58.76,47.22,1,-1,-1,-1
1315,2523,539.20,772.06,58.56,45.76,1,-1,-1,-1
1316,2523,539.49,772.41,58.07,44.41,1,-1,-1,-1
1317,2523,539.45,771.79,58.10,43.83,1,-1,-1,-1
1318,2523,539.63,771.46,58.21,43.49,1,-1,-1,-1
1319,2523,539.80,771.42,58.26,43.33,1,-1,-1,-1
1320,2523,540.10,771.50,58.15,43.09,1,-1,-1,-1
1321,2523,540.53,772.17,57.88,42.38,1,-1,-1,-1
1322,2523,540.92,772.58,57.55,41.73,1,-1,-1,-1
1323,2523,541.26,772.84,57.41,41.29,1,-1,-1,-1
1324,2523,541.39,773.03,57.38,41.04,1,-1,-1,-1
1325,2523,541.44,773.29,57.38,40.79,1,-1,-1,-1
1326,2523,541.44,773.47,57.32,40.67,1,-1,-1,-1
1327,2523,541.41,773.67,57.33,40.67,1,-1,-1,-1
1328,2523,541.38,773.71,57.38,40.60,1,-1,-1,-1
1329,2523,541.66,773.78,57.54,40.47,1,-1,-1,-1
1330,2523,541.98,773.74,57.73,40.41,1,-1,-1,-1
1331,2523,541.95,773.71,57.78,40.32,1,-1,-1,-1
1332,2523,541.87,773.71,57.76,40.19,1,-1,-1,-1
1333,2523,541.53,773.41,57.85,40.31,1,-1,-1,-1
1334,2523,541.46,773.31,57.88,40.33,1,-1,-1,-1
1335,2523,541.36,773.26,57.89,40.42,1,-1,-1,-1
1336,2523,541.40,773.23,57.92,40.51,1,-1,-1,-1
1337,2523,541.38,773.16,57.94,40.58,1,-1,-1,-1
1338,2523,541.49,773.25,57.93,40.60,1,-1,-1,-1
1339,2523,541.57,773.28,57.92,40.59,1,-1,-1,-1
1340,2523,541.64,773.34,57.93,40.60,1,-1,-1,-1
1341,2523,541.62,773.40,57.89,40.57,1,-1,-1,-1
1342,2523,541.56,773.38,57.89,40.59,1,-1,-1,-1
1343,2523,541.57,773.32,57.90,40.62,1,-1,-1,-1
1344,2523,541.55,773.17,57.95,40.67,1,-1,-1,-1
1345,2523,541.38,772.93,58.09,40.98,1,-1,-1,-1
1346,2523,541.37,772.77,58.24,41.27,1,-1,-1,-1
1347,2523,541.35,772.75,58.33,41.42,1,-1,-1,-1
1348,2523,541.50,772.76,58.40,41.52,1,-1,-1,-1
1349,2523,541.60,772.71,58.47,41.58,1,-1,-1,-1
1350,2523,541.46,772.63,58.57,41.71,1,-1,-1,-1
1351,2523,541.35,772.62,58.62,41.81,1,-1,-1,-1
1352,2523,541.39,772.58,58.70,41.83,1,-1,-1,-1
1353,2523,541.48,772.55,58.76,41.85,1,-1,-1,-1
1354,2523,541.80,773.65,58.09,41.35,1,-1,-1,-1
1355,2523,541.84,774.26,57.49,40.98,1,-1,-1,-1
1356,2523,541.95,774.52,57.03,40.66,1,-1,-1,-1
1357,2523,542.06,774.91,56.44,40.25,1,-1,-1,-1
1358,2523,542.24,775.15,56.06,39.92,1,-1,-1,-1
1359,2523,542.51,775.31,55.87,39.71,1,-1,-1,-1
1360,2523,542.63,775.45,55.78,39.54,1,-1,-1,-1
1361,2523,542.60,775.32,55.77,39.48,1,-1,-1,-1
1362,2523,542.67,775.30,55.79,39.43,1,-1,-1,-1
1363,2523,542.63,775.34,55.78,39.36,1,-1,-1,-1
1364,2523,542.50,775.38,55.62,39.28,1,-1,-1,-1
1365,2523,542.48,775.44,55.51,39.23,1,-1,-1,-1
1366,2523,542.44,775.45,55.45,39.22,1,-1,-1,-1
1367,2523,542.45,775.39,55.49,39.20,1,-1,-1,-1
1368,2523,542.62,775.34,55.50,39.16,1,-1,-1,-1
1369,2523,542.61,775.68,55.49,39.01,1,-1,-1,-1
1370,2523,542.63,775.78,55.55,38.91,1,-1,-1,-1
1371,2523,542.69,775.82,55.53,38.79,1,-1,-1,-1
1372,2523,542.56,775.88,55.53,38.69,1,-1,-1,-1
1373,2523,542.64,775.97,55.56,38.67,1,-1,-1,-1
1374,2523,542.44,775.89,55.52,38.65,1,-1,-1,-1
1375,2523,542.37,775.94,55.52,38.68,1,-1,-1,-1
1376,2523,542.39,776.00,55.51,38.68,1,-1,-1,-1
1377,2523,542.38,775.96,55.56,38.71,1,-1,-1,-1
1378,2523,542.39,775.93,55.63,38.77,1,-1,-1,-1
1379,2523,542.41,775.95,55.68,38.84,1,-1,-1,-1
1380,2523,542.47,775.92,55.85,38.91,1,-1,-1,-1
1381,2523,542.62,775.90,56.05,38.97,1,-1,-1,-1
1382,2523,542.64,775.89,56.22,39.04,1,-1,-1,-1
1383,2523,542.76,775.84,56.28,39.04,1,-1,-1,-1
1384,2523,542.59,775.86,56.18,38.97,1,-1,-1,-1
1385,2523,542.63,775.84,56.15,38.94,1,-1,-1,-1
1386,2523,542.69,775.82,56.16,38.94,1,-1,-1,-1
1387,2523,542.69,775.77,56.21,38.97,1,-1,-1,-1
1388,2523,542.77,775.75,56.29,38.99,1,-1,-1,-1
1389,2523,542.75,775.92,56.25,38.91,1,-1,-1,-1
1390,2523,542.64,776.03,56.19,38.85,1,-1,-1,-1
1391,2523,542.53,775.81,56.14,38.88,1,-1,-1,-1
1392,2523,542.57,775.66,56.15,38.91,1,-1,-1,-1
1393,2523,542.30,775.45,55.94,38.92,1,-1,-1,-1
1394,2523,542.33,775.35,55.85,38.94,1,-1,-1,-1
1395,2523,542.29,775.31,55.91,38.98,1,-1,-1,-1
1396,2523,542.40,775.31,55.94,38.95,1,-1,-1,-1
1397,2523,542.29,775.34,55.97,38.94,1,-1,-1,-1
1398,2523,542.37,775.33,55.96,38.92,1,-1,-1,-1
1399,2523,542.25,775.27,55.92,38.92,1,-1,-1,-1
1400,2523,542.18,775.01,55.95,39.02,1,-1,-1,-1
1401,2523,542.19,774.88,56.01,39.10,1,-1,-1,-1
1402,2523,542.18,774.84,56.03,39.18,1,-1,-1,-1
1403,2523,542.09,774.82,56.02,39.24,1,-1,-1,-1
1404,2523,541.58,774.81,55.91,39.16,1,-1,-1,-1
1405,2523,541.96,774.53,56.04,39.04,1,-1,-1,-1
1406,2523,542.03,774.48,56.14,38.97,1,-1,-1,-1
1407,2523,542.02,774.43,56.29,38.96,1,-1,-1,-1
1408,2523,541.96,774.40,56.42,38.92,1,-1,-1,-1
1409,2523,541.93,774.43,56.55,38.90,1,-1,-1,-1
1410,2523,541.92,774.53,56.66,38.89,1,-1,-1,-1
1411,2523,541.94,774.45,56.76,38.93,1,-1,-1,-1
1412,2523,541.76,774.23,56.91,39.02,1,-1,-1,-1
1413,2523,541.76,774.05,56.88,39.00,1,-1,-1,-1
1414,2523,541.78,773.94,56.91,39.01,1,-1,-1,-1
1415,2523,541.72,774.13,56.82,39.00,1,-1,-1,-1
1416,2523,541.67,774.30,56.74,38.98,1,-1,-1,-1
1417,2523,541.65,774.57,56.64,38.96,1,-1,-1,-1
1418,2523,541.61,774.73,56.58,38.93,1,-1,-1,-1
1419,2523,541.54,774.75,56.51,38.91,1,-1,-1,-1
1420,2523,541.50,774.67,56.47,38.94,1,-1,-1,-1
1421,2523,541.47,774.69,56.46,38.98,1,-1,-1,-1
1422,2523,541.37,774.65,56.42,39.04,1,-1,-1,-1
1423,2523,541.49,774.67,56.38,39.05,1,-1,-1,-1
1424,2523,541.52,774.66,56.42,39.06,1,-1,-1,-1
1425,2523,541.44,774.62,56.39,39.12,1,-1,-1,-1
1426,2523,541.48,774.70,56.30,39.11,1,-1,-1,-1
1427,2523,541.54,774.65,56.34,39.11,1,-1,-1,-1
1428,2523,541.57,774.65,56.37,39.10,1,-1,-1,-1
1429,2523,541.77,774.55,56.51,39.10,1,-1,-1,-1
1430,2523,541.85,774.47,56.64,39.12,1,-1,-1,-1
1431,2523,541.77,774.42,56.75,39.13,1,-1,-1,-1
1432,2523,541.67,774.36,56.90,39.21,1,-1,-1,-1
1433,2523,541.67,774.34,57.05,39.26,1,-1,-1,-1
1434,2523,542.28,775.00,56.90,39.11,1,-1,-1,-1
1435,2523,542.51,775.15,56.72,39.00,1,-1,-1,-1
1436,2523,542.75,775.21,56.58,38.88,1,-1,-1,-1
1437,2523,542.71,775.20,56.41,38.76,1,-1,-1,-1
1438,2523,542.65,775.13,56.31,38.72,1,-1,-1,-1
1439,2523,542.71,775.12,56.23,38.74,1,-1,-1,-1
1440,2523,542.68,775.15,56.16,38.78,1,-1,-1,-1
1441,2523,542.92,775.58,56.27,38.70,1,-1,-1,-1
1442,2523,542.93,775.81,56.37,38.65,1,-1,-1,-1
1443,2523,543.07,776.11,56.59,38.58,1,-1,-1,-1
1444,2523,543.14,776.25,56.77,38.56,1,-1,-1,-1
1445,2523,542.97,776.25,56.78,38.55,1,-1,-1,-1
1446,2523,543.02,776.08,56.82,38.58,1,-1,-1,-1
1447,2523,542.96,776.03,56.87,38.60,1,-1,-1,-1
1448,2523,543.02,775.96,56.93,38.57,1,-1,-1,-1
1449,2523,542.90,775.71,56.94,38.58,1,-1,-1,-1
1450,2523,542.87,775.66,56.93,38.57,1,-1,-1,-1
1451,2523,542.73,775.72,56.92,38.60,1,-1,-1,-1
1452,2523,542.82,775.75,57.02,38.60,1,-1,-1,-1
1453,2523,542.96,776.29,57.04,38.68,1,-1,-1,-1
1454,2523,543.14,776.45,57.03,38.73,1,-1,-1,-1
1455,2523,543.28,776.60,56.94,38.71,1,-1,-1,-1
1456,2523,543.33,776.65,56.88,38.74,1,-1,-1,-1
1457,2523,543.17,776.60,56.88,38.75,1,-1,-1,-1
1458,2523,543.30,776.47,56.90,38.74,1,-1,-1,-1
1459,2523,543.31,776.45,56.98,38.72,1,-1,-1,-1
1460,2523,543.15,776.40,57.06,38.77,1,-1,-1,-1
1461,2523,543.06,776.22,57.18,38.79,1,-1,-1,-1
1462,2523,542.42,776.21,57.42,38.85,1,-1,-1,-1
1463,2523,542.26,776.33,57.43,38.81,1,-1,-1,-1
1464,2523,542.39,776.23,57.20,39.11,1,-1,-1,-1
1465,2568,2029.38,733.64,486.21,368.65,1,-1,-1,-1
1465,2523,542.48,776.25,56.73,39.01,1,-1,-1,-1
1466,2568,1908.10,715.87,600.59,392.95,1,-1,-1,-1
1466,2523,542.72,776.18,56.36,38.91,1,-1,-1,-1
1467,2568,1800.01,717.11,695.12,391.76,1,-1,-1,-1
1467,2523,543.00,776.12,56.13,38.87,1,-1,-1,-1
1468,2568,1666.93,730.17,728.49,375.79,1,-1,-1,-1
1468,2523,543.01,776.14,56.15,38.88,1,-1,-1,-1
1469,2568,1543.46,749.07,730.36,355.54,1,-1,-1,-1
1469,2523,542.96,776.12,56.17,38.97,1,-1,-1,-1
1470,2568,1427.86,768.19,720.79,337.97,1,-1,-1,-1
1470,2523,542.96,776.12,56.16,38.99,1,-1,-1,-1
1471,2568,1322.97,786.79,700.71,322.95,1,-1,-1,-1
1471,2523,542.92,776.41,56.12,39.04,1,-1,-1,-1
1472,2568,1105.03,828.95,663.77,308.08,1,-1,-1,-1
1472,2523,543.13,775.87,55.97,38.69,1,-1,-1,-1
1473,2568,980.67,863.65,630.14,295.47,1,-1,-1,-1
1473,2523,543.17,775.96,55.81,38.37,1,-1,-1,-1
1474,2568,886.78,890.49,603.82,286.08,1,-1,-1,-1
1474,2523,543.27,775.94,55.75,38.08,1,-1,-1,-1
1475,2568,807.27,912.59,580.24,276.57,1,-1,-1,-1
1475,2523,543.08,775.61,55.82,38.01,1,-1,-1,-1
1476,2568,732.80,936.94,561.83,268.37,1,-1,-1,-1
1476,2523,543.12,775.37,55.86,37.97,1,-1,-1,-1
1477,2568,659.78,962.84,541.45,260.34,1,-1,-1,-1
1477,2523,542.86,774.57,56.26,38.48,1,-1,-1,-1
1478,2568,583.64,985.31,528.53,256.33,1,-1,-1,-1
1478,2523,542.65,774.08,56.42,38.80,1,-1,-1,-1
1479,2568,514.87,1008.38,513.64,250.61,1,-1,-1,-1
1479,2523,542.55,774.03,56.38,38.85,1,-1,-1,-1
1480,2568,442.90,1028.86,501.18,245.99,1,-1,-1,-1
1480,2523,542.34,773.94,56.35,38.94,1,-1,-1,-1
1481,2568,372.03,1045.24,491.06,244.35,1,-1,-1,-1
1481,2523,542.39,773.97,56.32,38.95,1,-1,-1,-1
1482,2568,238.32,1070.17,513.83,239.57,1,-1,-1,-1
1482,2523,542.52,774.06,56.83,39.32,1,-1,-1,-1
1483,2568,186.42,1090.00,504.01,239.93,1,-1,-1,-1
1483,2523,542.81,773.99,56.90,39.41,1,-1,-1,-1
1484,2568,131.02,1109.66,491.36,234.47,1,-1,-1,-1
1484,2523,543.05,773.83,56.94,39.50,1,-1,-1,-1
1485,2568,58.67,1131.79,481.68,231.43,1,-1,-1,-1
1485,2523,543.06,773.79,56.88,39.58,1,-1,-1,-1
1486,2568,-12.91,1165.36,473.24,220.91,1,-1,-1,-1
1486,2523,543.60,773.86,56.88,39.77,1,-1,-1,-1
1487,2568,-52.90,1177.44,440.68,214.03,1,-1,-1,-1
1487,2523,543.14,773.84,57.13,39.99,1,-1,-1,-1
1488,2568,-66.57,1187.54,406.22,204.14,1,-1,-1,-1
1488,2523,543.24,774.19,57.34,40.10,1,-1,-1,-1
1489,2568,-78.55,1202.39,356.88,194.35,1,-1,-1,-1
1489,2523,543.01,773.86,57.82,40.50,1,-1,-1,-1
1490,2568,-88.20,1220.15,295.51,183.82,1,-1,-1,-1
1490,2523,542.39,773.55,58.28,40.82,1,-1,-1,-1
1491,2523,541.89,773.46,58.62,41.09,1,-1,-1,-1
1492,2523,541.25,773.27,58.70,41.14,1,-1,-1,-1
1493,2523,540.93,773.22,58.75,41.16,1,-1,-1,-1
1494,2523,540.80,773.13,58.79,41.19,1,-1,-1,-1
1495,2523,540.89,773.16,58.76,41.13,1,-1,-1,-1
1496,2523,540.84,773.10,58.74,41.10,1,-1,-1,-1
1497,2523,540.77,773.21,58.78,41.09,1,-1,-1,-1
1498,2523,540.67,773.22,58.81,41.07,1,-1,-1,-1
1499,2523,540.78,773.31,58.76,41.03,1,-1,-1,-1
1500,2523,540.84,773.26,58.81,40.99,1,-1,-1,-1
1501,2523,541.56,773.66,58.90,40.97,1,-1,-1,-1
1502,2523,541.94,773.84,58.91,40.94,1,-1,-1,-1
1503,2523,541.93,773.96,59.02,40.93,1,-1,-1,-1
1504,2523,541.98,774.02,59.05,40.89,1,-1,-1,-1
1505,2523,541.94,773.99,59.12,40.87,1,-1,-1,-1
1506,2523,542.01,773.98,59.03,40.83,1,-1,-1,-1
1507,2523,542.06,774.11,58.96,40.73,1,-1,-1,-1
1508,2523,542.06,774.07,59.03,40.72,1,-1,-1,-1
1509,2523,541.92,774.06,59.05,40.72,1,-1,-1,-1
1510,2523,541.92,774.09,59.05,40.70,1,-1,-1,-1
1511,2523,541.99,774.05,58.97,40.68,1,-1,-1,-1
1512,2523,542.02,773.80,58.85,40.69,1,-1,-1,-1
1513,2523,542.07,773.92,58.75,40.65,1,-1,-1,-1
1514,2523,541.99,774.00,58.67,40.61,1,-1,-1,-1
1515,2523,541.95,773.90,58.61,40.65,1,-1,-1,-1
1516,2523,541.80,773.96,58.63,40.77,1,-1,-1,-1
1517,2523,541.89,773.85,58.69,40.85,1,-1,-1,-1
1518,2523,541.85,773.74,58.72,40.91,1,-1,-1,-1
1519,2523,541.77,773.63,58.75,40.94,1,-1,-1,-1
1520,2523,541.60,773.49,58.82,40.98,1,-1,-1,-1
1521,2523,541.57,773.37,58.89,41.03,1,-1,-1,-1
1522,2523,541.91,774.22,58.15,40.53,1,-1,-1,-1
1523,2523,542.15,774.80,57.51,40.08,1,-1,-1,-1
1524,2523,542.45,775.09,57.14,39.79,1,-1,-1,-1
1525,2523,542.23,775.43,56.65,39.34,1,-1,-1,-1
1526,2523,542.32,775.68,56.33,39.00,1,-1,-1,-1
1527,2523,542.47,775.77,56.12,38.82,1,-1,-1,-1
1528,2523,542.62,775.86,55.95,38.68,1,-1,-1,-1
1529,2523,542.67,775.93,55.83,38.57,1,-1,-1,-1
1530,2523,542.81,775.92,55.72,38.47,1,-1,-1,-1
1531,2523,542.83,775.83,55.52,38.39,1,-1,-1,-1
1532,2523,542.78,774.51,56.08,38.97,1,-1,-1,-1
1533,2523,542.61,773.93,56.54,39.47,1,-1,-1,-1
1534,2523,542.48,773.71,56.84,39.81,1,-1,-1,-1
1535,2523,542.66,773.48,57.16,40.07,1,-1,-1,-1
1536,2523,542.55,773.29,57.45,40.33,1,-1,-1,-1
1537,2523,542.04,773.23,57.97,40.62,1,-1,-1,-1
1538,2523,541.73,773.24,58.37,40.86,1,-1,-1,-1
1539,2523,541.57,773.19,58.62,41.00,1,-1,-1,-1
1540,2523,541.45,773.21,58.77,41.11,1,-1,-1,-1
1541,2523,541.45,773.17,58.93,41.24,1,-1,-1,-1
1542,2523,541.43,773.11,59.05,41.32,1,-1,-1,-1
1543,2523,541.36,772.87,59.19,41.52,1,-1,-1,-1
1544,2523,541.24,772.81,59.15,41.59,1,-1,-1,-1
1545,2523,541.14,772.76,59.17,41.66,1,-1,-1,-1
1546,2523,541.14,772.86,59.18,41.68,1,-1,-1,-1
1547,2523,541.15,772.97,59.12,41.69,1,-1,-1,-1
1548,2523,541.28,773.03,59.09,41.73,1,-1,-1,-1
1549,2523,541.00,773.27,58.95,41.62,1,-1,-1,-1
1550,2523,540.88,773.28,58.85,41.54,1,-1,-1,-1
1551,2523,540.83,773.29,58.78,41.53,1,-1,-1,-1
1552,2523,540.72,773.22,58.71,41.49,1,-1,-1,-1
1553,2523,540.72,773.16,58.71,41.45,1,-1,-1,-1
1554,2523,540.74,773.20,58.67,41.43,1,-1,-1,-1
1555,2523,540.76,773.23,58.65,41.44,1,-1,-1,-1
1556,2523,540.86,773.26,58.62,41.45,1,-1,-1,-1
1557,2523,540.95,773.26,58.57,41.43,1,-1,-1,-1
1558,2523,541.09,773.10,58.45,41.35,1,-1,-1,-1
1559,2523,541.10,773.05,58.52,41.40,1,-1,-1,-1
1560,2523,541.02,773.06,58.56,41.41,1,-1,-1,-1
1561,2523,541.21,773.18,58.47,41.25,1,-1,-1,-1
1562,2523,541.33,773.26,58.36,41.13,1,-1,-1,-1
1563,2523,541.32,773.35,58.23,41.03,1,-1,-1,-1
1564,2523,541.31,773.48,58.09,40.89,1,-1,-1,-1
1565,2523,541.36,773.51,58.01,40.75,1,-1,-1,-1
1566,2523,541.62,773.52,57.96,40.64,1,-1,-1,-1
1567,2523,541.77,773.56,58.02,40.59,1,-1,-1,-1
1568,2523,541.85,773.65,57.99,40.51,1,-1,-1,-1
1569,2523,541.91,773.67,57.98,40.44,1,-1,-1,-1
1570,2523,541.94,773.63,57.91,40.42,1,-1,-1,-1
1571,2523,542.07,773.85,57.88,40.37,1,-1,-1,-1
1572,2523,542.07,773.99,57.87,40.30,1,-1,-1,-1
1573,2523,541.64,774.11,58.00,40.32,1,-1,-1,-1
1574,2523,541.50,774.22,58.02,40.32,1,-1,-1,-1
1575,2523,541.30,774.13,58.02,40.43,1,-1,-1,-1
1576,2523,541.19,774.05,58.04,40.48,1,-1,-1,-1
1577,2523,541.07,774.04,58.12,40.48,1,-1,-1,-1
1578,2523,540.91,774.02,58.15,40.51,1,-1,-1,-1
1579,2523,540.85,773.96,58.12,40.52,1,-1,-1,-1
1580,2523,540.89,773.99,58.08,40.52,1,-1,-1,-1
1581,2523,540.91,774.00,58.09,40.56,1,-1,-1,-1
1582,2523,540.94,774.07,58.09,40.54,1,-1,-1,-1
1583,2523,540.90,774.11,58.04,40.52,1,-1,-1,-1
1584,2523,540.85,774.14,58.06,40.49,1,-1,-1,-1
1585,2523,540.73,773.96,58.24,40.47,1,-1,-1,-1
1586,2523,540.63,773.94,58.41,40.50,1,-1,-1,-1
1587,2523,540.35,773.87,58.67,40.73,1,-1,-1,-1
1588,2523,540.37,773.74,58.79,40.86,1,-1,-1,-1
1589,2523,540.33,773.50,58.99,40.99,1,-1,-1,-1
1590,2523,540.34,773.52,59.09,41.05,1,-1,-1,-1
1591,2523,540.29,773.41,59.13,41.06,1,-1,-1,-1
1592,2523,540.41,773.39,59.17,41.03,1,-1,-1,-1
1593,2523,540.38,773.29,59.18,40.99,1,-1,-1,-1
1594,2523,539.99,772.97,58.90,41.20,1,-1,-1,-1
1595,2523,539.87,772.86,58.75,41.33,1,-1,-1,-1
1596,2523,539.82,772.85,58.67,41.45,1,-1,-1,-1
1597,2523,540.94,773.04,58.22,41.42,1,-1,-1,-1
1598,2523,541.44,773.06,58.00,41.51,1,-1,-1,-1
1599,2523,541.67,773.09,57.79,41.58,1,-1,-1,-1
1600,2523,541.82,773.11,57.64,41.62,1,-1,-1,-1
1601,2523,541.90,773.08,57.51,41.60,1,-1,-1,-1
1602,2523,541.92,773.04,57.41,41.60,1,-1,-1,-1
1603,2523,542.00,773.07,57.31,41.63,1,-1,-1,-1
1604,2523,541.96,773.11,57.28,41.70,1,-1,-1,-1
1605,2523,542.03,773.11,57.27,41.76,1,-1,-1,-1
1606,2523,542.07,772.80,57.18,42.00,1,-1,-1,-1
1607,2523,542.03,772.52,57.06,42.33,1,-1,-1,-1
1608,2523,541.76,772.27,57.12,42.87,1,-1,-1,-1
1609,2523,541.40,771.91,57.15,43.61,1,-1,-1,-1
1610,2523,541.79,772.82,56.90,44.79,1,-1,-1,-1
1611,2523,541.89,774.04,56.70,45.81,1,-1,-1,-1
1612,2523,542.01,774.83,56.53,46.23,1,-1,-1,-1
1613,2523,543.11,776.90,56.12,46.82,1,-1,-1,-1
1614,2523,540.73,777.86,56.54,48.14,1,-1,-1,-1
1618,2523,544.29,787.05,61.23,54.19,1,-1,-1,-1
1619,2523,546.01,788.62,63.88,56.39,1,-1,-1,-1
1620,2523,547.65,789.95,67.50,58.60,1,-1,-1,-1
1621,2523,552.15,793.28,70.16,59.37,1,-1,-1,-1
1622,2523,559.02,795.72,70.80,59.72,1,-1,-1,-1
1623,2523,565.34,796.34,71.54,60.18,1,-1,-1,-1
1624,2523,571.57,796.55,71.13,59.45,1,-1,-1,-1
1625,2523,578.44,796.99,71.84,58.95,1,-1,-1,-1
1626,2523,586.00,797.09,72.08,58.86,1,-1,-1,-1
1627,2523,594.54,796.15,73.64,58.07,1,-1,-1,-1
1628,2523,603.88,795.19,75.33,57.96,1,-1,-1,-1
1629,2523,610.02,793.71,78.12,59.04,1,-1,-1,-1
1630,2523,617.49,791.31,79.06,60.17,1,-1,-1,-1
1631,2523,625.66,789.90,78.83,61.74,1,-1,-1,-1
1632,2523,633.38,790.53,77.32,62.62,1,-1,-1,-1
1633,2523,641.03,791.29,77.02,63.70,1,-1,-1,-1
1634,2523,648.86,793.21,77.37,63.73,1,-1,-1,-1
1635,2523,658.37,791.32,80.86,66.32,1,-1,-1,-1
1636,2523,667.96,789.84,86.91,68.93,1,-1,-1,-1
1637,2523,681.09,788.41,90.49,70.47,1,-1,-1,-1
1638,2523,699.34,786.85,91.00,71.53,1,-1,-1,-1
1639,2523,710.25,786.56,91.54,71.99,1,-1,-1,-1
1640,2523,721.07,786.49,95.22,72.71,1,-1,-1,-1
1641,2523,731.39,786.47,97.68,72.86,1,-1,-1,-1
1642,2523,736.99,786.89,102.17,73.90,1,-1,-1,-1
1643,2523,744.38,787.44,108.41,76.53,1,-1,-1,-1
1644,2523,753.89,786.66,113.45,79.48,1,-1,-1,-1
1645,2523,762.14,786.80,117.87,82.04,1,-1,-1,-1
1646,2523,771.62,788.03,120.61,84.41,1,-1,-1,-1
1647,2523,783.17,788.49,124.55,87.42,1,-1,-1,-1
1648,2523,793.31,789.52,128.73,91.54,1,-1,-1,-1
1649,2523,804.21,789.15,132.72,96.17,1,-1,-1,-1
1650,2523,815.96,788.48,136.00,99.33,1,-1,-1,-1
1651,2523,825.83,788.40,139.82,103.27,1,-1,-1,-1
1652,2523,835.32,790.13,144.20,107.86,1,-1,-1,-1
1653,2523,850.57,791.85,148.10,112.89,1,-1,-1,-1
1654,2523,866.96,792.65,152.93,117.56,1,-1,-1,-1
1655,2523,880.41,794.43,157.64,122.14,1,-1,-1,-1
1656,2523,893.99,795.69,161.53,126.96,1,-1,-1,-1
1657,2523,907.38,797.69,165.98,131.39,1,-1,-1,-1
1658,2523,921.08,797.85,173.68,136.40,1,-1,-1,-1
1659,2523,941.22,798.43,181.87,141.22,1,-1,-1,-1
1660,2523,961.46,800.63,190.89,145.66,1,-1,-1,-1
1661,2523,983.25,804.24,200.57,150.26,1,-1,-1,-1
1662,2523,1003.64,807.79,212.56,157.46,1,-1,-1,-1
1663,2523,1030.70,810.05,227.83,166.78,1,-1,-1,-1
1664,2523,1059.13,812.75,240.61,175.73,1,-1,-1,-1
1665,2523,1093.31,816.68,256.83,184.70,1,-1,-1,-1
1666,2523,1127.94,821.47,274.14,195.80,1,-1,-1,-1
1667,2523,1168.26,824.82,299.23,210.52,1,-1,-1,-1
1668,2523,1214.90,830.97,324.86,224.44,1,-1,-1,-1
1669,2523,1269.69,836.70,357.54,240.32,1,-1,-1,-1
1670,2523,1334.32,840.41,396.43,261.19,1,-1,-1,-1
1671,2523,1403.15,848.61,445.08,285.40,1,-1,-1,-1
1672,2523,1488.11,859.74,504.23,314.95,1,-1,-1,-1
1673,2523,1592.49,868.84,585.21,356.26,1,-1,-1,-1
1674,2523,1718.05,884.08,678.47,405.80,1,-1,-1,-1
1675,2523,1814.54,910.79,708.29,456.65,1,-1,-1,-1
1676,2523,1939.85,922.77,664.80,458.84,1,-1,-1,-1
1677,2523,2111.53,942.57,563.98,471.76,1,-1,-1,-1
1794,2612,718.29,787.40,97.03,80.52,1,-1,-1,-1
1795,2612,728.25,787.36,99.07,82.61,1,-1,-1,-1
1796,2612,734.66,786.10,105.85,87.85,1,-1,-1,-1
1797,2612,739.23,786.90,113.71,91.65,1,-1,-1,-1
1798,2612,744.13,786.73,121.46,95.92,1,-1,-1,-1
1799,2612,750.91,788.75,125.72,98.78,1,-1,-1,-1
1800,2612,758.83,788.72,129.89,102.32,1,-1,-1,-1
1801,2612,769.66,787.27,136.63,107.89,1,-1,-1,-1
1802,2612,778.13,787.98,143.21,113.00,1,-1,-1,-1
1803,2612,789.09,788.78,146.17,115.63,1,-1,-1,-1
1804,2612,803.76,789.84,148.96,119.06,1,-1,-1,-1
1805,2612,814.17,790.36,153.91,124.41,1,-1,-1,-1
1806,2612,826.17,791.36,161.50,129.23,1,-1,-1,-1
1807,2612,845.31,792.35,166.12,132.66,1,-1,-1,-1
1808,2612,862.23,794.09,171.41,137.03,1,-1,-1,-1
1809,2612,875.48,794.34,176.81,141.69,1,-1,-1,-1
1810,2612,889.82,795.47,180.44,146.16,1,-1,-1,-1
1811,2612,903.08,798.43,185.05,150.91,1,-1,-1,-1
1812,2612,920.66,800.43,194.22,158.02,1,-1,-1,-1
1813,2612,941.90,802.45,202.09,164.64,1,-1,-1,-1
1814,2612,964.64,802.67,211.84,172.13,1,-1,-1,-1
1815,2612,986.26,806.41,225.51,182.14,1,-1,-1,-1
1816,2612,1010.59,810.89,236.74,192.46,1,-1,-1,-1
1817,2612,1041.40,813.87,250.82,204.35,1,-1,-1,-1
1818,2612,1071.92,815.78,270.51,219.08,1,-1,-1,-1
1819,2612,1109.17,818.66,292.92,234.38,1,-1,-1,-1
1820,2612,1147.03,819.83,318.60,251.70,1,-1,-1,-1
1821,2612,1193.29,821.17,347.91,272.58,1,-1,-1,-1
1822,2612,1248.54,829.54,385.78,294.78,1,-1,-1,-1
1823,2612,1309.39,840.59,431.10,321.77,1,-1,-1,-1
1824,2612,1385.62,847.39,485.28,355.14,1,-1,-1,-1
1825,2612,1476.75,860.23,556.03,397.87,1,-1,-1,-1
1826,2612,1585.82,876.07,650.78,453.54,1,-1,-1,-1
1827,2612,1702.33,896.08,734.17,518.35,1,-1,-1,-1
1828,2612,1811.06,898.28,738.90,546.79,1,-1,-1,-1
1829,2612,1954.15,912.02,677.70,565.89,1,-1,-1,-1
2128,2644,2092.46,605.20,439.50,383.36,1,-1,-1,-1
2129,2644,2012.28,576.81,516.27,404.78,1,-1,-1,-1
2130,2644,1944.96,568.00,580.12,405.26,1,-1,-1,-1
2131,2644,1864.82,575.05,599.59,386.36,1,-1,-1,-1
2132,2644,1783.65,584.64,592.31,363.12,1,-1,-1,-1
2133,2644,1716.46,597.49,571.00,338.91,1,-1,-1,-1
2134,2644,1653.42,606.23,546.22,317.81,1,-1,-1,-1
2135,2644,1603.57,614.68,516.81,298.24,1,-1,-1,-1
2136,2644,1557.76,618.21,484.80,282.58,1,-1,-1,-1
2137,2644,1516.04,627.64,455.79,264.92,1,-1,-1,-1
2138,2644,1480.15,633.19,427.15,250.41,1,-1,-1,-1
2139,2644,1445.41,639.49,400.85,236.07,1,-1,-1,-1
2140,2644,1413.51,644.84,375.58,222.14,1,-1,-1,-1
2141,2644,1383.70,650.73,355.54,210.33,1,-1,-1,-1
2142,2644,1357.65,657.98,334.31,198.67,1,-1,-1,-1
2143,2644,1334.58,664.91,310.67,188.16,1,-1,-1,-1
2144,2644,1313.44,668.97,292.31,178.34,1,-1,-1,-1
2145,2644,1291.33,673.46,272.50,168.62,1,-1,-1,-1
2146,2644,1269.73,677.44,255.97,160.43,1,-1,-1,-1
2147,2644,1247.51,680.55,241.29,151.73,1,-1,-1,-1
2148,2644,1228.43,682.49,226.99,145.83,1,-1,-1,-1
2149,2644,1211.69,683.99,214.57,139.23,1,-1,-1,-1
2150,2644,1197.23,687.29,203.40,133.16,1,-1,-1,-1
2151,2644,1178.89,690.58,194.39,128.81,1,-1,-1,-1
2152,2644,1162.37,694.44,186.71,123.10,1,-1,-1,-1
2153,2644,1145.09,695.92,178.94,118.71,1,-1,-1,-1
2154,2644,1130.24,699.67,170.28,114.98,1,-1,-1,-1
2155,2644,1116.20,701.04,163.36,111.93,1,-1,-1,-1
2156,2644,1101.95,700.60,155.80,109.13,1,-1,-1,-1
2157,2644,1088.41,700.44,150.15,106.90,1,-1,-1,-1
2158,2644,1073.93,705.12,145.28,103.39,1,-1,-1,-1
2159,2644,1058.69,707.87,141.21,99.94,1,-1,-1,-1
2160,2644,1043.25,709.97,139.60,98.08,1,-1,-1,-1
2161,2644,1029.52,709.26,138.11,96.71,1,-1,-1,-1
2162,2644,1017.82,710.84,133.54,94.41,1,-1,-1,-1
2163,2644,1004.27,711.95,130.42,92.29,1,-1,-1,-1
2164,2644,992.90,714.49,125.88,89.34,1,-1,-1,-1
2165,2644,980.74,715.45,123.65,87.05,1,-1,-1,-1
2166,2644,970.32,717.12,118.17,83.94,1,-1,-1,-1
2167,2644,960.65,718.86,114.31,81.81,1,-1,-1,-1
2168,2644,950.89,721.08,110.51,79.21,1,-1,-1,-1
2169,2644,939.57,723.67,106.98,76.98,1,-1,-1,-1
2170,2644,929.08,724.65,103.38,75.28,1,-1,-1,-1
2171,2644,918.73,726.98,99.90,73.26,1,-1,-1,-1
2172,2644,908.99,729.00,96.42,71.40,1,-1,-1,-1
2173,2644,899.74,730.55,95.95,71.32,1,-1,-1,-1
2174,2644,889.72,732.73,95.07,70.31,1,-1,-1,-1
2175,2644,880.03,734.22,96.45,69.63,1,-1,-1,-1
2176,2644,870.03,736.98,93.93,67.11,1,-1,-1,-1
2177,2644,859.02,739.46,89.70,64.29,1,-1,-1,-1
2178,2644,850.55,742.53,85.50,60.99,1,-1,-1,-1
2179,2644,840.61,744.65,80.41,57.37,1,-1,-1,-1
2250,2661,565.45,802.56,73.05,66.22,1,-1,-1,-1
2251,2661,571.69,803.34,72.72,63.41,1,-1,-1,-1
2252,2661,574.92,803.32,73.98,62.26,1,-1,-1,-1
2253,2661,577.62,804.59,75.46,61.54,1,-1,-1,-1
2254,2661,582.17,803.82,78.59,62.39,1,-1,-1,-1
2255,2661,589.33,801.87,82.52,63.26,1,-1,-1,-1
2256,2661,596.76,801.58,84.36,62.58,1,-1,-1,-1
2257,2661,603.26,802.05,85.11,62.13,1,-1,-1,-1
2258,2661,609.97,801.69,86.80,63.14,1,-1,-1,-1
2259,2661,616.36,802.07,86.68,63.27,1,-1,-1,-1
2260,2661,623.37,803.03,87.56,63.36,1,-1,-1,-1
2261,2661,631.76,805.07,87.98,62.85,1,-1,-1,-1
2262,2661,640.22,807.56,87.26,62.72,1,-1,-1,-1
2263,2661,646.00,808.09,87.04,62.61,1,-1,-1,-1
2264,2661,653.08,809.84,83.34,62.08,1,-1,-1,-1
2265,2661,664.66,809.59,85.51,64.49,1,-1,-1,-1
2266,2661,673.50,808.41,93.98,69.02,1,-1,-1,-1
2267,2661,681.07,806.20,102.07,72.11,1,-1,-1,-1
2268,2661,690.49,803.74,104.72,74.59,1,-1,-1,-1
2269,2661,706.96,800.68,100.36,74.94,1,-1,-1,-1
2270,2661,721.22,801.53,95.42,74.53,1,-1,-1,-1
2271,2661,730.95,803.53,94.00,74.82,1,-1,-1,-1
2272,2661,739.14,805.62,97.77,77.45,1,-1,-1,-1
2273,2661,745.06,807.08,106.08,81.57,1,-1,-1,-1
2274,2661,752.59,807.30,110.49,85.39,1,-1,-1,-1
2275,2661,760.80,807.69,114.23,88.30,1,-1,-1,-1
2276,2661,771.72,808.55,116.20,91.79,1,-1,-1,-1
2277,2661,782.92,809.25,119.08,95.65,1,-1,-1,-1
2278,2661,795.69,815.05,123.70,99.23,1,-1,-1,-1
2279,2661,808.81,814.69,129.83,104.94,1,-1,-1,-1
2280,2661,820.38,816.32,134.75,109.20,1,-1,-1,-1
2281,2661,830.86,818.75,140.23,114.68,1,-1,-1,-1
2282,2661,844.70,819.37,143.15,118.75,1,-1,-1,-1
2283,2661,858.77,821.52,146.46,123.00,1,-1,-1,-1
2284,2661,873.60,824.21,153.28,126.41,1,-1,-1,-1
2285,2661,889.86,827.89,158.37,130.78,1,-1,-1,-1
2286,2661,904.46,830.69,163.43,135.58,1,-1,-1,-1
2287,2661,921.47,834.26,170.68,141.12,1,-1,-1,-1
2288,2661,942.93,839.20,179.97,147.22,1,-1,-1,-1
2289,2661,962.60,843.74,188.80,154.94,1,-1,-1,-1
2290,2661,980.56,850.36,198.39,161.41,1,-1,-1,-1
2291,2661,1004.84,857.87,209.79,169.17,1,-1,-1,-1
2292,2661,1035.84,864.03,223.44,178.65,1,-1,-1,-1
2293,2661,1066.85,867.31,238.17,190.18,1,-1,-1,-1
2294,2661,1104.92,872.87,258.99,203.23,1,-1,-1,-1
2295,2661,1141.30,881.38,283.61,217.23,1,-1,-1,-1
2296,2661,1187.95,891.50,310.50,234.54,1,-1,-1,-1
2297,2661,1243.73,905.77,344.17,256.19,1,-1,-1,-1
2298,2661,1308.16,920.76,387.05,280.57,1,-1,-1,-1
2299,2661,1388.94,933.68,438.16,311.76,1,-1,-1,-1
2300,2661,1481.14,951.37,503.28,351.71,1,-1,-1,-1
2301,2661,1599.14,972.38,589.90,403.51,1,-1,-1,-1
2302,2661,1734.70,1001.65,676.82,466.02,1,-1,-1,-1
2303,2661,1855.29,1045.34,687.97,519.45,1,-1,-1,-1
2304,2661,2012.45,1051.32,620.09,529.06,1,-1,-1,-1
