439,3521,1451.92,963.68,67.34,105.68,1,-1,-1,-1
440,3521,1442.45,959.65,61.69,108.65,1,-1,-1,-1
441,3522,496.39,444.07,30.84,62.82,1,-1,-1,-1
441,3521,1430.13,941.80,64.88,124.53,1,-1,-1,-1
442,3522,493.86,446.78,31.85,64.60,1,-1,-1,-1
442,3521,1414.16,928.00,69.89,140.24,1,-1,-1,-1
443,3522,492.09,452.27,31.11,63.08,1,-1,-1,-1
443,3521,1410.87,920.33,68.08,148.11,1,-1,-1,-1
444,3522,491.56,456.76,31.60,63.02,1,-1,-1,-1
444,3521,1398.01,905.51,70.98,162.73,1,-1,-1,-1
445,3522,487.92,458.22,32.86,66.13,1,-1,-1,-1
445,3521,1377.40,891.26,78.48,179.08,1,-1,-1,-1
446,3522,484.58,461.49,34.02,68.75,1,-1,-1,-1
446,3521,1353.54,876.12,84.76,194.18,1,-1,-1,-1
447,3522,481.93,462.12,35.65,72.29,1,-1,-1,-1
447,3521,1341.59,867.86,86.68,202.04,1,-1,-1,-1
448,3522,477.86,465.36,37.86,74.51,1,-1,-1,-1
448,3521,1326.63,853.86,90.17,209.27,1,-1,-1,-1
449,3522,476.69,468.79,40.16,78.26,1,-1,-1,-1
449,3521,1312.88,845.59,91.82,209.70,1,-1,-1,-1
450,3522,471.39,475.20,40.30,79.35,1,-1,-1,-1
450,3521,1298.59,835.04,91.95,208.57,1,-1,-1,-1
451,3522,467.40,480.63,40.59,79.80,1,-1,-1,-1
451,3521,1281.39,819.72,93.97,210.82,1,-1,-1,-1
452,3522,463.05,486.79,41.10,79.84,1,-1,-1,-1
452,3521,1272.85,806.31,91.08,212.25,1,-1,-1,-1
453,3522,458.08,492.03,41.26,80.10,1,-1,-1,-1
453,3521,1259.10,799.41,86.60,209.03,1,-1,-1,-1
454,3522,455.98,495.86,42.56,83.12,1,-1,-1,-1
454,3521,1244.71,791.14,83.18,206.83,1,-1,-1,-1
455,3522,452.66,500.11,43.80,85.35,1,-1,-1,-1
455,3521,1239.55,786.36,76.63,202.93,1,-1,-1,-1
456,3522,449.58,506.60,43.61,85.94,1,-1,-1,-1
456,3521,1228.82,780.93,74.28,197.86,1,-1,-1,-1
457,3522,449.14,511.80,44.76,87.48,1,-1,-1,-1
457,3521,1215.31,767.56,73.23,196.87,1,-1,-1,-1
458,3522,447.38,513.88,48.55,90.20,1,-1,-1,-1
458,3521,1204.61,757.15,72.61,194.06,1,-1,-1,-1
459,3522,444.99,518.78,49.78,90.87,1,-1,-1,-1
459,3521,1196.98,754.20,69.50,190.43,1,-1,-1,-1
460,3522,445.30,523.90,52.84,95.38,1,-1,-1,-1
460,3521,1193.56,748.63,65.97,186.29,1,-1,-1,-1
461,3522,446.21,532.26,53.68,95.61,1,-1,-1,-1
461,3521,1184.42,743.52,62.98,182.29,1,-1,-1,-1
462,3522,447.19,537.95,54.48,97.31,1,-1,-1,-1
462,3521,1171.50,733.02,62.08,180.42,1,-1,-1,-1
463,3522,449.42,541.93,54.93,99.21,1,-1,-1,-1
463,3521,1159.62,726.46,62.12,176.90,1,-1,-1,-1
464,3522,451.84,551.38,54.65,99.78,1,-1,-1,-1
464,3521,1147.47,721.58,62.53,173.17,1,-1,-1,-1
465,3522,456.20,558.94,56.77,102.14,1,-1,-1,-1
465,3521,1137.02,715.82,61.72,169.85,1,-1,-1,-1
466,3522,457.36,564.90,58.01,105.01,1,-1,-1,-1
466,3521,1125.69,707.35,63.70,168.08,1,-1,-1,-1
467,3521,1116.35,698.92,64.44,167.81,1,-1,-1,-1
468,3521,1103.72,694.22,63.43,165.41,1,-1,-1,-1
469,3521,1095.30,687.52,59.96,163.22,1,-1,-1,-1
470,3522,467.65,602.14,57.91,113.61,1,-1,-1,-1
470,3521,1087.64,679.10,58.34,162.75,1,-1,-1,-1
471,3522,470.76,608.75,58.41,115.92,1,-1,-1,-1
471,3521,1080.55,672.15,56.16,161.24,1,-1,-1,-1
472,3522,475.57,616.17,60.93,118.66,1,-1,-1,-1
472,3521,1073.86,666.82,55.89,160.26,1,-1,-1,-1
473,3522,479.68,624.04,66.48,123.52,1,-1,-1,-1
473,3521,1064.77,664.26,55.73,156.64,1,-1,-1,-1
474,3536,577.62,317.10,16.36,30.72,1,-1,-1,-1
474,3522,482.59,634.80,70.69,127.03,1,-1,-1,-1
474,3521,1056.63,658.54,53.54,153.77,1,-1,-1,-1
475,3536,575.13,318.88,17.05,31.87,1,-1,-1,-1
475,3522,486.33,644.70,70.92,127.53,1,-1,-1,-1
475,3521,1052.04,651.87,51.20,152.25,1,-1,-1,-1
476,3522,488.59,660.74,67.58,127.46,1,-1,-1,-1
476,3521,1047.31,644.62,51.22,152.09,1,-1,-1,-1
477,3522,488.34,676.55,67.54,129.35,1,-1,-1,-1
477,3521,1042.79,641.88,49.31,150.02,1,-1,-1,-1
478,3522,485.54,685.95,70.09,133.42,1,-1,-1,-1
478,3521,1035.12,634.16,49.91,148.77,1,-1,-1,-1
479,3536,563.75,328.21,17.33,32.55,1,-1,-1,-1
479,3522,482.65,696.80,72.17,137.97,1,-1,-1,-1
479,3521,1031.58,633.49,48.02,145.01,1,-1,-1,-1
480,3536,561.49,331.27,17.23,32.56,1,-1,-1,-1
480,3522,471.20,712.94,74.80,140.93,1,-1,-1,-1
480,3521,1027.82,627.65,48.06,144.60,1,-1,-1,-1
481,3536,558.94,332.86,17.21,32.33,1,-1,-1,-1
481,3522,448.12,726.93,79.68,145.98,1,-1,-1,-1
481,3521,1022.79,620.63,48.00,142.75,1,-1,-1,-1
482,3536,556.57,333.18,17.45,33.60,1,-1,-1,-1
482,3522,422.43,742.39,85.47,150.83,1,-1,-1,-1
482,3521,1014.07,615.16,49.49,141.34,1,-1,-1,-1
483,3536,554.74,334.68,17.41,34.20,1,-1,-1,-1
483,3522,393.76,755.31,90.55,155.29,1,-1,-1,-1
483,3521,1008.70,610.29,50.90,141.28,1,-1,-1,-1
484,3536,552.40,334.13,18.21,36.57,1,-1,-1,-1
484,3522,362.29,771.20,95.55,161.70,1,-1,-1,-1
484,3521,999.64,611.38,51.85,137.66,1,-1,-1,-1
485,3536,551.24,335.14,18.23,37.68,1,-1,-1,-1
485,3522,336.44,794.82,96.80,163.75,1,-1,-1,-1
485,3521,988.77,600.32,52.94,140.53,1,-1,-1,-1
486,3536,549.97,338.87,18.24,36.41,1,-1,-1,-1
486,3522,314.69,816.86,101.70,167.90,1,-1,-1,-1
486,3521,979.15,600.12,51.24,138.75,1,-1,-1,-1
487,3536,548.86,341.13,18.03,36.07,1,-1,-1,-1
487,3522,306.56,838.64,105.34,170.88,1,-1,-1,-1
487,3521,968.60,595.35,51.28,136.99,1,-1,-1,-1
488,3536,547.95,343.46,17.93,36.26,1,-1,-1,-1
488,3522,308.96,858.04,117.38,178.05,1,-1,-1,-1
488,3521,956.64,598.19,52.03,129.72,1,-1,-1,-1
489,3536,546.10,345.08,18.09,36.88,1,-1,-1,-1
489,3522,323.37,880.81,128.89,182.19,1,-1,-1,-1
489,3521,947.73,591.35,51.22,128.78,1,-1,-1,-1
490,3536,545.45,348.60,17.90,36.07,1,-1,-1,-1
490,3522,346.36,904.72,136.95,178.22,1,-1,-1,-1
490,3521,936.27,584.70,51.19,128.87,1,-1,-1,-1
491,3536,544.36,350.51,17.78,35.95,1,-1,-1,-1
491,3522,374.47,921.59,134.71,171.23,1,-1,-1,-1
491,3521,929.01,582.56,48.18,126.82,1,-1,-1,-1
492,3536,543.50,352.84,17.63,35.24,1,-1,-1,-1
492,3521,922.42,577.59,48.24,127.27,1,-1,-1,-1
493,3536,541.56,355.40,17.58,35.47,1,-1,-1,-1
493,3521,918.64,571.76,46.19,125.32,1,-1,-1,-1
494,3536,540.76,358.15,17.87,35.86,1,-1,-1,-1
494,3521,913.44,566.99,45.47,125.18,1,-1,-1,-1
495,3536,542.17,358.31,18.38,37.07,1,-1,-1,-1
495,3521,909.30,564.11,44.59,124.12,1,-1,-1,-1
496,3536,542.80,360.57,18.84,37.66,1,-1,-1,-1
496,3521,907.99,562.04,41.86,121.98,1,-1,-1,-1
497,3536,543.66,362.86,18.95,37.31,1,-1,-1,-1
497,3521,905.86,560.39,41.05,120.11,1,-1,-1,-1
498,3536,543.90,364.19,19.11,37.73,1,-1,-1,-1
498,3521,905.19,554.83,40.29,119.20,1,-1,-1,-1
499,3536,544.03,365.22,19.52,38.76,1,-1,-1,-1
499,3521,904.39,551.33,39.53,118.85,1,-1,-1,-1
500,3536,544.63,366.88,20.21,38.59,1,-1,-1,-1
500,3521,906.09,552.01,37.27,115.41,1,-1,-1,-1
501,3536,545.37,367.77,19.94,38.72,1,-1,-1,-1
501,3521,907.17,550.96,33.81,111.11,1,-1,-1,-1
502,3536,546.01,370.00,19.97,38.61,1,-1,-1,-1
502,3521,908.24,545.03,34.80,111.15,1,-1,-1,-1
503,3536,546.83,371.80,19.84,39.16,1,-1,-1,-1
503,3521,908.19,542.86,35.84,111.64,1,-1,-1,-1
504,3536,547.95,373.99,19.64,40.17,1,-1,-1,-1
504,3521,910.03,537.95,36.01,111.98,1,-1,-1,-1
505,3536,548.61,374.66,19.64,41.48,1,-1,-1,-1
505,3521,913.14,535.92,35.37,110.71,1,-1,-1,-1
506,3536,548.96,374.75,19.67,43.37,1,-1,-1,-1
506,3521,913.07,534.81,34.32,109.66,1,-1,-1,-1
507,3536,549.97,375.58,19.82,45.04,1,-1,-1,-1
507,3521,913.89,533.28,33.23,107.84,1,-1,-1,-1
508,3536,551.24,376.36,20.20,46.52,1,-1,-1,-1
508,3521,914.76,531.42,32.22,106.11,1,-1,-1,-1
509,3536,551.93,379.00,20.82,47.43,1,-1,-1,-1
509,3521,913.13,528.45,33.38,105.62,1,-1,-1,-1
510,3536,551.87,380.43,21.60,48.47,1,-1,-1,-1
510,3521,913.97,525.91,33.70,104.69,1,-1,-1,-1
511,3536,552.57,383.29,22.32,48.84,1,-1,-1,-1
511,3521,914.70,522.54,34.18,105.32,1,-1,-1,-1
512,3536,553.36,385.54,23.39,48.95,1,-1,-1,-1
512,3521,913.08,519.52,34.79,104.50,1,-1,-1,-1
513,3536,554.47,389.87,24.24,48.57,1,-1,-1,-1
513,3521,910.39,522.05,34.38,100.08,1,-1,-1,-1
514,3536,555.21,393.43,24.54,48.69,1,-1,-1,-1
514,3521,906.96,518.22,33.52,99.82,1,-1,-1,-1
515,3536,555.85,397.49,24.51,48.08,1,-1,-1,-1
515,3521,903.29,514.30,33.09,99.54,1,-1,-1,-1
516,3536,556.28,398.64,25.14,48.81,1,-1,-1,-1
516,3521,898.93,505.90,33.87,103.17,1,-1,-1,-1
517,3536,556.15,398.86,25.76,49.68,1,-1,-1,-1
517,3521,895.80,497.51,34.64,105.41,1,-1,-1,-1
518,3536,555.93,401.13,26.47,50.37,1,-1,-1,-1
518,3521,889.60,496.44,35.17,103.45,1,-1,-1,-1
519,3536,555.78,403.65,27.06,50.72,1,-1,-1,-1
519,3521,884.09,496.17,35.51,103.07,1,-1,-1,-1
520,3536,556.63,405.74,27.28,51.85,1,-1,-1,-1
520,3521,878.16,496.45,35.96,99.92,1,-1,-1,-1
521,3536,556.01,408.37,27.58,53.46,1,-1,-1,-1
521,3521,869.08,487.94,37.57,100.76,1,-1,-1,-1
522,3536,555.46,411.04,27.70,54.76,1,-1,-1,-1
522,3521,862.89,486.97,38.14,99.30,1,-1,-1,-1
523,3536,554.65,413.59,27.88,56.03,1,-1,-1,-1
523,3521,856.15,484.18,38.51,98.46,1,-1,-1,-1
524,3536,553.54,416.19,27.72,56.69,1,-1,-1,-1
524,3521,850.77,482.16,38.60,98.02,1,-1,-1,-1
525,3536,552.39,418.04,28.11,57.67,1,-1,-1,-1
525,3521,844.29,482.38,38.81,97.71,1,-1,-1,-1
526,3536,551.64,421.13,28.53,58.69,1,-1,-1,-1
526,3521,837.41,482.18,38.77,96.54,1,-1,-1,-1
527,3536,551.24,423.98,28.65,58.98,1,-1,-1,-1
527,3521,833.67,481.96,37.33,95.09,1,-1,-1,-1
528,3536,550.65,428.04,28.92,59.79,1,-1,-1,-1
528,3521,824.59,458.48,40.94,105.48,1,-1,-1,-1
529,3536,550.11,433.72,28.46,60.25,1,-1,-1,-1
529,3521,821.34,465.38,40.09,102.45,1,-1,-1,-1
530,3536,548.56,438.77,27.69,61.56,1,-1,-1,-1
530,3521,816.25,467.93,39.07,99.09,1,-1,-1,-1
531,3536,545.95,442.16,27.59,62.47,1,-1,-1,-1
531,3521,811.40,472.58,37.03,94.92,1,-1,-1,-1
532,3536,543.91,444.24,27.70,63.64,1,-1,-1,-1
532,3521,805.27,472.81,35.96,93.57,1,-1,-1,-1
533,3521,800.00,472.47,35.14,92.21,1,-1,-1,-1
534,3521,793.40,469.28,34.51,91.54,1,-1,-1,-1
535,3521,790.09,469.03,33.95,89.34,1,-1,-1,-1
536,3536,531.53,460.98,29.75,65.62,1,-1,-1,-1
536,3521,786.16,467.48,34.39,88.01,1,-1,-1,-1
537,3536,530.46,465.07,30.17,66.33,1,-1,-1,-1
537,3521,779.72,464.32,34.90,88.74,1,-1,-1,-1
538,3536,529.09,469.39,30.96,67.22,1,-1,-1,-1
538,3521,773.05,463.95,33.80,88.21,1,-1,-1,-1
539,3536,529.50,472.88,30.50,67.93,1,-1,-1,-1
539,3521,770.53,460.45,33.34,89.69,1,-1,-1,-1
540,3536,529.99,480.43,30.30,66.77,1,-1,-1,-1
540,3521,768.71,455.78,34.02,90.25,1,-1,-1,-1
541,3536,529.61,482.99,31.42,69.29,1,-1,-1,-1
541,3521,764.97,452.40,35.82,91.70,1,-1,-1,-1
542,3536,531.61,486.91,31.66,70.71,1,-1,-1,-1
542,3521,762.10,450.52,35.90,91.30,1,-1,-1,-1
543,3536,534.99,490.53,32.34,72.74,1,-1,-1,-1
543,3521,758.68,448.89,36.88,90.89,1,-1,-1,-1
544,3536,538.16,496.86,32.77,73.77,1,-1,-1,-1
544,3521,756.95,441.07,37.67,94.43,1,-1,-1,-1
545,3536,542.72,500.71,33.38,76.71,1,-1,-1,-1
545,3521,755.32,441.98,34.82,92.45,1,-1,-1,-1
546,3536,546.48,506.24,34.08,78.94,1,-1,-1,-1
546,3521,753.08,440.54,34.18,91.15,1,-1,-1,-1
547,3536,549.39,510.36,34.44,80.94,1,-1,-1,-1
547,3521,750.87,438.89,33.98,91.98,1,-1,-1,-1
548,3536,554.63,514.73,36.34,83.21,1,-1,-1,-1
548,3521,748.04,437.30,34.59,91.59,1,-1,-1,-1
549,3536,563.34,522.40,36.13,84.81,1,-1,-1,-1
549,3521,743.23,436.80,34.99,90.37,1,-1,-1,-1
550,3536,572.37,526.94,37.63,87.45,1,-1,-1,-1
550,3521,739.75,434.07,35.15,90.06,1,-1,-1,-1
551,3536,580.64,530.61,39.23,90.04,1,-1,-1,-1
551,3521,737.47,434.89,35.17,88.78,1,-1,-1,-1
552,3536,590.11,537.65,39.20,91.54,1,-1,-1,-1
552,3521,734.97,435.85,33.97,86.21,1,-1,-1,-1
553,3536,599.77,544.44,40.04,92.41,1,-1,-1,-1
553,3521,732.91,435.54,33.18,84.72,1,-1,-1,-1
554,3536,611.62,550.45,41.60,94.38,1,-1,-1,-1
554,3521,730.47,432.74,33.27,84.83,1,-1,-1,-1
555,3536,622.93,555.99,42.51,96.44,1,-1,-1,-1
555,3521,727.09,434.47,32.27,82.89,1,-1,-1,-1
556,3536,634.59,565.18,42.65,97.74,1,-1,-1,-1
556,3521,726.14,433.27,30.30,81.94,1,-1,-1,-1
557,3536,647.78,572.27,43.48,99.36,1,-1,-1,-1
557,3521,727.17,429.94,29.63,81.76,1,-1,-1,-1
558,3536,664.15,580.64,44.41,100.83,1,-1,-1,-1
558,3521,727.14,429.51,29.42,80.49,1,-1,-1,-1
559,3536,676.31,589.34,44.71,102.11,1,-1,-1,-1
559,3521,728.72,427.16,29.01,79.42,1,-1,-1,-1
560,3536,691.04,595.86,45.40,105.11,1,-1,-1,-1
560,3521,727.64,426.18,28.72,79.63,1,-1,-1,-1
561,3536,708.59,602.99,47.20,108.56,1,-1,-1,-1
561,3521,725.56,429.29,27.96,78.73,1,-1,-1,-1
562,3536,723.99,608.43,51.44,112.81,1,-1,-1,-1
562,3521,724.50,425.09,27.75,80.05,1,-1,-1,-1
563,3536,738.76,618.57,51.69,113.85,1,-1,-1,-1
563,3521,724.38,422.85,27.69,79.62,1,-1,-1,-1
564,3536,756.35,629.07,52.00,115.72,1,-1,-1,-1
564,3521,726.88,420.22,28.04,79.87,1,-1,-1,-1
565,3536,775.65,637.77,53.22,118.16,1,-1,-1,-1
565,3521,726.17,415.38,28.34,79.98,1,-1,-1,-1
566,3536,797.25,648.44,54.91,120.95,1,-1,-1,-1
566,3521,723.79,421.96,27.74,75.81,1,-1,-1,-1
567,3536,814.22,656.71,57.64,123.94,1,-1,-1,-1
567,3521,721.89,425.81,27.15,72.09,1,-1,-1,-1
568,3536,834.74,671.05,57.94,125.02,1,-1,-1,-1
568,3521,720.72,420.86,26.66,72.53,1,-1,-1,-1
569,3536,855.93,683.01,59.47,126.38,1,-1,-1,-1
569,3521,720.49,416.06,25.57,72.27,1,-1,-1,-1
570,3536,879.23,693.56,60.84,129.24,1,-1,-1,-1
570,3521,720.40,415.93,25.33,70.93,1,-1,-1,-1
571,3536,899.07,703.05,64.09,133.48,1,-1,-1,-1
571,3521,720.15,411.88,25.17,71.90,1,-1,-1,-1
572,3536,920.67,716.61,63.37,135.52,1,-1,-1,-1
572,3521,717.85,413.59,25.16,71.50,1,-1,-1,-1
573,3536,942.63,728.36,65.83,138.58,1,-1,-1,-1
573,3521,716.66,411.38,25.35,71.85,1,-1,-1,-1
574,3536,968.07,741.76,67.65,142.13,1,-1,-1,-1
574,3521,715.23,409.70,25.30,72.21,1,-1,-1,-1
575,3536,987.61,754.86,68.89,144.28,1,-1,-1,-1
575,3521,713.93,408.92,26.06,72.06,1,-1,-1,-1
576,3536,1012.78,767.06,68.93,147.64,1,-1,-1,-1
576,3521,713.94,407.12,26.51,72.36,1,-1,-1,-1
577,3536,1036.20,780.42,71.48,152.01,1,-1,-1,-1
577,3521,713.64,404.04,26.29,71.07,1,-1,-1,-1
578,3536,1058.36,795.37,73.05,155.32,1,-1,-1,-1
578,3521,711.64,405.04,25.60,67.68,1,-1,-1,-1
579,3536,1074.38,808.99,73.94,157.87,1,-1,-1,-1
579,3521,711.42,404.11,24.47,65.35,1,-1,-1,-1
580,3536,1096.03,824.09,74.29,161.02,1,-1,-1,-1
580,3521,712.89,400.94,25.20,66.34,1,-1,-1,-1
581,3536,1119.80,841.32,77.66,164.34,1,-1,-1,-1
581,3521,714.39,399.47,26.36,67.67,1,-1,-1,-1
582,3536,1143.62,858.99,79.75,168.29,1,-1,-1,-1
582,3521,714.73,399.62,27.37,67.98,1,-1,-1,-1
583,3536,1163.91,869.56,83.65,174.55,1,-1,-1,-1
583,3521,713.56,396.62,28.35,69.53,1,-1,-1,-1
584,3536,1189.30,887.35,89.05,178.84,1,-1,-1,-1
584,3521,711.62,399.65,28.20,66.75,1,-1,-1,-1
585,3536,1220.47,900.87,95.54,178.95,1,-1,-1,-1
585,3521,709.77,401.90,27.37,63.98,1,-1,-1,-1
586,3536,1254.62,917.23,97.62,172.02,1,-1,-1,-1
586,3521,708.20,399.03,27.64,64.89,1,-1,-1,-1
587,3536,1291.73,934.46,106.52,159.34,1,-1,-1,-1
587,3521,706.60,399.20,27.47,64.18,1,-1,-1,-1
588,3536,1332.80,950.68,111.95,145.84,1,-1,-1,-1
588,3521,705.80,394.50,28.27,65.98,1,-1,-1,-1
589,3521,704.27,394.88,28.15,65.40,1,-1,-1,-1
590,3521,702.25,392.06,28.21,66.02,1,-1,-1,-1
591,3521,700.82,390.32,27.54,65.81,1,-1,-1,-1
592,3521,701.50,387.18,26.95,66.91,1,-1,-1,-1
593,3521,701.33,387.24,26.15,66.73,1,-1,-1,-1
594,3521,700.75,384.40,26.30,67.94,1,-1,-1,-1
595,3521,699.24,384.95,26.22,66.68,1,-1,-1,-1
596,3521,698.46,384.32,25.97,66.00,1,-1,-1,-1
597,3521,698.72,380.57,26.74,68.08,1,-1,-1,-1
598,3521,699.56,381.94,26.88,67.61,1,-1,-1,-1
599,3521,700.46,381.78,26.54,66.96,1,-1,-1,-1
600,3521,701.37,380.73,25.97,66.31,1,-1,-1,-1
601,3521,701.49,382.41,25.69,65.00,1,-1,-1,-1
602,3521,702.35,379.10,25.46,65.53,1,-1,-1,-1
603,3521,703.92,378.05,25.11,65.04,1,-1,-1,-1
604,3521,704.95,379.50,25.08,64.22,1,-1,-1,-1
605,3521,703.85,376.85,26.02,64.75,1,-1,-1,-1
606,3521,702.64,378.38,25.87,63.39,1,-1,-1,-1
607,3521,700.89,378.57,25.70,61.50,1,-1,-1,-1
608,3521,699.68,377.16,25.87,61.68,1,-1,-1,-1
609,3521,698.98,374.36,25.88,62.61,1,-1,-1,-1
610,3521,699.20,373.23,26.29,63.36,1,-1,-1,-1
611,3521,698.86,372.10,26.15,63.41,1,-1,-1,-1
612,3521,697.30,372.10,26.06,62.70,1,-1,-1,-1
613,3521,697.86,370.13,26.89,63.07,1,-1,-1,-1
614,3521,698.71,367.96,27.54,63.79,1,-1,-1,-1
615,3521,699.89,367.70,27.67,63.68,1,-1,-1,-1
616,3521,702.07,367.77,26.76,61.99,1,-1,-1,-1
617,3521,702.30,367.64,26.80,61.31,1,-1,-1,-1
618,3521,702.22,366.61,26.74,60.59,1,-1,-1,-1
619,3521,701.81,365.10,26.86,60.50,1,-1,-1,-1
620,3521,700.38,363.25,27.52,61.23,1,-1,-1,-1
621,3521,698.26,360.33,28.15,62.38,1,-1,-1,-1
622,3521,696.02,359.35,28.40,62.94,1,-1,-1,-1
623,3521,694.23,360.08,28.79,62.50,1,-1,-1,-1
624,3521,691.47,360.01,29.21,62.84,1,-1,-1,-1
625,3521,690.26,359.70,28.95,62.48,1,-1,-1,-1
626,3521,690.32,359.64,28.46,61.83,1,-1,-1,-1
627,3521,691.84,358.66,27.31,60.54,1,-1,-1,-1
628,3521,692.85,358.79,25.95,58.86,1,-1,-1,-1
629,3521,694.21,359.16,24.95,57.79,1,-1,-1,-1
630,3521,695.51,359.95,24.29,56.61,1,-1,-1,-1
631,3521,694.18,359.23,24.43,56.02,1,-1,-1,-1
632,3521,693.98,359.29,24.18,55.78,1,-1,-1,-1
633,3521,692.37,356.96,24.62,57.29,1,-1,-1,-1
634,3521,691.58,356.35,24.99,58.73,1,-1,-1,-1
635,3521,691.36,355.89,25.52,59.50,1,-1,-1,-1
636,3521,690.64,355.24,25.66,60.04,1,-1,-1,-1
637,3521,688.12,351.30,26.92,62.12,1,-1,-1,-1
638,3521,684.88,354.40,27.32,59.33,1,-1,-1,-1
639,3521,679.45,351.85,28.61,59.85,1,-1,-1,-1
640,3521,673.10,353.19,30.57,57.04,1,-1,-1,-1
641,3521,667.05,353.78,31.73,54.73,1,-1,-1,-1
642,3521,659.82,353.37,33.48,52.55,1,-1,-1,-1
643,3521,654.53,354.14,33.72,51.30,1,-1,-1,-1
644,3521,651.28,354.16,32.42,52.00,1,-1,-1,-1
645,3521,649.58,353.52,31.33,52.45,1,-1,-1,-1
649,3521,655.39,348.66,27.96,52.07,1,-1,-1,-1
650,3521,656.96,351.06,27.27,51.69,1,-1,-1,-1
651,3521,659.94,352.23,26.42,51.55,1,-1,-1,-1
654,3616,1706.58,436.45,199.03,217.37,1,-1,-1,-1
655,3616,1667.61,436.87,235.78,224.65,1,-1,-1,-1
656,3616,1622.90,440.02,276.63,229.16,1,-1,-1,-1
657,3616,1578.74,446.01,317.62,229.62,1,-1,-1,-1
658,3616,1537.73,452.46,357.40,226.22,1,-1,-1,-1
659,3616,1498.34,456.71,396.26,221.51,1,-1,-1,-1
660,3616,1458.18,462.78,435.82,219.84,1,-1,-1,-1
661,3616,1412.25,468.12,477.19,220.49,1,-1,-1,-1
662,3616,1357.81,473.44,505.04,217.09,1,-1,-1,-1
663,3616,1308.49,477.51,524.09,213.98,1,-1,-1,-1
664,3616,1253.82,482.69,536.19,211.87,1,-1,-1,-1
665,3616,1197.57,488.42,544.91,209.67,1,-1,-1,-1
666,3616,1141.17,491.87,549.93,207.87,1,-1,-1,-1
667,3616,1091.44,494.81,551.30,205.34,1,-1,-1,-1
668,3616,1037.84,497.25,550.93,202.88,1,-1,-1,-1
669,3616,982.92,499.31,548.27,199.43,1,-1,-1,-1
670,3616,922.14,501.42,546.93,196.45,1,-1,-1,-1
671,3616,875.59,502.92,543.23,193.65,1,-1,-1,-1
672,3616,828.32,504.22,535.76,190.85,1,-1,-1,-1
673,3616,778.56,504.87,527.07,188.74,1,-1,-1,-1
674,3616,735.61,502.78,514.39,188.13,1,-1,-1,-1
675,3616,703.63,500.17,499.99,185.80,1,-1,-1,-1
676,3616,670.77,495.67,482.01,182.74,1,-1,-1,-1
677,3616,643.61,487.72,462.23,181.46,1,-1,-1,-1
678,3616,619.14,485.58,439.73,177.63,1,-1,-1,-1
679,3616,602.14,481.65,416.35,174.50,1,-1,-1,-1
680,3616,586.73,478.47,390.73,171.57,1,-1,-1,-1
681,3616,571.78,474.96,363.69,168.41,1,-1,-1,-1
682,3616,559.19,471.75,341.46,165.40,1,-1,-1,-1
683,3616,552.62,468.75,320.23,162.78,1,-1,-1,-1
684,3616,545.55,465.37,301.25,159.67,1,-1,-1,-1
685,3616,538.24,461.63,283.02,155.96,1,-1,-1,-1
686,3616,535.89,457.36,264.93,153.86,1,-1,-1,-1
687,3616,533.91,453.46,248.75,151.59,1,-1,-1,-1
688,3616,532.19,450.12,234.88,149.63,1,-1,-1,-1
689,3616,532.74,446.32,222.58,147.30,1,-1,-1,-1
690,3616,533.54,443.20,212.56,144.38,1,-1,-1,-1
691,3616,536.01,440.20,204.48,141.55,1,-1,-1,-1
692,3616,536.25,436.80,196.04,139.24,1,-1,-1,-1
693,3616,539.16,433.67,188.20,136.05,1,-1,-1,-1
694,3616,541.82,429.11,181.53,133.16,1,-1,-1,-1
695,3616,544.43,426.20,175.05,130.58,1,-1,-1,-1
696,3616,545.98,423.79,170.25,128.36,1,-1,-1,-1
697,3616,546.99,420.04,166.29,126.75,1,-1,-1,-1
698,3616,549.11,415.87,162.19,124.41,1,-1,-1,-1
699,3616,550.63,413.16,157.95,122.76,1,-1,-1,-1
700,3616,550.96,410.32,155.26,121.30,1,-1,-1,-1
701,3616,551.06,408.08,152.90,119.00,1,-1,-1,-1
702,3616,552.30,403.37,150.68,117.36,1,-1,-1,-1
703,3616,553.47,400.60,148.49,115.80,1,-1,-1,-1
704,3616,553.74,398.23,145.74,113.33,1,-1,-1,-1
705,3616,555.00,396.02,143.34,111.56,1,-1,-1,-1
706,3616,556.51,392.99,140.21,109.98,1,-1,-1,-1
707,3616,557.34,390.10,137.44,108.16,1,-1,-1,-1
708,3616,557.84,386.29,135.64,106.69,1,-1,-1,-1
709,3616,559.82,383.45,133.52,105.68,1,-1,-1,-1
710,3616,560.92,379.76,131.76,104.32,1,-1,-1,-1
711,3616,562.35,376.64,130.01,102.57,1,-1,-1,-1
712,3616,564.58,373.59,128.72,101.01,1,-1,-1,-1
713,3616,564.99,371.23,127.25,99.18,1,-1,-1,-1
714,3616,566.21,368.94,125.66,98.01,1,-1,-1,-1
715,3616,567.88,366.01,123.95,96.48,1,-1,-1,-1
716,3616,569.45,363.74,121.45,95.30,1,-1,-1,-1
717,3616,570.60,361.37,120.21,93.61,1,-1,-1,-1
718,3616,571.99,359.28,118.94,92.17,1,-1,-1,-1
719,3616,573.37,357.76,117.97,90.54,1,-1,-1,-1
720,3616,574.57,355.86,115.62,89.38,1,-1,-1,-1
721,3616,576.35,353.99,113.37,87.98,1,-1,-1,-1
722,3616,577.52,352.19,111.83,86.59,1,-1,-1,-1
723,3616,578.05,350.97,110.87,85.37,1,-1,-1,-1
724,3616,578.40,349.68,109.33,83.80,1,-1,-1,-1
725,3616,579.59,347.73,107.24,82.76,1,-1,-1,-1
726,3616,580.93,345.93,106.23,81.52,1,-1,-1,-1
727,3616,581.15,344.32,105.31,80.79,1,-1,-1,-1
728,3616,581.28,343.05,104.38,80.27,1,-1,-1,-1
729,3616,582.05,341.95,103.03,79.99,1,-1,-1,-1
730,3616,582.73,339.91,101.75,78.89,1,-1,-1,-1
731,3616,582.73,338.30,99.98,77.59,1,-1,-1,-1
732,3616,582.98,336.37,98.67,75.95,1,-1,-1,-1
733,3616,583.25,334.76,97.79,74.82,1,-1,-1,-1
734,3616,583.67,334.36,96.60,74.05,1,-1,-1,-1
735,3616,584.35,332.77,95.55,73.40,1,-1,-1,-1
736,3616,584.36,331.38,94.31,72.24,1,-1,-1,-1
737,3616,585.27,330.31,92.32,71.23,1,-1,-1,-1
738,3616,586.57,328.51,90.02,70.24,1,-1,-1,-1
739,3616,587.27,327.63,88.48,69.83,1,-1,-1,-1
740,3616,588.05,326.43,87.41,69.23,1,-1,-1,-1
741,3616,589.05,325.56,86.24,67.64,1,-1,-1,-1
742,3616,589.15,324.04,84.85,66.39,1,-1,-1,-1
743,3616,588.86,322.90,84.02,64.93,1,-1,-1,-1
744,3616,588.73,320.97,82.56,63.93,1,-1,-1,-1
745,3616,587.98,319.37,81.24,63.34,1,-1,-1,-1
746,3616,588.62,316.41,79.72,61.10,1,-1,-1,-1
813,3699,308.02,290.95,79.80,55.27,1,-1,-1,-1
814,3699,305.69,290.95,83.85,55.19,1,-1,-1,-1
815,3699,305.24,291.91,90.22,56.18,1,-1,-1,-1
816,3699,306.20,292.41,98.46,57.45,1,-1,-1,-1
817,3699,312.54,291.10,109.93,59.19,1,-1,-1,-1
818,3699,317.34,291.33,119.73,60.37,1,-1,-1,-1
819,3699,324.31,290.14,125.82,60.63,1,-1,-1,-1
820,3699,335.82,289.95,128.15,58.89,1,-1,-1,-1
821,3699,339.54,292.01,134.16,58.71,1,-1,-1,-1
822,3699,347.02,292.62,137.88,58.45,1,-1,-1,-1
823,3699,360.87,292.70,136.00,57.82,1,-1,-1,-1
824,3699,368.02,291.42,135.80,58.38,1,-1,-1,-1
825,3699,372.65,289.88,137.02,58.65,1,-1,-1,-1
826,3699,380.10,290.13,136.74,58.20,1,-1,-1,-1
827,3699,384.35,290.72,136.58,58.61,1,-1,-1,-1
828,3699,388.79,290.74,138.26,59.38,1,-1,-1,-1
829,3699,393.59,289.59,138.58,60.62,1,-1,-1,-1
830,3699,400.41,288.21,137.09,61.34,1,-1,-1,-1
831,3699,406.42,287.12,134.90,61.56,1,-1,-1,-1
832,3699,412.63,286.45,133.20,61.86,1,-1,-1,-1
833,3699,417.18,285.63,131.29,61.99,1,-1,-1,-1
834,3699,420.50,285.93,130.16,61.79,1,-1,-1,-1
835,3699,423.41,286.95,129.09,61.25,1,-1,-1,-1
836,3699,426.67,287.56,128.22,61.07,1,-1,-1,-1
837,3699,429.69,287.55,127.22,60.73,1,-1,-1,-1
838,3699,431.19,287.87,126.25,60.31,1,-1,-1,-1
839,3699,431.97,288.19,125.48,59.97,1,-1,-1,-1
840,3699,432.17,288.29,124.75,59.80,1,-1,-1,-1
841,3699,432.31,288.47,124.51,59.40,1,-1,-1,-1
842,3699,430.68,288.58,124.27,59.20,1,-1,-1,-1
843,3699,428.30,288.41,124.38,59.42,1,-1,-1,-1
844,3699,424.43,287.92,124.45,60.07,1,-1,-1,-1
845,3699,421.53,287.13,123.31,60.65,1,-1,-1,-1
846,3699,418.65,286.84,122.06,61.34,1,-1,-1,-1
847,3699,416.21,286.13,120.46,62.27,1,-1,-1,-1
848,3699,413.45,287.78,118.38,62.09,1,-1,-1,-1
849,3699,412.89,290.77,115.42,60.45,1,-1,-1,-1
850,3699,411.27,292.88,112.37,59.59,1,-1,-1,-1
851,3699,410.23,293.77,108.48,59.19,1,-1,-1,-1
852,3699,411.38,294.27,103.98,58.84,1,-1,-1,-1
853,3699,413.16,295.27,99.14,58.71,1,-1,-1,-1
854,3699,413.84,295.52,94.99,59.02,1,-1,-1,-1
855,3699,415.55,294.82,91.64,59.34,1,-1,-1,-1
856,3699,416.87,294.53,88.98,59.40,1,-1,-1,-1
857,3699,418.62,295.32,86.99,59.83,1,-1,-1,-1
858,3699,420.49,295.06,85.75,60.34,1,-1,-1,-1
859,3699,422.37,295.98,85.11,60.96,1,-1,-1,-1
860,3699,426.05,298.06,83.47,60.65,1,-1,-1,-1
861,3699,429.28,299.90,83.43,60.82,1,-1,-1,-1
862,3699,431.35,301.44,83.44,61.08,1,-1,-1,-1
863,3699,433.39,303.58,83.01,61.07,1,-1,-1,-1
864,3699,435.45,304.79,83.27,61.50,1,-1,-1,-1
865,3699,436.17,306.37,84.63,61.72,1,-1,-1,-1
866,3699,437.87,308.03,85.25,61.84,1,-1,-1,-1
867,3699,440.39,309.31,85.14,62.18,1,-1,-1,-1
868,3699,442.45,311.00,85.27,62.11,1,-1,-1,-1
869,3699,443.43,312.13,85.54,61.96,1,-1,-1,-1
870,3699,444.93,313.97,86.47,61.61,1,-1,-1,-1
871,3699,446.38,315.10,86.28,61.22,1,-1,-1,-1
872,3699,449.37,315.53,85.65,61.31,1,-1,-1,-1
873,3699,451.94,316.19,85.33,61.53,1,-1,-1,-1
874,3699,454.49,317.79,86.23,61.96,1,-1,-1,-1
875,3699,456.78,318.47,87.18,62.70,1,-1,-1,-1
876,3699,459.02,318.69,88.33,63.83,1,-1,-1,-1
877,3699,460.60,319.50,90.32,65.58,1,-1,-1,-1
878,3699,462.96,320.04,91.77,67.01,1,-1,-1,-1
879,3699,464.44,320.52,92.52,67.88,1,-1,-1,-1
880,3699,465.93,321.40,93.38,68.62,1,-1,-1,-1
881,3699,467.56,321.32,94.45,69.02,1,-1,-1,-1
882,3699,468.41,322.13,96.34,69.59,1,-1,-1,-1
883,3699,469.19,322.90,98.87,70.76,1,-1,-1,-1
884,3699,469.50,323.78,101.00,71.90,1,-1,-1,-1
885,3699,470.66,324.78,102.73,73.34,1,-1,-1,-1
886,3699,472.02,325.60,103.93,74.69,1,-1,-1,-1
887,3699,473.01,326.87,104.96,75.62,1,-1,-1,-1
888,3699,474.51,328.23,105.40,76.51,1,-1,-1,-1
889,3699,477.05,329.23,105.59,77.35,1,-1,-1,-1
890,3699,478.99,329.67,106.90,78.57,1,-1,-1,-1
891,3699,480.88,329.86,108.44,79.83,1,-1,-1,-1
892,3699,483.41,331.17,110.07,80.37,1,-1,-1,-1
893,3699,485.00,333.09,110.95,80.46,1,-1,-1,-1
894,3699,486.89,334.70,111.69,80.57,1,-1,-1,-1
895,3699,489.34,335.99,112.39,81.32,1,-1,-1,-1
896,3699,490.20,337.11,113.79,82.67,1,-1,-1,-1
897,3699,490.83,338.83,115.30,83.43,1,-1,-1,-1
898,3699,491.19,340.24,117.15,85.15,1,-1,-1,-1
899,3699,492.36,341.77,118.31,86.51,1,-1,-1,-1
900,3699,493.61,343.75,118.79,87.83,1,-1,-1,-1
901,3699,495.14,344.75,119.66,89.26,1,-1,-1,-1
902,3699,496.11,346.18,120.35,90.20,1,-1,-1,-1
903,3699,496.51,347.96,121.30,91.43,1,-1,-1,-1
904,3699,496.88,348.89,122.50,92.84,1,-1,-1,-1
905,3699,496.99,350.80,123.34,93.52,1,-1,-1,-1
906,3699,498.36,351.83,124.62,94.67,1,-1,-1,-1
907,3699,499.37,353.70,125.32,95.27,1,-1,-1,-1
908,3699,500.38,355.98,125.52,95.97,1,-1,-1,-1
909,3699,500.47,358.48,126.38,96.92,1,-1,-1,-1
910,3699,500.92,360.71,126.67,98.61,1,-1,-1,-1
911,3699,501.92,362.53,126.96,99.46,1,-1,-1,-1
912,3699,500.64,365.33,128.91,101.42,1,-1,-1,-1
913,3699,499.37,368.66,130.18,101.96,1,-1,-1,-1
914,3699,498.37,370.81,131.99,102.75,1,-1,-1,-1
915,3699,497.82,373.14,133.44,103.36,1,-1,-1,-1
916,3699,496.94,375.38,135.00,104.74,1,-1,-1,-1
917,3699,495.03,377.77,137.10,105.58,1,-1,-1,-1
918,3699,492.30,380.02,139.00,107.19,1,-1,-1,-1
919,3699,489.32,382.47,140.58,107.93,1,-1,-1,-1
920,3699,485.87,384.25,142.19,109.68,1,-1,-1,-1
921,3699,481.04,387.87,144.61,111.28,1,-1,-1,-1
922,3699,474.45,390.13,147.41,113.38,1,-1,-1,-1
923,3699,469.67,394.59,149.32,114.26,1,-1,-1,-1
924,3699,461.46,397.79,151.48,116.10,1,-1,-1,-1
925,3699,454.38,401.11,154.26,118.32,1,-1,-1,-1
926,3699,445.43,403.88,156.47,120.44,1,-1,-1,-1
927,3699,436.81,406.46,159.56,121.91,1,-1,-1,-1
928,3699,426.31,409.17,163.21,123.75,1,-1,-1,-1
929,3699,412.62,413.03,168.27,125.95,1,-1,-1,-1
930,3699,397.63,417.85,174.55,127.48,1,-1,-1,-1
931,3699,387.21,422.40,178.65,127.83,1,-1,-1,-1
932,3699,374.62,427.13,181.78,128.64,1,-1,-1,-1
933,3699,361.83,431.56,184.04,129.03,1,-1,-1,-1
934,3699,347.65,437.01,186.62,129.84,1,-1,-1,-1
935,3699,335.34,439.84,189.65,131.67,1,-1,-1,-1
936,3699,324.20,442.61,191.62,134.41,1,-1,-1,-1
937,3699,308.97,445.75,194.35,137.02,1,-1,-1,-1
938,3699,296.18,450.03,194.80,139.45,1,-1,-1,-1
939,3699,283.77,455.03,196.96,140.98,1,-1,-1,-1
940,3699,273.61,456.86,199.88,143.52,1,-1,-1,-1
941,3699,262.11,460.65,203.71,145.09,1,-1,-1,-1
942,3699,250.52,465.36,206.86,146.86,1,-1,-1,-1
943,3699,242.19,469.14,209.98,148.17,1,-1,-1,-1
944,3699,231.92,472.40,213.40,150.40,1,-1,-1,-1
945,3771,831.92,936.45,660.04,126.00,1,-1,-1,-1
945,3699,218.56,477.62,218.15,153.46,1,-1,-1,-1
946,3771,805.06,908.17,671.03,148.64,1,-1,-1,-1
946,3699,207.85,481.01,221.10,154.98,1,-1,-1,-1
947,3771,792.61,884.96,667.26,169.23,1,-1,-1,-1
947,3699,200.24,484.25,223.94,157.05,1,-1,-1,-1
948,3771,779.24,861.67,647.71,189.12,1,-1,-1,-1
948,3699,190.98,486.58,228.74,159.29,1,-1,-1,-1
949,3771,769.65,839.92,620.20,208.29,1,-1,-1,-1
949,3699,183.92,489.89,231.18,161.45,1,-1,-1,-1
950,3771,766.37,817.77,592.69,228.22,1,-1,-1,-1
950,3699,179.21,494.38,231.97,164.74,1,-1,-1,-1
951,3771,768.12,798.85,562.33,246.79,1,-1,-1,-1
951,3699,171.77,497.09,232.95,167.78,1,-1,-1,-1
952,3771,774.70,776.88,531.61,264.11,1,-1,-1,-1
952,3699,162.97,501.81,233.43,170.80,1,-1,-1,-1
953,3771,781.88,752.29,499.56,276.39,1,-1,-1,-1
953,3699,153.75,507.39,233.92,172.75,1,-1,-1,-1
954,3771,797.76,727.80,469.56,283.81,1,-1,-1,-1
954,3699,145.26,512.23,235.98,174.06,1,-1,-1,-1
955,3771,812.37,708.64,444.29,287.26,1,-1,-1,-1
955,3699,138.18,515.66,237.76,176.66,1,-1,-1,-1
956,3771,833.51,689.34,423.44,286.59,1,-1,-1,-1
956,3699,132.93,518.58,240.19,179.78,1,-1,-1,-1
957,3771,854.83,672.69,409.79,282.50,1,-1,-1,-1
957,3699,125.44,521.15,242.73,182.72,1,-1,-1,-1
958,3771,879.68,655.51,404.29,278.96,1,-1,-1,-1
958,3699,122.03,523.81,241.75,184.93,1,-1,-1,-1
959,3771,906.53,644.43,403.46,273.58,1,-1,-1,-1
959,3699,119.05,525.89,241.49,186.85,1,-1,-1,-1
960,3771,942.59,634.13,407.72,267.79,1,-1,-1,-1
960,3699,116.24,530.39,240.84,189.50,1,-1,-1,-1
961,3771,987.08,622.65,412.20,261.86,1,-1,-1,-1
961,3699,114.07,534.06,240.66,192.68,1,-1,-1,-1
962,3771,1038.63,612.23,420.44,256.60,1,-1,-1,-1
962,3699,111.02,535.97,240.26,195.57,1,-1,-1,-1
963,3771,1082.47,605.44,427.94,252.20,1,-1,-1,-1
963,3699,108.65,537.47,239.90,199.05,1,-1,-1,-1
964,3771,1137.88,595.22,435.66,246.75,1,-1,-1,-1
964,3699,103.01,540.50,241.42,201.87,1,-1,-1,-1
965,3771,1200.75,583.65,445.08,241.26,1,-1,-1,-1
965,3699,99.79,542.90,241.99,204.42,1,-1,-1,-1
966,3771,1268.27,569.85,456.99,236.69,1,-1,-1,-1
966,3699,97.45,545.33,243.21,207.48,1,-1,-1,-1
967,3771,1328.00,558.61,464.82,232.53,1,-1,-1,-1
967,3699,98.22,546.96,241.72,209.35,1,-1,-1,-1
968,3771,1403.51,541.61,474.30,229.91,1,-1,-1,-1
968,3699,97.39,547.84,242.04,210.29,1,-1,-1,-1
969,3771,1471.19,526.36,458.60,226.26,1,-1,-1,-1
969,3699,94.80,551.05,243.93,209.44,1,-1,-1,-1
970,3771,1538.24,508.34,422.92,223.36,1,-1,-1,-1
970,3699,94.35,553.81,244.68,208.90,1,-1,-1,-1
971,3771,1600.48,494.25,377.73,219.20,1,-1,-1,-1
971,3699,92.62,556.33,245.71,209.51,1,-1,-1,-1
972,3771,1673.52,483.11,318.96,213.08,1,-1,-1,-1
972,3699,93.54,557.57,245.41,209.84,1,-1,-1,-1
973,3699,92.52,559.14,245.56,211.06,1,-1,-1,-1
974,3699,93.15,559.53,245.24,211.80,1,-1,-1,-1
975,3699,94.12,559.80,244.77,212.79,1,-1,-1,-1
976,3699,95.32,559.23,244.11,212.90,1,-1,-1,-1
977,3699,94.59,559.17,243.95,213.08,1,-1,-1,-1
978,3699,93.59,559.94,244.82,213.88,1,-1,-1,-1
979,3699,94.00,560.16,244.94,214.29,1,-1,-1,-1
980,3699,94.00,559.68,245.33,214.12,1,-1,-1,-1
981,3699,94.29,559.30,245.16,213.92,1,-1,-1,-1
982,3699,94.29,559.20,245.11,213.70,1,-1,-1,-1
983,3699,94.30,559.23,245.00,213.61,1,-1,-1,-1
984,3699,93.69,559.14,245.31,213.44,1,-1,-1,-1
985,3699,93.71,559.34,245.43,214.06,1,-1,-1,-1
986,3699,93.95,559.36,245.22,214.50,1,-1,-1,-1
987,3699,94.58,559.44,244.85,215.08,1,-1,-1,-1
988,3699,94.89,559.25,244.66,215.51,1,-1,-1,-1
989,3699,95.66,559.15,244.20,215.95,1,-1,-1,-1
990,3699,96.77,559.09,243.30,216.19,1,-1,-1,-1
991,3699,97.75,559.16,242.57,216.35,1,-1,-1,-1
992,3699,98.44,559.09,241.93,216.41,1,-1,-1,-1
993,3699,98.54,558.41,241.90,216.49,1,-1,-1,-1
994,3699,98.69,558.01,241.81,216.53,1,-1,-1,-1
995,3699,97.96,557.96,242.14,216.48,1,-1,-1,-1
996,3699,97.00,557.92,242.41,216.35,1,-1,-1,-1
997,3699,99.05,557.57,240.85,215.57,1,-1,-1,-1
998,3699,100.06,557.61,239.52,214.98,1,-1,-1,-1
999,3699,100.23,557.56,238.81,214.53,1,-1,-1,-1
1000,3699,100.88,557.47,238.08,214.18,1,-1,-1,-1
1001,3699,103.94,557.79,235.83,213.84,1,-1,-1,-1
1002,3699,104.33,558.18,235.05,213.73,1,-1,-1,-1
1003,3699,104.27,558.16,234.59,213.77,1,-1,-1,-1
1004,3699,104.31,558.22,234.23,213.85,1,-1,-1,-1
1005,3699,104.11,558.08,234.16,214.01,1,-1,-1,-1
1006,3699,102.82,557.69,234.67,214.09,1,-1,-1,-1
1007,3699,102.94,557.48,234.74,214.20,1,-1,-1,-1
1008,3699,103.39,557.53,234.59,214.16,1,-1,-1,-1
1009,3699,104.01,557.39,234.09,214.88,1,-1,-1,-1
1010,3699,103.54,557.32,234.21,215.75,1,-1,-1,-1
1011,3699,103.38,557.37,234.32,216.44,1,-1,-1,-1
1012,3699,103.97,557.14,233.96,216.91,1,-1,-1,-1
1013,3699,104.58,557.08,233.55,217.27,1,-1,-1,-1
1014,3699,104.24,557.12,233.63,217.51,1,-1,-1,-1
1015,3699,104.20,557.04,233.39,217.42,1,-1,-1,-1
1016,3699,103.66,557.28,233.72,217.35,1,-1,-1,-1
1017,3699,103.07,557.43,234.43,217.27,1,-1,-1,-1
1018,3699,104.27,557.75,234.14,217.46,1,-1,-1,-1
1019,3699,103.04,557.88,234.86,217.33,1,-1,-1,-1
1020,3699,102.76,557.59,235.50,217.58,1,-1,-1,-1
1021,3699,100.36,557.06,236.93,217.78,1,-1,-1,-1
1022,3699,99.33,556.99,237.97,217.93,1,-1,-1,-1
1023,3699,98.96,557.03,238.50,217.97,1,-1,-1,-1
1024,3699,98.31,556.83,239.22,218.04,1,-1,-1,-1
1025,3699,97.73,556.63,239.40,217.36,1,-1,-1,-1
1026,3699,96.66,556.65,240.18,216.74,1,-1,-1,-1
1027,3699,97.46,556.89,239.94,216.29,1,-1,-1,-1
1028,3699,97.17,557.03,240.18,216.07,1,-1,-1,-1
1029,3699,97.71,557.27,240.64,216.07,1,-1,-1,-1
1030,3699,98.01,557.38,240.78,215.84,1,-1,-1,-1
1031,3699,97.35,558.07,240.06,215.47,1,-1,-1,-1
1032,3699,97.84,557.79,240.34,215.26,1,-1,-1,-1
1033,3699,96.82,557.52,242.05,215.64,1,-1,-1,-1
1034,3699,96.55,557.44,242.88,215.83,1,-1,-1,-1
1035,3699,96.01,557.26,243.21,215.77,1,-1,-1,-1
1036,3699,95.99,557.02,243.37,215.74,1,-1,-1,-1
1037,3699,96.92,557.09,243.67,215.76,1,-1,-1,-1
1038,3699,97.66,557.27,243.71,215.63,1,-1,-1,-1
1039,3699,98.94,556.87,243.32,215.67,1,-1,-1,-1
1040,3699,97.97,556.94,243.98,215.52,1,-1,-1,-1
1041,3699,98.85,557.26,243.37,215.36,1,-1,-1,-1
1042,3699,98.04,557.62,243.65,214.97,1,-1,-1,-1
1043,3699,95.29,558.23,245.23,214.74,1,-1,-1,-1
1044,3699,94.69,558.61,245.92,214.40,1,-1,-1,-1
1045,3699,95.22,558.84,245.85,214.05,1,-1,-1,-1
1046,3699,95.08,558.83,246.05,213.74,1,-1,-1,-1
1047,3699,95.06,558.84,246.08,213.57,1,-1,-1,-1
1048,3699,94.29,559.02,246.67,213.51,1,-1,-1,-1
1049,3699,95.58,558.38,246.00,213.34,1,-1,-1,-1
1050,3699,96.38,558.02,245.05,213.04,1,-1,-1,-1
1051,3699,96.93,558.00,244.13,212.78,1,-1,-1,-1
1052,3699,96.75,557.92,243.14,212.57,1,-1,-1,-1
1053,3699,96.57,557.85,242.72,212.39,1,-1,-1,-1
1054,3699,97.00,557.81,242.27,212.28,1,-1,-1,-1
1055,3699,97.45,557.74,242.02,212.43,1,-1,-1,-1
1056,3699,98.63,557.99,241.30,212.37,1,-1,-1,-1
1057,3699,98.23,558.66,241.51,213.77,1,-1,-1,-1
1058,3699,99.02,558.50,240.26,214.36,1,-1,-1,-1
1059,3699,97.36,558.31,240.64,214.99,1,-1,-1,-1
1060,3699,96.97,557.98,240.89,215.49,1,-1,-1,-1
1061,3699,97.00,557.73,241.20,215.87,1,-1,-1,-1
1062,3699,96.63,558.13,241.25,216.00,1,-1,-1,-1
1063,3699,96.55,558.06,241.12,215.93,1,-1,-1,-1
1064,3699,96.59,557.72,241.45,216.24,1,-1,-1,-1
1065,3699,96.79,557.40,241.45,216.57,1,-1,-1,-1
1066,3699,96.61,557.11,241.62,216.76,1,-1,-1,-1
1067,3699,96.83,556.93,241.56,216.79,1,-1,-1,-1
1068,3699,96.92,556.77,241.49,216.86,1,-1,-1,-1
1069,3699,96.51,556.56,241.82,216.32,1,-1,-1,-1
1070,3699,96.71,556.61,241.84,215.89,1,-1,-1,-1
1071,3699,96.74,556.71,241.84,215.64,1,-1,-1,-1
1072,3699,97.06,556.75,241.65,215.46,1,-1,-1,-1
1073,3699,96.45,557.09,242.24,215.88,1,-1,-1,-1
1074,3699,96.25,557.07,242.64,216.32,1,-1,-1,-1
1075,3699,96.10,557.05,242.91,216.61,1,-1,-1,-1
1076,3699,95.88,557.05,243.21,216.88,1,-1,-1,-1
1077,3699,96.02,556.85,243.17,217.27,1,-1,-1,-1
1078,3699,96.89,556.85,243.11,217.54,1,-1,-1,-1
1079,3699,97.01,556.92,243.55,217.79,1,-1,-1,-1
1080,3699,97.79,556.91,243.39,217.87,1,-1,-1,-1
1081,3699,98.38,556.51,242.15,217.11,1,-1,-1,-1
1082,3699,95.38,557.00,242.82,216.32,1,-1,-1,-1
1083,3699,97.58,556.74,242.45,215.64,1,-1,-1,-1
1084,3699,97.98,557.04,242.69,215.14,1,-1,-1,-1
1085,3699,97.31,557.59,243.37,214.69,1,-1,-1,-1
1086,3699,97.99,557.83,242.90,214.13,1,-1,-1,-1
1087,3699,97.72,557.90,243.12,214.14,1,-1,-1,-1
1088,3699,96.88,557.74,243.64,214.46,1,-1,-1,-1
1089,3699,95.56,557.49,243.48,214.60,1,-1,-1,-1
1090,3699,95.70,557.40,243.17,214.75,1,-1,-1,-1
1091,3699,96.05,557.47,242.72,214.81,1,-1,-1,-1
1092,3699,96.69,557.59,242.31,215.09,1,-1,-1,-1
1093,3699,96.31,557.58,242.25,215.44,1,-1,-1,-1
1094,3699,95.67,557.52,242.39,216.06,1,-1,-1,-1
1095,3699,95.90,557.51,241.93,216.84,1,-1,-1,-1
1096,3699,96.97,558.01,241.53,217.76,1,-1,-1,-1
1097,3699,98.29,558.49,240.44,217.60,1,-1,-1,-1
1098,3699,100.05,558.71,239.68,217.46,1,-1,-1,-1
1099,3699,99.71,559.53,239.26,217.53,1,-1,-1,-1
1100,3699,102.63,560.25,237.62,217.58,1,-1,-1,-1
1101,3699,105.44,561.53,237.54,216.94,1,-1,-1,-1
1102,3699,110.18,562.41,239.94,215.87,1,-1,-1,-1
1103,3699,117.26,562.71,243.92,216.22,1,-1,-1,-1
1104,3699,120.21,564.16,255.88,215.88,1,-1,-1,-1
1105,3699,132.16,563.93,269.19,216.22,1,-1,-1,-1
1106,3699,148.00,565.47,284.71,216.32,1,-1,-1,-1
1107,3699,161.83,567.28,301.59,217.80,1,-1,-1,-1
1108,3699,184.18,570.21,319.73,220.59,1,-1,-1,-1
1109,3699,212.50,573.18,342.37,222.52,1,-1,-1,-1
1110,3699,239.52,574.25,370.03,225.69,1,-1,-1,-1
1111,3699,261.41,574.59,400.77,228.30,1,-1,-1,-1
1112,3699,277.41,576.24,442.66,228.90,1,-1,-1,-1
1113,3699,308.22,576.60,485.59,229.34,1,-1,-1,-1
1114,3699,353.16,577.47,522.57,230.50,1,-1,-1,-1
1115,3699,397.18,577.55,554.46,231.89,1,-1,-1,-1
1116,3699,459.54,578.79,580.49,233.66,1,-1,-1,-1
1117,3699,531.76,579.50,600.05,234.86,1,-1,-1,-1
1118,3699,613.77,581.03,614.94,233.45,1,-1,-1,-1
1119,3699,686.26,583.81,624.18,232.32,1,-1,-1,-1
1120,3699,774.53,585.92,630.30,230.39,1,-1,-1,-1
1121,3699,868.85,584.07,633.84,229.15,1,-1,-1,-1
1122,3699,966.54,582.06,634.02,226.40,1,-1,-1,-1
1123,3699,1052.93,580.80,631.29,225.57,1,-1,-1,-1
1124,3699,1146.31,578.49,624.07,224.73,1,-1,-1,-1
1125,3699,1246.62,570.30,613.06,223.65,1,-1,-1,-1
1126,3699,1342.15,558.10,593.61,222.15,1,-1,-1,-1
1127,3699,1413.92,545.73,559.14,222.30,1,-1,-1,-1
1128,3699,1490.22,532.68,507.24,221.30,1,-1,-1,-1
1129,3699,1573.31,517.83,441.92,220.47,1,-1,-1,-1
1130,3699,1657.66,503.57,368.83,217.30,1,-1,-1,-1
1364,3931,566.65,3.13,37.06,26.41,1,-1,-1,-1
1365,3931,568.04,3.43,37.56,26.36,1,-1,-1,-1
1366,3931,568.30,4.16,37.73,26.31,1,-1,-1,-1
1367,3931,566.71,4.48,38.44,27.31,1,-1,-1,-1
1368,3931,565.76,4.58,38.84,27.86,1,-1,-1,-1
1369,3931,565.48,4.87,38.75,28.07,1,-1,-1,-1
1370,3931,563.67,6.18,38.94,28.67,1,-1,-1,-1
1371,3931,564.59,6.11,38.95,28.76,1,-1,-1,-1
1372,3931,565.19,7.10,38.75,28.62,1,-1,-1,-1
1373,3931,565.72,7.62,38.94,28.56,1,-1,-1,-1
1374,3931,566.79,7.88,38.74,27.86,1,-1,-1,-1
1375,3931,567.94,8.40,38.06,27.21,1,-1,-1,-1
1376,3931,568.45,9.64,37.62,26.46,1,-1,-1,-1
1377,3931,569.35,11.11,36.72,25.61,1,-1,-1,-1
1378,3931,569.83,12.20,36.22,25.67,1,-1,-1,-1
1379,3931,570.21,12.83,36.04,25.31,1,-1,-1,-1
1380,3931,570.02,13.40,36.21,25.41,1,-1,-1,-1
1381,3931,570.12,13.88,36.58,25.78,1,-1,-1,-1
1382,3931,569.90,14.46,36.73,25.64,1,-1,-1,-1
1383,3931,569.48,14.78,37.12,25.92,1,-1,-1,-1
1384,3931,569.04,15.99,37.30,25.75,1,-1,-1,-1
1385,3931,568.45,16.92,37.37,25.69,1,-1,-1,-1
1386,3931,568.59,18.52,36.70,25.13,1,-1,-1,-1
1387,3931,569.39,19.50,35.90,24.53,1,-1,-1,-1
1388,3931,570.74,21.00,35.19,23.76,1,-1,-1,-1
1389,3931,572.22,22.08,34.43,22.87,1,-1,-1,-1
1390,3931,573.43,22.58,33.60,22.39,1,-1,-1,-1
1391,3931,573.26,23.91,33.25,22.08,1,-1,-1,-1
1392,3931,573.82,24.73,32.71,21.73,1,-1,-1,-1
1393,3931,572.75,25.11,33.72,22.31,1,-1,-1,-1
1394,3931,572.21,25.31,34.92,23.02,1,-1,-1,-1
1395,3931,572.02,25.47,35.78,23.43,1,-1,-1,-1
1396,3931,571.95,25.65,36.86,24.04,1,-1,-1,-1
1397,3931,571.91,25.93,37.36,24.63,1,-1,-1,-1
1398,3931,571.86,26.45,38.02,25.26,1,-1,-1,-1
1399,3931,571.91,27.06,38.36,25.60,1,-1,-1,-1
1400,3931,571.67,27.91,38.71,26.00,1,-1,-1,-1
1401,3931,571.80,28.59,38.76,26.33,1,-1,-1,-1
1402,3931,572.17,29.52,38.63,26.21,1,-1,-1,-1
1403,3931,572.71,30.72,38.20,25.83,1,-1,-1,-1
1404,3931,573.60,31.33,38.21,26.14,1,-1,-1,-1
1405,3931,575.50,31.84,38.22,26.21,1,-1,-1,-1
1406,3931,576.30,32.04,38.78,26.86,1,-1,-1,-1
1407,3931,576.53,32.21,39.05,27.43,1,-1,-1,-1
1408,3931,576.61,32.41,39.41,28.35,1,-1,-1,-1
1409,3931,576.76,33.45,39.85,29.19,1,-1,-1,-1
1410,3931,576.57,34.39,40.17,29.57,1,-1,-1,-1
1411,3931,576.21,35.22,40.12,29.36,1,-1,-1,-1
1412,3931,576.48,36.33,39.65,28.89,1,-1,-1,-1
1413,3931,576.73,37.20,39.31,28.70,1,-1,-1,-1
1414,3931,576.54,38.09,39.38,28.75,1,-1,-1,-1
1415,3931,576.17,39.59,39.20,28.49,1,-1,-1,-1
1416,3931,576.66,40.91,39.22,28.62,1,-1,-1,-1
1417,3931,576.92,42.50,38.95,28.15,1,-1,-1,-1
1418,3931,577.18,43.23,39.06,28.04,1,-1,-1,-1
1419,3931,578.26,43.86,39.05,28.65,1,-1,-1,-1
1420,3931,579.83,44.84,39.16,28.56,1,-1,-1,-1
1421,3931,580.95,46.62,39.61,28.36,1,-1,-1,-1
1422,3931,581.35,48.09,39.65,28.47,1,-1,-1,-1
1423,3931,582.30,48.99,39.80,28.49,1,-1,-1,-1
1424,3931,582.67,49.78,40.09,29.11,1,-1,-1,-1
1425,3931,583.11,51.28,40.31,29.54,1,-1,-1,-1
1426,3931,582.89,52.09,41.13,30.51,1,-1,-1,-1
1427,3931,582.47,52.54,41.66,31.47,1,-1,-1,-1
1428,3931,582.08,53.49,41.97,32.33,1,-1,-1,-1
1429,3931,581.92,54.54,42.31,32.97,1,-1,-1,-1
1430,3931,581.20,55.48,42.73,33.22,1,-1,-1,-1
1431,3931,581.31,56.52,42.98,33.43,1,-1,-1,-1
1432,3931,581.18,57.38,43.15,33.81,1,-1,-1,-1
1433,3931,581.22,57.63,43.27,34.12,1,-1,-1,-1
1434,3931,581.04,58.26,43.62,34.09,1,-1,-1,-1
1435,3931,580.13,58.97,43.50,34.22,1,-1,-1,-1
1436,3931,580.29,59.75,43.04,34.28,1,-1,-1,-1
1437,3931,580.26,61.72,43.01,34.06,1,-1,-1,-1
1438,3931,580.46,63.27,43.16,34.34,1,-1,-1,-1
1439,3931,580.77,65.24,42.83,34.28,1,-1,-1,-1
1440,3931,581.34,66.71,43.27,34.50,1,-1,-1,-1
1441,3931,581.78,68.33,43.87,34.98,1,-1,-1,-1
1442,3931,581.29,69.81,44.33,35.04,1,-1,-1,-1
1443,3931,581.89,70.52,44.21,34.87,1,-1,-1,-1
1444,3931,583.13,71.63,44.66,35.02,1,-1,-1,-1
1445,3931,583.62,72.97,45.23,34.97,1,-1,-1,-1
1446,3931,583.44,73.29,45.02,34.85,1,-1,-1,-1
1447,3931,583.99,73.55,44.94,34.88,1,-1,-1,-1
1448,3931,584.12,74.28,45.35,34.92,1,-1,-1,-1
1449,3931,583.61,75.94,46.84,35.06,1,-1,-1,-1
1450,3931,583.15,77.06,47.23,35.07,1,-1,-1,-1
1451,3931,581.65,77.67,47.88,35.33,1,-1,-1,-1
1452,3931,580.26,79.37,48.89,35.63,1,-1,-1,-1
1453,3931,579.76,81.03,49.25,35.63,1,-1,-1,-1
1454,3931,579.29,82.45,49.73,36.16,1,-1,-1,-1
1455,3931,579.04,84.22,50.15,36.31,1,-1,-1,-1
1456,3931,578.84,85.69,50.87,36.82,1,-1,-1,-1
1457,3931,577.53,86.85,51.62,37.54,1,-1,-1,-1
1458,3931,576.34,88.24,51.92,38.25,1,-1,-1,-1
1459,3931,575.64,89.38,52.06,38.80,1,-1,-1,-1
1460,3931,575.21,91.46,52.47,39.14,1,-1,-1,-1
1461,3931,574.95,92.86,52.69,39.92,1,-1,-1,-1
1462,3931,573.96,94.49,52.84,40.59,1,-1,-1,-1
1463,3931,573.93,95.92,53.21,41.03,1,-1,-1,-1
1464,3931,573.96,97.86,53.55,41.53,1,-1,-1,-1
1465,3931,573.68,99.53,54.21,42.08,1,-1,-1,-1
1466,3931,573.39,100.58,54.72,42.91,1,-1,-1,-1
1467,3931,573.21,102.09,55.27,43.40,1,-1,-1,-1
1468,3931,572.95,103.58,55.64,43.78,1,-1,-1,-1
1469,3931,572.91,105.42,55.89,44.33,1,-1,-1,-1
1470,3931,573.43,106.98,55.78,44.90,1,-1,-1,-1
1471,3931,573.49,108.53,55.73,45.18,1,-1,-1,-1
1472,3931,573.21,110.49,55.65,45.19,1,-1,-1,-1
1473,3931,573.67,112.58,55.45,44.60,1,-1,-1,-1
1474,3931,573.51,114.51,55.96,44.38,1,-1,-1,-1
1475,3931,572.91,116.72,56.43,44.34,1,-1,-1,-1
1476,3931,571.91,118.30,57.39,44.50,1,-1,-1,-1
1477,3931,571.09,120.03,57.96,44.95,1,-1,-1,-1
1478,3931,570.16,121.62,58.95,45.35,1,-1,-1,-1
1479,3931,568.57,122.87,59.09,45.92,1,-1,-1,-1
1480,3931,567.99,124.74,59.54,47.04,1,-1,-1,-1
1481,3931,567.35,126.94,59.18,47.83,1,-1,-1,-1
1482,3931,567.49,129.22,59.25,48.90,1,-1,-1,-1
1483,3931,567.39,130.68,59.44,50.08,1,-1,-1,-1
1484,3931,566.73,131.90,58.59,50.55,1,-1,-1,-1
1485,3931,566.58,133.84,58.23,50.89,1,-1,-1,-1
1486,3931,566.03,135.69,58.06,50.87,1,-1,-1,-1
1487,3931,565.45,137.23,57.92,51.21,1,-1,-1,-1
1488,3931,564.51,139.52,57.98,51.50,1,-1,-1,-1
1489,3931,563.78,142.36,57.76,51.43,1,-1,-1,-1
1490,3931,563.05,145.48,58.30,51.09,1,-1,-1,-1
1491,3931,563.23,147.04,58.93,50.81,1,-1,-1,-1
1492,3931,561.98,149.25,60.14,51.43,1,-1,-1,-1
1493,3931,561.40,152.38,61.87,51.73,1,-1,-1,-1
1494,3931,560.76,155.90,62.46,51.63,1,-1,-1,-1
1495,3931,560.19,158.33,62.97,52.05,1,-1,-1,-1
1496,3931,559.31,161.65,63.49,52.87,1,-1,-1,-1
1497,3931,558.72,164.41,63.98,53.41,1,-1,-1,-1
1498,3931,558.71,167.21,64.29,54.04,1,-1,-1,-1
1499,3931,557.97,170.33,65.11,54.81,1,-1,-1,-1
1500,3931,557.34,173.62,66.07,55.34,1,-1,-1,-1
1501,3931,556.40,177.43,66.33,55.55,1,-1,-1,-1
1502,3931,555.36,180.12,66.76,56.03,1,-1,-1,-1
1503,3931,554.23,183.01,67.00,56.26,1,-1,-1,-1
1504,3931,553.22,185.63,67.05,56.06,1,-1,-1,-1
1505,3931,552.36,188.70,67.31,55.82,1,-1,-1,-1
1506,3931,552.09,193.05,68.96,56.09,1,-1,-1,-1
1507,3931,552.25,196.09,70.07,56.85,1,-1,-1,-1
1508,3931,552.39,200.65,70.63,56.65,1,-1,-1,-1
1509,3931,552.29,205.26,70.96,56.66,1,-1,-1,-1
1510,3931,552.23,208.66,71.89,57.03,1,-1,-1,-1
1511,3931,552.42,211.15,72.77,57.44,1,-1,-1,-1
1512,3931,552.82,214.00,73.17,57.97,1,-1,-1,-1
1513,3931,552.65,216.68,73.82,58.54,1,-1,-1,-1
1514,3931,553.15,220.32,74.06,59.32,1,-1,-1,-1
1515,3931,553.76,223.79,74.01,59.88,1,-1,-1,-1
1516,3931,554.56,227.94,74.64,59.84,1,-1,-1,-1
1517,3931,554.26,230.23,75.25,60.26,1,-1,-1,-1
1518,3931,553.72,233.18,76.77,61.05,1,-1,-1,-1
1519,3931,553.15,235.46,78.21,61.67,1,-1,-1,-1
1520,3931,552.35,238.37,79.84,62.45,1,-1,-1,-1
1521,3931,552.42,241.33,80.50,62.52,1,-1,-1,-1
1522,3931,552.39,244.78,81.12,62.51,1,-1,-1,-1
1523,3931,551.86,247.63,81.10,62.10,1,-1,-1,-1
1524,3931,552.08,249.77,81.01,62.20,1,-1,-1,-1
1525,3931,552.75,253.02,80.88,62.11,1,-1,-1,-1
1526,3931,552.19,255.32,80.44,62.42,1,-1,-1,-1
1527,3931,551.76,257.19,81.20,63.34,1,-1,-1,-1
1528,3931,551.20,259.64,81.36,64.19,1,-1,-1,-1
1529,3931,551.26,262.55,81.75,65.11,1,-1,-1,-1
1530,3931,550.47,265.38,82.49,66.07,1,-1,-1,-1
1531,3931,549.30,267.18,83.13,66.25,1,-1,-1,-1
1532,3931,547.26,270.47,84.57,66.80,1,-1,-1,-1
1533,3931,545.37,273.60,86.10,67.40,1,-1,-1,-1
1534,3931,543.43,277.41,87.34,67.70,1,-1,-1,-1
1535,3931,542.17,278.71,88.26,68.55,1,-1,-1,-1
1536,3931,540.56,280.32,88.55,69.51,1,-1,-1,-1
1537,3931,539.71,282.33,89.71,70.65,1,-1,-1,-1
1538,3931,538.80,284.00,90.65,71.30,1,-1,-1,-1
1539,3931,538.44,285.84,91.30,71.72,1,-1,-1,-1
1540,3931,535.79,287.28,92.34,71.81,1,-1,-1,-1
1541,3931,534.70,289.18,93.75,72.50,1,-1,-1,-1
1542,3931,533.98,291.18,94.97,73.15,1,-1,-1,-1
1543,3931,532.85,292.91,96.11,73.54,1,-1,-1,-1
1544,3931,531.22,294.67,96.60,73.75,1,-1,-1,-1
1545,3931,530.27,297.04,97.77,74.96,1,-1,-1,-1
1546,3931,528.96,298.20,99.32,76.12,1,-1,-1,-1
1547,3931,527.86,299.64,100.95,77.07,1,-1,-1,-1
1548,3931,527.11,303.19,101.37,76.50,1,-1,-1,-1
1549,3931,526.16,305.71,103.15,76.90,1,-1,-1,-1
1550,3931,524.44,306.99,104.55,77.47,1,-1,-1,-1
1551,3931,522.88,307.51,105.62,78.13,1,-1,-1,-1
1552,3931,520.32,309.44,108.22,79.48,1,-1,-1,-1
1553,3931,519.55,312.52,111.02,80.66,1,-1,-1,-1
1554,3931,518.30,313.93,112.66,82.36,1,-1,-1,-1
1555,3931,517.31,315.52,114.45,83.31,1,-1,-1,-1
1556,3931,515.87,317.43,115.64,84.76,1,-1,-1,-1
1557,3931,514.43,319.24,116.65,86.36,1,-1,-1,-1
1558,3931,513.79,321.00,118.58,88.71,1,-1,-1,-1
1559,3931,513.98,323.28,121.09,89.86,1,-1,-1,-1
1560,3931,513.06,324.61,123.23,91.33,1,-1,-1,-1
1561,3931,512.60,327.75,124.82,92.39,1,-1,-1,-1
1562,3931,511.05,329.53,126.99,94.62,1,-1,-1,-1
1563,3931,509.41,331.54,128.28,95.88,1,-1,-1,-1
1564,3931,508.06,333.75,129.64,97.38,1,-1,-1,-1
1565,3931,508.30,336.45,130.34,98.80,1,-1,-1,-1
1566,3931,508.26,337.99,130.89,100.30,1,-1,-1,-1
1567,3931,506.39,340.12,132.07,101.43,1,-1,-1,-1
1568,3931,504.81,342.52,133.64,102.62,1,-1,-1,-1
1569,3931,503.29,345.21,135.20,103.25,1,-1,-1,-1
1570,3931,500.43,348.31,137.39,104.74,1,-1,-1,-1
1571,3931,498.56,348.92,139.05,105.56,1,-1,-1,-1
1572,3931,495.95,351.21,140.86,106.93,1,-1,-1,-1
1573,3931,493.87,354.48,141.94,108.59,1,-1,-1,-1
1574,3931,492.89,356.21,143.61,111.58,1,-1,-1,-1
1575,3931,492.46,359.76,144.44,113.52,1,-1,-1,-1
1576,3931,491.00,362.92,146.04,115.75,1,-1,-1,-1
1577,3931,487.17,364.96,147.66,119.00,1,-1,-1,-1
1578,3931,485.00,368.50,149.29,121.03,1,-1,-1,-1
1579,3931,481.63,371.25,150.56,121.77,1,-1,-1,-1
1580,3931,478.74,374.26,152.20,122.91,1,-1,-1,-1
1581,3931,475.12,376.87,154.64,126.04,1,-1,-1,-1
1582,3931,472.26,380.39,158.00,129.04,1,-1,-1,-1
1583,3931,470.07,382.62,159.88,131.69,1,-1,-1,-1
1584,3931,468.30,387.22,161.77,134.07,1,-1,-1,-1
1585,3931,466.65,395.59,163.28,134.11,1,-1,-1,-1
1586,3931,463.82,394.64,165.97,138.25,1,-1,-1,-1
1587,3931,461.34,394.56,168.64,140.52,1,-1,-1,-1
1588,3931,459.76,396.76,171.77,142.48,1,-1,-1,-1
1589,3931,456.04,400.10,174.18,143.13,1,-1,-1,-1
1590,3931,452.00,404.02,177.96,145.70,1,-1,-1,-1
1591,3931,448.33,407.47,181.73,148.03,1,-1,-1,-1
1592,3931,444.99,411.85,186.39,152.62,1,-1,-1,-1
1593,3931,442.16,417.07,191.40,156.94,1,-1,-1,-1
1594,3931,440.04,420.74,194.85,160.46,1,-1,-1,-1
1595,3931,439.30,422.74,198.43,162.50,1,-1,-1,-1
1596,3931,437.58,426.90,201.18,163.50,1,-1,-1,-1
1597,3931,437.29,429.92,206.07,167.20,1,-1,-1,-1
1598,3931,438.32,431.80,210.86,170.56,1,-1,-1,-1
1599,3931,440.85,434.28,214.98,172.48,1,-1,-1,-1
1600,3931,446.96,437.98,219.97,175.61,1,-1,-1,-1
1601,3931,453.04,441.73,227.51,177.58,1,-1,-1,-1
1602,3931,460.49,444.63,235.95,181.51,1,-1,-1,-1
1603,3931,467.33,447.36,246.08,184.35,1,-1,-1,-1
1604,3931,478.57,451.41,257.93,187.28,1,-1,-1,-1
1605,3931,492.25,455.28,272.23,191.67,1,-1,-1,-1
1606,3931,507.58,458.26,288.64,194.57,1,-1,-1,-1
1607,3931,523.99,461.28,304.26,194.73,1,-1,-1,-1
1608,3931,547.10,462.82,321.66,198.40,1,-1,-1,-1
1609,3931,573.07,464.47,344.81,203.12,1,-1,-1,-1
1610,3931,605.56,466.22,369.49,208.93,1,-1,-1,-1
1611,3931,634.54,469.40,394.01,212.96,1,-1,-1,-1
1612,3931,675.16,473.95,417.63,214.76,1,-1,-1,-1
1613,3931,721.78,478.87,442.37,216.25,1,-1,-1,-1
1614,3931,774.30,482.85,467.53,218.12,1,-1,-1,-1
1615,3931,820.47,485.43,491.34,219.85,1,-1,-1,-1
1616,3931,881.15,485.47,513.27,221.02,1,-1,-1,-1
1617,3931,948.33,485.62,531.82,220.09,1,-1,-1,-1
1618,3931,1020.16,485.33,549.92,218.78,1,-1,-1,-1
1619,3931,1082.38,485.37,565.16,218.03,1,-1,-1,-1
1620,3931,1152.66,482.11,577.69,217.82,1,-1,-1,-1
1621,3931,1227.62,477.08,586.98,219.37,1,-1,-1,-1
1622,3931,1304.93,471.59,592.84,221.61,1,-1,-1,-1
1623,3931,1359.34,466.23,581.14,223.72,1,-1,-1,-1
1624,3931,1416.11,460.40,551.49,225.24,1,-1,-1,-1
1625,3931,1482.19,452.17,505.58,225.92,1,-1,-1,-1
1626,3931,1551.40,444.47,450.00,225.88,1,-1,-1,-1
1627,3931,1615.52,438.64,391.79,225.78,1,-1,-1,-1
1628,3931,1686.96,433.29,326.63,223.47,1,-1,-1,-1
