241,4,729.66,781.46,143.41,125.24,1,-1,-1,-1
242,4,740.72,782.34,145.64,126.94,1,-1,-1,-1
243,4,753.84,781.06,149.28,129.87,1,-1,-1,-1
244,4,763.98,779.16,153.88,133.64,1,-1,-1,-1
245,4,774.59,780.17,159.27,137.97,1,-1,-1,-1
246,4,788.28,782.43,163.26,141.52,1,-1,-1,-1
247,4,800.67,783.71,169.33,146.86,1,-1,-1,-1
248,4,817.43,787.01,172.22,149.10,1,-1,-1,-1
249,4,835.91,789.83,173.36,149.60,1,-1,-1,-1
250,4,853.28,792.46,178.07,153.11,1,-1,-1,-1
251,4,870.22,792.50,185.91,159.47,1,-1,-1,-1
252,4,886.75,794.53,192.38,164.31,1,-1,-1,-1
253,4,907.55,797.10,199.92,169.92,1,-1,-1,-1
254,4,929.24,800.66,209.90,177.19,1,-1,-1,-1
255,4,953.19,805.13,219.13,183.09,1,-1,-1,-1
256,4,976.58,808.51,235.06,194.91,1,-1,-1,-1
257,4,1004.34,812.25,247.69,203.60,1,-1,-1,-1
258,4,1033.62,816.47,265.32,215.31,1,-1,-1,-1
259,4,1064.38,821.02,286.07,229.57,1,-1,-1,-1
260,4,1100.56,824.87,307.33,242.99,1,-1,-1,-1
261,4,1143.08,826.52,343.47,267.55,1,-1,-1,-1
262,4,1190.91,829.96,387.71,297.41,1,-1,-1,-1
263,4,1250.03,834.31,433.54,326.37,1,-1,-1,-1
264,4,1316.16,838.42,500.10,371.61,1,-1,-1,-1
265,4,1405.93,849.33,560.90,410.89,1,-1,-1,-1
266,4,1517.94,862.64,637.14,459.50,1,-1,-1,-1
267,4,1645.86,872.85,743.83,529.10,1,-1,-1,-1
268,4,1716.65,888.97,849.01,616.47,1,-1,-1,-1
269,4,1829.14,910.54,853.40,645.24,1,-1,-1,-1
270,4,1876.44,916.11,884.20,668.52,1,-1,-1,-1
731,5,2101.72,622.27,353.63,346.99,1,-1,-1,-1
732,5,2013.39,625.82,339.00,322.90,1,-1,-1,-1
733,5,1901.79,635.88,317.23,292.30,1,-1,-1,-1
734,5,1797.40,642.42,305.51,272.34,1,-1,-1,-1
735,5,1702.22,647.75,299.04,258.95,1,-1,-1,-1
736,5,1622.59,653.31,290.55,244.64,1,-1,-1,-1
737,5,1557.28,660.65,278.66,228.38,1,-1,-1,-1
738,5,1495.68,668.96,265.52,212.74,1,-1,-1,-1
739,5,1440.03,675.21,255.63,200.82,1,-1,-1,-1
740,5,1393.26,679.03,248.48,192.25,1,-1,-1,-1
741,5,1343.76,683.31,241.62,185.15,1,-1,-1,-1
742,5,1303.91,685.61,236.90,180.43,1,-1,-1,-1
743,5,1265.65,689.82,228.44,173.04,1,-1,-1,-1
744,5,1233.79,691.96,222.28,167.79,1,-1,-1,-1
745,5,1202.30,694.41,215.90,162.24,1,-1,-1,-1
746,5,1173.62,695.68,211.44,158.86,1,-1,-1,-1
747,5,1145.48,698.75,205.38,154.07,1,-1,-1,-1
748,5,1120.41,699.15,200.92,150.69,1,-1,-1,-1
748,6,595.30,757.19,120.76,109.06,1,-1,-1,-1
749,5,1097.05,700.00,197.48,148.49,1,-1,-1,-1
749,6,600.26,756.18,121.83,109.99,1,-1,-1,-1
750,5,1077.85,701.83,191.63,144.07,1,-1,-1,-1
750,6,603.49,757.00,122.45,110.64,1,-1,-1,-1
751,5,1056.69,702.06,187.01,140.48,1,-1,-1,-1
751,6,610.75,757.41,123.78,112.14,1,-1,-1,-1
752,5,1037.32,704.18,181.44,136.46,1,-1,-1,-1
752,6,614.85,757.17,124.73,113.00,1,-1,-1,-1
753,5,1019.47,705.45,176.74,132.84,1,-1,-1,-1
754,5,1001.45,705.14,175.39,131.93,1,-1,-1,-1
755,5,984.01,704.08,172.31,130.00,1,-1,-1,-1
755,7,644.51,757.23,121.61,114.29,1,-1,-1,-1
756,5,964.91,704.99,168.28,127.59,1,-1,-1,-1
756,7,657.08,754.88,121.31,113.33,1,-1,-1,-1
757,5,947.98,704.83,167.16,127.63,1,-1,-1,-1
757,7,670.09,751.73,122.92,113.89,1,-1,-1,-1
758,5,933.00,705.66,165.42,126.87,1,-1,-1,-1
758,7,678.94,748.98,126.24,116.00,1,-1,-1,-1
759,5,918.18,707.01,162.83,125.61,1,-1,-1,-1
759,7,686.38,746.52,130.29,118.83,1,-1,-1,-1
760,5,904.13,708.26,160.53,124.42,1,-1,-1,-1
760,7,691.67,743.18,137.17,124.44,1,-1,-1,-1
761,5,889.81,709.21,157.86,122.91,1,-1,-1,-1
761,7,698.87,740.89,141.30,127.66,1,-1,-1,-1
762,5,876.71,711.25,154.81,121.05,1,-1,-1,-1
762,7,709.93,739.74,141.30,127.47,1,-1,-1,-1
763,5,863.70,712.55,151.43,119.10,1,-1,-1,-1
763,7,718.33,741.20,140.75,126.75,1,-1,-1,-1
764,5,850.07,713.91,149.44,118.53,1,-1,-1,-1
764,7,723.48,742.51,142.12,127.63,1,-1,-1,-1
765,5,831.64,715.16,146.67,116.33,1,-1,-1,-1
765,7,729.24,742.25,143.87,128.58,1,-1,-1,-1
766,7,735.17,743.43,145.87,129.86,1,-1,-1,-1
767,7,744.76,745.84,146.92,130.06,1,-1,-1,-1
768,7,752.07,747.76,151.24,133.19,1,-1,-1,-1
769,7,755.53,743.16,160.99,141.59,1,-1,-1,-1
769,8,2006.88,623.53,460.43,306.55,1,-1,-1,-1
770,7,760.14,738.45,168.05,147.68,1,-1,-1,-1
770,8,1912.03,628.08,436.72,286.55,1,-1,-1,-1
771,7,764.81,735.49,174.55,153.49,1,-1,-1,-1
771,8,1807.77,633.50,412.87,266.95,1,-1,-1,-1
772,7,771.17,736.66,176.88,155.20,1,-1,-1,-1
772,8,1716.08,637.37,397.23,253.29,1,-1,-1,-1
773,7,781.32,739.79,178.67,156.63,1,-1,-1,-1
773,8,1640.07,639.71,379.58,239.50,1,-1,-1,-1
774,7,794.20,744.75,179.03,156.55,1,-1,-1,-1
774,8,1571.81,643.32,362.90,226.64,1,-1,-1,-1
775,7,804.82,747.65,179.39,156.02,1,-1,-1,-1
775,8,1514.04,649.70,344.22,212.95,1,-1,-1,-1
776,7,813.68,748.57,181.93,157.63,1,-1,-1,-1
776,8,1458.64,655.96,329.56,202.83,1,-1,-1,-1
777,7,823.72,750.57,183.55,158.45,1,-1,-1,-1
777,8,1410.49,660.73,315.58,193.61,1,-1,-1,-1
778,7,832.16,750.97,187.39,161.05,1,-1,-1,-1
778,8,1368.96,666.75,297.72,182.18,1,-1,-1,-1
779,7,841.64,752.37,191.66,164.01,1,-1,-1,-1
779,8,1327.18,669.30,287.69,176.17,1,-1,-1,-1
780,7,850.97,754.73,195.98,166.99,1,-1,-1,-1
780,8,1288.36,673.10,277.03,170.38,1,-1,-1,-1
781,7,858.57,755.55,202.38,172.16,1,-1,-1,-1
781,8,1251.21,676.23,268.85,166.35,1,-1,-1,-1
782,7,868.10,756.57,206.48,175.15,1,-1,-1,-1
782,8,1216.83,677.99,264.31,164.86,1,-1,-1,-1
783,7,876.76,756.02,213.28,180.79,1,-1,-1,-1
783,8,1182.72,681.07,258.58,162.56,1,-1,-1,-1
784,7,884.13,755.13,219.86,186.45,1,-1,-1,-1
784,8,1153.43,683.97,250.86,159.36,1,-1,-1,-1
785,7,894.04,755.76,224.09,189.38,1,-1,-1,-1
785,8,1129.37,689.38,237.37,152.01,1,-1,-1,-1
786,7,901.32,755.37,232.96,196.46,1,-1,-1,-1
786,8,1106.26,692.08,229.87,148.52,1,-1,-1,-1
787,7,909.20,757.64,243.41,204.39,1,-1,-1,-1
787,8,1083.11,694.03,221.80,145.24,1,-1,-1,-1
788,7,918.47,759.35,252.79,211.24,1,-1,-1,-1
788,8,1063.05,694.49,217.40,144.46,1,-1,-1,-1
789,7,929.69,762.84,260.79,217.36,1,-1,-1,-1
789,8,1048.71,697.46,205.87,138.90,1,-1,-1,-1
790,7,942.05,765.27,270.91,225.13,1,-1,-1,-1
790,8,1016.15,700.39,198.25,133.76,1,-1,-1,-1
791,7,955.42,768.02,279.84,231.30,1,-1,-1,-1
792,7,965.22,767.67,296.20,243.50,1,-1,-1,-1
793,7,976.12,766.30,313.46,256.64,1,-1,-1,-1
794,7,991.75,766.02,328.73,268.04,1,-1,-1,-1
794,9,962.66,702.54,178.19,128.94,1,-1,-1,-1
795,7,1001.61,766.11,349.88,284.03,1,-1,-1,-1
795,9,940.57,703.59,176.11,127.77,1,-1,-1,-1
796,7,1016.11,766.21,367.64,297.17,1,-1,-1,-1
796,9,920.84,705.11,174.15,126.86,1,-1,-1,-1
797,7,1037.58,766.47,382.50,306.97,1,-1,-1,-1
797,9,901.01,707.39,171.01,125.09,1,-1,-1,-1
798,7,1058.08,765.09,406.34,323.07,1,-1,-1,-1
798,9,884.82,708.24,167.36,123.04,1,-1,-1,-1
799,7,1078.74,762.87,436.47,344.76,1,-1,-1,-1
799,9,866.54,710.00,164.63,121.66,1,-1,-1,-1
800,7,1101.73,764.59,465.52,363.32,1,-1,-1,-1
800,9,850.53,710.86,162.70,121.03,1,-1,-1,-1
801,7,1125.91,765.94,500.29,387.36,1,-1,-1,-1
801,9,836.82,715.46,157.22,117.54,1,-1,-1,-1
802,7,1156.51,768.33,532.05,409.02,1,-1,-1,-1
802,9,821.77,717.97,153.80,115.60,1,-1,-1,-1
803,7,1194.14,771.53,562.97,428.45,1,-1,-1,-1
803,9,807.94,720.55,150.20,113.53,1,-1,-1,-1
804,7,1232.04,771.90,604.11,456.26,1,-1,-1,-1
804,9,795.33,722.31,146.19,111.04,1,-1,-1,-1
805,7,1271.05,773.90,650.97,487.78,1,-1,-1,-1
805,9,782.54,723.49,144.80,110.16,1,-1,-1,-1
806,7,1322.19,774.26,694.87,515.99,1,-1,-1,-1
806,9,771.35,725.17,142.80,108.89,1,-1,-1,-1
807,7,1376.33,775.07,750.45,551.63,1,-1,-1,-1
807,9,759.80,728.01,140.31,107.47,1,-1,-1,-1
808,7,1435.39,774.84,804.37,583.47,1,-1,-1,-1
808,9,746.00,728.79,139.95,107.63,1,-1,-1,-1
808,10,2062.20,624.93,410.32,337.18,1,-1,-1,-1
809,7,1504.17,774.52,871.25,622.90,1,-1,-1,-1
809,9,733.95,728.92,139.62,107.85,1,-1,-1,-1
809,10,1995.10,626.40,381.19,305.37,1,-1,-1,-1
810,7,1551.10,777.85,943.02,670.98,1,-1,-1,-1
810,9,725.19,729.95,136.91,106.27,1,-1,-1,-1
810,10,1955.80,623.22,370.31,296.65,1,-1,-1,-1
811,7,1568.60,775.25,1017.78,732.56,1,-1,-1,-1
811,9,711.66,731.41,135.44,105.13,1,-1,-1,-1
812,7,1615.67,775.73,1025.79,751.90,1,-1,-1,-1
813,7,1647.68,776.33,1058.89,776.16,1,-1,-1,-1
813,11,1558.04,647.05,479.45,250.49,1,-1,-1,-1
814,11,1494.68,652.36,451.26,236.30,1,-1,-1,-1
815,11,1442.88,658.13,419.08,220.37,1,-1,-1,-1
816,11,1387.99,661.30,397.93,210.68,1,-1,-1,-1
817,11,1346.58,664.87,379.10,202.39,1,-1,-1,-1
818,11,1306.40,672.50,354.81,191.23,1,-1,-1,-1
819,11,1268.41,674.87,338.48,184.79,1,-1,-1,-1
820,11,1234.88,678.34,321.54,177.77,1,-1,-1,-1
821,11,1202.39,679.44,308.85,173.22,1,-1,-1,-1
822,11,1170.32,681.22,300.18,170.73,1,-1,-1,-1
823,11,1142.47,684.11,287.11,165.96,1,-1,-1,-1
824,11,1117.87,689.21,271.93,159.39,1,-1,-1,-1
825,11,1095.60,692.70,258.54,153.75,1,-1,-1,-1
826,11,1073.21,693.84,249.91,150.90,1,-1,-1,-1
827,11,1052.10,695.13,242.59,148.60,1,-1,-1,-1
828,11,1032.68,698.82,229.45,142.31,1,-1,-1,-1
829,11,1015.82,700.98,219.58,137.89,1,-1,-1,-1
830,11,995.93,701.04,212.41,135.18,1,-1,-1,-1
831,11,979.33,702.89,204.73,131.93,1,-1,-1,-1
832,11,961.55,703.26,199.44,130.27,1,-1,-1,-1
833,11,942.00,701.16,197.59,131.34,1,-1,-1,-1
834,11,925.86,702.62,191.83,129.27,1,-1,-1,-1
835,11,909.63,703.71,188.99,129.14,1,-1,-1,-1
836,11,893.94,705.44,184.13,127.42,1,-1,-1,-1
837,11,880.18,708.15,177.99,124.44,1,-1,-1,-1
838,11,867.19,710.84,171.61,121.04,1,-1,-1,-1
839,11,851.28,711.48,168.88,120.44,1,-1,-1,-1
840,11,837.19,713.09,166.24,119.85,1,-1,-1,-1
841,11,825.86,716.56,160.15,116.74,1,-1,-1,-1
842,11,813.67,718.31,155.92,114.93,1,-1,-1,-1
843,11,800.73,720.89,151.62,112.69,1,-1,-1,-1
844,11,789.25,722.55,147.59,110.28,1,-1,-1,-1
845,11,778.59,724.73,145.21,108.97,1,-1,-1,-1
846,11,766.78,725.76,143.59,108.27,1,-1,-1,-1
847,11,756.51,726.29,141.05,106.99,1,-1,-1,-1
848,11,743.15,728.64,139.53,106.38,1,-1,-1,-1
849,11,731.68,729.65,138.44,106.28,1,-1,-1,-1
850,11,723.42,729.94,135.84,104.83,1,-1,-1,-1
851,11,709.58,731.43,133.79,103.26,1,-1,-1,-1
934,12,15.48,1256.24,272.93,247.86,1,-1,-1,-1
935,12,25.83,1245.21,291.85,263.11,1,-1,-1,-1
936,12,31.65,1229.03,313.00,279.51,1,-1,-1,-1
937,12,38.68,1215.90,327.76,288.85,1,-1,-1,-1
938,12,41.81,1207.66,348.14,302.51,1,-1,-1,-1
939,12,41.27,1205.36,364.15,311.91,1,-1,-1,-1
940,12,40.92,1204.01,372.38,314.12,1,-1,-1,-1
941,12,56.75,1194.75,385.99,317.08,1,-1,-1,-1
942,12,55.63,1189.95,390.70,313.73,1,-1,-1,-1
943,12,72.49,1183.48,407.81,316.25,1,-1,-1,-1
944,12,88.19,1190.53,404.68,300.16,1,-1,-1,-1
945,12,100.01,1187.79,411.40,292.54,1,-1,-1,-1
946,12,105.94,1182.03,430.07,294.46,1,-1,-1,-1
947,12,109.71,1167.91,456.17,302.94,1,-1,-1,-1
948,12,121.90,1155.79,475.84,308.16,1,-1,-1,-1
949,12,137.71,1144.38,492.75,312.89,1,-1,-1,-1
950,12,151.46,1137.26,505.39,315.22,1,-1,-1,-1
951,12,162.74,1128.86,519.03,318.75,1,-1,-1,-1
952,12,175.01,1122.04,531.19,322.05,1,-1,-1,-1
953,12,187.47,1113.79,539.96,323.49,1,-1,-1,-1
954,12,195.59,1105.40,553.45,328.53,1,-1,-1,-1
955,12,211.81,1099.99,559.74,329.42,1,-1,-1,-1
956,12,228.02,1095.87,563.52,329.27,1,-1,-1,-1
957,12,244.76,1090.17,569.02,330.90,1,-1,-1,-1
958,12,266.98,1086.78,558.37,321.75,1,-1,-1,-1
959,12,282.98,1082.20,559.02,319.29,1,-1,-1,-1
960,12,301.44,1078.62,559.09,317.28,1,-1,-1,-1
961,12,322.13,1078.10,555.83,313.87,1,-1,-1,-1
962,12,335.64,1075.89,557.73,313.79,1,-1,-1,-1
963,12,365.89,1072.91,548.96,309.31,1,-1,-1,-1
964,12,379.68,1069.89,547.70,309.04,1,-1,-1,-1
965,12,385.42,1068.17,549.74,310.51,1,-1,-1,-1
966,12,386.45,1065.91,558.95,316.68,1,-1,-1,-1
967,12,386.64,1063.49,568.41,322.93,1,-1,-1,-1
968,12,390.29,1061.10,574.37,327.02,1,-1,-1,-1
969,12,399.22,1060.70,571.33,325.42,1,-1,-1,-1
970,12,407.03,1058.65,571.90,325.57,1,-1,-1,-1
971,12,411.60,1056.11,573.46,326.34,1,-1,-1,-1
972,12,416.57,1050.86,578.09,328.56,1,-1,-1,-1
973,12,421.13,1047.05,581.68,329.33,1,-1,-1,-1
974,12,430.71,1042.01,589.76,332.40,1,-1,-1,-1
975,12,446.11,1036.55,596.09,334.39,1,-1,-1,-1
976,12,465.12,1030.56,598.14,333.84,1,-1,-1,-1
977,12,482.81,1022.31,608.41,338.10,1,-1,-1,-1
978,12,509.52,1018.32,609.24,336.39,1,-1,-1,-1
979,12,533.09,1011.12,618.19,340.13,1,-1,-1,-1
980,12,555.70,1004.79,623.16,341.48,1,-1,-1,-1
981,12,581.29,998.82,626.67,341.90,1,-1,-1,-1
982,12,607.05,990.71,636.72,346.63,1,-1,-1,-1
983,12,632.75,985.74,643.80,349.83,1,-1,-1,-1
984,12,666.32,982.05,643.79,348.56,1,-1,-1,-1
985,12,698.53,978.89,644.69,347.73,1,-1,-1,-1
986,12,728.26,974.11,654.54,352.18,1,-1,-1,-1
987,12,759.75,969.64,661.33,355.22,1,-1,-1,-1
988,12,788.06,960.13,675.48,362.57,1,-1,-1,-1
989,12,820.64,952.64,686.12,367.92,1,-1,-1,-1
990,12,851.30,943.73,697.79,373.91,1,-1,-1,-1
991,12,886.08,937.98,706.88,378.36,1,-1,-1,-1
992,12,921.54,931.98,715.55,382.41,1,-1,-1,-1
993,12,955.02,926.90,726.34,387.27,1,-1,-1,-1
994,12,992.89,922.00,740.33,394.25,1,-1,-1,-1
995,12,1029.47,920.50,755.98,402.46,1,-1,-1,-1
996,12,1065.16,917.04,777.26,414.61,1,-1,-1,-1
997,12,1100.64,913.45,799.88,428.04,1,-1,-1,-1
998,12,1139.13,913.76,820.82,441.00,1,-1,-1,-1
999,12,1175.22,914.25,851.61,460.69,1,-1,-1,-1
1000,12,1215.23,915.35,885.59,482.64,1,-1,-1,-1
1001,12,1258.10,914.05,919.78,505.11,1,-1,-1,-1
1002,12,1305.38,914.37,952.65,526.63,1,-1,-1,-1
1003,12,1353.08,917.06,988.79,550.17,1,-1,-1,-1
1004,12,1406.48,920.66,1031.75,576.52,1,-1,-1,-1
1005,12,1457.72,920.93,1090.20,612.57,1,-1,-1,-1
1006,12,1484.93,923.15,1138.77,649.69,1,-1,-1,-1
1007,12,1507.62,931.92,1170.46,683.07,1,-1,-1,-1
1008,12,1531.67,940.59,1194.39,718.18,1,-1,-1,-1
1009,12,1584.60,947.03,1168.11,726.61,1,-1,-1,-1
1010,12,1641.22,958.64,1140.37,738.68,1,-1,-1,-1
1011,12,1675.01,960.00,1168.41,756.85,1,-1,-1,-1
1093,14,2050.10,533.17,439.20,457.27,1,-1,-1,-1
1094,14,2010.96,537.46,437.17,445.68,1,-1,-1,-1
1095,14,1976.35,545.86,434.01,427.70,1,-1,-1,-1
1096,14,1922.79,552.20,429.40,406.08,1,-1,-1,-1
1097,14,1847.88,562.96,419.95,381.18,1,-1,-1,-1
1098,14,1766.16,570.71,411.73,359.92,1,-1,-1,-1
1099,14,1699.07,577.82,403.48,340.50,1,-1,-1,-1
1100,14,1635.32,582.65,398.24,325.18,1,-1,-1,-1
1101,14,1583.96,590.00,386.67,306.01,1,-1,-1,-1
1102,14,1533.10,596.35,382.51,294.65,1,-1,-1,-1
1103,14,1488.67,601.29,377.34,284.07,1,-1,-1,-1
1104,14,1447.24,609.52,365.38,269.26,1,-1,-1,-1
1105,14,1408.89,615.42,356.65,258.64,1,-1,-1,-1
1106,14,1373.76,620.27,348.08,248.72,1,-1,-1,-1
1107,14,1344.85,623.52,339.15,239.93,1,-1,-1,-1
1108,14,1315.65,626.51,329.55,231.30,1,-1,-1,-1
1109,14,1289.09,631.61,316.04,220.32,1,-1,-1,-1
1110,14,1264.70,635.13,306.63,212.48,1,-1,-1,-1
1111,14,1237.20,635.45,302.70,209.06,1,-1,-1,-1
1112,14,1211.14,637.66,295.83,203.88,1,-1,-1,-1
1113,14,1190.54,639.38,289.95,200.20,1,-1,-1,-1
1114,14,1168.38,640.15,286.57,198.58,1,-1,-1,-1
1115,14,1147.35,642.65,280.77,195.17,1,-1,-1,-1
1116,14,1127.35,645.35,274.56,191.74,1,-1,-1,-1
1117,14,1109.40,648.34,267.47,187.72,1,-1,-1,-1
1118,14,1094.21,651.27,260.13,183.52,1,-1,-1,-1
1119,14,1077.11,653.21,255.50,181.45,1,-1,-1,-1
1120,14,1061.95,654.36,250.49,179.06,1,-1,-1,-1
1121,14,1051.63,659.02,240.77,172.98,1,-1,-1,-1
1122,14,1038.31,661.29,235.15,169.78,1,-1,-1,-1
1123,14,1025.33,664.39,227.75,165.41,1,-1,-1,-1
1124,14,1012.94,666.66,221.79,161.86,1,-1,-1,-1
1125,14,999.96,669.41,214.34,157.14,1,-1,-1,-1
1126,14,987.02,669.90,211.18,155.51,1,-1,-1,-1
1127,14,973.95,672.07,207.12,153.14,1,-1,-1,-1
1128,14,962.96,673.29,203.35,151.34,1,-1,-1,-1
1129,14,949.63,674.32,201.02,150.42,1,-1,-1,-1
1130,14,936.85,675.39,198.97,149.86,1,-1,-1,-1
1131,14,926.51,676.07,196.56,148.89,1,-1,-1,-1
1132,14,914.98,678.62,192.92,147.01,1,-1,-1,-1
1133,14,902.60,680.52,190.68,145.95,1,-1,-1,-1
1134,14,892.41,681.37,189.16,145.65,1,-1,-1,-1
1135,14,881.46,682.92,186.92,144.63,1,-1,-1,-1
1136,14,871.79,685.27,183.58,142.60,1,-1,-1,-1
1137,14,864.00,689.32,178.10,138.40,1,-1,-1,-1
1138,14,855.46,691.45,176.46,137.43,1,-1,-1,-1
1139,14,845.50,692.83,174.61,136.43,1,-1,-1,-1
1140,14,834.97,694.34,173.39,135.72,1,-1,-1,-1
1141,14,826.74,694.81,171.95,135.07,1,-1,-1,-1
1142,14,816.90,698.17,167.14,131.82,1,-1,-1,-1
1143,14,806.59,700.54,165.00,130.69,1,-1,-1,-1
1144,14,797.31,702.67,161.87,128.48,1,-1,-1,-1
1144,15,2110.34,644.34,375.11,348.69,1,-1,-1,-1
1145,14,789.68,705.49,158.17,125.70,1,-1,-1,-1
1145,15,2058.00,635.30,385.22,349.25,1,-1,-1,-1
1146,14,781.79,708.62,154.94,122.98,1,-1,-1,-1
1146,15,2016.51,638.39,383.09,333.73,1,-1,-1,-1
1147,14,775.01,710.88,153.00,121.26,1,-1,-1,-1
1147,15,1939.36,641.72,377.66,316.29,1,-1,-1,-1
1148,14,766.75,711.26,153.49,121.28,1,-1,-1,-1
1148,15,1855.36,648.10,366.50,294.70,1,-1,-1,-1
1149,14,757.86,710.97,153.73,121.31,1,-1,-1,-1
1149,15,1775.12,651.65,361.13,279.75,1,-1,-1,-1
1150,14,748.97,713.29,152.50,120.20,1,-1,-1,-1
1150,15,1704.09,654.22,359.52,269.34,1,-1,-1,-1
1151,14,740.49,714.56,152.50,120.52,1,-1,-1,-1
1151,15,1637.96,657.60,355.77,259.00,1,-1,-1,-1
1152,14,733.59,715.50,150.58,119.33,1,-1,-1,-1
1152,15,1581.78,661.04,352.98,250.80,1,-1,-1,-1
1153,14,728.50,718.42,146.73,116.38,1,-1,-1,-1
1153,15,1534.14,667.61,342.15,237.47,1,-1,-1,-1
1154,14,723.79,720.53,143.56,114.03,1,-1,-1,-1
1154,15,1493.09,675.17,326.32,221.89,1,-1,-1,-1
1155,14,716.09,721.07,142.87,113.48,1,-1,-1,-1
1155,15,1452.62,678.50,317.93,212.83,1,-1,-1,-1
1156,14,710.50,722.16,142.02,113.00,1,-1,-1,-1
1156,15,1415.73,683.03,307.22,203.36,1,-1,-1,-1
1157,14,704.29,720.92,143.58,114.61,1,-1,-1,-1
1157,15,1382.29,683.88,304.23,199.65,1,-1,-1,-1
1158,14,700.12,722.30,141.47,113.38,1,-1,-1,-1
1158,15,1350.75,686.92,296.34,193.32,1,-1,-1,-1
1159,14,694.84,723.51,140.81,113.57,1,-1,-1,-1
1159,15,1323.07,688.68,288.97,188.05,1,-1,-1,-1
1160,14,687.73,724.78,139.73,112.70,1,-1,-1,-1
1160,15,1296.32,689.40,283.92,185.34,1,-1,-1,-1
1161,15,1272.28,691.43,275.00,179.63,1,-1,-1,-1
1162,15,1250.62,692.67,266.96,175.18,1,-1,-1,-1
1163,15,1231.34,693.63,261.11,172.28,1,-1,-1,-1
1164,15,1212.60,693.51,257.08,170.83,1,-1,-1,-1
1165,15,1198.44,693.64,250.88,168.03,1,-1,-1,-1
1166,15,1183.31,691.62,247.53,167.67,1,-1,-1,-1
1167,15,1172.33,691.13,242.83,166.62,1,-1,-1,-1
1168,15,1167.21,689.99,235.46,163.94,1,-1,-1,-1
1169,15,1163.64,688.86,226.40,159.98,1,-1,-1,-1
1170,15,1159.02,686.55,219.04,157.32,1,-1,-1,-1
1171,15,1157.12,684.01,213.01,155.55,1,-1,-1,-1
1172,15,1158.46,680.45,207.57,154.35,1,-1,-1,-1
1173,15,1161.40,677.01,200.99,151.96,1,-1,-1,-1
1174,15,1162.28,670.03,197.87,152.19,1,-1,-1,-1
1175,15,1163.91,663.01,195.23,152.61,1,-1,-1,-1
1176,15,1166.85,656.90,191.99,152.42,1,-1,-1,-1
1177,15,1171.55,651.06,189.31,152.44,1,-1,-1,-1
1178,15,1177.65,645.80,185.60,151.12,1,-1,-1,-1
1179,15,1184.21,640.91,182.88,150.35,1,-1,-1,-1
1180,15,1193.07,635.68,181.17,150.08,1,-1,-1,-1
1181,15,1204.16,628.61,177.20,147.04,1,-1,-1,-1
1182,15,1216.08,620.30,175.36,145.43,1,-1,-1,-1
1183,15,1228.51,612.14,174.14,144.20,1,-1,-1,-1
1184,15,1237.72,606.19,169.77,141.27,1,-1,-1,-1
1185,15,1249.31,601.31,164.20,136.84,1,-1,-1,-1
1186,15,1261.34,592.50,163.15,135.89,1,-1,-1,-1
1187,15,1272.28,590.33,157.00,131.02,1,-1,-1,-1
1188,15,1296.12,579.87,158.64,130.07,1,-1,-1,-1
1189,15,1315.31,569.56,160.68,129.88,1,-1,-1,-1
1190,15,1330.48,561.53,161.36,129.49,1,-1,-1,-1
1191,15,1346.54,551.60,164.16,130.41,1,-1,-1,-1
1192,15,1357.98,542.74,167.78,132.72,1,-1,-1,-1
1193,15,1370.43,537.48,171.36,135.89,1,-1,-1,-1
1194,15,1381.25,532.14,169.91,134.62,1,-1,-1,-1
1195,15,1392.86,527.15,168.44,134.54,1,-1,-1,-1
1196,15,1403.98,520.54,167.79,134.02,1,-1,-1,-1
1215,18,2142.34,621.79,331.41,362.11,1,-1,-1,-1
1216,18,2084.67,584.38,365.71,390.80,1,-1,-1,-1
1217,18,2040.92,576.38,377.48,388.98,1,-1,-1,-1
1218,18,1976.58,582.07,373.69,369.62,1,-1,-1,-1
1219,18,1897.83,591.30,362.61,343.67,1,-1,-1,-1
1220,18,1817.18,599.08,356.85,324.58,1,-1,-1,-1
1221,18,1742.68,604.83,355.26,311.18,1,-1,-1,-1
1222,18,1679.98,609.52,352.87,299.09,1,-1,-1,-1
1223,18,1620.38,615.02,349.42,287.49,1,-1,-1,-1
1224,18,1568.54,618.39,347.01,279.25,1,-1,-1,-1
1225,18,1520.22,624.36,341.60,269.02,1,-1,-1,-1
1226,18,1478.76,631.22,329.59,255.50,1,-1,-1,-1
1227,18,1435.00,636.59,323.14,246.78,1,-1,-1,-1
1228,18,1403.03,643.56,309.52,233.50,1,-1,-1,-1
1229,18,1365.75,647.52,304.23,227.18,1,-1,-1,-1
1230,18,1334.74,652.01,294.02,218.32,1,-1,-1,-1
1231,18,1303.39,654.18,284.99,211.19,1,-1,-1,-1
1232,18,1273.60,657.89,278.00,205.50,1,-1,-1,-1
1233,18,1246.38,660.67,270.25,199.67,1,-1,-1,-1
1234,18,1220.55,662.11,264.28,195.27,1,-1,-1,-1
1235,18,1195.64,665.22,257.58,190.02,1,-1,-1,-1
1236,18,1172.24,667.64,252.44,186.75,1,-1,-1,-1
1237,18,1148.99,669.74,248.18,184.21,1,-1,-1,-1
1238,18,1129.09,675.19,238.92,177.65,1,-1,-1,-1
1239,18,1110.97,680.03,231.08,172.22,1,-1,-1,-1
1240,18,1094.34,682.73,224.44,167.56,1,-1,-1,-1
1241,18,1076.17,684.87,220.96,165.61,1,-1,-1,-1
1242,18,1061.14,688.01,213.66,160.51,1,-1,-1,-1
1243,18,1044.99,691.00,206.56,155.51,1,-1,-1,-1
1244,18,1031.66,692.80,199.88,150.87,1,-1,-1,-1
1245,18,1015.67,693.24,196.96,149.27,1,-1,-1,-1
1246,18,1002.01,696.19,192.30,146.20,1,-1,-1,-1
1247,18,989.95,696.86,187.53,143.00,1,-1,-1,-1
1247,19,594.85,765.48,124.86,110.71,1,-1,-1,-1
1248,18,972.48,695.34,185.59,142.20,1,-1,-1,-1
1248,19,601.34,765.03,126.97,112.58,1,-1,-1,-1
1249,18,954.94,693.56,186.26,143.87,1,-1,-1,-1
1249,19,607.47,763.88,130.78,116.18,1,-1,-1,-1
1250,18,940.46,693.65,183.27,142.54,1,-1,-1,-1
1250,19,616.64,762.45,132.01,117.50,1,-1,-1,-1
1251,18,926.97,695.78,180.55,141.08,1,-1,-1,-1
1251,19,622.98,764.12,130.96,116.82,1,-1,-1,-1
1252,18,915.33,697.27,177.32,139.16,1,-1,-1,-1
1252,19,628.35,763.89,132.38,118.09,1,-1,-1,-1
1253,18,902.02,698.45,173.70,136.88,1,-1,-1,-1
1254,18,888.75,699.85,171.78,136.09,1,-1,-1,-1
1255,18,877.46,702.17,168.21,133.79,1,-1,-1,-1
1255,20,651.13,761.36,129.41,120.50,1,-1,-1,-1
1256,18,866.50,704.92,163.66,130.50,1,-1,-1,-1
1256,20,661.72,758.33,129.24,119.96,1,-1,-1,-1
1257,18,855.52,707.66,160.24,128.13,1,-1,-1,-1
1257,20,670.48,756.93,130.01,119.98,1,-1,-1,-1
1258,18,844.95,707.68,159.50,128.10,1,-1,-1,-1
1258,20,676.14,755.63,133.07,121.91,1,-1,-1,-1
1259,18,832.90,709.49,156.80,126.60,1,-1,-1,-1
1259,20,682.24,754.68,136.57,124.39,1,-1,-1,-1
1260,18,821.85,711.59,154.14,125.28,1,-1,-1,-1
1260,20,690.14,752.84,141.09,128.02,1,-1,-1,-1
1261,18,812.31,715.12,148.68,121.61,1,-1,-1,-1
1261,20,698.84,751.82,146.62,133.10,1,-1,-1,-1
1262,18,798.94,717.00,145.99,119.40,1,-1,-1,-1
1262,20,707.26,753.25,146.79,133.23,1,-1,-1,-1
1263,20,715.87,758.59,145.82,132.28,1,-1,-1,-1
1264,20,720.99,761.17,148.88,134.77,1,-1,-1,-1
1265,20,726.34,764.05,151.00,135.76,1,-1,-1,-1
1266,20,736.05,766.44,152.32,136.09,1,-1,-1,-1
1267,20,741.27,762.00,159.58,142.48,1,-1,-1,-1
1268,20,748.32,756.60,166.97,149.09,1,-1,-1,-1
1269,20,757.15,757.67,169.30,150.58,1,-1,-1,-1
1270,20,766.48,760.56,171.09,151.56,1,-1,-1,-1
1271,20,775.16,761.05,174.49,154.21,1,-1,-1,-1
1272,20,785.15,761.36,178.40,157.34,1,-1,-1,-1
1273,20,795.04,761.14,183.59,161.26,1,-1,-1,-1
1274,20,809.10,761.85,185.35,162.05,1,-1,-1,-1
1275,20,819.15,762.34,189.00,164.28,1,-1,-1,-1
1276,20,830.87,762.05,195.34,169.10,1,-1,-1,-1
1277,20,843.53,762.96,199.37,171.52,1,-1,-1,-1
1278,20,855.30,762.07,206.20,176.64,1,-1,-1,-1
1279,20,867.59,762.53,212.26,181.10,1,-1,-1,-1
1280,20,880.46,763.73,218.20,185.31,1,-1,-1,-1
1281,20,893.96,763.84,226.07,190.81,1,-1,-1,-1
1282,20,907.46,763.78,237.00,198.96,1,-1,-1,-1
1283,20,923.10,765.90,244.31,203.96,1,-1,-1,-1
1284,20,938.87,766.59,251.41,209.02,1,-1,-1,-1
1285,20,954.80,768.51,259.49,214.57,1,-1,-1,-1
1286,20,970.48,769.40,270.46,221.93,1,-1,-1,-1
1287,20,986.75,770.36,284.74,232.52,1,-1,-1,-1
1288,20,1002.16,769.89,303.45,246.20,1,-1,-1,-1
1289,20,1017.29,771.36,321.32,258.83,1,-1,-1,-1
1290,20,1035.63,773.59,340.06,272.64,1,-1,-1,-1
1291,20,1057.67,773.46,359.94,287.10,1,-1,-1,-1
1292,20,1085.41,772.59,384.71,304.03,1,-1,-1,-1
1293,20,1109.75,771.02,419.39,329.05,1,-1,-1,-1
1294,20,1136.33,771.76,456.99,356.28,1,-1,-1,-1
1295,20,1171.57,775.93,492.50,381.70,1,-1,-1,-1
1296,20,1214.06,781.04,524.23,402.93,1,-1,-1,-1
1297,20,1258.43,785.14,573.19,437.61,1,-1,-1,-1
1298,20,1313.56,793.69,621.66,470.61,1,-1,-1,-1
1299,20,1378.06,799.84,680.02,511.24,1,-1,-1,-1
1300,20,1453.17,804.93,738.20,548.89,1,-1,-1,-1
1301,20,1536.15,810.39,821.54,604.18,1,-1,-1,-1
1302,20,1591.14,818.12,913.20,672.54,1,-1,-1,-1
1303,20,1623.65,824.87,995.73,748.91,1,-1,-1,-1
1304,20,1684.36,830.71,1013.90,788.05,1,-1,-1,-1
1305,20,1720.30,833.84,1049.36,815.61,1,-1,-1,-1
1466,21,1969.93,722.77,486.65,397.24,1,-1,-1,-1
1467,21,1902.80,718.69,498.30,396.26,1,-1,-1,-1
1468,21,1797.82,730.93,492.77,380.06,1,-1,-1,-1
1469,21,1669.75,745.01,490.15,366.47,1,-1,-1,-1
1470,21,1550.74,762.37,486.77,352.91,1,-1,-1,-1
1471,21,1431.55,779.24,495.39,349.42,1,-1,-1,-1
1472,21,1190.43,823.76,489.70,337.45,1,-1,-1,-1
1473,21,1050.95,853.73,486.09,328.18,1,-1,-1,-1
1474,21,946.32,879.86,481.06,318.90,1,-1,-1,-1
1475,21,857.27,902.96,481.70,314.95,1,-1,-1,-1
1476,21,772.77,926.59,476.96,308.03,1,-1,-1,-1
1477,21,692.06,944.63,476.87,304.85,1,-1,-1,-1
1478,21,613.57,965.27,474.22,300.11,1,-1,-1,-1
1479,21,531.61,983.52,471.83,296.17,1,-1,-1,-1
1480,21,449.17,1003.59,473.11,295.47,1,-1,-1,-1
1481,21,380.24,1020.90,472.55,294.46,1,-1,-1,-1
1482,21,351.37,1050.90,421.47,261.80,1,-1,-1,-1
1483,21,277.54,1068.51,410.98,254.21,1,-1,-1,-1
1484,21,175.71,1091.61,424.20,260.02,1,-1,-1,-1
1485,21,88.55,1127.29,416.87,251.65,1,-1,-1,-1
1486,21,11.00,1161.93,390.91,234.78,1,-1,-1,-1
1487,21,-24.58,1169.92,389.60,234.62,1,-1,-1,-1
1488,21,-46.29,1180.23,374.86,228.52,1,-1,-1,-1
1489,21,-63.31,1194.14,344.74,215.51,1,-1,-1,-1
1490,21,-126.28,1213.59,332.78,208.03,1,-1,-1,-1
1643,25,724.76,759.40,146.42,122.37,1,-1,-1,-1
1644,25,735.14,757.68,150.36,125.73,1,-1,-1,-1
1645,25,745.50,756.87,152.99,128.00,1,-1,-1,-1
1646,25,756.78,759.02,155.25,130.12,1,-1,-1,-1
1647,25,766.26,758.09,158.66,133.15,1,-1,-1,-1
1648,25,772.96,758.34,165.10,138.69,1,-1,-1,-1
1649,25,781.23,758.73,169.97,143.22,1,-1,-1,-1
1650,25,792.14,760.29,173.73,146.91,1,-1,-1,-1
1651,25,805.59,762.34,175.65,149.07,1,-1,-1,-1
1652,25,817.61,765.63,177.64,151.14,1,-1,-1,-1
1653,25,833.99,767.22,180.33,153.59,1,-1,-1,-1
1654,25,848.65,769.95,182.71,155.64,1,-1,-1,-1
1655,25,861.62,770.27,187.38,159.79,1,-1,-1,-1
1656,25,875.94,770.19,193.49,165.14,1,-1,-1,-1
1657,25,889.82,771.58,198.47,169.12,1,-1,-1,-1
1658,25,906.65,773.31,205.30,173.92,1,-1,-1,-1
1659,25,924.02,775.35,215.89,181.81,1,-1,-1,-1
1660,25,945.54,779.94,222.47,185.81,1,-1,-1,-1
1661,25,965.87,782.11,234.94,194.92,1,-1,-1,-1
1662,25,986.93,784.00,247.97,204.26,1,-1,-1,-1
1663,25,1009.67,784.49,265.13,217.11,1,-1,-1,-1
1664,25,1032.61,784.77,284.74,231.07,1,-1,-1,-1
1665,25,1060.86,786.65,305.31,245.35,1,-1,-1,-1
1666,25,1094.20,789.50,328.18,261.08,1,-1,-1,-1
1667,25,1132.38,789.72,358.90,282.23,1,-1,-1,-1
1668,25,1175.61,792.29,391.43,303.51,1,-1,-1,-1
1669,25,1225.69,794.19,434.23,331.99,1,-1,-1,-1
1670,25,1283.75,794.40,483.39,364.22,1,-1,-1,-1
1671,25,1356.35,799.42,537.04,399.25,1,-1,-1,-1
1672,25,1441.19,805.59,600.49,440.86,1,-1,-1,-1
1673,25,1543.63,812.31,674.54,487.60,1,-1,-1,-1
1674,25,1654.32,815.79,771.46,552.40,1,-1,-1,-1
1675,25,1719.32,826.45,862.39,630.64,1,-1,-1,-1
1676,25,1833.78,857.88,836.19,632.75,1,-1,-1,-1
1677,25,1879.96,862.10,865.46,654.90,1,-1,-1,-1
1796,27,708.27,760.63,145.66,129.59,1,-1,-1,-1
1797,27,715.18,762.98,149.89,133.19,1,-1,-1,-1
1798,27,723.70,764.11,154.51,137.19,1,-1,-1,-1
1799,27,734.24,765.15,157.75,140.05,1,-1,-1,-1
1800,27,744.23,765.17,160.00,142.05,1,-1,-1,-1
1801,27,756.04,764.58,161.69,143.50,1,-1,-1,-1
1802,27,766.03,764.41,166.05,147.37,1,-1,-1,-1
1803,27,774.17,764.83,171.05,151.86,1,-1,-1,-1
1804,27,786.99,767.55,172.92,153.57,1,-1,-1,-1
1805,27,800.35,768.39,179.01,159.37,1,-1,-1,-1
1806,27,816.63,770.01,180.60,160.62,1,-1,-1,-1
1807,27,832.87,772.32,182.22,161.64,1,-1,-1,-1
1808,27,847.46,773.58,188.24,166.71,1,-1,-1,-1
1809,27,862.01,775.12,194.47,171.84,1,-1,-1,-1
1810,27,876.09,775.39,201.79,177.95,1,-1,-1,-1
1811,27,892.37,777.55,208.35,183.14,1,-1,-1,-1
1812,27,911.07,780.84,218.58,191.04,1,-1,-1,-1
1813,27,929.57,782.21,231.55,201.12,1,-1,-1,-1
1814,27,949.87,783.34,244.26,211.07,1,-1,-1,-1
1815,27,970.06,784.75,258.12,221.44,1,-1,-1,-1
1816,27,990.41,785.49,277.03,236.31,1,-1,-1,-1
1817,27,1014.12,786.50,299.84,254.54,1,-1,-1,-1
1818,27,1039.07,787.90,324.98,274.69,1,-1,-1,-1
1819,27,1071.25,787.00,351.52,295.22,1,-1,-1,-1
1820,27,1106.84,786.47,391.29,326.31,1,-1,-1,-1
1821,27,1147.66,785.71,434.11,359.99,1,-1,-1,-1
1822,27,1200.46,790.93,474.24,390.56,1,-1,-1,-1
1823,27,1261.08,795.89,525.65,429.63,1,-1,-1,-1
1824,27,1339.79,804.53,581.04,470.78,1,-1,-1,-1
1825,27,1431.89,813.15,645.96,517.64,1,-1,-1,-1
1826,27,1541.13,819.95,733.43,580.25,1,-1,-1,-1
1827,27,1626.32,825.69,848.84,673.93,1,-1,-1,-1
1828,27,1710.84,832.39,898.11,730.41,1,-1,-1,-1
1829,27,1752.35,835.25,930.73,756.93,1,-1,-1,-1
2129,28,2046.35,565.51,452.91,419.54,1,-1,-1,-1
2130,28,2007.22,557.80,453.30,412.43,1,-1,-1,-1
2131,28,1946.94,560.78,443.68,394.83,1,-1,-1,-1
2132,28,1868.93,569.96,427.94,372.07,1,-1,-1,-1
2133,28,1798.30,585.33,398.89,337.43,1,-1,-1,-1
2134,28,1730.41,593.13,386.88,318.87,1,-1,-1,-1
2135,28,1672.67,599.64,376.78,303.21,1,-1,-1,-1
2136,28,1614.82,604.25,370.04,291.66,1,-1,-1,-1
2137,28,1566.78,608.53,363.24,281.39,1,-1,-1,-1
2138,28,1519.83,610.86,359.06,274.21,1,-1,-1,-1
2139,28,1477.64,614.66,352.61,266.48,1,-1,-1,-1
2140,28,1436.68,619.36,341.91,256.65,1,-1,-1,-1
2141,28,1403.36,624.02,331.49,247.40,1,-1,-1,-1
2142,28,1371.88,627.71,323.90,241.09,1,-1,-1,-1
2143,28,1343.38,632.17,312.94,232.52,1,-1,-1,-1
2144,28,1317.25,636.18,298.69,221.42,1,-1,-1,-1
2145,28,1290.71,638.55,288.34,214.33,1,-1,-1,-1
2146,28,1263.08,642.98,280.43,208.42,1,-1,-1,-1
2147,28,1238.27,644.46,272.73,202.96,1,-1,-1,-1
2148,28,1213.04,645.64,270.39,201.98,1,-1,-1,-1
2149,28,1191.15,648.11,264.43,198.43,1,-1,-1,-1
2150,28,1173.67,652.86,255.49,192.39,1,-1,-1,-1
2151,28,1152.86,654.25,250.70,190.19,1,-1,-1,-1
2152,28,1135.35,657.02,243.89,186.17,1,-1,-1,-1
2153,28,1120.26,661.29,234.56,179.69,1,-1,-1,-1
2154,28,1102.27,663.11,230.44,177.69,1,-1,-1,-1
2155,28,1090.66,666.67,221.39,171.58,1,-1,-1,-1
2156,28,1075.46,666.98,219.37,170.99,1,-1,-1,-1
2157,28,1061.67,668.70,214.01,167.51,1,-1,-1,-1
2158,28,1050.68,672.88,205.06,161.13,1,-1,-1,-1
2159,28,1040.66,678.29,195.37,153.91,1,-1,-1,-1
2160,28,1028.39,681.86,189.19,149.21,1,-1,-1,-1
2161,28,1012.04,680.92,186.31,146.99,1,-1,-1,-1
2162,28,999.64,681.20,183.19,144.80,1,-1,-1,-1
2163,28,986.31,680.48,180.75,143.19,1,-1,-1,-1
2164,28,972.24,679.04,182.62,145.47,1,-1,-1,-1
2165,28,961.07,679.29,179.68,143.95,1,-1,-1,-1
2166,28,948.85,681.48,174.46,140.27,1,-1,-1,-1
2167,28,935.96,683.32,174.01,140.15,1,-1,-1,-1
2168,28,924.23,684.98,172.62,139.48,1,-1,-1,-1
2169,28,913.72,686.74,169.80,137.73,1,-1,-1,-1
2170,28,902.00,687.12,168.42,137.22,1,-1,-1,-1
2171,28,890.97,689.73,166.41,135.96,1,-1,-1,-1
2172,28,880.22,691.98,164.82,134.71,1,-1,-1,-1
2173,28,870.43,695.21,162.18,132.84,1,-1,-1,-1
2174,28,858.21,698.43,160.36,131.59,1,-1,-1,-1
2175,28,848.98,699.56,159.24,130.78,1,-1,-1,-1
2176,28,839.09,700.69,156.72,128.79,1,-1,-1,-1
2177,28,827.21,703.08,153.09,125.96,1,-1,-1,-1
2178,28,816.63,705.04,151.91,125.27,1,-1,-1,-1
2179,28,807.94,707.19,149.05,123.17,1,-1,-1,-1
2180,28,796.19,709.17,147.41,121.75,1,-1,-1,-1
2181,28,786.55,711.17,145.60,120.28,1,-1,-1,-1
2182,28,777.90,711.71,145.03,119.80,1,-1,-1,-1
2183,28,770.22,712.05,143.69,118.85,1,-1,-1,-1
2184,28,760.65,714.58,141.27,116.66,1,-1,-1,-1
2185,28,751.21,716.22,139.66,115.12,1,-1,-1,-1
2186,28,743.20,717.40,139.11,114.54,1,-1,-1,-1
2187,28,737.44,721.10,135.43,111.31,1,-1,-1,-1
2188,28,727.91,722.98,133.41,109.65,1,-1,-1,-1
2275,32,740.35,784.81,153.14,131.85,1,-1,-1,-1
2276,32,750.86,782.28,157.16,135.47,1,-1,-1,-1
2277,32,761.14,781.29,162.13,139.88,1,-1,-1,-1
2278,32,770.74,784.39,166.50,144.01,1,-1,-1,-1
2279,32,785.01,787.87,166.89,144.60,1,-1,-1,-1
2280,32,798.45,791.62,170.47,148.24,1,-1,-1,-1
2281,32,809.36,793.32,174.76,152.36,1,-1,-1,-1
2282,32,824.40,794.77,178.45,155.89,1,-1,-1,-1
2283,32,838.14,796.83,184.20,161.13,1,-1,-1,-1
2284,32,854.06,799.32,188.41,164.77,1,-1,-1,-1
2285,32,869.56,802.87,195.59,170.89,1,-1,-1,-1
2286,32,884.21,805.52,203.11,177.45,1,-1,-1,-1
2287,32,904.64,809.98,207.39,180.56,1,-1,-1,-1
2288,32,922.51,814.73,217.83,188.54,1,-1,-1,-1
2289,32,940.03,819.98,232.09,200.59,1,-1,-1,-1
2290,32,959.14,826.07,243.64,210.21,1,-1,-1,-1
2291,32,981.26,831.67,258.45,222.24,1,-1,-1,-1
2292,32,1008.72,836.29,273.61,234.33,1,-1,-1,-1
2293,32,1034.47,840.14,293.07,249.06,1,-1,-1,-1
2294,32,1066.91,844.93,317.32,267.26,1,-1,-1,-1
2295,32,1100.36,849.07,352.47,294.42,1,-1,-1,-1
2296,32,1142.05,851.49,397.18,329.95,1,-1,-1,-1
2297,32,1192.87,858.16,441.15,364.26,1,-1,-1,-1
2298,32,1256.80,867.48,487.17,398.24,1,-1,-1,-1
2299,32,1335.20,876.97,541.70,438.20,1,-1,-1,-1
2300,32,1429.12,887.66,606.85,484.39,1,-1,-1,-1
2301,32,1546.24,899.32,694.52,546.80,1,-1,-1,-1
2302,32,1648.50,908.81,805.73,634.71,1,-1,-1,-1
2303,32,1730.35,938.37,882.59,715.19,1,-1,-1,-1
2304,32,1773.36,944.91,915.24,741.65,1,-1,-1,-1
2365,33,2069.36,636.20,370.21,338.90,1,-1,-1,-1
2366,33,2031.64,628.97,374.65,342.96,1,-1,-1,-1
2368,34,1485.49,660.86,466.87,243.24,1,-1,-1,-1
2369,34,1426.66,668.79,425.43,222.26,1,-1,-1,-1
2370,34,1375.64,676.26,392.18,205.97,1,-1,-1,-1
2371,34,1326.67,681.10,370.46,195.93,1,-1,-1,-1
2372,34,1285.04,685.69,348.46,186.33,1,-1,-1,-1
2373,34,1243.65,686.03,335.76,181.74,1,-1,-1,-1
2374,34,1213.17,688.28,318.15,174.58,1,-1,-1,-1
2374,35,622.08,771.44,127.86,111.25,1,-1,-1,-1
2375,34,1185.57,691.28,302.52,168.08,1,-1,-1,-1
2375,35,625.57,772.74,127.83,111.22,1,-1,-1,-1
2376,34,1158.25,691.82,292.42,165.05,1,-1,-1,-1
2377,34,1130.81,691.82,285.00,163.49,1,-1,-1,-1
2378,34,1108.62,693.79,273.19,159.16,1,-1,-1,-1
2379,34,1090.40,694.81,260.75,154.45,1,-1,-1,-1
2380,34,1073.12,694.92,252.43,152.18,1,-1,-1,-1
2381,34,1057.48,695.24,242.77,148.72,1,-1,-1,-1
2382,34,1045.03,697.72,229.27,142.29,1,-1,-1,-1
2382,37,681.16,763.19,145.96,118.51,1,-1,-1,-1
2383,34,1028.19,697.98,223.22,140.62,1,-1,-1,-1
2383,37,687.06,761.99,150.99,122.74,1,-1,-1,-1
2384,34,1016.01,699.58,213.48,136.49,1,-1,-1,-1
2384,37,694.06,759.68,153.56,125.23,1,-1,-1,-1
2385,34,1002.38,699.02,207.66,134.59,1,-1,-1,-1
2385,37,700.81,759.87,154.26,126.22,1,-1,-1,-1
2386,34,989.30,700.08,202.86,133.25,1,-1,-1,-1
2386,37,707.20,759.67,155.93,128.08,1,-1,-1,-1
2387,34,977.01,699.00,198.80,132.50,1,-1,-1,-1
2387,37,712.24,760.83,160.37,132.22,1,-1,-1,-1
2388,34,962.69,698.89,195.49,132.27,1,-1,-1,-1
2388,37,719.83,759.96,162.76,134.72,1,-1,-1,-1
2389,34,949.91,699.05,190.12,130.52,1,-1,-1,-1
2389,37,729.85,761.38,164.44,136.53,1,-1,-1,-1
2390,34,936.65,699.38,186.37,129.81,1,-1,-1,-1
2390,37,737.92,761.38,166.88,138.91,1,-1,-1,-1
2391,34,924.37,701.36,182.15,128.55,1,-1,-1,-1
2391,37,748.39,761.19,166.58,138.83,1,-1,-1,-1
2392,34,914.30,702.04,177.37,126.86,1,-1,-1,-1
2392,37,757.20,760.18,169.65,141.70,1,-1,-1,-1
2393,34,902.97,702.38,173.07,125.48,1,-1,-1,-1
2393,37,766.03,760.13,172.81,144.72,1,-1,-1,-1
2394,34,891.79,704.65,170.06,124.92,1,-1,-1,-1
2394,37,773.48,761.37,174.34,146.27,1,-1,-1,-1
2395,34,875.23,705.61,167.19,122.81,1,-1,-1,-1
2395,37,784.60,764.50,173.22,145.63,1,-1,-1,-1
2396,37,797.81,767.99,175.13,147.47,1,-1,-1,-1
2397,37,809.94,769.96,178.11,150.53,1,-1,-1,-1
2398,37,821.52,770.91,181.08,153.24,1,-1,-1,-1
2399,37,833.23,771.24,185.37,157.20,1,-1,-1,-1
2400,37,844.92,772.43,190.51,161.72,1,-1,-1,-1
2401,37,854.76,772.45,195.34,166.13,1,-1,-1,-1
2402,37,865.58,771.07,201.83,171.81,1,-1,-1,-1
2403,37,879.69,774.69,205.11,174.25,1,-1,-1,-1
2404,37,892.26,776.46,209.43,177.37,1,-1,-1,-1
2405,37,905.59,779.22,217.25,183.38,1,-1,-1,-1
2405,38,779.55,723.42,133.28,111.30,1,-1,-1,-1
2406,37,918.74,781.63,226.78,190.78,1,-1,-1,-1
2406,38,772.16,724.79,131.17,109.40,1,-1,-1,-1
2407,37,934.30,784.06,233.99,196.16,1,-1,-1,-1
2407,38,763.37,724.75,130.17,108.40,1,-1,-1,-1
2408,37,950.69,787.00,243.96,203.90,1,-1,-1,-1
2408,38,753.83,724.59,130.08,108.20,1,-1,-1,-1
2409,37,967.85,790.07,253.83,211.42,1,-1,-1,-1
2409,38,743.72,726.00,130.04,107.76,1,-1,-1,-1
2410,37,985.71,793.51,265.88,220.65,1,-1,-1,-1
2410,38,735.94,726.55,127.21,105.33,1,-1,-1,-1
2411,37,1005.32,797.61,278.87,230.25,1,-1,-1,-1
2411,38,728.06,727.14,126.09,104.40,1,-1,-1,-1
2412,37,1021.81,799.28,301.21,247.66,1,-1,-1,-1
2413,37,1043.94,803.33,317.42,259.41,1,-1,-1,-1
2414,37,1067.67,802.15,339.54,276.72,1,-1,-1,-1
