1,-1,335.932,97.896,169.602,100.711,0.920,-1,-1,-1
1,-1,1695.485,124.104,129.133,112.612,0.619,-1,-1,-1
1,-1,813.811,77.618,207.134,108.716,0.971,-1,-1,-1
2,-1,336.733,98.117,168.491,99.225,0.919,-1,-1,-1
2,-1,813.837,77.882,205.228,107.686,0.971,-1,-1,-1
3,-1,336.387,97.941,168.695,99.157,0.925,-1,-1,-1
3,-1,813.191,77.805,206.107,107.830,0.973,-1,-1,-1
4,-1,1581.869,374.262,336.970,279.543,0.513,-1,-1,-1
4,-1,336.278,98.027,169.022,99.062,0.925,-1,-1,-1
4,-1,813.394,78.025,205.730,107.512,0.972,-1,-1,-1
5,-1,335.928,97.885,169.137,99.609,0.918,-1,-1,-1
5,-1,813.581,77.814,205.772,107.659,0.970,-1,-1,-1
6,-1,1534.636,362.001,383.823,292.589,0.608,-1,-1,-1
6,-1,336.911,98.623,168.569,98.757,0.902,-1,-1,-1
6,-1,814.087,77.660,205.774,107.808,0.970,-1,-1,-1
7,-1,1510.325,354.800,408.586,300.189,0.769,-1,-1,-1
7,-1,336.843,98.622,168.649,98.810,0.905,-1,-1,-1
7,-1,814.324,77.377,205.417,108.154,0.965,-1,-1,-1
8,-1,1491.999,346.725,427.130,298.349,0.850,-1,-1,-1
8,-1,336.998,98.591,168.320,98.696,0.907,-1,-1,-1
8,-1,814.731,77.637,204.610,107.997,0.967,-1,-1,-1
9,-1,1471.129,341.733,447.478,298.229,0.860,-1,-1,-1
9,-1,336.802,98.468,168.506,98.799,0.903,-1,-1,-1
9,-1,814.428,77.532,204.232,108.180,0.967,-1,-1,-1
10,-1,1443.193,334.609,474.766,297.277,0.914,-1,-1,-1
10,-1,337.062,98.313,168.128,98.854,0.911,-1,-1,-1
10,-1,814.854,77.496,204.626,108.159,0.967,-1,-1,-1
11,-1,1421.598,329.879,495.745,294.529,0.946,-1,-1,-1
11,-1,334.818,98.613,170.867,98.764,0.908,-1,-1,-1
11,-1,814.379,78.831,204.398,106.009,0.970,-1,-1,-1
12,-1,1395.017,324.143,522.385,292.817,0.953,-1,-1,-1
12,-1,334.778,98.598,170.895,98.753,0.908,-1,-1,-1
12,-1,814.472,78.952,204.291,105.853,0.970,-1,-1,-1
13,-1,1367.013,318.797,550.299,290.360,0.981,-1,-1,-1
13,-1,334.672,98.417,171.570,98.215,0.896,-1,-1,-1
13,-1,815.364,79.767,203.075,105.022,0.970,-1,-1,-1
14,-1,1336.389,314.992,579.816,285.007,0.991,-1,-1,-1
14,-1,334.699,98.222,171.312,98.080,0.894,-1,-1,-1
14,-1,815.680,79.578,203.133,105.049,0.969,-1,-1,-1
15,-1,1305.125,313.553,585.077,282.966,0.992,-1,-1,-1
15,-1,334.970,98.423,170.605,98.182,0.891,-1,-1,-1
15,-1,816.242,79.659,202.128,104.914,0.966,-1,-1,-1
16,-1,1284.044,308.788,575.319,279.517,0.996,-1,-1,-1
16,-1,334.714,98.201,170.910,98.752,0.892,-1,-1,-1
16,-1,815.750,79.230,202.450,105.372,0.968,-1,-1,-1
17,-1,1250.677,305.001,586.131,273.925,0.995,-1,-1,-1
17,-1,334.527,98.065,170.794,98.914,0.881,-1,-1,-1
17,-1,815.851,78.927,202.939,105.676,0.969,-1,-1,-1
18,-1,1219.473,298.357,583.645,269.473,0.997,-1,-1,-1
18,-1,335.253,97.684,169.828,99.192,0.873,-1,-1,-1
18,-1,815.753,78.745,202.767,105.860,0.970,-1,-1,-1
19,-1,1186.328,295.453,587.500,267.028,0.997,-1,-1,-1
19,-1,335.404,97.625,169.454,99.245,0.866,-1,-1,-1
19,-1,816.381,78.984,201.671,105.690,0.973,-1,-1,-1
20,-1,1150.044,287.331,593.992,268.850,0.998,-1,-1,-1
20,-1,335.363,97.696,169.322,99.210,0.854,-1,-1,-1
20,-1,816.588,79.093,201.432,105.633,0.973,-1,-1,-1
21,-1,334.329,98.036,169.558,100.020,0.856,-1,-1,-1
21,-1,818.362,78.031,198.114,105.977,0.961,-1,-1,-1
21,-1,1114.343,283.372,582.838,266.963,0.996,-1,-1,-1
22,-1,333.080,97.150,171.226,100.691,0.847,-1,-1,-1
22,-1,817.220,77.879,199.098,106.171,0.943,-1,-1,-1
22,-1,1080.178,276.507,580.734,267.242,0.995,-1,-1,-1
23,-1,816.122,77.947,198.186,106.562,0.938,-1,-1,-1
23,-1,1048.115,272.664,573.492,258.207,0.995,-1,-1,-1
23,-1,333.927,97.153,170.296,100.616,0.827,-1,-1,-1
24,-1,816.593,78.378,197.197,106.282,0.939,-1,-1,-1
24,-1,1013.079,264.299,566.295,257.988,0.995,-1,-1,-1
24,-1,334.088,97.304,170.294,100.232,0.850,-1,-1,-1
25,-1,982.294,258.214,556.034,254.954,0.994,-1,-1,-1
25,-1,332.986,97.308,171.217,100.636,0.845,-1,-1,-1
25,-1,816.375,78.326,200.706,106.624,0.939,-1,-1,-1
26,-1,815.723,78.899,198.959,106.458,0.948,-1,-1,-1
26,-1,952.980,254.646,547.879,250.059,0.995,-1,-1,-1
26,-1,332.626,97.222,171.381,100.703,0.853,-1,-1,-1
27,-1,816.467,79.103,197.565,106.328,0.935,-1,-1,-1
27,-1,332.587,97.663,171.601,100.413,0.850,-1,-1,-1
27,-1,920.780,251.577,544.276,243.380,0.995,-1,-1,-1
28,-1,817.215,79.255,196.162,106.035,0.939,-1,-1,-1
28,-1,333.273,97.767,170.853,100.363,0.824,-1,-1,-1
28,-1,891.938,246.160,538.097,243.808,0.995,-1,-1,-1
29,-1,817.817,79.801,194.848,105.663,0.924,-1,-1,-1
29,-1,333.121,97.825,171.031,100.247,0.813,-1,-1,-1
29,-1,862.460,242.467,526.680,239.667,0.997,-1,-1,-1
30,-1,333.306,98.179,171.064,100.237,0.771,-1,-1,-1
30,-1,820.413,78.927,193.142,106.446,0.944,-1,-1,-1
30,-1,832.296,237.385,516.175,238.241,0.998,-1,-1,-1
31,-1,336.641,99.277,168.285,98.641,0.852,-1,-1,-1
31,-1,821.496,79.869,191.385,106.199,0.961,-1,-1,-1
31,-1,799.815,234.951,510.870,232.251,0.997,-1,-1,-1
32,-1,336.627,99.377,168.520,98.549,0.848,-1,-1,-1
32,-1,820.719,80.666,192.214,105.681,0.958,-1,-1,-1
32,-1,773.955,229.822,498.911,232.648,0.998,-1,-1,-1
33,-1,337.100,99.030,167.810,98.385,0.872,-1,-1,-1
33,-1,820.631,80.882,192.524,105.283,0.948,-1,-1,-1
33,-1,746.751,225.396,486.349,227.836,0.998,-1,-1,-1
34,-1,336.894,99.047,168.250,97.932,0.872,-1,-1,-1
34,-1,819.889,80.709,193.368,105.176,0.938,-1,-1,-1
34,-1,714.712,219.667,478.275,223.726,0.999,-1,-1,-1
35,-1,337.099,99.218,168.091,97.734,0.871,-1,-1,-1
35,-1,690.305,218.249,464.872,219.324,0.998,-1,-1,-1
35,-1,820.576,80.416,193.407,105.427,0.933,-1,-1,-1
36,-1,337.242,99.454,168.049,97.434,0.879,-1,-1,-1
36,-1,665.295,216.755,446.868,211.245,0.998,-1,-1,-1
36,-1,820.555,80.476,194.373,105.358,0.935,-1,-1,-1
37,-1,337.707,99.189,167.366,98.294,0.860,-1,-1,-1
37,-1,638.972,212.947,436.536,210.683,0.999,-1,-1,-1
37,-1,820.769,80.505,194.563,105.473,0.935,-1,-1,-1
38,-1,338.264,99.535,166.443,97.923,0.861,-1,-1,-1
38,-1,616.597,209.624,425.352,208.197,0.999,-1,-1,-1
38,-1,820.392,80.469,195.282,105.902,0.942,-1,-1,-1
39,-1,338.912,99.653,165.849,98.012,0.874,-1,-1,-1
39,-1,589.369,205.878,414.239,201.559,0.999,-1,-1,-1
39,-1,820.246,80.493,195.108,106.145,0.949,-1,-1,-1
40,-1,338.348,99.882,165.393,97.392,0.884,-1,-1,-1
40,-1,564.372,204.534,403.129,193.395,0.999,-1,-1,-1
40,-1,821.332,80.592,193.640,106.052,0.949,-1,-1,-1
41,-1,540.277,201.961,394.352,190.621,0.999,-1,-1,-1
41,-1,337.850,99.393,165.810,98.031,0.900,-1,-1,-1
41,-1,820.712,79.842,196.194,107.003,0.928,-1,-1,-1
42,-1,514.935,199.309,386.248,186.834,0.999,-1,-1,-1
42,-1,337.625,99.491,165.522,97.803,0.897,-1,-1,-1
42,-1,819.768,79.831,197.286,106.691,0.924,-1,-1,-1
43,-1,491.392,197.536,374.135,182.395,0.997,-1,-1,-1
43,-1,337.728,99.752,164.580,97.448,0.892,-1,-1,-1
43,-1,820.873,79.638,196.363,106.855,0.912,-1,-1,-1
44,-1,466.886,194.528,365.835,177.474,0.999,-1,-1,-1
44,-1,337.444,100.010,164.406,97.365,0.881,-1,-1,-1
44,-1,819.707,79.471,197.128,106.453,0.896,-1,-1,-1
45,-1,444.274,193.227,352.243,174.662,0.999,-1,-1,-1
45,-1,815.459,80.542,205.912,107.384,0.901,-1,-1,-1
45,-1,337.274,100.910,165.624,97.051,0.895,-1,-1,-1
46,-1,417.520,188.474,349.040,174.544,0.999,-1,-1,-1
46,-1,814.395,80.368,207.178,107.800,0.916,-1,-1,-1
46,-1,336.736,100.820,166.216,97.011,0.892,-1,-1,-1
47,-1,397.025,187.115,336.530,171.906,0.999,-1,-1,-1
47,-1,814.713,80.281,206.625,107.780,0.927,-1,-1,-1
47,-1,336.250,100.904,166.730,96.847,0.889,-1,-1,-1
48,-1,816.241,79.703,204.788,107.282,0.944,-1,-1,-1
48,-1,372.561,186.254,325.520,164.092,0.999,-1,-1,-1
48,-1,336.685,101.033,167.405,96.585,0.828,-1,-1,-1
49,-1,1696.738,122.853,127.157,112.503,0.592,-1,-1,-1
49,-1,814.912,80.248,205.597,108.331,0.942,-1,-1,-1
49,-1,359.927,180.726,305.547,162.913,0.999,-1,-1,-1
49,-1,336.442,100.672,167.697,97.485,0.828,-1,-1,-1
50,-1,1696.612,122.718,127.504,112.594,0.623,-1,-1,-1
50,-1,814.495,79.486,206.513,109.136,0.944,-1,-1,-1
50,-1,341.425,181.452,298.666,157.019,0.999,-1,-1,-1
50,-1,334.923,101.024,170.773,97.706,0.741,-1,-1,-1
51,-1,1697.258,123.260,128.208,112.962,0.731,-1,-1,-1
51,-1,816.396,80.800,202.210,106.794,0.933,-1,-1,-1
51,-1,326.639,179.097,286.796,153.675,0.999,-1,-1,-1
51,-1,336.686,101.933,169.293,98.298,0.629,-1,-1,-1
52,-1,1697.236,123.185,128.474,113.024,0.737,-1,-1,-1
52,-1,815.557,80.509,203.097,106.936,0.938,-1,-1,-1
52,-1,308.188,174.197,278.306,155.427,0.999,-1,-1,-1
52,-1,338.272,102.334,168.408,99.224,0.620,-1,-1,-1
53,-1,1697.336,123.275,128.525,112.851,0.753,-1,-1,-1
53,-1,815.876,80.932,202.464,106.405,0.937,-1,-1,-1
53,-1,290.843,176.537,265.584,146.934,0.999,-1,-1,-1
54,-1,1697.236,123.453,128.716,112.596,0.772,-1,-1,-1
54,-1,815.772,80.570,202.681,106.627,0.938,-1,-1,-1
54,-1,275.180,173.523,255.892,147.068,0.998,-1,-1,-1
55,-1,1697.200,123.499,128.824,112.360,0.762,-1,-1,-1
55,-1,815.853,80.629,202.826,106.344,0.937,-1,-1,-1
55,-1,253.905,173.434,252.253,143.293,0.998,-1,-1,-1
56,-1,1696.925,123.757,128.699,111.910,0.779,-1,-1,-1
56,-1,814.798,79.938,205.411,106.521,0.935,-1,-1,-1
56,-1,237.225,172.644,248.347,141.154,0.998,-1,-1,-1
57,-1,1696.699,123.853,129.105,111.799,0.801,-1,-1,-1
57,-1,814.362,79.870,205.952,106.459,0.939,-1,-1,-1
57,-1,223.431,170.253,242.269,140.019,0.997,-1,-1,-1
58,-1,1696.539,123.924,128.947,111.867,0.803,-1,-1,-1
58,-1,814.919,80.173,205.157,106.405,0.935,-1,-1,-1
58,-1,208.350,168.619,234.054,137.387,0.998,-1,-1,-1
58,-1,338.164,100.731,168.440,97.642,0.631,-1,-1,-1
59,-1,1696.471,123.868,128.876,111.901,0.794,-1,-1,-1
59,-1,815.598,80.222,204.099,106.229,0.934,-1,-1,-1
59,-1,193.679,169.543,227.262,134.524,0.997,-1,-1,-1
59,-1,335.472,101.304,170.047,97.501,0.788,-1,-1,-1
60,-1,1696.366,123.861,128.944,111.876,0.793,-1,-1,-1
60,-1,814.777,80.436,204.015,106.127,0.950,-1,-1,-1
60,-1,180.394,169.135,219.072,132.025,0.997,-1,-1,-1
60,-1,333.586,100.917,172.139,97.971,0.850,-1,-1,-1
61,-1,1696.132,124.594,127.453,110.779,0.617,-1,-1,-1
61,-1,815.181,80.100,204.053,105.962,0.951,-1,-1,-1
61,-1,167.311,169.289,210.554,128.414,0.996,-1,-1,-1
61,-1,337.298,100.915,170.866,96.971,0.876,-1,-1,-1
62,-1,1696.067,124.590,127.464,110.809,0.615,-1,-1,-1
62,-1,333.479,101.440,170.376,97.523,0.664,-1,-1,-1
62,-1,814.953,79.870,204.338,106.133,0.954,-1,-1,-1
62,-1,154.479,167.056,207.749,128.004,0.994,-1,-1,-1
62,-1,337.148,100.733,171.859,96.985,0.641,-1,-1,-1
63,-1,1695.960,124.602,127.771,110.720,0.632,-1,-1,-1
63,-1,335.920,100.811,169.180,97.435,0.860,-1,-1,-1
63,-1,814.630,79.834,204.523,106.044,0.955,-1,-1,-1
63,-1,143.413,164.133,202.925,127.994,0.992,-1,-1,-1
64,-1,1695.870,124.569,128.031,110.521,0.576,-1,-1,-1
64,-1,336.275,100.466,170.016,97.693,0.897,-1,-1,-1
64,-1,814.596,79.891,204.626,106.013,0.955,-1,-1,-1
64,-1,131.075,164.990,200.418,126.038,0.996,-1,-1,-1
65,-1,1695.490,124.758,128.364,110.384,0.580,-1,-1,-1
65,-1,335.695,100.470,170.426,97.728,0.917,-1,-1,-1
65,-1,814.130,80.097,204.862,106.033,0.954,-1,-1,-1
65,-1,118.770,164.863,196.374,124.586,0.995,-1,-1,-1
66,-1,1695.862,124.538,128.144,110.529,0.539,-1,-1,-1
66,-1,335.670,100.406,169.911,97.869,0.924,-1,-1,-1
66,-1,814.191,80.100,204.562,106.030,0.954,-1,-1,-1
66,-1,108.337,163.565,189.819,122.248,0.995,-1,-1,-1
67,-1,1695.790,124.627,128.376,110.445,0.566,-1,-1,-1
67,-1,333.068,99.977,172.161,98.318,0.938,-1,-1,-1
67,-1,814.385,80.391,204.008,105.667,0.960,-1,-1,-1
67,-1,97.301,162.958,185.885,122.631,0.992,-1,-1,-1
68,-1,1695.740,124.420,129.139,110.651,0.608,-1,-1,-1
68,-1,333.150,100.063,171.644,97.236,0.933,-1,-1,-1
68,-1,814.186,80.476,204.466,105.609,0.957,-1,-1,-1
68,-1,84.025,163.711,183.710,119.016,0.993,-1,-1,-1
69,-1,1695.719,124.490,129.240,110.569,0.613,-1,-1,-1
69,-1,333.145,100.182,171.275,97.039,0.933,-1,-1,-1
69,-1,813.881,80.350,204.409,105.699,0.954,-1,-1,-1
69,-1,76.052,161.764,177.749,119.552,0.993,-1,-1,-1
70,-1,1695.708,124.695,129.371,110.341,0.632,-1,-1,-1
70,-1,333.639,100.134,170.870,96.905,0.941,-1,-1,-1
70,-1,813.857,80.495,204.696,105.414,0.952,-1,-1,-1
70,-1,65.692,162.874,173.964,114.797,0.989,-1,-1,-1
71,-1,1695.503,125.778,129.176,109.249,0.729,-1,-1,-1
71,-1,335.713,100.753,169.372,96.445,0.937,-1,-1,-1
71,-1,813.643,80.000,204.198,105.581,0.952,-1,-1,-1
71,-1,56.989,161.591,172.935,117.048,0.988,-1,-1,-1
72,-1,1695.622,125.850,129.151,109.227,0.756,-1,-1,-1
72,-1,335.826,100.631,169.295,96.665,0.938,-1,-1,-1
72,-1,813.602,79.869,204.414,105.684,0.955,-1,-1,-1
72,-1,48.603,159.639,168.322,117.795,0.982,-1,-1,-1
73,-1,1695.798,126.854,127.785,108.614,0.774,-1,-1,-1
73,-1,336.965,100.522,168.025,97.587,0.912,-1,-1,-1
73,-1,814.196,81.186,203.466,104.468,0.937,-1,-1,-1
73,-1,39.615,159.204,161.373,114.599,0.961,-1,-1,-1
74,-1,1695.745,126.838,127.799,108.691,0.746,-1,-1,-1
74,-1,337.371,100.493,167.841,97.569,0.910,-1,-1,-1
74,-1,814.240,81.434,203.213,104.138,0.946,-1,-1,-1
74,-1,31.698,158.971,158.476,113.370,0.959,-1,-1,-1
75,-1,1695.805,126.852,127.740,108.793,0.764,-1,-1,-1
75,-1,337.475,100.357,167.902,97.746,0.909,-1,-1,-1
75,-1,814.118,81.097,203.731,104.390,0.947,-1,-1,-1
75,-1,26.711,156.697,153.492,114.111,0.906,-1,-1,-1
76,-1,1695.768,126.866,128.011,108.780,0.752,-1,-1,-1
76,-1,336.624,100.352,168.468,97.648,0.914,-1,-1,-1
76,-1,814.011,80.853,204.144,104.594,0.946,-1,-1,-1
76,-1,19.275,156.678,145.325,112.363,0.926,-1,-1,-1
77,-1,1695.896,126.981,127.618,108.888,0.734,-1,-1,-1
77,-1,336.287,100.415,168.583,97.673,0.919,-1,-1,-1
77,-1,814.742,80.857,202.208,104.539,0.957,-1,-1,-1
77,-1,11.650,157.104,141.733,110.217,0.909,-1,-1,-1
78,-1,1695.984,126.643,127.920,109.611,0.830,-1,-1,-1
78,-1,336.380,100.103,168.754,97.982,0.910,-1,-1,-1
78,-1,814.745,80.532,202.329,104.750,0.956,-1,-1,-1
79,-1,1695.948,126.710,127.904,109.645,0.837,-1,-1,-1
79,-1,336.500,99.959,168.750,98.040,0.912,-1,-1,-1
79,-1,814.561,80.575,202.561,104.558,0.963,-1,-1,-1
80,-1,1696.061,126.667,127.479,109.753,0.835,-1,-1,-1
80,-1,336.878,100.014,168.189,98.022,0.913,-1,-1,-1
80,-1,815.219,80.538,201.811,104.553,0.959,-1,-1,-1
81,-1,1695.935,125.999,129.194,109.843,0.848,-1,-1,-1
81,-1,335.339,100.434,169.824,97.208,0.932,-1,-1,-1
81,-1,813.884,79.756,203.870,105.339,0.974,-1,-1,-1
81,-1,1.437,155.489,105.290,109.199,0.623,-1,-1,-1
82,-1,1696.090,125.934,129.029,109.939,0.850,-1,-1,-1
82,-1,335.625,100.229,169.868,97.444,0.926,-1,-1,-1
82,-1,813.839,79.463,203.892,105.557,0.977,-1,-1,-1
83,-1,1696.097,125.838,128.788,110.044,0.846,-1,-1,-1
83,-1,335.797,100.178,169.802,97.591,0.923,-1,-1,-1
83,-1,813.903,79.307,204.336,105.750,0.974,-1,-1,-1
84,-1,1696.331,125.659,128.683,110.000,0.844,-1,-1,-1
84,-1,335.974,100.118,169.711,97.564,0.921,-1,-1,-1
84,-1,813.853,79.272,204.522,105.771,0.976,-1,-1,-1
85,-1,1696.759,125.862,127.713,110.596,0.797,-1,-1,-1
85,-1,336.653,99.838,168.914,98.198,0.921,-1,-1,-1
85,-1,815.104,79.366,202.905,106.148,0.975,-1,-1,-1
86,-1,1696.798,125.780,127.880,110.668,0.818,-1,-1,-1
86,-1,336.586,99.814,169.086,98.149,0.919,-1,-1,-1
86,-1,815.068,79.299,203.131,106.167,0.976,-1,-1,-1
87,-1,1696.731,125.726,128.178,110.671,0.834,-1,-1,-1
87,-1,336.468,99.797,169.401,98.103,0.923,-1,-1,-1
87,-1,815.110,79.336,203.223,106.006,0.976,-1,-1,-1
88,-1,1696.752,125.617,128.202,110.816,0.842,-1,-1,-1
88,-1,336.730,99.928,169.109,98.030,0.923,-1,-1,-1
88,-1,815.227,79.448,203.249,105.838,0.974,-1,-1,-1
89,-1,1696.847,125.644,128.410,110.832,0.845,-1,-1,-1
89,-1,336.844,99.928,168.999,98.102,0.922,-1,-1,-1
89,-1,815.288,79.408,203.185,105.914,0.973,-1,-1,-1
90,-1,1696.715,125.576,128.579,110.902,0.863,-1,-1,-1
90,-1,336.733,99.804,169.416,98.327,0.929,-1,-1,-1
90,-1,815.228,79.346,203.378,105.989,0.974,-1,-1,-1
91,-1,1696.789,126.290,127.495,109.667,0.829,-1,-1,-1
91,-1,335.284,99.970,170.166,97.915,0.929,-1,-1,-1
91,-1,815.626,79.602,203.555,105.157,0.971,-1,-1,-1
92,-1,1696.896,126.162,127.443,109.740,0.839,-1,-1,-1
92,-1,335.459,99.903,170.097,97.946,0.930,-1,-1,-1
92,-1,815.779,79.561,203.217,105.161,0.971,-1,-1,-1
93,-1,1696.823,126.062,127.566,109.920,0.841,-1,-1,-1
93,-1,335.516,99.835,169.923,97.982,0.924,-1,-1,-1
93,-1,815.525,79.477,203.648,105.344,0.971,-1,-1,-1
94,-1,1696.674,126.122,127.545,109.836,0.849,-1,-1,-1
94,-1,335.424,99.889,169.992,97.847,0.921,-1,-1,-1
94,-1,815.825,79.654,203.651,105.285,0.968,-1,-1,-1
95,-1,1696.794,126.006,127.576,109.932,0.851,-1,-1,-1
95,-1,335.611,99.839,169.886,97.805,0.923,-1,-1,-1
95,-1,815.714,79.458,204.128,105.533,0.967,-1,-1,-1
96,-1,1696.832,126.128,127.321,109.758,0.844,-1,-1,-1
96,-1,335.612,99.897,169.923,97.814,0.920,-1,-1,-1
96,-1,815.649,79.305,204.294,105.690,0.965,-1,-1,-1
97,-1,1697.147,126.452,126.469,109.675,0.828,-1,-1,-1
97,-1,336.687,99.493,168.982,98.033,0.922,-1,-1,-1
97,-1,816.285,79.062,205.363,106.736,0.961,-1,-1,-1
98,-1,1697.150,126.555,126.287,109.416,0.824,-1,-1,-1
98,-1,336.982,99.548,168.710,97.994,0.922,-1,-1,-1
98,-1,816.272,79.093,205.445,106.643,0.962,-1,-1,-1
99,-1,1697.297,126.284,126.388,109.101,0.830,-1,-1,-1
99,-1,337.164,99.299,168.457,98.599,0.923,-1,-1,-1
99,-1,816.539,78.890,204.771,106.798,0.963,-1,-1,-1
100,-1,1697.116,126.156,126.634,109.247,0.845,-1,-1,-1
100,-1,336.856,99.394,168.595,98.132,0.919,-1,-1,-1
100,-1,816.377,78.810,205.159,107.039,0.961,-1,-1,-1
101,-1,1696.949,125.185,128.835,109.722,0.859,-1,-1,-1
101,-1,338.411,99.692,167.462,97.623,0.911,-1,-1,-1
101,-1,817.075,79.378,201.414,105.859,0.974,-1,-1,-1
102,-1,1697.022,125.316,128.592,109.490,0.860,-1,-1,-1
102,-1,338.346,99.732,167.461,97.867,0.906,-1,-1,-1
102,-1,816.810,79.400,201.677,105.790,0.975,-1,-1,-1
103,-1,1697.009,125.225,128.357,109.338,0.869,-1,-1,-1
103,-1,337.965,99.688,167.999,97.857,0.918,-1,-1,-1
103,-1,816.747,79.454,201.431,105.726,0.974,-1,-1,-1
104,-1,1697.054,125.116,128.148,109.201,0.860,-1,-1,-1
104,-1,338.050,99.676,167.832,97.830,0.915,-1,-1,-1
104,-1,816.891,79.650,201.352,105.611,0.972,-1,-1,-1
105,-1,1697.091,125.079,128.172,109.335,0.873,-1,-1,-1
105,-1,338.178,99.581,167.754,97.929,0.911,-1,-1,-1
105,-1,816.724,79.485,201.511,105.730,0.972,-1,-1,-1
106,-1,1697.131,125.385,127.779,108.909,0.863,-1,-1,-1
106,-1,338.785,99.836,167.085,97.449,0.899,-1,-1,-1
106,-1,816.595,79.847,202.219,105.396,0.969,-1,-1,-1
107,-1,1696.973,125.483,127.862,108.995,0.869,-1,-1,-1
107,-1,338.868,99.865,167.072,97.416,0.896,-1,-1,-1
107,-1,816.568,79.670,202.435,105.452,0.969,-1,-1,-1
108,-1,1696.768,125.455,127.985,109.065,0.872,-1,-1,-1
108,-1,338.669,99.791,167.258,97.558,0.890,-1,-1,-1
108,-1,816.607,79.325,201.889,105.557,0.972,-1,-1,-1
109,-1,1696.270,125.760,127.210,108.801,0.871,-1,-1,-1
109,-1,340.143,99.406,166.407,97.978,0.904,-1,-1,-1
109,-1,816.499,80.398,201.085,104.655,0.969,-1,-1,-1
110,-1,1696.255,125.619,127.477,108.988,0.874,-1,-1,-1
110,-1,340.052,99.349,166.561,98.044,0.903,-1,-1,-1
110,-1,816.397,80.338,201.305,104.754,0.970,-1,-1,-1
111,-1,1695.371,125.773,127.530,108.842,0.850,-1,-1,-1
111,-1,337.004,99.158,168.967,98.324,0.930,-1,-1,-1
111,-1,815.347,79.665,202.941,105.913,0.972,-1,-1,-1
112,-1,1695.295,125.642,127.639,108.838,0.855,-1,-1,-1
112,-1,337.537,99.606,168.671,97.656,0.929,-1,-1,-1
112,-1,815.417,79.748,202.819,105.730,0.972,-1,-1,-1
113,-1,1695.107,125.717,127.592,108.811,0.855,-1,-1,-1
113,-1,336.853,99.511,168.606,97.986,0.933,-1,-1,-1
113,-1,815.508,79.775,202.807,105.793,0.971,-1,-1,-1
114,-1,1694.773,125.708,127.959,108.635,0.844,-1,-1,-1
114,-1,335.626,99.085,169.569,98.599,0.931,-1,-1,-1
114,-1,815.467,79.765,202.827,105.908,0.973,-1,-1,-1
115,-1,1695.099,125.719,127.803,108.603,0.833,-1,-1,-1
115,-1,335.358,99.179,170.068,98.761,0.935,-1,-1,-1
115,-1,815.277,79.553,203.812,106.081,0.970,-1,-1,-1
116,-1,1694.991,125.955,127.603,108.310,0.820,-1,-1,-1
116,-1,335.468,99.197,169.917,98.404,0.936,-1,-1,-1
116,-1,815.211,79.800,203.955,105.728,0.965,-1,-1,-1
117,-1,1694.391,125.920,127.826,108.125,0.797,-1,-1,-1
117,-1,334.365,99.231,170.633,98.243,0.934,-1,-1,-1
117,-1,814.988,79.951,204.016,105.734,0.960,-1,-1,-1
117,-1,1.443,186.392,81.815,132.688,0.694,-1,-1,-1
118,-1,1694.278,125.972,128.053,107.639,0.799,-1,-1,-1
118,-1,333.514,99.520,171.721,98.116,0.933,-1,-1,-1
118,-1,814.773,80.248,203.348,105.486,0.966,-1,-1,-1
118,-1,1.622,186.436,93.224,136.178,0.769,-1,-1,-1
119,-1,1693.579,125.671,128.847,107.711,0.815,-1,-1,-1
119,-1,334.085,99.446,171.237,98.148,0.933,-1,-1,-1
119,-1,814.698,80.392,203.636,105.203,0.966,-1,-1,-1
119,-1,1.760,187.393,99.068,137.973,0.812,-1,-1,-1
120,-1,1693.671,125.465,128.796,107.627,0.797,-1,-1,-1
120,-1,334.121,99.077,170.698,98.896,0.920,-1,-1,-1
120,-1,815.238,79.529,203.824,106.349,0.956,-1,-1,-1
120,-1,2.153,188.702,111.742,139.729,0.930,-1,-1,-1
121,-1,1694.657,125.005,127.701,108.439,0.756,-1,-1,-1
121,-1,335.507,99.619,169.282,97.625,0.911,-1,-1,-1
121,-1,817.197,80.713,199.909,104.952,0.957,-1,-1,-1
121,-1,2.224,188.019,119.345,141.976,0.957,-1,-1,-1
122,-1,1694.286,124.990,128.423,108.264,0.735,-1,-1,-1
122,-1,335.329,99.691,169.488,97.603,0.913,-1,-1,-1
122,-1,817.120,80.764,200.176,104.838,0.957,-1,-1,-1
122,-1,2.378,188.385,132.889,142.211,0.965,-1,-1,-1
123,-1,1694.262,125.266,128.282,108.306,0.640,-1,-1,-1
123,-1,335.522,99.684,168.968,97.670,0.914,-1,-1,-1
123,-1,817.261,80.452,200.294,105.382,0.955,-1,-1,-1
123,-1,2.553,189.166,142.735,141.541,0.974,-1,-1,-1
124,-1,1694.508,124.862,128.308,108.235,0.691,-1,-1,-1
124,-1,335.659,99.671,168.833,97.656,0.913,-1,-1,-1
124,-1,817.446,80.113,200.297,105.641,0.951,-1,-1,-1
124,-1,2.836,188.917,153.789,142.664,0.983,-1,-1,-1
125,-1,1694.267,124.069,128.823,108.603,0.724,-1,-1,-1
125,-1,335.755,100.040,168.603,97.438,0.911,-1,-1,-1
125,-1,817.388,80.092,199.931,105.715,0.950,-1,-1,-1
125,-1,2.893,190.358,160.743,144.640,0.991,-1,-1,-1
126,-1,1694.217,123.946,128.868,108.245,0.704,-1,-1,-1
126,-1,335.448,99.619,169.424,97.795,0.895,-1,-1,-1
126,-1,815.980,79.569,202.809,106.252,0.959,-1,-1,-1
126,-1,2.957,192.619,171.467,145.837,0.989,-1,-1,-1
127,-1,1694.472,123.767,128.314,107.920,0.684,-1,-1,-1
127,-1,335.689,99.727,169.076,97.873,0.891,-1,-1,-1
127,-1,815.991,79.340,203.064,106.606,0.961,-1,-1,-1
127,-1,3.005,194.298,179.359,148.016,0.989,-1,-1,-1
128,-1,1694.551,123.740,128.317,107.589,0.721,-1,-1,-1
128,-1,335.116,99.890,169.353,97.394,0.913,-1,-1,-1
128,-1,816.036,79.546,202.427,106.583,0.958,-1,-1,-1
128,-1,3.761,194.484,190.465,149.520,0.990,-1,-1,-1
129,-1,1694.553,123.706,128.135,106.864,0.701,-1,-1,-1
129,-1,335.026,99.972,169.398,97.351,0.917,-1,-1,-1
129,-1,816.256,79.765,202.243,106.440,0.958,-1,-1,-1
129,-1,6.613,194.565,196.464,150.837,0.992,-1,-1,-1
130,-1,1694.195,123.779,127.255,106.127,0.658,-1,-1,-1
130,-1,334.725,100.048,169.639,97.474,0.921,-1,-1,-1
130,-1,816.203,79.438,203.000,106.574,0.958,-1,-1,-1
130,-1,6.290,195.297,206.131,152.972,0.994,-1,-1,-1
131,-1,1693.897,124.014,128.532,106.348,0.693,-1,-1,-1
131,-1,335.462,100.289,169.855,97.466,0.935,-1,-1,-1
131,-1,815.690,80.817,202.589,104.932,0.965,-1,-1,-1
131,-1,14.018,197.420,210.910,154.495,0.995,-1,-1,-1
132,-1,1693.984,123.594,128.119,106.162,0.683,-1,-1,-1
132,-1,335.455,100.291,169.866,97.450,0.935,-1,-1,-1
132,-1,815.638,80.834,202.790,105.026,0.962,-1,-1,-1
132,-1,27.209,198.909,208.039,153.510,0.997,-1,-1,-1
133,-1,1693.836,123.526,127.907,106.462,0.737,-1,-1,-1
133,-1,335.385,100.595,170.032,97.444,0.933,-1,-1,-1
133,-1,816.562,81.843,201.151,104.379,0.959,-1,-1,-1
133,-1,28.257,199.161,218.057,157.112,0.997,-1,-1,-1
134,-1,1694.384,123.354,127.432,106.216,0.687,-1,-1,-1
134,-1,335.660,100.598,169.901,97.439,0.930,-1,-1,-1
134,-1,816.309,81.691,201.483,104.414,0.960,-1,-1,-1
134,-1,27.873,199.508,224.217,159.119,0.997,-1,-1,-1
135,-1,1694.381,123.157,127.579,106.370,0.648,-1,-1,-1
135,-1,335.446,100.741,170.016,97.271,0.932,-1,-1,-1
135,-1,816.250,81.663,201.540,104.498,0.959,-1,-1,-1
135,-1,33.033,200.966,227.440,158.522,0.998,-1,-1,-1
136,-1,1694.631,122.899,127.577,106.528,0.672,-1,-1,-1
136,-1,335.321,101.005,169.976,97.365,0.909,-1,-1,-1
136,-1,816.492,81.291,202.450,104.891,0.948,-1,-1,-1
136,-1,42.017,201.080,230.209,162.002,0.998,-1,-1,-1
137,-1,1694.710,122.758,126.898,106.111,0.666,-1,-1,-1
137,-1,335.901,100.981,169.394,97.212,0.900,-1,-1,-1
137,-1,816.681,81.576,202.065,104.507,0.944,-1,-1,-1
137,-1,47.511,201.139,233.359,162.412,0.970,-1,-1,-1
137,-1,46.327,201.523,233.708,161.931,0.930,-1,-1,-1
138,-1,1694.652,122.482,127.300,106.583,0.638,-1,-1,-1
138,-1,336.299,101.139,168.699,96.890,0.900,-1,-1,-1
138,-1,817.292,81.430,201.560,104.708,0.943,-1,-1,-1
138,-1,50.009,200.492,238.880,164.948,0.998,-1,-1,-1
139,-1,1694.583,122.824,127.809,107.015,0.697,-1,-1,-1
139,-1,336.459,101.210,168.889,96.764,0.903,-1,-1,-1
139,-1,817.466,81.449,201.576,104.711,0.948,-1,-1,-1
139,-1,57.251,200.231,235.877,167.025,0.998,-1,-1,-1
140,-1,1694.780,122.822,128.069,107.472,0.793,-1,-1,-1
140,-1,336.447,101.175,169.138,96.897,0.892,-1,-1,-1
140,-1,816.815,81.550,203.160,104.872,0.947,-1,-1,-1
140,-1,60.858,201.566,241.413,166.866,0.998,-1,-1,-1
141,-1,1694.646,121.829,128.453,107.522,0.725,-1,-1,-1
141,-1,335.141,101.309,169.707,96.346,0.901,-1,-1,-1
141,-1,815.705,80.050,203.000,105.672,0.959,-1,-1,-1
141,-1,64.061,202.243,246.845,166.745,0.998,-1,-1,-1
142,-1,1694.420,122.035,128.540,107.968,0.706,-1,-1,-1
142,-1,335.406,101.270,169.458,96.458,0.898,-1,-1,-1
142,-1,815.341,79.889,203.353,105.877,0.958,-1,-1,-1
142,-1,69.407,202.178,250.040,168.699,0.997,-1,-1,-1
143,-1,1694.226,122.211,128.538,108.240,0.683,-1,-1,-1
143,-1,335.453,101.687,169.451,96.402,0.904,-1,-1,-1
143,-1,814.912,79.336,204.217,106.647,0.957,-1,-1,-1
143,-1,73.223,203.394,251.914,170.567,0.998,-1,-1,-1
144,-1,1694.042,122.595,128.586,108.476,0.668,-1,-1,-1
144,-1,335.659,101.697,169.346,96.424,0.895,-1,-1,-1
144,-1,815.053,79.005,204.468,106.877,0.952,-1,-1,-1
144,-1,77.568,204.660,254.717,170.686,0.998,-1,-1,-1
145,-1,1694.091,122.228,127.878,108.780,0.689,-1,-1,-1
145,-1,336.011,100.708,168.671,97.207,0.897,-1,-1,-1
145,-1,815.503,79.471,202.760,106.424,0.961,-1,-1,-1
145,-1,78.716,204.942,259.905,171.471,0.997,-1,-1,-1
146,-1,1694.124,122.336,128.050,108.976,0.676,-1,-1,-1
146,-1,335.795,100.685,168.760,97.543,0.895,-1,-1,-1
146,-1,815.358,79.351,202.959,106.608,0.961,-1,-1,-1
146,-1,83.950,205.366,262.401,174.082,0.997,-1,-1,-1
147,-1,1694.139,122.613,128.259,109.223,0.677,-1,-1,-1
147,-1,335.829,100.248,168.430,97.423,0.883,-1,-1,-1
147,-1,815.455,79.087,203.390,106.896,0.957,-1,-1,-1
147,-1,89.237,205.031,265.296,176.787,0.997,-1,-1,-1
147,-1,1495.563,114.893,126.371,91.818,0.538,-1,-1,-1
148,-1,1693.528,123.350,127.578,108.803,0.600,-1,-1,-1
148,-1,336.511,100.592,167.709,97.142,0.885,-1,-1,-1
148,-1,815.209,79.243,203.347,106.882,0.957,-1,-1,-1
148,-1,94.160,204.951,268.025,178.694,0.998,-1,-1,-1
148,-1,1488.970,116.608,126.627,91.695,0.594,-1,-1,-1
149,-1,1693.132,123.449,128.056,109.177,0.538,-1,-1,-1
149,-1,336.410,100.641,167.589,97.167,0.880,-1,-1,-1
149,-1,815.232,79.302,203.049,106.892,0.956,-1,-1,-1
149,-1,97.377,205.830,271.438,180.389,0.998,-1,-1,-1
149,-1,1481.282,118.284,128.622,92.323,0.531,-1,-1,-1
150,-1,1693.186,123.379,127.700,109.395,0.547,-1,-1,-1
150,-1,336.533,100.325,167.343,97.365,0.883,-1,-1,-1
150,-1,815.503,79.619,201.688,106.623,0.954,-1,-1,-1
150,-1,99.578,206.630,278.310,182.035,0.998,-1,-1,-1
150,-1,1475.802,119.669,129.134,91.685,0.726,-1,-1,-1
151,-1,1692.975,124.115,128.189,109.264,0.593,-1,-1,-1
151,-1,336.087,100.536,168.410,98.090,0.862,-1,-1,-1
151,-1,814.302,79.242,205.281,106.573,0.968,-1,-1,-1
151,-1,104.723,205.994,283.342,187.580,0.998,-1,-1,-1
151,-1,1467.785,121.543,131.941,91.517,0.780,-1,-1,-1
152,-1,1692.859,124.212,128.258,109.488,0.613,-1,-1,-1
152,-1,335.636,100.463,168.610,98.307,0.860,-1,-1,-1
152,-1,814.278,79.223,206.209,106.709,0.967,-1,-1,-1
152,-1,112.257,206.137,284.868,190.006,0.998,-1,-1,-1
152,-1,1462.642,122.279,131.672,92.650,0.853,-1,-1,-1
153,-1,1693.169,124.896,126.943,108.778,0.590,-1,-1,-1
153,-1,335.217,100.430,168.541,98.217,0.861,-1,-1,-1
153,-1,814.045,79.729,205.899,106.135,0.963,-1,-1,-1
153,-1,118.589,205.635,289.135,193.321,0.998,-1,-1,-1
153,-1,1455.151,122.574,131.177,93.081,0.923,-1,-1,-1
154,-1,1693.598,125.146,127.763,109.188,0.705,-1,-1,-1
154,-1,335.262,100.549,167.689,97.892,0.862,-1,-1,-1
154,-1,815.289,80.055,204.142,106.258,0.954,-1,-1,-1
154,-1,127.273,206.604,289.955,194.180,0.999,-1,-1,-1
154,-1,1447.148,124.407,132.786,93.758,0.911,-1,-1,-1
155,-1,1693.619,125.426,127.224,109.755,0.685,-1,-1,-1
155,-1,335.194,100.876,167.689,97.262,0.850,-1,-1,-1
155,-1,815.631,80.535,203.889,105.516,0.951,-1,-1,-1
155,-1,133.621,208.656,298.530,196.370,0.999,-1,-1,-1
155,-1,1437.325,126.009,135.395,94.481,0.921,-1,-1,-1
156,-1,1693.578,125.484,127.238,109.930,0.647,-1,-1,-1
156,-1,335.639,100.743,167.068,97.278,0.855,-1,-1,-1
156,-1,815.163,80.138,205.388,106.379,0.949,-1,-1,-1
156,-1,137.598,208.526,308.088,198.656,0.999,-1,-1,-1
156,-1,1427.703,126.566,134.612,94.817,0.908,-1,-1,-1
157,-1,1693.361,125.660,127.690,108.802,0.600,-1,-1,-1
157,-1,335.254,100.891,167.838,97.093,0.893,-1,-1,-1
157,-1,816.443,79.860,203.818,105.816,0.950,-1,-1,-1
157,-1,147.687,210.983,312.008,201.015,0.999,-1,-1,-1
157,-1,1418.857,128.806,137.511,93.933,0.951,-1,-1,-1
158,-1,1693.611,125.837,127.614,109.105,0.596,-1,-1,-1
158,-1,334.913,101.290,168.147,96.908,0.891,-1,-1,-1
158,-1,816.643,79.877,203.287,105.791,0.955,-1,-1,-1
158,-1,160.517,211.955,314.197,203.581,0.999,-1,-1,-1
158,-1,1411.268,129.851,138.490,95.640,0.956,-1,-1,-1
159,-1,1693.676,125.815,127.836,109.358,0.568,-1,-1,-1
159,-1,334.826,100.613,167.329,97.324,0.865,-1,-1,-1
159,-1,815.940,80.220,204.359,105.936,0.951,-1,-1,-1
159,-1,168.406,213.338,325.966,207.319,0.999,-1,-1,-1
159,-1,1400.979,131.505,139.873,95.720,0.967,-1,-1,-1
160,-1,334.495,100.911,167.761,97.467,0.855,-1,-1,-1
160,-1,816.748,80.131,203.274,106.278,0.956,-1,-1,-1
160,-1,177.444,215.462,338.058,207.545,0.999,-1,-1,-1
160,-1,1391.293,132.094,142.531,96.804,0.954,-1,-1,-1
161,-1,334.392,100.632,169.194,97.485,0.839,-1,-1,-1
161,-1,815.505,80.109,204.345,105.935,0.950,-1,-1,-1
161,-1,189.357,215.292,346.377,212.416,0.999,-1,-1,-1
161,-1,1379.492,133.368,146.726,100.084,0.972,-1,-1,-1
162,-1,333.431,100.404,170.290,97.750,0.863,-1,-1,-1
162,-1,815.745,80.333,204.382,106.200,0.948,-1,-1,-1
162,-1,203.048,219.428,357.073,214.582,0.999,-1,-1,-1
162,-1,1370.688,133.626,146.532,100.414,0.974,-1,-1,-1
163,-1,333.085,100.497,170.742,97.880,0.854,-1,-1,-1
163,-1,815.477,80.257,204.960,106.484,0.954,-1,-1,-1
163,-1,215.326,221.905,371.255,220.413,0.999,-1,-1,-1
163,-1,1361.681,134.123,149.479,104.844,0.982,-1,-1,-1
164,-1,334.112,100.536,169.397,97.800,0.863,-1,-1,-1
164,-1,815.700,80.132,204.577,106.586,0.957,-1,-1,-1
164,-1,233.603,225.929,383.354,223.262,0.999,-1,-1,-1
164,-1,1351.206,136.242,152.615,103.998,0.987,-1,-1,-1
165,-1,334.855,100.307,169.017,98.065,0.870,-1,-1,-1
165,-1,816.291,80.386,204.717,106.830,0.954,-1,-1,-1
165,-1,250.270,229.164,398.053,228.173,0.999,-1,-1,-1
165,-1,1341.138,138.600,152.733,103.383,0.986,-1,-1,-1
166,-1,336.050,100.347,167.010,98.160,0.861,-1,-1,-1
166,-1,816.264,80.224,204.531,107.415,0.948,-1,-1,-1
166,-1,265.949,231.211,415.273,235.972,0.999,-1,-1,-1
166,-1,1331.355,139.706,152.929,104.604,0.986,-1,-1,-1
167,-1,336.997,100.550,166.900,98.845,0.826,-1,-1,-1
167,-1,816.521,79.844,203.461,107.081,0.955,-1,-1,-1
167,-1,285.962,235.674,427.531,242.814,0.999,-1,-1,-1
167,-1,1323.362,141.380,153.512,104.053,0.985,-1,-1,-1
168,-1,337.501,99.991,165.908,98.711,0.847,-1,-1,-1
168,-1,816.213,79.180,204.547,108.125,0.954,-1,-1,-1
168,-1,309.484,239.265,443.937,248.530,0.999,-1,-1,-1
168,-1,1312.597,141.951,160.649,106.734,0.989,-1,-1,-1
169,-1,338.223,100.450,164.770,98.505,0.773,-1,-1,-1
169,-1,816.708,79.677,204.159,108.271,0.938,-1,-1,-1
169,-1,332.233,239.407,461.057,261.675,0.998,-1,-1,-1
169,-1,1303.923,143.838,160.565,106.694,0.992,-1,-1,-1
170,-1,338.470,100.064,165.021,98.496,0.730,-1,-1,-1
170,-1,817.396,79.318,202.343,108.045,0.950,-1,-1,-1
170,-1,357.380,243.853,482.650,267.406,0.998,-1,-1,-1
170,-1,1294.104,146.137,162.367,107.030,0.993,-1,-1,-1
171,-1,338.835,99.269,165.684,98.611,0.765,-1,-1,-1
171,-1,818.328,79.065,201.381,106.748,0.953,-1,-1,-1
171,-1,380.341,248.932,515.437,281.041,0.994,-1,-1,-1
171,-1,1285.304,147.115,161.487,109.614,0.994,-1,-1,-1
172,-1,819.535,78.638,195.334,106.897,0.833,-1,-1,-1
172,-1,339.172,99.021,165.099,98.635,0.748,-1,-1,-1
172,-1,820.159,78.834,200.872,107.817,0.533,-1,-1,-1
172,-1,407.429,255.607,534.289,295.649,0.994,-1,-1,-1
172,-1,1275.521,148.083,162.704,111.167,0.994,-1,-1,-1
173,-1,817.121,79.495,200.151,106.501,0.954,-1,-1,-1
173,-1,338.560,99.151,166.350,98.475,0.762,-1,-1,-1
173,-1,447.705,259.404,551.959,296.164,0.995,-1,-1,-1
173,-1,1265.763,148.287,165.839,112.128,0.996,-1,-1,-1
174,-1,818.272,79.579,198.495,106.741,0.950,-1,-1,-1
174,-1,338.172,99.032,167.413,98.880,0.773,-1,-1,-1
174,-1,481.377,268.160,588.510,320.635,0.993,-1,-1,-1
174,-1,1253.656,149.116,171.924,114.453,0.995,-1,-1,-1
175,-1,819.219,79.665,197.333,106.647,0.943,-1,-1,-1
175,-1,337.574,98.878,168.150,98.983,0.744,-1,-1,-1
175,-1,1241.050,150.978,175.674,117.571,0.994,-1,-1,-1
175,-1,517.318,275.392,618.396,324.252,0.994,-1,-1,-1
176,-1,818.907,79.566,198.283,106.616,0.932,-1,-1,-1
176,-1,337.509,99.047,168.377,98.508,0.692,-1,-1,-1
176,-1,1231.806,152.349,178.844,118.753,0.995,-1,-1,-1
176,-1,553.282,283.940,654.834,344.841,0.991,-1,-1,-1
177,-1,818.809,79.648,198.276,106.385,0.932,-1,-1,-1
177,-1,337.245,99.345,168.519,98.358,0.661,-1,-1,-1
177,-1,1220.106,152.732,184.695,122.375,0.994,-1,-1,-1
177,-1,605.670,291.350,680.678,332.168,0.995,-1,-1,-1
178,-1,819.107,79.667,197.499,107.007,0.922,-1,-1,-1
178,-1,335.914,99.236,169.174,98.748,0.658,-1,-1,-1
178,-1,1209.124,154.707,190.130,122.822,0.996,-1,-1,-1
178,-1,656.743,299.366,712.785,362.648,0.995,-1,-1,-1
179,-1,818.865,80.220,198.394,106.363,0.938,-1,-1,-1
179,-1,336.221,98.994,168.501,98.596,0.679,-1,-1,-1
179,-1,1200.186,156.154,193.920,123.577,0.997,-1,-1,-1
179,-1,714.670,304.774,755.761,375.983,0.995,-1,-1,-1
180,-1,817.167,80.124,200.295,106.570,0.928,-1,-1,-1
180,-1,335.161,98.899,169.338,98.537,0.731,-1,-1,-1
180,-1,1189.681,158.257,195.809,124.316,0.997,-1,-1,-1
180,-1,789.029,314.603,781.316,382.260,0.995,-1,-1,-1
181,-1,814.292,79.124,203.541,107.496,0.890,-1,-1,-1
181,-1,334.937,98.903,170.313,99.173,0.756,-1,-1,-1
181,-1,1178.001,159.859,200.890,124.141,0.997,-1,-1,-1
181,-1,857.170,329.899,808.106,397.318,0.996,-1,-1,-1
182,-1,813.564,79.116,204.043,107.408,0.887,-1,-1,-1
182,-1,335.243,98.823,169.864,99.174,0.730,-1,-1,-1
182,-1,1169.897,162.477,201.573,124.918,0.997,-1,-1,-1
182,-1,940.979,344.682,822.723,435.610,0.991,-1,-1,-1
183,-1,813.554,79.475,203.609,107.044,0.913,-1,-1,-1
183,-1,336.052,98.988,169.125,98.927,0.776,-1,-1,-1
183,-1,1159.788,163.286,204.262,127.133,0.997,-1,-1,-1
183,-1,1049.857,361.532,832.250,426.234,0.983,-1,-1,-1
184,-1,812.816,80.599,203.564,105.850,0.927,-1,-1,-1
184,-1,1695.843,123.748,129.784,113.578,0.533,-1,-1,-1
184,-1,336.350,99.384,168.279,97.836,0.801,-1,-1,-1
184,-1,1151.076,165.089,204.832,126.131,0.998,-1,-1,-1
184,-1,1154.299,378.139,765.223,437.160,0.930,-1,-1,-1
185,-1,812.097,81.206,203.601,105.331,0.935,-1,-1,-1
185,-1,1252.895,403.491,665.288,436.716,0.870,-1,-1,-1
185,-1,1695.516,124.222,129.327,113.180,0.647,-1,-1,-1
185,-1,336.714,99.725,168.048,97.492,0.821,-1,-1,-1
185,-1,1139.798,167.599,208.483,126.129,0.999,-1,-1,-1
186,-1,812.629,81.026,202.351,105.442,0.946,-1,-1,-1
186,-1,1372.663,427.706,543.321,426.487,0.597,-1,-1,-1
186,-1,1695.280,124.504,129.512,112.630,0.710,-1,-1,-1
186,-1,337.633,99.850,167.162,97.501,0.851,-1,-1,-1
186,-1,1128.234,169.114,213.708,126.294,0.999,-1,-1,-1
187,-1,812.670,81.927,201.409,104.635,0.947,-1,-1,-1
187,-1,1696.410,125.113,128.834,112.377,0.688,-1,-1,-1
187,-1,336.561,99.774,168.046,97.364,0.861,-1,-1,-1
187,-1,1120.211,170.579,211.707,127.151,0.999,-1,-1,-1
188,-1,812.501,81.590,202.175,104.778,0.948,-1,-1,-1
188,-1,1696.567,124.914,129.354,112.224,0.751,-1,-1,-1
188,-1,336.321,100.075,168.681,97.387,0.888,-1,-1,-1
188,-1,1110.176,171.147,216.749,128.135,0.999,-1,-1,-1
189,-1,812.572,81.259,202.343,104.793,0.955,-1,-1,-1
189,-1,1103.396,172.243,216.352,128.739,0.999,-1,-1,-1
189,-1,1696.184,124.339,129.931,112.700,0.773,-1,-1,-1
189,-1,336.394,100.133,168.935,97.213,0.893,-1,-1,-1
190,-1,812.640,82.018,202.685,104.230,0.951,-1,-1,-1
190,-1,1098.559,173.948,215.320,129.071,0.999,-1,-1,-1
190,-1,1695.957,124.989,128.623,112.174,0.698,-1,-1,-1
190,-1,336.363,100.329,168.821,96.788,0.874,-1,-1,-1
191,-1,814.716,81.344,201.953,104.598,0.966,-1,-1,-1
191,-1,1088.957,174.982,222.491,129.779,0.999,-1,-1,-1
191,-1,335.646,100.333,169.772,96.497,0.902,-1,-1,-1
192,-1,815.218,81.464,200.848,104.448,0.962,-1,-1,-1
192,-1,1082.391,175.699,223.400,130.676,0.999,-1,-1,-1
192,-1,336.163,100.440,169.008,96.286,0.895,-1,-1,-1
193,-1,816.341,82.206,199.268,104.180,0.964,-1,-1,-1
193,-1,1076.387,176.476,224.444,130.494,0.999,-1,-1,-1
193,-1,337.016,99.733,168.197,97.162,0.890,-1,-1,-1
194,-1,816.486,82.065,199.271,104.195,0.964,-1,-1,-1
194,-1,337.252,99.709,167.982,97.210,0.890,-1,-1,-1
194,-1,1070.722,176.944,226.827,131.793,0.998,-1,-1,-1
195,-1,816.146,81.914,200.045,104.432,0.964,-1,-1,-1
195,-1,337.130,99.614,168.203,97.398,0.883,-1,-1,-1
195,-1,1065.763,177.637,228.590,132.022,0.999,-1,-1,-1
196,-1,816.265,82.343,198.841,104.080,0.964,-1,-1,-1
196,-1,337.469,99.628,167.720,97.589,0.878,-1,-1,-1
196,-1,1061.189,177.987,229.880,131.830,0.999,-1,-1,-1
197,-1,815.709,81.852,199.254,104.797,0.965,-1,-1,-1
197,-1,337.999,99.885,166.802,97.328,0.872,-1,-1,-1
197,-1,1057.135,178.137,230.129,132.372,0.999,-1,-1,-1
198,-1,815.724,81.928,199.345,104.793,0.964,-1,-1,-1
198,-1,337.774,99.897,166.701,97.156,0.855,-1,-1,-1
198,-1,1052.971,177.421,230.694,133.748,0.999,-1,-1,-1
199,-1,815.372,82.079,200.427,105.079,0.959,-1,-1,-1
199,-1,337.384,99.749,167.025,97.441,0.857,-1,-1,-1
199,-1,1049.375,178.240,232.176,133.310,0.999,-1,-1,-1
200,-1,814.766,81.931,200.989,105.323,0.961,-1,-1,-1
200,-1,337.276,99.621,166.810,97.525,0.858,-1,-1,-1
200,-1,1045.278,178.427,233.419,135.185,0.999,-1,-1,-1
201,-1,816.604,82.527,197.849,103.354,0.961,-1,-1,-1
201,-1,1586.815,407.402,332.421,235.356,0.524,-1,-1,-1
201,-1,337.839,99.848,165.578,97.237,0.874,-1,-1,-1
201,-1,1042.778,180.095,234.944,133.415,0.999,-1,-1,-1
202,-1,816.681,82.633,197.499,103.292,0.954,-1,-1,-1
202,-1,1567.898,404.841,350.815,235.936,0.578,-1,-1,-1
202,-1,337.829,99.985,165.489,97.338,0.876,-1,-1,-1
202,-1,1040.684,180.694,235.747,133.304,0.999,-1,-1,-1
203,-1,816.829,82.756,196.733,103.113,0.953,-1,-1,-1
203,-1,1545.646,397.339,372.935,235.462,0.704,-1,-1,-1
203,-1,337.978,99.984,165.425,97.265,0.867,-1,-1,-1
203,-1,1039.534,181.649,235.144,132.281,0.999,-1,-1,-1
204,-1,816.942,83.348,196.039,102.655,0.948,-1,-1,-1
204,-1,1515.973,389.315,402.352,235.411,0.778,-1,-1,-1
204,-1,337.888,100.014,165.431,97.186,0.858,-1,-1,-1
204,-1,1038.884,181.750,234.205,132.457,0.999,-1,-1,-1
205,-1,815.362,83.708,197.778,102.134,0.943,-1,-1,-1
205,-1,1492.778,382.599,425.195,234.981,0.920,-1,-1,-1
205,-1,337.989,100.059,164.988,97.428,0.818,-1,-1,-1
205,-1,1038.013,181.696,235.368,132.966,0.999,-1,-1,-1
206,-1,814.901,83.703,199.072,102.651,0.944,-1,-1,-1
206,-1,1464.226,381.800,451.482,229.253,0.963,-1,-1,-1
206,-1,338.265,100.096,164.972,97.559,0.808,-1,-1,-1
206,-1,1037.339,181.978,235.904,132.891,0.999,-1,-1,-1
207,-1,815.442,83.938,199.175,102.315,0.935,-1,-1,-1
207,-1,1434.999,379.667,463.201,223.821,0.978,-1,-1,-1
207,-1,338.243,99.962,164.924,97.588,0.764,-1,-1,-1
207,-1,1037.757,181.948,235.577,133.049,0.999,-1,-1,-1
208,-1,815.641,83.644,200.035,103.128,0.947,-1,-1,-1
208,-1,1396.880,375.054,472.206,220.024,0.990,-1,-1,-1
208,-1,338.329,99.916,164.612,97.724,0.759,-1,-1,-1
208,-1,1038.961,182.098,234.640,132.719,0.999,-1,-1,-1
209,-1,814.788,83.228,200.178,103.319,0.943,-1,-1,-1
209,-1,1360.499,369.534,478.153,217.716,0.993,-1,-1,-1
209,-1,338.722,99.556,164.288,97.800,0.798,-1,-1,-1
209,-1,1038.993,181.866,234.838,132.912,0.999,-1,-1,-1
210,-1,815.150,83.321,199.090,103.084,0.948,-1,-1,-1
210,-1,1324.623,360.066,473.803,218.208,0.995,-1,-1,-1
210,-1,338.889,99.546,163.846,97.634,0.781,-1,-1,-1
210,-1,1039.588,181.818,235.131,133.025,0.999,-1,-1,-1
211,-1,816.150,81.188,200.810,104.689,0.944,-1,-1,-1
211,-1,1285.331,346.519,469.568,220.339,0.996,-1,-1,-1
211,-1,338.391,99.477,165.102,98.381,0.822,-1,-1,-1
211,-1,1040.414,181.728,235.037,133.134,0.998,-1,-1,-1
212,-1,816.114,81.217,200.011,104.550,0.943,-1,-1,-1
212,-1,1246.733,339.529,475.400,220.168,0.996,-1,-1,-1
212,-1,338.122,99.357,165.161,98.576,0.828,-1,-1,-1
212,-1,1041.083,181.794,235.076,133.245,0.998,-1,-1,-1
213,-1,816.141,81.301,199.587,104.358,0.942,-1,-1,-1
213,-1,1200.661,332.969,478.553,222.623,0.994,-1,-1,-1
213,-1,338.312,99.559,165.009,98.366,0.806,-1,-1,-1
213,-1,1041.409,181.986,235.217,133.266,0.998,-1,-1,-1
214,-1,815.984,81.061,200.021,104.499,0.942,-1,-1,-1
214,-1,1154.109,325.598,476.188,218.355,0.996,-1,-1,-1
214,-1,337.914,99.142,165.556,98.865,0.800,-1,-1,-1
214,-1,1042.023,182.168,235.173,133.385,0.998,-1,-1,-1
215,-1,815.649,81.059,200.170,104.537,0.943,-1,-1,-1
215,-1,1109.909,318.522,458.757,213.409,0.996,-1,-1,-1
215,-1,337.356,98.933,166.151,98.967,0.818,-1,-1,-1
215,-1,1042.329,182.254,234.683,133.727,0.996,-1,-1,-1
216,-1,815.346,80.738,200.896,104.912,0.945,-1,-1,-1
216,-1,1069.581,310.641,454.120,212.919,0.995,-1,-1,-1
216,-1,337.063,98.797,166.696,99.252,0.834,-1,-1,-1
216,-1,1042.254,182.022,235.644,134.132,0.994,-1,-1,-1
217,-1,814.947,80.278,199.253,105.392,0.953,-1,-1,-1
217,-1,1031.393,304.530,443.117,210.118,0.996,-1,-1,-1
217,-1,337.381,98.958,166.723,99.626,0.807,-1,-1,-1
217,-1,1041.977,181.615,236.325,135.047,0.993,-1,-1,-1
218,-1,992.635,297.808,431.890,207.661,0.996,-1,-1,-1
218,-1,816.873,80.348,196.384,105.017,0.916,-1,-1,-1
218,-1,337.464,99.209,166.750,99.131,0.802,-1,-1,-1
218,-1,1038.244,182.713,237.860,135.553,0.998,-1,-1,-1
219,-1,952.395,290.747,421.104,199.030,0.997,-1,-1,-1
219,-1,817.750,80.772,195.773,104.721,0.936,-1,-1,-1
219,-1,337.901,99.770,166.409,98.575,0.781,-1,-1,-1
219,-1,1035.947,182.294,240.494,138.350,0.996,-1,-1,-1
220,-1,817.967,81.043,194.998,104.543,0.936,-1,-1,-1
220,-1,337.694,99.868,166.279,98.487,0.765,-1,-1,-1
220,-1,1041.989,180.905,233.998,135.262,0.549,-1,-1,-1
220,-1,909.888,282.922,413.098,195.863,0.998,-1,-1,-1
220,-1,1037.305,182.405,238.848,136.909,0.993,-1,-1,-1
221,-1,817.880,80.505,196.007,105.504,0.876,-1,-1,-1
221,-1,337.435,99.635,167.227,98.792,0.790,-1,-1,-1
221,-1,1039.175,182.222,236.608,136.651,0.993,-1,-1,-1
221,-1,873.476,276.185,397.349,190.663,0.998,-1,-1,-1
222,-1,337.270,99.880,167.201,98.769,0.793,-1,-1,-1
222,-1,1037.325,182.554,237.758,136.438,0.995,-1,-1,-1
222,-1,820.177,80.097,196.556,105.891,0.950,-1,-1,-1
222,-1,831.119,267.356,391.652,194.422,0.998,-1,-1,-1
223,-1,337.495,99.730,166.866,99.233,0.817,-1,-1,-1
223,-1,1036.594,183.138,237.623,134.769,0.997,-1,-1,-1
223,-1,820.187,80.211,196.182,106.332,0.959,-1,-1,-1
223,-1,796.135,263.091,384.352,189.043,0.999,-1,-1,-1
224,-1,336.826,99.175,166.561,99.467,0.767,-1,-1,-1
224,-1,820.011,80.452,195.348,105.951,0.942,-1,-1,-1
224,-1,1036.749,183.181,232.970,132.177,0.997,-1,-1,-1
224,-1,758.661,258.029,373.492,182.677,0.998,-1,-1,-1
225,-1,336.724,99.173,166.749,99.473,0.773,-1,-1,-1
225,-1,715.021,254.532,364.757,178.872,0.998,-1,-1,-1
225,-1,819.550,80.057,196.303,106.534,0.938,-1,-1,-1
225,-1,1036.022,183.246,234.415,132.959,0.998,-1,-1,-1
226,-1,337.234,99.116,165.989,99.075,0.800,-1,-1,-1
226,-1,679.069,250.195,352.087,173.551,0.998,-1,-1,-1
226,-1,819.086,79.845,197.834,106.908,0.940,-1,-1,-1
226,-1,1034.403,184.155,235.434,132.899,0.998,-1,-1,-1
227,-1,647.548,244.508,338.885,173.210,0.999,-1,-1,-1
227,-1,337.281,99.340,165.772,99.071,0.804,-1,-1,-1
227,-1,819.522,80.107,196.452,106.707,0.933,-1,-1,-1
227,-1,1030.489,184.579,237.981,132.883,0.998,-1,-1,-1
228,-1,613.537,238.882,323.564,168.884,0.999,-1,-1,-1
228,-1,337.016,100.041,165.641,98.646,0.801,-1,-1,-1
228,-1,819.292,79.749,198.238,107.211,0.948,-1,-1,-1
228,-1,1026.721,185.961,238.908,132.408,0.999,-1,-1,-1
229,-1,581.807,231.560,313.522,166.144,0.999,-1,-1,-1
229,-1,337.641,100.160,164.802,97.869,0.786,-1,-1,-1
229,-1,819.785,80.318,196.828,106.526,0.953,-1,-1,-1
229,-1,1022.774,186.264,239.291,132.973,0.999,-1,-1,-1
230,-1,544.455,228.029,307.734,159.968,0.999,-1,-1,-1
230,-1,336.609,100.561,165.659,97.563,0.804,-1,-1,-1
230,-1,818.787,79.681,199.035,107.670,0.950,-1,-1,-1
230,-1,1017.160,187.380,239.721,133.792,0.999,-1,-1,-1
231,-1,515.831,225.541,293.631,151.709,0.999,-1,-1,-1
231,-1,339.167,101.217,163.232,96.468,0.812,-1,-1,-1
231,-1,819.024,80.420,197.752,106.487,0.934,-1,-1,-1
231,-1,1012.730,188.010,240.174,134.047,0.999,-1,-1,-1
232,-1,1696.013,125.424,128.017,111.880,0.512,-1,-1,-1
232,-1,485.342,222.199,282.637,149.136,0.999,-1,-1,-1
232,-1,338.696,101.498,163.901,96.609,0.839,-1,-1,-1
232,-1,818.779,80.268,198.759,106.609,0.933,-1,-1,-1
232,-1,1005.682,187.653,241.742,134.736,0.999,-1,-1,-1
233,-1,1695.985,125.028,128.456,112.066,0.580,-1,-1,-1
233,-1,452.593,217.050,272.975,147.447,0.999,-1,-1,-1
233,-1,338.604,101.588,163.811,96.891,0.852,-1,-1,-1
233,-1,818.952,80.374,198.641,106.539,0.932,-1,-1,-1
233,-1,997.070,188.574,244.392,135.174,0.999,-1,-1,-1
234,-1,1695.990,124.969,128.492,112.130,0.595,-1,-1,-1
234,-1,420.290,214.734,266.335,143.153,0.998,-1,-1,-1
234,-1,337.179,102.050,165.288,97.145,0.840,-1,-1,-1
234,-1,818.554,80.282,197.149,106.440,0.932,-1,-1,-1
234,-1,989.287,190.869,245.864,134.495,0.999,-1,-1,-1
235,-1,1695.707,124.487,129.290,112.512,0.610,-1,-1,-1
235,-1,395.004,212.009,253.762,140.224,0.999,-1,-1,-1
235,-1,336.750,101.695,167.554,98.211,0.819,-1,-1,-1
235,-1,818.784,80.047,196.754,106.804,0.943,-1,-1,-1
235,-1,980.386,191.773,249.242,136.480,0.999,-1,-1,-1
236,-1,1695.753,125.084,129.120,112.001,0.582,-1,-1,-1
236,-1,372.530,206.877,244.027,139.906,0.999,-1,-1,-1
236,-1,337.542,101.455,168.263,97.403,0.778,-1,-1,-1
236,-1,818.643,80.061,197.003,107.047,0.953,-1,-1,-1
236,-1,971.486,194.189,252.887,137.096,0.999,-1,-1,-1
237,-1,1696.147,125.106,128.636,111.925,0.523,-1,-1,-1
237,-1,350.043,205.438,235.124,135.864,0.998,-1,-1,-1
237,-1,338.037,101.335,168.331,97.138,0.760,-1,-1,-1
237,-1,819.181,80.028,195.883,106.558,0.955,-1,-1,-1
237,-1,960.092,195.457,256.072,137.038,0.999,-1,-1,-1
238,-1,1696.321,125.157,128.484,112.073,0.566,-1,-1,-1
238,-1,325.199,203.463,225.223,131.647,0.998,-1,-1,-1
238,-1,337.818,100.756,167.300,97.077,0.729,-1,-1,-1
238,-1,818.877,80.271,196.420,106.462,0.952,-1,-1,-1
238,-1,944.294,195.557,258.982,141.736,0.999,-1,-1,-1
239,-1,1696.134,125.217,128.556,112.037,0.574,-1,-1,-1
239,-1,302.486,201.371,218.864,130.449,0.997,-1,-1,-1
239,-1,336.510,100.373,167.837,97.160,0.767,-1,-1,-1
239,-1,818.844,80.441,195.871,106.249,0.949,-1,-1,-1
239,-1,929.130,198.425,263.729,141.901,0.999,-1,-1,-1
240,-1,1696.085,125.356,128.135,111.934,0.536,-1,-1,-1
240,-1,284.253,199.783,210.055,126.006,0.996,-1,-1,-1
240,-1,335.454,100.762,168.062,96.931,0.798,-1,-1,-1
240,-1,818.910,80.015,196.476,106.804,0.947,-1,-1,-1
240,-1,915.678,201.401,264.699,142.376,0.999,-1,-1,-1
241,-1,1695.979,123.733,128.742,112.623,0.516,-1,-1,-1
241,-1,264.031,197.474,201.359,124.119,0.995,-1,-1,-1
241,-1,331.721,100.803,170.448,97.948,0.725,-1,-1,-1
241,-1,821.201,82.999,191.741,104.065,0.943,-1,-1,-1
241,-1,898.359,204.131,271.694,143.180,0.999,-1,-1,-1
242,-1,1695.662,123.855,129.127,112.513,0.506,-1,-1,-1
242,-1,243.421,194.642,194.790,123.033,0.994,-1,-1,-1
242,-1,331.021,100.896,171.495,98.133,0.771,-1,-1,-1
242,-1,820.768,83.061,192.425,104.117,0.942,-1,-1,-1
242,-1,880.730,205.850,276.439,146.785,0.999,-1,-1,-1
243,-1,1695.649,124.370,129.160,112.093,0.564,-1,-1,-1
243,-1,226.403,193.594,189.513,120.257,0.995,-1,-1,-1
243,-1,330.998,100.645,171.296,98.634,0.827,-1,-1,-1
243,-1,820.786,82.171,193.892,105.193,0.938,-1,-1,-1
243,-1,862.626,208.377,283.608,148.097,0.986,-1,-1,-1
243,-1,863.740,208.806,282.049,148.350,0.987,-1,-1,-1
244,-1,1695.171,124.030,130.122,112.380,0.596,-1,-1,-1
244,-1,207.935,190.131,180.671,119.704,0.993,-1,-1,-1
244,-1,332.545,100.930,170.379,97.600,0.841,-1,-1,-1
244,-1,820.550,82.498,194.895,105.018,0.939,-1,-1,-1
244,-1,842.140,211.842,288.151,149.932,0.999,-1,-1,-1
245,-1,1695.221,124.037,130.136,112.543,0.602,-1,-1,-1
245,-1,191.282,189.636,174.397,116.184,0.993,-1,-1,-1
245,-1,819.405,212.454,294.386,154.804,0.999,-1,-1,-1
245,-1,336.868,100.880,167.926,96.745,0.829,-1,-1,-1
245,-1,820.951,82.526,194.991,105.140,0.928,-1,-1,-1
246,-1,1695.255,123.988,130.009,112.646,0.571,-1,-1,-1
246,-1,175.730,187.921,169.015,113.657,0.989,-1,-1,-1
246,-1,796.080,213.263,304.472,162.890,0.999,-1,-1,-1
246,-1,337.660,101.091,168.482,97.278,0.855,-1,-1,-1
246,-1,821.897,83.126,192.583,104.365,0.909,-1,-1,-1
247,-1,1695.253,123.767,129.663,112.627,0.550,-1,-1,-1
247,-1,337.180,100.746,166.798,97.498,0.848,-1,-1,-1
247,-1,159.464,186.885,166.967,112.432,0.985,-1,-1,-1
247,-1,773.951,216.364,306.010,165.914,0.999,-1,-1,-1
247,-1,821.978,82.861,191.273,104.329,0.907,-1,-1,-1
248,-1,1694.735,124.014,130.384,112.430,0.573,-1,-1,-1
248,-1,335.634,100.342,168.493,98.008,0.884,-1,-1,-1
248,-1,746.079,218.879,313.529,168.383,0.999,-1,-1,-1
248,-1,144.746,186.138,167.802,111.626,0.989,-1,-1,-1
248,-1,820.797,81.908,194.087,105.340,0.931,-1,-1,-1
249,-1,1694.978,124.223,130.264,112.174,0.559,-1,-1,-1
249,-1,335.715,100.150,168.480,97.983,0.896,-1,-1,-1
249,-1,710.790,225.360,324.293,170.751,0.999,-1,-1,-1
249,-1,128.471,185.025,164.004,110.389,0.990,-1,-1,-1
249,-1,821.275,81.940,192.555,104.765,0.870,-1,-1,-1
250,-1,1695.191,123.642,130.137,112.828,0.519,-1,-1,-1
250,-1,335.595,100.040,168.539,97.910,0.904,-1,-1,-1
250,-1,821.281,83.592,195.089,104.320,0.873,-1,-1,-1
250,-1,687.619,233.752,326.556,171.431,0.999,-1,-1,-1
250,-1,115.040,184.207,160.300,109.182,0.983,-1,-1,-1
251,-1,1695.520,124.322,129.747,111.640,0.592,-1,-1,-1
251,-1,336.581,100.097,167.499,97.654,0.878,-1,-1,-1
251,-1,656.861,241.647,330.193,170.367,0.999,-1,-1,-1
251,-1,101.066,181.117,156.604,108.853,0.978,-1,-1,-1
251,-1,821.792,81.424,192.239,105.157,0.898,-1,-1,-1
252,-1,622.643,244.603,341.596,176.054,0.999,-1,-1,-1
252,-1,1695.475,124.177,129.632,111.634,0.588,-1,-1,-1
252,-1,336.261,100.351,167.643,97.741,0.911,-1,-1,-1
252,-1,822.494,82.848,192.737,104.677,0.917,-1,-1,-1
252,-1,88.992,180.017,154.220,107.373,0.977,-1,-1,-1
253,-1,581.739,246.813,353.855,186.781,0.999,-1,-1,-1
253,-1,1695.360,124.388,130.471,111.551,0.620,-1,-1,-1
253,-1,335.434,99.841,169.117,98.315,0.902,-1,-1,-1
253,-1,822.118,81.669,194.161,105.453,0.909,-1,-1,-1
253,-1,76.496,178.231,150.310,106.252,0.952,-1,-1,-1
254,-1,541.227,254.106,368.381,191.861,0.999,-1,-1,-1
254,-1,1695.428,124.826,130.295,111.371,0.584,-1,-1,-1
254,-1,335.306,99.870,168.908,98.579,0.895,-1,-1,-1
254,-1,821.610,81.124,196.422,106.614,0.856,-1,-1,-1
254,-1,65.179,176.419,147.184,106.723,0.966,-1,-1,-1
255,-1,500.715,260.387,378.302,199.638,0.999,-1,-1,-1
255,-1,1695.098,124.603,130.042,111.838,0.594,-1,-1,-1
255,-1,335.863,99.892,168.387,98.684,0.892,-1,-1,-1
255,-1,820.854,80.613,196.760,106.969,0.936,-1,-1,-1
255,-1,55.747,175.333,143.291,104.479,0.907,-1,-1,-1
256,-1,1694.998,125.084,129.947,111.269,0.557,-1,-1,-1
256,-1,335.779,100.270,169.077,98.447,0.894,-1,-1,-1
256,-1,819.415,80.538,198.135,106.576,0.934,-1,-1,-1
256,-1,459.668,267.178,386.901,202.146,0.999,-1,-1,-1
256,-1,44.786,174.029,137.282,103.704,0.892,-1,-1,-1
257,-1,1695.072,124.618,129.905,111.863,0.575,-1,-1,-1
257,-1,335.862,99.770,168.891,98.865,0.895,-1,-1,-1
257,-1,818.664,80.335,199.210,106.923,0.937,-1,-1,-1
257,-1,409.529,277.223,399.021,208.190,0.999,-1,-1,-1
257,-1,33.455,173.331,133.989,102.017,0.838,-1,-1,-1
258,-1,1694.739,124.812,130.056,111.708,0.575,-1,-1,-1
258,-1,336.216,99.817,168.632,98.795,0.882,-1,-1,-1
258,-1,817.867,80.135,200.656,107.083,0.942,-1,-1,-1
258,-1,356.097,286.689,411.046,217.822,0.999,-1,-1,-1
258,-1,23.232,172.362,133.083,101.460,0.848,-1,-1,-1
259,-1,1694.279,123.839,131.980,113.252,0.605,-1,-1,-1
259,-1,335.148,99.450,169.284,98.933,0.883,-1,-1,-1
259,-1,817.086,79.512,202.411,107.788,0.937,-1,-1,-1
259,-1,302.816,297.198,418.070,220.721,0.999,-1,-1,-1
259,-1,15.804,170.130,129.132,101.840,0.615,-1,-1,-1
260,-1,1694.101,124.179,130.834,113.075,0.647,-1,-1,-1
260,-1,334.406,98.439,169.684,99.472,0.862,-1,-1,-1
260,-1,817.207,79.194,201.579,107.884,0.940,-1,-1,-1
260,-1,249.847,307.255,429.498,232.286,0.999,-1,-1,-1