1,-1,1476.605,512.374,438.476,355.958,0.718,-1,-1,-1
1,-1,810.233,347.358,244.194,171.754,0.983,-1,-1,-1
1,-1,1065.667,412.414,406.333,265.510,0.982,-1,-1,-1
2,-1,1482.865,514.467,432.276,355.348,0.590,-1,-1,-1
2,-1,817.578,348.382,248.388,174.593,0.984,-1,-1,-1
2,-1,1072.387,412.688,412.170,267.253,0.981,-1,-1,-1
3,-1,1488.978,516.549,426.054,357.313,0.557,-1,-1,-1
3,-1,824.154,349.412,251.162,177.902,0.978,-1,-1,-1
3,-1,1077.434,414.077,414.559,269.448,0.981,-1,-1,-1
4,-1,1495.047,519.624,420.000,354.638,0.596,-1,-1,-1
4,-1,829.638,350.758,253.529,182.136,0.974,-1,-1,-1
4,-1,1080.737,417.359,416.205,266.702,0.980,-1,-1,-1
5,-1,1502.308,524.056,412.418,352.699,0.539,-1,-1,-1
5,-1,825.510,267.683,233.754,148.714,0.556,-1,-1,-1
5,-1,831.631,352.315,260.215,183.621,0.969,-1,-1,-1
5,-1,1085.800,418.211,423.471,268.255,0.987,-1,-1,-1
6,-1,1509.696,526.539,404.930,352.112,0.594,-1,-1,-1
6,-1,839.658,355.001,257.800,180.970,0.961,-1,-1,-1
6,-1,1090.386,420.435,425.163,267.794,0.989,-1,-1,-1
7,-1,1517.772,528.096,397.072,353.793,0.538,-1,-1,-1
7,-1,834.050,269.116,233.165,147.687,0.588,-1,-1,-1
7,-1,840.948,357.334,264.603,182.174,0.935,-1,-1,-1
7,-1,1097.345,420.835,424.756,270.244,0.987,-1,-1,-1
8,-1,852.649,358.302,257.379,183.158,0.853,-1,-1,-1
8,-1,1103.403,422.163,426.904,272.041,0.986,-1,-1,-1
9,-1,859.069,360.327,258.833,184.985,0.944,-1,-1,-1
9,-1,1108.734,423.336,430.955,272.203,0.984,-1,-1,-1
10,-1,866.069,361.039,263.145,187.222,0.968,-1,-1,-1
10,-1,1114.777,426.967,432.066,270.327,0.986,-1,-1,-1
11,-1,844.065,269.838,242.073,152.943,0.710,-1,-1,-1
11,-1,873.049,362.894,262.266,189.051,0.943,-1,-1,-1
11,-1,1119.694,424.354,437.405,274.877,0.985,-1,-1,-1
12,-1,877.932,364.272,265.790,190.760,0.943,-1,-1,-1
12,-1,1125.308,429.111,439.796,272.391,0.985,-1,-1,-1
13,-1,881.181,365.338,268.892,191.517,0.947,-1,-1,-1
13,-1,1132.793,428.434,440.294,275.257,0.985,-1,-1,-1
14,-1,881.901,366.057,275.080,194.324,0.960,-1,-1,-1
14,-1,1139.348,429.369,444.128,277.084,0.981,-1,-1,-1
15,-1,888.046,367.033,273.413,194.966,0.974,-1,-1,-1
15,-1,1144.002,434.162,447.010,275.054,0.984,-1,-1,-1
16,-1,857.812,271.664,247.482,154.860,0.735,-1,-1,-1
16,-1,891.540,368.768,278.517,196.827,0.958,-1,-1,-1
16,-1,1148.331,436.251,451.034,275.943,0.986,-1,-1,-1
17,-1,861.041,271.101,249.460,156.135,0.898,-1,-1,-1
17,-1,894.093,371.235,281.803,196.638,0.954,-1,-1,-1
17,-1,1154.212,440.819,449.494,273.260,0.987,-1,-1,-1
18,-1,864.628,273.450,246.847,153.558,0.906,-1,-1,-1
18,-1,900.394,371.914,279.958,198.971,0.968,-1,-1,-1
18,-1,1156.988,443.046,454.222,273.874,0.988,-1,-1,-1
19,-1,868.074,275.166,249.301,153.489,0.926,-1,-1,-1
19,-1,904.978,372.945,281.145,199.161,0.971,-1,-1,-1
19,-1,1161.486,444.171,456.896,276.875,0.990,-1,-1,-1
20,-1,870.718,277.138,254.520,153.211,0.890,-1,-1,-1
20,-1,909.340,372.980,281.126,199.824,0.977,-1,-1,-1
20,-1,1167.676,444.620,455.524,278.549,0.989,-1,-1,-1
21,-1,874.453,278.968,253.782,152.222,0.871,-1,-1,-1
21,-1,334.568,184.789,132.481,104.784,0.596,-1,-1,-1
21,-1,912.550,373.021,285.839,202.377,0.973,-1,-1,-1
21,-1,1172.866,447.168,455.535,278.523,0.988,-1,-1,-1
22,-1,878.307,280.029,255.504,152.578,0.900,-1,-1,-1
22,-1,338.984,187.016,131.319,103.298,0.600,-1,-1,-1
22,-1,912.446,375.179,291.837,201.121,0.967,-1,-1,-1
22,-1,1177.784,447.964,456.673,279.270,0.990,-1,-1,-1
23,-1,1113.041,298.534,233.760,131.073,0.848,-1,-1,-1
23,-1,881.506,280.440,254.274,152.378,0.816,-1,-1,-1
23,-1,916.368,375.852,294.662,201.536,0.970,-1,-1,-1
23,-1,1185.867,449.911,456.373,281.187,0.994,-1,-1,-1
24,-1,1093.958,294.012,225.995,129.240,0.823,-1,-1,-1
24,-1,344.991,190.776,132.975,105.346,0.597,-1,-1,-1
24,-1,921.320,376.486,295.462,201.137,0.977,-1,-1,-1
24,-1,1198.087,450.713,445.450,282.329,0.993,-1,-1,-1
25,-1,350.262,191.556,132.025,106.646,0.765,-1,-1,-1
25,-1,927.394,377.982,295.047,201.652,0.982,-1,-1,-1
25,-1,1207.739,452.872,448.073,284.472,0.993,-1,-1,-1
25,-1,1087.170,292.040,205.204,127.334,0.650,-1,-1,-1
26,-1,1220.243,458.269,453.201,280.760,0.991,-1,-1,-1
26,-1,352.935,192.093,134.574,107.467,0.826,-1,-1,-1
26,-1,932.011,377.612,293.775,205.340,0.984,-1,-1,-1
27,-1,1224.492,456.985,457.542,285.285,0.989,-1,-1,-1
27,-1,357.840,193.682,134.741,108.388,0.846,-1,-1,-1
27,-1,937.080,378.580,291.439,205.667,0.983,-1,-1,-1
28,-1,1234.868,459.653,458.918,286.259,0.985,-1,-1,-1
28,-1,899.484,287.222,254.871,156.942,0.698,-1,-1,-1
28,-1,360.755,195.699,138.258,109.172,0.747,-1,-1,-1
28,-1,939.679,379.433,293.693,206.232,0.978,-1,-1,-1
29,-1,1247.716,462.075,459.024,288.479,0.991,-1,-1,-1
29,-1,364.938,196.333,137.962,110.825,0.750,-1,-1,-1
29,-1,941.344,381.230,295.388,204.606,0.979,-1,-1,-1
30,-1,1250.477,461.561,466.724,292.156,0.984,-1,-1,-1
30,-1,906.095,285.618,258.630,160.369,0.637,-1,-1,-1
30,-1,370.563,197.865,137.275,110.899,0.709,-1,-1,-1
30,-1,945.594,382.221,295.406,205.687,0.982,-1,-1,-1
31,-1,1258.263,466.674,469.188,290.975,0.987,-1,-1,-1
31,-1,907.048,284.373,259.745,162.056,0.576,-1,-1,-1
31,-1,948.402,384.644,295.438,204.617,0.985,-1,-1,-1
32,-1,1264.400,466.607,473.445,292.103,0.988,-1,-1,-1
32,-1,910.882,283.446,263.420,164.264,0.505,-1,-1,-1
32,-1,380.985,201.498,136.826,113.129,0.511,-1,-1,-1
32,-1,949.644,384.834,301.501,206.109,0.989,-1,-1,-1
33,-1,1273.785,468.276,475.028,298.605,0.981,-1,-1,-1
33,-1,908.333,273.237,268.010,172.537,0.737,-1,-1,-1
33,-1,386.606,205.210,135.873,112.415,0.538,-1,-1,-1
33,-1,952.806,384.932,301.570,206.905,0.989,-1,-1,-1
34,-1,1283.073,470.523,477.566,299.161,0.983,-1,-1,-1
34,-1,391.441,205.137,138.418,116.875,0.772,-1,-1,-1
34,-1,959.418,385.896,301.215,208.141,0.992,-1,-1,-1
35,-1,1290.528,473.066,481.256,301.096,0.980,-1,-1,-1
35,-1,396.526,206.597,138.713,117.977,0.568,-1,-1,-1
35,-1,963.496,386.165,301.458,210.076,0.994,-1,-1,-1
36,-1,1298.548,476.288,485.964,303.164,0.971,-1,-1,-1
36,-1,400.757,208.906,142.458,118.317,0.529,-1,-1,-1
36,-1,967.807,386.969,301.295,210.860,0.994,-1,-1,-1
37,-1,1306.441,480.341,491.603,302.869,0.974,-1,-1,-1
37,-1,407.112,211.200,142.319,116.730,0.800,-1,-1,-1
37,-1,970.235,388.680,303.504,212.844,0.993,-1,-1,-1
38,-1,838.936,242.147,171.060,111.564,0.786,-1,-1,-1
38,-1,1315.219,487.242,492.527,299.103,0.974,-1,-1,-1
38,-1,411.090,212.828,142.220,117.720,0.902,-1,-1,-1
38,-1,971.148,390.173,308.185,213.423,0.993,-1,-1,-1
38,-1,1308.556,369.459,371.130,199.818,0.540,-1,-1,-1
39,-1,828.543,239.334,165.323,107.302,0.921,-1,-1,-1
39,-1,1328.301,488.412,490.510,303.041,0.969,-1,-1,-1
39,-1,415.151,213.913,142.551,118.266,0.942,-1,-1,-1
39,-1,976.968,393.495,307.635,212.241,0.990,-1,-1,-1
39,-1,1308.284,370.433,368.785,200.429,0.573,-1,-1,-1
40,-1,1333.479,487.690,499.377,306.862,0.964,-1,-1,-1
40,-1,418.945,214.742,143.112,119.719,0.951,-1,-1,-1
40,-1,815.637,235.676,162.611,105.344,0.973,-1,-1,-1
40,-1,982.019,395.662,307.855,212.893,0.988,-1,-1,-1
40,-1,1311.546,370.494,362.828,200.296,0.603,-1,-1,-1
41,-1,1340.764,490.125,505.104,310.662,0.965,-1,-1,-1
41,-1,990.788,396.878,308.345,214.836,0.976,-1,-1,-1
41,-1,585.903,215.261,139.530,106.885,0.826,-1,-1,-1
41,-1,421.173,215.087,143.992,121.641,0.968,-1,-1,-1
41,-1,803.530,231.595,158.301,105.848,0.967,-1,-1,-1
41,-1,1310.285,370.864,364.284,200.280,0.665,-1,-1,-1
42,-1,1349.100,495.262,507.018,311.411,0.958,-1,-1,-1
42,-1,587.515,215.274,143.777,110.787,0.829,-1,-1,-1
42,-1,425.230,216.616,146.574,123.367,0.940,-1,-1,-1
42,-1,791.274,229.876,155.248,104.569,0.957,-1,-1,-1
42,-1,990.311,396.605,311.083,216.648,0.967,-1,-1,-1
42,-1,1309.241,370.885,365.634,201.263,0.708,-1,-1,-1
43,-1,1358.678,495.592,510.432,316.460,0.947,-1,-1,-1
43,-1,998.692,399.592,310.031,215.647,0.964,-1,-1,-1
43,-1,591.511,214.612,145.249,115.643,0.870,-1,-1,-1
43,-1,430.730,219.128,145.881,123.259,0.955,-1,-1,-1
43,-1,776.443,228.782,153.346,102.808,0.967,-1,-1,-1
43,-1,1309.213,371.920,366.628,203.823,0.710,-1,-1,-1
44,-1,764.306,226.861,152.035,101.834,0.949,-1,-1,-1
44,-1,1371.940,496.936,513.562,320.025,0.932,-1,-1,-1
44,-1,1002.815,400.003,312.879,216.250,0.966,-1,-1,-1
44,-1,598.004,216.433,148.618,113.829,0.768,-1,-1,-1
44,-1,434.462,219.968,150.066,125.543,0.890,-1,-1,-1
44,-1,1309.764,372.212,369.107,207.323,0.665,-1,-1,-1
45,-1,751.328,225.008,151.961,101.324,0.910,-1,-1,-1
45,-1,1380.903,498.290,521.005,327.721,0.921,-1,-1,-1
45,-1,1007.468,401.363,311.510,215.827,0.974,-1,-1,-1
45,-1,602.726,220.376,152.031,112.411,0.787,-1,-1,-1
45,-1,439.639,221.544,150.755,126.146,0.908,-1,-1,-1
45,-1,1311.594,372.762,376.403,210.337,0.558,-1,-1,-1
46,-1,743.587,222.186,144.693,101.212,0.715,-1,-1,-1
46,-1,1388.181,497.555,524.504,329.210,0.920,-1,-1,-1
46,-1,1014.412,402.175,309.136,216.022,0.977,-1,-1,-1
46,-1,443.922,224.104,151.892,126.764,0.916,-1,-1,-1
46,-1,1314.176,372.543,386.331,213.896,0.555,-1,-1,-1
47,-1,1397.959,498.401,515.297,333.523,0.909,-1,-1,-1
47,-1,1016.706,401.914,313.250,217.480,0.979,-1,-1,-1
47,-1,450.723,226.791,151.207,126.960,0.938,-1,-1,-1
48,-1,1410.995,500.675,502.728,345.613,0.842,-1,-1,-1
48,-1,1023.674,403.527,314.234,218.387,0.973,-1,-1,-1
48,-1,916.317,217.025,156.220,112.982,0.743,-1,-1,-1
48,-1,456.264,228.607,151.951,128.692,0.960,-1,-1,-1
48,-1,959.840,300.935,279.721,161.244,0.621,-1,-1,-1
48,-1,1322.884,372.627,417.912,213.320,0.720,-1,-1,-1
49,-1,1318.860,375.039,387.086,214.454,0.747,-1,-1,-1
49,-1,1421.281,502.793,492.841,346.130,0.829,-1,-1,-1
49,-1,1027.977,406.450,318.619,216.687,0.982,-1,-1,-1
49,-1,905.761,213.668,148.934,114.001,0.675,-1,-1,-1
49,-1,655.027,232.198,134.935,106.254,0.697,-1,-1,-1
49,-1,462.114,229.663,147.215,128.189,0.971,-1,-1,-1
49,-1,963.751,299.466,279.952,164.843,0.904,-1,-1,-1
50,-1,1323.961,376.722,384.921,215.733,0.690,-1,-1,-1
50,-1,1430.906,505.501,483.528,350.196,0.800,-1,-1,-1
50,-1,1032.061,406.516,322.655,219.555,0.981,-1,-1,-1
50,-1,887.165,210.743,151.426,114.017,0.786,-1,-1,-1
50,-1,655.069,234.645,139.962,108.994,0.717,-1,-1,-1
50,-1,468.262,231.723,144.381,128.885,0.953,-1,-1,-1
50,-1,965.548,299.247,281.358,167.025,0.903,-1,-1,-1
51,-1,1442.272,510.199,472.135,353.968,0.658,-1,-1,-1
51,-1,1332.199,379.341,395.752,218.952,0.905,-1,-1,-1
51,-1,872.269,209.506,150.944,112.817,0.795,-1,-1,-1
51,-1,658.867,238.278,143.929,109.288,0.836,-1,-1,-1
51,-1,472.276,233.468,149.210,132.764,0.954,-1,-1,-1
51,-1,366.227,141.137,124.622,107.386,0.666,-1,-1,-1
51,-1,966.672,300.446,284.402,169.435,0.922,-1,-1,-1
51,-1,1034.766,406.624,331.286,224.023,0.963,-1,-1,-1
52,-1,1454.116,512.415,460.078,358.141,0.670,-1,-1,-1
52,-1,1339.443,382.062,395.006,220.068,0.886,-1,-1,-1
52,-1,863.951,208.202,144.444,111.149,0.844,-1,-1,-1
52,-1,662.060,239.162,144.385,109.177,0.903,-1,-1,-1
52,-1,478.530,235.219,149.916,133.280,0.943,-1,-1,-1
52,-1,370.834,142.432,124.530,107.669,0.615,-1,-1,-1
52,-1,968.995,300.402,286.029,170.367,0.949,-1,-1,-1
52,-1,1040.342,408.069,332.217,223.745,0.966,-1,-1,-1
53,-1,845.930,205.614,145.908,110.090,0.833,-1,-1,-1
53,-1,1467.508,516.978,446.947,359.477,0.577,-1,-1,-1
53,-1,1344.226,383.646,399.617,220.465,0.866,-1,-1,-1
53,-1,665.830,240.588,146.350,110.758,0.792,-1,-1,-1
53,-1,485.518,238.690,154.874,132.191,0.941,-1,-1,-1
53,-1,970.640,301.225,286.141,170.647,0.952,-1,-1,-1
53,-1,1043.764,411.026,337.067,222.676,0.970,-1,-1,-1
54,-1,836.678,203.288,140.446,107.742,0.798,-1,-1,-1
54,-1,1479.471,520.543,435.033,356.908,0.504,-1,-1,-1
54,-1,1351.753,383.678,409.476,222.805,0.878,-1,-1,-1
54,-1,669.968,243.077,148.771,111.129,0.877,-1,-1,-1
54,-1,491.575,242.486,160.963,132.657,0.954,-1,-1,-1
54,-1,376.809,145.916,127.402,108.333,0.732,-1,-1,-1
54,-1,970.450,301.813,287.050,171.711,0.948,-1,-1,-1
54,-1,1051.568,414.115,337.247,224.488,0.966,-1,-1,-1
55,-1,823.598,200.507,139.260,107.838,0.755,-1,-1,-1
55,-1,1358.969,387.040,404.105,219.704,0.822,-1,-1,-1
55,-1,674.001,242.767,152.370,113.625,0.881,-1,-1,-1
55,-1,495.962,243.979,164.520,136.372,0.983,-1,-1,-1
55,-1,380.797,146.326,126.899,109.311,0.773,-1,-1,-1
55,-1,970.839,300.861,289.340,174.589,0.951,-1,-1,-1
55,-1,1056.483,414.336,340.712,227.312,0.976,-1,-1,-1
56,-1,1366.606,387.404,406.427,222.128,0.907,-1,-1,-1
56,-1,679.912,245.588,156.749,113.436,0.938,-1,-1,-1
56,-1,502.004,246.158,168.190,137.554,0.974,-1,-1,-1
56,-1,385.917,146.272,124.702,110.030,0.816,-1,-1,-1
56,-1,972.214,300.979,293.906,175.448,0.955,-1,-1,-1
56,-1,1266.576,299.174,221.167,126.965,0.533,-1,-1,-1
56,-1,1064.016,415.225,340.458,230.228,0.967,-1,-1,-1
57,-1,1372.264,388.110,416.927,224.581,0.939,-1,-1,-1
57,-1,1238.759,294.851,214.847,123.893,0.549,-1,-1,-1
57,-1,684.534,245.856,161.813,116.866,0.963,-1,-1,-1
57,-1,505.663,245.046,168.601,145.361,0.953,-1,-1,-1
57,-1,388.279,145.843,125.814,111.763,0.849,-1,-1,-1
57,-1,973.202,300.639,297.682,176.108,0.950,-1,-1,-1
57,-1,1070.279,416.408,344.401,233.108,0.969,-1,-1,-1
58,-1,1378.749,387.861,418.512,232.896,0.954,-1,-1,-1
58,-1,395.339,145.398,125.687,114.250,0.510,-1,-1,-1
58,-1,1211.749,291.248,211.225,122.880,0.653,-1,-1,-1
58,-1,513.031,248.531,164.758,147.410,0.960,-1,-1,-1
58,-1,691.493,248.485,164.144,117.300,0.964,-1,-1,-1
58,-1,391.042,145.882,126.761,114.182,0.561,-1,-1,-1
58,-1,974.885,300.191,304.396,176.618,0.935,-1,-1,-1
58,-1,1076.200,419.711,347.692,233.829,0.977,-1,-1,-1
59,-1,1389.343,389.532,423.939,234.556,0.936,-1,-1,-1
59,-1,523.776,248.823,166.561,150.548,0.963,-1,-1,-1
59,-1,402.080,147.728,124.233,113.058,0.846,-1,-1,-1
59,-1,698.194,250.038,162.768,118.627,0.972,-1,-1,-1
59,-1,976.659,301.255,313.152,178.073,0.915,-1,-1,-1
59,-1,1080.018,419.397,353.726,240.130,0.977,-1,-1,-1
60,-1,1396.890,392.048,430.626,242.432,0.935,-1,-1,-1
60,-1,531.831,249.613,178.261,155.656,0.969,-1,-1,-1
60,-1,404.351,146.325,127.620,117.020,0.868,-1,-1,-1
60,-1,707.562,252.093,162.067,119.981,0.969,-1,-1,-1
60,-1,979.085,301.928,302.266,178.795,0.942,-1,-1,-1
60,-1,1093.305,422.562,352.563,240.004,0.969,-1,-1,-1
61,-1,1409.851,394.257,426.588,242.701,0.931,-1,-1,-1
61,-1,541.613,250.067,180.202,158.540,0.984,-1,-1,-1
61,-1,407.360,147.525,128.923,117.535,0.845,-1,-1,-1
61,-1,714.189,253.978,165.696,121.271,0.971,-1,-1,-1
61,-1,981.879,304.620,298.532,176.676,0.958,-1,-1,-1
61,-1,1101.534,424.040,351.777,241.606,0.972,-1,-1,-1
62,-1,584.208,175.759,132.261,100.831,0.522,-1,-1,-1
62,-1,1419.840,393.420,435.964,249.358,0.920,-1,-1,-1
62,-1,545.279,250.298,187.787,163.292,0.984,-1,-1,-1
62,-1,411.501,149.176,130.310,117.639,0.828,-1,-1,-1
62,-1,717.702,255.461,173.120,122.895,0.982,-1,-1,-1
62,-1,984.431,304.948,293.044,178.786,0.956,-1,-1,-1
62,-1,1108.837,426.440,352.789,242.034,0.975,-1,-1,-1
63,-1,1430.774,397.480,433.870,250.996,0.897,-1,-1,-1
63,-1,550.816,255.253,188.228,162.956,0.987,-1,-1,-1
63,-1,416.593,148.723,129.418,118.086,0.770,-1,-1,-1
63,-1,726.214,257.583,170.901,123.577,0.977,-1,-1,-1
63,-1,985.710,305.340,290.381,177.328,0.964,-1,-1,-1
63,-1,1116.459,426.108,355.947,246.354,0.981,-1,-1,-1
64,-1,1441.546,400.225,431.042,250.144,0.883,-1,-1,-1
64,-1,561.125,265.367,185.837,155.729,0.984,-1,-1,-1
64,-1,420.520,148.683,129.812,119.499,0.845,-1,-1,-1
64,-1,733.727,258.975,173.296,124.841,0.972,-1,-1,-1
64,-1,987.381,306.744,287.434,176.709,0.965,-1,-1,-1
64,-1,1125.688,430.272,359.900,244.983,0.982,-1,-1,-1
65,-1,1452.932,402.255,436.624,254.754,0.866,-1,-1,-1
65,-1,568.418,270.279,187.875,153.540,0.985,-1,-1,-1
65,-1,424.231,150.169,129.803,119.758,0.875,-1,-1,-1
65,-1,741.970,260.860,175.825,124.589,0.962,-1,-1,-1
65,-1,989.879,307.290,288.185,177.458,0.965,-1,-1,-1
65,-1,1134.950,435.120,361.554,245.908,0.987,-1,-1,-1
66,-1,1458.957,401.539,445.611,257.593,0.898,-1,-1,-1
66,-1,573.871,270.750,191.258,161.062,0.983,-1,-1,-1
66,-1,425.982,151.368,131.585,119.730,0.822,-1,-1,-1
66,-1,698.222,174.557,125.911,99.812,0.520,-1,-1,-1
66,-1,749.673,263.524,178.537,125.834,0.970,-1,-1,-1
66,-1,991.587,306.155,289.349,177.461,0.987,-1,-1,-1
66,-1,1144.435,438.388,362.726,246.424,0.982,-1,-1,-1
67,-1,1468.340,405.240,445.811,255.118,0.914,-1,-1,-1
67,-1,574.043,272.721,202.123,164.872,0.985,-1,-1,-1
67,-1,429.530,152.031,131.258,120.573,0.799,-1,-1,-1
67,-1,760.022,265.098,181.603,127.651,0.974,-1,-1,-1
67,-1,993.007,306.817,290.195,176.765,0.984,-1,-1,-1
67,-1,1152.327,441.801,366.607,248.521,0.985,-1,-1,-1
68,-1,1478.456,404.758,436.951,258.059,0.906,-1,-1,-1
68,-1,576.328,273.350,208.052,167.106,0.985,-1,-1,-1
68,-1,433.911,153.885,132.102,120.209,0.783,-1,-1,-1
68,-1,769.432,268.579,183.837,127.983,0.963,-1,-1,-1
68,-1,996.111,305.105,290.730,178.495,0.986,-1,-1,-1
68,-1,1162.550,444.051,370.987,252.459,0.982,-1,-1,-1
69,-1,1491.454,407.704,424.545,258.424,0.832,-1,-1,-1
69,-1,578.444,276.414,214.075,164.381,0.992,-1,-1,-1
69,-1,437.941,154.625,133.340,120.336,0.752,-1,-1,-1
69,-1,776.203,270.797,187.442,128.624,0.970,-1,-1,-1
69,-1,996.639,305.675,292.373,180.816,0.989,-1,-1,-1
69,-1,1174.253,446.641,372.060,254.624,0.980,-1,-1,-1
70,-1,1502.442,417.864,413.939,252.869,0.821,-1,-1,-1
70,-1,589.736,279.695,210.858,165.726,0.992,-1,-1,-1
70,-1,441.869,155.360,134.151,121.276,0.617,-1,-1,-1
70,-1,783.203,272.340,190.182,129.607,0.979,-1,-1,-1
70,-1,997.666,306.665,294.950,180.594,0.988,-1,-1,-1
70,-1,1187.939,448.432,371.344,254.345,0.986,-1,-1,-1
71,-1,953.496,239.764,152.934,104.228,0.647,-1,-1,-1
71,-1,1508.133,421.482,408.683,256.480,0.814,-1,-1,-1
71,-1,598.612,284.431,213.476,165.047,0.985,-1,-1,-1
71,-1,445.994,156.054,134.582,121.947,0.697,-1,-1,-1
71,-1,792.018,275.368,190.498,128.712,0.977,-1,-1,-1
71,-1,999.853,305.683,296.807,183.792,0.989,-1,-1,-1
71,-1,1197.426,451.805,381.804,255.192,0.989,-1,-1,-1
72,-1,1518.587,423.294,398.212,256.666,0.788,-1,-1,-1
72,-1,606.693,287.336,213.542,165.846,0.980,-1,-1,-1
72,-1,448.027,155.362,137.075,123.593,0.610,-1,-1,-1
72,-1,801.817,278.159,191.712,129.609,0.951,-1,-1,-1
72,-1,938.420,233.932,147.232,102.591,0.659,-1,-1,-1
72,-1,1002.831,305.844,298.122,185.239,0.992,-1,-1,-1
72,-1,1208.223,454.292,385.484,258.075,0.988,-1,-1,-1
73,-1,601.551,289.533,228.347,169.247,0.932,-1,-1,-1
73,-1,450.423,156.649,139.434,124.718,0.558,-1,-1,-1
73,-1,809.145,281.014,192.632,129.320,0.949,-1,-1,-1
73,-1,1005.244,306.105,300.021,186.321,0.990,-1,-1,-1
73,-1,1218.103,458.080,390.346,256.922,0.991,-1,-1,-1
74,-1,591.203,292.397,252.181,173.175,0.916,-1,-1,-1
74,-1,815.835,282.265,193.095,130.343,0.919,-1,-1,-1
74,-1,1008.147,307.457,301.178,184.370,0.990,-1,-1,-1
74,-1,1237.864,462.894,387.697,256.447,0.989,-1,-1,-1
75,-1,1253.216,470.514,386.710,256.653,0.985,-1,-1,-1
75,-1,632.344,295.239,218.974,169.505,0.913,-1,-1,-1
75,-1,456.636,158.477,142.101,125.612,0.639,-1,-1,-1
75,-1,822.454,284.621,195.695,130.826,0.792,-1,-1,-1
75,-1,1011.509,307.514,300.023,185.636,0.989,-1,-1,-1
76,-1,1264.901,471.588,389.643,263.023,0.986,-1,-1,-1
76,-1,639.357,296.919,224.319,169.137,0.932,-1,-1,-1
76,-1,461.299,157.876,143.237,127.992,0.712,-1,-1,-1
76,-1,831.165,286.464,197.703,131.602,0.509,-1,-1,-1
76,-1,1013.279,307.947,301.346,187.042,0.989,-1,-1,-1
77,-1,1279.201,474.883,393.484,266.033,0.982,-1,-1,-1
77,-1,642.155,298.181,233.119,171.758,0.948,-1,-1,-1
77,-1,466.007,159.144,142.292,127.649,0.698,-1,-1,-1
77,-1,835.812,286.369,200.221,134.223,0.688,-1,-1,-1
77,-1,1016.797,307.550,300.710,188.334,0.989,-1,-1,-1
78,-1,1295.468,477.549,399.662,269.561,0.965,-1,-1,-1
78,-1,652.745,300.856,235.185,173.729,0.965,-1,-1,-1
78,-1,471.972,161.391,139.877,126.639,0.727,-1,-1,-1
78,-1,839.616,288.408,203.184,133.921,0.700,-1,-1,-1
78,-1,1020.725,307.951,299.382,188.678,0.992,-1,-1,-1
78,-1,1470.283,305.169,254.605,161.173,0.733,-1,-1,-1
79,-1,666.700,302.087,234.792,175.230,0.890,-1,-1,-1
79,-1,1306.103,483.922,404.267,266.847,0.972,-1,-1,-1
79,-1,474.324,163.042,143.660,127.071,0.586,-1,-1,-1
79,-1,660.896,303.925,238.782,175.647,0.823,-1,-1,-1
79,-1,846.034,289.108,203.520,135.680,0.623,-1,-1,-1
79,-1,1021.892,307.603,303.862,188.600,0.992,-1,-1,-1
79,-1,1440.264,303.296,247.174,154.659,0.801,-1,-1,-1
80,-1,675.542,305.095,235.206,177.253,0.968,-1,-1,-1
80,-1,1320.419,489.057,408.057,270.768,0.959,-1,-1,-1
80,-1,812.887,212.806,136.702,96.209,0.511,-1,-1,-1
80,-1,478.135,163.796,143.369,127.713,0.586,-1,-1,-1
80,-1,1025.101,308.549,305.706,187.415,0.993,-1,-1,-1
80,-1,1411.612,295.354,248.718,157.155,0.818,-1,-1,-1
81,-1,683.305,305.741,236.626,180.093,0.961,-1,-1,-1
81,-1,1335.364,493.408,410.864,272.479,0.954,-1,-1,-1
81,-1,1026.999,308.619,308.658,191.543,0.992,-1,-1,-1
81,-1,1385.509,291.872,235.730,154.019,0.918,-1,-1,-1
82,-1,690.262,307.456,241.096,181.598,0.984,-1,-1,-1
82,-1,1347.349,498.027,431.926,277.998,0.979,-1,-1,-1
82,-1,1030.684,310.155,310.275,190.738,0.993,-1,-1,-1
82,-1,1356.057,289.355,226.407,149.915,0.861,-1,-1,-1
83,-1,693.921,311.154,250.537,181.246,0.978,-1,-1,-1
83,-1,1360.430,500.666,446.723,281.255,0.966,-1,-1,-1
83,-1,1034.667,311.263,313.288,190.557,0.992,-1,-1,-1
83,-1,1332.184,285.216,219.899,145.678,0.906,-1,-1,-1
84,-1,704.043,313.731,253.817,181.879,0.981,-1,-1,-1
84,-1,1376.820,503.254,455.432,286.116,0.942,-1,-1,-1
84,-1,496.463,171.384,144.716,126.815,0.674,-1,-1,-1
84,-1,1037.012,312.417,315.196,190.671,0.990,-1,-1,-1
84,-1,1305.588,281.210,218.787,145.320,0.855,-1,-1,-1
85,-1,713.245,316.071,255.682,180.461,0.981,-1,-1,-1
85,-1,1391.266,505.792,457.871,288.654,0.945,-1,-1,-1
85,-1,1038.415,313.341,317.718,192.607,0.990,-1,-1,-1
85,-1,1281.289,277.791,212.591,142.372,0.791,-1,-1,-1
86,-1,720.055,316.940,263.048,185.308,0.978,-1,-1,-1
86,-1,1409.028,511.381,460.256,290.976,0.950,-1,-1,-1
86,-1,1046.453,315.880,313.731,191.686,0.991,-1,-1,-1
87,-1,731.333,317.559,263.140,188.443,0.982,-1,-1,-1
87,-1,1424.367,513.831,464.311,295.131,0.935,-1,-1,-1
87,-1,1053.148,320.330,314.274,188.194,0.991,-1,-1,-1
88,-1,739.958,320.092,268.952,192.030,0.987,-1,-1,-1
88,-1,1436.182,512.283,473.256,303.672,0.937,-1,-1,-1
88,-1,1057.329,322.523,316.992,188.422,0.992,-1,-1,-1
89,-1,750.522,321.868,269.523,191.862,0.991,-1,-1,-1
89,-1,1449.702,519.002,462.954,306.200,0.906,-1,-1,-1
89,-1,1059.644,325.416,321.115,189.667,0.991,-1,-1,-1
89,-1,517.144,177.492,156.729,135.437,0.878,-1,-1,-1
90,-1,758.643,325.047,279.699,192.772,0.989,-1,-1,-1
90,-1,1462.724,520.706,451.050,308.413,0.898,-1,-1,-1
90,-1,1063.847,326.728,326.283,189.709,0.991,-1,-1,-1
90,-1,517.563,180.509,158.075,134.142,0.651,-1,-1,-1
91,-1,772.501,327.283,278.895,197.878,0.986,-1,-1,-1
91,-1,1474.726,529.512,439.468,307.356,0.864,-1,-1,-1
91,-1,1068.721,324.499,328.352,193.345,0.988,-1,-1,-1
92,-1,782.112,329.288,282.791,201.882,0.984,-1,-1,-1
92,-1,1486.511,525.446,428.575,322.218,0.803,-1,-1,-1
92,-1,1072.647,325.002,327.907,193.684,0.991,-1,-1,-1
93,-1,788.674,332.385,286.208,201.680,0.987,-1,-1,-1
93,-1,1080.886,325.959,330.376,196.031,0.992,-1,-1,-1
94,-1,796.859,336.128,292.721,202.677,0.980,-1,-1,-1
94,-1,1504.995,466.878,411.380,384.574,0.516,-1,-1,-1
94,-1,1083.724,326.836,335.164,196.712,0.993,-1,-1,-1
95,-1,809.547,337.857,292.630,204.256,0.982,-1,-1,-1
95,-1,1089.241,324.928,337.590,200.777,0.991,-1,-1,-1
95,-1,542.072,184.361,169.213,139.690,0.874,-1,-1,-1
96,-1,818.121,338.486,293.586,207.309,0.979,-1,-1,-1
96,-1,1523.084,506.075,392.590,356.878,0.540,-1,-1,-1
96,-1,1094.065,327.087,341.856,202.212,0.989,-1,-1,-1
96,-1,546.701,184.286,173.045,141.357,0.900,-1,-1,-1
97,-1,826.396,340.761,298.615,210.262,0.973,-1,-1,-1
97,-1,1098.809,327.690,343.223,203.407,0.990,-1,-1,-1
97,-1,549.554,184.760,174.106,144.403,0.943,-1,-1,-1
98,-1,1098.575,328.251,349.311,205.791,0.988,-1,-1,-1
98,-1,558.812,181.931,169.480,146.499,0.949,-1,-1,-1
98,-1,834.644,344.611,301.037,209.529,0.872,-1,-1,-1
99,-1,1103.111,330.129,351.722,207.249,0.989,-1,-1,-1
99,-1,567.286,178.861,164.698,150.142,0.944,-1,-1,-1
99,-1,847.336,347.076,303.699,211.716,0.865,-1,-1,-1
100,-1,1107.803,329.851,354.901,209.351,0.987,-1,-1,-1
100,-1,576.369,184.049,158.625,144.234,0.967,-1,-1,-1
100,-1,856.801,351.327,307.339,215.747,0.859,-1,-1,-1
101,-1,1110.526,331.037,358.057,211.449,0.988,-1,-1,-1
101,-1,970.326,221.664,153.442,120.480,0.562,-1,-1,-1
101,-1,578.445,182.626,160.670,145.773,0.963,-1,-1,-1
101,-1,867.930,354.472,309.324,217.998,0.868,-1,-1,-1
102,-1,956.035,220.807,153.892,119.815,0.550,-1,-1,-1
102,-1,582.787,184.095,162.717,146.230,0.966,-1,-1,-1
102,-1,1116.605,332.833,359.337,211.806,0.976,-1,-1,-1
102,-1,877.353,355.086,317.215,219.588,0.857,-1,-1,-1
103,-1,941.516,217.429,147.410,116.686,0.859,-1,-1,-1
103,-1,584.383,183.141,167.223,149.326,0.976,-1,-1,-1
103,-1,1121.819,333.949,359.064,213.782,0.980,-1,-1,-1
103,-1,888.244,357.437,324.707,224.115,0.773,-1,-1,-1
104,-1,924.542,212.619,148.088,118.194,0.866,-1,-1,-1
104,-1,585.655,182.972,172.136,154.045,0.961,-1,-1,-1
104,-1,1127.474,335.804,359.655,214.697,0.974,-1,-1,-1
104,-1,898.649,360.633,331.946,226.122,0.540,-1,-1,-1
105,-1,906.120,210.267,152.465,116.365,0.863,-1,-1,-1
105,-1,590.161,186.718,171.363,148.031,0.954,-1,-1,-1
105,-1,1135.068,338.994,359.616,212.263,0.947,-1,-1,-1
105,-1,907.321,362.788,341.324,227.124,0.655,-1,-1,-1
106,-1,590.133,190.677,176.779,147.047,0.960,-1,-1,-1
106,-1,1135.533,339.284,365.484,213.052,0.936,-1,-1,-1
106,-1,915.399,362.366,345.194,231.470,0.705,-1,-1,-1
107,-1,942.541,339.780,557.591,253.388,0.826,-1,-1,-1
107,-1,878.237,205.279,144.627,115.166,0.902,-1,-1,-1
107,-1,598.413,192.173,173.352,148.460,0.982,-1,-1,-1
107,-1,1149.991,341.144,357.938,212.056,0.922,-1,-1,-1
107,-1,275.959,161.696,125.629,104.113,0.552,-1,-1,-1
107,-1,924.904,364.723,348.897,234.270,0.655,-1,-1,-1
108,-1,948.895,340.781,556.891,257.939,0.575,-1,-1,-1
108,-1,866.300,204.734,142.696,112.045,0.934,-1,-1,-1
108,-1,596.908,192.581,180.614,150.307,0.989,-1,-1,-1
108,-1,934.713,365.339,357.980,240.385,0.600,-1,-1,-1
108,-1,1157.903,342.326,357.036,212.155,0.929,-1,-1,-1
109,-1,854.118,204.077,142.039,110.652,0.882,-1,-1,-1
109,-1,602.848,193.160,178.057,151.115,0.982,-1,-1,-1
109,-1,1163.387,342.215,359.398,215.311,0.909,-1,-1,-1
109,-1,939.256,366.146,397.693,246.163,0.905,-1,-1,-1
110,-1,1182.672,342.701,347.784,216.284,0.505,-1,-1,-1
110,-1,839.139,200.823,142.913,108.870,0.975,-1,-1,-1
110,-1,608.036,195.770,178.686,149.895,0.964,-1,-1,-1
110,-1,1177.554,343.514,353.902,219.805,0.508,-1,-1,-1
110,-1,286.465,166.778,121.420,104.462,0.636,-1,-1,-1
110,-1,945.885,368.128,389.895,248.105,0.962,-1,-1,-1
111,-1,832.052,196.547,135.750,110.061,0.958,-1,-1,-1
111,-1,612.703,196.215,179.494,150.319,0.939,-1,-1,-1
111,-1,1174.899,344.222,358.937,217.138,0.903,-1,-1,-1
111,-1,290.289,167.334,119.876,105.797,0.627,-1,-1,-1
111,-1,961.200,372.950,384.108,246.172,0.950,-1,-1,-1
112,-1,821.067,195.768,136.514,109.423,0.946,-1,-1,-1
112,-1,623.104,197.960,176.934,149.024,0.847,-1,-1,-1
112,-1,1170.048,345.555,367.943,217.417,0.830,-1,-1,-1
112,-1,292.491,168.514,120.770,105.925,0.617,-1,-1,-1
112,-1,970.893,375.360,394.810,249.386,0.966,-1,-1,-1
113,-1,806.968,194.045,136.324,108.454,0.891,-1,-1,-1
113,-1,618.353,198.437,184.399,151.201,0.889,-1,-1,-1
113,-1,297.841,169.307,121.112,105.907,0.507,-1,-1,-1
113,-1,1167.511,347.731,376.970,217.671,0.637,-1,-1,-1
113,-1,983.468,377.502,392.390,250.766,0.967,-1,-1,-1
114,-1,798.405,192.553,132.997,108.138,0.669,-1,-1,-1
114,-1,624.936,201.138,184.752,151.433,0.823,-1,-1,-1
114,-1,298.832,170.571,124.397,106.458,0.694,-1,-1,-1
114,-1,1176.459,347.789,371.838,221.512,0.569,-1,-1,-1
114,-1,995.498,381.316,395.706,249.979,0.966,-1,-1,-1
115,-1,625.259,200.826,189.886,153.898,0.847,-1,-1,-1
115,-1,1197.729,347.472,355.919,217.995,0.641,-1,-1,-1
115,-1,1000.909,386.713,405.320,250.471,0.966,-1,-1,-1
116,-1,639.486,199.931,183.780,154.604,0.899,-1,-1,-1
116,-1,1211.423,349.119,347.875,217.283,0.558,-1,-1,-1
116,-1,1019.823,389.214,397.569,253.566,0.980,-1,-1,-1
117,-1,642.176,202.162,185.456,153.120,0.865,-1,-1,-1
117,-1,1026.810,394.929,402.416,251.912,0.985,-1,-1,-1
118,-1,642.324,200.733,189.113,157.949,0.922,-1,-1,-1
118,-1,318.155,178.686,127.124,106.087,0.552,-1,-1,-1
118,-1,1031.295,398.816,417.295,253.659,0.986,-1,-1,-1
119,-1,639.929,202.281,193.990,157.668,0.923,-1,-1,-1
119,-1,1037.703,403.262,419.704,255.428,0.987,-1,-1,-1
120,-1,641.630,201.948,197.309,159.550,0.952,-1,-1,-1
120,-1,1039.578,407.235,434.302,256.118,0.985,-1,-1,-1
121,-1,650.479,202.448,194.176,160.665,0.972,-1,-1,-1
121,-1,331.036,187.773,130.091,103.832,0.644,-1,-1,-1
121,-1,1063.541,407.600,428.293,261.813,0.992,-1,-1,-1
122,-1,656.372,203.635,192.115,160.692,0.974,-1,-1,-1
122,-1,339.376,189.449,125.842,104.304,0.695,-1,-1,-1
122,-1,1059.564,408.516,443.531,264.122,0.987,-1,-1,-1
123,-1,656.211,204.986,197.940,160.181,0.978,-1,-1,-1
123,-1,341.518,192.567,127.848,104.881,0.698,-1,-1,-1
123,-1,1058.407,409.868,454.406,267.421,0.987,-1,-1,-1
124,-1,661.465,203.089,198.521,165.093,0.991,-1,-1,-1
124,-1,344.124,195.213,129.139,103.845,0.835,-1,-1,-1
124,-1,1067.193,412.318,457.555,270.266,0.990,-1,-1,-1
125,-1,666.323,205.399,198.499,162.995,0.991,-1,-1,-1
125,-1,351.237,195.988,127.971,105.240,0.870,-1,-1,-1
125,-1,1097.025,413.107,441.453,273.697,0.994,-1,-1,-1
126,-1,670.255,205.653,197.520,163.696,0.992,-1,-1,-1
126,-1,354.696,196.960,129.238,107.341,0.839,-1,-1,-1
126,-1,1108.363,416.953,442.026,275.127,0.994,-1,-1,-1
127,-1,672.785,207.441,200.068,163.335,0.993,-1,-1,-1
127,-1,359.533,197.932,131.210,109.079,0.893,-1,-1,-1
127,-1,1123.451,418.591,437.486,274.406,0.995,-1,-1,-1
128,-1,676.580,205.922,200.092,166.701,0.994,-1,-1,-1
128,-1,363.214,199.119,133.262,110.366,0.906,-1,-1,-1
128,-1,1136.412,421.510,436.422,274.677,0.996,-1,-1,-1
129,-1,367.910,200.356,133.584,111.438,0.923,-1,-1,-1
129,-1,681.400,209.455,202.188,165.156,0.994,-1,-1,-1
129,-1,1144.757,424.570,441.931,275.041,0.996,-1,-1,-1
130,-1,374.058,201.328,132.605,113.632,0.920,-1,-1,-1
130,-1,684.928,209.915,202.899,166.210,0.996,-1,-1,-1
130,-1,1155.113,425.566,444.723,277.454,0.996,-1,-1,-1
130,-1,1031.264,336.351,239.652,156.480,0.588,-1,-1,-1
131,-1,376.440,203.187,136.617,117.302,0.913,-1,-1,-1
131,-1,688.373,210.086,205.712,169.757,0.996,-1,-1,-1
131,-1,1162.438,432.969,452.336,277.345,0.995,-1,-1,-1
132,-1,382.944,205.247,135.549,117.330,0.919,-1,-1,-1
132,-1,691.647,212.397,206.910,169.776,0.996,-1,-1,-1
132,-1,1170.975,435.513,453.437,282.017,0.994,-1,-1,-1
133,-1,389.165,208.731,137.113,117.165,0.925,-1,-1,-1
133,-1,696.738,213.763,206.224,169.944,0.994,-1,-1,-1
133,-1,1183.207,439.159,452.997,282.097,0.995,-1,-1,-1
134,-1,397.729,211.811,135.987,117.123,0.912,-1,-1,-1
134,-1,699.948,214.483,209.387,170.532,0.995,-1,-1,-1
134,-1,1192.670,442.215,454.830,281.778,0.995,-1,-1,-1
135,-1,404.037,213.526,139.112,117.687,0.896,-1,-1,-1
135,-1,1031.974,336.404,250.424,159.005,0.585,-1,-1,-1
135,-1,702.748,214.303,212.509,172.945,0.996,-1,-1,-1
135,-1,1200.369,446.951,461.628,281.709,0.996,-1,-1,-1
136,-1,408.933,214.640,139.956,119.663,0.914,-1,-1,-1
136,-1,1031.571,336.632,247.828,159.011,0.547,-1,-1,-1
136,-1,705.959,213.359,216.158,174.711,0.995,-1,-1,-1
136,-1,1209.211,450.152,466.191,282.986,0.995,-1,-1,-1
137,-1,413.252,215.803,140.161,119.715,0.957,-1,-1,-1
137,-1,1032.411,336.775,248.143,158.916,0.714,-1,-1,-1
137,-1,711.231,214.123,216.526,176.933,0.996,-1,-1,-1
137,-1,1222.537,452.506,466.756,284.577,0.994,-1,-1,-1
138,-1,418.232,217.293,141.085,122.548,0.968,-1,-1,-1
138,-1,1030.685,336.960,249.180,159.260,0.537,-1,-1,-1
138,-1,715.824,215.007,217.750,178.246,0.996,-1,-1,-1
138,-1,1231.690,456.564,472.882,285.918,0.993,-1,-1,-1
139,-1,424.008,219.086,142.193,124.626,0.978,-1,-1,-1
139,-1,720.361,216.255,219.579,179.405,0.996,-1,-1,-1
139,-1,1243.903,457.992,474.739,287.667,0.993,-1,-1,-1
140,-1,1258.525,462.024,466.620,286.836,0.837,-1,-1,-1
140,-1,430.763,222.225,145.498,124.961,0.980,-1,-1,-1
140,-1,725.283,218.153,222.040,178.913,0.996,-1,-1,-1
140,-1,1252.045,461.569,474.101,287.542,0.667,-1,-1,-1
140,-1,1030.409,336.258,250.617,161.232,0.552,-1,-1,-1
141,-1,1262.464,462.051,479.169,290.961,0.994,-1,-1,-1
141,-1,436.418,225.505,146.432,124.780,0.948,-1,-1,-1
141,-1,731.487,217.832,221.536,181.054,0.997,-1,-1,-1
142,-1,1274.547,463.593,481.627,293.749,0.993,-1,-1,-1
142,-1,443.562,226.992,145.929,126.097,0.977,-1,-1,-1
142,-1,736.562,220.383,223.511,180.144,0.997,-1,-1,-1
143,-1,1283.119,464.876,484.867,300.869,0.991,-1,-1,-1
143,-1,448.757,228.194,147.970,128.019,0.982,-1,-1,-1
143,-1,741.179,220.745,224.671,181.810,0.996,-1,-1,-1
143,-1,1031.104,335.963,253.014,162.282,0.622,-1,-1,-1
144,-1,1291.050,465.898,490.483,304.361,0.987,-1,-1,-1
144,-1,454.908,233.447,148.245,126.330,0.984,-1,-1,-1
144,-1,746.368,220.737,226.597,185.316,0.997,-1,-1,-1
144,-1,1200.035,351.024,393.523,191.152,0.610,-1,-1,-1
145,-1,1302.959,468.046,495.670,305.612,0.985,-1,-1,-1
145,-1,460.837,234.345,148.242,128.410,0.971,-1,-1,-1
145,-1,750.153,220.863,230.149,188.410,0.997,-1,-1,-1
145,-1,1198.840,351.575,395.898,193.299,0.620,-1,-1,-1
146,-1,1310.483,466.544,500.838,308.758,0.979,-1,-1,-1
146,-1,467.981,236.740,148.950,130.461,0.961,-1,-1,-1
146,-1,753.665,220.610,233.087,189.757,0.996,-1,-1,-1
146,-1,1195.936,350.954,401.259,194.916,0.601,-1,-1,-1
147,-1,1311.476,471.405,509.130,307.056,0.959,-1,-1,-1
147,-1,473.908,236.670,151.227,134.172,0.950,-1,-1,-1
147,-1,759.591,220.788,233.532,190.756,0.995,-1,-1,-1
147,-1,1194.113,350.959,403.591,196.796,0.667,-1,-1,-1
148,-1,1330.762,474.624,500.600,309.160,0.979,-1,-1,-1
148,-1,480.110,239.160,155.868,137.366,0.912,-1,-1,-1
148,-1,764.536,221.990,234.011,191.542,0.994,-1,-1,-1
148,-1,1196.250,351.610,402.811,200.341,0.767,-1,-1,-1
149,-1,1337.609,478.398,511.155,308.596,0.968,-1,-1,-1
149,-1,487.156,241.136,162.743,141.579,0.932,-1,-1,-1
149,-1,770.647,223.114,232.983,191.172,0.995,-1,-1,-1
149,-1,1198.362,351.740,398.419,201.439,0.775,-1,-1,-1
150,-1,1342.620,481.128,516.646,309.310,0.966,-1,-1,-1
150,-1,492.872,240.744,167.058,146.408,0.980,-1,-1,-1
150,-1,776.096,225.058,232.102,190.760,0.993,-1,-1,-1
150,-1,1197.747,351.719,396.788,202.507,0.741,-1,-1,-1
151,-1,1350.115,480.014,514.907,314.380,0.958,-1,-1,-1
151,-1,499.376,243.311,171.959,149.532,0.958,-1,-1,-1
151,-1,780.677,227.396,233.173,190.051,0.993,-1,-1,-1
151,-1,1199.236,351.132,402.280,205.121,0.595,-1,-1,-1
152,-1,1365.147,485.768,506.351,311.557,0.967,-1,-1,-1
152,-1,506.549,245.271,170.903,153.825,0.952,-1,-1,-1
152,-1,783.731,228.264,234.971,189.499,0.993,-1,-1,-1
152,-1,1206.064,351.642,440.024,207.290,0.530,-1,-1,-1
152,-1,1036.045,337.585,246.782,159.421,0.531,-1,-1,-1
153,-1,1372.843,487.256,508.781,314.957,0.962,-1,-1,-1
153,-1,515.787,246.967,164.300,156.296,0.884,-1,-1,-1
153,-1,786.238,228.386,236.599,191.857,0.994,-1,-1,-1
153,-1,1211.931,350.960,493.271,211.789,0.846,-1,-1,-1
154,-1,1375.046,486.995,519.396,319.695,0.957,-1,-1,-1
154,-1,521.602,246.527,162.143,164.487,0.886,-1,-1,-1
154,-1,790.035,229.341,237.413,191.573,0.994,-1,-1,-1
154,-1,1199.080,349.379,439.917,211.354,0.828,-1,-1,-1
155,-1,1383.901,484.415,524.399,325.660,0.941,-1,-1,-1
155,-1,535.141,255.833,182.258,162.454,0.962,-1,-1,-1
155,-1,793.294,230.807,236.951,191.061,0.993,-1,-1,-1
155,-1,1193.722,347.264,429.100,215.737,0.842,-1,-1,-1
155,-1,1031.736,335.541,249.428,164.468,0.556,-1,-1,-1
156,-1,1376.031,487.158,537.205,326.353,0.876,-1,-1,-1
156,-1,540.930,257.670,186.952,162.926,0.971,-1,-1,-1
156,-1,796.833,232.760,238.035,189.380,0.993,-1,-1,-1
156,-1,1196.049,343.917,415.885,220.487,0.897,-1,-1,-1
157,-1,1401.397,487.408,512.082,331.880,0.939,-1,-1,-1
157,-1,549.499,267.619,187.363,157.856,0.977,-1,-1,-1
157,-1,800.115,234.642,238.488,189.300,0.994,-1,-1,-1
157,-1,1195.847,342.598,415.950,224.280,0.903,-1,-1,-1
157,-1,1032.229,335.073,245.849,164.826,0.570,-1,-1,-1
158,-1,1406.499,488.552,507.299,335.555,0.946,-1,-1,-1
158,-1,556.291,272.100,190.179,158.359,0.959,-1,-1,-1
158,-1,802.358,235.905,238.710,188.104,0.994,-1,-1,-1
158,-1,1195.751,344.150,414.458,222.484,0.908,-1,-1,-1
158,-1,1032.361,335.426,240.645,163.748,0.557,-1,-1,-1
159,-1,1415.279,490.728,499.084,338.309,0.928,-1,-1,-1
159,-1,566.912,276.643,193.090,160.039,0.967,-1,-1,-1
159,-1,804.640,235.930,239.378,188.679,0.996,-1,-1,-1
159,-1,1146.375,345.212,461.774,219.885,0.938,-1,-1,-1
160,-1,1420.884,495.100,493.852,338.488,0.909,-1,-1,-1
160,-1,571.685,278.924,200.797,168.552,0.954,-1,-1,-1
160,-1,806.963,236.151,238.492,189.496,0.995,-1,-1,-1
160,-1,1084.690,347.865,526.139,217.629,0.958,-1,-1,-1
161,-1,1429.594,494.265,485.530,343.604,0.926,-1,-1,-1
161,-1,1210.844,352.403,407.475,216.342,0.834,-1,-1,-1
161,-1,576.696,279.062,206.067,167.181,0.964,-1,-1,-1
161,-1,807.989,235.778,239.220,190.673,0.995,-1,-1,-1
162,-1,1438.303,496.037,476.874,348.281,0.873,-1,-1,-1
162,-1,1219.857,352.003,401.483,216.760,0.941,-1,-1,-1
162,-1,583.585,283.950,210.720,167.016,0.959,-1,-1,-1
162,-1,808.805,236.792,240.967,191.221,0.992,-1,-1,-1
162,-1,1034.535,333.904,245.450,163.280,0.753,-1,-1,-1
163,-1,1444.185,498.250,471.036,349.871,0.846,-1,-1,-1
163,-1,1222.710,352.057,403.625,217.416,0.960,-1,-1,-1
163,-1,592.333,285.782,214.208,167.571,0.925,-1,-1,-1
163,-1,810.495,238.764,240.363,189.654,0.990,-1,-1,-1
163,-1,1036.775,336.393,240.463,160.459,0.769,-1,-1,-1
164,-1,1453.614,500.372,461.572,352.643,0.810,-1,-1,-1
164,-1,1225.098,352.551,404.337,218.478,0.969,-1,-1,-1
164,-1,600.812,290.748,217.844,166.107,0.880,-1,-1,-1
164,-1,811.761,238.973,241.359,190.456,0.985,-1,-1,-1
164,-1,1037.347,337.149,245.947,161.470,0.701,-1,-1,-1
165,-1,1460.571,502.454,454.652,355.703,0.785,-1,-1,-1
165,-1,1228.719,354.129,405.697,217.918,0.967,-1,-1,-1
165,-1,609.279,293.651,220.507,171.111,0.792,-1,-1,-1
165,-1,813.593,238.689,240.316,190.554,0.975,-1,-1,-1
165,-1,1036.934,337.018,250.605,161.178,0.722,-1,-1,-1
166,-1,1466.182,504.568,448.909,356.462,0.793,-1,-1,-1
166,-1,1238.545,354.401,401.138,219.299,0.977,-1,-1,-1
166,-1,590.631,296.415,257.359,175.086,0.671,-1,-1,-1
166,-1,814.929,239.525,240.908,191.218,0.955,-1,-1,-1
166,-1,1035.636,337.105,255.692,160.460,0.586,-1,-1,-1
167,-1,1474.495,507.580,440.673,354.948,0.780,-1,-1,-1
167,-1,1245.661,356.769,401.865,218.584,0.980,-1,-1,-1
167,-1,597.782,297.203,262.703,177.542,0.563,-1,-1,-1
167,-1,814.684,239.623,243.632,192.665,0.932,-1,-1,-1
167,-1,1037.480,337.030,253.868,159.354,0.734,-1,-1,-1
168,-1,1482.635,508.955,432.367,357.586,0.813,-1,-1,-1
168,-1,1249.878,358.353,404.824,219.247,0.981,-1,-1,-1
168,-1,811.902,240.304,250.835,195.207,0.919,-1,-1,-1
168,-1,633.790,302.864,238.356,175.391,0.646,-1,-1,-1
168,-1,1037.467,336.151,253.839,159.821,0.829,-1,-1,-1
169,-1,1489.253,508.926,425.597,361.675,0.749,-1,-1,-1
169,-1,1255.105,359.660,409.958,217.832,0.982,-1,-1,-1
169,-1,1602.347,354.619,307.945,153.653,0.662,-1,-1,-1
169,-1,812.899,239.875,253.622,195.076,0.857,-1,-1,-1
169,-1,651.534,306.079,235.718,175.068,0.743,-1,-1,-1
169,-1,1037.471,336.185,257.871,160.379,0.837,-1,-1,-1
170,-1,1496.208,510.986,418.652,361.562,0.613,-1,-1,-1
170,-1,1260.886,359.764,412.759,219.079,0.978,-1,-1,-1
170,-1,811.068,239.095,257.448,195.727,0.869,-1,-1,-1
170,-1,664.423,310.656,239.548,176.151,0.826,-1,-1,-1
170,-1,1038.767,336.465,265.422,160.103,0.891,-1,-1,-1
171,-1,673.015,313.288,245.151,177.479,0.673,-1,-1,-1
171,-1,1503.540,512.789,411.099,362.678,0.597,-1,-1,-1
171,-1,1267.573,360.475,424.807,222.110,0.965,-1,-1,-1
171,-1,810.166,238.330,259.093,198.942,0.919,-1,-1,-1
171,-1,1041.189,338.357,263.801,159.341,0.885,-1,-1,-1
172,-1,686.250,318.961,242.440,174.377,0.863,-1,-1,-1
172,-1,1513.488,513.652,401.000,364.268,0.535,-1,-1,-1
172,-1,1272.599,362.552,422.535,222.457,0.978,-1,-1,-1
172,-1,809.705,238.101,258.812,202.061,0.870,-1,-1,-1
172,-1,1042.428,339.010,264.566,158.913,0.883,-1,-1,-1
173,-1,693.197,319.564,251.280,177.675,0.874,-1,-1,-1
173,-1,1278.290,363.243,419.808,222.690,0.988,-1,-1,-1
173,-1,804.370,238.014,264.771,206.815,0.730,-1,-1,-1
173,-1,1043.416,339.461,265.493,158.677,0.904,-1,-1,-1
174,-1,703.047,321.945,255.795,179.936,0.898,-1,-1,-1
174,-1,1286.609,366.464,418.128,224.207,0.990,-1,-1,-1
174,-1,806.937,238.932,263.806,205.295,0.563,-1,-1,-1
174,-1,1045.785,340.014,264.184,157.647,0.898,-1,-1,-1
175,-1,712.999,327.278,263.509,178.197,0.942,-1,-1,-1
175,-1,1296.108,372.178,418.962,221.414,0.984,-1,-1,-1
175,-1,1046.027,340.114,268.700,158.182,0.924,-1,-1,-1
176,-1,727.238,331.003,261.677,177.803,0.963,-1,-1,-1
176,-1,1301.285,373.816,421.557,222.392,0.986,-1,-1,-1
176,-1,1046.657,340.104,268.355,158.421,0.949,-1,-1,-1
177,-1,737.637,330.184,272.837,186.404,0.979,-1,-1,-1
177,-1,1305.485,372.642,427.263,224.995,0.987,-1,-1,-1
177,-1,1047.426,340.357,269.730,157.960,0.962,-1,-1,-1
178,-1,748.997,333.409,275.907,187.123,0.984,-1,-1,-1
178,-1,1313.025,375.010,432.613,225.063,0.990,-1,-1,-1
178,-1,1051.258,340.498,267.169,158.616,0.969,-1,-1,-1
179,-1,761.584,337.319,278.365,190.498,0.985,-1,-1,-1
179,-1,1318.869,377.154,437.503,226.907,0.992,-1,-1,-1
179,-1,1053.909,340.436,268.971,158.717,0.957,-1,-1,-1
180,-1,774.081,338.360,286.042,194.396,0.986,-1,-1,-1
180,-1,1329.034,378.037,436.353,225.649,0.991,-1,-1,-1
180,-1,1054.147,341.770,271.836,158.455,0.931,-1,-1,-1
181,-1,785.527,340.735,287.394,196.526,0.979,-1,-1,-1
181,-1,1334.881,379.021,440.771,227.432,0.991,-1,-1,-1
181,-1,1056.203,341.097,278.402,160.796,0.962,-1,-1,-1
182,-1,795.590,343.987,293.937,198.829,0.987,-1,-1,-1
182,-1,1340.885,380.092,445.254,230.251,0.994,-1,-1,-1
182,-1,1061.453,342.267,275.256,159.666,0.970,-1,-1,-1
182,-1,714.237,216.699,138.260,97.392,0.699,-1,-1,-1
183,-1,808.207,344.671,295.274,201.260,0.990,-1,-1,-1
183,-1,1347.025,381.613,450.362,230.991,0.993,-1,-1,-1
183,-1,1061.605,343.641,280.091,160.196,0.972,-1,-1,-1
183,-1,831.937,238.478,247.474,183.772,0.569,-1,-1,-1
183,-1,700.729,212.554,137.300,95.722,0.922,-1,-1,-1
184,-1,820.133,346.925,296.734,204.342,0.986,-1,-1,-1
184,-1,1352.172,383.441,453.673,230.746,0.992,-1,-1,-1
184,-1,1061.944,345.086,282.534,159.799,0.970,-1,-1,-1
184,-1,688.444,210.619,136.101,93.414,0.882,-1,-1,-1
185,-1,1360.110,384.904,453.634,233.851,0.992,-1,-1,-1
185,-1,1065.963,345.665,282.417,161.516,0.934,-1,-1,-1
185,-1,833.854,237.102,245.626,172.674,0.545,-1,-1,-1
185,-1,677.455,207.053,133.463,93.342,0.920,-1,-1,-1
185,-1,827.573,352.703,315.724,203.161,0.972,-1,-1,-1
186,-1,1370.052,386.838,454.732,233.491,0.990,-1,-1,-1
186,-1,1067.154,347.092,288.019,162.175,0.941,-1,-1,-1
186,-1,1143.430,265.652,185.377,121.474,0.504,-1,-1,-1
186,-1,835.287,238.045,241.007,172.846,0.774,-1,-1,-1
186,-1,670.583,203.981,127.673,91.357,0.840,-1,-1,-1
186,-1,838.010,358.055,324.685,206.002,0.960,-1,-1,-1
187,-1,1376.501,386.931,458.567,236.771,0.992,-1,-1,-1
187,-1,1079.177,346.719,283.293,165.149,0.919,-1,-1,-1
187,-1,833.579,237.049,245.020,179.425,0.861,-1,-1,-1
187,-1,851.863,359.903,324.875,211.050,0.980,-1,-1,-1
187,-1,1116.528,260.387,188.390,122.677,0.735,-1,-1,-1
188,-1,1381.072,388.240,460.719,237.811,0.991,-1,-1,-1
188,-1,1086.426,346.474,284.040,168.850,0.857,-1,-1,-1
188,-1,829.682,236.870,246.194,184.997,0.885,-1,-1,-1
188,-1,861.546,361.439,331.836,215.266,0.970,-1,-1,-1
188,-1,1098.728,256.844,183.040,122.147,0.734,-1,-1,-1
189,-1,1386.702,388.079,461.756,239.768,0.993,-1,-1,-1
189,-1,1088.198,348.010,291.896,171.601,0.752,-1,-1,-1
189,-1,829.131,236.811,247.562,187.033,0.887,-1,-1,-1
189,-1,869.934,362.764,340.122,218.663,0.976,-1,-1,-1
189,-1,1081.306,254.268,181.439,120.648,0.646,-1,-1,-1
190,-1,1392.716,388.993,460.779,239.350,0.994,-1,-1,-1
190,-1,1093.879,349.576,295.640,173.396,0.791,-1,-1,-1
190,-1,827.670,237.325,251.513,192.313,0.868,-1,-1,-1
190,-1,883.515,364.001,353.243,222.216,0.982,-1,-1,-1
190,-1,1068.947,252.123,170.326,118.376,0.548,-1,-1,-1
191,-1,1396.443,390.605,463.515,242.095,0.992,-1,-1,-1
191,-1,1106.074,352.018,295.648,177.223,0.688,-1,-1,-1
191,-1,603.443,187.561,128.558,97.045,0.651,-1,-1,-1
191,-1,827.919,238.519,257.921,195.410,0.900,-1,-1,-1
191,-1,896.042,366.543,363.386,225.320,0.963,-1,-1,-1
192,-1,1401.302,392.299,465.798,242.126,0.991,-1,-1,-1
192,-1,1111.792,353.837,297.944,179.068,0.517,-1,-1,-1
192,-1,593.238,185.215,128.854,97.846,0.742,-1,-1,-1
192,-1,829.548,238.582,260.400,197.651,0.902,-1,-1,-1
192,-1,906.277,367.131,373.918,229.388,0.975,-1,-1,-1
193,-1,1407.409,392.865,468.118,241.817,0.992,-1,-1,-1
193,-1,1111.698,354.435,307.436,178.482,0.536,-1,-1,-1
193,-1,831.189,237.743,262.424,201.244,0.932,-1,-1,-1
193,-1,919.914,370.328,390.275,232.030,0.960,-1,-1,-1
194,-1,1412.903,394.410,470.094,240.970,0.991,-1,-1,-1
194,-1,834.809,239.093,258.970,200.937,0.922,-1,-1,-1
194,-1,930.145,375.227,380.532,233.792,0.980,-1,-1,-1
195,-1,1418.777,395.039,470.500,241.615,0.991,-1,-1,-1
195,-1,837.415,239.570,257.688,200.897,0.943,-1,-1,-1
195,-1,945.222,377.668,382.278,236.058,0.984,-1,-1,-1
196,-1,1420.105,396.142,474.970,243.190,0.988,-1,-1,-1
196,-1,839.968,239.399,255.227,200.546,0.974,-1,-1,-1
196,-1,953.825,378.611,383.805,242.867,0.981,-1,-1,-1
197,-1,1425.802,398.000,472.733,244.142,0.990,-1,-1,-1
197,-1,841.811,238.896,254.269,200.169,0.987,-1,-1,-1
197,-1,966.353,385.256,384.059,240.793,0.978,-1,-1,-1
198,-1,1430.253,398.272,475.969,247.308,0.987,-1,-1,-1
198,-1,843.961,238.865,251.943,201.215,0.993,-1,-1,-1
198,-1,286.730,162.912,127.178,107.599,0.796,-1,-1,-1
198,-1,979.765,389.524,387.546,242.822,0.981,-1,-1,-1
199,-1,1432.241,400.367,475.858,246.296,0.987,-1,-1,-1
199,-1,845.162,239.128,254.740,203.202,0.995,-1,-1,-1
199,-1,993.864,393.312,388.642,245.658,0.985,-1,-1,-1
200,-1,1436.505,400.425,476.182,248.875,0.980,-1,-1,-1
200,-1,846.158,237.619,255.354,205.192,0.994,-1,-1,-1
200,-1,1006.252,398.518,393.643,247.240,0.982,-1,-1,-1
201,-1,1438.536,401.404,475.678,250.136,0.971,-1,-1,-1
201,-1,847.798,236.169,256.173,207.565,0.994,-1,-1,-1
201,-1,1021.411,398.917,396.042,252.644,0.989,-1,-1,-1
202,-1,1440.387,401.945,475.009,251.443,0.969,-1,-1,-1
202,-1,849.183,237.405,257.740,207.349,0.995,-1,-1,-1
202,-1,1032.366,402.585,400.535,254.092,0.990,-1,-1,-1
203,-1,1443.482,403.458,472.171,252.024,0.956,-1,-1,-1
203,-1,319.482,173.454,127.559,103.404,0.519,-1,-1,-1
203,-1,849.440,240.559,258.821,203.951,0.996,-1,-1,-1
203,-1,1042.259,406.609,405.699,257.272,0.991,-1,-1,-1
204,-1,1450.120,402.753,465.888,253.708,0.955,-1,-1,-1
204,-1,326.720,175.062,126.993,103.221,0.716,-1,-1,-1
204,-1,851.350,243.005,257.216,202.278,0.996,-1,-1,-1
204,-1,1053.024,410.561,412.597,258.851,0.991,-1,-1,-1
205,-1,1456.508,402.796,460.012,255.700,0.938,-1,-1,-1
205,-1,330.050,176.472,131.221,107.263,0.745,-1,-1,-1
205,-1,854.593,242.984,256.761,203.531,0.996,-1,-1,-1
205,-1,1067.767,411.119,414.388,263.424,0.993,-1,-1,-1
206,-1,1463.101,404.865,453.781,255.325,0.940,-1,-1,-1
206,-1,335.158,179.374,130.743,106.135,0.817,-1,-1,-1
206,-1,855.693,243.307,258.988,204.050,0.997,-1,-1,-1
206,-1,1077.603,411.452,422.698,269.014,0.992,-1,-1,-1
207,-1,1466.884,405.905,450.369,256.564,0.877,-1,-1,-1
207,-1,344.503,181.906,129.158,106.405,0.792,-1,-1,-1
207,-1,857.218,243.537,261.749,205.846,0.996,-1,-1,-1
207,-1,1091.483,415.612,426.861,273.412,0.992,-1,-1,-1
208,-1,1468.498,406.650,449.110,260.274,0.806,-1,-1,-1
208,-1,350.043,185.807,129.978,104.972,0.830,-1,-1,-1
208,-1,859.203,242.647,264.622,207.072,0.997,-1,-1,-1
208,-1,1105.081,419.573,430.018,272.688,0.992,-1,-1,-1
209,-1,774.511,198.371,132.903,94.674,0.566,-1,-1,-1
209,-1,1475.942,408.715,441.688,263.131,0.792,-1,-1,-1
209,-1,351.820,187.184,135.691,107.370,0.949,-1,-1,-1
209,-1,862.028,242.676,265.865,207.842,0.997,-1,-1,-1
209,-1,1116.923,425.823,438.027,272.053,0.993,-1,-1,-1
210,-1,357.670,188.301,137.271,109.790,0.958,-1,-1,-1
210,-1,864.830,242.418,268.073,208.898,0.997,-1,-1,-1
210,-1,1491.387,410.740,426.580,264.057,0.759,-1,-1,-1
210,-1,1132.436,426.229,444.831,275.633,0.993,-1,-1,-1
211,-1,750.351,194.833,130.339,94.554,0.541,-1,-1,-1
211,-1,361.493,190.603,138.803,110.905,0.966,-1,-1,-1
211,-1,868.479,244.011,266.711,208.637,0.997,-1,-1,-1
211,-1,1499.713,413.053,418.199,262.858,0.742,-1,-1,-1
211,-1,1145.107,435.827,447.434,275.756,0.994,-1,-1,-1
212,-1,741.233,193.723,127.526,92.968,0.545,-1,-1,-1
212,-1,366.409,193.107,139.057,111.371,0.973,-1,-1,-1
212,-1,870.359,245.165,268.303,207.485,0.997,-1,-1,-1
212,-1,1509.325,416.557,408.714,262.806,0.586,-1,-1,-1
212,-1,1157.366,440.510,453.985,277.783,0.995,-1,-1,-1
213,-1,728.408,189.476,129.293,94.951,0.822,-1,-1,-1
213,-1,373.832,196.261,138.847,111.410,0.980,-1,-1,-1
213,-1,1518.954,419.367,399.044,263.770,0.504,-1,-1,-1
213,-1,874.364,245.304,266.896,206.950,0.998,-1,-1,-1
213,-1,1165.408,445.983,460.916,277.406,0.994,-1,-1,-1
214,-1,717.446,187.356,127.747,92.546,0.938,-1,-1,-1
214,-1,379.795,198.241,140.996,112.630,0.984,-1,-1,-1
214,-1,878.895,246.509,267.127,206.095,0.998,-1,-1,-1
214,-1,1178.502,445.996,460.800,283.083,0.994,-1,-1,-1
215,-1,708.264,186.351,125.020,90.781,0.895,-1,-1,-1
215,-1,387.521,200.141,142.885,115.477,0.982,-1,-1,-1
215,-1,879.474,245.703,270.333,208.336,0.998,-1,-1,-1
215,-1,1192.901,451.648,461.548,285.269,0.994,-1,-1,-1
216,-1,699.023,184.001,121.371,90.224,0.694,-1,-1,-1
216,-1,394.911,202.118,143.576,115.303,0.978,-1,-1,-1
216,-1,882.977,245.610,270.128,209.739,0.998,-1,-1,-1
216,-1,1206.842,454.718,467.450,287.328,0.993,-1,-1,-1
217,-1,688.490,180.871,121.490,89.615,0.766,-1,-1,-1
217,-1,404.477,203.998,144.274,116.648,0.979,-1,-1,-1
217,-1,886.904,247.455,271.730,208.926,0.998,-1,-1,-1
217,-1,1219.646,456.198,470.595,288.264,0.992,-1,-1,-1
218,-1,680.721,179.456,120.690,88.891,0.798,-1,-1,-1
218,-1,410.994,206.559,145.670,118.476,0.983,-1,-1,-1
218,-1,891.872,248.740,271.089,210.348,0.997,-1,-1,-1
218,-1,1235.769,457.880,469.758,291.940,0.991,-1,-1,-1
219,-1,417.244,208.766,147.818,120.423,0.986,-1,-1,-1
219,-1,895.533,249.329,272.551,211.010,0.996,-1,-1,-1
219,-1,1247.789,458.634,476.089,296.880,0.991,-1,-1,-1
220,-1,423.451,210.467,150.455,122.329,0.987,-1,-1,-1
220,-1,899.041,250.249,273.845,211.785,0.995,-1,-1,-1
220,-1,1257.336,460.918,483.429,297.122,0.991,-1,-1,-1
221,-1,1268.403,464.115,483.900,299.214,0.980,-1,-1,-1
221,-1,430.658,212.762,152.074,123.535,0.979,-1,-1,-1
221,-1,901.369,249.490,277.065,212.939,0.997,-1,-1,-1
222,-1,1280.653,470.710,487.767,301.120,0.991,-1,-1,-1
222,-1,436.344,215.233,155.548,123.982,0.978,-1,-1,-1
222,-1,905.511,250.692,277.619,212.319,0.997,-1,-1,-1
223,-1,1289.406,475.148,495.897,302.450,0.990,-1,-1,-1
223,-1,445.896,218.444,155.288,124.985,0.985,-1,-1,-1
223,-1,1270.877,391.048,336.161,168.894,0.539,-1,-1,-1
223,-1,910.270,250.808,278.985,213.839,0.997,-1,-1,-1
224,-1,1300.898,475.907,500.981,305.447,0.988,-1,-1,-1
224,-1,454.427,220.362,153.562,127.169,0.987,-1,-1,-1
224,-1,915.480,253.093,278.975,213.162,0.997,-1,-1,-1
225,-1,1311.384,480.012,507.004,305.888,0.987,-1,-1,-1
225,-1,461.983,221.971,151.827,130.032,0.977,-1,-1,-1
225,-1,921.833,253.942,278.870,214.853,0.997,-1,-1,-1
226,-1,1325.061,482.416,509.704,306.603,0.987,-1,-1,-1
226,-1,468.258,225.878,155.513,131.110,0.980,-1,-1,-1
226,-1,924.766,254.831,282.380,215.602,0.997,-1,-1,-1
227,-1,1334.579,483.910,516.237,312.885,0.987,-1,-1,-1
227,-1,479.647,226.766,165.705,137.170,0.914,-1,-1,-1
227,-1,927.370,256.082,285.984,214.442,0.997,-1,-1,-1
228,-1,1344.224,488.482,522.586,312.994,0.981,-1,-1,-1
228,-1,487.363,228.278,165.061,137.316,0.731,-1,-1,-1
228,-1,932.252,256.594,285.774,216.710,0.997,-1,-1,-1
229,-1,1356.921,490.264,524.312,316.848,0.981,-1,-1,-1
229,-1,493.742,233.033,172.106,137.360,0.891,-1,-1,-1
229,-1,936.961,256.848,285.956,217.507,0.997,-1,-1,-1
230,-1,1369.890,493.190,531.686,318.150,0.985,-1,-1,-1
230,-1,503.315,237.390,170.243,138.988,0.976,-1,-1,-1
230,-1,940.931,256.186,285.181,220.100,0.997,-1,-1,-1
231,-1,1381.783,494.540,531.045,325.832,0.977,-1,-1,-1
231,-1,513.392,237.174,164.355,147.845,0.958,-1,-1,-1
231,-1,942.869,255.936,286.665,220.216,0.997,-1,-1,-1
232,-1,1392.865,495.848,520.779,331.923,0.970,-1,-1,-1
232,-1,526.263,241.293,185.006,150.794,0.974,-1,-1,-1
232,-1,944.684,256.642,287.974,219.668,0.996,-1,-1,-1
233,-1,1405.721,499.671,508.119,334.632,0.957,-1,-1,-1
233,-1,534.435,243.258,193.408,156.736,0.985,-1,-1,-1
233,-1,945.149,257.625,291.175,220.298,0.997,-1,-1,-1
234,-1,1417.269,502.083,497.309,336.897,0.954,-1,-1,-1
234,-1,541.703,253.162,202.197,152.654,0.987,-1,-1,-1
234,-1,946.120,257.794,293.723,221.180,0.998,-1,-1,-1
235,-1,1427.803,504.332,487.205,342.337,0.939,-1,-1,-1
235,-1,552.632,254.550,205.549,158.677,0.987,-1,-1,-1
235,-1,949.230,257.728,295.119,223.553,0.997,-1,-1,-1
236,-1,1435.683,506.679,479.249,349.021,0.914,-1,-1,-1
236,-1,564.181,261.101,203.381,156.800,0.994,-1,-1,-1
236,-1,953.663,258.931,294.083,222.887,0.997,-1,-1,-1
237,-1,1445.818,508.555,469.049,352.580,0.885,-1,-1,-1
237,-1,574.991,260.833,208.816,164.555,0.993,-1,-1,-1
237,-1,957.774,259.589,293.581,223.738,0.997,-1,-1,-1
238,-1,1459.874,512.588,455.075,353.502,0.855,-1,-1,-1
238,-1,582.453,262.770,214.566,161.382,0.997,-1,-1,-1
238,-1,962.839,260.091,292.721,223.657,0.997,-1,-1,-1
239,-1,1469.461,516.907,445.334,354.892,0.831,-1,-1,-1
239,-1,583.802,264.215,225.280,168.732,0.995,-1,-1,-1
239,-1,965.430,259.626,292.845,224.589,0.997,-1,-1,-1
240,-1,1479.150,520.287,435.686,354.617,0.833,-1,-1,-1
240,-1,586.218,271.826,242.078,171.290,0.993,-1,-1,-1
240,-1,967.111,258.413,292.901,227.182,0.997,-1,-1,-1
241,-1,1489.239,525.692,425.380,353.660,0.728,-1,-1,-1
241,-1,599.934,279.716,249.559,173.568,0.992,-1,-1,-1
241,-1,968.566,258.554,295.265,227.794,0.998,-1,-1,-1
242,-1,1498.667,530.013,415.803,351.647,0.738,-1,-1,-1
242,-1,634.653,284.047,223.924,172.810,0.971,-1,-1,-1
242,-1,969.830,258.548,297.035,228.746,0.998,-1,-1,-1
243,-1,1511.324,533.166,403.181,351.829,0.643,-1,-1,-1
243,-1,1482.837,439.356,392.731,180.023,0.503,-1,-1,-1
243,-1,654.675,286.219,219.963,173.053,0.982,-1,-1,-1
243,-1,970.687,259.406,299.199,229.673,0.997,-1,-1,-1
244,-1,1519.637,537.484,394.823,349.569,0.591,-1,-1,-1
244,-1,645.100,288.568,247.728,177.932,0.977,-1,-1,-1
244,-1,972.482,259.698,299.930,229.572,0.996,-1,-1,-1
245,-1,661.779,292.767,250.931,180.447,0.988,-1,-1,-1
245,-1,1529.230,540.044,385.499,350.266,0.573,-1,-1,-1
245,-1,976.032,260.564,298.687,229.489,0.996,-1,-1,-1
246,-1,669.328,296.485,262.142,181.740,0.992,-1,-1,-1
246,-1,979.408,261.146,298.096,230.192,0.995,-1,-1,-1
247,-1,684.523,298.796,261.989,186.448,0.993,-1,-1,-1
247,-1,981.730,262.310,298.704,229.446,0.994,-1,-1,-1
248,-1,694.938,301.961,272.611,188.054,0.991,-1,-1,-1
248,-1,983.738,262.690,300.397,231.031,0.992,-1,-1,-1
249,-1,701.260,304.796,285.441,193.702,0.990,-1,-1,-1
249,-1,985.556,261.910,301.888,232.960,0.991,-1,-1,-1
250,-1,716.727,307.272,291.243,199.185,0.987,-1,-1,-1
250,-1,986.953,263.850,303.133,232.339,0.990,-1,-1,-1
251,-1,732.111,311.334,294.174,198.794,0.989,-1,-1,-1
251,-1,989.560,264.463,306.737,232.973,0.986,-1,-1,-1
252,-1,741.084,314.087,304.139,200.759,0.979,-1,-1,-1
252,-1,987.371,264.721,313.828,233.229,0.978,-1,-1,-1
253,-1,753.319,316.192,318.221,206.665,0.947,-1,-1,-1
253,-1,1551.033,458.267,364.737,190.710,0.626,-1,-1,-1
253,-1,987.410,265.046,317.156,234.206,0.964,-1,-1,-1
254,-1,770.940,318.713,318.960,211.060,0.944,-1,-1,-1
254,-1,1552.364,458.141,363.669,191.865,0.633,-1,-1,-1
254,-1,996.709,264.549,313.255,235.854,0.959,-1,-1,-1
255,-1,784.709,320.624,322.626,214.896,0.755,-1,-1,-1
255,-1,1552.183,458.358,363.929,192.966,0.574,-1,-1,-1
255,-1,991.110,267.552,322.573,236.358,0.931,-1,-1,-1
256,-1,798.187,329.437,327.135,214.509,0.613,-1,-1,-1
256,-1,1552.428,458.724,363.799,195.371,0.592,-1,-1,-1
256,-1,999.673,268.144,319.060,238.578,0.939,-1,-1,-1
257,-1,812.886,331.404,339.727,218.450,0.684,-1,-1,-1
257,-1,1551.769,458.922,364.570,198.903,0.643,-1,-1,-1
257,-1,998.899,269.304,324.280,240.129,0.937,-1,-1,-1
258,-1,824.785,333.855,350.043,224.101,0.611,-1,-1,-1
258,-1,1550.649,458.306,365.309,200.684,0.691,-1,-1,-1
258,-1,1002.690,269.189,326.172,243.625,0.903,-1,-1,-1
259,-1,839.301,338.367,357.430,229.582,0.568,-1,-1,-1
259,-1,1549.716,458.848,366.040,203.588,0.757,-1,-1,-1
259,-1,996.459,270.464,338.292,247.154,0.868,-1,-1,-1
260,-1,1550.455,458.696,365.371,205.206,0.804,-1,-1,-1
260,-1,866.031,301.406,454.060,266.382,0.967,-1,-1,-1
261,-1,1550.178,458.296,365.870,207.894,0.851,-1,-1,-1
261,-1,1013.221,270.549,333.408,245.396,0.745,-1,-1,-1
261,-1,871.030,340.051,395.157,239.034,0.973,-1,-1,-1
262,-1,1551.531,458.785,364.621,213.846,0.878,-1,-1,-1
262,-1,1023.572,277.274,328.936,239.544,0.739,-1,-1,-1
262,-1,888.210,350.626,380.891,237.628,0.984,-1,-1,-1
263,-1,1549.646,457.971,366.543,210.788,0.926,-1,-1,-1
263,-1,1026.680,273.520,331.342,243.096,0.520,-1,-1,-1
263,-1,899.216,355.748,383.292,239.322,0.984,-1,-1,-1
264,-1,1552.271,458.771,363.970,214.136,0.909,-1,-1,-1
264,-1,910.137,359.357,392.414,243.514,0.985,-1,-1,-1
265,-1,1552.325,459.675,363.810,215.471,0.885,-1,-1,-1
265,-1,927.043,363.782,394.604,245.145,0.987,-1,-1,-1
266,-1,1553.536,458.955,362.931,217.228,0.802,-1,-1,-1
266,-1,935.056,366.428,411.368,250.445,0.988,-1,-1,-1
267,-1,1554.782,460.262,361.847,218.066,0.780,-1,-1,-1
267,-1,951.624,373.338,416.181,250.459,0.991,-1,-1,-1
268,-1,1555.690,460.852,361.083,217.243,0.838,-1,-1,-1
268,-1,968.339,377.933,421.145,254.717,0.992,-1,-1,-1
269,-1,1555.837,459.277,361.089,216.983,0.894,-1,-1,-1
269,-1,984.755,381.550,426.991,259.895,0.994,-1,-1,-1
270,-1,1554.672,459.330,362.227,218.214,0.857,-1,-1,-1
270,-1,1549.993,344.279,338.945,154.971,0.656,-1,-1,-1
270,-1,996.957,387.740,434.017,262.956,0.991,-1,-1,-1
271,-1,1547.241,453.898,369.571,224.212,0.753,-1,-1,-1
271,-1,1518.428,336.799,323.235,155.426,0.739,-1,-1,-1
271,-1,1012.715,395.192,442.048,264.390,0.993,-1,-1,-1
272,-1,1555.060,458.262,362.143,219.673,0.778,-1,-1,-1
272,-1,1483.332,331.877,305.667,153.807,0.901,-1,-1,-1
272,-1,1025.553,400.256,455.131,264.077,0.993,-1,-1,-1
273,-1,1556.519,458.236,360.854,220.619,0.815,-1,-1,-1
273,-1,1449.996,327.998,292.722,149.322,0.933,-1,-1,-1
273,-1,1034.923,402.137,464.069,269.847,0.995,-1,-1,-1
274,-1,1552.957,458.330,364.083,219.715,0.875,-1,-1,-1
274,-1,1417.172,324.307,283.746,143.437,0.899,-1,-1,-1
274,-1,1043.355,407.328,480.287,271.605,0.992,-1,-1,-1
275,-1,1553.654,458.305,363.633,221.364,0.848,-1,-1,-1
275,-1,1394.469,316.734,271.359,144.062,0.777,-1,-1,-1
275,-1,1056.898,407.574,488.742,281.542,0.994,-1,-1,-1
276,-1,1549.914,457.696,367.463,223.024,0.833,-1,-1,-1
276,-1,1366.514,310.166,260.587,147.650,0.553,-1,-1,-1
276,-1,1072.387,412.623,496.049,282.027,0.994,-1,-1,-1
277,-1,1552.224,457.196,365.312,223.278,0.825,-1,-1,-1
277,-1,1091.571,418.381,499.151,280.946,0.995,-1,-1,-1
278,-1,1549.435,457.549,368.228,224.059,0.685,-1,-1,-1
278,-1,1104.559,421.765,509.226,286.820,0.994,-1,-1,-1
279,-1,1547.448,457.427,370.367,225.281,0.561,-1,-1,-1
279,-1,1111.605,425.863,520.306,289.918,0.993,-1,-1,-1
280,-1,1107.146,285.871,362.600,239.912,0.807,-1,-1,-1
280,-1,1130.356,430.760,527.499,290.518,0.991,-1,-1,-1
281,-1,1113.113,286.611,353.839,239.573,0.876,-1,-1,-1
281,-1,1146.091,437.417,528.164,290.028,0.989,-1,-1,-1
282,-1,1117.130,286.337,349.208,243.994,0.929,-1,-1,-1
282,-1,1149.947,440.878,549.738,292.966,0.990,-1,-1,-1
283,-1,1120.581,286.630,347.227,244.787,0.943,-1,-1,-1
283,-1,1170.504,445.597,551.573,295.054,0.990,-1,-1,-1
284,-1,1119.146,289.096,353.763,245.572,0.921,-1,-1,-1
284,-1,1191.214,447.954,551.185,299.877,0.987,-1,-1,-1
285,-1,1119.653,288.134,357.326,251.178,0.913,-1,-1,-1
285,-1,1207.206,450.365,558.253,303.489,0.987,-1,-1,-1
286,-1,1116.838,290.287,366.206,253.507,0.966,-1,-1,-1
286,-1,1219.826,451.930,582.600,308.985,0.980,-1,-1,-1
287,-1,1240.547,454.725,637.388,316.576,0.983,-1,-1,-1
287,-1,1122.100,292.236,365.465,251.897,0.976,-1,-1,-1
288,-1,1252.022,457.731,628.561,319.843,0.986,-1,-1,-1
288,-1,1122.775,292.995,367.794,253.436,0.983,-1,-1,-1
289,-1,1263.387,460.119,617.303,320.916,0.984,-1,-1,-1
289,-1,1125.171,292.159,368.774,256.269,0.986,-1,-1,-1
290,-1,1276.810,461.636,612.482,326.072,0.978,-1,-1,-1
290,-1,1128.329,293.022,367.298,260.118,0.987,-1,-1,-1
291,-1,1288.888,464.731,617.241,330.258,0.972,-1,-1,-1
291,-1,1010.961,248.210,173.930,117.740,0.635,-1,-1,-1
291,-1,1129.141,291.184,370.399,265.911,0.986,-1,-1,-1
292,-1,1295.096,466.028,619.526,335.365,0.961,-1,-1,-1
292,-1,993.184,245.785,191.081,116.904,0.973,-1,-1,-1
292,-1,1130.377,294.044,368.655,264.777,0.989,-1,-1,-1
293,-1,1314.569,463.982,601.812,347.860,0.934,-1,-1,-1
293,-1,976.295,243.379,185.907,116.015,0.965,-1,-1,-1
293,-1,1132.931,291.406,370.741,265.878,0.991,-1,-1,-1
294,-1,1334.027,466.608,582.737,357.932,0.954,-1,-1,-1
294,-1,1131.664,291.596,372.389,264.302,0.995,-1,-1,-1
294,-1,958.673,239.130,184.023,114.527,0.988,-1,-1,-1
295,-1,1342.261,464.403,574.625,366.661,0.944,-1,-1,-1
295,-1,1134.156,290.213,373.091,265.238,0.995,-1,-1,-1
295,-1,946.142,234.486,175.758,115.891,0.992,-1,-1,-1
296,-1,1356.858,467.668,559.848,369.266,0.879,-1,-1,-1
296,-1,1136.102,289.337,372.268,267.528,0.996,-1,-1,-1
296,-1,930.831,231.446,170.455,112.683,0.993,-1,-1,-1
297,-1,1380.549,467.336,535.034,384.852,0.865,-1,-1,-1
297,-1,1137.186,290.629,372.463,263.958,0.997,-1,-1,-1
297,-1,912.744,227.418,169.610,112.618,0.993,-1,-1,-1
298,-1,1392.448,472.270,522.649,386.030,0.863,-1,-1,-1
298,-1,1139.291,291.286,373.082,263.669,0.997,-1,-1,-1
298,-1,897.883,226.977,166.920,107.587,0.988,-1,-1,-1
299,-1,1405.989,473.706,508.793,392.742,0.852,-1,-1,-1
299,-1,1140.565,292.835,376.437,261.010,0.998,-1,-1,-1
299,-1,882.538,224.772,160.924,105.109,0.989,-1,-1,-1
300,-1,1423.022,486.283,491.021,388.311,0.746,-1,-1,-1
300,-1,1142.530,293.916,376.177,259.230,0.998,-1,-1,-1
300,-1,867.057,221.270,161.502,105.734,0.987,-1,-1,-1
301,-1,1434.171,476.453,479.767,401.179,0.630,-1,-1,-1
301,-1,1145.101,292.262,375.504,261.743,0.998,-1,-1,-1
301,-1,856.235,219.461,156.121,103.247,0.980,-1,-1,-1
302,-1,1146.432,292.674,376.251,260.874,0.998,-1,-1,-1
302,-1,844.043,215.212,150.641,104.166,0.970,-1,-1,-1
303,-1,1147.124,290.904,377.825,262.684,0.999,-1,-1,-1
303,-1,828.393,212.353,151.873,104.097,0.963,-1,-1,-1
304,-1,1147.454,291.107,378.719,262.830,0.999,-1,-1,-1
304,-1,815.054,210.576,150.710,101.766,0.965,-1,-1,-1
305,-1,1150.129,292.700,378.166,261.567,0.999,-1,-1,-1
305,-1,803.394,209.004,148.411,99.524,0.959,-1,-1,-1
306,-1,1150.114,293.490,381.161,260.883,0.999,-1,-1,-1
306,-1,790.825,205.803,147.849,99.052,0.973,-1,-1,-1
307,-1,1150.472,294.013,383.601,261.416,0.999,-1,-1,-1
307,-1,780.268,206.092,145.484,95.553,0.951,-1,-1,-1
308,-1,1151.002,293.707,384.283,261.421,0.999,-1,-1,-1
308,-1,771.123,201.654,141.194,96.729,0.927,-1,-1,-1
309,-1,1151.728,292.672,385.233,262.086,0.999,-1,-1,-1
309,-1,761.430,198.728,139.148,97.470,0.889,-1,-1,-1
310,-1,1152.527,293.034,387.843,263.148,0.999,-1,-1,-1
310,-1,748.351,197.222,138.655,95.148,0.923,-1,-1,-1
311,-1,1154.411,295.240,387.106,261.059,0.999,-1,-1,-1
311,-1,740.048,195.853,136.884,93.514,0.797,-1,-1,-1
312,-1,1158.661,295.283,385.593,262.135,0.999,-1,-1,-1
312,-1,730.426,192.715,136.945,94.652,0.909,-1,-1,-1
313,-1,1159.587,297.722,387.441,260.183,0.999,-1,-1,-1
313,-1,721.163,190.769,135.790,95.222,0.926,-1,-1,-1
314,-1,1161.040,298.322,387.146,259.671,0.999,-1,-1,-1
314,-1,709.562,189.189,136.056,95.426,0.945,-1,-1,-1
315,-1,1163.425,297.617,387.817,261.342,0.999,-1,-1,-1
315,-1,702.491,188.500,131.899,92.777,0.955,-1,-1,-1
315,-1,368.832,169.071,119.188,91.672,0.589,-1,-1,-1
316,-1,1165.506,296.715,388.357,262.338,0.999,-1,-1,-1
316,-1,694.471,186.467,130.885,91.339,0.924,-1,-1,-1
316,-1,375.196,169.383,118.715,92.868,0.667,-1,-1,-1
317,-1,1166.443,296.210,392.154,263.604,0.999,-1,-1,-1
317,-1,687.004,184.029,129.276,90.377,0.866,-1,-1,-1
317,-1,380.291,171.590,118.879,94.383,0.762,-1,-1,-1
318,-1,1169.313,297.089,394.222,264.049,0.999,-1,-1,-1
318,-1,679.406,181.866,127.077,89.932,0.735,-1,-1,-1
318,-1,383.948,173.621,121.085,94.634,0.874,-1,-1,-1
319,-1,1171.017,298.970,396.687,264.403,0.999,-1,-1,-1
319,-1,676.136,181.503,122.920,89.061,0.605,-1,-1,-1
319,-1,388.871,176.100,120.430,94.723,0.859,-1,-1,-1
320,-1,1173.085,298.507,398.166,265.576,0.999,-1,-1,-1
320,-1,395.268,179.171,119.597,95.637,0.822,-1,-1,-1
321,-1,399.864,182.999,120.551,95.904,0.779,-1,-1,-1
321,-1,1175.382,300.352,398.600,264.884,0.999,-1,-1,-1
322,-1,1181.286,303.086,398.563,262.386,0.996,-1,-1,-1
322,-1,407.222,186.205,120.239,96.104,0.888,-1,-1,-1
323,-1,1185.477,301.370,403.041,265.239,0.998,-1,-1,-1
323,-1,413.495,188.698,121.150,95.964,0.892,-1,-1,-1
324,-1,420.388,190.828,122.372,96.032,0.897,-1,-1,-1
324,-1,1191.547,302.017,404.579,267.859,0.999,-1,-1,-1
325,-1,1197.013,302.682,408.707,268.727,0.999,-1,-1,-1
325,-1,619.203,171.571,124.195,89.870,0.548,-1,-1,-1
325,-1,424.925,192.293,123.488,97.531,0.929,-1,-1,-1
326,-1,428.335,193.689,125.184,98.413,0.947,-1,-1,-1
326,-1,1206.463,303.666,409.545,271.481,0.999,-1,-1,-1
327,-1,602.535,166.143,125.742,90.973,0.504,-1,-1,-1
327,-1,432.214,195.970,125.428,99.920,0.972,-1,-1,-1
327,-1,1213.857,304.232,412.392,272.801,0.999,-1,-1,-1
328,-1,438.180,200.419,126.742,100.253,0.976,-1,-1,-1
328,-1,1223.387,307.879,414.047,271.870,0.999,-1,-1,-1
329,-1,1235.467,308.675,415.895,274.334,0.999,-1,-1,-1
329,-1,444.820,204.238,126.447,100.888,0.977,-1,-1,-1
330,-1,1245.134,306.723,419.405,278.993,0.999,-1,-1,-1
330,-1,451.406,206.662,127.036,101.423,0.977,-1,-1,-1
331,-1,1254.220,305.876,423.763,282.493,0.999,-1,-1,-1
331,-1,457.441,208.954,128.714,102.404,0.983,-1,-1,-1
332,-1,1264.520,306.362,428.587,283.098,0.999,-1,-1,-1
332,-1,463.268,212.875,129.706,102.079,0.959,-1,-1,-1
333,-1,1273.269,308.559,434.875,285.159,0.999,-1,-1,-1
333,-1,470.054,216.074,129.642,103.972,0.970,-1,-1,-1
334,-1,1284.407,309.532,437.212,289.067,0.999,-1,-1,-1
334,-1,476.363,218.172,129.354,106.939,0.976,-1,-1,-1
335,-1,1293.471,314.730,445.441,289.185,0.999,-1,-1,-1
335,-1,481.613,221.332,127.865,107.185,0.956,-1,-1,-1
336,-1,1304.421,320.504,449.729,285.030,0.999,-1,-1,-1
336,-1,491.346,225.170,124.927,108.578,0.964,-1,-1,-1
337,-1,1316.919,320.713,459.117,289.639,0.999,-1,-1,-1
337,-1,498.607,228.539,125.979,111.309,0.972,-1,-1,-1
338,-1,1330.126,324.913,461.760,290.851,0.999,-1,-1,-1
338,-1,507.868,228.195,130.650,118.108,0.976,-1,-1,-1
339,-1,1340.843,326.493,474.701,293.198,0.999,-1,-1,-1
339,-1,513.772,229.726,143.740,120.494,0.978,-1,-1,-1
340,-1,1350.545,325.673,480.336,300.145,0.999,-1,-1,-1
340,-1,519.253,236.601,151.592,119.976,0.975,-1,-1,-1
341,-1,1366.100,329.985,482.386,301.796,0.999,-1,-1,-1
341,-1,529.252,238.663,148.433,121.890,0.859,-1,-1,-1
342,-1,1377.140,330.874,481.780,305.648,0.999,-1,-1,-1
342,-1,534.936,239.194,146.487,125.868,0.959,-1,-1,-1
343,-1,1388.100,332.767,483.255,311.653,0.999,-1,-1,-1
343,-1,542.106,240.343,142.892,130.018,0.643,-1,-1,-1
344,-1,1401.502,334.183,485.312,312.559,0.998,-1,-1,-1
344,-1,559.994,256.391,161.691,122.246,0.945,-1,-1,-1
345,-1,1412.172,336.408,490.771,313.829,0.997,-1,-1,-1
345,-1,567.347,257.242,161.667,125.795,0.973,-1,-1,-1
346,-1,1416.947,331.295,497.488,325.349,0.994,-1,-1,-1
346,-1,576.519,261.156,162.362,126.262,0.991,-1,-1,-1
347,-1,1426.955,332.285,488.394,326.047,0.990,-1,-1,-1
347,-1,580.698,263.631,172.868,132.139,0.993,-1,-1,-1
348,-1,1435.645,336.355,480.586,325.077,0.985,-1,-1,-1
348,-1,588.314,266.276,176.643,138.676,0.993,-1,-1,-1
349,-1,1446.265,337.780,470.903,325.895,0.982,-1,-1,-1
349,-1,594.785,273.145,184.495,139.721,0.946,-1,-1,-1
349,-1,1316.246,306.459,193.774,129.823,0.602,-1,-1,-1
349,-1,596.980,274.805,179.990,137.723,0.808,-1,-1,-1
350,-1,1452.400,339.060,465.226,328.863,0.970,-1,-1,-1
350,-1,602.540,278.536,190.107,139.524,0.934,-1,-1,-1
350,-1,606.850,280.145,185.464,137.400,0.911,-1,-1,-1
350,-1,1296.375,298.835,219.622,130.556,0.870,-1,-1,-1
351,-1,1461.002,336.081,456.917,332.695,0.956,-1,-1,-1
351,-1,1273.698,293.654,225.627,129.161,0.962,-1,-1,-1
351,-1,626.320,287.814,180.753,134.482,0.927,-1,-1,-1
351,-1,1278.326,295.065,224.994,128.881,0.572,-1,-1,-1
352,-1,1467.187,334.502,451.054,337.367,0.964,-1,-1,-1
352,-1,1249.690,290.490,225.245,126.335,0.991,-1,-1,-1
352,-1,642.105,293.300,180.941,138.909,0.932,-1,-1,-1
353,-1,1470.412,334.534,447.843,343.107,0.973,-1,-1,-1
353,-1,1226.616,286.591,221.886,125.890,0.986,-1,-1,-1
353,-1,651.081,298.943,185.748,140.741,0.958,-1,-1,-1
354,-1,1474.526,334.687,443.870,345.785,0.977,-1,-1,-1
354,-1,1199.587,281.769,221.430,125.711,0.991,-1,-1,-1
354,-1,659.247,304.107,191.913,142.026,0.981,-1,-1,-1
355,-1,668.049,307.072,200.081,145.443,0.996,-1,-1,-1
355,-1,1480.428,332.679,438.110,348.542,0.964,-1,-1,-1
355,-1,1182.111,276.708,215.192,125.153,0.990,-1,-1,-1
356,-1,680.831,310.506,204.522,146.993,0.996,-1,-1,-1
356,-1,1482.356,337.453,436.167,343.397,0.976,-1,-1,-1
356,-1,1161.649,271.380,207.052,123.405,0.989,-1,-1,-1
357,-1,691.783,316.449,209.483,150.036,0.991,-1,-1,-1
357,-1,1487.075,336.380,431.407,345.324,0.971,-1,-1,-1
357,-1,1142.376,267.824,201.052,121.745,0.986,-1,-1,-1
358,-1,705.199,321.758,213.162,152.339,0.994,-1,-1,-1
358,-1,1489.919,335.029,428.860,347.154,0.963,-1,-1,-1
358,-1,1116.994,262.938,201.317,122.105,0.989,-1,-1,-1
359,-1,717.719,325.511,222.770,156.557,0.995,-1,-1,-1
359,-1,1491.850,336.069,427.065,345.813,0.965,-1,-1,-1
359,-1,1096.987,258.913,198.845,121.222,0.991,-1,-1,-1
360,-1,732.512,329.418,225.760,157.273,0.997,-1,-1,-1
360,-1,1494.034,333.744,424.997,348.352,0.957,-1,-1,-1
360,-1,1081.728,255.922,191.780,119.188,0.983,-1,-1,-1
361,-1,747.088,336.820,234.601,156.968,0.996,-1,-1,-1
361,-1,1498.052,334.848,421.092,348.263,0.954,-1,-1,-1
361,-1,1065.586,252.485,187.501,118.110,0.984,-1,-1,-1
362,-1,760.090,341.975,239.708,156.818,0.995,-1,-1,-1
362,-1,1498.101,334.706,421.023,350.600,0.930,-1,-1,-1
362,-1,1044.262,248.580,184.659,117.582,0.980,-1,-1,-1
363,-1,774.166,344.584,246.440,159.375,0.994,-1,-1,-1
363,-1,1487.964,334.381,431.202,347.722,0.932,-1,-1,-1
363,-1,1028.816,246.602,179.825,116.561,0.969,-1,-1,-1
364,-1,791.847,349.064,250.498,162.203,0.997,-1,-1,-1
364,-1,1490.747,339.999,428.513,341.547,0.933,-1,-1,-1
364,-1,1012.425,244.277,177.998,115.515,0.975,-1,-1,-1
365,-1,806.888,352.122,261.575,169.458,0.996,-1,-1,-1
365,-1,1486.140,337.398,433.224,344.130,0.922,-1,-1,-1
365,-1,997.233,242.967,171.908,112.497,0.986,-1,-1,-1
366,-1,1490.581,337.928,428.666,344.266,0.911,-1,-1,-1
366,-1,981.375,240.038,168.381,111.426,0.982,-1,-1,-1
366,-1,823.000,356.852,260.748,174.358,0.994,-1,-1,-1
367,-1,1485.725,336.804,433.584,346.405,0.713,-1,-1,-1
367,-1,1424.075,321.078,495.021,364.793,0.565,-1,-1,-1
367,-1,968.541,235.701,161.068,111.184,0.978,-1,-1,-1
367,-1,834.459,360.846,270.979,177.155,0.996,-1,-1,-1
368,-1,1496.264,338.890,423.092,343.761,0.905,-1,-1,-1
368,-1,950.453,232.045,163.049,110.880,0.988,-1,-1,-1
368,-1,848.095,363.713,275.590,183.561,0.997,-1,-1,-1
368,-1,1331.674,264.272,228.653,177.236,0.695,-1,-1,-1
369,-1,1495.454,335.822,423.968,346.280,0.901,-1,-1,-1
369,-1,936.511,228.780,157.736,109.836,0.986,-1,-1,-1
369,-1,866.581,369.699,282.966,186.501,0.996,-1,-1,-1
369,-1,1310.963,255.114,237.877,178.065,0.580,-1,-1,-1
370,-1,1497.961,337.862,421.341,343.208,0.919,-1,-1,-1
370,-1,918.407,225.775,159.149,109.670,0.983,-1,-1,-1
370,-1,879.791,374.222,289.593,192.638,0.996,-1,-1,-1
370,-1,1291.158,256.957,244.799,170.464,0.742,-1,-1,-1
371,-1,1499.329,340.873,420.039,341.891,0.905,-1,-1,-1
371,-1,904.843,225.828,157.992,103.470,0.982,-1,-1,-1
371,-1,895.661,379.002,300.783,196.184,0.995,-1,-1,-1
371,-1,1271.641,245.597,278.520,180.225,0.918,-1,-1,-1
372,-1,1499.938,340.393,419.406,342.693,0.912,-1,-1,-1
372,-1,889.445,224.472,151.188,100.826,0.950,-1,-1,-1
372,-1,913.806,386.000,308.360,198.282,0.994,-1,-1,-1
372,-1,1250.378,245.902,275.714,175.457,0.930,-1,-1,-1
373,-1,1501.204,342.188,418.168,341.756,0.886,-1,-1,-1
373,-1,875.133,219.857,153.212,102.411,0.976,-1,-1,-1
373,-1,1226.101,247.161,278.023,170.703,0.976,-1,-1,-1
373,-1,934.458,390.669,315.012,203.996,0.991,-1,-1,-1
374,-1,1501.128,341.388,418.206,343.284,0.872,-1,-1,-1
374,-1,863.057,217.745,147.718,101.777,0.976,-1,-1,-1
374,-1,1204.479,245.739,276.213,169.073,0.951,-1,-1,-1
374,-1,948.983,398.039,326.793,206.231,0.992,-1,-1,-1
375,-1,1501.697,341.366,417.686,343.830,0.878,-1,-1,-1
375,-1,1180.863,240.870,274.126,165.730,0.974,-1,-1,-1
375,-1,851.446,214.506,144.154,100.833,0.942,-1,-1,-1
375,-1,968.201,404.205,336.436,211.054,0.992,-1,-1,-1
376,-1,1503.061,341.898,416.220,343.660,0.866,-1,-1,-1
376,-1,1166.281,241.376,264.932,158.928,0.951,-1,-1,-1
376,-1,836.245,210.583,146.521,101.502,0.799,-1,-1,-1
376,-1,985.078,408.605,349.631,215.576,0.993,-1,-1,-1
377,-1,1504.597,343.187,414.697,342.505,0.893,-1,-1,-1
377,-1,1148.088,230.207,272.163,164.186,0.957,-1,-1,-1
377,-1,823.952,210.035,144.788,97.997,0.827,-1,-1,-1
377,-1,1006.830,415.172,353.357,216.348,0.990,-1,-1,-1
378,-1,1506.315,344.306,412.807,342.273,0.879,-1,-1,-1
378,-1,1131.567,222.437,255.750,164.978,0.938,-1,-1,-1
378,-1,812.996,209.631,140.713,95.799,0.922,-1,-1,-1
378,-1,1030.167,421.908,359.765,218.604,0.993,-1,-1,-1
379,-1,1509.229,345.511,409.882,341.472,0.876,-1,-1,-1
379,-1,1112.883,216.788,255.446,167.631,0.972,-1,-1,-1
379,-1,799.632,205.545,141.134,96.531,0.808,-1,-1,-1
379,-1,1048.521,426.805,370.226,229.991,0.989,-1,-1,-1
380,-1,1506.586,345.387,412.247,342.690,0.899,-1,-1,-1
380,-1,1101.459,228.523,232.326,152.555,0.818,-1,-1,-1
380,-1,787.683,203.439,139.957,95.661,0.911,-1,-1,-1
380,-1,1070.051,434.739,377.331,232.914,0.993,-1,-1,-1
381,-1,1509.360,350.277,409.308,339.975,0.866,-1,-1,-1
381,-1,777.311,200.552,135.119,94.694,0.859,-1,-1,-1
381,-1,1087.638,442.690,388.371,233.304,0.992,-1,-1,-1
381,-1,1076.488,213.082,241.693,161.039,0.797,-1,-1,-1
382,-1,1512.094,349.060,406.457,343.161,0.868,-1,-1,-1
382,-1,765.012,197.802,134.397,94.945,0.873,-1,-1,-1
382,-1,1111.933,449.379,394.151,237.338,0.993,-1,-1,-1
382,-1,1067.201,220.468,232.954,150.985,0.856,-1,-1,-1
383,-1,752.632,196.036,133.804,93.857,0.918,-1,-1,-1
383,-1,1522.571,351.878,396.184,342.098,0.809,-1,-1,-1
383,-1,1054.094,220.225,225.043,147.806,0.959,-1,-1,-1
383,-1,1141.557,460.248,398.913,237.499,0.993,-1,-1,-1
384,-1,1523.695,348.805,394.879,349.077,0.561,-1,-1,-1
384,-1,741.802,194.691,133.024,91.902,0.863,-1,-1,-1
384,-1,1036.284,216.207,224.129,145.801,0.908,-1,-1,-1
384,-1,1166.645,468.671,411.727,239.341,0.993,-1,-1,-1
385,-1,732.882,191.809,130.978,93.343,0.875,-1,-1,-1
385,-1,1533.154,346.368,385.945,352.048,0.643,-1,-1,-1
385,-1,1193.331,472.952,419.413,247.816,0.988,-1,-1,-1
385,-1,1024.605,218.033,220.754,142.501,0.926,-1,-1,-1
386,-1,723.660,190.232,130.325,93.076,0.888,-1,-1,-1
386,-1,1012.121,212.434,223.805,146.487,0.981,-1,-1,-1
386,-1,1219.625,486.208,424.723,246.112,0.989,-1,-1,-1
387,-1,1250.714,495.988,431.151,249.620,0.982,-1,-1,-1
387,-1,711.943,188.059,130.559,93.229,0.938,-1,-1,-1
387,-1,993.930,208.460,222.087,144.666,0.988,-1,-1,-1
388,-1,1276.162,503.133,447.422,251.740,0.987,-1,-1,-1
388,-1,981.217,212.935,225.050,139.741,0.992,-1,-1,-1
388,-1,703.594,187.622,128.018,90.631,0.899,-1,-1,-1
389,-1,1302.578,508.481,457.022,260.334,0.973,-1,-1,-1
389,-1,971.836,207.851,220.103,142.400,0.994,-1,-1,-1
389,-1,694.459,184.837,127.040,90.680,0.903,-1,-1,-1
390,-1,1326.133,513.656,471.416,269.106,0.966,-1,-1,-1
390,-1,957.203,201.454,218.056,142.544,0.993,-1,-1,-1
390,-1,687.024,182.347,126.055,89.925,0.831,-1,-1,-1
391,-1,1355.171,521.959,484.439,273.409,0.961,-1,-1,-1
391,-1,946.760,201.683,209.049,139.981,0.992,-1,-1,-1
392,-1,1386.941,531.364,507.361,277.184,0.962,-1,-1,-1
392,-1,936.448,202.590,203.455,136.926,0.988,-1,-1,-1
393,-1,1420.429,539.118,492.307,286.741,0.958,-1,-1,-1
393,-1,923.976,191.250,205.360,142.559,0.965,-1,-1,-1
394,-1,1452.428,546.534,461.919,300.964,0.907,-1,-1,-1
394,-1,908.963,192.766,206.826,139.455,0.982,-1,-1,-1
395,-1,1484.468,553.986,430.468,312.357,0.778,-1,-1,-1
395,-1,896.940,180.447,209.721,145.868,0.972,-1,-1,-1
396,-1,1512.110,569.759,402.403,310.393,0.607,-1,-1,-1
396,-1,889.912,180.602,200.000,143.644,0.969,-1,-1,-1
397,-1,875.976,180.155,203.862,142.485,0.988,-1,-1,-1
398,-1,865.394,181.166,198.157,140.437,0.989,-1,-1,-1
399,-1,859.553,188.998,188.297,132.783,0.986,-1,-1,-1
400,-1,847.210,183.825,191.090,135.136,0.955,-1,-1,-1
401,-1,837.255,187.571,187.201,130.629,0.988,-1,-1,-1
402,-1,826.108,182.124,190.649,133.098,0.995,-1,-1,-1
403,-1,819.922,185.565,185.521,129.337,0.990,-1,-1,-1
404,-1,1614.648,353.678,269.857,166.318,0.789,-1,-1,-1
404,-1,808.909,186.123,184.071,126.244,0.986,-1,-1,-1
405,-1,1577.297,339.310,311.737,168.784,0.974,-1,-1,-1
405,-1,802.704,183.032,185.549,127.417,0.990,-1,-1,-1
406,-1,1545.384,334.622,319.577,164.605,0.988,-1,-1,-1
406,-1,796.051,183.016,179.416,126.337,0.977,-1,-1,-1
407,-1,1502.734,326.642,314.433,166.470,0.994,-1,-1,-1
407,-1,786.936,177.099,179.150,130.147,0.984,-1,-1,-1
408,-1,1471.905,321.389,302.205,161.817,0.996,-1,-1,-1
408,-1,781.132,183.979,177.646,123.226,0.982,-1,-1,-1
409,-1,1439.986,318.287,291.190,155.556,0.997,-1,-1,-1
409,-1,769.943,175.512,183.994,128.340,0.991,-1,-1,-1
410,-1,1408.896,308.787,281.417,155.252,0.997,-1,-1,-1
410,-1,761.306,173.801,183.690,130.145,0.967,-1,-1,-1