1,-1,355.269,625.646,541.236,454.823,0.939,-1,-1,-1
1,-1,1161.641,126.017,207.989,175.627,0.943,-1,-1,-1
1,-1,342.567,333.706,386.003,304.494,0.996,-1,-1,-1
1,-1,1428.373,232.509,283.097,223.709,0.565,-1,-1,-1
2,-1,355.253,625.330,542.133,455.363,0.617,-1,-1,-1
2,-1,1162.065,126.543,207.637,174.336,0.944,-1,-1,-1
2,-1,342.863,334.260,384.596,303.861,0.995,-1,-1,-1
2,-1,355.959,627.792,540.935,452.934,0.701,-1,-1,-1
2,-1,1428.141,233.642,284.642,223.465,0.547,-1,-1,-1
3,-1,1162.068,126.062,208.156,174.702,0.932,-1,-1,-1
3,-1,342.757,334.367,384.738,303.362,0.995,-1,-1,-1
3,-1,356.755,627.330,539.575,453.333,0.909,-1,-1,-1
3,-1,1428.169,233.918,283.912,222.748,0.541,-1,-1,-1
4,-1,1162.292,126.107,207.844,174.448,0.921,-1,-1,-1
4,-1,342.794,334.257,384.888,303.411,0.995,-1,-1,-1
4,-1,356.550,627.109,540.050,453.482,0.888,-1,-1,-1
4,-1,1428.313,233.988,283.886,222.543,0.530,-1,-1,-1
5,-1,1162.314,125.955,207.904,174.532,0.921,-1,-1,-1
5,-1,342.900,334.091,384.572,303.555,0.995,-1,-1,-1
5,-1,355.751,627.647,541.196,452.939,0.841,-1,-1,-1
5,-1,1428.186,233.935,284.496,222.900,0.528,-1,-1,-1
6,-1,1162.466,125.934,207.938,174.650,0.894,-1,-1,-1
6,-1,343.152,334.039,384.075,303.596,0.995,-1,-1,-1
6,-1,356.491,628.439,539.038,452.297,0.941,-1,-1,-1
6,-1,1428.174,233.725,284.642,223.485,0.511,-1,-1,-1
7,-1,1162.629,126.500,207.297,174.025,0.894,-1,-1,-1
7,-1,342.891,334.106,384.358,303.511,0.995,-1,-1,-1
7,-1,356.198,628.449,539.087,452.259,0.944,-1,-1,-1
7,-1,1428.214,233.719,285.050,224.038,0.523,-1,-1,-1
8,-1,1162.262,126.510,208.007,174.309,0.904,-1,-1,-1
8,-1,342.856,334.112,384.208,303.633,0.995,-1,-1,-1
8,-1,355.966,628.871,539.662,451.881,0.943,-1,-1,-1
8,-1,1428.026,233.729,285.854,224.399,0.536,-1,-1,-1
9,-1,1162.210,126.771,207.845,173.915,0.920,-1,-1,-1
9,-1,342.839,334.050,384.127,303.755,0.995,-1,-1,-1
9,-1,354.831,629.077,542.233,451.538,0.863,-1,-1,-1
9,-1,1428.193,233.350,285.466,225.158,0.555,-1,-1,-1
10,-1,1162.440,126.898,207.647,173.796,0.917,-1,-1,-1
10,-1,342.608,334.203,384.482,303.617,0.995,-1,-1,-1
10,-1,355.117,628.698,541.596,451.900,0.872,-1,-1,-1
10,-1,1427.986,233.246,285.668,225.296,0.561,-1,-1,-1
11,-1,355.314,625.778,542.767,454.750,0.534,-1,-1,-1
11,-1,1162.570,126.532,208.073,173.992,0.911,-1,-1,-1
11,-1,343.716,333.511,383.183,304.355,0.996,-1,-1,-1
11,-1,355.926,628.922,541.536,451.731,0.723,-1,-1,-1
11,-1,1427.120,232.895,288.001,225.869,0.507,-1,-1,-1
12,-1,1162.401,127.142,208.428,173.631,0.903,-1,-1,-1
12,-1,343.725,333.750,383.043,304.276,0.996,-1,-1,-1
12,-1,356.989,628.882,539.937,451.785,0.905,-1,-1,-1
12,-1,1427.294,233.201,287.195,223.876,0.502,-1,-1,-1
13,-1,1162.641,128.136,207.651,172.880,0.925,-1,-1,-1
13,-1,343.509,334.038,383.921,304.206,0.996,-1,-1,-1
13,-1,356.303,628.135,539.751,452.638,0.939,-1,-1,-1
14,-1,1162.892,127.892,207.142,173.074,0.927,-1,-1,-1
14,-1,343.425,334.078,383.773,304.128,0.995,-1,-1,-1
14,-1,356.149,628.278,539.991,452.478,0.940,-1,-1,-1
15,-1,1163.016,127.827,206.942,173.146,0.937,-1,-1,-1
15,-1,343.600,334.037,383.546,304.360,0.995,-1,-1,-1
15,-1,355.888,627.711,540.595,453.018,0.923,-1,-1,-1
16,-1,1162.901,128.289,206.125,172.897,0.940,-1,-1,-1
16,-1,343.616,334.003,383.577,304.414,0.996,-1,-1,-1
16,-1,356.268,628.003,539.080,452.827,0.949,-1,-1,-1
17,-1,1162.857,127.942,206.225,173.084,0.934,-1,-1,-1
17,-1,343.636,334.014,383.738,304.552,0.996,-1,-1,-1
17,-1,356.026,627.859,539.939,452.942,0.943,-1,-1,-1
18,-1,1163.028,127.871,206.271,173.147,0.942,-1,-1,-1
18,-1,344.009,334.240,383.250,304.325,0.996,-1,-1,-1
18,-1,355.287,627.609,541.693,453.061,0.884,-1,-1,-1
19,-1,1163.282,128.017,205.860,173.008,0.949,-1,-1,-1
19,-1,343.996,334.381,383.360,303.920,0.996,-1,-1,-1
19,-1,356.054,627.854,540.328,452.945,0.938,-1,-1,-1
19,-1,1427.654,233.229,287.639,224.479,0.504,-1,-1,-1
20,-1,1163.341,127.554,205.883,173.176,0.913,-1,-1,-1
20,-1,344.213,334.292,383.191,303.952,0.996,-1,-1,-1
20,-1,356.434,628.065,539.485,452.713,0.948,-1,-1,-1
21,-1,1163.583,128.105,205.761,172.426,0.904,-1,-1,-1
21,-1,343.826,334.469,383.448,303.027,0.996,-1,-1,-1
21,-1,356.632,627.342,539.949,453.401,0.933,-1,-1,-1
21,-1,1427.398,234.042,285.740,221.148,0.509,-1,-1,-1
22,-1,1163.239,128.329,205.655,172.379,0.885,-1,-1,-1
22,-1,343.810,334.628,383.407,303.135,0.996,-1,-1,-1
22,-1,356.649,627.365,539.923,453.384,0.932,-1,-1,-1
23,-1,1163.049,128.543,205.620,172.063,0.913,-1,-1,-1
23,-1,343.556,334.722,383.317,303.419,0.996,-1,-1,-1
23,-1,356.798,627.870,539.835,452.935,0.937,-1,-1,-1
23,-1,1426.988,234.300,286.096,221.706,0.508,-1,-1,-1
24,-1,1162.679,128.065,205.733,172.436,0.925,-1,-1,-1
24,-1,343.701,334.780,383.293,303.025,0.996,-1,-1,-1
24,-1,357.038,627.835,539.707,452.983,0.933,-1,-1,-1
24,-1,1427.055,233.953,286.303,222.197,0.529,-1,-1,-1
25,-1,1161.994,127.792,206.591,172.603,0.945,-1,-1,-1
25,-1,343.562,334.980,383.625,302.583,0.996,-1,-1,-1
25,-1,355.910,627.876,540.918,452.852,0.887,-1,-1,-1
25,-1,1427.281,233.544,287.999,223.685,0.563,-1,-1,-1
26,-1,1161.931,127.830,206.793,172.755,0.951,-1,-1,-1
26,-1,343.549,334.962,383.744,302.660,0.996,-1,-1,-1
26,-1,356.331,628.413,538.923,452.431,0.940,-1,-1,-1
26,-1,1427.325,233.488,287.570,223.698,0.584,-1,-1,-1
27,-1,1161.866,127.620,206.934,173.008,0.948,-1,-1,-1
27,-1,343.328,334.763,383.920,302.628,0.997,-1,-1,-1
27,-1,356.339,628.215,539.004,452.575,0.941,-1,-1,-1
27,-1,1427.349,233.403,287.094,222.801,0.584,-1,-1,-1
28,-1,1162.243,127.805,206.564,172.878,0.940,-1,-1,-1
28,-1,343.153,334.625,383.912,302.973,0.996,-1,-1,-1
28,-1,356.230,627.617,539.305,453.109,0.940,-1,-1,-1
28,-1,1427.780,233.441,286.192,222.794,0.614,-1,-1,-1
29,-1,1162.270,127.898,206.589,172.908,0.947,-1,-1,-1
29,-1,342.900,334.999,384.395,302.649,0.996,-1,-1,-1
29,-1,356.290,627.838,539.401,452.951,0.936,-1,-1,-1
29,-1,1427.655,233.556,286.479,222.921,0.615,-1,-1,-1
30,-1,1161.968,127.718,206.647,173.118,0.947,-1,-1,-1
30,-1,342.910,334.840,384.287,302.882,0.996,-1,-1,-1
30,-1,356.305,628.065,539.125,452.751,0.935,-1,-1,-1
30,-1,1427.767,233.586,286.549,223.319,0.598,-1,-1,-1
31,-1,1162.597,127.502,205.950,173.214,0.924,-1,-1,-1
31,-1,343.673,334.109,383.805,303.619,0.996,-1,-1,-1
31,-1,356.977,627.647,537.747,453.027,0.940,-1,-1,-1
32,-1,1162.516,127.676,206.233,172.972,0.915,-1,-1,-1
32,-1,343.778,334.061,383.759,303.694,0.996,-1,-1,-1
32,-1,907.266,50.344,240.387,127.533,0.654,-1,-1,-1
32,-1,356.793,627.816,537.594,452.893,0.939,-1,-1,-1
33,-1,1161.873,127.468,207.233,173.702,0.923,-1,-1,-1
33,-1,343.699,334.015,383.504,303.595,0.996,-1,-1,-1
33,-1,889.032,48.105,253.056,130.891,0.698,-1,-1,-1
33,-1,356.554,627.917,538.032,452.815,0.935,-1,-1,-1
34,-1,1161.881,127.484,207.268,173.716,0.930,-1,-1,-1
34,-1,343.679,334.161,383.440,303.348,0.996,-1,-1,-1
34,-1,876.865,47.282,252.381,131.899,0.824,-1,-1,-1
34,-1,356.599,627.908,538.168,452.861,0.935,-1,-1,-1
35,-1,1162.042,127.800,207.106,173.428,0.930,-1,-1,-1
35,-1,343.625,334.325,383.522,303.046,0.996,-1,-1,-1
35,-1,863.812,46.408,250.927,133.742,0.908,-1,-1,-1
35,-1,356.605,627.863,538.279,452.942,0.934,-1,-1,-1
36,-1,1162.184,127.647,206.835,173.620,0.932,-1,-1,-1
36,-1,343.735,334.683,383.252,302.777,0.996,-1,-1,-1
36,-1,852.751,46.713,249.504,133.321,0.834,-1,-1,-1
36,-1,356.277,628.434,538.488,452.439,0.938,-1,-1,-1
37,-1,1162.469,127.654,206.565,173.783,0.917,-1,-1,-1
37,-1,344.089,334.356,382.714,303.904,0.996,-1,-1,-1
37,-1,839.183,44.843,245.498,135.831,0.936,-1,-1,-1
37,-1,356.107,629.515,537.915,451.479,0.943,-1,-1,-1
38,-1,1162.286,127.828,206.844,173.641,0.923,-1,-1,-1
38,-1,344.121,334.557,382.758,303.810,0.996,-1,-1,-1
38,-1,827.225,44.920,242.667,136.755,0.963,-1,-1,-1
38,-1,356.159,629.437,537.734,451.547,0.946,-1,-1,-1
39,-1,1162.040,127.721,207.298,173.641,0.932,-1,-1,-1
39,-1,344.079,334.566,382.899,303.747,0.996,-1,-1,-1
39,-1,817.774,43.809,237.830,138.161,0.969,-1,-1,-1
39,-1,356.254,629.441,537.711,451.566,0.944,-1,-1,-1
40,-1,1162.282,127.676,207.049,173.660,0.926,-1,-1,-1
40,-1,344.036,334.666,382.735,303.605,0.996,-1,-1,-1
40,-1,808.853,46.222,232.633,135.554,0.957,-1,-1,-1
40,-1,356.339,629.233,537.930,451.693,0.945,-1,-1,-1
41,-1,1161.832,127.929,207.573,173.494,0.935,-1,-1,-1
41,-1,344.533,335.131,381.880,303.154,0.995,-1,-1,-1
41,-1,799.430,48.452,225.653,134.343,0.962,-1,-1,-1
41,-1,356.217,627.970,539.657,452.884,0.932,-1,-1,-1
42,-1,1162.005,127.926,207.088,173.383,0.942,-1,-1,-1
42,-1,344.620,335.263,381.731,303.273,0.995,-1,-1,-1
42,-1,794.281,49.620,216.396,132.372,0.950,-1,-1,-1
42,-1,355.957,627.813,539.553,453.020,0.936,-1,-1,-1
43,-1,1162.138,127.939,207.050,173.476,0.938,-1,-1,-1
43,-1,344.579,335.205,382.113,303.369,0.995,-1,-1,-1
43,-1,789.061,48.523,209.678,135.780,0.937,-1,-1,-1
43,-1,355.503,628.036,540.881,452.800,0.927,-1,-1,-1
44,-1,1162.356,127.894,207.006,173.369,0.939,-1,-1,-1
44,-1,344.636,335.227,382.031,303.252,0.995,-1,-1,-1
44,-1,780.134,50.953,209.532,133.857,0.940,-1,-1,-1
44,-1,355.732,628.589,539.807,452.281,0.936,-1,-1,-1
45,-1,1162.325,127.787,207.078,173.549,0.943,-1,-1,-1
45,-1,344.499,334.773,382.180,303.647,0.995,-1,-1,-1
45,-1,774.465,53.027,202.334,132.040,0.925,-1,-1,-1
45,-1,355.635,628.244,540.886,452.637,0.922,-1,-1,-1
46,-1,1162.405,127.774,206.710,173.621,0.947,-1,-1,-1
46,-1,344.376,334.658,382.186,303.902,0.995,-1,-1,-1
46,-1,766.703,53.133,198.552,132.023,0.846,-1,-1,-1
46,-1,355.431,627.489,541.451,453.349,0.899,-1,-1,-1
47,-1,760.349,52.952,190.208,131.842,0.898,-1,-1,-1
47,-1,1162.442,127.866,206.789,173.526,0.952,-1,-1,-1
47,-1,344.353,334.480,381.995,304.298,0.995,-1,-1,-1
47,-1,355.681,626.774,541.064,454.127,0.893,-1,-1,-1
48,-1,754.238,53.872,188.882,131.437,0.904,-1,-1,-1
48,-1,1162.427,127.784,206.754,173.704,0.952,-1,-1,-1
48,-1,344.370,334.279,382.078,304.559,0.995,-1,-1,-1
48,-1,356.162,627.071,540.267,453.857,0.921,-1,-1,-1
49,-1,747.779,54.771,185.628,132.513,0.919,-1,-1,-1
49,-1,1161.931,128.293,207.077,173.035,0.955,-1,-1,-1
49,-1,344.516,334.519,381.682,304.450,0.995,-1,-1,-1
49,-1,356.262,628.162,539.729,452.767,0.937,-1,-1,-1
49,-1,1428.228,233.820,286.286,227.255,0.518,-1,-1,-1
50,-1,741.162,55.435,184.560,132.429,0.920,-1,-1,-1
50,-1,1161.992,128.216,207.207,173.293,0.952,-1,-1,-1
50,-1,344.350,334.444,382.088,304.368,0.995,-1,-1,-1
50,-1,356.048,628.846,540.059,452.114,0.935,-1,-1,-1
50,-1,1428.386,233.606,285.871,227.334,0.531,-1,-1,-1
51,-1,735.953,55.480,184.586,131.590,0.932,-1,-1,-1
51,-1,1161.775,128.064,206.776,173.226,0.940,-1,-1,-1
51,-1,344.792,334.181,381.039,304.316,0.995,-1,-1,-1
51,-1,357.167,627.919,537.816,452.889,0.937,-1,-1,-1
52,-1,732.410,56.426,177.886,131.357,0.852,-1,-1,-1
52,-1,1160.398,128.246,207.172,173.213,0.940,-1,-1,-1
52,-1,344.833,333.971,380.814,304.682,0.995,-1,-1,-1
52,-1,356.563,626.182,537.870,454.589,0.897,-1,-1,-1
52,-1,1426.068,233.516,287.409,225.672,0.524,-1,-1,-1
53,-1,727.473,57.659,175.566,130.802,0.900,-1,-1,-1
53,-1,1160.214,128.536,207.545,173.115,0.938,-1,-1,-1
53,-1,355.225,628.536,543.399,451.654,0.766,-1,-1,-1
53,-1,344.442,333.941,381.691,304.806,0.994,-1,-1,-1
53,-1,1425.278,234.099,291.142,231.619,0.530,-1,-1,-1
54,-1,721.453,57.902,175.259,132.013,0.923,-1,-1,-1
54,-1,1159.829,128.464,207.518,173.026,0.941,-1,-1,-1
54,-1,356.351,628.173,539.075,452.290,0.936,-1,-1,-1
54,-1,344.357,334.444,381.629,303.835,0.994,-1,-1,-1
54,-1,1424.696,234.233,290.598,230.551,0.536,-1,-1,-1
55,-1,715.255,57.899,174.143,131.866,0.923,-1,-1,-1
55,-1,1159.716,128.924,206.844,172.811,0.931,-1,-1,-1
55,-1,356.039,628.245,538.040,452.107,0.939,-1,-1,-1
55,-1,343.948,334.686,381.706,303.749,0.995,-1,-1,-1
55,-1,1424.021,234.897,291.107,231.493,0.506,-1,-1,-1
56,-1,712.733,58.882,169.782,131.052,0.909,-1,-1,-1
56,-1,1160.649,129.064,206.694,172.709,0.917,-1,-1,-1
56,-1,356.153,628.975,538.837,451.485,0.940,-1,-1,-1
56,-1,344.241,335.142,382.065,303.017,0.995,-1,-1,-1
56,-1,1424.605,235.700,295.677,233.728,0.525,-1,-1,-1
57,-1,707.509,59.262,169.004,132.105,0.929,-1,-1,-1
57,-1,1161.508,128.965,206.561,172.888,0.923,-1,-1,-1
57,-1,355.289,628.424,540.982,451.998,0.922,-1,-1,-1
57,-1,344.270,335.072,382.160,303.588,0.995,-1,-1,-1
57,-1,1426.147,235.930,292.377,234.893,0.520,-1,-1,-1
58,-1,702.648,59.153,169.315,132.879,0.923,-1,-1,-1
58,-1,354.514,624.928,540.892,455.578,0.817,-1,-1,-1
58,-1,1161.677,128.852,205.682,172.931,0.925,-1,-1,-1
58,-1,344.416,334.985,381.568,304.167,0.996,-1,-1,-1
58,-1,353.428,626.709,540.625,454.221,0.504,-1,-1,-1
59,-1,695.680,58.644,169.411,132.964,0.946,-1,-1,-1
59,-1,1496.292,407.471,418.377,487.966,0.585,-1,-1,-1
59,-1,354.662,625.238,541.896,455.189,0.850,-1,-1,-1
59,-1,1161.004,128.823,205.874,173.225,0.929,-1,-1,-1
59,-1,344.455,334.533,380.989,304.630,0.995,-1,-1,-1
60,-1,690.873,59.169,167.939,133.268,0.927,-1,-1,-1
60,-1,1454.724,365.731,460.125,509.871,0.779,-1,-1,-1
60,-1,1161.498,128.822,205.359,173.004,0.912,-1,-1,-1
60,-1,344.631,334.543,380.674,304.133,0.996,-1,-1,-1
60,-1,354.712,627.193,537.605,453.629,0.946,-1,-1,-1
61,-1,686.252,59.361,167.122,133.784,0.923,-1,-1,-1
61,-1,1420.112,339.366,495.408,513.915,0.856,-1,-1,-1
61,-1,1161.463,127.749,207.079,172.746,0.882,-1,-1,-1
61,-1,345.451,333.183,380.488,305.754,0.996,-1,-1,-1
61,-1,355.209,625.354,537.441,455.509,0.935,-1,-1,-1
62,-1,682.010,59.337,168.403,134.208,0.918,-1,-1,-1
62,-1,1389.146,301.382,528.157,527.716,0.907,-1,-1,-1
62,-1,1161.510,127.835,206.280,172.836,0.869,-1,-1,-1
62,-1,345.760,333.154,379.646,305.614,0.996,-1,-1,-1
62,-1,354.045,625.903,538.789,454.855,0.893,-1,-1,-1
63,-1,678.399,60.112,167.979,134.312,0.913,-1,-1,-1
63,-1,1356.104,293.336,562.081,510.212,0.956,-1,-1,-1
63,-1,1162.715,127.810,206.313,173.006,0.831,-1,-1,-1
63,-1,345.760,333.011,380.183,305.770,0.996,-1,-1,-1
63,-1,354.764,626.643,537.441,454.332,0.957,-1,-1,-1
64,-1,673.334,60.504,167.479,134.171,0.906,-1,-1,-1
64,-1,1320.259,283.990,596.562,493.594,0.985,-1,-1,-1
64,-1,1162.152,127.884,206.206,173.463,0.844,-1,-1,-1
64,-1,345.521,332.820,380.440,306.086,0.996,-1,-1,-1
64,-1,354.403,626.631,537.247,454.468,0.957,-1,-1,-1
65,-1,669.510,61.314,166.481,134.330,0.897,-1,-1,-1
65,-1,1293.327,277.992,583.802,472.943,0.994,-1,-1,-1
65,-1,1162.869,128.128,206.076,173.401,0.736,-1,-1,-1
65,-1,345.918,332.897,380.194,306.041,0.996,-1,-1,-1
65,-1,354.728,625.911,536.368,455.129,0.960,-1,-1,-1
66,-1,665.195,61.815,166.651,133.656,0.883,-1,-1,-1
66,-1,1266.768,270.569,563.022,447.066,0.994,-1,-1,-1
66,-1,1163.487,128.266,205.438,173.375,0.587,-1,-1,-1
66,-1,346.323,332.720,379.455,305.872,0.995,-1,-1,-1
66,-1,354.844,626.449,535.935,454.577,0.959,-1,-1,-1
67,-1,661.971,62.443,165.883,132.962,0.918,-1,-1,-1
67,-1,1241.773,258.525,563.611,434.609,0.995,-1,-1,-1
67,-1,346.184,332.736,379.250,305.848,0.996,-1,-1,-1
67,-1,355.196,626.731,535.846,454.297,0.955,-1,-1,-1
68,-1,656.900,62.338,167.142,133.771,0.868,-1,-1,-1
68,-1,1218.174,252.865,529.015,411.827,0.989,-1,-1,-1
68,-1,346.373,332.940,379.222,305.433,0.995,-1,-1,-1
68,-1,355.110,627.323,535.883,453.634,0.956,-1,-1,-1
69,-1,651.787,61.393,167.282,134.233,0.876,-1,-1,-1
69,-1,1185.320,239.936,502.212,399.755,0.995,-1,-1,-1
69,-1,346.764,333.182,378.723,304.993,0.995,-1,-1,-1
69,-1,354.854,626.698,536.809,454.231,0.958,-1,-1,-1
70,-1,646.106,61.587,168.537,135.614,0.876,-1,-1,-1
70,-1,347.329,333.091,378.386,305.279,0.995,-1,-1,-1
70,-1,355.421,627.053,536.949,453.876,0.951,-1,-1,-1
70,-1,1152.528,235.858,483.864,377.062,0.997,-1,-1,-1
71,-1,643.105,62.310,168.454,135.474,0.865,-1,-1,-1
71,-1,347.326,333.407,379.150,304.868,0.995,-1,-1,-1
71,-1,1141.022,226.687,460.046,359.864,0.990,-1,-1,-1
71,-1,353.896,625.664,543.662,455.046,0.763,-1,-1,-1
72,-1,638.140,62.636,168.694,135.570,0.896,-1,-1,-1
72,-1,354.940,622.479,543.220,457.911,0.881,-1,-1,-1
72,-1,346.936,333.514,379.758,304.903,0.995,-1,-1,-1
72,-1,1122.751,215.583,439.305,354.375,0.984,-1,-1,-1
73,-1,631.908,62.899,170.736,136.128,0.873,-1,-1,-1
73,-1,354.818,622.836,543.453,457.478,0.810,-1,-1,-1
73,-1,345.681,333.685,381.870,304.382,0.995,-1,-1,-1
73,-1,1100.820,206.086,432.806,346.297,0.973,-1,-1,-1
74,-1,626.314,64.189,170.346,135.444,0.899,-1,-1,-1
74,-1,354.499,622.317,543.656,458.056,0.589,-1,-1,-1
74,-1,345.690,333.653,381.948,304.503,0.995,-1,-1,-1
74,-1,1084.520,196.422,418.764,336.535,0.980,-1,-1,-1
74,-1,354.873,625.670,542.642,454.872,0.672,-1,-1,-1
75,-1,622.357,64.253,167.972,136.330,0.871,-1,-1,-1
75,-1,345.631,333.649,382.528,304.357,0.995,-1,-1,-1
75,-1,1067.654,187.206,405.862,333.340,0.988,-1,-1,-1
75,-1,354.310,625.422,542.628,455.170,0.804,-1,-1,-1
76,-1,619.283,64.905,165.172,136.739,0.887,-1,-1,-1
76,-1,354.230,622.045,543.505,458.243,0.541,-1,-1,-1
76,-1,345.186,333.641,383.239,304.401,0.994,-1,-1,-1
76,-1,1048.914,181.700,396.093,313.698,0.983,-1,-1,-1
76,-1,354.914,625.714,542.417,454.777,0.758,-1,-1,-1
77,-1,614.311,64.998,164.373,136.802,0.927,-1,-1,-1
77,-1,344.948,333.361,383.464,304.782,0.994,-1,-1,-1
77,-1,1033.959,173.124,376.980,311.494,0.991,-1,-1,-1
77,-1,356.092,625.531,540.532,455.059,0.908,-1,-1,-1
78,-1,610.274,64.671,165.512,137.369,0.894,-1,-1,-1
78,-1,354.739,621.811,543.853,458.360,0.743,-1,-1,-1
78,-1,345.306,333.741,383.324,303.940,0.994,-1,-1,-1
78,-1,1016.856,167.260,369.487,309.821,0.990,-1,-1,-1
79,-1,603.512,65.265,167.785,137.521,0.912,-1,-1,-1
79,-1,355.736,621.880,541.737,458.156,0.878,-1,-1,-1
79,-1,344.919,333.737,383.516,303.961,0.994,-1,-1,-1
79,-1,1004.803,156.888,357.193,308.878,0.993,-1,-1,-1
80,-1,598.220,65.705,170.111,137.960,0.904,-1,-1,-1
80,-1,355.488,622.097,541.936,457.948,0.828,-1,-1,-1
80,-1,345.079,333.766,383.499,304.334,0.994,-1,-1,-1
80,-1,993.822,149.152,350.993,301.447,0.992,-1,-1,-1
81,-1,355.571,622.529,540.803,457.575,0.906,-1,-1,-1
81,-1,592.490,66.273,171.267,138.606,0.886,-1,-1,-1
81,-1,344.508,333.373,382.886,305.151,0.994,-1,-1,-1
81,-1,984.276,147.157,337.744,291.975,0.995,-1,-1,-1
82,-1,591.763,68.303,169.738,137.629,0.902,-1,-1,-1
82,-1,355.430,622.567,541.430,457.524,0.905,-1,-1,-1
82,-1,344.259,333.166,383.468,305.718,0.994,-1,-1,-1
82,-1,974.478,142.754,327.200,284.163,0.994,-1,-1,-1
83,-1,355.272,622.154,540.398,458.018,0.906,-1,-1,-1
83,-1,584.000,68.252,172.245,138.912,0.932,-1,-1,-1
83,-1,344.335,333.090,383.412,305.941,0.995,-1,-1,-1
83,-1,961.795,136.495,320.812,277.075,0.996,-1,-1,-1
84,-1,355.521,622.306,540.030,457.801,0.897,-1,-1,-1
84,-1,577.411,68.272,175.277,139.503,0.930,-1,-1,-1
84,-1,344.270,333.081,383.354,305.809,0.994,-1,-1,-1
84,-1,949.311,131.929,314.507,267.541,0.996,-1,-1,-1
85,-1,355.319,623.669,541.448,456.488,0.808,-1,-1,-1
85,-1,574.327,69.422,175.556,140.685,0.940,-1,-1,-1
85,-1,343.272,333.855,385.380,304.944,0.994,-1,-1,-1
85,-1,937.689,127.050,308.349,263.189,0.997,-1,-1,-1
86,-1,571.092,69.322,176.003,142.110,0.969,-1,-1,-1
86,-1,343.470,333.806,384.574,304.825,0.994,-1,-1,-1
86,-1,930.780,119.616,301.373,262.836,0.995,-1,-1,-1
86,-1,355.957,627.216,539.039,453.367,0.897,-1,-1,-1
87,-1,567.589,72.798,176.365,142.225,0.966,-1,-1,-1
87,-1,1186.885,130.345,182.383,171.860,0.549,-1,-1,-1
87,-1,343.642,333.600,384.527,305.056,0.994,-1,-1,-1
87,-1,919.771,115.698,292.327,256.804,0.989,-1,-1,-1
87,-1,355.606,626.709,539.770,453.790,0.819,-1,-1,-1
88,-1,355.219,624.457,540.868,455.772,0.865,-1,-1,-1
88,-1,563.802,73.730,178.269,143.356,0.960,-1,-1,-1
88,-1,1180.422,129.150,188.394,173.938,0.583,-1,-1,-1
88,-1,343.614,333.865,384.403,304.812,0.994,-1,-1,-1
88,-1,910.974,110.737,285.163,249.956,0.993,-1,-1,-1
88,-1,1428.082,232.866,286.906,226.032,0.502,-1,-1,-1
89,-1,354.667,624.084,541.065,456.302,0.651,-1,-1,-1
89,-1,560.354,74.264,178.502,144.940,0.947,-1,-1,-1
89,-1,1169.429,127.787,197.697,175.665,0.681,-1,-1,-1
89,-1,343.537,334.019,384.373,304.519,0.994,-1,-1,-1
89,-1,900.818,105.821,280.196,241.270,0.993,-1,-1,-1
89,-1,355.331,626.367,539.571,454.253,0.626,-1,-1,-1
90,-1,896.120,104.794,271.163,233.039,0.996,-1,-1,-1
90,-1,354.909,623.448,540.458,456.950,0.640,-1,-1,-1
90,-1,556.191,76.106,178.499,145.170,0.975,-1,-1,-1
90,-1,1168.329,127.905,199.341,174.885,0.745,-1,-1,-1
90,-1,344.029,333.698,383.474,304.674,0.994,-1,-1,-1
90,-1,355.538,625.883,539.012,454.743,0.643,-1,-1,-1
91,-1,886.873,102.650,268.896,227.745,0.996,-1,-1,-1
91,-1,552.730,78.389,179.535,144.900,0.969,-1,-1,-1
91,-1,1165.762,127.790,202.761,174.885,0.775,-1,-1,-1
91,-1,344.444,333.558,382.115,305.189,0.993,-1,-1,-1
91,-1,356.232,626.895,537.779,453.813,0.919,-1,-1,-1
92,-1,880.894,101.274,260.551,222.419,0.995,-1,-1,-1
92,-1,551.384,80.187,178.488,146.086,0.955,-1,-1,-1
92,-1,1164.597,127.735,204.040,174.978,0.805,-1,-1,-1
92,-1,344.307,333.397,382.530,305.254,0.994,-1,-1,-1
92,-1,356.133,626.839,537.856,453.857,0.924,-1,-1,-1
93,-1,873.715,99.222,257.964,219.173,0.994,-1,-1,-1
93,-1,547.015,81.771,181.037,146.842,0.974,-1,-1,-1
93,-1,1163.279,127.022,205.601,175.841,0.857,-1,-1,-1
93,-1,344.335,333.576,382.214,305.010,0.993,-1,-1,-1
93,-1,355.923,626.512,538.487,454.199,0.913,-1,-1,-1
94,-1,866.623,94.373,253.142,215.718,0.993,-1,-1,-1
94,-1,544.792,83.788,182.403,149.815,0.978,-1,-1,-1
94,-1,1162.147,126.657,206.655,175.190,0.873,-1,-1,-1
94,-1,344.374,333.583,381.826,305.018,0.993,-1,-1,-1
94,-1,355.538,626.857,538.853,453.854,0.915,-1,-1,-1
95,-1,861.892,90.246,248.256,213.699,0.992,-1,-1,-1
95,-1,542.591,85.868,183.308,150.900,0.980,-1,-1,-1
95,-1,1161.719,126.626,207.045,175.295,0.871,-1,-1,-1
95,-1,344.360,333.528,381.928,305.065,0.993,-1,-1,-1
95,-1,355.738,626.581,538.201,454.100,0.921,-1,-1,-1
96,-1,857.113,86.356,244.767,210.688,0.994,-1,-1,-1
96,-1,542.234,88.692,182.119,151.941,0.978,-1,-1,-1
96,-1,1162.368,126.701,206.608,175.204,0.886,-1,-1,-1
96,-1,344.529,333.494,381.681,305.163,0.993,-1,-1,-1
96,-1,356.008,626.482,538.152,454.173,0.919,-1,-1,-1
97,-1,851.985,81.803,241.465,210.358,0.994,-1,-1,-1
97,-1,539.547,91.701,186.536,150.797,0.979,-1,-1,-1
97,-1,1162.092,126.990,207.515,174.493,0.901,-1,-1,-1
97,-1,344.392,333.493,381.527,304.356,0.994,-1,-1,-1
97,-1,355.832,626.668,538.628,454.088,0.922,-1,-1,-1
98,-1,846.912,79.336,237.009,206.488,0.993,-1,-1,-1
98,-1,537.701,95.039,187.368,151.216,0.980,-1,-1,-1
98,-1,1163.406,127.095,206.371,174.075,0.846,-1,-1,-1
98,-1,344.640,333.531,380.964,304.655,0.993,-1,-1,-1
98,-1,355.844,626.755,538.461,454.001,0.921,-1,-1,-1
99,-1,844.622,76.541,231.157,202.861,0.991,-1,-1,-1
99,-1,537.651,98.327,187.864,151.731,0.979,-1,-1,-1
99,-1,1163.766,127.624,206.083,173.735,0.832,-1,-1,-1
99,-1,344.842,333.442,380.683,304.567,0.993,-1,-1,-1
99,-1,356.079,626.713,538.174,454.040,0.926,-1,-1,-1
100,-1,842.124,75.501,227.260,199.703,0.992,-1,-1,-1
100,-1,537.495,101.547,190.040,151.645,0.977,-1,-1,-1
100,-1,1162.949,127.471,207.034,174.135,0.914,-1,-1,-1
100,-1,344.697,333.930,381.010,304.433,0.993,-1,-1,-1
100,-1,356.152,626.433,538.544,454.332,0.922,-1,-1,-1
101,-1,841.313,76.531,217.023,191.231,0.991,-1,-1,-1
101,-1,536.255,104.720,192.597,153.654,0.981,-1,-1,-1
101,-1,1164.621,128.465,204.915,172.696,0.893,-1,-1,-1
101,-1,344.522,334.137,381.031,303.768,0.994,-1,-1,-1
101,-1,356.225,626.569,538.965,454.196,0.921,-1,-1,-1
102,-1,838.648,75.371,213.248,186.522,0.988,-1,-1,-1
102,-1,536.735,107.031,193.286,156.126,0.979,-1,-1,-1
102,-1,1164.014,128.645,205.120,172.550,0.826,-1,-1,-1
102,-1,344.395,333.808,380.980,304.090,0.993,-1,-1,-1
102,-1,356.021,626.797,538.268,453.913,0.920,-1,-1,-1
103,-1,838.978,72.522,207.047,184.365,0.991,-1,-1,-1
103,-1,537.131,108.815,194.547,157.117,0.973,-1,-1,-1
103,-1,1164.013,128.679,204.760,172.780,0.890,-1,-1,-1
103,-1,344.605,333.699,380.421,304.212,0.993,-1,-1,-1
103,-1,356.151,626.195,537.515,454.523,0.914,-1,-1,-1
104,-1,836.940,69.599,206.097,181.975,0.991,-1,-1,-1
104,-1,354.895,623.308,541.805,456.754,0.827,-1,-1,-1
104,-1,538.581,112.020,194.659,157.620,0.974,-1,-1,-1
104,-1,1163.257,128.593,205.518,172.942,0.900,-1,-1,-1
104,-1,344.476,333.769,380.686,303.896,0.993,-1,-1,-1
105,-1,835.763,65.565,201.166,179.627,0.986,-1,-1,-1
105,-1,354.724,622.507,541.842,457.583,0.791,-1,-1,-1
105,-1,539.089,113.706,197.124,160.022,0.982,-1,-1,-1
105,-1,1162.579,128.158,205.467,173.363,0.923,-1,-1,-1
105,-1,344.479,333.635,380.980,304.270,0.993,-1,-1,-1
106,-1,837.521,64.941,195.247,174.703,0.984,-1,-1,-1
106,-1,538.852,114.785,201.069,162.921,0.983,-1,-1,-1
106,-1,1161.536,128.196,206.999,173.001,0.932,-1,-1,-1
106,-1,344.510,333.783,381.094,304.253,0.993,-1,-1,-1
106,-1,354.835,624.270,538.327,456.223,0.864,-1,-1,-1
107,-1,836.684,59.510,194.299,175.462,0.982,-1,-1,-1
107,-1,353.826,622.564,541.813,457.715,0.768,-1,-1,-1
107,-1,539.741,115.669,204.079,166.547,0.984,-1,-1,-1
107,-1,1161.646,128.353,206.653,172.983,0.917,-1,-1,-1
107,-1,344.734,333.729,380.609,304.524,0.993,-1,-1,-1
108,-1,837.258,56.098,194.204,176.243,0.980,-1,-1,-1
108,-1,353.654,622.915,542.123,457.532,0.569,-1,-1,-1
108,-1,542.298,117.687,204.580,169.935,0.984,-1,-1,-1
108,-1,1162.520,128.464,206.252,172.717,0.890,-1,-1,-1
108,-1,344.960,334.055,380.134,303.797,0.993,-1,-1,-1
108,-1,354.036,624.789,540.408,455.712,0.723,-1,-1,-1
109,-1,838.251,55.316,192.458,171.986,0.975,-1,-1,-1
109,-1,543.234,121.050,207.400,169.387,0.982,-1,-1,-1
109,-1,1162.174,128.823,206.244,172.612,0.886,-1,-1,-1
109,-1,345.175,334.148,379.994,304.831,0.994,-1,-1,-1
109,-1,355.073,626.562,538.394,454.153,0.920,-1,-1,-1
110,-1,839.642,52.496,191.954,170.268,0.976,-1,-1,-1
110,-1,543.430,123.512,211.347,171.696,0.988,-1,-1,-1
110,-1,1162.596,128.341,206.314,173.208,0.904,-1,-1,-1
110,-1,345.170,334.113,379.870,304.565,0.993,-1,-1,-1
110,-1,355.191,626.523,538.378,454.224,0.931,-1,-1,-1
111,-1,841.633,52.629,189.975,166.790,0.974,-1,-1,-1
111,-1,544.306,127.178,214.413,173.523,0.988,-1,-1,-1
111,-1,1162.693,128.084,206.226,173.139,0.822,-1,-1,-1
111,-1,344.527,333.341,380.986,305.912,0.993,-1,-1,-1
111,-1,355.344,625.781,537.338,454.945,0.941,-1,-1,-1
112,-1,1521.221,417.714,396.075,347.360,0.663,-1,-1,-1
112,-1,843.910,53.135,188.882,162.104,0.968,-1,-1,-1
112,-1,545.977,129.525,217.592,176.787,0.987,-1,-1,-1
112,-1,1163.122,128.102,205.803,173.214,0.800,-1,-1,-1
112,-1,344.893,333.342,380.385,305.892,0.993,-1,-1,-1
112,-1,355.574,626.070,537.322,454.687,0.940,-1,-1,-1
113,-1,1497.557,410.345,420.670,331.394,0.852,-1,-1,-1
113,-1,846.284,50.856,188.094,161.156,0.973,-1,-1,-1
113,-1,547.217,132.092,220.246,180.233,0.989,-1,-1,-1
113,-1,1162.698,128.156,206.449,173.209,0.799,-1,-1,-1
113,-1,344.961,333.671,380.256,305.696,0.994,-1,-1,-1
113,-1,355.658,626.442,537.219,454.353,0.929,-1,-1,-1
114,-1,1473.526,385.786,443.882,334.173,0.946,-1,-1,-1
114,-1,850.611,50.763,186.666,159.241,0.962,-1,-1,-1
114,-1,551.859,136.022,219.142,180.047,0.983,-1,-1,-1
114,-1,1163.352,128.435,206.518,172.776,0.796,-1,-1,-1
114,-1,345.157,333.956,380.399,305.266,0.993,-1,-1,-1
114,-1,355.675,626.927,537.882,453.932,0.935,-1,-1,-1
115,-1,1445.935,371.520,459.509,326.509,0.979,-1,-1,-1
115,-1,856.984,49.200,183.171,157.395,0.960,-1,-1,-1
115,-1,553.607,140.775,221.719,181.948,0.990,-1,-1,-1
115,-1,1162.931,128.567,206.814,172.800,0.799,-1,-1,-1
115,-1,345.466,334.140,379.922,305.027,0.993,-1,-1,-1
115,-1,356.001,626.609,537.815,454.344,0.925,-1,-1,-1
116,-1,1421.293,368.583,446.834,307.610,0.983,-1,-1,-1
116,-1,863.169,47.102,181.379,156.725,0.961,-1,-1,-1
116,-1,556.379,146.572,223.662,182.499,0.986,-1,-1,-1
116,-1,1162.664,128.604,207.137,173.104,0.778,-1,-1,-1
116,-1,345.410,334.096,379.799,305.317,0.993,-1,-1,-1
116,-1,356.469,626.569,537.551,454.366,0.926,-1,-1,-1
117,-1,1393.136,351.401,444.993,311.800,0.956,-1,-1,-1
117,-1,869.379,45.611,180.060,157.185,0.964,-1,-1,-1
117,-1,558.949,153.010,224.644,182.576,0.989,-1,-1,-1
117,-1,1162.481,128.642,207.333,173.724,0.816,-1,-1,-1
117,-1,345.154,334.260,380.090,304.946,0.994,-1,-1,-1
117,-1,355.685,626.673,537.920,454.246,0.933,-1,-1,-1
118,-1,1366.040,340.035,436.727,307.923,0.979,-1,-1,-1
118,-1,873.482,44.954,179.404,155.043,0.974,-1,-1,-1
118,-1,560.266,155.979,228.441,184.434,0.992,-1,-1,-1
118,-1,1163.037,128.986,206.115,173.478,0.834,-1,-1,-1
118,-1,345.355,334.184,379.910,304.732,0.993,-1,-1,-1
118,-1,355.908,626.445,536.969,454.478,0.932,-1,-1,-1
119,-1,1345.103,330.878,419.633,296.452,0.969,-1,-1,-1
119,-1,881.220,44.892,174.496,153.504,0.975,-1,-1,-1
119,-1,562.113,158.398,230.675,188.132,0.993,-1,-1,-1
119,-1,1162.818,128.747,206.165,174.023,0.820,-1,-1,-1
119,-1,345.557,334.168,380.019,304.822,0.993,-1,-1,-1
119,-1,355.873,626.076,537.252,454.830,0.934,-1,-1,-1
120,-1,1324.792,324.232,406.026,289.109,0.972,-1,-1,-1
120,-1,886.906,44.070,174.570,153.755,0.958,-1,-1,-1
120,-1,565.326,162.028,236.054,192.819,0.994,-1,-1,-1
120,-1,1163.117,129.029,205.689,174.005,0.804,-1,-1,-1
120,-1,345.636,334.437,379.784,304.369,0.993,-1,-1,-1
120,-1,356.179,626.258,536.922,454.659,0.932,-1,-1,-1
121,-1,1305.598,312.284,391.187,284.394,0.962,-1,-1,-1
121,-1,569.610,165.603,239.913,193.800,0.992,-1,-1,-1
121,-1,1162.412,129.487,207.224,173.190,0.695,-1,-1,-1
121,-1,344.751,334.452,381.484,304.134,0.992,-1,-1,-1
121,-1,890.491,42.100,178.583,156.287,0.912,-1,-1,-1
121,-1,356.208,626.518,537.817,454.226,0.936,-1,-1,-1
122,-1,1283.978,305.303,386.566,278.630,0.978,-1,-1,-1
122,-1,574.010,169.362,241.415,196.503,0.990,-1,-1,-1
122,-1,1162.448,129.899,206.722,173.253,0.633,-1,-1,-1
122,-1,345.077,334.301,381.296,304.287,0.991,-1,-1,-1
122,-1,895.029,42.365,179.024,155.594,0.923,-1,-1,-1
122,-1,356.379,626.723,537.908,454.105,0.932,-1,-1,-1
123,-1,1265.878,299.316,371.543,269.537,0.966,-1,-1,-1
123,-1,578.686,172.760,245.174,198.588,0.993,-1,-1,-1
123,-1,1162.359,129.851,207.011,173.276,0.579,-1,-1,-1
123,-1,345.160,334.396,380.947,304.459,0.991,-1,-1,-1
123,-1,900.696,41.559,178.824,153.976,0.944,-1,-1,-1
123,-1,356.553,626.422,537.949,454.444,0.932,-1,-1,-1
124,-1,1243.587,290.632,365.618,264.708,0.968,-1,-1,-1
124,-1,582.685,177.271,250.621,203.536,0.994,-1,-1,-1
124,-1,1162.933,129.629,206.215,172.856,0.512,-1,-1,-1
124,-1,345.030,333.904,380.871,304.611,0.990,-1,-1,-1
124,-1,909.816,41.046,175.548,152.151,0.919,-1,-1,-1
124,-1,356.399,626.208,538.050,454.673,0.930,-1,-1,-1
125,-1,1226.621,282.885,358.292,262.127,0.952,-1,-1,-1
125,-1,589.520,182.911,252.619,203.385,0.993,-1,-1,-1
125,-1,345.230,334.530,379.904,304.042,0.989,-1,-1,-1
125,-1,913.936,40.862,176.088,150.402,0.870,-1,-1,-1
125,-1,356.761,626.321,537.805,454.558,0.929,-1,-1,-1
126,-1,593.245,186.248,259.426,209.805,0.995,-1,-1,-1
126,-1,345.137,334.329,379.153,304.084,0.989,-1,-1,-1
126,-1,1208.353,275.505,345.590,254.397,0.899,-1,-1,-1
126,-1,920.820,40.168,176.745,149.413,0.710,-1,-1,-1
126,-1,356.800,626.359,538.076,454.509,0.932,-1,-1,-1
127,-1,599.378,191.256,263.147,211.433,0.995,-1,-1,-1
127,-1,344.650,333.855,379.210,304.233,0.989,-1,-1,-1
127,-1,1193.261,266.601,337.166,249.776,0.894,-1,-1,-1
127,-1,356.734,626.380,538.409,454.500,0.938,-1,-1,-1
128,-1,604.434,195.450,269.163,215.816,0.994,-1,-1,-1
128,-1,344.736,333.927,378.053,303.885,0.990,-1,-1,-1
128,-1,1175.192,256.612,333.280,245.637,0.881,-1,-1,-1
128,-1,356.664,626.145,538.464,454.697,0.940,-1,-1,-1
129,-1,345.083,334.108,377.200,303.564,0.991,-1,-1,-1
129,-1,607.317,200.550,278.691,219.130,0.995,-1,-1,-1
129,-1,1157.780,250.260,323.619,242.310,0.917,-1,-1,-1
129,-1,357.012,625.800,537.785,455.092,0.939,-1,-1,-1
130,-1,344.953,334.316,376.167,303.496,0.990,-1,-1,-1
130,-1,612.113,205.308,285.014,224.683,0.996,-1,-1,-1
130,-1,1147.387,244.729,315.820,236.491,0.891,-1,-1,-1
130,-1,356.929,625.590,537.714,455.298,0.936,-1,-1,-1
131,-1,345.637,334.823,375.329,302.557,0.990,-1,-1,-1
131,-1,618.291,210.540,291.482,229.206,0.997,-1,-1,-1
131,-1,1134.332,238.808,308.189,230.822,0.856,-1,-1,-1
131,-1,358.133,624.805,536.296,456.130,0.934,-1,-1,-1
132,-1,1123.198,231.070,295.202,224.902,0.782,-1,-1,-1
132,-1,345.460,334.545,375.011,303.077,0.989,-1,-1,-1
132,-1,625.441,214.181,298.124,234.217,0.995,-1,-1,-1
132,-1,357.605,625.055,537.421,455.807,0.931,-1,-1,-1
133,-1,1106.381,222.770,290.185,224.040,0.927,-1,-1,-1
133,-1,345.559,334.459,375.521,302.791,0.989,-1,-1,-1
133,-1,633.148,218.422,304.928,239.025,0.994,-1,-1,-1
133,-1,358.070,624.630,538.023,456.076,0.931,-1,-1,-1
134,-1,1090.990,217.537,284.775,219.585,0.900,-1,-1,-1
134,-1,345.982,334.811,374.269,302.416,0.989,-1,-1,-1
134,-1,641.032,226.012,312.537,241.094,0.994,-1,-1,-1
134,-1,358.386,624.220,537.143,456.509,0.938,-1,-1,-1
135,-1,1078.138,210.278,278.733,217.640,0.955,-1,-1,-1
135,-1,346.080,334.513,374.432,302.867,0.989,-1,-1,-1
135,-1,648.954,232.701,319.383,246.324,0.994,-1,-1,-1
135,-1,358.131,624.244,537.594,456.588,0.932,-1,-1,-1
136,-1,1064.297,204.559,273.219,213.604,0.958,-1,-1,-1
136,-1,356.115,620.929,543.234,459.369,0.621,-1,-1,-1
136,-1,346.162,334.502,374.371,303.219,0.990,-1,-1,-1
136,-1,654.748,239.216,329.546,253.016,0.995,-1,-1,-1
136,-1,356.930,624.017,540.728,456.773,0.623,-1,-1,-1
137,-1,356.588,620.646,542.855,459.537,0.802,-1,-1,-1
137,-1,346.239,334.303,374.466,303.478,0.991,-1,-1,-1
137,-1,665.602,247.224,335.705,253.758,0.992,-1,-1,-1
137,-1,1050.691,200.464,268.264,208.647,0.982,-1,-1,-1
138,-1,346.431,334.192,374.068,303.472,0.990,-1,-1,-1
138,-1,675.635,254.207,342.343,259.687,0.990,-1,-1,-1
138,-1,1042.499,196.540,261.846,200.058,0.964,-1,-1,-1
138,-1,357.873,624.013,537.402,456.781,0.928,-1,-1,-1
139,-1,346.673,334.169,374.245,303.567,0.990,-1,-1,-1
139,-1,683.197,261.023,350.595,267.266,0.989,-1,-1,-1
139,-1,1032.979,190.816,256.351,198.188,0.968,-1,-1,-1
139,-1,357.765,623.456,536.977,457.320,0.931,-1,-1,-1
140,-1,346.400,334.139,374.619,303.888,0.990,-1,-1,-1
140,-1,692.364,273.330,357.279,269.707,0.987,-1,-1,-1
140,-1,1020.031,185.010,250.517,196.316,0.984,-1,-1,-1
140,-1,357.033,624.231,537.869,456.633,0.934,-1,-1,-1
141,-1,702.136,281.875,363.046,275.257,0.994,-1,-1,-1
141,-1,345.993,333.951,373.776,304.459,0.988,-1,-1,-1
141,-1,1006.655,178.863,248.199,194.007,0.887,-1,-1,-1
141,-1,356.286,625.573,538.427,455.327,0.941,-1,-1,-1
142,-1,346.500,333.897,373.970,304.213,0.989,-1,-1,-1
142,-1,998.867,174.985,239.942,192.026,0.893,-1,-1,-1
142,-1,356.163,625.543,537.888,455.364,0.939,-1,-1,-1
142,-1,711.086,290.945,368.938,279.487,0.994,-1,-1,-1
143,-1,346.476,334.013,374.176,304.169,0.988,-1,-1,-1
143,-1,722.588,300.292,377.295,283.970,0.988,-1,-1,-1
143,-1,989.103,169.341,235.861,189.628,0.903,-1,-1,-1
143,-1,356.363,626.720,537.701,454.216,0.940,-1,-1,-1
144,-1,346.227,334.279,373.975,304.100,0.987,-1,-1,-1
144,-1,733.331,308.414,380.323,289.102,0.995,-1,-1,-1
144,-1,975.891,166.019,237.562,185.036,0.933,-1,-1,-1
144,-1,355.723,627.000,538.134,453.997,0.941,-1,-1,-1
145,-1,346.136,334.852,376.344,303.379,0.988,-1,-1,-1
145,-1,742.167,316.323,389.659,295.973,0.996,-1,-1,-1
145,-1,966.040,161.608,235.343,182.034,0.942,-1,-1,-1
145,-1,354.594,629.151,538.460,452.026,0.943,-1,-1,-1
146,-1,952.466,157.501,230.158,179.905,0.979,-1,-1,-1
146,-1,345.955,334.663,377.391,303.532,0.986,-1,-1,-1
146,-1,754.303,325.101,398.694,304.192,0.997,-1,-1,-1
146,-1,354.600,629.758,538.021,451.501,0.934,-1,-1,-1
147,-1,940.969,155.196,228.308,174.585,0.984,-1,-1,-1
147,-1,1167.876,131.890,199.701,170.592,0.538,-1,-1,-1
147,-1,346.132,334.596,377.817,304.127,0.987,-1,-1,-1
147,-1,765.752,332.079,408.399,315.174,0.997,-1,-1,-1
147,-1,354.362,630.516,538.283,450.686,0.939,-1,-1,-1
148,-1,929.982,148.737,226.623,173.901,0.990,-1,-1,-1
148,-1,1166.889,130.994,201.240,171.121,0.630,-1,-1,-1
148,-1,346.324,334.606,378.205,304.871,0.986,-1,-1,-1
148,-1,775.241,345.031,418.514,318.970,0.998,-1,-1,-1
148,-1,354.700,630.014,538.372,451.112,0.939,-1,-1,-1
149,-1,922.967,145.452,221.603,170.547,0.978,-1,-1,-1
149,-1,1165.276,130.587,202.921,171.661,0.514,-1,-1,-1
149,-1,346.424,335.034,377.463,304.612,0.985,-1,-1,-1
149,-1,782.882,356.300,430.019,328.629,0.998,-1,-1,-1
149,-1,353.566,631.013,538.675,450.166,0.949,-1,-1,-1
150,-1,916.422,139.604,218.533,171.370,0.979,-1,-1,-1
150,-1,1163.371,129.875,204.333,171.914,0.566,-1,-1,-1
150,-1,346.853,335.057,377.485,305.419,0.982,-1,-1,-1
150,-1,791.538,366.261,443.320,342.689,0.998,-1,-1,-1
150,-1,353.723,630.222,538.018,450.841,0.943,-1,-1,-1
151,-1,910.051,135.140,211.830,167.619,0.963,-1,-1,-1
151,-1,1162.933,129.721,205.383,171.422,0.595,-1,-1,-1
151,-1,346.528,334.372,377.759,305.444,0.985,-1,-1,-1
151,-1,806.202,381.955,455.293,351.950,0.998,-1,-1,-1
151,-1,354.672,628.185,535.424,452.780,0.954,-1,-1,-1
152,-1,900.640,129.181,209.263,167.317,0.987,-1,-1,-1
152,-1,1163.341,129.496,204.924,171.361,0.639,-1,-1,-1
152,-1,346.462,334.318,378.077,305.230,0.984,-1,-1,-1
152,-1,820.839,394.695,471.496,364.031,0.998,-1,-1,-1
152,-1,354.758,627.086,534.701,453.982,0.951,-1,-1,-1
153,-1,894.740,127.329,201.961,163.221,0.983,-1,-1,-1
153,-1,1162.933,129.444,205.490,171.165,0.638,-1,-1,-1
153,-1,347.012,334.629,376.606,304.386,0.990,-1,-1,-1
153,-1,354.606,625.700,533.545,455.327,0.950,-1,-1,-1
153,-1,834.455,408.671,478.486,373.686,0.997,-1,-1,-1
154,-1,888.974,124.271,200.530,161.031,0.992,-1,-1,-1
154,-1,1163.342,129.402,204.906,171.026,0.764,-1,-1,-1
154,-1,346.901,335.013,377.004,304.181,0.991,-1,-1,-1
154,-1,355.098,624.950,531.276,455.992,0.947,-1,-1,-1
154,-1,848.917,430.666,490.843,381.615,0.997,-1,-1,-1
155,-1,883.866,122.407,197.067,156.818,0.991,-1,-1,-1
155,-1,1164.320,129.532,203.915,170.728,0.807,-1,-1,-1
155,-1,346.549,335.097,377.425,304.301,0.992,-1,-1,-1
155,-1,354.697,622.661,531.078,458.221,0.945,-1,-1,-1
155,-1,864.796,447.408,504.655,398.368,0.995,-1,-1,-1
156,-1,880.505,118.142,192.235,156.282,0.991,-1,-1,-1
156,-1,1163.965,128.991,204.451,171.437,0.842,-1,-1,-1
156,-1,355.057,621.737,534.328,458.445,0.699,-1,-1,-1
156,-1,346.692,334.940,377.280,304.474,0.993,-1,-1,-1
156,-1,353.267,620.853,534.626,460.134,0.708,-1,-1,-1
156,-1,884.549,466.806,516.147,408.996,0.995,-1,-1,-1
157,-1,878.319,117.407,186.142,152.927,0.990,-1,-1,-1
157,-1,354.708,617.390,532.554,463.090,0.856,-1,-1,-1
157,-1,1164.539,128.780,203.970,171.720,0.873,-1,-1,-1
157,-1,345.391,334.554,378.530,305.702,0.995,-1,-1,-1
157,-1,901.908,486.477,526.861,411.312,0.994,-1,-1,-1
158,-1,875.403,114.408,182.896,152.096,0.989,-1,-1,-1
158,-1,354.820,616.578,533.792,463.733,0.864,-1,-1,-1
158,-1,1163.905,129.014,204.425,171.759,0.884,-1,-1,-1
158,-1,344.782,334.425,379.442,305.384,0.995,-1,-1,-1
158,-1,928.257,507.581,538.265,426.649,0.993,-1,-1,-1
159,-1,873.958,113.074,177.674,147.127,0.987,-1,-1,-1
159,-1,354.351,615.418,533.690,464.857,0.851,-1,-1,-1
159,-1,1163.893,129.162,203.578,171.413,0.824,-1,-1,-1
159,-1,344.204,334.095,379.686,305.973,0.995,-1,-1,-1
159,-1,951.554,531.911,555.722,449.228,0.990,-1,-1,-1
160,-1,872.607,109.915,175.366,143.669,0.986,-1,-1,-1
160,-1,353.726,616.342,535.541,463.850,0.863,-1,-1,-1
160,-1,1163.521,128.998,203.601,171.232,0.844,-1,-1,-1
160,-1,344.010,334.023,380.341,305.956,0.996,-1,-1,-1
160,-1,977.185,558.865,572.070,470.228,0.991,-1,-1,-1
161,-1,871.552,108.463,173.446,141.382,0.983,-1,-1,-1
161,-1,353.154,616.308,537.695,463.594,0.851,-1,-1,-1
161,-1,1162.864,128.629,203.741,171.670,0.802,-1,-1,-1
161,-1,344.000,334.753,380.049,304.878,0.995,-1,-1,-1
161,-1,995.155,588.971,605.898,474.319,0.986,-1,-1,-1
162,-1,870.563,103.574,171.278,140.531,0.986,-1,-1,-1
162,-1,352.771,617.390,537.614,462.693,0.852,-1,-1,-1
162,-1,1162.274,128.502,204.468,172.063,0.880,-1,-1,-1
162,-1,343.830,334.766,380.214,304.588,0.994,-1,-1,-1
162,-1,1021.354,616.172,639.917,459.623,0.965,-1,-1,-1
163,-1,871.292,99.287,169.894,141.052,0.991,-1,-1,-1
163,-1,352.188,616.700,539.209,463.305,0.879,-1,-1,-1
163,-1,1161.202,127.633,206.273,173.044,0.935,-1,-1,-1
163,-1,343.737,334.588,380.191,304.302,0.994,-1,-1,-1
163,-1,1056.527,642.683,668.286,433.432,0.890,-1,-1,-1
164,-1,870.995,97.091,168.946,139.232,0.992,-1,-1,-1
164,-1,351.476,618.516,540.415,461.622,0.896,-1,-1,-1
164,-1,1161.668,129.137,206.473,171.718,0.937,-1,-1,-1
164,-1,343.860,335.141,380.277,303.979,0.995,-1,-1,-1
164,-1,1097.054,676.173,690.800,401.826,0.754,-1,-1,-1
165,-1,872.238,93.453,166.021,138.823,0.991,-1,-1,-1
165,-1,351.834,618.894,540.829,461.384,0.903,-1,-1,-1
165,-1,1161.121,128.610,206.407,171.885,0.918,-1,-1,-1
165,-1,343.873,334.862,380.917,303.815,0.995,-1,-1,-1
166,-1,1524.700,411.301,391.853,427.870,0.604,-1,-1,-1
166,-1,873.428,91.566,163.806,136.314,0.991,-1,-1,-1
166,-1,351.890,620.608,540.916,459.790,0.918,-1,-1,-1
166,-1,1161.981,129.203,205.364,171.365,0.925,-1,-1,-1
166,-1,343.650,334.983,380.864,303.868,0.995,-1,-1,-1
167,-1,1482.845,376.766,433.906,436.354,0.880,-1,-1,-1
167,-1,876.162,89.033,160.741,134.943,0.985,-1,-1,-1
167,-1,352.466,620.160,540.045,460.161,0.923,-1,-1,-1
167,-1,1162.011,129.241,204.063,171.197,0.931,-1,-1,-1
167,-1,343.895,334.567,380.198,304.196,0.995,-1,-1,-1
168,-1,1451.745,336.655,465.950,453.641,0.878,-1,-1,-1
168,-1,877.964,85.150,159.741,135.063,0.986,-1,-1,-1
168,-1,352.637,622.001,540.672,458.534,0.923,-1,-1,-1
168,-1,1161.779,128.307,204.402,171.880,0.908,-1,-1,-1
168,-1,344.135,334.495,380.817,304.059,0.994,-1,-1,-1
169,-1,1423.251,322.614,493.831,436.952,0.973,-1,-1,-1
169,-1,882.326,84.656,156.618,132.384,0.985,-1,-1,-1
169,-1,353.277,622.880,540.992,457.682,0.924,-1,-1,-1
169,-1,1162.276,129.004,204.473,172.140,0.902,-1,-1,-1
169,-1,344.554,335.609,380.808,302.911,0.995,-1,-1,-1
170,-1,1392.631,318.437,523.908,415.730,0.985,-1,-1,-1
170,-1,885.563,81.331,155.484,131.350,0.984,-1,-1,-1
170,-1,353.286,622.476,542.530,457.947,0.696,-1,-1,-1
170,-1,1162.640,129.684,204.428,171.777,0.885,-1,-1,-1
170,-1,344.570,335.556,380.583,302.815,0.995,-1,-1,-1
171,-1,1361.309,296.078,546.017,419.955,0.985,-1,-1,-1
171,-1,889.534,79.604,153.561,130.207,0.973,-1,-1,-1
171,-1,1163.158,129.581,204.727,171.400,0.858,-1,-1,-1
171,-1,345.720,335.500,379.042,302.411,0.995,-1,-1,-1
171,-1,355.468,628.376,537.190,452.556,0.947,-1,-1,-1
172,-1,1331.422,292.205,528.165,392.595,0.987,-1,-1,-1
172,-1,893.384,77.095,152.673,130.365,0.977,-1,-1,-1
172,-1,1163.297,129.033,204.851,172.468,0.865,-1,-1,-1
172,-1,345.344,335.094,379.404,302.720,0.994,-1,-1,-1
172,-1,354.942,629.027,537.530,451.978,0.949,-1,-1,-1
173,-1,1310.597,284.870,516.112,375.294,0.988,-1,-1,-1
173,-1,896.967,76.018,151.625,130.193,0.970,-1,-1,-1
173,-1,1163.550,128.870,204.883,172.690,0.815,-1,-1,-1
173,-1,345.594,334.898,378.720,302.840,0.994,-1,-1,-1
173,-1,355.110,629.073,537.447,451.889,0.949,-1,-1,-1
174,-1,1286.379,269.854,485.862,371.567,0.977,-1,-1,-1
174,-1,900.810,74.050,151.478,130.436,0.972,-1,-1,-1
174,-1,1164.106,129.218,204.399,172.625,0.762,-1,-1,-1
174,-1,346.091,334.921,378.382,302.849,0.994,-1,-1,-1
174,-1,355.437,629.331,538.105,451.554,0.939,-1,-1,-1
175,-1,1267.571,269.558,460.445,350.676,0.970,-1,-1,-1
175,-1,905.161,71.846,152.876,131.143,0.971,-1,-1,-1
175,-1,1164.152,129.145,204.232,172.883,0.696,-1,-1,-1
175,-1,346.500,335.382,377.461,302.563,0.994,-1,-1,-1
175,-1,355.592,630.259,537.390,450.681,0.943,-1,-1,-1
176,-1,1235.956,266.619,425.217,328.544,0.989,-1,-1,-1
176,-1,909.779,71.874,153.501,129.575,0.960,-1,-1,-1
176,-1,346.813,335.136,377.520,302.352,0.994,-1,-1,-1
176,-1,355.174,630.911,538.126,449.960,0.938,-1,-1,-1
177,-1,1210.685,256.992,421.297,323.003,0.987,-1,-1,-1
177,-1,915.244,71.491,154.071,128.812,0.949,-1,-1,-1
177,-1,347.078,335.085,377.149,302.321,0.995,-1,-1,-1
177,-1,355.861,629.964,537.588,450.829,0.946,-1,-1,-1
178,-1,921.099,70.082,151.557,129.486,0.942,-1,-1,-1
178,-1,346.315,335.536,378.589,301.888,0.995,-1,-1,-1
178,-1,1189.992,244.980,404.088,317.827,0.980,-1,-1,-1
178,-1,355.376,630.524,538.305,450.358,0.956,-1,-1,-1
179,-1,926.786,68.962,151.129,128.614,0.903,-1,-1,-1
179,-1,346.306,335.431,378.381,301.857,0.995,-1,-1,-1
179,-1,1170.422,239.967,398.924,303.483,0.971,-1,-1,-1
179,-1,355.262,630.457,538.685,450.447,0.947,-1,-1,-1
180,-1,934.851,71.723,148.520,124.720,0.919,-1,-1,-1
180,-1,346.205,335.300,378.509,301.950,0.995,-1,-1,-1
180,-1,1150.854,233.043,377.060,296.839,0.977,-1,-1,-1
180,-1,355.266,630.535,538.411,450.330,0.943,-1,-1,-1
181,-1,940.412,71.172,147.936,124.441,0.844,-1,-1,-1
181,-1,344.954,334.410,380.718,303.976,0.994,-1,-1,-1
181,-1,1136.588,226.131,356.870,288.217,0.969,-1,-1,-1
181,-1,356.362,626.328,540.293,454.459,0.924,-1,-1,-1
182,-1,947.962,70.841,144.956,123.456,0.903,-1,-1,-1
182,-1,344.814,334.250,380.999,304.132,0.994,-1,-1,-1
182,-1,1117.382,215.455,350.435,284.661,0.983,-1,-1,-1
182,-1,356.330,626.613,540.077,454.203,0.923,-1,-1,-1
183,-1,953.963,70.596,144.961,121.632,0.875,-1,-1,-1
183,-1,344.781,334.111,381.141,304.280,0.994,-1,-1,-1
183,-1,1101.545,207.104,342.869,282.520,0.987,-1,-1,-1
183,-1,356.245,626.670,540.992,454.114,0.904,-1,-1,-1
184,-1,961.117,68.967,145.658,122.654,0.912,-1,-1,-1
184,-1,344.967,334.140,381.120,303.872,0.995,-1,-1,-1
184,-1,1082.508,198.999,338.274,282.104,0.992,-1,-1,-1
184,-1,356.540,626.545,539.526,454.188,0.925,-1,-1,-1
185,-1,968.415,66.323,145.566,123.252,0.842,-1,-1,-1
185,-1,344.699,333.719,381.640,304.507,0.995,-1,-1,-1
185,-1,1071.950,189.484,324.000,272.949,0.995,-1,-1,-1
185,-1,356.380,626.080,539.643,454.617,0.931,-1,-1,-1
186,-1,975.016,65.513,146.424,122.554,0.845,-1,-1,-1
186,-1,344.652,333.674,381.502,304.425,0.995,-1,-1,-1
186,-1,1058.790,184.902,314.811,265.914,0.994,-1,-1,-1
186,-1,356.322,626.079,539.985,454.585,0.925,-1,-1,-1
187,-1,981.613,63.096,144.452,123.836,0.859,-1,-1,-1
187,-1,344.872,333.774,381.655,304.577,0.995,-1,-1,-1
187,-1,1041.115,179.363,306.980,262.929,0.993,-1,-1,-1
187,-1,356.029,625.952,540.903,454.704,0.917,-1,-1,-1
188,-1,988.127,62.898,144.439,121.964,0.532,-1,-1,-1
188,-1,344.818,334.329,381.630,303.823,0.995,-1,-1,-1
188,-1,1032.697,173.025,300.467,256.170,0.994,-1,-1,-1
188,-1,356.173,626.348,540.352,454.384,0.929,-1,-1,-1
189,-1,995.232,61.405,142.604,121.318,0.544,-1,-1,-1
189,-1,344.520,334.299,381.811,303.805,0.995,-1,-1,-1
189,-1,1020.033,167.779,294.671,248.444,0.996,-1,-1,-1
189,-1,356.418,626.164,540.544,454.581,0.928,-1,-1,-1
190,-1,344.803,334.170,381.391,303.972,0.995,-1,-1,-1
190,-1,1009.794,160.541,290.129,244.312,0.998,-1,-1,-1
190,-1,356.650,625.905,540.039,454.728,0.928,-1,-1,-1
191,-1,345.053,334.643,380.011,303.852,0.995,-1,-1,-1
191,-1,998.642,151.225,292.312,242.910,0.996,-1,-1,-1
191,-1,356.531,625.430,539.106,455.224,0.923,-1,-1,-1
191,-1,1426.190,231.419,287.394,223.503,0.502,-1,-1,-1
192,-1,344.921,334.463,380.295,304.331,0.995,-1,-1,-1
192,-1,989.854,149.510,275.963,235.527,0.996,-1,-1,-1
192,-1,356.313,625.211,539.459,455.440,0.924,-1,-1,-1
192,-1,1427.154,232.133,285.402,222.240,0.546,-1,-1,-1
193,-1,344.900,334.348,380.841,304.259,0.995,-1,-1,-1
193,-1,975.638,144.132,274.403,232.214,0.995,-1,-1,-1
193,-1,356.841,625.471,539.136,455.201,0.923,-1,-1,-1
193,-1,1427.393,231.522,284.435,226.119,0.590,-1,-1,-1
194,-1,344.824,334.206,380.932,304.407,0.995,-1,-1,-1
194,-1,966.866,143.836,262.643,224.359,0.993,-1,-1,-1
194,-1,356.640,625.427,539.125,455.152,0.924,-1,-1,-1
194,-1,1428.105,231.735,283.679,227.350,0.612,-1,-1,-1
195,-1,1186.913,131.714,182.713,171.321,0.525,-1,-1,-1
195,-1,344.872,334.158,380.603,304.465,0.995,-1,-1,-1
195,-1,957.388,137.000,260.546,223.599,0.991,-1,-1,-1
195,-1,356.569,625.582,538.956,455.035,0.929,-1,-1,-1
195,-1,1428.810,232.155,283.211,226.718,0.655,-1,-1,-1
196,-1,1180.755,130.818,187.770,172.986,0.638,-1,-1,-1
196,-1,344.767,334.335,380.827,304.414,0.995,-1,-1,-1
196,-1,945.882,133.256,258.905,218.037,0.994,-1,-1,-1
196,-1,356.683,625.068,538.902,455.553,0.922,-1,-1,-1
196,-1,1428.564,231.912,284.125,228.227,0.640,-1,-1,-1
197,-1,936.957,130.249,249.111,210.177,0.997,-1,-1,-1
197,-1,1172.462,129.682,194.916,174.245,0.805,-1,-1,-1
197,-1,344.753,334.323,380.853,304.211,0.995,-1,-1,-1
197,-1,356.950,625.762,537.942,454.874,0.922,-1,-1,-1
197,-1,1429.319,232.576,283.418,226.017,0.607,-1,-1,-1
198,-1,929.976,127.455,245.696,205.467,0.998,-1,-1,-1
198,-1,1166.726,129.138,200.840,174.542,0.865,-1,-1,-1
198,-1,344.843,334.521,380.671,304.005,0.995,-1,-1,-1
198,-1,357.003,625.316,538.129,455.379,0.914,-1,-1,-1
198,-1,1428.908,232.630,282.765,224.145,0.564,-1,-1,-1
199,-1,917.954,123.104,245.579,201.106,0.998,-1,-1,-1
199,-1,1166.514,128.762,201.521,174.133,0.912,-1,-1,-1
199,-1,345.142,334.879,380.344,303.826,0.995,-1,-1,-1
199,-1,356.967,625.109,538.289,455.647,0.910,-1,-1,-1
199,-1,1428.374,233.085,282.290,222.839,0.520,-1,-1,-1
200,-1,912.244,118.857,240.338,200.844,0.998,-1,-1,-1
200,-1,1165.744,128.505,202.361,174.151,0.923,-1,-1,-1
200,-1,345.012,335.004,380.497,303.440,0.995,-1,-1,-1
200,-1,356.621,624.755,539.725,455.988,0.868,-1,-1,-1
200,-1,1428.639,233.023,282.660,223.329,0.562,-1,-1,-1
201,-1,906.849,116.584,232.267,195.809,0.997,-1,-1,-1
201,-1,1164.929,127.804,203.308,174.163,0.908,-1,-1,-1
201,-1,344.914,333.754,379.814,304.991,0.995,-1,-1,-1
201,-1,356.758,626.643,537.891,454.136,0.926,-1,-1,-1
201,-1,1428.293,233.125,283.895,224.569,0.573,-1,-1,-1
202,-1,899.696,111.730,227.928,194.708,0.997,-1,-1,-1
202,-1,1164.295,127.786,204.084,173.375,0.899,-1,-1,-1
202,-1,344.849,333.752,380.162,305.018,0.995,-1,-1,-1
202,-1,356.701,626.397,537.918,454.358,0.925,-1,-1,-1
202,-1,1428.330,233.038,283.934,224.872,0.573,-1,-1,-1
203,-1,893.227,109.091,224.291,190.666,0.996,-1,-1,-1
203,-1,1163.643,127.356,204.661,173.219,0.923,-1,-1,-1
203,-1,344.855,333.814,380.230,304.965,0.995,-1,-1,-1
203,-1,356.930,626.078,537.733,454.635,0.922,-1,-1,-1
203,-1,1428.696,233.164,282.891,224.223,0.588,-1,-1,-1
204,-1,885.197,106.334,222.791,186.272,0.996,-1,-1,-1
204,-1,1162.977,127.463,205.300,173.042,0.932,-1,-1,-1
204,-1,344.919,334.039,380.060,304.707,0.995,-1,-1,-1
204,-1,356.971,625.302,537.864,455.371,0.923,-1,-1,-1
204,-1,1428.427,233.230,283.735,224.631,0.598,-1,-1,-1
205,-1,880.421,104.335,215.352,183.486,0.997,-1,-1,-1
205,-1,1163.619,127.446,205.377,173.088,0.890,-1,-1,-1
205,-1,344.617,334.187,380.246,304.410,0.995,-1,-1,-1
205,-1,357.273,625.004,538.394,455.641,0.919,-1,-1,-1
206,-1,874.043,101.183,214.027,182.166,0.995,-1,-1,-1
206,-1,1164.050,127.453,205.129,172.980,0.876,-1,-1,-1
206,-1,344.650,334.409,380.471,304.061,0.995,-1,-1,-1
206,-1,357.031,625.564,538.729,455.140,0.925,-1,-1,-1
207,-1,868.461,96.904,208.525,179.582,0.993,-1,-1,-1
207,-1,1162.865,127.186,206.127,173.422,0.917,-1,-1,-1
207,-1,344.593,334.748,380.143,303.814,0.995,-1,-1,-1
207,-1,356.822,625.169,539.544,455.593,0.924,-1,-1,-1
208,-1,861.027,89.874,208.633,180.182,0.991,-1,-1,-1
208,-1,1162.602,127.213,206.608,173.469,0.876,-1,-1,-1
208,-1,344.395,334.682,380.587,303.835,0.995,-1,-1,-1
208,-1,356.682,625.427,539.629,455.309,0.925,-1,-1,-1
209,-1,853.359,86.904,207.560,178.115,0.995,-1,-1,-1
209,-1,1163.429,127.539,205.752,173.122,0.840,-1,-1,-1
209,-1,344.673,334.572,380.203,303.492,0.995,-1,-1,-1
209,-1,356.620,625.601,539.401,455.084,0.924,-1,-1,-1
210,-1,848.624,84.837,200.818,172.852,0.994,-1,-1,-1
210,-1,1164.693,128.277,204.766,172.360,0.808,-1,-1,-1
210,-1,344.667,334.566,380.197,303.545,0.995,-1,-1,-1
210,-1,356.833,625.011,539.079,455.648,0.927,-1,-1,-1
211,-1,844.601,80.835,197.643,171.413,0.994,-1,-1,-1
211,-1,1165.194,128.081,203.875,172.322,0.859,-1,-1,-1
211,-1,344.573,334.409,380.504,303.721,0.995,-1,-1,-1
211,-1,357.600,625.451,537.620,455.294,0.929,-1,-1,-1
212,-1,840.845,77.164,192.703,169.476,0.989,-1,-1,-1
212,-1,1164.237,127.540,204.722,173.090,0.898,-1,-1,-1
212,-1,344.493,334.325,380.613,303.786,0.995,-1,-1,-1
212,-1,357.301,625.231,538.181,455.496,0.923,-1,-1,-1
213,-1,836.971,74.989,192.242,167.582,0.989,-1,-1,-1
213,-1,1163.772,127.271,205.035,173.625,0.908,-1,-1,-1
213,-1,344.444,334.388,380.620,303.709,0.995,-1,-1,-1
213,-1,357.211,625.076,538.267,455.641,0.922,-1,-1,-1
214,-1,834.859,73.556,189.236,165.196,0.990,-1,-1,-1
214,-1,1163.552,127.558,205.224,173.143,0.914,-1,-1,-1
214,-1,344.544,334.201,380.447,303.891,0.995,-1,-1,-1
214,-1,357.240,624.786,538.194,455.936,0.919,-1,-1,-1
215,-1,832.354,70.292,187.362,163.612,0.990,-1,-1,-1
215,-1,1163.700,127.841,205.211,172.779,0.906,-1,-1,-1
215,-1,344.532,334.230,380.497,304.037,0.995,-1,-1,-1
215,-1,356.997,625.138,538.522,455.576,0.918,-1,-1,-1
216,-1,829.930,67.018,182.308,161.880,0.991,-1,-1,-1
216,-1,1163.427,128.121,205.559,172.522,0.907,-1,-1,-1
216,-1,344.485,334.293,380.450,303.991,0.995,-1,-1,-1
216,-1,356.852,625.003,538.758,455.725,0.918,-1,-1,-1
217,-1,828.312,64.886,181.542,160.170,0.988,-1,-1,-1
217,-1,1164.026,128.073,205.347,173.022,0.933,-1,-1,-1
217,-1,344.943,333.773,381.092,304.693,0.995,-1,-1,-1
217,-1,356.508,626.576,538.629,454.218,0.933,-1,-1,-1
217,-1,1427.718,233.841,288.174,222.044,0.506,-1,-1,-1
218,-1,827.015,62.455,181.104,159.972,0.991,-1,-1,-1
218,-1,1163.834,127.996,205.522,173.338,0.945,-1,-1,-1
218,-1,344.974,333.908,381.205,304.578,0.995,-1,-1,-1
218,-1,356.447,626.539,538.817,454.268,0.931,-1,-1,-1
218,-1,1427.713,233.874,288.026,222.005,0.512,-1,-1,-1
219,-1,827.285,58.891,178.130,160.226,0.991,-1,-1,-1
219,-1,1164.031,128.149,205.253,173.243,0.941,-1,-1,-1
219,-1,345.142,334.037,380.948,304.499,0.995,-1,-1,-1
219,-1,356.397,627.064,538.529,453.780,0.931,-1,-1,-1
220,-1,830.069,58.292,174.265,156.487,0.992,-1,-1,-1
220,-1,1163.933,128.172,205.212,173.098,0.938,-1,-1,-1
220,-1,345.177,334.060,380.776,304.304,0.995,-1,-1,-1
220,-1,356.316,627.305,538.385,453.522,0.930,-1,-1,-1
220,-1,1427.796,233.916,287.655,221.741,0.502,-1,-1,-1
221,-1,830.976,58.148,171.478,153.518,0.989,-1,-1,-1
221,-1,1164.311,128.803,204.368,172.218,0.902,-1,-1,-1
221,-1,345.020,334.441,380.164,303.265,0.995,-1,-1,-1
221,-1,357.360,625.823,538.430,454.846,0.919,-1,-1,-1
222,-1,832.620,57.201,170.465,150.672,0.986,-1,-1,-1
222,-1,1163.897,128.790,204.757,172.330,0.918,-1,-1,-1
222,-1,344.838,334.465,380.324,303.378,0.995,-1,-1,-1
222,-1,357.147,625.945,538.523,454.731,0.923,-1,-1,-1
223,-1,834.378,54.971,169.509,150.455,0.983,-1,-1,-1
223,-1,1163.815,128.622,204.998,172.561,0.920,-1,-1,-1
223,-1,344.858,334.600,380.261,303.183,0.995,-1,-1,-1
223,-1,357.155,625.954,538.607,454.690,0.927,-1,-1,-1
224,-1,836.961,52.670,168.899,150.063,0.979,-1,-1,-1
224,-1,1163.582,128.617,205.277,172.557,0.921,-1,-1,-1
224,-1,344.882,334.426,380.195,303.711,0.995,-1,-1,-1
224,-1,356.949,626.257,538.880,454.394,0.930,-1,-1,-1
225,-1,841.212,51.859,167.193,150.127,0.975,-1,-1,-1
225,-1,1163.520,128.627,205.355,172.671,0.925,-1,-1,-1
225,-1,344.759,334.707,380.318,303.337,0.995,-1,-1,-1
225,-1,357.010,626.029,539.006,454.637,0.925,-1,-1,-1
226,-1,845.224,51.204,165.927,148.677,0.977,-1,-1,-1
226,-1,1163.498,128.526,205.383,172.667,0.925,-1,-1,-1
226,-1,344.792,334.723,380.618,303.095,0.995,-1,-1,-1
226,-1,357.114,626.354,538.633,454.345,0.925,-1,-1,-1
227,-1,849.392,50.280,166.859,148.004,0.972,-1,-1,-1
227,-1,1163.347,128.532,205.384,172.597,0.923,-1,-1,-1
227,-1,344.713,334.725,380.858,302.979,0.995,-1,-1,-1
227,-1,357.262,626.005,538.143,454.709,0.927,-1,-1,-1
228,-1,854.516,49.697,167.071,147.228,0.971,-1,-1,-1
228,-1,1163.365,128.543,205.389,172.489,0.924,-1,-1,-1
228,-1,344.700,334.614,380.935,303.001,0.995,-1,-1,-1
228,-1,357.327,626.142,538.014,454.579,0.925,-1,-1,-1
229,-1,859.910,49.412,167.111,146.447,0.969,-1,-1,-1
229,-1,1163.245,128.611,205.485,172.685,0.916,-1,-1,-1
229,-1,344.505,334.847,381.119,302.687,0.995,-1,-1,-1
229,-1,357.117,625.772,537.983,454.869,0.930,-1,-1,-1
229,-1,1427.932,233.689,285.898,222.172,0.513,-1,-1,-1
230,-1,864.675,48.717,167.144,146.769,0.973,-1,-1,-1
230,-1,1163.125,128.611,205.577,172.807,0.917,-1,-1,-1
230,-1,344.432,334.953,380.992,302.754,0.995,-1,-1,-1
230,-1,357.190,625.380,538.047,455.276,0.928,-1,-1,-1
230,-1,1427.788,233.629,286.019,222.729,0.525,-1,-1,-1
231,-1,872.005,47.224,164.282,145.574,0.969,-1,-1,-1
231,-1,1163.311,129.171,204.802,172.026,0.915,-1,-1,-1
231,-1,344.644,334.304,380.964,303.432,0.995,-1,-1,-1
231,-1,356.234,626.208,538.950,454.523,0.923,-1,-1,-1
232,-1,879.472,45.849,165.414,145.717,0.963,-1,-1,-1
232,-1,1163.150,128.547,204.961,172.618,0.908,-1,-1,-1
232,-1,344.566,334.051,381.133,303.714,0.995,-1,-1,-1
232,-1,356.113,625.429,539.298,455.263,0.922,-1,-1,-1
233,-1,886.571,44.824,166.302,145.120,0.970,-1,-1,-1
233,-1,1163.266,128.490,204.872,172.608,0.909,-1,-1,-1
233,-1,344.627,334.222,381.155,303.552,0.995,-1,-1,-1
233,-1,356.189,625.831,539.460,454.888,0.916,-1,-1,-1
234,-1,892.073,45.075,168.537,144.273,0.960,-1,-1,-1
234,-1,1163.129,128.423,205.000,172.629,0.911,-1,-1,-1
234,-1,344.588,333.888,380.953,303.921,0.995,-1,-1,-1
234,-1,356.073,625.921,539.622,454.796,0.917,-1,-1,-1
235,-1,897.991,45.325,170.569,142.502,0.953,-1,-1,-1
235,-1,1163.125,127.924,205.055,173.016,0.913,-1,-1,-1
235,-1,344.939,333.786,380.595,304.166,0.995,-1,-1,-1
235,-1,356.251,625.421,539.861,455.261,0.912,-1,-1,-1
236,-1,906.607,46.600,168.533,141.600,0.964,-1,-1,-1
236,-1,1163.311,128.045,204.742,172.863,0.920,-1,-1,-1
236,-1,345.055,333.944,380.369,303.868,0.995,-1,-1,-1
236,-1,355.984,625.295,540.346,455.346,0.903,-1,-1,-1
237,-1,914.690,47.897,168.057,139.494,0.963,-1,-1,-1
237,-1,1163.302,128.069,204.611,172.776,0.923,-1,-1,-1
237,-1,344.947,333.923,380.487,304.005,0.995,-1,-1,-1
237,-1,356.251,625.460,539.509,455.209,0.908,-1,-1,-1
237,-1,1428.015,232.761,285.462,223.457,0.508,-1,-1,-1
238,-1,926.236,49.193,163.470,137.459,0.946,-1,-1,-1
238,-1,1163.044,127.759,204.812,172.982,0.921,-1,-1,-1
238,-1,344.823,333.629,380.797,304.258,0.995,-1,-1,-1
238,-1,355.095,624.739,542.077,455.784,0.781,-1,-1,-1
238,-1,1427.963,232.439,285.380,223.623,0.516,-1,-1,-1
239,-1,936.418,48.457,161.323,137.121,0.944,-1,-1,-1
239,-1,1163.274,127.756,204.452,172.851,0.930,-1,-1,-1
239,-1,344.802,333.662,381.007,304.134,0.995,-1,-1,-1
239,-1,355.448,625.078,541.277,455.534,0.866,-1,-1,-1
239,-1,1428.135,232.367,285.198,223.794,0.522,-1,-1,-1
240,-1,946.134,48.650,161.693,136.457,0.938,-1,-1,-1
240,-1,1163.216,127.602,204.454,173.006,0.936,-1,-1,-1
240,-1,344.608,333.469,380.822,304.199,0.995,-1,-1,-1
240,-1,355.739,625.490,539.953,455.130,0.912,-1,-1,-1
240,-1,1428.119,232.403,284.957,223.367,0.531,-1,-1,-1
241,-1,954.898,47.558,158.805,135.575,0.930,-1,-1,-1
241,-1,1163.199,126.600,204.277,174.058,0.956,-1,-1,-1
241,-1,343.353,334.026,381.239,304.882,0.995,-1,-1,-1
241,-1,354.129,626.389,543.377,454.227,0.801,-1,-1,-1
241,-1,1428.078,232.345,285.583,224.138,0.573,-1,-1,-1
242,-1,965.366,48.262,155.351,133.214,0.869,-1,-1,-1
242,-1,353.175,624.112,545.342,456.376,0.595,-1,-1,-1
242,-1,1163.187,126.460,204.112,174.069,0.957,-1,-1,-1
242,-1,343.355,333.872,381.182,304.933,0.995,-1,-1,-1
242,-1,353.645,626.644,543.950,453.990,0.688,-1,-1,-1
242,-1,1427.917,232.180,286.104,224.917,0.582,-1,-1,-1
243,-1,353.410,624.103,545.394,456.317,0.740,-1,-1,-1
243,-1,1163.019,126.203,204.144,174.445,0.958,-1,-1,-1
243,-1,343.261,333.357,381.527,305.413,0.995,-1,-1,-1
243,-1,976.510,45.577,156.274,135.749,0.730,-1,-1,-1
243,-1,1427.936,231.934,286.392,225.357,0.592,-1,-1,-1
244,-1,353.289,624.183,545.437,456.262,0.674,-1,-1,-1
244,-1,1162.993,126.115,204.145,174.407,0.955,-1,-1,-1
244,-1,343.183,333.413,381.643,305.333,0.995,-1,-1,-1
244,-1,985.922,44.571,152.137,134.180,0.529,-1,-1,-1
244,-1,353.411,626.831,544.275,453.850,0.579,-1,-1,-1
244,-1,1427.797,231.828,286.452,225.730,0.585,-1,-1,-1
245,-1,1162.625,125.794,204.680,174.729,0.968,-1,-1,-1
245,-1,343.113,333.277,381.942,305.551,0.995,-1,-1,-1
245,-1,354.529,626.476,543.237,454.098,0.835,-1,-1,-1
245,-1,1427.742,231.599,287.744,226.572,0.622,-1,-1,-1
246,-1,1162.802,125.858,204.409,174.814,0.971,-1,-1,-1
246,-1,343.225,333.152,381.839,305.805,0.995,-1,-1,-1
246,-1,354.755,627.381,542.906,453.288,0.877,-1,-1,-1
246,-1,1427.773,231.521,287.396,226.270,0.633,-1,-1,-1
247,-1,1163.071,126.060,204.207,174.607,0.970,-1,-1,-1
247,-1,343.384,333.206,381.774,305.709,0.995,-1,-1,-1
247,-1,354.152,627.166,544.173,453.402,0.822,-1,-1,-1
247,-1,1427.783,231.533,286.850,226.048,0.635,-1,-1,-1
248,-1,1163.454,126.024,204.049,174.569,0.965,-1,-1,-1
248,-1,343.464,333.294,381.614,305.460,0.995,-1,-1,-1
248,-1,354.781,627.173,543.075,453.540,0.888,-1,-1,-1
248,-1,1427.752,231.598,286.162,225.478,0.615,-1,-1,-1
249,-1,1163.674,126.321,203.760,174.359,0.967,-1,-1,-1
249,-1,343.532,333.591,381.362,305.322,0.995,-1,-1,-1
249,-1,354.398,627.024,544.058,453.603,0.807,-1,-1,-1
249,-1,1427.879,231.761,286.763,225.990,0.624,-1,-1,-1
250,-1,1163.317,126.127,203.977,174.466,0.966,-1,-1,-1
250,-1,343.549,333.718,381.477,305.232,0.995,-1,-1,-1
250,-1,353.817,627.279,544.508,453.320,0.789,-1,-1,-1
250,-1,1427.869,231.551,286.484,226.023,0.594,-1,-1,-1
251,-1,355.218,621.664,541.708,458.516,0.881,-1,-1,-1
251,-1,1163.717,125.848,203.059,175.358,0.968,-1,-1,-1
251,-1,344.186,333.123,380.450,305.838,0.995,-1,-1,-1
251,-1,1426.748,231.146,286.758,226.471,0.582,-1,-1,-1
252,-1,353.957,621.988,542.394,458.327,0.906,-1,-1,-1
252,-1,1163.393,126.277,203.267,174.737,0.971,-1,-1,-1
252,-1,344.309,333.012,380.327,305.869,0.995,-1,-1,-1
252,-1,1426.173,231.802,288.539,227.966,0.582,-1,-1,-1
253,-1,354.428,621.985,543.309,458.200,0.904,-1,-1,-1
253,-1,1162.685,125.995,204.311,174.593,0.962,-1,-1,-1
253,-1,344.103,332.851,380.828,306.592,0.995,-1,-1,-1
253,-1,1425.565,231.435,286.290,227.552,0.603,-1,-1,-1
254,-1,354.505,622.091,542.973,458.251,0.919,-1,-1,-1
254,-1,1162.883,126.283,204.282,174.319,0.962,-1,-1,-1
254,-1,343.952,332.729,381.288,306.880,0.995,-1,-1,-1
254,-1,1425.902,231.949,285.555,226.727,0.621,-1,-1,-1
255,-1,354.686,621.781,542.330,458.528,0.915,-1,-1,-1
255,-1,1162.750,126.683,204.218,173.937,0.956,-1,-1,-1
255,-1,344.002,332.713,380.981,306.711,0.995,-1,-1,-1
255,-1,1425.825,232.246,286.778,229.823,0.600,-1,-1,-1
256,-1,355.095,622.741,542.341,457.591,0.913,-1,-1,-1
256,-1,1162.242,126.457,204.541,174.219,0.960,-1,-1,-1
256,-1,344.035,332.757,380.839,306.877,0.995,-1,-1,-1
256,-1,1426.191,233.180,288.308,231.880,0.624,-1,-1,-1
257,-1,354.497,622.368,543.037,457.970,0.908,-1,-1,-1
257,-1,1162.942,126.484,204.408,174.096,0.952,-1,-1,-1
257,-1,343.895,332.791,381.324,307.013,0.995,-1,-1,-1
257,-1,1426.531,233.735,288.740,232.430,0.583,-1,-1,-1
258,-1,1549.271,463.897,367.023,389.356,0.726,-1,-1,-1
258,-1,354.412,622.909,543.280,457.373,0.904,-1,-1,-1
258,-1,1162.691,126.173,204.558,174.441,0.946,-1,-1,-1
258,-1,344.132,332.921,380.824,306.575,0.995,-1,-1,-1
258,-1,1426.439,233.742,286.882,232.679,0.537,-1,-1,-1
259,-1,1506.771,447.806,409.810,374.356,0.831,-1,-1,-1
259,-1,353.455,623.013,544.607,457.416,0.739,-1,-1,-1
259,-1,1162.673,126.215,204.041,174.307,0.953,-1,-1,-1
259,-1,344.620,333.148,379.937,305.895,0.996,-1,-1,-1
259,-1,352.276,626.637,543.887,454.140,0.542,-1,-1,-1
260,-1,1477.719,435.263,439.326,353.952,0.845,-1,-1,-1
260,-1,354.082,623.215,543.978,457.089,0.855,-1,-1,-1
260,-1,1162.560,126.401,204.550,174.193,0.936,-1,-1,-1
260,-1,344.661,333.138,379.940,305.920,0.996,-1,-1,-1
261,-1,1447.391,423.287,469.847,335.371,0.973,-1,-1,-1
261,-1,1162.647,127.128,205.061,173.139,0.911,-1,-1,-1
261,-1,344.980,333.874,378.987,304.509,0.994,-1,-1,-1
261,-1,354.831,627.003,538.230,453.897,0.949,-1,-1,-1
262,-1,1412.265,399.638,500.938,329.940,0.985,-1,-1,-1
262,-1,1162.660,127.459,205.370,172.749,0.898,-1,-1,-1
262,-1,344.770,334.174,379.603,303.800,0.994,-1,-1,-1
262,-1,354.859,626.125,538.840,454.744,0.951,-1,-1,-1
263,-1,1382.037,382.445,488.988,323.964,0.987,-1,-1,-1
263,-1,1162.973,127.618,205.431,172.834,0.898,-1,-1,-1
263,-1,345.103,334.296,379.658,303.860,0.994,-1,-1,-1
263,-1,354.963,626.343,539.119,454.570,0.950,-1,-1,-1
264,-1,1351.135,355.622,484.395,326.145,0.986,-1,-1,-1
264,-1,1162.995,127.418,205.355,173.445,0.916,-1,-1,-1
264,-1,345.031,334.236,379.785,303.670,0.995,-1,-1,-1
264,-1,355.056,626.552,539.510,454.277,0.952,-1,-1,-1
265,-1,1323.127,339.361,470.770,326.031,0.988,-1,-1,-1
265,-1,1163.174,127.157,204.723,173.796,0.910,-1,-1,-1
265,-1,345.337,334.308,380.297,303.859,0.995,-1,-1,-1
265,-1,354.588,627.184,540.091,453.579,0.951,-1,-1,-1
266,-1,1300.418,326.083,457.322,322.638,0.970,-1,-1,-1
266,-1,1162.881,127.065,205.537,174.344,0.913,-1,-1,-1
266,-1,346.167,334.751,379.163,303.381,0.995,-1,-1,-1
266,-1,354.753,626.953,539.611,453.774,0.955,-1,-1,-1
267,-1,1276.573,320.599,433.785,301.061,0.987,-1,-1,-1
267,-1,1162.949,127.533,205.750,174.352,0.872,-1,-1,-1
267,-1,345.736,334.620,379.796,303.657,0.995,-1,-1,-1
267,-1,354.974,627.806,539.684,452.978,0.959,-1,-1,-1
268,-1,1252.152,310.101,419.414,293.354,0.989,-1,-1,-1
268,-1,1162.585,127.615,205.840,174.570,0.848,-1,-1,-1
268,-1,345.762,334.676,379.773,303.556,0.995,-1,-1,-1
268,-1,355.187,627.344,539.483,453.353,0.957,-1,-1,-1
269,-1,1226.555,300.420,412.332,286.218,0.985,-1,-1,-1
269,-1,1162.737,127.744,206.570,174.638,0.863,-1,-1,-1
269,-1,345.947,334.729,379.495,303.587,0.995,-1,-1,-1
269,-1,355.378,627.075,539.721,453.727,0.954,-1,-1,-1
270,-1,1204.339,292.431,400.248,281.875,0.980,-1,-1,-1
270,-1,1164.509,127.573,204.453,174.152,0.797,-1,-1,-1
270,-1,346.037,334.407,379.150,303.828,0.995,-1,-1,-1
270,-1,356.044,626.311,539.961,454.463,0.949,-1,-1,-1
271,-1,1163.829,127.848,203.575,171.868,0.632,-1,-1,-1
271,-1,345.332,334.178,379.798,303.200,0.995,-1,-1,-1
271,-1,1186.753,282.782,382.127,270.297,0.953,-1,-1,-1
271,-1,356.012,627.337,540.982,453.399,0.939,-1,-1,-1
272,-1,345.173,333.836,380.155,303.989,0.995,-1,-1,-1
272,-1,1167.717,273.261,369.177,265.777,0.947,-1,-1,-1
272,-1,356.274,627.120,540.872,453.642,0.936,-1,-1,-1
273,-1,345.098,334.074,379.883,303.740,0.995,-1,-1,-1
273,-1,1149.744,265.159,358.739,257.520,0.930,-1,-1,-1
273,-1,356.457,627.784,540.901,453.036,0.939,-1,-1,-1
274,-1,345.005,333.900,380.574,304.119,0.995,-1,-1,-1
274,-1,1132.414,256.625,351.558,253.910,0.884,-1,-1,-1
274,-1,356.596,627.824,540.970,453.038,0.944,-1,-1,-1
275,-1,344.997,334.016,380.505,304.088,0.995,-1,-1,-1
275,-1,1117.284,248.399,342.335,249.269,0.891,-1,-1,-1
275,-1,356.659,627.596,539.392,453.157,0.936,-1,-1,-1
276,-1,1104.602,237.177,332.087,243.065,0.915,-1,-1,-1
276,-1,344.724,333.835,381.445,304.230,0.995,-1,-1,-1
276,-1,354.264,627.244,542.839,453.461,0.848,-1,-1,-1
277,-1,1087.818,230.673,322.110,235.312,0.946,-1,-1,-1
277,-1,355.288,624.444,542.232,455.911,0.907,-1,-1,-1
277,-1,344.720,333.782,381.400,305.019,0.995,-1,-1,-1
278,-1,355.551,624.779,541.678,455.678,0.926,-1,-1,-1
278,-1,344.777,333.935,381.319,304.865,0.995,-1,-1,-1
278,-1,1070.547,223.408,316.976,232.712,0.927,-1,-1,-1
279,-1,355.476,625.514,541.245,454.981,0.929,-1,-1,-1
279,-1,344.913,334.174,380.781,304.908,0.995,-1,-1,-1
279,-1,1061.186,216.940,303.494,226.935,0.960,-1,-1,-1
280,-1,1584.227,494.630,331.812,380.151,0.629,-1,-1,-1
280,-1,355.401,625.081,541.536,455.313,0.907,-1,-1,-1
280,-1,345.105,334.530,380.498,304.189,0.995,-1,-1,-1
280,-1,1045.628,210.658,298.155,222.200,0.978,-1,-1,-1
281,-1,1532.586,465.911,383.612,378.721,0.773,-1,-1,-1
281,-1,345.775,335.009,379.820,303.433,0.995,-1,-1,-1
281,-1,1034.651,205.728,290.286,213.941,0.984,-1,-1,-1
281,-1,355.659,625.906,539.321,454.969,0.940,-1,-1,-1
282,-1,1488.317,449.090,428.610,359.811,0.905,-1,-1,-1
282,-1,345.567,334.971,379.298,303.617,0.995,-1,-1,-1
282,-1,1028.603,201.040,280.455,209.028,0.972,-1,-1,-1
282,-1,355.572,625.395,538.599,455.448,0.944,-1,-1,-1
283,-1,1456.107,430.874,461.038,344.196,0.971,-1,-1,-1
283,-1,345.632,334.961,379.695,303.669,0.995,-1,-1,-1
283,-1,1016.207,194.458,277.380,205.408,0.977,-1,-1,-1
283,-1,354.810,625.169,538.754,455.623,0.950,-1,-1,-1
284,-1,1419.191,414.911,485.233,322.606,0.987,-1,-1,-1
284,-1,345.469,334.904,379.772,303.883,0.995,-1,-1,-1
284,-1,1004.916,188.273,271.823,201.326,0.970,-1,-1,-1
284,-1,355.009,626.113,539.410,454.758,0.950,-1,-1,-1
285,-1,1377.779,393.484,478.386,319.985,0.988,-1,-1,-1
285,-1,345.820,334.969,379.311,303.859,0.995,-1,-1,-1
285,-1,996.454,181.522,264.452,200.746,0.935,-1,-1,-1
285,-1,354.674,626.568,539.307,454.274,0.956,-1,-1,-1
286,-1,1345.131,373.331,462.431,312.692,0.992,-1,-1,-1
286,-1,345.655,334.758,379.725,303.511,0.996,-1,-1,-1
286,-1,986.923,175.990,258.703,196.098,0.969,-1,-1,-1
286,-1,355.261,626.761,539.372,454.083,0.949,-1,-1,-1
287,-1,1314.933,350.817,446.081,312.352,0.990,-1,-1,-1
287,-1,345.482,334.239,379.492,304.146,0.996,-1,-1,-1
287,-1,978.483,169.631,252.681,193.207,0.961,-1,-1,-1
287,-1,355.264,627.699,538.375,453.127,0.955,-1,-1,-1
288,-1,1290.430,340.103,424.690,301.249,0.991,-1,-1,-1
288,-1,345.792,334.169,379.040,304.245,0.996,-1,-1,-1
288,-1,969.219,165.510,250.839,191.266,0.974,-1,-1,-1
288,-1,355.375,627.035,538.563,453.821,0.947,-1,-1,-1
289,-1,1261.975,326.067,410.640,294.053,0.988,-1,-1,-1
289,-1,345.851,334.506,378.094,303.153,0.996,-1,-1,-1
289,-1,960.275,160.083,250.645,189.997,0.992,-1,-1,-1
289,-1,355.524,626.686,538.926,454.004,0.945,-1,-1,-1
290,-1,1235.640,315.062,397.641,287.142,0.993,-1,-1,-1
290,-1,951.553,157.114,244.789,185.293,0.991,-1,-1,-1
290,-1,345.700,334.339,378.472,303.419,0.995,-1,-1,-1
290,-1,355.579,625.983,539.006,454.653,0.931,-1,-1,-1
291,-1,1210.020,305.277,389.864,277.936,0.986,-1,-1,-1
291,-1,944.203,152.600,237.976,182.325,0.992,-1,-1,-1
291,-1,345.749,333.297,379.661,304.929,0.995,-1,-1,-1
291,-1,355.422,624.772,539.349,455.990,0.934,-1,-1,-1
292,-1,934.225,148.048,236.394,178.447,0.994,-1,-1,-1
292,-1,345.742,332.947,379.488,305.534,0.995,-1,-1,-1
292,-1,1187.207,293.971,371.280,269.566,0.976,-1,-1,-1
292,-1,355.410,625.437,539.382,455.267,0.931,-1,-1,-1
293,-1,926.971,142.682,233.360,176.783,0.994,-1,-1,-1
293,-1,345.565,333.002,380.094,305.525,0.995,-1,-1,-1
293,-1,1169.146,285.887,354.289,259.925,0.965,-1,-1,-1
293,-1,355.692,624.633,539.429,456.057,0.932,-1,-1,-1
294,-1,919.754,139.376,230.941,173.428,0.993,-1,-1,-1
294,-1,345.720,333.053,379.700,305.589,0.996,-1,-1,-1
294,-1,1147.087,275.699,348.335,256.305,0.950,-1,-1,-1
294,-1,355.892,624.359,539.286,456.277,0.933,-1,-1,-1
295,-1,914.698,134.302,224.653,173.185,0.992,-1,-1,-1
295,-1,345.778,333.248,379.928,305.582,0.995,-1,-1,-1
295,-1,1131.375,266.265,337.401,252.363,0.938,-1,-1,-1
295,-1,355.968,624.225,539.467,456.405,0.933,-1,-1,-1
296,-1,908.820,130.384,221.248,170.754,0.994,-1,-1,-1
296,-1,345.521,333.188,380.342,305.792,0.995,-1,-1,-1
296,-1,1117.178,256.568,329.103,244.278,0.896,-1,-1,-1
296,-1,356.007,623.946,539.804,456.773,0.931,-1,-1,-1
297,-1,902.959,128.293,216.750,164.609,0.990,-1,-1,-1
297,-1,345.522,333.086,380.498,305.551,0.995,-1,-1,-1
297,-1,1100.508,246.993,318.796,239.819,0.949,-1,-1,-1
297,-1,356.489,623.633,539.182,457.026,0.925,-1,-1,-1
298,-1,1087.822,236.525,305.070,233.045,0.945,-1,-1,-1
298,-1,894.729,122.550,216.352,165.519,0.992,-1,-1,-1
298,-1,345.085,332.976,380.845,305.857,0.995,-1,-1,-1
298,-1,356.305,623.293,539.805,457.389,0.916,-1,-1,-1
299,-1,1072.116,230.786,296.337,226.459,0.977,-1,-1,-1
299,-1,888.694,121.356,209.498,159.818,0.991,-1,-1,-1
299,-1,345.224,332.580,380.643,306.355,0.995,-1,-1,-1
299,-1,356.169,622.972,539.987,457.757,0.917,-1,-1,-1
300,-1,1058.049,224.213,288.065,220.766,0.978,-1,-1,-1
300,-1,883.726,119.099,208.505,157.795,0.985,-1,-1,-1
300,-1,345.102,332.817,380.545,306.020,0.996,-1,-1,-1
300,-1,356.118,622.896,540.103,457.841,0.920,-1,-1,-1
301,-1,879.858,115.590,204.908,155.651,0.949,-1,-1,-1
301,-1,344.222,333.279,381.173,305.470,0.995,-1,-1,-1
301,-1,1042.663,219.772,283.012,215.455,0.980,-1,-1,-1
301,-1,355.820,625.057,539.967,455.764,0.933,-1,-1,-1
302,-1,873.936,113.040,203.544,152.466,0.963,-1,-1,-1
302,-1,344.144,333.172,381.241,305.368,0.996,-1,-1,-1
302,-1,1031.941,210.796,274.725,213.055,0.990,-1,-1,-1
302,-1,355.851,625.001,539.863,455.796,0.932,-1,-1,-1
303,-1,870.034,110.533,195.974,149.163,0.967,-1,-1,-1
303,-1,344.139,332.962,381.199,305.607,0.995,-1,-1,-1
303,-1,1022.199,204.343,268.029,206.990,0.986,-1,-1,-1
303,-1,355.904,624.198,540.063,456.588,0.932,-1,-1,-1
304,-1,866.271,108.139,190.108,146.654,0.940,-1,-1,-1
304,-1,344.013,333.036,381.429,305.673,0.996,-1,-1,-1
304,-1,1008.901,198.592,259.406,201.068,0.992,-1,-1,-1
304,-1,355.885,624.522,540.033,456.266,0.933,-1,-1,-1
305,-1,862.781,107.218,185.549,143.067,0.859,-1,-1,-1
305,-1,343.842,332.990,381.565,305.970,0.995,-1,-1,-1
305,-1,997.133,193.937,256.444,195.502,0.992,-1,-1,-1
305,-1,355.533,624.907,540.353,455.930,0.936,-1,-1,-1
305,-1,1426.298,233.000,289.863,226.419,0.509,-1,-1,-1
306,-1,858.227,106.088,185.732,142.360,0.933,-1,-1,-1
306,-1,343.864,333.009,381.677,305.778,0.996,-1,-1,-1
306,-1,988.580,185.170,247.435,195.833,0.991,-1,-1,-1
306,-1,355.609,625.206,540.845,455.666,0.936,-1,-1,-1
306,-1,1426.617,232.973,288.549,225.449,0.515,-1,-1,-1
307,-1,852.601,99.052,184.997,141.589,0.943,-1,-1,-1
307,-1,343.967,333.138,381.258,305.639,0.995,-1,-1,-1
307,-1,978.506,182.657,244.513,189.921,0.989,-1,-1,-1
307,-1,355.466,626.156,540.680,454.762,0.935,-1,-1,-1
307,-1,1427.547,232.757,287.956,227.271,0.505,-1,-1,-1
308,-1,851.829,96.935,182.319,139.600,0.928,-1,-1,-1
308,-1,343.890,333.196,381.342,305.635,0.995,-1,-1,-1
308,-1,967.616,175.462,244.940,188.342,0.982,-1,-1,-1
308,-1,355.671,625.531,540.406,455.389,0.934,-1,-1,-1
308,-1,1427.635,232.920,288.299,227.169,0.533,-1,-1,-1
309,-1,344.041,333.224,380.925,305.251,0.995,-1,-1,-1
309,-1,849.307,90.547,185.128,141.789,0.886,-1,-1,-1
309,-1,955.586,170.611,242.243,185.568,0.985,-1,-1,-1
309,-1,355.430,625.633,540.440,455.222,0.937,-1,-1,-1
309,-1,1428.395,232.685,288.390,229.087,0.540,-1,-1,-1
310,-1,343.927,333.070,381.394,305.508,0.995,-1,-1,-1
310,-1,847.767,87.042,183.776,140.964,0.736,-1,-1,-1
310,-1,947.883,164.643,235.795,184.090,0.967,-1,-1,-1
310,-1,355.263,625.153,540.540,455.606,0.937,-1,-1,-1