1,-1,551.592,522.286,122.907,86.160,0.969,-1,-1,-1
1,-1,1391.157,332.139,170.605,146.732,0.998,-1,-1,-1
1,-1,293.752,589.615,86.276,71.772,0.891,-1,-1,-1
2,-1,552.519,520.893,122.324,86.450,0.973,-1,-1,-1
2,-1,1388.603,336.890,173.901,151.732,0.998,-1,-1,-1
2,-1,295.419,589.590,85.856,71.191,0.867,-1,-1,-1
3,-1,552.742,521.016,121.733,86.066,0.975,-1,-1,-1
3,-1,1385.095,343.024,183.570,158.487,0.998,-1,-1,-1
3,-1,296.966,589.748,87.218,71.695,0.885,-1,-1,-1
4,-1,552.708,520.827,121.772,86.124,0.974,-1,-1,-1
4,-1,1381.614,348.288,191.202,166.847,0.997,-1,-1,-1
4,-1,298.271,589.868,88.434,71.097,0.817,-1,-1,-1
5,-1,552.590,520.920,122.065,86.126,0.976,-1,-1,-1
5,-1,1378.799,356.243,199.706,171.146,0.998,-1,-1,-1
5,-1,299.605,590.207,89.736,70.719,0.856,-1,-1,-1
6,-1,552.703,520.814,122.230,86.157,0.975,-1,-1,-1
6,-1,1376.665,360.059,206.155,174.643,0.998,-1,-1,-1
6,-1,301.528,590.059,90.157,71.628,0.858,-1,-1,-1
7,-1,552.888,520.856,121.865,86.128,0.974,-1,-1,-1
7,-1,1375.579,366.278,215.485,176.997,0.998,-1,-1,-1
7,-1,304.655,589.896,89.492,72.138,0.840,-1,-1,-1
8,-1,552.972,520.817,121.734,86.089,0.972,-1,-1,-1
8,-1,1374.938,371.350,222.013,179.821,0.998,-1,-1,-1
8,-1,307.234,589.577,90.259,72.662,0.874,-1,-1,-1
9,-1,552.872,520.754,121.781,86.105,0.973,-1,-1,-1
9,-1,1380.792,372.356,218.034,185.339,0.997,-1,-1,-1
9,-1,309.947,589.542,90.549,72.820,0.890,-1,-1,-1
10,-1,553.015,520.552,121.589,86.205,0.976,-1,-1,-1
10,-1,1382.431,373.931,216.882,195.408,0.995,-1,-1,-1
10,-1,311.806,589.126,91.230,73.775,0.929,-1,-1,-1
11,-1,552.774,520.726,121.608,86.298,0.979,-1,-1,-1
11,-1,1383.006,376.542,216.624,203.702,0.985,-1,-1,-1
11,-1,314.539,588.480,91.180,75.641,0.945,-1,-1,-1
12,-1,553.039,520.586,121.311,86.369,0.978,-1,-1,-1
12,-1,1386.552,376.089,213.178,220.592,0.979,-1,-1,-1
12,-1,317.504,588.082,90.972,75.862,0.955,-1,-1,-1
13,-1,553.614,519.879,120.147,86.667,0.976,-1,-1,-1
13,-1,1387.685,375.599,212.113,236.333,0.981,-1,-1,-1
13,-1,318.464,588.675,93.705,75.451,0.956,-1,-1,-1
14,-1,553.924,519.778,120.125,86.785,0.978,-1,-1,-1
14,-1,1393.447,375.173,206.317,253.895,0.973,-1,-1,-1
14,-1,320.272,587.512,95.732,76.852,0.967,-1,-1,-1
15,-1,553.867,520.111,120.061,86.430,0.978,-1,-1,-1
15,-1,321.923,588.439,96.299,76.548,0.966,-1,-1,-1
15,-1,1409.554,380.557,190.603,262.594,0.940,-1,-1,-1
16,-1,553.902,520.258,120.144,86.156,0.978,-1,-1,-1
16,-1,324.133,588.002,96.163,76.931,0.969,-1,-1,-1
16,-1,1424.474,386.954,175.840,274.507,0.928,-1,-1,-1
17,-1,553.888,520.041,120.210,86.430,0.978,-1,-1,-1
17,-1,326.193,587.332,96.808,77.894,0.973,-1,-1,-1
17,-1,1448.795,397.113,151.144,260.428,0.814,-1,-1,-1
18,-1,553.684,520.071,120.386,86.467,0.978,-1,-1,-1
18,-1,327.889,588.170,100.436,78.923,0.976,-1,-1,-1
18,-1,1477.954,405.604,122.116,248.497,0.764,-1,-1,-1
19,-1,553.296,520.031,120.932,86.437,0.978,-1,-1,-1
19,-1,330.187,587.567,101.501,79.142,0.978,-1,-1,-1
20,-1,553.275,520.030,121.162,86.306,0.982,-1,-1,-1
20,-1,332.235,587.487,100.921,79.748,0.985,-1,-1,-1
21,-1,552.436,520.529,121.231,86.649,0.985,-1,-1,-1
21,-1,335.945,587.750,102.236,80.504,0.986,-1,-1,-1
22,-1,552.381,520.468,121.175,86.654,0.985,-1,-1,-1
22,-1,338.544,587.213,102.586,81.725,0.988,-1,-1,-1
23,-1,552.463,520.471,120.998,86.659,0.985,-1,-1,-1
23,-1,340.815,587.790,103.234,81.034,0.989,-1,-1,-1
24,-1,552.409,520.332,121.282,86.787,0.984,-1,-1,-1
24,-1,343.202,587.037,103.076,82.608,0.990,-1,-1,-1
25,-1,551.882,520.610,121.971,86.571,0.986,-1,-1,-1
25,-1,345.897,587.707,104.543,82.377,0.989,-1,-1,-1
26,-1,552.130,520.554,121.694,86.600,0.985,-1,-1,-1
26,-1,347.456,587.293,105.786,83.690,0.990,-1,-1,-1
27,-1,552.020,520.484,121.873,86.724,0.985,-1,-1,-1
27,-1,350.329,586.616,107.301,85.550,0.989,-1,-1,-1
28,-1,552.299,520.529,121.734,86.695,0.984,-1,-1,-1
28,-1,351.747,586.463,109.274,86.063,0.989,-1,-1,-1
29,-1,552.271,520.540,121.866,86.700,0.983,-1,-1,-1
29,-1,353.619,585.776,110.443,87.619,0.989,-1,-1,-1
30,-1,552.401,520.578,121.655,86.515,0.982,-1,-1,-1
30,-1,354.667,584.994,112.803,88.721,0.989,-1,-1,-1
31,-1,553.349,519.875,121.409,87.768,0.986,-1,-1,-1
31,-1,357.663,584.401,114.145,90.359,0.988,-1,-1,-1
32,-1,553.561,519.939,121.277,87.473,0.985,-1,-1,-1
32,-1,359.718,584.278,116.126,92.241,0.990,-1,-1,-1
33,-1,553.991,520.043,120.776,87.253,0.984,-1,-1,-1
33,-1,362.287,584.265,116.116,92.902,0.991,-1,-1,-1
34,-1,553.793,519.960,120.966,87.158,0.983,-1,-1,-1
34,-1,363.714,584.181,119.013,93.873,0.992,-1,-1,-1
35,-1,364.615,583.963,121.517,94.719,0.993,-1,-1,-1
35,-1,553.897,520.961,120.182,87.319,0.978,-1,-1,-1
36,-1,368.671,583.054,120.987,96.497,0.993,-1,-1,-1
36,-1,554.030,520.978,120.088,87.161,0.978,-1,-1,-1
37,-1,370.428,582.865,124.369,97.152,0.993,-1,-1,-1
37,-1,553.792,520.967,121.189,87.043,0.970,-1,-1,-1
38,-1,372.180,582.440,126.867,97.477,0.993,-1,-1,-1
38,-1,553.802,520.844,121.225,87.092,0.967,-1,-1,-1
39,-1,376.394,583.254,127.369,98.634,0.996,-1,-1,-1
39,-1,553.935,520.895,121.027,87.042,0.972,-1,-1,-1
40,-1,377.215,583.050,131.257,99.606,0.995,-1,-1,-1
40,-1,554.369,520.765,120.795,87.081,0.969,-1,-1,-1
41,-1,379.481,581.964,135.863,102.507,0.994,-1,-1,-1
41,-1,554.895,521.101,119.304,86.295,0.954,-1,-1,-1
42,-1,382.807,580.829,139.273,104.764,0.994,-1,-1,-1
42,-1,554.909,520.730,119.464,86.590,0.950,-1,-1,-1
43,-1,386.371,580.618,139.284,104.829,0.994,-1,-1,-1
43,-1,555.242,520.727,119.237,86.288,0.943,-1,-1,-1
44,-1,389.609,579.319,142.878,107.280,0.995,-1,-1,-1
44,-1,555.270,520.707,119.099,86.297,0.938,-1,-1,-1
45,-1,392.928,578.703,145.338,109.165,0.996,-1,-1,-1
45,-1,555.274,520.648,119.057,86.253,0.931,-1,-1,-1
46,-1,396.369,578.860,147.445,109.102,0.996,-1,-1,-1
46,-1,555.335,520.614,118.742,86.302,0.915,-1,-1,-1
47,-1,401.153,578.846,149.482,110.585,0.996,-1,-1,-1
47,-1,555.925,520.610,117.949,86.342,0.899,-1,-1,-1
48,-1,404.627,577.598,151.195,113.242,0.996,-1,-1,-1
48,-1,556.478,520.474,117.435,86.439,0.882,-1,-1,-1
49,-1,407.623,576.268,153.293,116.073,0.996,-1,-1,-1
49,-1,557.968,519.743,116.522,86.737,0.819,-1,-1,-1
50,-1,411.717,575.259,156.792,118.408,0.997,-1,-1,-1
50,-1,556.895,519.373,117.566,86.953,0.816,-1,-1,-1
51,-1,415.793,574.530,160.348,119.482,0.996,-1,-1,-1
51,-1,555.159,519.919,118.487,86.768,0.855,-1,-1,-1
52,-1,419.710,573.755,163.323,121.456,0.997,-1,-1,-1
52,-1,554.762,519.851,119.011,86.654,0.832,-1,-1,-1
53,-1,424.237,573.742,167.472,123.311,0.998,-1,-1,-1
53,-1,555.775,519.827,118.529,85.922,0.726,-1,-1,-1
54,-1,427.638,572.698,172.630,126.006,0.999,-1,-1,-1
54,-1,558.635,519.853,116.128,85.903,0.537,-1,-1,-1
55,-1,431.772,572.633,176.816,128.574,0.999,-1,-1,-1
55,-1,560.567,519.990,114.599,85.971,0.537,-1,-1,-1
56,-1,437.428,571.377,177.466,131.305,0.998,-1,-1,-1
56,-1,563.782,519.770,110.888,86.418,0.512,-1,-1,-1
57,-1,442.135,570.349,182.370,135.277,0.998,-1,-1,-1
58,-1,445.820,569.770,191.482,138.991,0.998,-1,-1,-1
59,-1,450.702,569.778,196.144,140.850,0.999,-1,-1,-1
60,-1,455.935,565.557,206.017,149.296,0.999,-1,-1,-1
60,-1,314.430,595.520,88.545,69.256,0.686,-1,-1,-1
61,-1,460.604,565.207,215.547,151.690,0.999,-1,-1,-1
61,-1,317.155,594.884,90.134,70.263,0.749,-1,-1,-1
62,-1,465.615,563.004,225.647,157.293,0.999,-1,-1,-1
62,-1,321.969,594.242,91.948,70.527,0.865,-1,-1,-1
63,-1,473.615,560.337,237.939,162.248,0.999,-1,-1,-1
63,-1,325.164,594.535,92.500,70.143,0.814,-1,-1,-1
64,-1,483.146,556.160,240.969,170.998,0.999,-1,-1,-1
64,-1,327.825,593.881,94.631,71.481,0.876,-1,-1,-1
65,-1,334.572,593.282,92.778,72.108,0.886,-1,-1,-1
65,-1,488.520,552.534,259.973,177.543,0.998,-1,-1,-1
66,-1,337.840,593.937,93.013,72.873,0.889,-1,-1,-1
66,-1,497.120,547.655,272.532,185.788,0.998,-1,-1,-1
67,-1,339.980,593.439,94.995,73.576,0.924,-1,-1,-1
67,-1,507.715,549.725,283.847,186.906,0.998,-1,-1,-1
68,-1,342.690,593.241,97.290,75.178,0.921,-1,-1,-1
68,-1,519.331,545.336,296.935,195.799,0.998,-1,-1,-1
69,-1,345.230,593.658,98.731,75.076,0.909,-1,-1,-1
69,-1,535.036,545.264,312.462,199.318,0.997,-1,-1,-1
69,-1,1438.501,397.860,161.646,254.582,0.530,-1,-1,-1
70,-1,348.808,592.697,100.858,76.732,0.941,-1,-1,-1
70,-1,548.962,541.579,324.171,210.085,0.998,-1,-1,-1
70,-1,1377.556,364.886,222.492,283.599,0.674,-1,-1,-1
71,-1,1322.760,343.905,276.592,305.642,0.876,-1,-1,-1
71,-1,354.608,591.629,100.403,78.899,0.937,-1,-1,-1
71,-1,558.222,518.926,113.564,85.518,0.645,-1,-1,-1
71,-1,563.353,537.672,343.527,221.343,0.998,-1,-1,-1
72,-1,1266.718,345.653,332.112,302.635,0.941,-1,-1,-1
72,-1,357.237,591.238,101.607,78.721,0.923,-1,-1,-1
72,-1,558.492,519.339,112.880,86.063,0.703,-1,-1,-1
72,-1,579.169,534.416,366.496,232.092,0.998,-1,-1,-1
73,-1,1217.249,340.874,381.624,305.076,0.930,-1,-1,-1
73,-1,362.471,590.738,103.281,79.482,0.965,-1,-1,-1
73,-1,557.118,519.181,116.223,86.747,0.639,-1,-1,-1
73,-1,594.712,530.192,396.093,246.921,0.998,-1,-1,-1
74,-1,1176.152,339.914,423.087,308.989,0.934,-1,-1,-1
74,-1,367.444,590.632,104.824,80.763,0.969,-1,-1,-1
74,-1,556.409,519.992,115.117,86.297,0.748,-1,-1,-1
74,-1,619.182,525.207,421.478,263.443,0.997,-1,-1,-1
75,-1,1132.691,351.019,466.955,298.116,0.926,-1,-1,-1
75,-1,371.600,590.458,106.569,82.004,0.973,-1,-1,-1
75,-1,555.991,520.951,116.083,86.459,0.879,-1,-1,-1
75,-1,644.755,517.212,457.944,284.470,0.998,-1,-1,-1
76,-1,1090.322,363.451,509.982,286.233,0.915,-1,-1,-1
76,-1,375.293,591.222,109.171,83.010,0.979,-1,-1,-1
76,-1,555.193,521.091,117.681,87.102,0.884,-1,-1,-1
76,-1,675.563,514.579,497.955,307.342,0.996,-1,-1,-1
77,-1,1070.198,371.560,530.489,275.837,0.623,-1,-1,-1
77,-1,378.068,590.268,112.193,84.276,0.980,-1,-1,-1
77,-1,554.051,522.255,117.705,86.622,0.881,-1,-1,-1
77,-1,712.986,508.065,555.626,328.637,0.996,-1,-1,-1
78,-1,383.001,589.268,116.034,86.423,0.982,-1,-1,-1
78,-1,554.070,521.816,119.308,87.470,0.917,-1,-1,-1
78,-1,750.630,498.830,630.730,355.270,0.996,-1,-1,-1
79,-1,388.834,588.692,118.822,87.794,0.982,-1,-1,-1
79,-1,553.703,521.876,119.985,87.252,0.933,-1,-1,-1
79,-1,805.614,478.029,706.425,398.582,0.997,-1,-1,-1
80,-1,394.066,587.093,123.099,90.803,0.990,-1,-1,-1
80,-1,553.770,521.129,120.070,87.776,0.957,-1,-1,-1
80,-1,871.710,460.227,726.853,452.820,0.993,-1,-1,-1
81,-1,399.087,586.259,128.446,94.437,0.990,-1,-1,-1
81,-1,554.267,520.911,119.258,87.119,0.938,-1,-1,-1
81,-1,939.924,456.024,657.111,496.411,0.986,-1,-1,-1
82,-1,1015.991,446.985,583.027,506.588,0.716,-1,-1,-1
82,-1,403.790,585.431,133.688,97.564,0.989,-1,-1,-1
82,-1,321.479,595.785,85.575,69.102,0.551,-1,-1,-1
82,-1,554.150,520.863,118.826,86.642,0.922,-1,-1,-1
83,-1,1119.220,437.322,478.432,523.977,0.717,-1,-1,-1
83,-1,863.259,427.532,409.756,223.047,0.961,-1,-1,-1
83,-1,412.806,584.309,137.627,100.144,0.987,-1,-1,-1
83,-1,554.137,520.228,118.643,86.947,0.877,-1,-1,-1
84,-1,1250.506,455.180,346.235,504.494,0.543,-1,-1,-1
84,-1,829.396,427.675,401.305,217.806,0.996,-1,-1,-1
84,-1,418.972,583.722,145.393,102.302,0.986,-1,-1,-1
84,-1,554.839,519.300,118.384,87.399,0.759,-1,-1,-1
85,-1,428.640,583.206,150.277,104.013,0.990,-1,-1,-1
85,-1,552.983,518.936,121.254,87.539,0.632,-1,-1,-1
85,-1,802.002,434.991,402.264,211.492,0.997,-1,-1,-1
86,-1,438.661,583.103,155.407,107.153,0.993,-1,-1,-1
86,-1,333.262,594.539,89.280,71.244,0.692,-1,-1,-1
86,-1,554.175,519.474,119.662,85.831,0.596,-1,-1,-1
86,-1,776.204,445.894,376.282,201.091,0.997,-1,-1,-1
87,-1,447.487,581.294,162.105,110.837,0.994,-1,-1,-1
87,-1,337.389,594.116,90.302,71.573,0.806,-1,-1,-1
87,-1,759.329,452.618,351.163,194.395,0.998,-1,-1,-1
88,-1,457.177,580.237,168.039,114.186,0.994,-1,-1,-1
88,-1,341.200,594.994,93.256,72.986,0.837,-1,-1,-1
88,-1,740.248,455.764,330.632,190.481,0.998,-1,-1,-1
89,-1,465.698,577.042,180.355,120.690,0.995,-1,-1,-1
89,-1,344.901,595.305,95.074,73.140,0.789,-1,-1,-1
89,-1,724.592,463.317,317.421,184.291,0.998,-1,-1,-1
90,-1,479.445,575.351,191.637,125.635,0.994,-1,-1,-1
90,-1,350.227,594.973,96.317,73.725,0.816,-1,-1,-1
90,-1,708.511,463.485,302.928,182.484,0.998,-1,-1,-1
91,-1,493.039,575.088,199.671,131.224,0.992,-1,-1,-1
91,-1,355.565,593.681,96.599,76.141,0.880,-1,-1,-1
91,-1,1421.880,390.630,178.119,258.702,0.666,-1,-1,-1
91,-1,692.266,469.255,284.402,176.910,0.996,-1,-1,-1
92,-1,1348.108,342.539,251.705,307.849,0.843,-1,-1,-1
92,-1,507.769,573.990,211.922,136.889,0.988,-1,-1,-1
92,-1,360.950,592.700,99.028,77.125,0.901,-1,-1,-1
92,-1,673.481,476.714,279.044,168.774,0.990,-1,-1,-1
93,-1,1279.229,343.319,319.488,308.506,0.901,-1,-1,-1
93,-1,520.282,572.696,230.734,142.422,0.985,-1,-1,-1
93,-1,365.261,591.723,102.496,78.808,0.936,-1,-1,-1
93,-1,642.707,480.173,281.755,167.069,0.944,-1,-1,-1
94,-1,1219.573,339.360,378.989,309.182,0.927,-1,-1,-1
94,-1,369.860,590.455,103.689,80.635,0.954,-1,-1,-1
94,-1,633.600,479.519,274.209,169.059,0.616,-1,-1,-1
94,-1,534.128,568.637,254.824,149.794,0.994,-1,-1,-1
95,-1,1167.947,340.709,431.202,308.917,0.945,-1,-1,-1
95,-1,374.943,590.009,103.822,80.804,0.966,-1,-1,-1
95,-1,557.612,562.014,270.725,164.125,0.993,-1,-1,-1
96,-1,1115.380,353.579,484.323,293.958,0.954,-1,-1,-1
96,-1,379.684,591.318,107.396,81.450,0.965,-1,-1,-1
96,-1,579.772,553.197,293.553,177.903,0.997,-1,-1,-1
97,-1,1069.899,365.039,530.144,286.410,0.950,-1,-1,-1
97,-1,386.688,590.884,110.448,82.065,0.955,-1,-1,-1
97,-1,602.322,548.529,315.890,188.548,0.996,-1,-1,-1
98,-1,1026.488,380.034,572.237,270.325,0.980,-1,-1,-1
98,-1,390.584,589.603,115.829,83.989,0.935,-1,-1,-1
98,-1,634.945,543.735,343.939,200.412,0.995,-1,-1,-1
99,-1,988.855,399.847,557.170,249.785,0.988,-1,-1,-1
99,-1,396.065,588.933,122.531,86.777,0.983,-1,-1,-1
99,-1,246.118,606.649,88.263,76.664,0.566,-1,-1,-1
99,-1,664.068,542.294,374.816,215.544,0.992,-1,-1,-1
100,-1,405.096,586.497,123.786,91.671,0.980,-1,-1,-1
100,-1,247.115,607.506,91.073,77.041,0.682,-1,-1,-1
100,-1,565.770,510.356,209.342,133.002,0.955,-1,-1,-1
100,-1,704.039,534.494,416.762,234.159,0.985,-1,-1,-1
100,-1,942.123,404.821,525.096,242.202,0.940,-1,-1,-1
101,-1,409.905,585.991,129.990,94.719,0.975,-1,-1,-1
101,-1,248.243,608.379,93.466,78.548,0.819,-1,-1,-1
101,-1,552.131,513.545,207.989,128.471,0.975,-1,-1,-1
101,-1,932.700,420.405,460.320,236.488,0.768,-1,-1,-1
101,-1,744.634,521.681,476.383,265.013,0.984,-1,-1,-1
102,-1,550.504,519.787,188.633,122.053,0.986,-1,-1,-1
102,-1,418.840,584.590,134.222,97.255,0.969,-1,-1,-1
102,-1,251.139,609.134,92.152,79.967,0.793,-1,-1,-1
102,-1,887.417,435.306,448.677,183.708,0.529,-1,-1,-1
102,-1,797.009,519.939,538.985,283.977,0.995,-1,-1,-1
103,-1,425.106,580.643,145.702,102.569,0.980,-1,-1,-1
103,-1,253.847,609.415,93.523,82.147,0.842,-1,-1,-1
103,-1,524.684,518.919,196.057,125.260,0.833,-1,-1,-1
103,-1,862.854,509.328,638.025,322.419,0.997,-1,-1,-1
104,-1,965.664,499.202,633.628,363.906,0.984,-1,-1,-1
104,-1,436.611,578.791,150.915,107.279,0.987,-1,-1,-1
104,-1,256.759,609.905,94.653,82.860,0.892,-1,-1,-1
104,-1,819.289,444.188,399.705,204.765,0.623,-1,-1,-1
105,-1,1056.711,489.649,542.871,405.338,0.956,-1,-1,-1
105,-1,786.240,443.382,381.994,205.207,0.976,-1,-1,-1
105,-1,449.624,577.096,156.552,110.890,0.992,-1,-1,-1
105,-1,258.151,609.905,98.781,85.721,0.853,-1,-1,-1
106,-1,1185.953,480.951,411.227,413.250,0.916,-1,-1,-1
106,-1,462.000,576.413,165.592,110.793,0.995,-1,-1,-1
106,-1,258.774,609.934,102.985,87.872,0.907,-1,-1,-1
106,-1,763.430,447.867,357.709,198.623,0.994,-1,-1,-1
107,-1,1348.251,512.245,250.505,388.679,0.712,-1,-1,-1
107,-1,475.276,570.765,176.354,118.303,0.996,-1,-1,-1
107,-1,260.580,611.155,105.878,86.812,0.927,-1,-1,-1
107,-1,742.228,456.883,337.625,189.388,0.996,-1,-1,-1
108,-1,492.870,571.642,182.772,120.500,0.993,-1,-1,-1
108,-1,261.871,613.073,109.974,87.091,0.960,-1,-1,-1
108,-1,722.426,464.019,325.052,181.688,0.995,-1,-1,-1
109,-1,503.661,569.389,203.164,126.907,0.993,-1,-1,-1
109,-1,264.108,616.135,110.900,88.404,0.969,-1,-1,-1
109,-1,706.087,469.155,304.978,175.919,0.993,-1,-1,-1
110,-1,1468.345,230.088,108.304,96.240,0.526,-1,-1,-1
110,-1,520.646,566.293,217.865,132.977,0.985,-1,-1,-1
110,-1,267.059,617.539,113.560,90.343,0.982,-1,-1,-1
110,-1,680.300,478.975,294.263,167.246,0.985,-1,-1,-1
111,-1,1466.836,232.193,106.276,95.906,0.554,-1,-1,-1
111,-1,268.148,617.186,118.692,93.523,0.986,-1,-1,-1
111,-1,641.685,483.261,307.485,166.914,0.780,-1,-1,-1
111,-1,538.938,562.147,240.049,141.577,0.989,-1,-1,-1
112,-1,1467.436,232.792,105.226,95.840,0.687,-1,-1,-1
112,-1,273.967,618.551,119.090,94.379,0.987,-1,-1,-1
112,-1,569.808,557.200,251.110,152.258,0.997,-1,-1,-1
113,-1,1468.018,233.104,105.957,96.177,0.638,-1,-1,-1
113,-1,278.083,620.214,122.316,96.736,0.982,-1,-1,-1
113,-1,594.304,554.647,282.347,162.074,0.997,-1,-1,-1
114,-1,1467.803,233.382,106.988,95.960,0.743,-1,-1,-1
114,-1,282.769,622.587,124.581,96.051,0.987,-1,-1,-1
114,-1,624.924,539.252,306.515,182.548,0.997,-1,-1,-1
115,-1,1468.329,234.232,106.244,96.652,0.719,-1,-1,-1
115,-1,286.804,623.250,129.615,99.358,0.988,-1,-1,-1
115,-1,664.498,534.079,338.648,194.550,0.997,-1,-1,-1
116,-1,1468.480,235.318,105.814,96.754,0.769,-1,-1,-1
116,-1,292.309,625.063,135.607,103.292,0.988,-1,-1,-1
116,-1,704.792,528.991,372.452,209.224,0.995,-1,-1,-1
117,-1,1467.596,235.745,106.474,97.515,0.791,-1,-1,-1
117,-1,296.721,627.483,139.444,105.507,0.988,-1,-1,-1
117,-1,582.958,507.423,219.596,138.094,0.942,-1,-1,-1
117,-1,753.680,519.599,421.605,234.229,0.993,-1,-1,-1
118,-1,570.574,511.864,210.446,129.420,0.978,-1,-1,-1
118,-1,1467.002,237.500,106.499,96.946,0.731,-1,-1,-1
118,-1,301.551,627.401,144.927,109.251,0.986,-1,-1,-1
118,-1,813.806,513.413,491.384,253.557,0.994,-1,-1,-1
119,-1,558.436,517.985,204.222,124.624,0.977,-1,-1,-1
119,-1,1465.042,236.010,108.605,99.644,0.798,-1,-1,-1
119,-1,308.185,624.962,150.774,118.499,0.983,-1,-1,-1
119,-1,899.876,506.179,572.004,283.471,0.997,-1,-1,-1
120,-1,552.629,523.483,188.890,121.357,0.986,-1,-1,-1
120,-1,1005.301,487.290,593.106,334.547,0.991,-1,-1,-1
120,-1,1462.427,237.173,109.617,99.513,0.755,-1,-1,-1
120,-1,312.727,624.029,163.381,125.926,0.991,-1,-1,-1
121,-1,541.925,521.118,180.046,120.996,0.991,-1,-1,-1
121,-1,1126.985,474.659,472.044,365.507,0.979,-1,-1,-1
121,-1,1462.978,236.489,110.421,101.196,0.528,-1,-1,-1
121,-1,317.147,628.063,173.003,130.850,0.993,-1,-1,-1
122,-1,532.251,522.451,175.682,119.672,0.972,-1,-1,-1
122,-1,1278.285,471.239,320.454,362.191,0.919,-1,-1,-1
122,-1,1461.976,237.660,111.264,100.613,0.821,-1,-1,-1
122,-1,325.055,627.768,182.518,137.060,0.993,-1,-1,-1
123,-1,523.529,521.709,170.796,119.193,0.968,-1,-1,-1
123,-1,1460.371,238.963,109.500,100.179,0.921,-1,-1,-1
123,-1,331.954,628.673,197.451,147.813,0.994,-1,-1,-1
124,-1,513.869,521.784,167.003,118.579,0.975,-1,-1,-1
124,-1,1459.884,240.207,109.102,98.748,0.917,-1,-1,-1
124,-1,337.532,627.048,216.865,160.616,0.994,-1,-1,-1
124,-1,404.954,555.947,103.615,85.250,0.597,-1,-1,-1
125,-1,505.770,522.299,168.946,117.214,0.978,-1,-1,-1
125,-1,1458.593,241.807,109.797,98.233,0.912,-1,-1,-1
125,-1,348.016,630.082,235.343,172.138,0.996,-1,-1,-1
125,-1,403.261,556.217,100.496,83.317,0.669,-1,-1,-1
126,-1,1457.050,242.790,111.251,98.679,0.907,-1,-1,-1
126,-1,363.884,628.333,259.570,185.350,0.999,-1,-1,-1
126,-1,398.863,558.264,100.879,81.692,0.687,-1,-1,-1
126,-1,496.390,531.990,162.138,111.184,0.752,-1,-1,-1
127,-1,1456.729,244.169,111.572,98.790,0.913,-1,-1,-1
127,-1,376.381,564.662,96.442,77.357,0.594,-1,-1,-1
127,-1,378.624,626.943,288.689,202.809,0.998,-1,-1,-1
127,-1,488.409,531.951,158.427,110.425,0.638,-1,-1,-1
128,-1,1456.085,245.636,112.181,98.792,0.890,-1,-1,-1
128,-1,384.869,563.167,95.887,78.309,0.701,-1,-1,-1
128,-1,394.946,626.344,322.974,234.187,0.998,-1,-1,-1
128,-1,482.962,538.375,144.255,104.026,0.849,-1,-1,-1
129,-1,1456.530,247.253,111.116,98.885,0.949,-1,-1,-1
129,-1,379.208,564.532,95.397,76.527,0.826,-1,-1,-1
129,-1,418.565,624.713,353.098,271.152,0.994,-1,-1,-1
129,-1,474.321,539.233,139.401,101.939,0.860,-1,-1,-1
130,-1,1455.541,248.803,111.074,99.398,0.955,-1,-1,-1
130,-1,296.376,589.805,90.854,71.341,0.888,-1,-1,-1
130,-1,442.285,625.699,403.733,317.710,0.995,-1,-1,-1
130,-1,468.848,541.887,135.203,99.070,0.814,-1,-1,-1
131,-1,1456.418,248.703,111.118,100.946,0.964,-1,-1,-1
131,-1,297.397,590.991,90.329,71.623,0.896,-1,-1,-1
131,-1,467.397,632.653,485.929,362.301,0.993,-1,-1,-1
131,-1,463.131,543.011,131.036,96.239,0.691,-1,-1,-1
132,-1,1456.245,248.958,111.534,102.519,0.962,-1,-1,-1
132,-1,455.480,545.719,125.436,95.405,0.796,-1,-1,-1
132,-1,298.633,591.531,92.564,72.625,0.892,-1,-1,-1
132,-1,508.424,642.897,593.509,415.263,0.994,-1,-1,-1
133,-1,1455.364,249.588,112.118,103.613,0.952,-1,-1,-1
133,-1,447.198,545.999,127.289,95.527,0.733,-1,-1,-1
133,-1,300.219,594.714,95.327,73.326,0.902,-1,-1,-1
133,-1,566.551,652.301,761.700,514.653,0.986,-1,-1,-1
134,-1,1454.296,251.982,111.871,103.858,0.980,-1,-1,-1
134,-1,444.396,546.598,122.619,93.531,0.903,-1,-1,-1
134,-1,303.874,595.815,96.801,74.330,0.934,-1,-1,-1
135,-1,1453.636,254.685,111.654,103.670,0.983,-1,-1,-1
135,-1,440.432,549.271,112.712,90.659,0.576,-1,-1,-1
135,-1,307.570,595.767,97.018,74.743,0.947,-1,-1,-1
136,-1,1452.476,256.386,111.883,103.099,0.987,-1,-1,-1
136,-1,435.449,551.309,112.211,87.996,0.754,-1,-1,-1
136,-1,311.052,594.493,98.934,76.411,0.967,-1,-1,-1
136,-1,555.779,520.447,120.547,89.622,0.746,-1,-1,-1
137,-1,1451.760,258.454,111.874,102.097,0.989,-1,-1,-1
137,-1,431.593,554.249,105.734,85.519,0.610,-1,-1,-1
137,-1,316.128,594.999,100.033,75.297,0.972,-1,-1,-1
137,-1,555.170,521.174,120.593,87.982,0.828,-1,-1,-1
138,-1,1450.212,259.222,111.923,103.403,0.986,-1,-1,-1
138,-1,321.228,594.583,100.853,75.350,0.972,-1,-1,-1
138,-1,554.679,521.267,120.196,87.686,0.890,-1,-1,-1
139,-1,1449.637,260.957,112.321,102.768,0.985,-1,-1,-1
139,-1,328.859,592.822,104.968,76.334,0.981,-1,-1,-1
139,-1,554.270,521.630,120.714,87.576,0.928,-1,-1,-1
140,-1,1449.730,260.881,113.167,103.542,0.986,-1,-1,-1
140,-1,333.434,591.959,106.089,77.772,0.982,-1,-1,-1
140,-1,554.097,521.609,120.827,87.449,0.928,-1,-1,-1
141,-1,552.482,521.328,122.980,86.555,0.966,-1,-1,-1
141,-1,1448.447,263.513,113.388,102.308,0.989,-1,-1,-1
141,-1,338.580,588.333,107.773,83.605,0.983,-1,-1,-1
142,-1,552.073,521.312,123.348,86.621,0.970,-1,-1,-1
142,-1,1448.015,264.358,113.377,103.076,0.991,-1,-1,-1
142,-1,342.777,585.819,109.202,86.977,0.987,-1,-1,-1
143,-1,551.774,521.284,123.448,86.798,0.973,-1,-1,-1
143,-1,1446.982,264.581,114.644,104.117,0.989,-1,-1,-1
143,-1,348.540,586.826,107.368,86.292,0.988,-1,-1,-1
144,-1,551.685,521.195,123.765,86.877,0.971,-1,-1,-1
144,-1,1445.910,266.353,116.220,103.759,0.989,-1,-1,-1
144,-1,351.748,592.572,113.600,83.278,0.988,-1,-1,-1
145,-1,551.904,521.506,124.718,86.685,0.965,-1,-1,-1
145,-1,1445.655,267.337,115.477,105.513,0.992,-1,-1,-1
145,-1,358.519,596.501,115.641,81.388,0.990,-1,-1,-1
146,-1,552.185,521.176,124.565,86.850,0.959,-1,-1,-1
146,-1,1445.040,268.534,116.132,105.748,0.994,-1,-1,-1
146,-1,362.928,594.733,119.720,85.057,0.988,-1,-1,-1
147,-1,552.338,520.903,124.664,87.066,0.958,-1,-1,-1
147,-1,1443.927,268.437,117.392,107.908,0.993,-1,-1,-1
147,-1,369.328,590.747,121.961,89.931,0.984,-1,-1,-1
148,-1,1442.415,269.970,117.995,107.737,0.993,-1,-1,-1
148,-1,376.477,589.017,126.134,93.687,0.984,-1,-1,-1
148,-1,552.372,521.465,123.939,87.533,0.936,-1,-1,-1
149,-1,1441.207,271.892,118.633,108.276,0.986,-1,-1,-1
149,-1,1440.801,271.954,119.091,108.420,0.790,-1,-1,-1
149,-1,383.339,591.046,134.162,95.812,0.986,-1,-1,-1
149,-1,552.372,521.449,123.866,87.365,0.929,-1,-1,-1
150,-1,1439.330,274.004,122.740,108.912,0.990,-1,-1,-1
150,-1,392.930,591.904,139.373,96.600,0.986,-1,-1,-1
150,-1,553.086,521.272,123.254,86.979,0.923,-1,-1,-1
151,-1,1437.622,275.550,122.345,109.210,0.989,-1,-1,-1
151,-1,402.492,589.424,144.534,101.253,0.992,-1,-1,-1
151,-1,553.957,520.975,121.777,86.823,0.928,-1,-1,-1
152,-1,1435.583,277.318,123.627,109.960,0.988,-1,-1,-1
152,-1,410.353,588.435,153.057,105.325,0.992,-1,-1,-1
152,-1,553.376,520.335,122.115,87.108,0.888,-1,-1,-1
153,-1,1434.258,277.844,125.865,112.547,0.991,-1,-1,-1
153,-1,423.390,587.475,160.049,109.372,0.995,-1,-1,-1
153,-1,553.073,519.390,121.896,87.433,0.828,-1,-1,-1
154,-1,1434.457,279.087,125.458,113.624,0.991,-1,-1,-1
154,-1,435.100,584.728,170.693,116.086,0.997,-1,-1,-1
154,-1,553.653,519.279,121.327,87.141,0.674,-1,-1,-1
155,-1,1433.252,280.161,128.269,116.110,0.991,-1,-1,-1
155,-1,448.358,584.015,178.445,120.109,0.997,-1,-1,-1
156,-1,1431.531,281.380,129.832,118.897,0.994,-1,-1,-1
156,-1,458.888,579.077,195.716,130.989,0.998,-1,-1,-1
157,-1,1430.603,283.058,130.792,118.826,0.994,-1,-1,-1
157,-1,473.993,578.521,213.549,136.414,0.998,-1,-1,-1
158,-1,1429.519,284.081,132.527,121.256,0.994,-1,-1,-1
158,-1,491.980,576.282,230.176,143.758,0.998,-1,-1,-1
159,-1,1426.560,284.629,134.690,122.917,0.994,-1,-1,-1
159,-1,509.721,573.320,252.637,151.250,0.998,-1,-1,-1
159,-1,556.629,519.540,117.724,86.068,0.550,-1,-1,-1
160,-1,1426.979,287.865,133.085,121.243,0.986,-1,-1,-1
160,-1,552.788,518.376,120.976,87.672,0.705,-1,-1,-1
160,-1,536.113,566.583,275.898,161.625,0.997,-1,-1,-1
161,-1,1425.257,288.175,133.622,123.851,0.983,-1,-1,-1
161,-1,554.135,518.878,118.880,86.791,0.692,-1,-1,-1
161,-1,561.469,561.085,303.169,173.977,0.997,-1,-1,-1
162,-1,1423.423,288.405,136.678,124.878,0.981,-1,-1,-1
162,-1,587.708,553.836,329.290,189.192,0.997,-1,-1,-1
162,-1,554.836,519.217,116.542,85.780,0.662,-1,-1,-1
163,-1,1421.342,290.906,138.225,123.407,0.988,-1,-1,-1
163,-1,553.981,520.798,117.353,86.097,0.804,-1,-1,-1
163,-1,625.690,547.786,365.097,207.985,0.997,-1,-1,-1
164,-1,1419.854,291.863,140.604,125.258,0.984,-1,-1,-1
164,-1,554.128,521.276,118.204,86.388,0.768,-1,-1,-1
164,-1,664.408,537.075,412.286,232.318,0.997,-1,-1,-1
165,-1,553.598,520.327,120.593,86.613,0.910,-1,-1,-1
165,-1,1417.689,292.998,144.169,127.552,0.983,-1,-1,-1
165,-1,713.680,531.827,470.700,255.280,0.996,-1,-1,-1
166,-1,552.384,520.442,121.407,86.747,0.947,-1,-1,-1
166,-1,1416.236,295.463,145.595,128.022,0.983,-1,-1,-1
166,-1,775.014,523.366,548.231,289.956,0.996,-1,-1,-1
167,-1,552.409,520.419,121.416,86.697,0.955,-1,-1,-1
167,-1,1415.433,297.453,146.045,129.764,0.968,-1,-1,-1
167,-1,857.998,513.857,662.451,329.534,0.998,-1,-1,-1
168,-1,552.756,520.696,120.094,86.401,0.969,-1,-1,-1
168,-1,1413.886,296.437,147.800,132.462,0.955,-1,-1,-1
168,-1,968.829,493.745,629.870,389.154,0.995,-1,-1,-1
169,-1,552.562,521.354,119.275,85.827,0.976,-1,-1,-1
169,-1,1093.397,477.147,505.535,421.985,0.975,-1,-1,-1
169,-1,1412.941,301.884,148.659,131.666,0.957,-1,-1,-1
170,-1,552.146,521.060,120.240,86.009,0.975,-1,-1,-1
170,-1,1263.184,491.977,334.809,405.876,0.961,-1,-1,-1
170,-1,1412.130,302.144,148.506,132.514,0.980,-1,-1,-1
171,-1,552.312,521.007,121.739,86.192,0.981,-1,-1,-1
171,-1,1410.320,302.827,147.856,133.171,0.989,-1,-1,-1
172,-1,552.411,521.636,121.406,85.841,0.983,-1,-1,-1
172,-1,1410.135,302.555,147.430,133.876,0.982,-1,-1,-1
173,-1,552.376,521.587,121.554,85.897,0.982,-1,-1,-1
173,-1,1407.381,303.967,149.839,134.822,0.986,-1,-1,-1
174,-1,552.328,521.601,121.520,85.967,0.981,-1,-1,-1
174,-1,1405.922,305.618,150.116,135.360,0.983,-1,-1,-1
175,-1,552.232,521.581,121.781,86.050,0.981,-1,-1,-1
175,-1,1405.201,305.833,150.893,136.753,0.979,-1,-1,-1
176,-1,552.416,521.571,121.627,86.054,0.981,-1,-1,-1
176,-1,1404.636,308.664,152.307,135.937,0.984,-1,-1,-1
177,-1,552.417,521.477,121.526,86.226,0.980,-1,-1,-1
177,-1,1403.266,309.874,151.395,135.788,0.991,-1,-1,-1
178,-1,552.619,521.589,121.238,86.145,0.978,-1,-1,-1
178,-1,1402.507,310.512,152.839,136.934,0.987,-1,-1,-1
179,-1,552.571,521.620,121.237,86.115,0.978,-1,-1,-1
179,-1,1401.874,310.725,153.318,138.069,0.988,-1,-1,-1
180,-1,552.653,521.706,121.003,86.046,0.978,-1,-1,-1
180,-1,1401.698,311.756,154.213,138.198,0.990,-1,-1,-1
181,-1,552.028,521.393,121.674,86.075,0.977,-1,-1,-1
181,-1,1401.301,309.956,153.315,139.573,0.992,-1,-1,-1
182,-1,552.130,521.348,121.455,86.182,0.977,-1,-1,-1
182,-1,1400.968,310.200,153.744,139.736,0.992,-1,-1,-1
183,-1,552.159,521.268,121.294,86.315,0.977,-1,-1,-1
183,-1,1400.919,313.110,153.151,138.073,0.994,-1,-1,-1
184,-1,552.221,521.293,121.211,86.223,0.976,-1,-1,-1
184,-1,1400.401,313.414,153.926,138.629,0.993,-1,-1,-1
185,-1,552.190,521.268,121.223,86.230,0.977,-1,-1,-1
185,-1,1399.842,312.897,154.560,138.924,0.993,-1,-1,-1
186,-1,552.194,521.274,121.055,86.250,0.978,-1,-1,-1
186,-1,1399.863,313.619,154.453,138.504,0.992,-1,-1,-1
187,-1,552.168,521.210,121.042,86.321,0.978,-1,-1,-1
187,-1,1399.590,313.492,154.682,138.684,0.990,-1,-1,-1
188,-1,552.151,521.262,121.086,86.226,0.979,-1,-1,-1
188,-1,1399.792,312.995,154.714,139.429,0.988,-1,-1,-1
189,-1,552.062,521.283,121.159,86.118,0.980,-1,-1,-1
189,-1,1400.161,312.149,154.749,140.195,0.977,-1,-1,-1
190,-1,551.991,521.274,121.131,86.177,0.980,-1,-1,-1
190,-1,1399.998,313.024,154.931,139.561,0.974,-1,-1,-1
191,-1,551.649,521.837,121.499,86.376,0.981,-1,-1,-1
191,-1,1400.236,311.522,155.359,140.890,0.960,-1,-1,-1
192,-1,551.592,521.863,121.486,86.355,0.980,-1,-1,-1
192,-1,1399.883,312.050,155.271,140.604,0.965,-1,-1,-1
193,-1,551.957,521.833,121.082,86.319,0.980,-1,-1,-1
193,-1,1399.697,312.975,153.964,139.384,0.985,-1,-1,-1
194,-1,551.994,521.781,120.945,86.408,0.980,-1,-1,-1
194,-1,1399.690,312.640,153.687,139.693,0.985,-1,-1,-1
195,-1,551.979,521.803,120.976,86.374,0.980,-1,-1,-1
195,-1,1399.785,313.026,153.798,139.269,0.983,-1,-1,-1
196,-1,551.975,521.825,120.906,86.366,0.980,-1,-1,-1
196,-1,1399.631,313.001,153.876,139.442,0.981,-1,-1,-1
197,-1,551.999,521.737,120.873,86.439,0.981,-1,-1,-1
197,-1,1399.758,313.141,153.422,139.359,0.983,-1,-1,-1
198,-1,551.958,521.766,120.829,86.439,0.981,-1,-1,-1
198,-1,1399.727,313.211,153.415,139.534,0.981,-1,-1,-1
199,-1,551.921,521.761,120.856,86.479,0.981,-1,-1,-1
199,-1,1399.652,312.969,153.444,139.802,0.982,-1,-1,-1
200,-1,551.827,521.696,120.955,86.585,0.981,-1,-1,-1
200,-1,1399.531,312.644,153.319,139.966,0.982,-1,-1,-1
201,-1,551.734,521.682,121.162,86.614,0.981,-1,-1,-1
201,-1,1399.359,313.080,153.445,139.725,0.981,-1,-1,-1
202,-1,551.642,521.674,121.231,86.578,0.981,-1,-1,-1
202,-1,1399.226,313.279,153.702,139.552,0.983,-1,-1,-1
203,-1,551.590,521.621,121.276,86.682,0.981,-1,-1,-1
203,-1,1399.342,313.037,153.955,139.783,0.982,-1,-1,-1
204,-1,551.585,521.500,121.289,86.856,0.981,-1,-1,-1
204,-1,1399.359,313.092,153.865,139.732,0.985,-1,-1,-1
205,-1,551.432,521.464,121.364,86.940,0.981,-1,-1,-1
205,-1,1399.495,313.372,154.031,139.395,0.984,-1,-1,-1
206,-1,551.361,521.505,121.557,86.910,0.980,-1,-1,-1
206,-1,1399.423,313.751,153.841,138.871,0.985,-1,-1,-1
207,-1,551.401,521.579,121.521,86.887,0.980,-1,-1,-1
207,-1,1399.317,313.752,154.035,138.772,0.987,-1,-1,-1
208,-1,551.301,521.623,121.674,86.843,0.980,-1,-1,-1
208,-1,1399.196,313.649,154.117,138.906,0.986,-1,-1,-1
209,-1,551.295,521.503,121.622,86.996,0.980,-1,-1,-1
209,-1,1399.148,313.756,153.914,138.783,0.987,-1,-1,-1
210,-1,551.285,521.564,121.708,86.944,0.980,-1,-1,-1
210,-1,1399.276,314.164,153.801,138.390,0.989,-1,-1,-1
211,-1,551.310,521.546,121.599,86.933,0.980,-1,-1,-1
211,-1,1399.182,313.843,153.747,138.642,0.989,-1,-1,-1
212,-1,551.271,521.557,121.687,86.928,0.981,-1,-1,-1
212,-1,1399.152,313.461,153.685,138.927,0.988,-1,-1,-1
213,-1,551.307,521.604,121.690,86.859,0.981,-1,-1,-1
213,-1,1399.147,313.491,153.708,138.910,0.987,-1,-1,-1
214,-1,551.314,521.607,121.730,86.887,0.981,-1,-1,-1
214,-1,1399.020,313.870,153.776,138.572,0.988,-1,-1,-1
215,-1,551.374,521.588,121.626,86.870,0.981,-1,-1,-1
215,-1,1399.097,314.081,153.593,138.434,0.989,-1,-1,-1
216,-1,551.387,521.545,121.633,86.946,0.980,-1,-1,-1
216,-1,1399.048,314.112,153.527,138.467,0.989,-1,-1,-1
217,-1,551.560,521.432,121.269,86.953,0.980,-1,-1,-1
217,-1,1399.107,313.518,153.917,139.069,0.989,-1,-1,-1
218,-1,551.523,521.501,121.382,86.903,0.980,-1,-1,-1
218,-1,1399.336,313.577,153.715,138.958,0.989,-1,-1,-1
219,-1,551.531,521.464,121.390,86.970,0.980,-1,-1,-1
219,-1,1399.327,313.235,153.774,139.293,0.988,-1,-1,-1
220,-1,551.550,521.460,121.452,86.957,0.980,-1,-1,-1
220,-1,1399.360,313.227,153.903,139.376,0.988,-1,-1,-1
221,-1,551.598,521.457,121.364,87.037,0.979,-1,-1,-1
221,-1,1399.111,313.428,154.036,139.294,0.988,-1,-1,-1
222,-1,551.628,521.456,121.385,87.073,0.980,-1,-1,-1
222,-1,1399.156,313.122,154.128,139.590,0.986,-1,-1,-1
223,-1,551.607,521.503,121.410,87.000,0.979,-1,-1,-1
223,-1,1399.089,312.990,154.370,139.737,0.985,-1,-1,-1
224,-1,551.675,521.580,121.270,86.953,0.980,-1,-1,-1
224,-1,1399.323,312.819,154.248,139.952,0.985,-1,-1,-1
225,-1,551.669,521.599,121.303,86.937,0.980,-1,-1,-1
225,-1,1399.320,312.923,154.170,139.843,0.985,-1,-1,-1
226,-1,551.608,521.555,121.449,86.922,0.980,-1,-1,-1
226,-1,1399.370,312.925,154.138,139.859,0.985,-1,-1,-1
227,-1,551.474,521.645,121.572,86.836,0.980,-1,-1,-1
227,-1,1399.341,312.980,154.312,139.817,0.984,-1,-1,-1
228,-1,551.525,521.685,121.488,86.772,0.980,-1,-1,-1
228,-1,1399.285,313.002,154.469,139.813,0.983,-1,-1,-1
229,-1,551.298,521.553,121.758,87.019,0.981,-1,-1,-1
229,-1,1399.380,312.597,154.219,140.013,0.985,-1,-1,-1
230,-1,551.312,521.471,121.696,87.147,0.981,-1,-1,-1
230,-1,1399.422,312.564,153.810,139.980,0.987,-1,-1,-1
231,-1,551.659,521.599,121.341,86.974,0.981,-1,-1,-1
231,-1,1399.632,312.633,153.762,139.985,0.984,-1,-1,-1
232,-1,551.516,521.598,121.425,86.976,0.980,-1,-1,-1
232,-1,1399.703,312.740,153.702,139.875,0.985,-1,-1,-1
233,-1,551.573,521.578,121.399,87.000,0.980,-1,-1,-1
233,-1,1399.691,312.716,153.719,139.919,0.984,-1,-1,-1
234,-1,551.627,521.569,121.431,87.009,0.981,-1,-1,-1
234,-1,1399.508,312.937,153.928,139.767,0.985,-1,-1,-1
235,-1,551.405,521.827,121.543,86.495,0.975,-1,-1,-1
235,-1,1399.127,313.538,154.195,139.008,0.990,-1,-1,-1
236,-1,551.584,521.745,121.627,86.599,0.974,-1,-1,-1
236,-1,1399.080,313.397,154.260,139.051,0.989,-1,-1,-1
237,-1,551.231,521.677,122.179,86.621,0.976,-1,-1,-1
237,-1,1399.129,313.355,154.331,139.107,0.988,-1,-1,-1
238,-1,551.108,521.683,122.251,86.607,0.977,-1,-1,-1
238,-1,1399.272,313.419,154.337,139.107,0.988,-1,-1,-1
239,-1,551.184,521.570,122.464,86.752,0.977,-1,-1,-1
239,-1,1399.305,313.646,154.407,138.890,0.988,-1,-1,-1
239,-1,292.503,585.313,99.456,80.193,0.561,-1,-1,-1
240,-1,551.185,521.546,122.441,86.678,0.977,-1,-1,-1
240,-1,1399.288,313.564,154.297,138.816,0.988,-1,-1,-1
240,-1,296.889,584.539,99.570,81.125,0.634,-1,-1,-1
241,-1,550.996,521.224,123.368,86.965,0.973,-1,-1,-1
241,-1,1399.354,313.683,154.291,138.808,0.988,-1,-1,-1
241,-1,299.621,582.950,101.906,82.784,0.547,-1,-1,-1
242,-1,551.019,521.293,123.378,86.883,0.973,-1,-1,-1
242,-1,1399.359,313.754,154.242,138.690,0.988,-1,-1,-1
242,-1,302.643,583.185,104.462,83.489,0.641,-1,-1,-1
243,-1,550.972,521.319,123.542,86.873,0.972,-1,-1,-1
243,-1,1399.398,313.717,154.268,138.690,0.988,-1,-1,-1
243,-1,306.632,583.385,106.493,83.817,0.549,-1,-1,-1
244,-1,551.020,521.400,123.466,86.829,0.972,-1,-1,-1
244,-1,1399.498,313.728,154.198,138.639,0.988,-1,-1,-1
244,-1,311.773,583.457,107.363,84.303,0.692,-1,-1,-1
245,-1,550.916,521.449,123.668,86.883,0.973,-1,-1,-1
245,-1,1399.567,313.967,154.167,138.480,0.989,-1,-1,-1
245,-1,317.070,583.427,109.899,84.804,0.830,-1,-1,-1
246,-1,550.921,521.313,123.840,87.033,0.972,-1,-1,-1
246,-1,1399.573,314.298,154.302,138.265,0.988,-1,-1,-1
246,-1,322.319,583.059,109.762,85.502,0.843,-1,-1,-1
247,-1,550.862,521.381,123.983,87.054,0.971,-1,-1,-1
247,-1,1399.634,314.161,154.467,138.380,0.988,-1,-1,-1
247,-1,326.031,583.530,113.275,87.195,0.839,-1,-1,-1
248,-1,550.833,521.489,124.005,87.039,0.972,-1,-1,-1
248,-1,1399.578,313.851,154.693,138.658,0.986,-1,-1,-1
248,-1,330.146,583.684,115.838,88.173,0.846,-1,-1,-1
249,-1,551.056,521.500,123.931,87.144,0.974,-1,-1,-1
249,-1,1399.486,314.363,154.604,138.341,0.986,-1,-1,-1
249,-1,338.193,583.571,115.035,88.546,0.913,-1,-1,-1
250,-1,551.264,521.314,123.839,87.334,0.972,-1,-1,-1
250,-1,1399.369,314.304,154.537,138.416,0.987,-1,-1,-1
250,-1,342.856,582.129,115.886,89.615,0.939,-1,-1,-1
251,-1,551.234,520.953,124.125,87.486,0.964,-1,-1,-1
251,-1,1399.686,313.486,154.411,138.729,0.985,-1,-1,-1
251,-1,343.883,580.262,119.953,92.817,0.910,-1,-1,-1
252,-1,551.681,521.091,123.794,87.223,0.958,-1,-1,-1
252,-1,1399.708,313.174,154.532,139.109,0.986,-1,-1,-1
252,-1,347.734,578.742,122.230,95.704,0.733,-1,-1,-1
253,-1,551.742,520.898,123.733,87.658,0.958,-1,-1,-1
253,-1,1399.607,312.779,154.791,139.664,0.986,-1,-1,-1
253,-1,347.981,578.941,126.821,96.892,0.790,-1,-1,-1
254,-1,551.740,520.848,123.636,87.902,0.958,-1,-1,-1
254,-1,1399.498,312.676,154.850,139.736,0.984,-1,-1,-1
254,-1,359.907,575.697,129.161,99.068,0.762,-1,-1,-1
254,-1,339.048,584.230,122.771,93.951,0.863,-1,-1,-1
255,-1,552.077,520.521,123.461,88.094,0.949,-1,-1,-1
255,-1,1399.425,312.854,154.994,139.608,0.984,-1,-1,-1
255,-1,363.697,574.299,136.778,103.793,0.861,-1,-1,-1
255,-1,268.098,603.572,96.032,83.381,0.844,-1,-1,-1
256,-1,1399.473,312.636,154.715,139.750,0.985,-1,-1,-1
256,-1,371.590,572.403,140.420,106.688,0.937,-1,-1,-1
256,-1,267.852,604.993,96.334,85.725,0.905,-1,-1,-1
256,-1,552.689,521.286,122.029,88.452,0.922,-1,-1,-1
257,-1,1399.428,312.852,154.618,139.583,0.986,-1,-1,-1
257,-1,378.170,570.528,143.722,109.574,0.949,-1,-1,-1
257,-1,267.427,606.090,100.445,88.391,0.937,-1,-1,-1
257,-1,552.751,520.632,121.865,88.625,0.894,-1,-1,-1
258,-1,1399.670,313.701,154.541,139.227,0.972,-1,-1,-1
258,-1,384.720,569.928,151.001,112.847,0.954,-1,-1,-1
258,-1,268.250,607.248,104.788,89.985,0.955,-1,-1,-1
258,-1,552.636,520.839,122.304,88.283,0.907,-1,-1,-1
259,-1,1399.775,313.688,154.512,139.221,0.969,-1,-1,-1
259,-1,392.183,568.729,157.480,115.751,0.954,-1,-1,-1
259,-1,270.093,607.460,108.130,92.343,0.964,-1,-1,-1
259,-1,553.053,520.765,121.291,88.036,0.901,-1,-1,-1
260,-1,1399.725,313.873,154.671,139.071,0.959,-1,-1,-1
260,-1,401.732,564.835,166.261,122.827,0.969,-1,-1,-1
260,-1,271.138,607.340,112.948,96.013,0.972,-1,-1,-1
260,-1,554.061,520.097,120.049,88.402,0.783,-1,-1,-1
261,-1,1399.535,313.951,154.809,138.955,0.964,-1,-1,-1
261,-1,409.979,565.301,176.277,125.067,0.952,-1,-1,-1
261,-1,272.703,608.989,117.267,97.318,0.961,-1,-1,-1
261,-1,552.808,519.371,120.943,87.839,0.648,-1,-1,-1
262,-1,1399.542,313.794,154.711,139.010,0.965,-1,-1,-1
262,-1,421.858,562.652,186.715,131.171,0.983,-1,-1,-1
262,-1,278.135,610.318,118.720,98.689,0.967,-1,-1,-1
263,-1,1399.494,313.887,154.400,139.004,0.966,-1,-1,-1
263,-1,431.498,558.876,194.488,137.678,0.988,-1,-1,-1
263,-1,284.053,612.503,119.722,100.301,0.969,-1,-1,-1
264,-1,1399.576,314.213,154.346,138.824,0.959,-1,-1,-1
264,-1,443.398,556.230,206.113,144.367,0.991,-1,-1,-1
264,-1,287.869,613.013,125.894,104.579,0.980,-1,-1,-1
265,-1,1398.913,313.611,154.683,139.735,0.972,-1,-1,-1
265,-1,450.064,551.873,223.695,155.586,0.995,-1,-1,-1
265,-1,291.674,612.965,129.679,110.366,0.983,-1,-1,-1
266,-1,1398.586,313.479,154.868,140.025,0.976,-1,-1,-1
266,-1,463.243,547.178,240.788,165.581,0.993,-1,-1,-1
266,-1,294.843,611.845,138.773,118.262,0.978,-1,-1,-1
267,-1,1398.402,313.364,155.002,140.028,0.975,-1,-1,-1
267,-1,300.186,613.030,142.502,122.115,0.977,-1,-1,-1
267,-1,477.206,534.155,263.372,181.769,0.982,-1,-1,-1
268,-1,1398.568,313.974,154.488,138.879,0.980,-1,-1,-1
268,-1,304.233,612.676,152.741,130.923,0.977,-1,-1,-1
268,-1,492.226,524.926,286.583,197.280,0.992,-1,-1,-1
269,-1,1398.814,313.715,154.322,139.028,0.975,-1,-1,-1
269,-1,306.996,612.834,166.325,141.580,0.978,-1,-1,-1
269,-1,510.255,520.991,307.286,207.997,0.985,-1,-1,-1
270,-1,1399.073,313.632,154.409,139.120,0.971,-1,-1,-1
270,-1,315.522,615.024,175.876,150.515,0.970,-1,-1,-1
270,-1,538.143,514.447,326.557,221.630,0.991,-1,-1,-1
271,-1,1399.300,314.000,154.447,139.065,0.962,-1,-1,-1
271,-1,322.666,615.601,189.791,161.820,0.990,-1,-1,-1
271,-1,560.811,511.626,353.269,233.826,0.990,-1,-1,-1
272,-1,1399.601,314.473,154.331,138.668,0.946,-1,-1,-1
272,-1,330.906,616.327,209.778,177.702,0.995,-1,-1,-1
272,-1,242.371,605.675,95.802,82.757,0.526,-1,-1,-1
272,-1,587.943,500.414,386.781,253.700,0.993,-1,-1,-1
273,-1,1399.756,314.599,154.618,138.727,0.925,-1,-1,-1
273,-1,337.803,617.028,236.797,195.538,0.996,-1,-1,-1
273,-1,244.474,606.542,97.350,83.318,0.637,-1,-1,-1
273,-1,616.031,489.820,434.465,279.249,0.995,-1,-1,-1
274,-1,1399.549,315.206,154.891,138.444,0.912,-1,-1,-1
274,-1,348.776,619.478,272.371,215.551,0.997,-1,-1,-1
274,-1,245.314,606.581,98.386,84.846,0.681,-1,-1,-1
274,-1,653.949,480.651,485.709,302.764,0.994,-1,-1,-1
275,-1,1399.343,315.131,155.042,138.915,0.868,-1,-1,-1
275,-1,370.286,618.661,302.430,254.880,0.997,-1,-1,-1
275,-1,247.191,607.560,99.627,84.822,0.819,-1,-1,-1
275,-1,555.033,518.291,119.034,89.065,0.597,-1,-1,-1
275,-1,697.808,471.679,560.773,335.284,0.994,-1,-1,-1
276,-1,1398.676,315.733,154.685,139.280,0.883,-1,-1,-1
276,-1,395.152,618.597,343.492,303.255,0.994,-1,-1,-1
276,-1,249.431,609.746,100.189,85.050,0.859,-1,-1,-1
276,-1,554.139,518.826,119.800,88.792,0.646,-1,-1,-1
276,-1,749.767,457.145,662.060,371.629,0.997,-1,-1,-1
277,-1,1397.584,315.721,159.484,140.070,0.617,-1,-1,-1
277,-1,252.121,609.878,102.872,88.036,0.937,-1,-1,-1
277,-1,552.633,519.405,121.844,88.658,0.767,-1,-1,-1
277,-1,420.394,621.797,411.451,363.195,0.995,-1,-1,-1
277,-1,824.200,423.279,774.344,437.114,0.996,-1,-1,-1
278,-1,253.129,610.452,106.094,90.551,0.971,-1,-1,-1
278,-1,552.534,519.466,122.352,89.078,0.886,-1,-1,-1
278,-1,459.945,627.704,513.344,431.766,0.997,-1,-1,-1
278,-1,908.764,392.350,690.783,510.708,0.982,-1,-1,-1
279,-1,1013.045,381.723,586.014,538.922,0.956,-1,-1,-1
279,-1,1394.495,307.582,161.715,133.756,0.756,-1,-1,-1
279,-1,254.157,611.936,110.214,91.562,0.980,-1,-1,-1
279,-1,551.655,519.746,123.116,88.833,0.912,-1,-1,-1
279,-1,505.488,645.142,710.789,550.901,0.988,-1,-1,-1
280,-1,551.089,519.691,124.462,89.635,0.975,-1,-1,-1
280,-1,1147.834,380.516,449.688,532.688,0.954,-1,-1,-1
280,-1,1397.242,311.914,159.684,142.777,0.980,-1,-1,-1
280,-1,255.161,613.812,114.932,94.111,0.984,-1,-1,-1
281,-1,550.222,519.342,125.176,89.361,0.977,-1,-1,-1
281,-1,1400.229,313.760,158.515,139.661,0.988,-1,-1,-1
281,-1,256.822,613.426,117.104,97.097,0.986,-1,-1,-1
282,-1,549.886,519.844,125.905,87.920,0.980,-1,-1,-1
282,-1,1400.721,315.030,156.501,137.401,0.993,-1,-1,-1
282,-1,259.836,615.863,120.329,97.504,0.988,-1,-1,-1
283,-1,550.373,519.677,124.597,88.075,0.979,-1,-1,-1
283,-1,1398.162,314.934,153.890,137.437,0.989,-1,-1,-1
283,-1,262.001,615.523,123.214,100.462,0.989,-1,-1,-1
284,-1,550.573,519.638,124.241,88.011,0.978,-1,-1,-1
284,-1,1398.396,315.177,153.580,137.254,0.989,-1,-1,-1
284,-1,265.195,617.810,124.769,103.007,0.991,-1,-1,-1
285,-1,550.637,519.695,124.313,87.855,0.978,-1,-1,-1
285,-1,1398.535,315.251,153.359,137.306,0.988,-1,-1,-1
285,-1,269.165,619.157,127.764,107.941,0.992,-1,-1,-1
286,-1,550.688,519.462,124.356,87.985,0.976,-1,-1,-1
286,-1,1398.438,314.861,153.357,137.658,0.986,-1,-1,-1
286,-1,273.844,620.901,130.638,110.513,0.993,-1,-1,-1
287,-1,550.783,519.349,124.374,87.999,0.974,-1,-1,-1
287,-1,1398.675,314.892,153.284,137.627,0.987,-1,-1,-1
287,-1,277.814,620.621,139.533,116.823,0.993,-1,-1,-1
288,-1,551.924,519.140,122.547,88.013,0.972,-1,-1,-1
288,-1,1398.536,314.417,153.732,137.891,0.989,-1,-1,-1
288,-1,282.441,621.647,146.753,122.424,0.993,-1,-1,-1
289,-1,551.736,518.938,122.682,88.421,0.973,-1,-1,-1
289,-1,1398.259,313.475,153.877,139.182,0.989,-1,-1,-1
289,-1,285.310,620.904,155.239,133.855,0.993,-1,-1,-1
290,-1,551.768,518.786,122.714,88.567,0.972,-1,-1,-1
290,-1,1398.428,313.298,153.497,139.398,0.988,-1,-1,-1
290,-1,290.704,620.295,162.088,141.097,0.993,-1,-1,-1
291,-1,552.087,518.787,122.526,88.252,0.965,-1,-1,-1
291,-1,1398.198,313.408,153.608,139.309,0.988,-1,-1,-1
291,-1,299.305,618.681,172.950,154.244,0.990,-1,-1,-1
292,-1,552.524,519.002,122.334,87.963,0.965,-1,-1,-1
292,-1,1398.613,313.330,153.854,139.321,0.988,-1,-1,-1
292,-1,302.351,618.199,191.855,166.863,0.997,-1,-1,-1
293,-1,1398.363,313.108,154.043,139.430,0.985,-1,-1,-1
293,-1,306.589,619.107,212.789,182.419,0.996,-1,-1,-1
293,-1,552.318,519.680,121.544,88.506,0.951,-1,-1,-1
294,-1,1398.473,312.915,153.891,139.633,0.984,-1,-1,-1
294,-1,309.058,617.301,244.070,202.998,0.997,-1,-1,-1
294,-1,552.342,519.752,121.427,88.606,0.946,-1,-1,-1
295,-1,1398.359,312.900,153.922,139.440,0.986,-1,-1,-1
295,-1,318.202,617.061,271.959,220.478,0.995,-1,-1,-1
295,-1,552.211,518.895,121.973,88.496,0.829,-1,-1,-1
296,-1,1397.979,312.904,155.316,139.719,0.984,-1,-1,-1
296,-1,335.106,616.957,305.562,249.961,0.992,-1,-1,-1
296,-1,552.278,518.172,121.492,88.567,0.906,-1,-1,-1
297,-1,1398.691,308.386,156.983,146.630,0.796,-1,-1,-1
297,-1,351.441,613.609,344.949,284.919,0.993,-1,-1,-1
297,-1,1416.044,323.096,184.103,308.999,0.822,-1,-1,-1
297,-1,552.973,518.324,120.191,87.583,0.838,-1,-1,-1
298,-1,1276.696,274.133,322.135,363.800,0.953,-1,-1,-1
298,-1,553.538,519.219,117.905,86.501,0.881,-1,-1,-1
298,-1,373.362,613.319,391.093,331.797,0.996,-1,-1,-1
299,-1,1166.861,304.101,432.165,333.128,0.979,-1,-1,-1
299,-1,554.365,520.213,116.172,86.357,0.883,-1,-1,-1
299,-1,404.748,617.819,450.684,381.278,0.991,-1,-1,-1
300,-1,1077.311,255.949,522.455,387.754,0.975,-1,-1,-1
300,-1,438.167,624.050,565.432,453.433,0.993,-1,-1,-1
300,-1,554.115,519.702,117.212,86.724,0.859,-1,-1,-1
301,-1,996.568,282.187,584.040,360.260,0.998,-1,-1,-1
301,-1,465.656,633.718,768.343,557.612,0.926,-1,-1,-1
301,-1,553.077,519.683,119.921,88.054,0.814,-1,-1,-1
302,-1,550.860,519.738,124.420,88.620,0.906,-1,-1,-1
302,-1,1395.125,314.923,156.080,139.979,0.974,-1,-1,-1
302,-1,925.177,326.163,523.963,318.229,0.999,-1,-1,-1
303,-1,862.954,352.120,469.794,295.382,0.998,-1,-1,-1
303,-1,1397.561,314.044,157.026,139.891,0.990,-1,-1,-1
303,-1,549.515,519.365,123.672,89.138,0.899,-1,-1,-1
304,-1,1399.950,313.958,157.128,138.903,0.990,-1,-1,-1
304,-1,550.612,519.872,122.281,87.550,0.894,-1,-1,-1
304,-1,815.935,366.665,413.256,277.016,0.998,-1,-1,-1
305,-1,1400.056,314.699,155.755,137.885,0.980,-1,-1,-1
305,-1,550.863,520.267,121.839,87.143,0.854,-1,-1,-1
305,-1,770.315,379.176,372.270,261.821,0.997,-1,-1,-1
306,-1,1398.619,314.666,154.407,137.615,0.969,-1,-1,-1
306,-1,551.965,520.077,119.986,86.741,0.810,-1,-1,-1
306,-1,738.387,400.250,334.183,239.869,0.996,-1,-1,-1
307,-1,1398.890,314.649,153.790,137.444,0.976,-1,-1,-1
307,-1,552.172,519.807,119.123,86.970,0.690,-1,-1,-1
307,-1,705.305,412.714,306.685,226.770,0.995,-1,-1,-1
308,-1,1399.120,313.928,154.348,137.984,0.971,-1,-1,-1
308,-1,680.053,426.694,286.495,214.867,0.994,-1,-1,-1
309,-1,1399.160,313.824,154.022,138.016,0.974,-1,-1,-1
309,-1,654.990,438.758,262.771,203.977,0.993,-1,-1,-1
310,-1,1399.025,313.740,153.865,138.184,0.973,-1,-1,-1
310,-1,628.152,447.071,249.081,196.836,0.992,-1,-1,-1
311,-1,604.678,452.736,238.549,188.492,0.996,-1,-1,-1
311,-1,1398.390,313.893,153.993,138.312,0.975,-1,-1,-1
312,-1,581.043,458.349,229.880,182.688,0.993,-1,-1,-1
312,-1,1398.396,313.877,153.877,138.355,0.977,-1,-1,-1
313,-1,564.349,466.083,215.962,174.676,0.993,-1,-1,-1
313,-1,1398.216,314.143,154.679,138.654,0.977,-1,-1,-1
314,-1,549.809,475.913,203.209,164.299,0.996,-1,-1,-1
314,-1,1398.230,314.109,154.759,138.737,0.975,-1,-1,-1
315,-1,536.314,482.116,187.152,156.297,0.995,-1,-1,-1
315,-1,1398.187,314.249,155.092,138.559,0.980,-1,-1,-1
316,-1,522.713,487.918,181.481,150.856,0.995,-1,-1,-1
316,-1,1398.192,314.132,154.811,138.693,0.977,-1,-1,-1
317,-1,508.638,490.881,173.662,148.395,0.995,-1,-1,-1
317,-1,1398.209,314.256,155.005,138.556,0.974,-1,-1,-1
318,-1,1398.430,313.621,154.472,139.263,0.964,-1,-1,-1
318,-1,501.052,499.336,167.215,142.403,0.993,-1,-1,-1
319,-1,1398.491,313.657,154.438,139.225,0.969,-1,-1,-1
319,-1,488.717,503.410,166.164,137.024,0.990,-1,-1,-1
320,-1,1398.226,313.805,154.512,139.049,0.970,-1,-1,-1
320,-1,475.016,504.952,151.377,134.780,0.984,-1,-1,-1
321,-1,1398.153,313.648,154.553,139.116,0.972,-1,-1,-1
321,-1,463.675,512.177,150.501,126.568,0.984,-1,-1,-1
322,-1,1398.255,313.904,154.783,138.901,0.974,-1,-1,-1
322,-1,454.551,514.035,147.034,124.665,0.987,-1,-1,-1
323,-1,1398.527,313.909,154.207,138.940,0.978,-1,-1,-1
323,-1,448.074,516.022,141.949,122.922,0.933,-1,-1,-1
324,-1,441.323,519.488,133.780,117.475,0.808,-1,-1,-1
324,-1,1398.550,313.977,154.135,138.901,0.977,-1,-1,-1
325,-1,1398.480,314.272,154.159,138.728,0.980,-1,-1,-1
326,-1,1398.384,314.466,154.141,138.593,0.980,-1,-1,-1
326,-1,422.397,530.690,128.055,108.284,0.822,-1,-1,-1
327,-1,1398.199,314.388,154.464,138.606,0.982,-1,-1,-1
327,-1,414.529,531.119,122.250,108.663,0.626,-1,-1,-1
328,-1,554.375,519.480,120.244,89.107,0.866,-1,-1,-1
328,-1,1398.224,313.857,154.681,138.605,0.981,-1,-1,-1
328,-1,411.339,536.388,112.849,103.641,0.918,-1,-1,-1
329,-1,553.676,519.841,120.931,88.899,0.919,-1,-1,-1
329,-1,1398.110,314.037,154.657,138.352,0.981,-1,-1,-1
329,-1,405.614,537.669,110.164,103.184,0.954,-1,-1,-1
330,-1,553.360,519.718,121.216,88.996,0.939,-1,-1,-1
330,-1,1398.221,313.884,154.611,138.517,0.983,-1,-1,-1
330,-1,399.091,538.633,108.224,101.974,0.887,-1,-1,-1
331,-1,553.187,519.955,121.294,88.453,0.942,-1,-1,-1
331,-1,1398.028,314.100,154.638,138.390,0.983,-1,-1,-1
331,-1,393.260,539.812,105.879,99.115,0.830,-1,-1,-1
332,-1,552.529,519.935,121.897,88.781,0.962,-1,-1,-1
332,-1,1397.847,314.234,154.912,138.410,0.981,-1,-1,-1
332,-1,389.562,543.487,101.324,94.972,0.947,-1,-1,-1
333,-1,552.054,519.960,122.432,88.846,0.959,-1,-1,-1
333,-1,1397.740,314.190,155.336,138.465,0.980,-1,-1,-1
333,-1,384.921,543.041,102.324,95.895,0.943,-1,-1,-1
334,-1,551.716,519.792,122.502,89.068,0.965,-1,-1,-1
334,-1,1397.923,314.094,154.981,138.552,0.979,-1,-1,-1
334,-1,379.225,545.651,101.516,93.561,0.965,-1,-1,-1
335,-1,551.369,519.722,122.624,89.014,0.968,-1,-1,-1
335,-1,1397.978,314.141,155.039,138.535,0.978,-1,-1,-1
335,-1,373.920,544.891,100.383,94.370,0.964,-1,-1,-1
336,-1,551.102,519.942,122.698,88.756,0.972,-1,-1,-1
336,-1,1398.111,314.128,154.915,138.511,0.979,-1,-1,-1
336,-1,371.521,548.659,95.438,90.982,0.961,-1,-1,-1
337,-1,550.287,519.802,124.523,88.381,0.966,-1,-1,-1
337,-1,1398.313,313.751,155.407,138.732,0.984,-1,-1,-1
337,-1,367.890,549.903,94.984,90.246,0.918,-1,-1,-1
338,-1,550.287,519.860,124.439,89.005,0.981,-1,-1,-1
338,-1,1399.027,313.698,155.592,139.253,0.965,-1,-1,-1
338,-1,365.179,552.197,93.327,88.682,0.955,-1,-1,-1
339,-1,550.325,519.981,124.373,88.734,0.982,-1,-1,-1
339,-1,1399.064,313.571,155.744,139.399,0.967,-1,-1,-1
339,-1,362.037,554.778,92.208,85.127,0.940,-1,-1,-1
340,-1,549.911,520.118,124.784,88.601,0.981,-1,-1,-1
340,-1,1399.029,313.571,155.818,139.312,0.967,-1,-1,-1
340,-1,356.532,555.717,92.890,84.337,0.910,-1,-1,-1
341,-1,549.773,520.237,124.604,88.433,0.982,-1,-1,-1
341,-1,1398.966,313.834,155.867,139.056,0.968,-1,-1,-1
341,-1,351.672,556.394,90.045,82.607,0.910,-1,-1,-1
342,-1,549.819,520.331,124.380,88.367,0.983,-1,-1,-1
342,-1,1399.046,313.821,156.000,139.064,0.967,-1,-1,-1
342,-1,348.765,556.509,89.609,81.928,0.930,-1,-1,-1
343,-1,549.851,520.418,124.351,88.178,0.984,-1,-1,-1
343,-1,1398.873,313.668,156.047,139.037,0.967,-1,-1,-1
343,-1,347.789,558.028,87.216,80.927,0.923,-1,-1,-1
344,-1,549.787,520.409,124.407,88.117,0.983,-1,-1,-1
344,-1,1398.856,313.502,155.593,139.253,0.971,-1,-1,-1
344,-1,345.177,559.402,85.738,79.244,0.892,-1,-1,-1
345,-1,549.852,520.332,124.440,88.252,0.984,-1,-1,-1
345,-1,1398.697,313.557,155.832,139.270,0.971,-1,-1,-1
345,-1,341.179,560.059,84.988,79.139,0.898,-1,-1,-1
346,-1,549.873,520.243,124.446,88.300,0.984,-1,-1,-1
346,-1,1398.687,313.486,155.946,139.146,0.971,-1,-1,-1
346,-1,337.716,560.967,84.238,78.490,0.875,-1,-1,-1
347,-1,549.886,520.273,124.423,88.272,0.984,-1,-1,-1
347,-1,1398.747,313.641,155.673,139.053,0.970,-1,-1,-1
347,-1,335.343,560.661,84.051,78.740,0.900,-1,-1,-1
348,-1,550.271,520.246,124.262,88.109,0.983,-1,-1,-1
348,-1,1398.777,313.477,155.627,139.327,0.969,-1,-1,-1
348,-1,332.542,560.900,81.895,78.953,0.850,-1,-1,-1
349,-1,550.051,520.606,123.414,87.667,0.980,-1,-1,-1
349,-1,1398.420,313.361,155.978,139.343,0.978,-1,-1,-1
349,-1,328.889,562.242,81.691,78.001,0.838,-1,-1,-1
350,-1,550.145,520.694,123.223,87.549,0.981,-1,-1,-1
350,-1,1398.597,313.242,155.735,139.444,0.977,-1,-1,-1
350,-1,324.693,562.212,82.430,78.182,0.865,-1,-1,-1
351,-1,550.264,520.616,123.154,87.580,0.980,-1,-1,-1
351,-1,1398.651,313.266,155.670,139.441,0.976,-1,-1,-1
351,-1,323.889,562.561,80.201,78.307,0.840,-1,-1,-1
352,-1,550.330,520.670,123.081,87.501,0.981,-1,-1,-1
352,-1,1398.711,313.136,155.493,139.521,0.975,-1,-1,-1
352,-1,321.853,564.546,79.212,76.439,0.799,-1,-1,-1
353,-1,550.256,520.599,123.238,87.586,0.979,-1,-1,-1
353,-1,1398.625,313.128,155.746,139.438,0.977,-1,-1,-1
353,-1,318.126,564.687,78.536,76.261,0.658,-1,-1,-1
354,-1,550.109,520.626,123.459,87.546,0.980,-1,-1,-1
354,-1,1398.584,313.140,155.704,139.455,0.978,-1,-1,-1
354,-1,314.565,565.416,78.460,74.996,0.561,-1,-1,-1
355,-1,550.135,520.695,123.407,87.469,0.979,-1,-1,-1
355,-1,1398.372,313.171,155.974,139.526,0.976,-1,-1,-1
355,-1,311.587,564.856,79.072,75.288,0.635,-1,-1,-1
356,-1,550.089,520.659,123.589,87.495,0.980,-1,-1,-1
356,-1,1398.279,312.935,155.945,139.783,0.976,-1,-1,-1
356,-1,309.652,565.157,78.549,74.652,0.629,-1,-1,-1
357,-1,550.091,520.733,123.534,87.437,0.980,-1,-1,-1
357,-1,1398.383,312.686,155.883,140.012,0.974,-1,-1,-1
357,-1,306.378,563.881,80.291,75.490,0.693,-1,-1,-1
358,-1,550.107,520.794,123.483,87.297,0.981,-1,-1,-1
358,-1,1398.546,312.735,155.881,139.947,0.970,-1,-1,-1
358,-1,302.730,565.335,80.518,73.902,0.718,-1,-1,-1
359,-1,550.124,520.817,123.420,87.342,0.981,-1,-1,-1
359,-1,1398.478,312.901,155.961,139.799,0.974,-1,-1,-1
359,-1,300.146,564.894,80.776,73.775,0.716,-1,-1,-1
360,-1,550.365,520.871,123.070,87.245,0.979,-1,-1,-1
360,-1,1398.375,312.952,156.201,139.813,0.975,-1,-1,-1
360,-1,298.496,564.532,79.018,74.041,0.651,-1,-1,-1
361,-1,550.122,520.917,123.288,87.119,0.977,-1,-1,-1
361,-1,1398.520,313.166,156.238,139.687,0.974,-1,-1,-1
361,-1,297.141,565.442,77.849,72.589,0.605,-1,-1,-1
362,-1,550.169,520.913,123.272,87.030,0.977,-1,-1,-1
362,-1,1398.547,313.169,156.282,139.659,0.974,-1,-1,-1
363,-1,550.179,520.970,123.153,87.002,0.978,-1,-1,-1
363,-1,1398.568,313.339,156.093,139.477,0.973,-1,-1,-1
363,-1,293.710,567.205,74.913,72.608,0.566,-1,-1,-1
364,-1,550.257,520.965,123.062,86.970,0.977,-1,-1,-1
364,-1,1398.679,313.221,155.930,139.560,0.975,-1,-1,-1
365,-1,550.290,520.944,123.080,86.973,0.977,-1,-1,-1
365,-1,1398.899,313.146,155.773,139.627,0.972,-1,-1,-1
366,-1,550.281,520.913,123.163,87.009,0.976,-1,-1,-1
366,-1,1398.855,313.014,155.952,139.796,0.973,-1,-1,-1
367,-1,550.252,520.951,123.353,86.951,0.977,-1,-1,-1
367,-1,1398.787,313.063,155.915,139.772,0.973,-1,-1,-1
368,-1,550.306,520.994,123.398,86.890,0.974,-1,-1,-1
368,-1,1398.907,312.695,155.832,140.075,0.973,-1,-1,-1
369,-1,550.156,520.982,123.577,86.879,0.976,-1,-1,-1
369,-1,1398.886,313.028,155.810,139.728,0.975,-1,-1,-1
370,-1,550.177,521.044,123.593,86.791,0.976,-1,-1,-1
370,-1,1399.052,312.976,155.752,139.799,0.975,-1,-1,-1
371,-1,550.299,521.016,123.423,86.821,0.975,-1,-1,-1
371,-1,1398.960,312.898,155.667,139.898,0.974,-1,-1,-1
372,-1,550.498,520.951,123.143,86.819,0.974,-1,-1,-1
372,-1,1398.835,312.854,155.906,139.896,0.976,-1,-1,-1
373,-1,549.859,520.677,123.914,87.344,0.972,-1,-1,-1
373,-1,1398.416,312.691,156.381,140.117,0.982,-1,-1,-1
374,-1,549.849,520.685,123.927,87.302,0.973,-1,-1,-1
374,-1,1398.474,312.716,156.257,140.080,0.981,-1,-1,-1
375,-1,550.079,520.477,123.329,87.573,0.979,-1,-1,-1
375,-1,1398.582,312.882,155.151,140.117,0.976,-1,-1,-1
376,-1,549.979,520.537,123.539,87.482,0.978,-1,-1,-1
376,-1,1398.651,312.921,155.208,140.208,0.975,-1,-1,-1
377,-1,549.968,520.527,123.638,87.385,0.980,-1,-1,-1
377,-1,1398.755,312.772,155.343,140.359,0.970,-1,-1,-1
378,-1,550.083,520.529,123.500,87.377,0.980,-1,-1,-1
378,-1,1398.696,312.599,155.410,140.513,0.968,-1,-1,-1
379,-1,550.024,520.546,123.576,87.424,0.980,-1,-1,-1
379,-1,1398.480,312.988,155.267,140.228,0.971,-1,-1,-1
380,-1,550.049,520.475,123.565,87.413,0.981,-1,-1,-1
380,-1,1398.583,313.008,155.252,140.110,0.971,-1,-1,-1
381,-1,550.250,520.534,123.266,87.366,0.980,-1,-1,-1
381,-1,1398.569,312.931,155.188,140.202,0.974,-1,-1,-1
382,-1,550.297,520.553,123.220,87.369,0.980,-1,-1,-1
382,-1,1398.566,312.976,155.070,140.210,0.974,-1,-1,-1
383,-1,550.180,520.575,123.293,87.311,0.981,-1,-1,-1
383,-1,1398.729,312.805,155.129,140.338,0.971,-1,-1,-1
384,-1,550.276,520.572,123.231,87.295,0.981,-1,-1,-1
384,-1,1398.790,312.820,155.046,140.336,0.972,-1,-1,-1
385,-1,550.457,520.818,123.716,87.464,0.978,-1,-1,-1
385,-1,1398.636,313.268,154.730,139.878,0.982,-1,-1,-1
386,-1,550.333,520.818,123.902,87.494,0.978,-1,-1,-1
386,-1,1398.373,313.373,154.995,139.727,0.983,-1,-1,-1
387,-1,550.396,520.846,123.817,87.520,0.977,-1,-1,-1
387,-1,1398.332,313.383,154.805,139.750,0.984,-1,-1,-1
388,-1,550.409,520.819,123.804,87.521,0.978,-1,-1,-1
388,-1,1398.381,313.351,154.826,139.814,0.983,-1,-1,-1
389,-1,550.418,520.830,123.815,87.482,0.978,-1,-1,-1
389,-1,1398.483,313.346,154.836,139.833,0.982,-1,-1,-1
390,-1,550.519,520.890,123.645,87.357,0.978,-1,-1,-1
390,-1,1398.609,313.205,154.870,140.019,0.982,-1,-1,-1
391,-1,550.573,520.921,123.574,87.332,0.978,-1,-1,-1
391,-1,1398.620,313.339,154.855,139.883,0.982,-1,-1,-1
392,-1,550.565,520.868,123.595,87.420,0.978,-1,-1,-1
392,-1,1398.432,313.466,154.817,139.794,0.985,-1,-1,-1
393,-1,550.447,520.879,123.776,87.457,0.978,-1,-1,-1
393,-1,1398.052,313.288,155.532,140.169,0.984,-1,-1,-1
394,-1,550.417,520.837,123.777,87.532,0.977,-1,-1,-1
394,-1,1397.697,313.762,155.780,140.114,0.984,-1,-1,-1
395,-1,550.551,520.773,123.576,87.628,0.977,-1,-1,-1
395,-1,1397.510,314.107,155.070,140.276,0.987,-1,-1,-1
396,-1,550.526,520.782,123.552,87.586,0.977,-1,-1,-1
396,-1,1397.639,313.550,155.259,141.162,0.988,-1,-1,-1
397,-1,550.751,521.000,123.405,87.413,0.977,-1,-1,-1
397,-1,1397.589,313.884,154.406,140.765,0.990,-1,-1,-1
398,-1,550.651,521.042,123.483,87.386,0.978,-1,-1,-1
398,-1,1396.914,314.277,155.651,141.171,0.984,-1,-1,-1
399,-1,550.678,521.101,123.420,87.310,0.979,-1,-1,-1
399,-1,1396.438,314.140,156.373,141.663,0.986,-1,-1,-1
400,-1,550.687,521.089,123.397,87.307,0.979,-1,-1,-1
400,-1,1395.600,314.468,156.811,142.103,0.987,-1,-1,-1
401,-1,550.719,521.048,123.424,87.442,0.978,-1,-1,-1
401,-1,1394.047,317.314,156.594,140.260,0.984,-1,-1,-1
402,-1,550.702,521.067,123.480,87.430,0.978,-1,-1,-1
402,-1,1392.360,319.505,157.463,140.073,0.989,-1,-1,-1
403,-1,550.649,521.132,123.526,87.275,0.979,-1,-1,-1
403,-1,1390.221,320.040,159.365,141.418,0.976,-1,-1,-1
404,-1,550.678,521.084,123.433,87.287,0.979,-1,-1,-1
404,-1,1387.922,324.007,159.729,139.418,0.974,-1,-1,-1
405,-1,551.440,521.045,121.955,86.648,0.983,-1,-1,-1
405,-1,1386.247,325.604,160.436,140.687,0.985,-1,-1,-1
406,-1,551.038,520.985,122.349,86.880,0.984,-1,-1,-1
406,-1,1381.833,328.025,161.866,141.596,0.982,-1,-1,-1
407,-1,551.054,520.994,122.384,86.867,0.984,-1,-1,-1
407,-1,1377.911,330.150,164.705,142.691,0.974,-1,-1,-1
408,-1,551.054,520.926,122.385,86.930,0.983,-1,-1,-1
408,-1,1372.911,330.309,167.577,146.519,0.967,-1,-1,-1
409,-1,551.685,521.403,120.651,86.481,0.983,-1,-1,-1
409,-1,1367.413,332.485,171.317,149.130,0.957,-1,-1,-1
410,-1,551.697,521.175,120.641,86.758,0.982,-1,-1,-1
410,-1,1360.182,337.341,171.881,149.766,0.945,-1,-1,-1
411,-1,551.601,521.361,120.811,86.539,0.982,-1,-1,-1
411,-1,1353.161,339.249,174.729,153.086,0.939,-1,-1,-1
412,-1,551.636,521.315,120.791,86.479,0.979,-1,-1,-1
412,-1,1344.148,337.686,179.212,165.091,0.888,-1,-1,-1
413,-1,551.683,521.211,120.970,86.659,0.976,-1,-1,-1
413,-1,1337.162,340.211,184.248,170.020,0.830,-1,-1,-1
414,-1,551.621,521.225,121.062,86.526,0.978,-1,-1,-1
415,-1,551.314,521.092,122.076,86.493,0.970,-1,-1,-1
415,-1,1454.767,268.416,129.669,124.454,0.528,-1,-1,-1
416,-1,551.391,520.974,122.160,86.484,0.964,-1,-1,-1
416,-1,1311.696,349.962,200.411,183.136,0.970,-1,-1,-1
416,-1,1453.917,272.197,130.276,123.584,0.701,-1,-1,-1
417,-1,551.606,521.270,121.805,86.298,0.964,-1,-1,-1
417,-1,1304.127,356.151,206.698,183.480,0.988,-1,-1,-1
417,-1,1454.632,272.443,130.403,124.725,0.923,-1,-1,-1
418,-1,551.545,521.020,121.836,86.483,0.962,-1,-1,-1
418,-1,1297.237,362.664,209.331,181.678,0.993,-1,-1,-1
418,-1,1455.301,272.893,131.237,125.446,0.957,-1,-1,-1
419,-1,551.453,520.996,121.863,86.487,0.962,-1,-1,-1
419,-1,1288.113,368.548,211.786,181.991,0.985,-1,-1,-1
419,-1,1454.144,273.034,132.043,126.820,0.948,-1,-1,-1
420,-1,551.457,520.957,121.908,86.489,0.961,-1,-1,-1
420,-1,1282.286,371.223,213.646,185.171,0.989,-1,-1,-1
420,-1,1454.494,274.014,129.622,127.936,0.981,-1,-1,-1
421,-1,550.929,520.638,123.088,86.879,0.972,-1,-1,-1
421,-1,1270.110,378.096,223.493,184.590,0.991,-1,-1,-1
421,-1,1453.593,276.111,129.506,128.057,0.980,-1,-1,-1
422,-1,550.864,520.558,123.042,86.909,0.969,-1,-1,-1
422,-1,1259.419,383.719,229.895,185.058,0.992,-1,-1,-1
422,-1,1453.225,277.167,128.376,129.262,0.985,-1,-1,-1
423,-1,550.820,520.506,123.175,86.951,0.970,-1,-1,-1
423,-1,1250.864,389.276,237.355,188.557,0.981,-1,-1,-1
423,-1,1451.478,280.036,129.760,128.062,0.979,-1,-1,-1
424,-1,550.856,520.204,123.267,87.186,0.965,-1,-1,-1
424,-1,1240.460,389.674,247.922,197.810,0.997,-1,-1,-1
424,-1,1449.750,282.863,131.610,127.476,0.980,-1,-1,-1
425,-1,551.294,520.537,122.634,87.038,0.963,-1,-1,-1
425,-1,1236.202,390.514,250.044,206.092,0.990,-1,-1,-1
425,-1,1447.930,286.042,131.501,127.068,0.978,-1,-1,-1
426,-1,551.593,520.348,122.291,87.298,0.962,-1,-1,-1
426,-1,1230.811,389.194,261.572,218.188,0.998,-1,-1,-1
426,-1,1446.285,287.375,133.061,128.430,0.988,-1,-1,-1
427,-1,551.783,520.445,121.942,87.329,0.958,-1,-1,-1
427,-1,1229.362,391.090,267.827,226.415,0.999,-1,-1,-1
427,-1,1444.942,288.705,134.567,131.101,0.985,-1,-1,-1
428,-1,551.961,520.365,121.746,87.228,0.953,-1,-1,-1
428,-1,1228.378,393.796,281.905,234.071,0.999,-1,-1,-1
428,-1,1442.088,288.922,138.359,135.265,0.980,-1,-1,-1
429,-1,551.675,520.177,122.223,87.392,0.958,-1,-1,-1
429,-1,1228.525,396.924,298.743,242.967,0.999,-1,-1,-1
429,-1,1439.661,291.678,139.360,134.885,0.984,-1,-1,-1
430,-1,551.809,520.165,122.131,87.351,0.962,-1,-1,-1
430,-1,1229.477,398.296,319.099,254.835,0.999,-1,-1,-1
430,-1,1434.968,296.146,144.103,133.896,0.972,-1,-1,-1
431,-1,551.642,520.170,122.248,87.448,0.962,-1,-1,-1
431,-1,1233.338,399.104,340.424,272.494,0.999,-1,-1,-1
431,-1,1432.552,299.847,148.050,136.549,0.928,-1,-1,-1
432,-1,551.772,520.138,122.247,87.460,0.965,-1,-1,-1
432,-1,1242.098,397.636,354.985,289.807,0.998,-1,-1,-1
432,-1,1428.954,305.242,151.331,138.045,0.865,-1,-1,-1
433,-1,551.715,520.411,121.872,87.313,0.967,-1,-1,-1
433,-1,1242.986,394.360,356.267,322.409,0.997,-1,-1,-1
433,-1,1426.422,307.755,153.618,139.736,0.539,-1,-1,-1
434,-1,551.685,520.311,121.272,87.430,0.970,-1,-1,-1
434,-1,1246.661,396.896,353.073,350.212,0.995,-1,-1,-1
435,-1,550.843,520.179,122.356,86.928,0.969,-1,-1,-1
435,-1,1247.874,399.626,351.782,383.860,0.992,-1,-1,-1
436,-1,551.199,519.920,122.077,86.924,0.977,-1,-1,-1
436,-1,1258.153,395.256,341.335,423.223,0.988,-1,-1,-1
437,-1,551.150,520.222,121.554,86.339,0.983,-1,-1,-1
437,-1,1273.130,403.664,326.326,459.541,0.967,-1,-1,-1
438,-1,551.263,520.153,121.769,86.368,0.984,-1,-1,-1
438,-1,1295.718,411.545,303.507,501.194,0.912,-1,-1,-1
439,-1,551.172,520.527,121.620,86.083,0.982,-1,-1,-1
439,-1,1323.498,424.831,275.535,519.931,0.783,-1,-1,-1
440,-1,551.280,520.569,122.116,86.429,0.981,-1,-1,-1
440,-1,1353.877,437.544,245.669,439.019,0.771,-1,-1,-1
441,-1,551.553,520.744,121.889,86.106,0.973,-1,-1,-1
441,-1,1393.458,461.710,206.176,411.007,0.792,-1,-1,-1
442,-1,551.788,520.865,121.949,85.898,0.967,-1,-1,-1
442,-1,1392.969,341.222,183.825,166.209,0.959,-1,-1,-1
442,-1,1447.778,480.191,151.482,431.904,0.687,-1,-1,-1
443,-1,551.058,521.118,122.837,85.794,0.970,-1,-1,-1
443,-1,1386.120,344.114,193.578,173.024,0.990,-1,-1,-1
444,-1,551.425,521.646,122.256,85.790,0.977,-1,-1,-1
444,-1,1384.943,346.279,198.667,175.995,0.993,-1,-1,-1
445,-1,550.794,521.082,123.001,87.500,0.982,-1,-1,-1
445,-1,1383.304,349.904,208.013,180.878,0.996,-1,-1,-1
446,-1,550.740,521.149,122.900,87.281,0.983,-1,-1,-1
446,-1,1383.478,355.044,212.602,181.225,0.993,-1,-1,-1
447,-1,550.814,521.286,122.563,87.077,0.982,-1,-1,-1
447,-1,1385.081,359.042,214.548,183.436,0.994,-1,-1,-1
447,-1,1455.523,286.678,131.141,110.134,0.734,-1,-1,-1
448,-1,550.590,521.198,122.766,87.005,0.982,-1,-1,-1
448,-1,1388.332,358.264,210.772,192.173,0.995,-1,-1,-1
448,-1,1454.411,289.141,132.922,109.522,0.629,-1,-1,-1
449,-1,550.660,521.084,122.764,87.096,0.981,-1,-1,-1
449,-1,1389.108,361.607,210.346,194.898,0.988,-1,-1,-1
449,-1,1450.782,290.149,139.068,111.284,0.844,-1,-1,-1
450,-1,550.479,520.621,123.081,87.512,0.981,-1,-1,-1
450,-1,1390.758,363.068,208.626,203.712,0.977,-1,-1,-1
450,-1,1447.603,292.130,142.840,110.954,0.905,-1,-1,-1
451,-1,550.680,520.667,122.888,87.341,0.983,-1,-1,-1
451,-1,1392.429,361.878,207.063,217.378,0.888,-1,-1,-1
451,-1,1446.248,294.917,143.749,112.015,0.816,-1,-1,-1
452,-1,550.551,520.163,123.028,87.610,0.985,-1,-1,-1
452,-1,1397.872,354.773,201.854,235.492,0.941,-1,-1,-1
453,-1,550.621,520.163,123.049,87.620,0.984,-1,-1,-1
453,-1,1402.641,350.643,197.283,252.568,0.839,-1,-1,-1
454,-1,550.510,520.181,123.262,87.569,0.987,-1,-1,-1
454,-1,1413.921,352.429,186.058,262.870,0.883,-1,-1,-1