1,-1,948.657,203.434,142.610,138.358,0.998,-1,-1,-1
1,-1,304.214,538.591,269.313,214.607,0.999,-1,-1,-1
2,-1,950.306,201.564,140.317,135.481,0.998,-1,-1,-1
2,-1,299.054,543.682,272.569,215.591,0.998,-1,-1,-1
3,-1,950.168,198.631,140.462,135.873,0.998,-1,-1,-1
3,-1,291.741,549.562,273.183,218.333,0.998,-1,-1,-1
4,-1,951.629,196.674,139.496,134.699,0.998,-1,-1,-1
4,-1,282.959,553.986,275.478,220.226,0.999,-1,-1,-1
5,-1,952.459,194.188,139.556,134.010,0.998,-1,-1,-1
5,-1,273.840,560.905,279.448,222.840,0.998,-1,-1,-1
6,-1,953.965,192.306,138.644,132.443,0.998,-1,-1,-1
6,-1,264.210,564.055,285.158,226.516,0.998,-1,-1,-1
7,-1,954.696,189.374,138.699,131.343,0.998,-1,-1,-1
7,-1,256.003,567.354,291.023,229.675,0.998,-1,-1,-1
8,-1,955.161,187.394,139.250,130.726,0.998,-1,-1,-1
8,-1,247.715,571.102,295.468,232.248,0.998,-1,-1,-1
9,-1,955.746,185.003,138.679,131.052,0.998,-1,-1,-1
9,-1,241.680,577.549,296.524,231.752,0.998,-1,-1,-1
10,-1,955.941,181.467,138.947,131.857,0.998,-1,-1,-1
10,-1,232.814,583.242,301.086,233.879,0.998,-1,-1,-1
11,-1,957.426,180.722,137.621,129.862,0.997,-1,-1,-1
11,-1,225.648,586.803,305.278,238.881,0.998,-1,-1,-1
12,-1,958.837,177.678,137.643,129.965,0.997,-1,-1,-1
12,-1,218.576,590.502,307.925,243.945,0.998,-1,-1,-1
13,-1,960.439,175.891,138.294,127.656,0.998,-1,-1,-1
13,-1,210.724,593.858,311.972,248.669,0.998,-1,-1,-1
14,-1,962.648,172.501,137.785,129.009,0.997,-1,-1,-1
14,-1,202.858,597.957,316.498,253.103,0.998,-1,-1,-1
15,-1,964.412,169.873,137.506,129.122,0.997,-1,-1,-1
15,-1,192.527,602.485,321.903,255.452,0.998,-1,-1,-1
16,-1,965.571,167.069,137.476,129.153,0.998,-1,-1,-1
16,-1,186.030,605.764,324.040,258.703,0.997,-1,-1,-1
17,-1,966.451,164.296,138.319,128.808,0.997,-1,-1,-1
17,-1,176.208,612.627,328.403,259.311,0.997,-1,-1,-1
18,-1,968.525,162.248,138.102,127.674,0.998,-1,-1,-1
18,-1,169.768,616.501,330.483,261.563,0.997,-1,-1,-1
19,-1,971.278,160.090,138.942,127.882,0.998,-1,-1,-1
19,-1,163.501,623.882,333.754,260.981,0.997,-1,-1,-1
20,-1,973.942,158.172,138.629,126.758,0.998,-1,-1,-1
20,-1,155.980,625.701,334.746,263.648,0.997,-1,-1,-1
21,-1,977.409,156.803,136.142,125.048,0.997,-1,-1,-1
21,-1,146.732,629.094,337.404,264.267,0.994,-1,-1,-1
22,-1,980.268,153.879,138.106,125.632,0.996,-1,-1,-1
22,-1,137.327,632.340,343.247,266.702,0.995,-1,-1,-1
23,-1,984.276,152.520,138.436,124.787,0.996,-1,-1,-1
23,-1,127.516,634.509,349.280,269.288,0.993,-1,-1,-1
24,-1,989.766,150.074,137.670,124.724,0.997,-1,-1,-1
24,-1,119.134,636.590,351.714,275.443,0.989,-1,-1,-1
25,-1,994.612,148.071,137.416,124.514,0.997,-1,-1,-1
25,-1,111.182,639.931,350.520,274.479,0.989,-1,-1,-1
26,-1,999.323,144.669,137.254,125.549,0.997,-1,-1,-1
26,-1,103.195,646.919,353.461,272.521,0.986,-1,-1,-1
27,-1,1004.131,141.942,138.493,126.011,0.997,-1,-1,-1
27,-1,97.195,651.532,355.553,274.325,0.988,-1,-1,-1
28,-1,1007.457,140.294,139.594,125.566,0.997,-1,-1,-1
28,-1,88.175,654.186,357.231,276.445,0.983,-1,-1,-1
29,-1,1012.572,137.489,141.598,125.545,0.997,-1,-1,-1
29,-1,80.687,658.595,358.821,276.283,0.974,-1,-1,-1
30,-1,1018.291,136.070,141.912,124.439,0.997,-1,-1,-1
30,-1,73.501,661.815,361.745,276.940,0.979,-1,-1,-1
31,-1,1024.130,135.074,141.820,122.707,0.994,-1,-1,-1
31,-1,67.314,664.504,362.452,280.334,0.942,-1,-1,-1
32,-1,58.957,668.131,366.013,281.976,0.941,-1,-1,-1
32,-1,1030.305,133.707,141.371,122.002,0.996,-1,-1,-1
33,-1,49.684,671.374,371.502,285.307,0.897,-1,-1,-1
33,-1,1038.342,132.587,140.165,121.667,0.993,-1,-1,-1
34,-1,43.036,675.966,374.964,291.773,0.826,-1,-1,-1
34,-1,1045.515,131.057,138.521,121.598,0.994,-1,-1,-1
35,-1,30.460,678.123,381.887,293.240,0.769,-1,-1,-1
35,-1,1049.901,128.160,142.399,122.416,0.995,-1,-1,-1
36,-1,16.461,681.635,389.177,293.801,0.524,-1,-1,-1
36,-1,1056.679,126.378,142.208,121.994,0.996,-1,-1,-1
37,-1,1064.250,124.681,140.408,122.491,0.993,-1,-1,-1
38,-1,1071.055,123.465,139.622,122.450,0.994,-1,-1,-1
39,-1,1078.194,121.202,140.296,122.255,0.995,-1,-1,-1
40,-1,1087.535,119.077,138.469,121.753,0.994,-1,-1,-1
41,-1,1093.329,117.845,139.192,120.646,0.995,-1,-1,-1
42,-1,1100.366,116.703,139.624,119.976,0.992,-1,-1,-1
43,-1,1109.758,115.735,136.482,118.180,0.982,-1,-1,-1
44,-1,1115.309,114.084,136.938,119.382,0.989,-1,-1,-1
45,-1,1121.565,112.743,137.316,118.570,0.991,-1,-1,-1
46,-1,1129.267,111.714,137.559,116.700,0.990,-1,-1,-1
47,-1,1137.849,110.167,138.313,115.874,0.989,-1,-1,-1
48,-1,1145.212,108.777,137.428,115.971,0.983,-1,-1,-1
49,-1,1152.901,106.132,136.330,115.652,0.988,-1,-1,-1
50,-1,1159.289,104.831,135.156,115.562,0.988,-1,-1,-1
51,-1,1169.218,103.987,133.872,114.995,0.976,-1,-1,-1
52,-1,1175.814,103.032,133.727,113.643,0.974,-1,-1,-1
53,-1,1184.064,101.301,131.942,110.890,0.949,-1,-1,-1
54,-1,1192.922,100.090,130.876,109.690,0.914,-1,-1,-1
55,-1,1201.835,98.001,131.000,110.525,0.946,-1,-1,-1
56,-1,1208.750,95.930,128.093,110.229,0.883,-1,-1,-1
57,-1,1214.808,95.145,127.399,109.471,0.837,-1,-1,-1
58,-1,1221.205,94.537,127.278,109.149,0.697,-1,-1,-1
59,-1,1657.325,767.901,260.953,312.531,0.526,-1,-1,-1
60,-1,1647.977,756.983,269.818,323.254,0.550,-1,-1,-1
60,-1,1234.018,93.504,122.701,107.523,0.520,-1,-1,-1
61,-1,1641.300,745.895,275.561,332.559,0.796,-1,-1,-1
62,-1,1635.555,737.154,280.965,338.621,0.802,-1,-1,-1
63,-1,1627.495,727.009,288.151,341.164,0.873,-1,-1,-1
64,-1,1615.569,719.311,299.743,338.485,0.924,-1,-1,-1
65,-1,1606.349,705.551,309.246,328.705,0.955,-1,-1,-1
66,-1,1594.561,697.366,321.155,319.569,0.973,-1,-1,-1
67,-1,1577.985,687.276,336.860,309.586,0.982,-1,-1,-1
68,-1,1563.793,680.562,350.387,300.564,0.989,-1,-1,-1
69,-1,1548.636,676.318,361.879,285.505,0.995,-1,-1,-1
70,-1,1535.919,667.925,362.060,282.000,0.995,-1,-1,-1
71,-1,1519.125,658.088,363.458,278.075,0.995,-1,-1,-1
72,-1,1502.803,645.186,359.620,275.536,0.996,-1,-1,-1
73,-1,1487.494,637.827,351.554,272.199,0.995,-1,-1,-1
74,-1,1473.175,630.566,347.881,267.031,0.997,-1,-1,-1
75,-1,1461.215,623.332,342.798,264.844,0.997,-1,-1,-1
76,-1,1447.748,615.116,334.790,263.557,0.997,-1,-1,-1
77,-1,1436.497,604.636,330.183,263.507,0.997,-1,-1,-1
78,-1,1418.748,598.275,330.773,255.603,0.998,-1,-1,-1
79,-1,1406.298,591.576,324.817,250.469,0.998,-1,-1,-1
80,-1,1397.189,584.842,319.554,246.199,0.998,-1,-1,-1
81,-1,1386.448,576.933,310.211,242.828,0.999,-1,-1,-1
82,-1,1383.481,568.282,296.315,238.727,0.994,-1,-1,-1
83,-1,1372.073,559.113,296.159,233.685,0.999,-1,-1,-1
84,-1,1361.792,551.516,292.191,231.515,0.999,-1,-1,-1
85,-1,1348.902,544.050,292.039,228.804,0.999,-1,-1,-1
86,-1,1340.703,537.100,286.498,224.727,0.999,-1,-1,-1
87,-1,1330.528,531.098,285.649,220.435,0.999,-1,-1,-1
88,-1,1322.924,520.541,276.863,216.385,0.998,-1,-1,-1
89,-1,1313.548,514.487,277.493,212.726,0.998,-1,-1,-1
90,-1,1306.962,509.506,272.225,211.286,0.998,-1,-1,-1
91,-1,1299.234,503.124,264.598,207.352,0.998,-1,-1,-1
92,-1,1289.720,496.528,264.129,204.859,0.998,-1,-1,-1
93,-1,1279.897,488.470,257.039,203.193,0.999,-1,-1,-1
94,-1,1274.463,480.570,251.779,203.385,0.998,-1,-1,-1
95,-1,1269.127,474.038,248.091,201.488,0.998,-1,-1,-1
96,-1,1262.102,465.838,246.238,199.898,0.998,-1,-1,-1
97,-1,1256.698,458.555,241.661,196.266,0.998,-1,-1,-1
98,-1,1250.200,449.584,238.802,195.403,0.998,-1,-1,-1
99,-1,1246.651,444.283,231.703,192.783,0.998,-1,-1,-1
100,-1,1240.573,435.749,230.411,194.097,0.998,-1,-1,-1
101,-1,1236.764,430.010,227.211,188.782,0.998,-1,-1,-1
102,-1,1236.598,423.720,219.515,185.842,0.996,-1,-1,-1
103,-1,1227.355,414.931,223.720,184.535,0.997,-1,-1,-1
104,-1,1461.205,658.467,450.943,415.772,0.755,-1,-1,-1
104,-1,1220.370,405.651,220.037,182.983,0.995,-1,-1,-1
105,-1,1452.556,648.818,458.452,419.627,0.916,-1,-1,-1
105,-1,1214.058,398.608,216.120,183.932,0.997,-1,-1,-1
106,-1,1441.970,640.513,467.038,410.327,0.939,-1,-1,-1
106,-1,1202.966,392.060,217.783,179.209,0.995,-1,-1,-1
107,-1,1428.779,635.529,476.407,404.664,0.976,-1,-1,-1
107,-1,1191.178,384.648,214.470,176.864,0.997,-1,-1,-1
108,-1,1411.640,624.746,472.926,397.488,0.983,-1,-1,-1
108,-1,1180.692,377.554,214.175,173.258,0.997,-1,-1,-1
109,-1,1392.614,613.988,469.430,385.897,0.988,-1,-1,-1
109,-1,1168.435,369.001,215.338,173.467,0.996,-1,-1,-1
110,-1,1377.651,606.033,459.080,376.216,0.993,-1,-1,-1
110,-1,1157.312,361.865,212.244,170.461,0.996,-1,-1,-1
111,-1,1363.100,596.966,446.030,366.070,0.991,-1,-1,-1
111,-1,1147.225,353.914,205.786,168.094,0.996,-1,-1,-1
112,-1,1351.417,588.524,438.682,364.502,0.993,-1,-1,-1
112,-1,1130.528,345.569,207.866,166.499,0.996,-1,-1,-1
113,-1,1342.999,578.018,424.672,355.640,0.994,-1,-1,-1
113,-1,1120.927,340.421,202.439,163.995,0.997,-1,-1,-1
114,-1,1332.301,568.783,418.163,348.536,0.993,-1,-1,-1
114,-1,1111.007,335.132,197.460,161.038,0.997,-1,-1,-1
115,-1,1324.990,557.667,409.679,348.764,0.994,-1,-1,-1
115,-1,1099.977,327.527,196.403,161.095,0.997,-1,-1,-1
116,-1,1314.746,550.576,403.345,341.734,0.996,-1,-1,-1
116,-1,1090.501,321.954,194.235,157.711,0.996,-1,-1,-1
117,-1,1308.764,541.521,394.743,341.066,0.996,-1,-1,-1
117,-1,1081.489,316.042,191.855,157.393,0.998,-1,-1,-1
118,-1,1300.654,534.827,388.037,337.693,0.995,-1,-1,-1
118,-1,1072.946,309.407,188.316,154.991,0.998,-1,-1,-1
119,-1,1293.897,525.892,381.064,331.127,0.996,-1,-1,-1
119,-1,1061.189,302.764,188.428,155.225,0.997,-1,-1,-1
120,-1,1285.796,518.806,373.072,321.081,0.996,-1,-1,-1
120,-1,1051.165,299.225,187.039,152.692,0.997,-1,-1,-1
121,-1,1278.343,512.035,367.087,317.776,0.996,-1,-1,-1
121,-1,1041.626,294.005,184.395,151.590,0.998,-1,-1,-1
122,-1,1032.269,288.842,184.477,151.642,0.997,-1,-1,-1
122,-1,1272.919,504.629,364.590,313.893,0.994,-1,-1,-1
123,-1,1025.038,282.999,179.607,150.026,0.997,-1,-1,-1
123,-1,1267.891,499.681,355.348,304.778,0.994,-1,-1,-1
124,-1,1018.563,278.286,177.662,146.906,0.998,-1,-1,-1
124,-1,1261.550,493.501,347.837,298.051,0.995,-1,-1,-1
125,-1,1013.261,274.294,172.479,142.571,0.997,-1,-1,-1
125,-1,1256.857,488.316,342.614,292.512,0.995,-1,-1,-1
126,-1,1009.017,268.607,171.168,142.502,0.997,-1,-1,-1
126,-1,1255.138,481.888,337.503,289.062,0.994,-1,-1,-1
127,-1,999.972,263.194,168.539,142.978,0.997,-1,-1,-1
127,-1,1248.732,475.627,331.676,280.342,0.994,-1,-1,-1
128,-1,994.151,259.837,163.864,141.048,0.998,-1,-1,-1
128,-1,1242.738,467.298,325.317,281.340,0.992,-1,-1,-1
129,-1,989.856,255.009,160.496,137.050,0.998,-1,-1,-1
129,-1,1240.087,461.231,316.643,278.511,0.995,-1,-1,-1
130,-1,986.216,251.901,156.239,134.904,0.998,-1,-1,-1
130,-1,1236.618,455.062,312.177,272.422,0.996,-1,-1,-1
131,-1,984.611,248.512,151.646,133.541,0.998,-1,-1,-1
131,-1,1236.141,450.169,306.357,264.603,0.996,-1,-1,-1
132,-1,982.411,243.679,149.941,133.978,0.998,-1,-1,-1
132,-1,1230.943,441.815,303.020,263.448,0.995,-1,-1,-1
133,-1,979.358,239.543,147.865,131.916,0.998,-1,-1,-1
133,-1,1227.524,436.026,297.076,261.208,0.996,-1,-1,-1
134,-1,1224.355,430.339,288.117,251.896,0.997,-1,-1,-1
134,-1,979.670,236.427,145.566,130.553,0.997,-1,-1,-1
135,-1,1221.652,423.595,286.276,251.407,0.997,-1,-1,-1
135,-1,979.329,232.808,143.582,130.639,0.997,-1,-1,-1
136,-1,1223.503,417.124,281.774,249.547,0.994,-1,-1,-1
136,-1,977.841,227.362,142.815,131.721,0.998,-1,-1,-1
137,-1,1220.767,410.518,271.718,243.337,0.998,-1,-1,-1
137,-1,977.628,223.091,142.124,130.725,0.998,-1,-1,-1
138,-1,977.039,221.304,141.153,128.743,0.998,-1,-1,-1
138,-1,1217.615,403.990,266.597,240.013,0.993,-1,-1,-1
139,-1,976.587,216.629,141.406,128.990,0.997,-1,-1,-1
139,-1,1212.809,395.848,263.810,237.612,0.996,-1,-1,-1
140,-1,977.381,213.402,139.205,128.711,0.997,-1,-1,-1
140,-1,1210.741,389.500,256.894,235.294,0.997,-1,-1,-1
141,-1,976.705,211.707,137.755,126.377,0.997,-1,-1,-1
141,-1,1206.393,380.884,255.225,231.757,0.995,-1,-1,-1
142,-1,975.621,207.513,137.665,125.741,0.998,-1,-1,-1
142,-1,1202.846,373.544,254.053,227.576,0.991,-1,-1,-1
143,-1,974.963,204.673,137.625,124.118,0.998,-1,-1,-1
143,-1,1197.803,367.712,248.860,225.596,0.995,-1,-1,-1
144,-1,975.589,203.225,135.966,122.918,0.997,-1,-1,-1
144,-1,1194.937,359.956,243.585,224.497,0.996,-1,-1,-1
145,-1,976.275,198.808,136.411,124.275,0.996,-1,-1,-1
145,-1,1191.029,354.363,243.181,223.742,0.997,-1,-1,-1
146,-1,977.015,195.909,135.783,123.730,0.997,-1,-1,-1
146,-1,1189.747,350.246,234.218,219.030,0.995,-1,-1,-1
147,-1,976.684,194.528,136.256,121.488,0.996,-1,-1,-1
147,-1,1186.407,339.678,230.819,218.624,0.995,-1,-1,-1
148,-1,975.549,191.561,137.538,120.915,0.997,-1,-1,-1
148,-1,1183.763,334.612,229.154,213.799,0.996,-1,-1,-1
149,-1,976.477,187.374,136.925,120.749,0.997,-1,-1,-1
149,-1,1181.543,329.599,223.182,209.544,0.993,-1,-1,-1
150,-1,977.670,184.006,136.739,120.930,0.997,-1,-1,-1
150,-1,1179.792,320.998,219.885,208.056,0.992,-1,-1,-1
151,-1,982.375,181.489,131.857,120.541,0.996,-1,-1,-1
151,-1,1179.708,314.662,216.678,206.466,0.990,-1,-1,-1
152,-1,984.374,178.624,132.026,120.031,0.996,-1,-1,-1
152,-1,1177.737,309.983,215.632,202.083,0.993,-1,-1,-1
153,-1,986.228,175.093,132.570,119.960,0.997,-1,-1,-1
153,-1,1174.636,303.982,211.713,195.870,0.993,-1,-1,-1
154,-1,988.349,172.394,132.875,119.011,0.997,-1,-1,-1
154,-1,1168.414,297.689,208.896,195.851,0.993,-1,-1,-1
155,-1,991.592,170.758,132.667,116.380,0.997,-1,-1,-1
155,-1,1165.164,293.790,205.660,192.668,0.994,-1,-1,-1
156,-1,1164.152,286.502,200.843,187.625,0.996,-1,-1,-1
156,-1,995.460,168.674,131.938,115.014,0.996,-1,-1,-1
157,-1,1159.525,278.942,203.610,188.376,0.994,-1,-1,-1
157,-1,999.131,165.247,131.709,115.065,0.996,-1,-1,-1
158,-1,1158.118,275.636,198.031,182.824,0.997,-1,-1,-1
158,-1,1003.954,163.463,131.878,115.068,0.995,-1,-1,-1
159,-1,1151.577,269.341,197.064,184.174,0.997,-1,-1,-1
159,-1,1007.770,160.813,132.593,115.275,0.996,-1,-1,-1
160,-1,1150.847,265.655,192.676,180.355,0.995,-1,-1,-1
160,-1,1011.551,158.031,131.708,113.917,0.995,-1,-1,-1
161,-1,1148.324,259.610,184.197,177.471,0.996,-1,-1,-1
161,-1,1016.831,155.983,131.244,114.175,0.995,-1,-1,-1
162,-1,1147.102,255.727,178.989,175.025,0.995,-1,-1,-1
162,-1,1022.161,154.313,131.833,112.721,0.995,-1,-1,-1
163,-1,1143.049,251.092,178.841,173.769,0.994,-1,-1,-1
163,-1,1028.839,152.777,131.695,111.514,0.994,-1,-1,-1
164,-1,1139.697,245.411,177.854,172.359,0.996,-1,-1,-1
164,-1,1033.715,150.073,132.728,111.459,0.993,-1,-1,-1
165,-1,1137.336,239.215,176.077,172.769,0.996,-1,-1,-1
165,-1,1040.531,148.511,131.448,111.199,0.989,-1,-1,-1
166,-1,1133.915,234.405,174.956,169.898,0.995,-1,-1,-1
166,-1,1047.298,146.890,131.584,109.944,0.985,-1,-1,-1
167,-1,1132.427,230.563,169.564,166.503,0.995,-1,-1,-1
167,-1,1053.067,143.961,131.359,109.572,0.986,-1,-1,-1
168,-1,1131.315,226.600,169.401,162.930,0.996,-1,-1,-1
168,-1,1060.845,142.081,131.738,109.200,0.980,-1,-1,-1
169,-1,1129.210,223.457,164.260,158.189,0.947,-1,-1,-1
169,-1,1131.737,223.573,165.122,158.542,0.959,-1,-1,-1
169,-1,1068.458,139.854,131.967,109.492,0.982,-1,-1,-1
170,-1,1128.352,218.405,165.964,157.925,0.995,-1,-1,-1
170,-1,1073.683,137.647,133.579,109.103,0.976,-1,-1,-1
171,-1,1123.913,212.886,169.991,159.476,0.997,-1,-1,-1
171,-1,1083.697,135.669,130.057,107.690,0.978,-1,-1,-1
172,-1,1123.005,208.044,164.566,158.449,0.996,-1,-1,-1
172,-1,1092.053,133.367,129.709,108.761,0.972,-1,-1,-1
173,-1,1119.883,206.360,165.439,153.408,0.996,-1,-1,-1
173,-1,1098.690,131.041,129.445,108.857,0.972,-1,-1,-1
174,-1,1117.708,201.103,170.558,154.296,0.996,-1,-1,-1
174,-1,1103.618,129.033,131.516,110.128,0.947,-1,-1,-1
175,-1,1118.018,199.082,163.603,150.124,0.996,-1,-1,-1
175,-1,1112.195,127.626,129.059,107.108,0.949,-1,-1,-1
176,-1,1117.246,197.554,159.362,145.175,0.995,-1,-1,-1
176,-1,1118.483,125.718,125.360,103.108,0.947,-1,-1,-1
177,-1,1115.291,194.449,158.099,144.503,0.994,-1,-1,-1
177,-1,1125.079,122.382,125.982,106.306,0.918,-1,-1,-1
178,-1,1116.246,191.396,161.166,142.516,0.996,-1,-1,-1
178,-1,1129.373,123.310,131.666,105.313,0.502,-1,-1,-1
178,-1,1130.708,122.589,129.611,103.779,0.663,-1,-1,-1
179,-1,1114.290,186.671,154.065,140.683,0.996,-1,-1,-1
179,-1,1137.792,119.331,128.807,101.471,0.810,-1,-1,-1
180,-1,1143.918,114.712,131.262,103.965,0.857,-1,-1,-1
180,-1,1113.588,185.581,152.396,139.113,0.993,-1,-1,-1
181,-1,1152.281,113.672,131.423,100.972,0.724,-1,-1,-1
181,-1,1113.797,179.914,154.849,140.975,0.993,-1,-1,-1
182,-1,1114.324,176.650,150.586,141.355,0.994,-1,-1,-1
183,-1,1113.174,173.907,148.950,138.665,0.995,-1,-1,-1
184,-1,1112.603,169.607,153.279,140.098,0.996,-1,-1,-1
185,-1,1588.357,719.718,328.684,358.257,0.621,-1,-1,-1
185,-1,1113.151,165.691,151.826,140.823,0.996,-1,-1,-1
186,-1,1580.799,709.411,335.682,367.945,0.532,-1,-1,-1
186,-1,1113.510,162.763,150.951,137.587,0.996,-1,-1,-1
187,-1,1578.867,702.108,337.141,373.576,0.655,-1,-1,-1
187,-1,1114.823,160.439,151.731,135.551,0.994,-1,-1,-1
188,-1,1572.307,698.265,343.187,374.668,0.803,-1,-1,-1
188,-1,1116.421,156.537,150.263,136.220,0.992,-1,-1,-1
189,-1,1564.855,687.133,349.667,375.780,0.846,-1,-1,-1
189,-1,1120.973,152.618,149.374,133.177,0.995,-1,-1,-1
190,-1,1561.319,677.922,352.951,373.899,0.926,-1,-1,-1
190,-1,1125.061,148.536,149.737,133.895,0.997,-1,-1,-1
191,-1,1554.138,666.444,359.718,369.152,0.960,-1,-1,-1
191,-1,1129.870,144.977,148.933,135.859,0.993,-1,-1,-1
192,-1,1548.184,658.899,365.556,356.762,0.973,-1,-1,-1
192,-1,1134.731,143.965,148.882,134.745,0.991,-1,-1,-1
193,-1,1537.815,647.428,375.058,347.800,0.982,-1,-1,-1
193,-1,1139.658,140.471,148.528,137.615,0.983,-1,-1,-1
194,-1,1524.423,641.289,386.484,338.423,0.987,-1,-1,-1
194,-1,1147.316,138.028,146.612,137.318,0.969,-1,-1,-1
195,-1,1514.344,636.460,385.421,328.438,0.989,-1,-1,-1
195,-1,1152.725,135.424,147.318,136.352,0.971,-1,-1,-1
195,-1,979.279,33.450,234.192,168.887,0.514,-1,-1,-1
196,-1,1502.519,629.579,385.569,320.259,0.992,-1,-1,-1
196,-1,1158.776,132.206,148.100,136.386,0.984,-1,-1,-1
197,-1,1491.508,621.423,384.017,315.745,0.993,-1,-1,-1
197,-1,1166.036,130.906,146.669,135.532,0.971,-1,-1,-1
198,-1,1478.361,612.303,378.885,310.258,0.994,-1,-1,-1
198,-1,1175.661,128.946,148.197,133.658,0.913,-1,-1,-1
199,-1,1468.773,602.489,374.956,304.305,0.994,-1,-1,-1
199,-1,1182.683,124.705,146.789,133.758,0.692,-1,-1,-1
200,-1,1458.408,596.024,371.823,300.247,0.993,-1,-1,-1
200,-1,1192.351,122.933,145.475,134.704,0.764,-1,-1,-1
201,-1,1450.377,589.164,363.849,297.506,0.995,-1,-1,-1
202,-1,1440.667,581.258,354.584,296.213,0.996,-1,-1,-1
202,-1,897.011,38.643,240.678,170.087,0.569,-1,-1,-1
203,-1,1430.144,572.304,347.825,293.862,0.996,-1,-1,-1
204,-1,1419.449,562.065,348.500,290.890,0.997,-1,-1,-1
205,-1,1410.273,555.101,345.404,282.523,0.997,-1,-1,-1
205,-1,1239.873,109.846,147.437,130.990,0.899,-1,-1,-1
206,-1,1398.286,551.704,338.480,276.242,0.997,-1,-1,-1
206,-1,1246.914,107.043,148.536,130.947,0.929,-1,-1,-1
206,-1,846.210,47.556,250.153,167.747,0.713,-1,-1,-1
207,-1,1391.736,543.418,331.755,272.801,0.997,-1,-1,-1
207,-1,1260.615,106.165,148.066,127.018,0.905,-1,-1,-1
207,-1,829.891,49.283,251.351,168.570,0.517,-1,-1,-1
208,-1,1384.610,537.924,328.502,264.007,0.998,-1,-1,-1
208,-1,1272.049,101.751,142.443,128.969,0.786,-1,-1,-1
209,-1,801.710,51.295,257.609,173.150,0.505,-1,-1,-1
209,-1,1373.810,530.411,323.277,257.770,0.998,-1,-1,-1
209,-1,1282.656,99.351,143.219,128.190,0.669,-1,-1,-1
210,-1,792.271,48.984,252.385,178.965,0.551,-1,-1,-1
210,-1,1366.992,518.965,317.113,259.663,0.998,-1,-1,-1
211,-1,1359.538,514.417,315.622,250.915,0.996,-1,-1,-1
212,-1,1354.955,510.299,308.113,244.005,0.996,-1,-1,-1
213,-1,1346.709,505.600,302.153,237.240,0.996,-1,-1,-1
214,-1,1336.962,499.590,301.881,232.929,0.997,-1,-1,-1
215,-1,1329.527,492.814,297.729,230.091,0.997,-1,-1,-1
216,-1,1320.642,483.555,292.695,230.959,0.997,-1,-1,-1
217,-1,1312.484,476.993,289.718,229.687,0.998,-1,-1,-1
218,-1,1302.202,471.754,288.212,226.219,0.998,-1,-1,-1
219,-1,704.245,67.722,228.367,177.186,0.610,-1,-1,-1
219,-1,1374.381,80.009,140.265,127.299,0.628,-1,-1,-1
219,-1,1291.530,466.200,288.066,225.734,0.998,-1,-1,-1
220,-1,1287.910,459.760,278.547,219.161,0.997,-1,-1,-1
221,-1,687.532,67.325,226.220,183.040,0.542,-1,-1,-1
221,-1,1282.893,451.389,271.663,221.239,0.997,-1,-1,-1
222,-1,1272.983,445.823,271.024,219.853,0.998,-1,-1,-1
222,-1,682.388,66.971,230.186,189.386,0.704,-1,-1,-1
223,-1,1272.699,436.898,259.028,215.536,0.998,-1,-1,-1
223,-1,676.999,64.906,224.142,193.433,0.776,-1,-1,-1
224,-1,1267.904,431.546,256.924,213.782,0.998,-1,-1,-1
224,-1,670.096,63.978,223.943,196.526,0.757,-1,-1,-1
225,-1,1263.800,424.875,250.528,209.375,0.997,-1,-1,-1
225,-1,661.866,51.729,226.485,210.303,0.658,-1,-1,-1
226,-1,1257.309,416.320,250.012,211.066,0.997,-1,-1,-1
226,-1,658.138,65.438,221.461,199.253,0.597,-1,-1,-1
227,-1,1253.111,410.266,244.791,207.322,0.997,-1,-1,-1
227,-1,649.166,56.064,222.767,210.869,0.899,-1,-1,-1
228,-1,1247.376,401.303,241.301,206.562,0.997,-1,-1,-1
228,-1,643.468,65.064,220.710,205.231,0.729,-1,-1,-1
229,-1,641.054,78.789,213.267,195.838,0.619,-1,-1,-1
229,-1,1242.800,396.194,238.543,201.730,0.996,-1,-1,-1
230,-1,1240.379,389.485,228.021,201.127,0.995,-1,-1,-1
231,-1,1238.783,383.199,221.373,198.783,0.996,-1,-1,-1
232,-1,1233.139,376.851,220.146,197.271,0.994,-1,-1,-1
233,-1,615.836,79.092,215.859,210.481,0.724,-1,-1,-1
233,-1,1230.194,371.320,215.286,194.937,0.995,-1,-1,-1
234,-1,613.653,84.696,212.856,211.012,0.812,-1,-1,-1
234,-1,1227.227,366.529,212.423,190.836,0.995,-1,-1,-1
235,-1,606.872,87.195,214.214,211.654,0.620,-1,-1,-1
235,-1,1221.559,359.923,213.770,186.208,0.995,-1,-1,-1
236,-1,1218.318,351.539,209.787,186.605,0.995,-1,-1,-1
237,-1,1213.690,345.121,206.431,183.440,0.995,-1,-1,-1
238,-1,595.216,97.880,210.902,213.893,0.527,-1,-1,-1
238,-1,1211.610,338.764,201.733,183.713,0.993,-1,-1,-1
239,-1,1210.828,332.934,201.798,180.991,0.990,-1,-1,-1
240,-1,1207.573,327.657,198.435,175.774,0.990,-1,-1,-1
241,-1,1203.938,320.306,197.055,175.354,0.996,-1,-1,-1
242,-1,1202.207,314.075,195.387,175.397,0.997,-1,-1,-1
242,-1,579.973,106.779,208.204,222.509,0.507,-1,-1,-1
243,-1,1201.787,308.164,190.572,171.991,0.996,-1,-1,-1
243,-1,576.428,107.415,205.806,222.300,0.658,-1,-1,-1
244,-1,1197.162,301.775,187.807,170.351,0.996,-1,-1,-1
245,-1,1193.520,297.194,185.746,170.291,0.996,-1,-1,-1
245,-1,573.049,117.577,201.646,219.607,0.732,-1,-1,-1
246,-1,1192.689,291.537,180.189,168.232,0.994,-1,-1,-1
246,-1,566.155,112.071,209.630,229.214,0.754,-1,-1,-1
247,-1,1188.193,286.718,184.528,166.292,0.996,-1,-1,-1
247,-1,563.396,112.706,210.940,233.294,0.833,-1,-1,-1
248,-1,1185.965,281.135,178.551,166.909,0.996,-1,-1,-1
248,-1,560.840,119.182,209.308,232.080,0.870,-1,-1,-1
249,-1,1183.326,277.890,177.611,162.568,0.997,-1,-1,-1
249,-1,559.885,125.743,208.848,229.387,0.794,-1,-1,-1
250,-1,1179.941,271.804,178.658,160.295,0.996,-1,-1,-1
250,-1,555.510,123.654,211.516,238.487,0.791,-1,-1,-1
250,-1,963.995,793.493,536.526,290.841,0.624,-1,-1,-1
251,-1,1176.209,266.611,170.686,160.027,0.996,-1,-1,-1
251,-1,554.561,125.583,212.730,239.268,0.739,-1,-1,-1
251,-1,979.414,782.922,523.033,300.781,0.795,-1,-1,-1
252,-1,1171.726,262.278,169.632,158.955,0.996,-1,-1,-1
252,-1,552.686,130.197,212.513,238.400,0.784,-1,-1,-1
252,-1,988.932,770.069,511.374,313.718,0.829,-1,-1,-1
253,-1,551.365,132.962,211.967,238.852,0.722,-1,-1,-1
253,-1,1172.372,257.396,166.535,158.792,0.995,-1,-1,-1
253,-1,1002.337,761.315,494.711,321.773,0.735,-1,-1,-1
254,-1,1168.191,253.455,165.353,157.097,0.995,-1,-1,-1
254,-1,1013.999,750.162,481.296,332.425,0.969,-1,-1,-1
255,-1,543.193,140.182,218.428,240.037,0.585,-1,-1,-1
255,-1,1165.924,248.562,164.321,153.908,0.996,-1,-1,-1
255,-1,1029.399,738.447,463.709,341.424,0.990,-1,-1,-1
256,-1,1162.410,244.380,163.877,152.751,0.996,-1,-1,-1
256,-1,1033.386,730.223,457.116,344.770,0.991,-1,-1,-1
257,-1,537.698,139.409,223.932,245.615,0.530,-1,-1,-1
257,-1,1159.548,239.362,162.247,150.391,0.996,-1,-1,-1
257,-1,1043.580,718.880,442.719,344.192,0.993,-1,-1,-1
258,-1,533.416,140.203,226.219,248.936,0.723,-1,-1,-1
258,-1,1156.345,235.052,160.291,149.080,0.995,-1,-1,-1
258,-1,1053.577,707.221,428.132,339.806,0.994,-1,-1,-1
259,-1,528.831,143.886,229.827,253.393,0.652,-1,-1,-1
259,-1,1153.763,230.378,159.389,149.249,0.995,-1,-1,-1
259,-1,1052.397,698.444,425.566,331.078,0.994,-1,-1,-1
260,-1,525.925,145.772,231.637,259.971,0.703,-1,-1,-1
260,-1,1152.254,225.926,157.264,147.641,0.996,-1,-1,-1
260,-1,1057.745,689.607,414.093,318.704,0.995,-1,-1,-1
261,-1,521.874,149.199,236.724,261.216,0.806,-1,-1,-1
261,-1,1150.891,222.612,153.029,145.881,0.996,-1,-1,-1
261,-1,1053.976,677.074,410.808,312.295,0.995,-1,-1,-1
262,-1,1148.500,218.854,151.074,143.840,0.996,-1,-1,-1
262,-1,1054.222,672.054,404.237,302.069,0.996,-1,-1,-1
263,-1,1145.498,215.156,149.252,141.762,0.996,-1,-1,-1
263,-1,1055.193,664.150,395.127,295.319,0.997,-1,-1,-1
264,-1,507.959,157.135,248.040,265.634,0.561,-1,-1,-1
264,-1,1143.085,210.064,149.871,144.260,0.997,-1,-1,-1
264,-1,1053.711,654.101,387.814,290.262,0.997,-1,-1,-1
265,-1,497.507,152.500,260.482,280.305,0.548,-1,-1,-1
265,-1,1139.718,206.944,151.139,143.802,0.997,-1,-1,-1
265,-1,1052.240,645.640,382.881,282.603,0.997,-1,-1,-1
266,-1,1139.708,203.530,146.755,141.543,0.997,-1,-1,-1
266,-1,1048.881,636.704,376.747,281.118,0.997,-1,-1,-1
267,-1,1137.309,201.195,146.593,138.307,0.997,-1,-1,-1
267,-1,472.525,163.653,284.528,285.045,0.514,-1,-1,-1
267,-1,1047.632,630.602,371.239,273.874,0.997,-1,-1,-1
268,-1,478.693,165.514,270.594,291.678,0.518,-1,-1,-1
268,-1,1134.121,197.571,146.881,137.049,0.997,-1,-1,-1
268,-1,467.778,166.655,287.052,293.719,0.570,-1,-1,-1
268,-1,1045.954,620.675,366.673,275.834,0.997,-1,-1,-1
269,-1,1132.092,194.006,145.901,137.508,0.997,-1,-1,-1
269,-1,1040.475,613.926,364.755,273.485,0.997,-1,-1,-1
270,-1,1129.266,190.647,146.297,134.644,0.997,-1,-1,-1
270,-1,1037.661,603.635,359.155,270.105,0.997,-1,-1,-1
271,-1,1127.061,187.374,147.395,134.796,0.996,-1,-1,-1
271,-1,477.223,181.374,267.205,290.706,0.642,-1,-1,-1
271,-1,1036.361,597.064,350.717,266.628,0.997,-1,-1,-1
272,-1,1126.203,185.082,142.590,134.129,0.996,-1,-1,-1
272,-1,466.996,179.054,275.167,300.716,0.818,-1,-1,-1
272,-1,1033.470,591.444,344.596,256.855,0.998,-1,-1,-1
273,-1,1123.495,182.189,142.362,134.524,0.997,-1,-1,-1
273,-1,457.573,178.766,282.051,308.281,0.934,-1,-1,-1
273,-1,1029.682,583.711,342.806,252.147,0.997,-1,-1,-1
274,-1,1122.227,180.366,142.122,132.841,0.997,-1,-1,-1
274,-1,454.764,184.505,284.313,308.858,0.924,-1,-1,-1
274,-1,1030.346,574.608,333.539,246.382,0.997,-1,-1,-1
275,-1,1121.677,176.881,146.236,132.736,0.996,-1,-1,-1
275,-1,450.779,184.155,288.427,313.345,0.973,-1,-1,-1
275,-1,1025.955,567.400,331.167,245.457,0.997,-1,-1,-1
276,-1,1122.151,173.454,144.941,131.936,0.997,-1,-1,-1
276,-1,437.152,184.375,297.054,335.312,0.973,-1,-1,-1
276,-1,1020.805,560.820,328.122,240.370,0.997,-1,-1,-1
277,-1,1122.764,168.963,144.928,131.374,0.997,-1,-1,-1
277,-1,435.571,188.934,298.122,335.758,0.973,-1,-1,-1
277,-1,1021.014,558.048,317.676,231.907,0.997,-1,-1,-1
278,-1,1123.688,166.906,144.698,130.883,0.998,-1,-1,-1
278,-1,433.151,192.635,294.611,333.703,0.979,-1,-1,-1
278,-1,1020.765,550.527,311.334,226.714,0.997,-1,-1,-1
279,-1,1125.498,162.622,140.967,131.792,0.997,-1,-1,-1
279,-1,423.759,197.688,298.627,336.922,0.958,-1,-1,-1
279,-1,1018.623,541.781,306.799,225.056,0.997,-1,-1,-1
280,-1,1127.504,160.140,138.268,130.269,0.997,-1,-1,-1
280,-1,421.789,201.829,297.801,330.237,0.968,-1,-1,-1
280,-1,1017.231,531.912,302.574,224.647,0.997,-1,-1,-1
281,-1,1131.110,158.168,135.524,128.960,0.995,-1,-1,-1
281,-1,419.165,206.141,297.942,325.280,0.946,-1,-1,-1
281,-1,1016.255,522.243,294.424,223.912,0.997,-1,-1,-1
282,-1,1133.533,156.352,135.334,127.482,0.995,-1,-1,-1
282,-1,412.367,205.852,300.700,337.090,0.977,-1,-1,-1
282,-1,1014.393,517.452,290.127,220.139,0.996,-1,-1,-1
283,-1,1136.589,154.443,136.542,126.584,0.995,-1,-1,-1
283,-1,398.375,208.065,315.358,351.199,0.978,-1,-1,-1
283,-1,1014.737,513.613,281.741,213.683,0.998,-1,-1,-1
284,-1,1140.543,150.285,135.404,127.268,0.993,-1,-1,-1
284,-1,391.310,212.977,318.645,354.226,0.988,-1,-1,-1
284,-1,1014.953,508.872,274.995,209.946,0.998,-1,-1,-1
285,-1,1144.992,147.954,135.793,127.096,0.991,-1,-1,-1
285,-1,381.211,211.395,324.004,368.071,0.987,-1,-1,-1
285,-1,1010.677,500.388,275.531,209.618,0.998,-1,-1,-1
286,-1,1151.288,146.466,134.631,126.427,0.986,-1,-1,-1
286,-1,374.701,212.222,328.569,375.789,0.991,-1,-1,-1
286,-1,1010.645,493.428,270.607,208.543,0.998,-1,-1,-1
287,-1,1155.417,145.019,134.281,126.033,0.987,-1,-1,-1
287,-1,372.417,217.289,328.437,365.333,0.990,-1,-1,-1
287,-1,1153.970,68.384,125.594,108.035,0.518,-1,-1,-1
287,-1,1012.884,486.269,262.203,207.243,0.998,-1,-1,-1
288,-1,1160.323,143.493,135.405,124.383,0.988,-1,-1,-1
288,-1,367.581,218.881,329.891,372.624,0.988,-1,-1,-1
288,-1,1011.887,478.753,258.462,205.933,0.997,-1,-1,-1
289,-1,1166.167,141.212,135.710,123.887,0.987,-1,-1,-1
289,-1,359.451,218.209,337.167,390.554,0.989,-1,-1,-1
289,-1,1009.852,475.946,257.199,201.334,0.998,-1,-1,-1
290,-1,1171.859,138.502,137.561,122.967,0.984,-1,-1,-1
290,-1,358.654,229.034,333.863,377.931,0.992,-1,-1,-1
290,-1,1009.590,467.956,254.008,201.894,0.997,-1,-1,-1
291,-1,1181.371,135.423,135.102,121.912,0.951,-1,-1,-1
291,-1,360.931,238.433,329.209,378.133,0.994,-1,-1,-1
291,-1,1009.228,464.984,251.300,196.960,0.997,-1,-1,-1
292,-1,1192.374,133.222,133.699,122.104,0.937,-1,-1,-1
292,-1,352.113,238.671,337.724,386.350,0.992,-1,-1,-1
292,-1,1009.484,458.170,246.939,195.190,0.998,-1,-1,-1
293,-1,1201.642,128.488,134.778,123.998,0.874,-1,-1,-1
293,-1,352.218,244.653,336.720,380.240,0.994,-1,-1,-1
293,-1,1012.650,448.476,240.639,195.848,0.996,-1,-1,-1
294,-1,344.775,247.898,344.619,391.240,0.991,-1,-1,-1
294,-1,1011.775,439.342,239.219,194.120,0.996,-1,-1,-1
295,-1,1221.090,123.885,133.125,123.743,0.909,-1,-1,-1
295,-1,338.391,250.052,348.937,397.974,0.989,-1,-1,-1
295,-1,1053.454,73.333,129.818,119.831,0.706,-1,-1,-1
295,-1,1012.817,434.082,235.934,192.594,0.996,-1,-1,-1
296,-1,1016.473,431.760,233.327,187.540,0.992,-1,-1,-1
296,-1,1229.470,121.099,136.504,124.909,0.905,-1,-1,-1
296,-1,344.066,255.355,341.830,393.188,0.987,-1,-1,-1
296,-1,1040.725,75.652,130.745,117.808,0.589,-1,-1,-1
297,-1,1019.446,426.376,229.920,184.288,0.990,-1,-1,-1
297,-1,1238.979,119.115,131.735,123.894,0.890,-1,-1,-1
297,-1,339.927,261.746,343.398,391.336,0.990,-1,-1,-1
297,-1,1020.680,92.572,128.762,104.250,0.670,-1,-1,-1
298,-1,1244.296,114.999,132.490,125.861,0.604,-1,-1,-1
298,-1,1025.344,420.266,225.708,183.498,0.993,-1,-1,-1
298,-1,331.564,267.446,351.090,387.666,0.987,-1,-1,-1
298,-1,1006.188,92.684,130.235,105.868,0.860,-1,-1,-1
299,-1,1256.234,110.145,133.264,124.886,0.841,-1,-1,-1
299,-1,1029.140,415.332,224.224,182.250,0.994,-1,-1,-1
299,-1,988.795,95.008,132.243,107.347,0.871,-1,-1,-1
299,-1,323.117,272.990,358.308,386.613,0.982,-1,-1,-1
300,-1,1265.295,111.139,134.022,123.424,0.776,-1,-1,-1
300,-1,1032.867,407.427,224.410,179.404,0.995,-1,-1,-1
300,-1,973.041,95.854,134.739,108.355,0.847,-1,-1,-1
300,-1,325.378,274.622,353.449,392.718,0.992,-1,-1,-1
301,-1,1277.063,107.855,132.719,122.379,0.532,-1,-1,-1
301,-1,1038.866,398.612,222.695,180.526,0.997,-1,-1,-1
301,-1,957.864,96.755,133.468,107.867,0.830,-1,-1,-1
301,-1,317.227,283.618,356.036,401.340,0.990,-1,-1,-1
302,-1,1045.382,395.009,219.821,177.332,0.995,-1,-1,-1
302,-1,943.606,98.044,133.105,109.629,0.927,-1,-1,-1
302,-1,317.836,293.790,354.283,390.087,0.992,-1,-1,-1
303,-1,1051.974,387.507,219.582,176.407,0.996,-1,-1,-1
303,-1,926.712,101.172,134.013,109.417,0.898,-1,-1,-1
303,-1,314.266,295.088,358.869,398.123,0.983,-1,-1,-1
304,-1,910.349,104.338,133.556,109.496,0.934,-1,-1,-1
304,-1,1058.344,384.516,218.494,172.154,0.997,-1,-1,-1
304,-1,306.458,296.737,364.559,404.094,0.992,-1,-1,-1
304,-1,1061.402,63.312,120.027,114.109,0.539,-1,-1,-1
305,-1,896.672,106.089,133.339,110.378,0.970,-1,-1,-1
305,-1,1065.960,379.886,217.526,169.633,0.996,-1,-1,-1
305,-1,294.426,298.567,376.984,409.357,0.992,-1,-1,-1
305,-1,1060.767,65.293,120.155,114.313,0.743,-1,-1,-1
306,-1,880.375,107.723,134.290,110.195,0.953,-1,-1,-1
306,-1,1325.384,104.926,134.130,117.364,0.588,-1,-1,-1
306,-1,1072.940,373.521,218.095,168.107,0.996,-1,-1,-1
306,-1,282.072,299.347,390.006,422.367,0.993,-1,-1,-1
306,-1,1059.293,66.416,120.279,113.696,0.748,-1,-1,-1
307,-1,866.298,110.848,133.333,109.819,0.965,-1,-1,-1
307,-1,1331.708,104.732,135.447,116.545,0.768,-1,-1,-1
307,-1,1080.560,367.110,216.036,168.258,0.996,-1,-1,-1
307,-1,277.217,302.641,392.342,432.928,0.993,-1,-1,-1
307,-1,1057.462,67.566,120.476,113.475,0.805,-1,-1,-1
308,-1,852.850,112.243,133.260,111.730,0.964,-1,-1,-1
308,-1,1339.310,103.134,133.194,113.136,0.548,-1,-1,-1
308,-1,1089.837,360.509,213.309,165.741,0.996,-1,-1,-1
308,-1,267.706,306.664,400.474,439.247,0.984,-1,-1,-1
308,-1,1053.732,68.142,121.365,114.372,0.875,-1,-1,-1
309,-1,837.456,114.077,135.580,113.950,0.981,-1,-1,-1
309,-1,1100.490,355.829,208.690,162.729,0.996,-1,-1,-1
309,-1,260.469,311.593,405.242,437.902,0.978,-1,-1,-1
309,-1,1049.463,68.563,122.723,115.296,0.909,-1,-1,-1
310,-1,823.652,116.721,136.789,114.013,0.977,-1,-1,-1
310,-1,1109.221,350.533,206.200,160.952,0.997,-1,-1,-1
310,-1,1351.597,97.786,129.534,114.444,0.771,-1,-1,-1
310,-1,248.623,313.229,414.583,448.274,0.975,-1,-1,-1
310,-1,1045.215,69.128,123.421,116.216,0.928,-1,-1,-1