1,-1,1419.257,209.618,325.240,267.649,0.992,-1,-1,-1
1,-1,1240.981,162.243,152.700,142.660,0.992,-1,-1,-1
2,-1,1240.981,162.983,152.492,142.774,0.993,-1,-1,-1
2,-1,1424.388,208.621,313.431,260.671,0.986,-1,-1,-1
3,-1,1241.069,163.371,152.592,142.001,0.994,-1,-1,-1
3,-1,1431.244,206.444,315.794,260.271,0.994,-1,-1,-1
4,-1,1241.318,163.101,152.334,141.711,0.994,-1,-1,-1
4,-1,1441.565,206.604,307.581,254.610,0.990,-1,-1,-1
5,-1,646.287,194.165,222.488,190.524,0.684,-1,-1,-1
5,-1,1242.158,162.374,151.591,141.330,0.994,-1,-1,-1
5,-1,1447.647,204.545,304.731,250.508,0.983,-1,-1,-1
6,-1,637.999,193.745,231.302,191.804,0.558,-1,-1,-1
6,-1,1242.186,162.582,150.744,139.676,0.994,-1,-1,-1
6,-1,1456.286,203.062,298.092,245.799,0.986,-1,-1,-1
7,-1,629.167,197.076,236.340,191.704,0.812,-1,-1,-1
7,-1,1242.940,162.248,150.275,140.048,0.995,-1,-1,-1
7,-1,1462.090,200.707,293.829,241.475,0.990,-1,-1,-1
8,-1,623.391,198.539,236.640,193.491,0.944,-1,-1,-1
8,-1,1243.600,162.247,150.135,140.203,0.995,-1,-1,-1
8,-1,1469.932,201.448,287.340,235.761,0.968,-1,-1,-1
9,-1,618.328,198.854,236.928,195.260,0.945,-1,-1,-1
9,-1,1243.623,163.177,149.542,139.519,0.994,-1,-1,-1
9,-1,1475.239,200.377,285.312,234.426,0.974,-1,-1,-1
10,-1,611.799,199.460,241.421,197.208,0.803,-1,-1,-1
10,-1,1244.082,163.368,149.086,139.130,0.994,-1,-1,-1
10,-1,1483.591,198.131,280.414,229.388,0.990,-1,-1,-1
11,-1,604.843,199.028,243.747,200.789,0.696,-1,-1,-1
11,-1,1245.364,161.516,147.699,138.945,0.995,-1,-1,-1
11,-1,1492.260,197.793,270.906,224.104,0.970,-1,-1,-1
12,-1,598.686,198.091,259.077,204.776,0.768,-1,-1,-1
12,-1,1499.558,193.978,271.402,224.297,0.969,-1,-1,-1
12,-1,1245.438,161.276,147.437,137.443,0.996,-1,-1,-1
13,-1,1502.827,192.352,271.002,220.684,0.947,-1,-1,-1
13,-1,1246.200,161.635,146.927,137.045,0.995,-1,-1,-1
14,-1,1507.048,193.362,265.891,214.308,0.971,-1,-1,-1
14,-1,1246.256,161.487,147.224,137.503,0.995,-1,-1,-1
15,-1,575.908,199.044,266.872,214.573,0.752,-1,-1,-1
15,-1,1511.234,189.792,260.649,216.255,0.991,-1,-1,-1
15,-1,1246.007,161.993,147.551,138.234,0.996,-1,-1,-1
16,-1,1514.347,189.005,257.758,213.798,0.986,-1,-1,-1
16,-1,1246.279,162.517,147.047,138.059,0.996,-1,-1,-1
17,-1,1518.693,188.877,253.451,210.462,0.968,-1,-1,-1
17,-1,1246.349,162.659,146.996,137.972,0.996,-1,-1,-1
18,-1,1521.435,187.915,250.391,209.345,0.969,-1,-1,-1
18,-1,1246.122,162.962,147.261,137.421,0.996,-1,-1,-1
19,-1,1521.403,186.253,249.793,205.599,0.979,-1,-1,-1
19,-1,1245.874,162.787,148.072,135.593,0.996,-1,-1,-1
20,-1,529.898,204.626,282.847,224.450,0.799,-1,-1,-1
20,-1,1524.429,183.789,246.978,203.229,0.988,-1,-1,-1
20,-1,1245.772,162.331,148.095,134.645,0.996,-1,-1,-1
21,-1,523.050,207.245,270.412,224.594,0.870,-1,-1,-1
21,-1,1529.311,185.904,241.033,199.475,0.932,-1,-1,-1
21,-1,1246.974,162.107,147.212,134.064,0.996,-1,-1,-1
22,-1,513.493,205.963,276.123,231.174,0.727,-1,-1,-1
22,-1,1529.741,182.565,239.732,200.507,0.977,-1,-1,-1
22,-1,1246.866,162.436,147.694,133.901,0.996,-1,-1,-1
23,-1,507.160,208.466,281.773,234.080,0.575,-1,-1,-1
23,-1,1531.989,184.486,237.453,196.359,0.917,-1,-1,-1
23,-1,1247.081,163.667,147.836,133.387,0.996,-1,-1,-1
24,-1,1532.881,185.101,234.860,192.733,0.832,-1,-1,-1
24,-1,1247.311,163.630,147.346,134.483,0.996,-1,-1,-1
24,-1,502.830,212.810,276.969,232.294,0.815,-1,-1,-1
25,-1,1533.146,185.638,233.582,189.894,0.601,-1,-1,-1
25,-1,1247.460,163.438,147.128,134.480,0.996,-1,-1,-1
25,-1,490.979,212.235,286.746,236.938,0.841,-1,-1,-1
26,-1,1530.909,179.408,234.359,192.156,0.606,-1,-1,-1
26,-1,1247.390,163.093,147.255,133.561,0.996,-1,-1,-1
26,-1,478.646,212.506,294.538,240.138,0.636,-1,-1,-1
27,-1,1529.651,177.202,232.242,191.326,0.773,-1,-1,-1
27,-1,1247.972,162.670,146.989,132.658,0.996,-1,-1,-1
27,-1,467.572,212.910,294.119,241.815,0.820,-1,-1,-1
28,-1,1527.690,177.633,231.512,187.713,0.786,-1,-1,-1
28,-1,706.397,190.229,204.352,181.123,0.589,-1,-1,-1
28,-1,1247.765,162.564,146.077,132.080,0.996,-1,-1,-1
28,-1,462.224,213.907,293.232,245.294,0.530,-1,-1,-1
29,-1,1247.867,161.957,146.325,132.164,0.996,-1,-1,-1
29,-1,454.061,215.227,291.511,250.158,0.639,-1,-1,-1
30,-1,1247.951,162.306,146.119,131.763,0.996,-1,-1,-1
30,-1,443.688,216.031,297.631,255.363,0.831,-1,-1,-1
31,-1,1247.177,162.855,145.254,131.011,0.996,-1,-1,-1
31,-1,429.854,220.572,305.808,254.039,0.833,-1,-1,-1
32,-1,1246.997,162.680,145.445,131.306,0.996,-1,-1,-1
32,-1,418.723,224.055,309.698,253.399,0.703,-1,-1,-1
33,-1,679.629,190.211,220.995,188.804,0.580,-1,-1,-1
33,-1,1247.510,162.842,144.763,131.029,0.996,-1,-1,-1
33,-1,401.083,221.986,319.021,260.485,0.870,-1,-1,-1
34,-1,1518.325,177.088,214.747,177.235,0.512,-1,-1,-1
34,-1,1247.551,162.553,145.004,131.069,0.996,-1,-1,-1
34,-1,390.772,227.696,317.183,257.265,0.842,-1,-1,-1
35,-1,1247.683,162.541,144.468,130.264,0.995,-1,-1,-1
35,-1,374.010,226.178,326.293,266.264,0.829,-1,-1,-1
36,-1,661.286,189.147,227.124,193.727,0.770,-1,-1,-1
36,-1,1246.669,162.734,145.059,130.000,0.995,-1,-1,-1
36,-1,360.533,230.775,333.406,264.794,0.816,-1,-1,-1
37,-1,660.140,190.280,225.462,193.723,0.899,-1,-1,-1
37,-1,1247.503,162.987,143.618,129.961,0.995,-1,-1,-1
37,-1,350.058,229.394,332.896,271.182,0.896,-1,-1,-1
38,-1,1247.716,163.925,143.530,129.232,0.994,-1,-1,-1
38,-1,340.869,232.348,333.913,269.146,0.876,-1,-1,-1
38,-1,1127.382,151.243,118.064,98.712,0.577,-1,-1,-1
39,-1,1247.171,163.057,144.011,130.113,0.994,-1,-1,-1
39,-1,329.130,237.803,340.483,270.702,0.516,-1,-1,-1
40,-1,1247.116,162.723,143.831,129.912,0.994,-1,-1,-1
40,-1,314.791,239.610,344.989,275.078,0.836,-1,-1,-1
41,-1,639.258,190.784,236.637,201.213,0.655,-1,-1,-1
41,-1,1247.940,162.655,142.486,129.688,0.995,-1,-1,-1
41,-1,300.499,238.452,350.223,283.173,0.905,-1,-1,-1
42,-1,632.680,189.825,240.770,205.713,0.603,-1,-1,-1
42,-1,1247.610,161.808,142.225,129.963,0.994,-1,-1,-1
42,-1,285.313,239.304,356.500,288.007,0.908,-1,-1,-1
42,-1,541.700,669.595,1104.372,406.606,0.633,-1,-1,-1
43,-1,1247.613,162.464,142.407,128.843,0.993,-1,-1,-1
43,-1,272.818,242.648,361.158,292.008,0.882,-1,-1,-1
43,-1,663.978,635.453,1021.541,439.361,0.838,-1,-1,-1
44,-1,620.259,193.107,242.822,209.183,0.846,-1,-1,-1
44,-1,1246.522,162.685,142.365,128.212,0.993,-1,-1,-1
44,-1,256.345,246.080,367.803,294.153,0.962,-1,-1,-1
44,-1,776.067,601.383,947.719,472.491,0.889,-1,-1,-1
45,-1,614.601,194.882,245.386,208.774,0.752,-1,-1,-1
45,-1,1246.607,162.300,141.715,128.105,0.992,-1,-1,-1
45,-1,242.532,248.073,372.146,296.879,0.975,-1,-1,-1
45,-1,871.659,569.096,895.414,503.878,0.939,-1,-1,-1
46,-1,605.508,195.597,250.896,211.830,0.716,-1,-1,-1
46,-1,1246.678,162.609,142.132,127.900,0.992,-1,-1,-1
46,-1,229.329,251.794,372.294,302.487,0.981,-1,-1,-1
46,-1,965.608,541.675,834.218,529.497,0.969,-1,-1,-1
47,-1,1039.248,517.813,793.959,550.035,0.976,-1,-1,-1
47,-1,602.128,198.035,248.031,211.903,0.567,-1,-1,-1
47,-1,1246.084,163.207,141.924,127.538,0.992,-1,-1,-1
47,-1,207.290,251.875,383.189,310.915,0.982,-1,-1,-1
48,-1,1110.444,492.242,744.992,571.952,0.986,-1,-1,-1
48,-1,596.646,197.691,250.966,215.671,0.859,-1,-1,-1
48,-1,1245.464,162.875,141.855,127.354,0.991,-1,-1,-1
48,-1,183.678,255.523,395.360,315.201,0.988,-1,-1,-1
49,-1,1176.490,467.394,699.858,563.596,0.992,-1,-1,-1
49,-1,590.578,201.445,251.247,213.952,0.801,-1,-1,-1
49,-1,1246.343,162.840,141.124,127.090,0.991,-1,-1,-1
49,-1,172.805,259.822,395.160,314.457,0.984,-1,-1,-1
50,-1,1226.276,438.108,677.097,552.017,0.993,-1,-1,-1
50,-1,580.305,199.812,260.819,221.904,0.818,-1,-1,-1
50,-1,1246.100,161.859,142.095,127.868,0.992,-1,-1,-1
50,-1,160.069,262.611,397.385,318.418,0.987,-1,-1,-1
51,-1,1269.374,410.270,642.847,529.669,0.994,-1,-1,-1
51,-1,574.766,201.357,262.519,223.001,0.882,-1,-1,-1
51,-1,1245.532,161.647,142.281,127.737,0.988,-1,-1,-1
51,-1,141.663,264.860,401.762,321.762,0.992,-1,-1,-1
52,-1,1308.390,388.370,606.636,519.780,0.991,-1,-1,-1
52,-1,569.763,203.251,262.857,223.834,0.928,-1,-1,-1
52,-1,1245.810,162.144,141.844,127.522,0.988,-1,-1,-1
52,-1,128.631,265.648,400.957,324.708,0.996,-1,-1,-1
53,-1,1343.135,368.986,572.204,517.273,0.988,-1,-1,-1
53,-1,562.730,203.016,265.913,229.001,0.914,-1,-1,-1
53,-1,1245.707,162.679,142.031,127.154,0.990,-1,-1,-1
53,-1,118.146,271.540,402.551,321.037,0.994,-1,-1,-1
54,-1,1370.304,343.214,545.586,521.524,0.983,-1,-1,-1
54,-1,553.872,203.896,267.924,229.697,0.924,-1,-1,-1
54,-1,1244.571,162.494,142.063,127.008,0.990,-1,-1,-1
54,-1,104.735,272.451,401.610,327.918,0.995,-1,-1,-1
55,-1,1401.888,319.530,515.641,518.045,0.985,-1,-1,-1
55,-1,547.455,204.015,272.134,232.786,0.945,-1,-1,-1
55,-1,1244.002,162.223,141.916,127.215,0.991,-1,-1,-1
55,-1,87.701,276.369,405.521,335.334,0.995,-1,-1,-1
56,-1,1423.773,305.813,494.300,499.001,0.986,-1,-1,-1
56,-1,541.573,204.986,276.438,232.605,0.953,-1,-1,-1
56,-1,1243.432,161.845,142.640,126.555,0.990,-1,-1,-1
56,-1,71.188,279.485,412.871,337.230,0.996,-1,-1,-1
57,-1,1442.724,292.983,476.678,492.620,0.984,-1,-1,-1
57,-1,534.327,205.942,274.992,232.841,0.944,-1,-1,-1
57,-1,1243.153,161.844,142.100,126.117,0.990,-1,-1,-1
57,-1,46.910,281.197,419.181,345.606,0.996,-1,-1,-1
58,-1,1463.254,283.326,456.994,477.665,0.978,-1,-1,-1
58,-1,526.118,207.854,277.830,233.322,0.959,-1,-1,-1
58,-1,1243.096,161.914,141.371,125.747,0.987,-1,-1,-1
58,-1,38.281,283.293,421.745,355.255,0.996,-1,-1,-1
58,-1,774.429,197.890,240.788,155.256,0.691,-1,-1,-1
59,-1,1481.310,271.110,439.395,471.855,0.976,-1,-1,-1
59,-1,519.168,206.994,283.431,240.254,0.971,-1,-1,-1
59,-1,1242.311,162.390,143.761,125.594,0.981,-1,-1,-1
59,-1,24.415,288.703,418.853,359.218,0.996,-1,-1,-1
60,-1,1494.619,257.611,426.072,455.823,0.984,-1,-1,-1
60,-1,514.926,209.273,283.786,240.959,0.974,-1,-1,-1
60,-1,1242.516,163.025,141.816,124.458,0.982,-1,-1,-1
60,-1,12.269,291.002,419.307,365.041,0.994,-1,-1,-1
61,-1,1510.449,248.665,409.792,443.275,0.983,-1,-1,-1
61,-1,508.370,208.385,287.388,246.211,0.976,-1,-1,-1
61,-1,1244.002,162.050,143.855,125.245,0.978,-1,-1,-1
61,-1,7.331,290.038,410.081,375.878,0.992,-1,-1,-1
62,-1,1522.369,238.121,397.335,431.695,0.984,-1,-1,-1
62,-1,501.981,208.208,288.916,251.503,0.979,-1,-1,-1
62,-1,1244.006,162.614,140.732,124.768,0.982,-1,-1,-1
62,-1,3.370,299.370,404.709,381.500,0.979,-1,-1,-1
63,-1,1530.339,231.819,389.070,412.062,0.961,-1,-1,-1
63,-1,487.362,210.146,302.405,255.472,0.981,-1,-1,-1
63,-1,1245.912,161.712,144.084,124.679,0.981,-1,-1,-1
63,-1,3.421,300.355,394.207,396.004,0.934,-1,-1,-1
63,-1,1458.087,175.403,166.704,139.457,0.519,-1,-1,-1
64,-1,4.171,306.960,377.020,400.297,0.925,-1,-1,-1
64,-1,1543.096,224.907,376.016,396.784,0.963,-1,-1,-1
64,-1,480.067,210.577,305.911,257.937,0.984,-1,-1,-1
64,-1,1239.074,160.868,160.758,125.549,0.980,-1,-1,-1
64,-1,1456.489,177.061,168.227,137.602,0.607,-1,-1,-1
65,-1,1555.130,218.788,363.849,384.656,0.957,-1,-1,-1
65,-1,470.460,212.013,311.776,260.387,0.975,-1,-1,-1
65,-1,1245.554,161.730,144.647,125.005,0.983,-1,-1,-1
65,-1,4.237,311.722,371.481,415.360,0.885,-1,-1,-1
65,-1,1454.819,174.201,166.841,139.274,0.651,-1,-1,-1
66,-1,5.021,314.522,360.222,422.816,0.870,-1,-1,-1
66,-1,1566.556,213.882,352.523,372.590,0.838,-1,-1,-1
66,-1,460.845,214.655,312.721,260.571,0.989,-1,-1,-1
66,-1,1245.408,161.971,139.698,124.104,0.987,-1,-1,-1
66,-1,1452.862,174.253,165.459,138.917,0.628,-1,-1,-1
67,-1,5.164,311.399,347.105,441.087,0.776,-1,-1,-1
67,-1,452.197,216.986,316.798,261.953,0.970,-1,-1,-1
67,-1,1571.670,209.111,347.536,363.814,0.945,-1,-1,-1
67,-1,1245.801,162.148,140.278,124.474,0.981,-1,-1,-1
67,-1,1450.331,174.615,163.133,137.008,0.658,-1,-1,-1
68,-1,5.481,332.273,335.468,437.285,0.781,-1,-1,-1
68,-1,440.998,218.253,321.062,265.622,0.984,-1,-1,-1
68,-1,1576.041,207.143,343.264,355.683,0.926,-1,-1,-1
68,-1,1247.821,163.105,137.490,124.131,0.988,-1,-1,-1
68,-1,1449.102,175.502,161.894,136.934,0.672,-1,-1,-1
69,-1,5.691,345.252,324.423,437.177,0.813,-1,-1,-1
69,-1,433.350,219.318,323.949,267.894,0.976,-1,-1,-1
69,-1,1583.320,203.755,335.952,347.466,0.950,-1,-1,-1
69,-1,1247.601,162.952,137.441,124.500,0.983,-1,-1,-1
69,-1,1447.714,177.245,159.799,133.727,0.626,-1,-1,-1
70,-1,5.083,357.473,313.815,439.635,0.750,-1,-1,-1
70,-1,421.366,218.939,331.267,272.998,0.983,-1,-1,-1
70,-1,1587.644,200.657,331.482,334.894,0.967,-1,-1,-1
70,-1,1243.998,162.492,141.265,124.384,0.981,-1,-1,-1
70,-1,1446.346,175.915,160.501,133.901,0.515,-1,-1,-1
71,-1,4.613,375.032,302.032,434.832,0.601,-1,-1,-1
71,-1,413.699,219.763,331.517,273.597,0.989,-1,-1,-1
71,-1,1591.576,201.056,327.621,325.456,0.937,-1,-1,-1
71,-1,1245.714,161.017,139.187,124.747,0.977,-1,-1,-1
71,-1,1444.830,174.198,161.366,135.133,0.663,-1,-1,-1
72,-1,4.478,378.417,291.847,449.092,0.643,-1,-1,-1
72,-1,396.789,221.580,340.713,274.470,0.970,-1,-1,-1
72,-1,1594.679,199.296,324.536,320.336,0.943,-1,-1,-1
72,-1,1077.552,171.022,179.410,119.113,0.525,-1,-1,-1
72,-1,1244.657,159.566,140.766,125.571,0.976,-1,-1,-1
72,-1,1443.650,173.074,163.444,135.473,0.645,-1,-1,-1
73,-1,4.060,384.736,282.096,458.701,0.636,-1,-1,-1
73,-1,383.581,223.748,346.915,278.448,0.981,-1,-1,-1
73,-1,1594.694,197.420,324.369,315.003,0.965,-1,-1,-1
73,-1,1063.187,174.657,175.315,118.102,0.727,-1,-1,-1
73,-1,1243.921,159.616,142.441,125.950,0.980,-1,-1,-1
73,-1,1442.760,172.053,162.094,136.113,0.687,-1,-1,-1
74,-1,368.979,226.195,355.049,282.507,0.982,-1,-1,-1
74,-1,1597.130,197.571,321.693,308.285,0.967,-1,-1,-1
74,-1,1046.500,179.456,171.282,118.453,0.823,-1,-1,-1
74,-1,1244.156,160.867,141.612,126.115,0.985,-1,-1,-1
74,-1,1442.131,174.544,162.551,135.104,0.712,-1,-1,-1
75,-1,357.377,227.696,359.754,286.518,0.991,-1,-1,-1
75,-1,1598.492,195.813,320.109,304.051,0.979,-1,-1,-1
75,-1,1244.994,160.981,141.474,125.894,0.988,-1,-1,-1
75,-1,1441.179,174.232,163.934,134.763,0.510,-1,-1,-1
76,-1,345.306,228.382,361.683,293.537,0.993,-1,-1,-1
76,-1,1597.977,193.364,320.362,298.974,0.979,-1,-1,-1
76,-1,1244.702,160.999,141.087,125.676,0.989,-1,-1,-1
77,-1,342.555,232.419,359.281,295.258,0.993,-1,-1,-1
77,-1,1598.232,190.442,319.576,296.781,0.986,-1,-1,-1
77,-1,1244.616,160.427,141.401,125.660,0.989,-1,-1,-1
77,-1,1437.956,173.384,160.497,133.166,0.574,-1,-1,-1
78,-1,329.651,231.143,366.745,300.110,0.993,-1,-1,-1
78,-1,1598.611,190.511,318.606,291.704,0.988,-1,-1,-1
78,-1,1245.223,159.708,141.221,125.591,0.990,-1,-1,-1
78,-1,1437.455,173.573,159.543,132.885,0.611,-1,-1,-1
79,-1,1596.127,189.579,318.476,286.340,0.990,-1,-1,-1
79,-1,1244.157,159.739,142.576,125.846,0.989,-1,-1,-1
79,-1,315.659,234.933,372.846,303.722,0.994,-1,-1,-1
79,-1,1436.036,174.276,158.293,131.867,0.657,-1,-1,-1
80,-1,1592.819,187.992,318.260,279.944,0.993,-1,-1,-1
80,-1,1244.882,160.069,141.247,125.673,0.990,-1,-1,-1
80,-1,305.436,236.399,376.841,306.304,0.993,-1,-1,-1
80,-1,1436.450,174.811,155.955,130.802,0.710,-1,-1,-1
81,-1,1593.504,186.962,312.021,274.852,0.994,-1,-1,-1
81,-1,1245.354,160.964,140.267,125.048,0.990,-1,-1,-1
81,-1,294.974,239.266,378.390,306.638,0.986,-1,-1,-1
81,-1,1436.287,174.727,156.969,130.592,0.787,-1,-1,-1
82,-1,1591.951,185.740,307.382,272.076,0.995,-1,-1,-1
82,-1,1245.694,161.697,139.290,124.662,0.989,-1,-1,-1
82,-1,283.221,241.076,384.174,311.607,0.988,-1,-1,-1
82,-1,1434.261,174.713,155.555,129.732,0.839,-1,-1,-1
83,-1,1589.504,184.910,303.373,264.092,0.995,-1,-1,-1
83,-1,1244.716,161.483,140.269,124.746,0.990,-1,-1,-1
83,-1,266.318,242.685,395.965,316.419,0.989,-1,-1,-1
83,-1,1432.205,174.905,155.842,129.569,0.756,-1,-1,-1
84,-1,1586.203,184.603,301.886,260.241,0.992,-1,-1,-1
84,-1,1244.978,162.179,139.892,124.485,0.989,-1,-1,-1
84,-1,253.024,243.070,399.504,324.920,0.992,-1,-1,-1
84,-1,1430.371,175.284,154.074,129.298,0.716,-1,-1,-1
85,-1,1587.098,182.382,292.456,257.296,0.994,-1,-1,-1
85,-1,1245.432,161.136,139.511,124.585,0.989,-1,-1,-1
85,-1,241.278,244.987,401.370,328.024,0.994,-1,-1,-1
85,-1,1429.653,176.044,150.892,128.731,0.843,-1,-1,-1
86,-1,1583.080,181.116,289.196,251.891,0.993,-1,-1,-1
86,-1,1244.834,160.959,140.121,124.416,0.988,-1,-1,-1
86,-1,228.714,246.266,405.481,331.519,0.993,-1,-1,-1
86,-1,1427.807,173.950,152.229,129.052,0.685,-1,-1,-1
87,-1,1107.080,162.939,126.068,108.409,0.558,-1,-1,-1
87,-1,1581.864,180.520,284.434,247.254,0.992,-1,-1,-1
87,-1,1244.683,161.004,139.892,124.509,0.988,-1,-1,-1
87,-1,208.511,248.209,413.607,333.477,0.990,-1,-1,-1
87,-1,1425.269,172.579,152.118,129.180,0.520,-1,-1,-1
88,-1,1577.999,177.839,280.777,243.299,0.993,-1,-1,-1
88,-1,1244.221,160.907,140.099,124.153,0.985,-1,-1,-1
88,-1,186.067,245.464,422.250,341.164,0.994,-1,-1,-1
89,-1,1576.756,177.051,275.224,238.403,0.990,-1,-1,-1
89,-1,1105.637,164.008,125.306,107.217,0.613,-1,-1,-1
89,-1,1244.297,160.716,139.162,124.302,0.984,-1,-1,-1
89,-1,174.155,249.886,421.412,340.070,0.996,-1,-1,-1
90,-1,1574.441,174.688,266.744,235.548,0.993,-1,-1,-1
90,-1,1106.098,165.529,124.572,106.406,0.758,-1,-1,-1
90,-1,1245.388,161.885,138.143,124.093,0.982,-1,-1,-1
90,-1,157.518,251.889,428.039,342.826,0.993,-1,-1,-1
91,-1,1573.212,175.096,263.072,229.028,0.993,-1,-1,-1
91,-1,1104.374,164.270,125.302,106.382,0.833,-1,-1,-1
91,-1,1245.356,161.704,138.059,123.720,0.982,-1,-1,-1
91,-1,145.748,255.673,430.344,344.223,0.993,-1,-1,-1
92,-1,1571.095,172.397,256.340,226.954,0.995,-1,-1,-1
92,-1,1103.179,164.512,125.434,107.149,0.849,-1,-1,-1
92,-1,1244.992,161.733,138.050,123.768,0.983,-1,-1,-1
92,-1,133.754,260.286,428.718,348.585,0.995,-1,-1,-1
93,-1,1566.051,171.741,252.740,223.130,0.996,-1,-1,-1
93,-1,1102.734,164.235,126.019,107.157,0.828,-1,-1,-1
93,-1,1244.742,161.436,138.145,123.705,0.984,-1,-1,-1
93,-1,123.798,266.884,429.071,346.777,0.996,-1,-1,-1
93,-1,1416.759,174.348,147.666,127.441,0.528,-1,-1,-1
94,-1,1562.343,171.181,249.657,218.296,0.997,-1,-1,-1
94,-1,1101.620,164.222,126.773,107.842,0.834,-1,-1,-1
94,-1,1244.150,161.239,139.176,123.701,0.983,-1,-1,-1
94,-1,109.295,268.679,434.616,350.626,0.996,-1,-1,-1
94,-1,1416.369,173.422,148.718,127.384,0.505,-1,-1,-1
95,-1,1558.648,170.888,248.218,215.484,0.996,-1,-1,-1
95,-1,1100.791,165.353,126.272,106.950,0.828,-1,-1,-1
95,-1,1243.790,161.450,139.010,123.229,0.984,-1,-1,-1
95,-1,97.875,272.663,433.922,354.836,0.996,-1,-1,-1
96,-1,1556.815,169.508,242.064,214.317,0.997,-1,-1,-1
96,-1,1099.545,166.443,126.502,105.761,0.822,-1,-1,-1
96,-1,598.379,212.430,252.464,200.747,0.536,-1,-1,-1
96,-1,1243.950,161.946,139.647,122.695,0.981,-1,-1,-1
96,-1,84.008,272.604,437.743,363.603,0.997,-1,-1,-1
97,-1,1552.179,168.226,243.664,212.707,0.996,-1,-1,-1
97,-1,1097.251,165.649,128.331,106.184,0.811,-1,-1,-1
97,-1,589.002,214.171,259.779,205.003,0.597,-1,-1,-1
97,-1,1242.764,161.849,140.606,122.810,0.979,-1,-1,-1
97,-1,66.729,274.288,442.164,369.757,0.998,-1,-1,-1
98,-1,1548.577,165.355,240.290,212.212,0.997,-1,-1,-1
98,-1,1096.354,166.365,128.795,106.995,0.707,-1,-1,-1
98,-1,581.057,211.999,265.952,210.724,0.649,-1,-1,-1
98,-1,1242.630,162.272,140.402,123.130,0.979,-1,-1,-1
98,-1,46.403,274.816,451.251,378.797,0.998,-1,-1,-1
99,-1,1544.155,163.896,240.329,211.558,0.996,-1,-1,-1
99,-1,1096.148,167.140,129.583,106.762,0.662,-1,-1,-1
99,-1,574.787,206.412,286.641,218.736,0.711,-1,-1,-1
99,-1,1243.038,161.823,140.361,123.261,0.983,-1,-1,-1
99,-1,39.206,279.980,446.167,378.900,0.998,-1,-1,-1
100,-1,1541.146,161.413,238.051,209.622,0.996,-1,-1,-1
100,-1,564.522,211.146,276.768,218.137,0.693,-1,-1,-1
100,-1,1242.745,162.239,140.727,123.241,0.985,-1,-1,-1
100,-1,25.582,283.585,448.543,386.133,0.998,-1,-1,-1
101,-1,1540.824,164.773,234.236,200.281,0.994,-1,-1,-1
101,-1,557.688,213.718,274.144,217.394,0.797,-1,-1,-1
101,-1,1243.352,163.011,140.019,121.931,0.984,-1,-1,-1
101,-1,13.583,288.320,446.271,392.230,0.997,-1,-1,-1
102,-1,1539.027,163.559,229.587,199.029,0.990,-1,-1,-1
102,-1,551.763,214.991,273.796,219.696,0.831,-1,-1,-1
102,-1,1243.481,161.991,139.790,122.611,0.986,-1,-1,-1
102,-1,11.241,291.386,440.001,402.839,0.994,-1,-1,-1
103,-1,545.527,215.100,277.978,222.220,0.939,-1,-1,-1
103,-1,1243.723,161.508,139.131,122.487,0.981,-1,-1,-1
103,-1,5.848,294.952,434.942,407.011,0.991,-1,-1,-1
103,-1,1532.825,164.346,222.665,195.060,0.989,-1,-1,-1
104,-1,540.064,214.884,281.604,224.973,0.947,-1,-1,-1
104,-1,1243.561,161.016,139.580,123.297,0.977,-1,-1,-1
104,-1,3.980,298.100,425.186,415.476,0.985,-1,-1,-1
104,-1,1528.872,165.772,219.438,192.605,0.983,-1,-1,-1
105,-1,1530.342,164.319,221.041,191.650,0.957,-1,-1,-1
105,-1,532.839,211.771,284.471,231.172,0.972,-1,-1,-1
105,-1,1244.085,161.463,138.716,122.705,0.980,-1,-1,-1
105,-1,3.473,304.257,417.058,425.849,0.967,-1,-1,-1
106,-1,528.012,218.813,287.055,228.301,0.917,-1,-1,-1
106,-1,1528.355,164.344,217.950,188.665,0.980,-1,-1,-1
106,-1,1245.479,162.365,137.956,122.612,0.978,-1,-1,-1
106,-1,3.593,307.826,406.395,435.545,0.933,-1,-1,-1
107,-1,522.087,219.450,288.406,232.469,0.978,-1,-1,-1
107,-1,1524.501,161.079,214.099,187.718,0.973,-1,-1,-1
107,-1,1244.591,162.223,137.609,122.268,0.977,-1,-1,-1
107,-1,3.699,311.748,395.476,437.884,0.930,-1,-1,-1
108,-1,516.000,220.724,289.478,233.252,0.966,-1,-1,-1
108,-1,1521.842,159.888,211.117,187.359,0.950,-1,-1,-1
108,-1,1244.420,161.993,137.794,121.719,0.975,-1,-1,-1
108,-1,3.875,318.137,384.301,441.756,0.872,-1,-1,-1
109,-1,510.331,223.366,290.732,235.995,0.980,-1,-1,-1
109,-1,1245.792,162.075,136.131,121.387,0.970,-1,-1,-1
109,-1,4.637,319.512,376.191,454.812,0.809,-1,-1,-1
109,-1,1517.422,163.239,204.868,181.703,0.976,-1,-1,-1
110,-1,498.446,223.823,302.057,239.405,0.974,-1,-1,-1
110,-1,1244.992,161.523,136.280,121.490,0.972,-1,-1,-1
110,-1,4.811,323.376,365.694,458.410,0.827,-1,-1,-1
110,-1,1512.114,161.753,205.474,180.671,0.990,-1,-1,-1
111,-1,5.822,328.932,351.875,464.056,0.726,-1,-1,-1
111,-1,488.105,225.608,309.406,239.247,0.985,-1,-1,-1
111,-1,1245.235,160.682,135.625,122.566,0.977,-1,-1,-1
111,-1,1512.640,161.974,199.261,176.763,0.976,-1,-1,-1
112,-1,477.594,228.723,315.015,238.620,0.976,-1,-1,-1
112,-1,1244.904,160.539,135.998,122.481,0.980,-1,-1,-1
112,-1,5.521,342.555,348.413,459.313,0.842,-1,-1,-1
112,-1,1511.548,160.366,197.624,178.943,0.981,-1,-1,-1
113,-1,467.609,230.820,316.454,240.195,0.971,-1,-1,-1
113,-1,1244.118,159.905,136.824,122.785,0.981,-1,-1,-1
113,-1,5.535,352.175,334.765,467.227,0.710,-1,-1,-1
113,-1,903.741,209.771,138.231,117.447,0.517,-1,-1,-1
113,-1,1508.595,162.603,197.162,174.691,0.988,-1,-1,-1
114,-1,462.452,229.702,328.088,246.472,0.913,-1,-1,-1
114,-1,1244.398,159.547,136.283,122.824,0.979,-1,-1,-1
114,-1,5.668,363.934,328.640,463.513,0.601,-1,-1,-1
114,-1,1505.199,163.480,194.054,173.036,0.981,-1,-1,-1
115,-1,450.291,233.647,328.286,246.931,0.919,-1,-1,-1
115,-1,1244.072,159.236,136.985,122.864,0.981,-1,-1,-1
115,-1,5.546,368.997,320.998,468.882,0.626,-1,-1,-1
115,-1,1501.299,164.377,193.727,170.050,0.984,-1,-1,-1
116,-1,438.018,237.669,335.915,248.095,0.896,-1,-1,-1
116,-1,1243.860,159.276,135.866,122.909,0.981,-1,-1,-1
116,-1,1500.676,164.650,189.951,168.163,0.980,-1,-1,-1
117,-1,426.686,236.379,333.585,252.399,0.799,-1,-1,-1
117,-1,1243.629,158.065,135.542,123.536,0.982,-1,-1,-1
117,-1,1497.314,164.147,189.049,166.804,0.986,-1,-1,-1
118,-1,4.733,397.294,292.882,465.415,0.583,-1,-1,-1
118,-1,419.722,234.564,333.250,255.360,0.906,-1,-1,-1
118,-1,1243.439,157.906,135.331,123.364,0.976,-1,-1,-1
118,-1,1495.267,165.198,186.816,165.446,0.984,-1,-1,-1
119,-1,4.101,405.421,283.061,464.491,0.623,-1,-1,-1
119,-1,411.832,236.369,339.522,257.565,0.844,-1,-1,-1
119,-1,1242.935,158.377,135.854,122.789,0.974,-1,-1,-1
119,-1,1492.546,168.039,185.976,162.416,0.982,-1,-1,-1
120,-1,3.906,413.066,274.007,464.547,0.587,-1,-1,-1
120,-1,395.958,236.669,342.300,263.873,0.926,-1,-1,-1
120,-1,1243.318,158.048,135.878,122.944,0.971,-1,-1,-1
120,-1,1489.144,167.692,185.260,162.148,0.979,-1,-1,-1
121,-1,385.158,237.420,348.728,265.991,0.896,-1,-1,-1
121,-1,1244.508,158.141,134.737,122.375,0.967,-1,-1,-1
121,-1,1485.452,167.894,185.845,160.762,0.976,-1,-1,-1
122,-1,372.954,238.454,356.138,271.480,0.770,-1,-1,-1
122,-1,1762.063,239.539,158.126,502.251,0.692,-1,-1,-1
122,-1,1076.730,173.299,133.823,110.756,0.543,-1,-1,-1
122,-1,1243.762,158.071,134.556,122.575,0.967,-1,-1,-1
122,-1,1481.130,167.754,187.508,160.566,0.977,-1,-1,-1
123,-1,3.213,440.581,251.034,465.459,0.671,-1,-1,-1
123,-1,365.276,243.792,351.464,270.214,0.712,-1,-1,-1
123,-1,1755.602,241.314,164.719,490.257,0.557,-1,-1,-1
123,-1,1243.868,157.960,134.620,122.658,0.957,-1,-1,-1
123,-1,1476.514,169.558,187.563,157.271,0.943,-1,-1,-1
124,-1,3.066,446.597,242.716,468.811,0.572,-1,-1,-1
124,-1,352.182,241.577,360.738,278.343,0.861,-1,-1,-1
124,-1,1746.662,220.204,173.864,472.915,0.747,-1,-1,-1
124,-1,1075.935,173.236,133.238,110.048,0.631,-1,-1,-1
124,-1,1243.279,158.160,136.028,122.108,0.965,-1,-1,-1
124,-1,1475.311,169.747,184.484,156.454,0.958,-1,-1,-1
125,-1,2.785,455.669,229.235,474.597,0.520,-1,-1,-1
125,-1,347.863,245.364,354.555,280.340,0.961,-1,-1,-1
125,-1,1730.982,216.393,189.592,444.923,0.863,-1,-1,-1
125,-1,1243.895,157.846,135.573,121.987,0.966,-1,-1,-1
125,-1,1474.635,171.848,180.095,153.076,0.961,-1,-1,-1
125,-1,835.866,744.651,870.091,333.886,0.663,-1,-1,-1
126,-1,339.011,245.205,358.271,283.251,0.934,-1,-1,-1
126,-1,1724.688,213.831,195.830,442.111,0.831,-1,-1,-1
126,-1,1243.931,157.524,134.432,121.343,0.962,-1,-1,-1
126,-1,1472.993,169.672,179.751,154.734,0.959,-1,-1,-1
126,-1,923.728,708.951,810.232,370.585,0.835,-1,-1,-1
127,-1,1002.653,681.851,749.186,397.276,0.952,-1,-1,-1
127,-1,329.015,249.543,361.781,284.616,0.957,-1,-1,-1
127,-1,1719.433,213.310,200.820,410.665,0.760,-1,-1,-1
127,-1,1074.139,170.465,133.356,112.926,0.573,-1,-1,-1
127,-1,1243.131,157.631,134.619,120.923,0.954,-1,-1,-1
127,-1,1471.955,168.479,176.806,154.197,0.949,-1,-1,-1
128,-1,1068.815,655.553,696.493,421.263,0.927,-1,-1,-1
128,-1,1714.678,207.486,205.491,402.024,0.800,-1,-1,-1
128,-1,1073.754,170.619,133.029,113.958,0.673,-1,-1,-1
128,-1,1244.028,157.352,133.591,121.527,0.963,-1,-1,-1
128,-1,318.133,249.971,366.826,291.699,0.989,-1,-1,-1
128,-1,1468.395,167.273,175.965,153.973,0.960,-1,-1,-1
129,-1,1122.163,634.370,647.320,441.865,0.985,-1,-1,-1
129,-1,1706.653,206.863,213.387,393.311,0.792,-1,-1,-1
129,-1,1072.651,173.522,132.871,112.757,0.768,-1,-1,-1
129,-1,1243.553,159.162,133.468,119.712,0.956,-1,-1,-1
129,-1,303.834,253.393,378.049,292.890,0.969,-1,-1,-1
129,-1,1466.849,170.221,174.597,150.820,0.929,-1,-1,-1
130,-1,1169.193,610.701,611.768,456.920,0.993,-1,-1,-1
130,-1,1694.574,208.393,225.325,383.381,0.883,-1,-1,-1
130,-1,1072.638,172.386,133.530,114.593,0.600,-1,-1,-1
130,-1,1244.008,159.127,132.177,119.819,0.966,-1,-1,-1
130,-1,294.962,257.471,378.102,296.478,0.957,-1,-1,-1
130,-1,1464.356,168.701,172.273,150.865,0.955,-1,-1,-1
131,-1,1209.057,578.776,574.283,454.073,0.993,-1,-1,-1
131,-1,1693.688,202.492,226.248,379.138,0.807,-1,-1,-1
131,-1,1072.337,172.267,133.171,114.717,0.771,-1,-1,-1
131,-1,1243.406,158.017,133.012,121.121,0.953,-1,-1,-1
131,-1,286.949,259.575,372.837,297.495,0.958,-1,-1,-1
131,-1,1459.806,164.190,173.762,152.942,0.926,-1,-1,-1
132,-1,1234.040,553.374,551.894,450.572,0.994,-1,-1,-1
132,-1,1685.156,200.548,234.655,382.277,0.890,-1,-1,-1
132,-1,1071.773,171.433,134.112,115.926,0.716,-1,-1,-1
132,-1,1243.269,156.724,133.011,121.962,0.951,-1,-1,-1
132,-1,275.542,259.197,376.016,302.659,0.965,-1,-1,-1
132,-1,1459.255,162.408,171.717,150.750,0.951,-1,-1,-1
133,-1,1256.192,529.079,523.513,432.142,0.996,-1,-1,-1
133,-1,1677.656,197.414,241.911,356.901,0.920,-1,-1,-1
133,-1,1071.325,171.525,133.388,115.453,0.665,-1,-1,-1
133,-1,1243.584,155.592,133.298,122.012,0.935,-1,-1,-1
133,-1,260.562,260.446,387.452,308.558,0.986,-1,-1,-1
133,-1,1457.281,163.277,170.106,148.961,0.951,-1,-1,-1
134,-1,1263.884,508.685,511.071,413.272,0.996,-1,-1,-1
134,-1,1667.606,198.344,251.629,335.197,0.882,-1,-1,-1
134,-1,1070.813,172.456,133.364,115.858,0.727,-1,-1,-1
134,-1,1244.238,155.553,132.016,121.934,0.939,-1,-1,-1
134,-1,247.716,265.352,390.544,307.956,0.974,-1,-1,-1
134,-1,1455.549,162.421,169.695,147.923,0.942,-1,-1,-1
135,-1,1269.132,485.518,505.435,408.464,0.997,-1,-1,-1
135,-1,1663.586,198.020,255.722,329.482,0.892,-1,-1,-1
135,-1,1070.313,172.750,133.771,117.915,0.644,-1,-1,-1
135,-1,1244.097,156.449,132.393,121.703,0.941,-1,-1,-1
135,-1,238.123,271.507,390.126,306.247,0.961,-1,-1,-1
135,-1,1455.824,162.096,166.585,147.814,0.943,-1,-1,-1
136,-1,1269.405,469.039,504.168,404.194,0.998,-1,-1,-1
136,-1,1661.457,195.879,257.965,338.397,0.868,-1,-1,-1
136,-1,1069.025,173.314,133.584,118.147,0.666,-1,-1,-1
136,-1,1244.649,156.535,131.901,121.303,0.940,-1,-1,-1
136,-1,224.576,275.839,404.022,307.563,0.961,-1,-1,-1
136,-1,1454.415,163.694,166.445,145.444,0.932,-1,-1,-1
137,-1,1269.987,447.939,495.831,398.283,0.997,-1,-1,-1
137,-1,1659.872,196.492,259.407,315.785,0.931,-1,-1,-1
137,-1,1066.406,177.404,135.647,116.083,0.584,-1,-1,-1
137,-1,1243.860,156.806,132.093,120.969,0.938,-1,-1,-1
137,-1,211.723,279.145,403.075,308.271,0.979,-1,-1,-1
137,-1,1454.791,165.892,165.432,145.150,0.948,-1,-1,-1
138,-1,1268.774,432.134,491.265,381.941,0.997,-1,-1,-1
138,-1,1654.247,193.015,265.182,312.672,0.868,-1,-1,-1
138,-1,1067.490,178.358,134.688,116.881,0.782,-1,-1,-1
138,-1,1243.440,156.722,132.511,121.129,0.902,-1,-1,-1
138,-1,195.665,281.194,407.061,311.129,0.972,-1,-1,-1
138,-1,1455.319,167.631,162.437,142.900,0.889,-1,-1,-1
139,-1,1268.032,414.802,484.272,370.346,0.997,-1,-1,-1
139,-1,1646.945,183.723,272.644,313.092,0.655,-1,-1,-1
139,-1,1066.284,177.605,136.769,117.593,0.780,-1,-1,-1
139,-1,1244.108,156.448,131.540,120.813,0.902,-1,-1,-1
139,-1,178.177,281.063,417.258,314.065,0.972,-1,-1,-1
139,-1,1452.452,166.787,162.708,141.093,0.867,-1,-1,-1
140,-1,1266.867,396.404,477.735,364.624,0.997,-1,-1,-1
140,-1,1637.347,181.388,282.313,310.031,0.856,-1,-1,-1
140,-1,1067.018,177.709,135.992,117.979,0.784,-1,-1,-1
140,-1,1244.268,156.576,131.211,120.770,0.901,-1,-1,-1
140,-1,171.567,283.499,413.238,317.943,0.972,-1,-1,-1
140,-1,1450.894,167.228,161.636,140.337,0.897,-1,-1,-1
141,-1,1269.598,384.028,460.146,358.066,0.783,-1,-1,-1
141,-1,1629.760,180.933,289.691,295.566,0.811,-1,-1,-1
141,-1,1068.529,180.132,133.835,115.780,0.736,-1,-1,-1
141,-1,1244.644,157.111,130.570,119.293,0.884,-1,-1,-1
141,-1,158.461,285.125,417.436,317.771,0.961,-1,-1,-1
141,-1,1451.144,169.671,159.377,138.389,0.836,-1,-1,-1
141,-1,1268.013,382.610,462.564,359.702,0.895,-1,-1,-1
142,-1,1267.531,372.972,458.810,347.484,0.998,-1,-1,-1
142,-1,1624.474,181.362,294.636,284.462,0.731,-1,-1,-1
142,-1,1068.627,180.429,134.472,116.040,0.775,-1,-1,-1
142,-1,1245.272,157.086,130.152,118.882,0.847,-1,-1,-1
142,-1,146.409,286.599,417.779,321.944,0.977,-1,-1,-1
142,-1,1449.435,170.304,161.054,137.247,0.680,-1,-1,-1
143,-1,1264.695,360.235,451.562,334.580,0.998,-1,-1,-1
143,-1,1616.672,178.421,302.079,284.410,0.695,-1,-1,-1
143,-1,1068.646,181.908,132.873,115.586,0.728,-1,-1,-1
143,-1,1245.636,157.057,128.921,118.217,0.898,-1,-1,-1
143,-1,134.634,289.661,420.170,328.024,0.979,-1,-1,-1
143,-1,1448.091,170.331,164.314,137.879,0.636,-1,-1,-1
144,-1,1263.385,342.609,447.253,334.903,0.998,-1,-1,-1
144,-1,1616.622,179.244,301.579,276.141,0.937,-1,-1,-1
144,-1,1067.426,183.102,134.026,115.463,0.573,-1,-1,-1
144,-1,1246.109,156.885,130.125,118.592,0.904,-1,-1,-1
144,-1,124.665,289.896,420.451,332.130,0.989,-1,-1,-1
144,-1,1449.467,170.003,169.463,138.770,0.691,-1,-1,-1
145,-1,1260.019,332.707,439.559,325.469,0.998,-1,-1,-1
145,-1,1606.999,176.626,310.736,275.241,0.921,-1,-1,-1
145,-1,1245.262,156.633,131.240,119.352,0.889,-1,-1,-1
145,-1,112.658,292.507,424.884,338.496,0.986,-1,-1,-1
145,-1,1445.736,169.038,164.471,138.817,0.662,-1,-1,-1
146,-1,1262.249,324.306,429.999,317.712,0.999,-1,-1,-1
146,-1,1598.324,195.011,318.742,251.093,0.627,-1,-1,-1
146,-1,1244.124,156.315,130.884,118.204,0.777,-1,-1,-1
146,-1,101.357,294.199,442.519,345.265,0.983,-1,-1,-1
147,-1,1261.026,313.074,422.935,313.547,0.998,-1,-1,-1
147,-1,1595.073,185.802,311.873,253.476,0.910,-1,-1,-1
147,-1,1244.682,155.746,130.675,118.240,0.791,-1,-1,-1
147,-1,91.170,296.675,423.659,348.257,0.988,-1,-1,-1
147,-1,1441.037,166.013,161.991,137.782,0.598,-1,-1,-1
148,-1,1256.380,303.190,413.170,305.181,0.998,-1,-1,-1
148,-1,1582.318,178.912,314.539,256.394,0.922,-1,-1,-1
148,-1,1062.744,183.126,139.060,118.238,0.766,-1,-1,-1
148,-1,1243.442,155.355,131.213,117.733,0.788,-1,-1,-1
148,-1,77.183,297.123,432.222,351.903,0.986,-1,-1,-1
149,-1,66.805,298.072,431.534,356.378,0.668,-1,-1,-1
149,-1,1254.853,298.295,409.438,297.594,0.999,-1,-1,-1
149,-1,1579.758,182.361,307.706,247.080,0.853,-1,-1,-1
149,-1,1060.260,183.652,141.968,119.110,0.708,-1,-1,-1
149,-1,1242.690,155.145,131.282,117.459,0.762,-1,-1,-1
149,-1,69.472,280.551,609.284,373.893,0.660,-1,-1,-1
150,-1,1253.620,295.752,400.834,290.407,0.999,-1,-1,-1
150,-1,1570.464,183.192,309.674,238.526,0.515,-1,-1,-1
150,-1,1059.198,184.831,143.458,119.030,0.909,-1,-1,-1
150,-1,1242.818,155.766,131.257,117.499,0.787,-1,-1,-1
150,-1,48.793,300.674,448.961,363.218,0.982,-1,-1,-1
151,-1,1254.968,291.906,388.946,282.408,0.998,-1,-1,-1
151,-1,1570.009,177.348,296.203,241.440,0.887,-1,-1,-1
151,-1,1057.967,185.353,142.953,119.247,0.690,-1,-1,-1
151,-1,1243.136,156.068,131.094,117.998,0.799,-1,-1,-1
151,-1,41.045,309.984,438.056,360.540,0.984,-1,-1,-1
152,-1,34.801,313.057,427.645,364.298,0.989,-1,-1,-1
152,-1,1252.330,286.954,380.964,276.406,0.998,-1,-1,-1
152,-1,1564.775,176.399,283.923,230.990,0.879,-1,-1,-1
152,-1,1056.129,185.840,143.185,119.261,0.828,-1,-1,-1
152,-1,1242.914,156.100,131.068,117.051,0.808,-1,-1,-1
153,-1,26.103,316.011,428.859,369.977,0.985,-1,-1,-1
153,-1,1250.177,283.947,375.286,270.426,0.998,-1,-1,-1
153,-1,1561.185,173.657,273.403,228.161,0.922,-1,-1,-1
153,-1,1054.626,186.392,145.118,120.258,0.885,-1,-1,-1
153,-1,1243.466,155.527,130.651,117.128,0.843,-1,-1,-1
154,-1,14.253,317.529,432.904,378.913,0.970,-1,-1,-1
154,-1,1247.443,278.560,367.949,266.903,0.998,-1,-1,-1
154,-1,1053.942,186.661,145.503,120.474,0.869,-1,-1,-1
154,-1,1244.051,154.848,128.992,116.496,0.812,-1,-1,-1
154,-1,1536.472,173.700,283.797,226.734,0.892,-1,-1,-1
155,-1,11.078,321.297,428.310,385.994,0.976,-1,-1,-1
155,-1,1244.205,274.583,361.471,263.198,0.998,-1,-1,-1
155,-1,1052.587,187.044,144.869,119.951,0.887,-1,-1,-1
155,-1,1243.380,153.755,129.329,116.403,0.782,-1,-1,-1
155,-1,1533.604,168.173,279.310,225.304,0.895,-1,-1,-1
156,-1,5.626,325.976,425.447,393.197,0.949,-1,-1,-1
156,-1,1246.077,271.444,352.850,257.301,0.997,-1,-1,-1
156,-1,1050.944,187.118,145.117,120.978,0.921,-1,-1,-1
156,-1,1244.018,154.027,128.956,116.199,0.839,-1,-1,-1
156,-1,1497.226,162.801,302.731,226.071,0.961,-1,-1,-1
157,-1,4.300,333.540,417.272,398.099,0.890,-1,-1,-1
157,-1,1242.893,268.359,345.165,253.515,0.998,-1,-1,-1
157,-1,345.606,248.293,423.893,267.668,0.589,-1,-1,-1
157,-1,1050.477,187.920,146.818,121.633,0.901,-1,-1,-1
157,-1,1245.023,155.172,129.121,115.886,0.813,-1,-1,-1
157,-1,1509.156,162.649,280.299,224.018,0.938,-1,-1,-1
158,-1,4.264,340.634,408.564,400.317,0.872,-1,-1,-1
158,-1,1239.857,265.547,339.438,249.363,0.997,-1,-1,-1
158,-1,330.223,246.402,439.186,274.193,0.601,-1,-1,-1
158,-1,1050.342,188.299,146.362,121.063,0.930,-1,-1,-1
158,-1,1244.892,155.012,128.841,115.190,0.816,-1,-1,-1
158,-1,741.979,214.924,218.510,135.917,0.604,-1,-1,-1
158,-1,1522.061,160.857,263.375,220.638,0.965,-1,-1,-1
159,-1,4.283,346.730,404.239,409.569,0.724,-1,-1,-1
159,-1,1239.355,261.169,332.186,247.509,0.998,-1,-1,-1
159,-1,320.539,259.748,423.487,269.751,0.598,-1,-1,-1
159,-1,1049.179,189.072,146.740,120.984,0.939,-1,-1,-1
159,-1,1245.711,154.487,128.137,116.070,0.804,-1,-1,-1
159,-1,727.820,215.918,227.669,137.296,0.756,-1,-1,-1
159,-1,1506.774,156.855,270.427,221.064,0.960,-1,-1,-1
160,-1,4.336,353.791,393.784,410.687,0.707,-1,-1,-1
160,-1,1241.035,260.019,323.110,240.009,0.997,-1,-1,-1
160,-1,317.674,258.112,426.819,275.304,0.594,-1,-1,-1
160,-1,1048.335,188.803,147.353,121.488,0.954,-1,-1,-1
160,-1,1246.225,153.898,128.147,116.431,0.797,-1,-1,-1
160,-1,716.823,216.461,233.063,138.550,0.622,-1,-1,-1
160,-1,1502.962,155.755,268.592,219.882,0.976,-1,-1,-1
161,-1,4.653,361.283,384.807,410.334,0.606,-1,-1,-1
161,-1,1240.964,256.214,314.371,238.529,0.996,-1,-1,-1
161,-1,312.759,256.324,439.751,280.348,0.761,-1,-1,-1
161,-1,1047.719,188.110,146.617,121.707,0.961,-1,-1,-1
161,-1,1247.418,152.813,126.207,115.307,0.811,-1,-1,-1
161,-1,703.352,215.545,233.797,139.710,0.557,-1,-1,-1
161,-1,1484.084,155.785,279.801,213.662,0.846,-1,-1,-1
162,-1,694.452,217.227,233.802,137.749,0.640,-1,-1,-1
162,-1,294.953,247.704,458.975,293.500,0.584,-1,-1,-1
162,-1,1047.257,188.525,146.225,121.433,0.963,-1,-1,-1
162,-1,1246.972,151.709,126.503,115.731,0.851,-1,-1,-1
162,-1,1240.540,254.859,305.417,232.172,0.995,-1,-1,-1
162,-1,1508.214,154.476,249.042,212.024,0.970,-1,-1,-1
163,-1,686.899,218.331,231.999,139.255,0.677,-1,-1,-1
163,-1,1514.624,158.051,240.111,207.480,0.933,-1,-1,-1
163,-1,1045.971,188.438,146.844,122.112,0.959,-1,-1,-1
163,-1,1246.239,150.878,127.192,116.005,0.865,-1,-1,-1
163,-1,280.641,267.420,391.190,279.824,0.724,-1,-1,-1
163,-1,1240.042,250.979,299.915,228.797,0.997,-1,-1,-1
164,-1,1509.642,160.211,238.001,202.879,0.949,-1,-1,-1
164,-1,1044.002,188.369,148.218,122.663,0.888,-1,-1,-1
164,-1,1246.942,151.465,126.803,115.337,0.848,-1,-1,-1
164,-1,1240.674,250.942,290.089,221.188,0.996,-1,-1,-1
165,-1,1501.457,156.151,237.677,201.083,0.902,-1,-1,-1
165,-1,1044.150,189.218,148.250,122.169,0.879,-1,-1,-1
165,-1,1246.705,151.282,127.099,114.901,0.853,-1,-1,-1
165,-1,266.674,278.627,380.540,277.948,0.683,-1,-1,-1
165,-1,1239.709,246.286,287.140,220.794,0.996,-1,-1,-1
166,-1,1501.079,165.127,228.322,187.984,0.565,-1,-1,-1
166,-1,1040.945,189.153,151.557,123.125,0.825,-1,-1,-1
166,-1,1246.343,151.360,127.328,113.587,0.811,-1,-1,-1
166,-1,253.505,283.015,375.285,277.210,0.784,-1,-1,-1
166,-1,1242.073,243.971,277.714,216.080,0.996,-1,-1,-1
167,-1,1499.574,156.754,219.606,193.322,0.590,-1,-1,-1
167,-1,1040.545,190.206,151.692,123.058,0.875,-1,-1,-1
167,-1,1246.712,151.228,128.016,113.304,0.645,-1,-1,-1
167,-1,244.723,285.713,386.046,280.361,0.793,-1,-1,-1
167,-1,1244.767,241.648,269.242,211.851,0.996,-1,-1,-1
168,-1,1493.705,156.627,221.935,190.691,0.707,-1,-1,-1
168,-1,1036.243,189.163,155.187,123.899,0.887,-1,-1,-1
168,-1,1245.897,149.780,131.040,112.873,0.598,-1,-1,-1
168,-1,229.069,289.187,365.248,280.629,0.889,-1,-1,-1
168,-1,1244.992,238.396,266.373,209.954,0.996,-1,-1,-1
169,-1,1491.573,153.267,221.844,191.496,0.881,-1,-1,-1
169,-1,1035.463,189.188,154.967,123.550,0.833,-1,-1,-1
169,-1,217.217,290.479,400.013,285.041,0.871,-1,-1,-1
169,-1,1245.584,235.785,262.673,208.632,0.996,-1,-1,-1
170,-1,1034.493,189.734,155.975,123.847,0.846,-1,-1,-1
170,-1,204.111,290.364,426.566,292.048,0.697,-1,-1,-1
170,-1,1246.018,233.248,258.810,204.484,0.997,-1,-1,-1
170,-1,1242.565,148.273,129.188,110.918,0.623,-1,-1,-1
171,-1,1038.307,190.135,153.485,123.754,0.957,-1,-1,-1
171,-1,193.037,292.345,380.612,289.800,0.923,-1,-1,-1
171,-1,1250.965,233.746,250.213,196.616,0.997,-1,-1,-1
171,-1,1243.136,148.801,127.579,110.730,0.688,-1,-1,-1
172,-1,1036.602,189.805,155.070,125.319,0.946,-1,-1,-1
172,-1,181.432,293.228,392.520,292.034,0.812,-1,-1,-1
172,-1,1252.663,232.820,243.740,194.613,0.994,-1,-1,-1
172,-1,1243.122,149.926,127.490,110.286,0.690,-1,-1,-1
173,-1,1479.342,153.626,208.852,185.859,0.859,-1,-1,-1
173,-1,1034.779,189.497,156.491,125.511,0.926,-1,-1,-1
173,-1,168.731,294.735,398.265,293.881,0.887,-1,-1,-1
173,-1,1254.502,228.515,242.511,194.514,0.991,-1,-1,-1
173,-1,1243.920,148.928,127.894,110.504,0.542,-1,-1,-1
174,-1,1478.428,160.740,203.011,177.290,0.807,-1,-1,-1
174,-1,1033.514,188.815,159.786,125.190,0.931,-1,-1,-1
174,-1,160.445,297.841,387.682,292.983,0.931,-1,-1,-1
174,-1,1255.521,224.658,239.809,194.410,0.991,-1,-1,-1
174,-1,1244.125,147.443,127.835,109.662,0.527,-1,-1,-1
175,-1,1471.089,161.790,202.505,175.281,0.740,-1,-1,-1
175,-1,1034.061,187.168,157.813,126.025,0.937,-1,-1,-1
175,-1,147.547,299.338,389.301,293.815,0.927,-1,-1,-1
175,-1,1258.134,221.662,236.645,190.569,0.983,-1,-1,-1
176,-1,1469.578,163.510,200.304,172.909,0.503,-1,-1,-1
176,-1,1033.051,187.309,160.391,126.447,0.946,-1,-1,-1
176,-1,133.935,299.397,397.745,300.157,0.949,-1,-1,-1
176,-1,1257.733,217.902,237.224,187.335,0.760,-1,-1,-1
176,-1,1262.343,217.181,235.069,187.306,0.900,-1,-1,-1
177,-1,1032.778,187.040,159.648,126.700,0.947,-1,-1,-1
177,-1,127.916,300.330,392.250,304.518,0.969,-1,-1,-1
177,-1,1265.374,215.074,228.987,185.348,0.977,-1,-1,-1
178,-1,1031.041,188.560,161.724,125.687,0.887,-1,-1,-1
178,-1,117.893,301.742,398.350,309.731,0.968,-1,-1,-1
178,-1,1266.111,214.319,226.442,180.616,0.972,-1,-1,-1
179,-1,1028.918,189.307,164.132,126.237,0.882,-1,-1,-1
179,-1,108.039,303.980,401.666,313.119,0.981,-1,-1,-1
179,-1,1268.018,215.765,226.452,176.719,0.904,-1,-1,-1
180,-1,1027.401,188.602,168.077,129.067,0.922,-1,-1,-1
180,-1,99.705,307.263,407.282,316.354,0.959,-1,-1,-1
180,-1,1271.318,211.589,224.089,177.305,0.940,-1,-1,-1
181,-1,1025.167,188.642,172.379,128.791,0.801,-1,-1,-1
181,-1,90.510,310.770,402.085,317.613,0.972,-1,-1,-1
181,-1,1277.144,208.158,217.469,174.284,0.965,-1,-1,-1
182,-1,1023.643,187.715,171.979,129.079,0.883,-1,-1,-1
182,-1,79.684,313.188,412.866,317.497,0.922,-1,-1,-1
182,-1,1280.274,206.781,215.458,172.045,0.968,-1,-1,-1
183,-1,1019.388,187.644,183.693,129.713,0.889,-1,-1,-1
183,-1,65.271,314.325,413.176,320.237,0.953,-1,-1,-1
183,-1,1280.001,205.331,215.043,169.417,0.933,-1,-1,-1
184,-1,1016.271,186.653,187.900,131.030,0.929,-1,-1,-1
184,-1,51.594,317.155,427.393,324.370,0.741,-1,-1,-1
184,-1,1282.239,202.504,214.342,167.470,0.929,-1,-1,-1
185,-1,1444.886,163.945,193.593,167.366,0.565,-1,-1,-1
185,-1,1016.927,187.274,185.984,131.252,0.879,-1,-1,-1
185,-1,49.560,314.954,555.305,330.091,0.717,-1,-1,-1
185,-1,1284.091,202.237,213.401,166.424,0.937,-1,-1,-1
186,-1,1436.700,162.629,197.952,171.427,0.592,-1,-1,-1
186,-1,1015.057,188.470,184.222,131.903,0.587,-1,-1,-1
186,-1,44.370,318.093,536.548,341.448,0.881,-1,-1,-1
186,-1,1284.921,195.299,216.664,169.085,0.934,-1,-1,-1
186,-1,1243.500,141.123,124.639,107.094,0.513,-1,-1,-1
187,-1,1439.004,162.539,191.896,170.615,0.648,-1,-1,-1
187,-1,30.970,323.205,488.867,342.032,0.942,-1,-1,-1
187,-1,1289.518,194.482,212.697,166.511,0.937,-1,-1,-1
188,-1,1015.213,188.328,183.448,134.257,0.674,-1,-1,-1
188,-1,20.476,327.634,442.240,341.666,0.956,-1,-1,-1
188,-1,378.816,554.504,1255.097,518.303,0.508,-1,-1,-1
188,-1,1291.991,194.662,210.524,162.900,0.768,-1,-1,-1
188,-1,1242.995,140.542,122.297,107.533,0.565,-1,-1,-1
189,-1,14.568,334.061,419.966,340.021,0.939,-1,-1,-1
189,-1,520.380,526.327,1160.481,543.403,0.788,-1,-1,-1
189,-1,1298.925,194.697,206.730,160.629,0.897,-1,-1,-1
190,-1,12.765,322.033,557.175,357.987,0.561,-1,-1,-1
190,-1,1303.003,194.263,199.760,157.516,0.862,-1,-1,-1
190,-1,646.701,511.041,1072.556,557.190,0.799,-1,-1,-1
190,-1,1245.723,139.765,119.759,106.134,0.670,-1,-1,-1
191,-1,1307.464,193.803,196.958,154.746,0.581,-1,-1,-1
191,-1,755.052,475.168,993.431,589.920,0.810,-1,-1,-1
191,-1,1246.982,140.300,117.788,104.567,0.675,-1,-1,-1
192,-1,6.399,304.171,570.503,387.528,0.574,-1,-1,-1
192,-1,1309.420,193.301,200.334,153.513,0.578,-1,-1,-1
192,-1,843.741,447.291,931.796,616.806,0.955,-1,-1,-1
192,-1,1246.640,139.911,116.919,103.198,0.535,-1,-1,-1
193,-1,5.206,281.310,563.457,417.879,0.561,-1,-1,-1
193,-1,1313.045,195.401,199.412,152.178,0.809,-1,-1,-1
193,-1,930.882,410.620,864.056,649.264,0.965,-1,-1,-1
193,-1,1246.414,141.539,116.856,102.401,0.567,-1,-1,-1
194,-1,5.433,301.085,559.147,405.271,0.640,-1,-1,-1
194,-1,995.523,400.833,804.442,656.430,0.977,-1,-1,-1
194,-1,1247.081,142.305,117.183,100.947,0.574,-1,-1,-1
195,-1,1006.945,190.235,184.544,135.040,0.543,-1,-1,-1
195,-1,5.885,315.680,550.106,397.553,0.545,-1,-1,-1
195,-1,1033.468,376.994,777.978,676.805,0.956,-1,-1,-1
195,-1,1247.455,142.133,117.858,100.121,0.560,-1,-1,-1
196,-1,1004.283,190.436,185.202,136.279,0.682,-1,-1,-1
196,-1,6.789,347.736,539.062,366.292,0.808,-1,-1,-1
196,-1,1101.009,360.707,683.141,690.316,0.984,-1,-1,-1
197,-1,1001.541,189.837,185.433,137.299,0.716,-1,-1,-1
197,-1,6.307,335.241,539.329,386.998,0.535,-1,-1,-1
197,-1,1142.577,340.365,644.974,695.939,0.989,-1,-1,-1
198,-1,1172.649,319.310,613.145,688.309,0.990,-1,-1,-1
199,-1,1198.484,302.406,597.096,665.748,0.993,-1,-1,-1
199,-1,994.993,194.173,187.727,136.198,0.642,-1,-1,-1
200,-1,1206.572,274.023,597.455,662.924,0.991,-1,-1,-1
200,-1,993.956,193.410,184.266,137.541,0.551,-1,-1,-1
201,-1,1213.615,256.515,588.636,653.298,0.995,-1,-1,-1
201,-1,996.726,194.204,181.308,138.196,0.510,-1,-1,-1
202,-1,1216.835,239.229,586.133,660.586,0.995,-1,-1,-1
203,-1,1215.709,231.569,583.672,650.911,0.996,-1,-1,-1
204,-1,1222.789,221.044,575.216,641.789,0.997,-1,-1,-1
205,-1,1227.659,209.596,568.481,629.109,0.997,-1,-1,-1
206,-1,1233.283,202.827,556.386,618.857,0.998,-1,-1,-1
207,-1,1235.619,187.673,553.712,613.932,0.998,-1,-1,-1
208,-1,1239.817,181.794,543.757,605.732,0.998,-1,-1,-1
209,-1,1247.330,173.689,530.441,596.815,0.997,-1,-1,-1
210,-1,1250.139,163.893,519.342,583.247,0.997,-1,-1,-1
211,-1,1247.551,157.074,517.099,561.345,0.994,-1,-1,-1
211,-1,55.085,278.634,431.972,343.765,0.578,-1,-1,-1
212,-1,1252.220,150.794,497.823,542.691,0.994,-1,-1,-1
212,-1,34.473,278.057,444.993,350.937,0.640,-1,-1,-1
213,-1,1253.434,148.480,486.753,519.836,0.991,-1,-1,-1
213,-1,20.130,278.988,452.147,355.601,0.503,-1,-1,-1
214,-1,23.270,279.714,442.548,356.064,0.761,-1,-1,-1
214,-1,1253.235,133.042,480.831,516.618,0.982,-1,-1,-1
215,-1,21.751,280.133,435.237,358.794,0.837,-1,-1,-1
215,-1,1250.769,127.031,472.237,518.069,0.969,-1,-1,-1
216,-1,966.401,182.954,215.163,168.099,0.640,-1,-1,-1
216,-1,23.039,281.438,430.525,357.758,0.833,-1,-1,-1
216,-1,1248.761,120.111,466.056,507.844,0.984,-1,-1,-1
217,-1,961.956,181.170,218.161,171.246,0.695,-1,-1,-1
217,-1,18.529,283.281,432.277,361.009,0.851,-1,-1,-1
217,-1,1247.506,119.578,454.050,479.439,0.982,-1,-1,-1
218,-1,959.212,180.621,219.274,173.771,0.900,-1,-1,-1
218,-1,18.910,284.011,426.551,363.438,0.873,-1,-1,-1
218,-1,1242.736,107.137,448.249,475.589,0.966,-1,-1,-1
219,-1,955.592,179.859,221.434,174.718,0.651,-1,-1,-1
219,-1,15.695,285.397,421.706,364.350,0.923,-1,-1,-1
219,-1,1249.313,101.454,432.321,470.999,0.974,-1,-1,-1
220,-1,12.696,285.969,420.226,369.691,0.902,-1,-1,-1
220,-1,1247.342,99.921,428.589,457.076,0.979,-1,-1,-1
221,-1,945.990,182.228,225.894,177.255,0.565,-1,-1,-1
221,-1,8.973,288.286,419.679,374.474,0.858,-1,-1,-1
221,-1,1246.763,98.935,420.878,449.049,0.986,-1,-1,-1
222,-1,941.750,181.676,227.782,180.676,0.910,-1,-1,-1
222,-1,8.143,288.534,416.173,379.205,0.848,-1,-1,-1
222,-1,1247.064,99.174,410.150,432.547,0.982,-1,-1,-1
223,-1,5.194,292.064,412.599,379.172,0.917,-1,-1,-1
223,-1,1249.481,99.337,400.255,426.446,0.988,-1,-1,-1
224,-1,3.908,294.640,411.671,377.265,0.876,-1,-1,-1
224,-1,1248.277,100.720,396.191,421.848,0.983,-1,-1,-1
225,-1,5.394,296.152,407.306,382.798,0.764,-1,-1,-1
225,-1,1249.131,100.904,389.900,417.072,0.989,-1,-1,-1
226,-1,4.147,299.653,405.217,382.598,0.776,-1,-1,-1
226,-1,1248.751,98.577,381.033,406.362,0.989,-1,-1,-1
227,-1,4.237,300.452,398.466,384.689,0.886,-1,-1,-1
227,-1,1251.864,99.147,371.833,398.552,0.987,-1,-1,-1
228,-1,4.248,301.183,393.268,387.548,0.859,-1,-1,-1
228,-1,1250.880,99.779,368.011,389.222,0.991,-1,-1,-1
229,-1,4.061,305.941,384.856,386.982,0.862,-1,-1,-1
229,-1,1249.685,99.366,363.430,377.885,0.990,-1,-1,-1
230,-1,4.200,308.443,383.323,388.952,0.788,-1,-1,-1
230,-1,1253.765,98.473,353.938,375.967,0.990,-1,-1,-1
231,-1,4.177,310.763,377.380,389.977,0.911,-1,-1,-1
231,-1,1254.113,99.748,350.908,373.322,0.991,-1,-1,-1
232,-1,4.423,313.499,372.697,393.123,0.863,-1,-1,-1
232,-1,1256.933,100.648,343.945,368.733,0.993,-1,-1,-1
233,-1,4.555,316.633,369.772,394.745,0.852,-1,-1,-1
233,-1,1255.217,100.184,338.969,360.869,0.991,-1,-1,-1
234,-1,5.141,316.726,365.268,404.489,0.876,-1,-1,-1
234,-1,1255.193,99.093,327.744,351.264,0.986,-1,-1,-1
235,-1,4.758,316.488,363.188,405.146,0.910,-1,-1,-1
235,-1,1256.963,99.675,321.766,345.167,0.989,-1,-1,-1
236,-1,4.779,317.517,359.828,412.488,0.899,-1,-1,-1
236,-1,1256.483,97.442,317.105,342.550,0.991,-1,-1,-1
237,-1,4.946,317.986,357.068,413.852,0.882,-1,-1,-1
237,-1,1257.320,97.959,311.428,334.757,0.992,-1,-1,-1
238,-1,4.856,319.680,351.897,415.875,0.843,-1,-1,-1
238,-1,1258.575,99.574,306.511,328.569,0.991,-1,-1,-1
239,-1,4.963,321.387,347.509,419.225,0.750,-1,-1,-1
239,-1,1260.440,97.777,300.589,326.434,0.985,-1,-1,-1
240,-1,5.060,328.958,344.719,414.966,0.793,-1,-1,-1
240,-1,850.063,206.926,278.246,218.195,0.635,-1,-1,-1
240,-1,1256.909,96.243,301.725,325.841,0.986,-1,-1,-1
241,-1,5.084,327.744,342.403,422.634,0.834,-1,-1,-1
241,-1,845.991,208.992,280.026,218.108,0.544,-1,-1,-1
241,-1,1259.707,97.683,293.189,318.166,0.983,-1,-1,-1
242,-1,5.004,328.536,337.010,426.362,0.810,-1,-1,-1
242,-1,840.998,210.658,283.753,223.541,0.599,-1,-1,-1
242,-1,1255.198,93.492,292.501,315.803,0.987,-1,-1,-1
243,-1,4.994,332.247,334.041,426.117,0.854,-1,-1,-1
243,-1,836.440,210.668,287.893,225.912,0.596,-1,-1,-1
243,-1,1251.212,92.433,293.367,313.207,0.988,-1,-1,-1
244,-1,5.043,338.389,331.272,425.886,0.803,-1,-1,-1
244,-1,825.933,211.808,298.392,229.479,0.826,-1,-1,-1
244,-1,1253.578,91.859,287.070,309.943,0.986,-1,-1,-1
245,-1,5.008,339.429,327.190,429.580,0.813,-1,-1,-1
245,-1,824.194,212.660,298.352,234.128,0.869,-1,-1,-1
245,-1,1251.457,91.352,284.915,303.666,0.987,-1,-1,-1
246,-1,5.114,335.944,325.923,436.947,0.798,-1,-1,-1
246,-1,816.210,211.759,307.298,239.299,0.799,-1,-1,-1
246,-1,1251.880,92.842,280.451,300.876,0.989,-1,-1,-1
247,-1,5.022,339.669,322.595,435.057,0.821,-1,-1,-1
247,-1,814.241,215.601,304.549,239.298,0.842,-1,-1,-1
247,-1,1253.684,92.684,276.309,294.661,0.989,-1,-1,-1
248,-1,4.924,339.664,319.494,439.826,0.748,-1,-1,-1
248,-1,807.861,215.076,308.817,244.581,0.957,-1,-1,-1
248,-1,1254.399,93.554,270.423,289.524,0.988,-1,-1,-1
249,-1,5.000,344.426,319.582,439.141,0.723,-1,-1,-1
249,-1,802.919,216.763,311.915,248.759,0.969,-1,-1,-1
249,-1,1252.525,93.426,269.179,285.269,0.992,-1,-1,-1
250,-1,4.832,348.493,316.812,440.114,0.663,-1,-1,-1
250,-1,797.144,216.235,318.548,254.814,0.978,-1,-1,-1
250,-1,1254.685,94.593,263.670,282.020,0.994,-1,-1,-1
251,-1,4.589,348.816,311.065,445.197,0.552,-1,-1,-1
251,-1,790.680,217.265,319.884,259.851,0.989,-1,-1,-1
251,-1,1252.728,93.080,265.052,279.863,0.992,-1,-1,-1
252,-1,4.412,356.315,308.084,441.185,0.559,-1,-1,-1
252,-1,785.377,220.071,321.083,263.527,0.982,-1,-1,-1
252,-1,1250.231,93.470,264.911,276.229,0.994,-1,-1,-1
253,-1,4.295,354.001,305.257,446.949,0.614,-1,-1,-1
253,-1,777.404,223.973,331.001,264.109,0.973,-1,-1,-1
253,-1,1251.824,95.090,260.388,270.041,0.994,-1,-1,-1
254,-1,771.302,224.019,334.208,270.070,0.985,-1,-1,-1
254,-1,1251.259,95.184,256.890,265.262,0.994,-1,-1,-1
255,-1,763.647,226.141,339.211,272.098,0.974,-1,-1,-1
255,-1,1251.499,95.596,251.122,259.938,0.994,-1,-1,-1
256,-1,4.236,358.626,297.039,461.815,0.541,-1,-1,-1
256,-1,753.684,227.889,346.750,276.887,0.988,-1,-1,-1
256,-1,1251.968,95.773,245.742,258.094,0.993,-1,-1,-1
257,-1,744.700,234.116,350.999,277.788,0.986,-1,-1,-1
257,-1,1252.549,96.240,238.996,254.727,0.994,-1,-1,-1
258,-1,4.007,360.515,292.802,464.163,0.533,-1,-1,-1
258,-1,737.561,238.528,354.531,284.631,0.992,-1,-1,-1
258,-1,1252.653,96.112,241.266,251.446,0.994,-1,-1,-1
259,-1,727.458,236.804,361.435,291.148,0.991,-1,-1,-1
259,-1,1252.947,95.665,237.096,247.884,0.993,-1,-1,-1
260,-1,717.415,242.161,373.451,294.230,0.995,-1,-1,-1
260,-1,1251.525,96.730,230.870,246.397,0.992,-1,-1,-1
261,-1,709.138,246.401,376.516,296.116,0.995,-1,-1,-1
261,-1,1253.048,100.698,223.324,240.156,0.992,-1,-1,-1
262,-1,701.903,248.839,380.332,298.341,0.994,-1,-1,-1
262,-1,1253.550,102.554,220.679,235.446,0.992,-1,-1,-1
263,-1,696.749,249.457,385.062,305.996,0.992,-1,-1,-1
263,-1,1252.147,102.990,218.503,232.351,0.992,-1,-1,-1
264,-1,682.452,249.397,397.318,314.757,0.994,-1,-1,-1
264,-1,1253.080,103.655,217.080,228.940,0.992,-1,-1,-1
265,-1,673.133,254.748,403.479,317.594,0.996,-1,-1,-1
265,-1,1251.882,104.147,213.818,226.390,0.990,-1,-1,-1
266,-1,665.984,256.019,405.678,325.497,0.995,-1,-1,-1
266,-1,1250.888,104.674,211.009,225.069,0.989,-1,-1,-1
267,-1,1030.868,201.001,215.310,171.331,0.572,-1,-1,-1
267,-1,657.868,256.420,411.321,330.904,0.995,-1,-1,-1
267,-1,1251.788,104.836,208.684,223.723,0.981,-1,-1,-1
268,-1,649.493,265.530,419.286,331.689,0.996,-1,-1,-1
268,-1,1252.859,107.952,203.911,220.740,0.975,-1,-1,-1
269,-1,638.034,272.493,427.835,336.508,0.997,-1,-1,-1
269,-1,1030.064,197.744,253.886,172.716,0.695,-1,-1,-1
269,-1,1248.535,109.840,206.545,219.797,0.939,-1,-1,-1
270,-1,628.935,274.929,433.533,348.708,0.998,-1,-1,-1
270,-1,1051.737,197.204,253.811,169.607,0.869,-1,-1,-1
270,-1,1255.611,112.296,198.722,214.274,0.890,-1,-1,-1
271,-1,617.299,279.779,440.665,357.085,0.998,-1,-1,-1
271,-1,1064.913,198.999,269.734,166.218,0.929,-1,-1,-1
271,-1,1259.924,114.262,188.522,208.959,0.867,-1,-1,-1
272,-1,1085.845,199.089,279.612,165.938,0.973,-1,-1,-1
272,-1,605.638,286.994,450.814,362.322,0.998,-1,-1,-1
272,-1,1259.080,114.521,189.517,208.363,0.762,-1,-1,-1
273,-1,1101.742,200.721,295.744,165.128,0.972,-1,-1,-1
273,-1,595.004,290.028,459.710,373.420,0.999,-1,-1,-1
274,-1,1122.656,200.318,301.164,165.726,0.967,-1,-1,-1
274,-1,582.954,292.111,466.961,390.768,0.998,-1,-1,-1
275,-1,1147.168,199.916,308.300,166.762,0.937,-1,-1,-1
275,-1,1011.262,202.063,164.461,128.889,0.607,-1,-1,-1
275,-1,573.564,307.783,471.087,388.236,0.998,-1,-1,-1
276,-1,1011.719,203.132,161.222,127.497,0.509,-1,-1,-1
276,-1,562.874,314.262,477.071,401.036,0.998,-1,-1,-1
276,-1,1168.228,201.896,317.989,167.142,0.986,-1,-1,-1
277,-1,1009.808,202.420,160.874,127.528,0.570,-1,-1,-1
277,-1,549.042,316.379,498.923,416.579,0.998,-1,-1,-1
277,-1,1197.114,202.052,328.388,165.659,0.973,-1,-1,-1
278,-1,537.405,325.949,501.668,425.289,0.997,-1,-1,-1
278,-1,1224.575,203.206,333.198,167.040,0.953,-1,-1,-1
279,-1,1006.501,203.842,158.138,127.764,0.778,-1,-1,-1
279,-1,525.482,338.595,510.760,429.498,0.997,-1,-1,-1
279,-1,1248.545,200.514,345.459,171.155,0.985,-1,-1,-1
280,-1,1005.366,204.300,158.199,128.177,0.940,-1,-1,-1
280,-1,517.431,356.753,512.056,431.421,0.997,-1,-1,-1
280,-1,1266.073,201.743,364.727,171.831,0.973,-1,-1,-1
281,-1,1003.550,207.668,157.675,126.527,0.744,-1,-1,-1
281,-1,508.838,367.644,514.040,443.696,0.997,-1,-1,-1
281,-1,1298.345,203.650,370.055,171.138,0.946,-1,-1,-1
282,-1,999.000,206.622,159.760,128.638,0.887,-1,-1,-1
282,-1,496.656,375.673,524.850,461.130,0.996,-1,-1,-1
282,-1,1322.471,201.036,378.571,172.521,0.977,-1,-1,-1
283,-1,997.148,206.173,159.537,130.543,0.865,-1,-1,-1
283,-1,1253.141,126.372,177.554,188.137,0.849,-1,-1,-1
283,-1,485.994,381.065,529.088,477.508,0.995,-1,-1,-1
283,-1,1357.603,200.111,373.661,175.312,0.984,-1,-1,-1
284,-1,993.708,205.954,160.972,131.325,0.857,-1,-1,-1
284,-1,1250.476,123.470,180.182,192.000,0.896,-1,-1,-1
284,-1,471.459,399.745,539.370,476.974,0.995,-1,-1,-1
284,-1,1374.206,200.185,386.438,176.873,0.969,-1,-1,-1
285,-1,990.467,205.489,162.216,131.682,0.843,-1,-1,-1
285,-1,1251.936,123.700,182.176,190.110,0.948,-1,-1,-1
285,-1,454.658,406.263,547.667,486.169,0.993,-1,-1,-1
285,-1,1402.067,200.378,389.311,177.898,0.974,-1,-1,-1
286,-1,985.258,206.238,166.232,132.532,0.786,-1,-1,-1
286,-1,1251.225,125.693,180.733,186.517,0.956,-1,-1,-1
286,-1,428.514,414.464,564.681,501.439,0.994,-1,-1,-1
286,-1,1425.523,200.396,391.601,177.147,0.986,-1,-1,-1
287,-1,982.458,205.528,165.356,133.354,0.895,-1,-1,-1
287,-1,1250.410,124.964,180.741,185.739,0.971,-1,-1,-1
287,-1,414.588,430.013,567.702,509.809,0.995,-1,-1,-1
287,-1,1446.247,199.593,391.909,178.434,0.980,-1,-1,-1
288,-1,980.153,205.712,165.798,134.001,0.867,-1,-1,-1
288,-1,1249.257,123.048,178.758,187.389,0.976,-1,-1,-1
288,-1,396.739,440.994,574.462,524.975,0.995,-1,-1,-1
288,-1,1464.809,198.454,386.570,180.043,0.963,-1,-1,-1
289,-1,1479.118,199.109,408.277,180.740,0.977,-1,-1,-1
289,-1,976.653,205.948,166.688,134.300,0.878,-1,-1,-1
289,-1,1250.447,124.175,172.996,185.098,0.985,-1,-1,-1
289,-1,370.277,464.549,584.607,537.448,0.996,-1,-1,-1
290,-1,1492.549,197.690,413.794,181.518,0.977,-1,-1,-1
290,-1,971.048,205.462,172.370,136.130,0.904,-1,-1,-1
290,-1,1248.340,125.058,172.425,182.161,0.985,-1,-1,-1
290,-1,344.123,474.398,603.831,552.374,0.993,-1,-1,-1
291,-1,1510.634,199.008,404.633,179.991,0.973,-1,-1,-1
291,-1,967.988,204.938,174.288,137.219,0.904,-1,-1,-1
291,-1,1246.709,123.739,174.123,182.917,0.986,-1,-1,-1
291,-1,307.458,498.518,614.487,558.232,0.993,-1,-1,-1
292,-1,659.346,308.841,368.256,284.024,0.600,-1,-1,-1
292,-1,1524.575,199.115,391.844,180.888,0.977,-1,-1,-1
292,-1,966.701,206.017,174.472,136.941,0.891,-1,-1,-1
292,-1,1244.983,124.228,174.166,181.249,0.988,-1,-1,-1
292,-1,271.539,512.228,641.753,555.621,0.989,-1,-1,-1
293,-1,644.891,313.504,377.157,285.662,0.692,-1,-1,-1
293,-1,1536.505,198.707,379.974,180.272,0.969,-1,-1,-1
293,-1,961.900,206.674,176.711,137.829,0.917,-1,-1,-1
293,-1,1243.258,125.229,172.821,179.148,0.989,-1,-1,-1
293,-1,226.949,521.990,668.095,551.221,0.974,-1,-1,-1
294,-1,634.236,317.786,384.804,293.564,0.844,-1,-1,-1
294,-1,1547.016,199.704,369.286,179.538,0.966,-1,-1,-1
294,-1,957.356,205.437,179.117,139.672,0.982,-1,-1,-1
294,-1,182.860,538.078,698.647,535.239,0.986,-1,-1,-1
294,-1,1241.780,125.722,170.414,177.782,0.987,-1,-1,-1
295,-1,620.771,320.441,393.187,302.426,0.941,-1,-1,-1
295,-1,1559.406,200.566,357.270,179.117,0.960,-1,-1,-1
295,-1,954.508,207.052,179.779,139.550,0.954,-1,-1,-1
295,-1,146.623,553.835,711.747,520.483,0.982,-1,-1,-1
295,-1,1241.011,127.047,169.214,176.064,0.989,-1,-1,-1
296,-1,1569.584,200.722,347.282,178.831,0.978,-1,-1,-1
296,-1,949.882,207.525,183.550,141.459,0.957,-1,-1,-1
296,-1,1237.717,127.529,170.937,175.779,0.984,-1,-1,-1
296,-1,606.468,322.536,403.911,312.340,0.963,-1,-1,-1
296,-1,102.442,562.526,736.605,513.881,0.980,-1,-1,-1
297,-1,57.834,581.300,755.798,496.884,0.747,-1,-1,-1
297,-1,1584.905,201.180,332.414,179.611,0.973,-1,-1,-1
297,-1,947.520,208.082,183.756,141.500,0.975,-1,-1,-1
297,-1,1238.238,128.804,167.298,172.482,0.986,-1,-1,-1
297,-1,597.023,327.502,407.839,315.631,0.972,-1,-1,-1
297,-1,49.198,579.448,763.469,499.051,0.795,-1,-1,-1
298,-1,21.077,593.859,773.759,487.441,0.698,-1,-1,-1
298,-1,1597.501,201.780,320.288,176.436,0.965,-1,-1,-1
298,-1,944.687,206.825,186.353,143.601,0.957,-1,-1,-1
298,-1,1237.814,129.986,164.112,170.274,0.988,-1,-1,-1
298,-1,585.212,331.124,416.182,326.455,0.979,-1,-1,-1
299,-1,1610.505,201.524,307.617,177.941,0.939,-1,-1,-1
299,-1,944.129,207.025,185.173,145.594,0.978,-1,-1,-1
299,-1,1239.149,130.481,159.030,168.969,0.988,-1,-1,-1
299,-1,577.639,336.054,417.099,327.025,0.980,-1,-1,-1
300,-1,1622.640,200.162,295.605,178.933,0.891,-1,-1,-1
300,-1,941.386,207.110,186.428,145.943,0.977,-1,-1,-1
300,-1,1239.136,132.431,154.878,166.292,0.989,-1,-1,-1
300,-1,567.117,342.676,424.186,336.445,0.980,-1,-1,-1
301,-1,1633.976,199.898,284.491,179.988,0.865,-1,-1,-1
301,-1,938.515,208.964,187.466,145.594,0.922,-1,-1,-1
301,-1,1238.452,131.639,155.949,167.553,0.989,-1,-1,-1
301,-1,558.173,353.699,427.642,338.746,0.991,-1,-1,-1
302,-1,1642.808,201.009,275.798,178.528,0.828,-1,-1,-1
302,-1,936.134,210.051,188.250,145.348,0.923,-1,-1,-1
302,-1,1237.549,132.207,155.729,166.469,0.987,-1,-1,-1
302,-1,546.637,362.584,435.070,345.428,0.991,-1,-1,-1
303,-1,1653.881,196.722,264.819,182.447,0.811,-1,-1,-1
303,-1,934.887,210.540,186.706,145.920,0.976,-1,-1,-1
303,-1,1238.820,133.464,152.935,165.844,0.987,-1,-1,-1
303,-1,538.028,368.587,436.836,352.975,0.992,-1,-1,-1
304,-1,1663.498,193.143,255.241,184.785,0.701,-1,-1,-1
304,-1,932.414,212.254,189.032,145.847,0.918,-1,-1,-1
304,-1,1238.608,134.291,154.049,165.287,0.988,-1,-1,-1
304,-1,526.142,379.808,442.969,355.698,0.995,-1,-1,-1
305,-1,1387.936,144.254,119.626,112.974,0.554,-1,-1,-1
305,-1,929.612,213.389,189.199,146.374,0.872,-1,-1,-1
305,-1,1239.821,135.229,153.084,163.221,0.987,-1,-1,-1
305,-1,518.889,385.823,446.318,366.834,0.995,-1,-1,-1
306,-1,1692.295,201.294,226.683,177.222,0.550,-1,-1,-1
306,-1,1386.184,144.393,121.905,114.571,0.521,-1,-1,-1
306,-1,923.807,211.403,193.917,149.057,0.883,-1,-1,-1
306,-1,1238.739,135.596,154.439,162.157,0.988,-1,-1,-1
306,-1,247.104,311.435,377.560,286.283,0.558,-1,-1,-1
306,-1,507.137,395.385,453.152,366.420,0.994,-1,-1,-1
307,-1,918.552,211.491,197.480,151.006,0.840,-1,-1,-1
307,-1,1239.121,134.126,153.293,161.043,0.990,-1,-1,-1
307,-1,494.715,400.871,460.977,373.557,0.995,-1,-1,-1
308,-1,1726.981,203.256,191.986,176.411,0.525,-1,-1,-1
308,-1,915.322,212.331,201.703,151.301,0.905,-1,-1,-1
308,-1,1239.107,134.774,153.518,159.209,0.987,-1,-1,-1
308,-1,205.088,317.475,390.454,293.799,0.801,-1,-1,-1
308,-1,480.574,409.361,467.447,379.973,0.993,-1,-1,-1
309,-1,1524.138,180.563,273.708,137.947,0.548,-1,-1,-1
309,-1,1240.099,135.474,154.327,159.018,0.991,-1,-1,-1
309,-1,188.165,322.153,399.509,296.481,0.768,-1,-1,-1
309,-1,472.209,422.517,472.340,383.583,0.995,-1,-1,-1
310,-1,1242.139,136.847,152.065,157.435,0.986,-1,-1,-1
310,-1,172.800,326.480,401.805,303.712,0.881,-1,-1,-1
310,-1,908.032,212.634,209.745,156.873,0.557,-1,-1,-1
310,-1,458.984,432.252,478.037,391.049,0.995,-1,-1,-1
310,-1,1496.938,179.449,296.222,137.152,0.925,-1,-1,-1
311,-1,1240.270,138.721,153.800,156.658,0.982,-1,-1,-1
311,-1,155.307,328.160,413.431,312.324,0.891,-1,-1,-1
311,-1,907.240,211.628,208.269,161.508,0.903,-1,-1,-1
311,-1,449.749,439.024,479.945,400.669,0.994,-1,-1,-1
311,-1,1468.458,178.499,319.404,139.103,0.979,-1,-1,-1
312,-1,1241.919,139.514,151.729,155.105,0.981,-1,-1,-1
312,-1,136.868,333.819,412.718,313.975,0.933,-1,-1,-1
312,-1,906.783,214.886,208.232,159.433,0.842,-1,-1,-1
312,-1,439.538,448.033,485.862,405.342,0.996,-1,-1,-1
312,-1,1438.724,182.177,319.184,135.509,0.977,-1,-1,-1
313,-1,1244.779,138.346,148.774,155.181,0.982,-1,-1,-1
313,-1,125.315,335.256,416.306,320.300,0.901,-1,-1,-1
313,-1,905.972,215.086,207.114,159.740,0.834,-1,-1,-1
313,-1,426.521,458.522,493.873,409.016,0.996,-1,-1,-1
313,-1,1417.283,182.180,310.405,134.798,0.960,-1,-1,-1
314,-1,1245.197,139.425,149.390,153.207,0.975,-1,-1,-1
314,-1,109.389,340.675,421.136,322.017,0.953,-1,-1,-1
314,-1,903.826,216.874,210.218,159.282,0.660,-1,-1,-1
314,-1,413.992,467.634,500.062,410.729,0.996,-1,-1,-1
314,-1,1384.494,180.254,311.597,136.720,0.959,-1,-1,-1
315,-1,1245.090,139.423,149.304,151.037,0.956,-1,-1,-1
315,-1,94.860,342.452,421.193,327.003,0.963,-1,-1,-1
315,-1,901.221,216.543,213.443,162.111,0.568,-1,-1,-1
315,-1,401.248,476.937,505.117,412.652,0.997,-1,-1,-1
315,-1,1359.851,179.681,305.412,137.797,0.928,-1,-1,-1
316,-1,1245.096,139.620,149.519,148.128,0.887,-1,-1,-1
316,-1,81.407,346.943,421.059,334.464,0.977,-1,-1,-1
316,-1,896.542,217.634,218.661,162.389,0.631,-1,-1,-1
316,-1,389.429,485.657,508.474,415.701,0.998,-1,-1,-1
316,-1,1319.376,179.604,312.331,138.437,0.904,-1,-1,-1
317,-1,64.926,355.944,426.688,336.321,0.969,-1,-1,-1
317,-1,895.423,218.878,221.125,165.898,0.803,-1,-1,-1
317,-1,375.002,495.961,515.621,421.804,0.997,-1,-1,-1
317,-1,1288.264,182.501,308.657,138.647,0.921,-1,-1,-1
318,-1,894.556,219.408,225.633,167.547,0.775,-1,-1,-1
318,-1,48.501,363.187,429.962,339.605,0.969,-1,-1,-1
318,-1,361.304,503.113,521.746,428.761,0.997,-1,-1,-1
318,-1,1260.442,180.852,315.144,142.437,0.863,-1,-1,-1
319,-1,892.892,220.969,228.386,169.006,0.506,-1,-1,-1
319,-1,37.931,365.779,424.116,349.170,0.976,-1,-1,-1
319,-1,349.444,514.747,525.172,428.618,0.997,-1,-1,-1
319,-1,1238.746,180.926,305.463,142.447,0.956,-1,-1,-1
320,-1,24.549,374.803,426.091,354.014,0.965,-1,-1,-1
320,-1,334.995,523.006,532.036,433.440,0.996,-1,-1,-1
320,-1,1210.498,184.585,308.275,139.331,0.967,-1,-1,-1
321,-1,14.309,381.410,427.569,352.794,0.950,-1,-1,-1
321,-1,323.963,531.075,534.058,440.788,0.997,-1,-1,-1
321,-1,1188.399,185.408,301.065,139.639,0.975,-1,-1,-1
322,-1,8.588,388.677,422.428,355.473,0.918,-1,-1,-1
322,-1,309.219,542.452,544.051,448.189,0.998,-1,-1,-1
322,-1,1165.328,185.112,294.799,140.326,0.954,-1,-1,-1
323,-1,1150.714,186.081,291.028,141.612,0.947,-1,-1,-1
323,-1,4.150,394.734,415.750,359.344,0.899,-1,-1,-1
323,-1,290.667,550.909,555.358,457.229,0.997,-1,-1,-1
324,-1,1133.298,189.199,282.919,141.401,0.939,-1,-1,-1
324,-1,4.245,404.204,407.193,362.712,0.804,-1,-1,-1
324,-1,886.076,225.310,232.276,178.370,0.571,-1,-1,-1
324,-1,277.634,562.743,562.520,464.857,0.997,-1,-1,-1
325,-1,1123.511,186.342,267.937,144.700,0.887,-1,-1,-1
325,-1,4.287,412.621,403.176,365.613,0.534,-1,-1,-1
325,-1,883.486,228.180,232.402,181.455,0.899,-1,-1,-1
325,-1,261.571,570.384,566.240,464.715,0.997,-1,-1,-1
326,-1,1106.479,190.475,263.886,141.760,0.864,-1,-1,-1
326,-1,244.169,577.352,578.128,468.390,0.997,-1,-1,-1
327,-1,230.641,586.164,589.123,471.371,0.997,-1,-1,-1
327,-1,1094.667,192.492,241.149,140.106,0.655,-1,-1,-1
328,-1,1385.168,146.610,120.524,109.740,0.633,-1,-1,-1
328,-1,216.955,590.942,600.545,470.867,0.998,-1,-1,-1
328,-1,1257.207,145.901,130.465,139.909,0.871,-1,-1,-1
328,-1,875.259,230.823,245.227,188.400,0.566,-1,-1,-1
328,-1,1089.905,190.518,227.957,142.820,0.549,-1,-1,-1
329,-1,1385.096,145.177,120.669,109.755,0.518,-1,-1,-1
329,-1,197.543,597.522,615.295,471.382,0.998,-1,-1,-1
329,-1,1258.635,142.159,130.344,141.941,0.919,-1,-1,-1
329,-1,873.027,232.324,242.827,191.332,0.934,-1,-1,-1
330,-1,1384.220,144.797,120.673,109.681,0.585,-1,-1,-1
330,-1,187.000,601.193,622.228,468.579,0.996,-1,-1,-1
330,-1,1256.354,140.920,131.321,141.073,0.966,-1,-1,-1
330,-1,867.485,233.844,247.628,194.075,0.971,-1,-1,-1
331,-1,1385.522,145.809,120.041,110.338,0.803,-1,-1,-1
331,-1,177.287,602.093,628.448,446.057,0.994,-1,-1,-1
331,-1,1257.548,140.907,129.895,139.948,0.980,-1,-1,-1
331,-1,865.303,237.307,250.752,194.724,0.971,-1,-1,-1
332,-1,1384.567,146.622,121.083,110.920,0.828,-1,-1,-1
332,-1,162.399,607.423,628.371,440.248,0.989,-1,-1,-1
332,-1,1255.548,141.449,131.312,138.931,0.982,-1,-1,-1
332,-1,861.761,239.259,252.176,196.078,0.976,-1,-1,-1
333,-1,1384.780,147.317,121.396,111.225,0.805,-1,-1,-1
333,-1,153.048,611.337,632.697,439.846,0.969,-1,-1,-1
333,-1,1255.881,142.739,131.127,136.995,0.985,-1,-1,-1
333,-1,857.543,242.014,257.458,198.465,0.952,-1,-1,-1
334,-1,1384.969,147.003,122.074,110.681,0.855,-1,-1,-1
334,-1,138.186,614.359,643.398,454.415,0.870,-1,-1,-1
334,-1,1255.390,141.708,132.784,136.825,0.990,-1,-1,-1
334,-1,852.447,243.509,262.403,199.948,0.843,-1,-1,-1
335,-1,1384.145,146.191,122.375,110.544,0.899,-1,-1,-1
335,-1,128.477,619.249,640.189,453.696,0.639,-1,-1,-1
335,-1,1254.428,140.135,133.460,136.966,0.991,-1,-1,-1
335,-1,845.987,243.595,268.788,202.728,0.897,-1,-1,-1
336,-1,1383.767,145.200,123.485,110.842,0.847,-1,-1,-1
336,-1,114.809,623.808,651.206,451.310,0.709,-1,-1,-1
336,-1,1253.791,138.739,133.548,136.017,0.989,-1,-1,-1
336,-1,839.731,244.752,274.425,205.721,0.906,-1,-1,-1
337,-1,1383.601,144.434,124.060,110.026,0.736,-1,-1,-1
337,-1,103.302,626.003,648.175,450.637,0.703,-1,-1,-1
337,-1,1252.781,138.179,134.360,135.942,0.989,-1,-1,-1
337,-1,837.732,244.082,276.631,208.810,0.910,-1,-1,-1
338,-1,1383.136,144.832,124.391,109.695,0.766,-1,-1,-1
338,-1,92.483,631.987,651.092,448.434,0.843,-1,-1,-1
338,-1,1252.871,137.445,133.875,136.975,0.990,-1,-1,-1
338,-1,833.844,247.347,279.765,209.549,0.967,-1,-1,-1
339,-1,1382.584,145.130,123.986,110.518,0.796,-1,-1,-1
339,-1,84.229,636.842,664.292,443.491,0.905,-1,-1,-1
339,-1,1252.596,137.044,133.111,137.250,0.988,-1,-1,-1
339,-1,827.096,247.501,284.658,213.961,0.966,-1,-1,-1
340,-1,1382.269,145.513,125.442,110.935,0.790,-1,-1,-1
340,-1,77.201,642.253,672.807,438.269,0.944,-1,-1,-1
340,-1,1252.294,137.646,133.499,136.887,0.987,-1,-1,-1
340,-1,820.057,250.426,290.709,217.344,0.962,-1,-1,-1
340,-1,770.104,641.224,1022.716,435.015,0.669,-1,-1,-1
341,-1,1382.355,145.758,124.229,111.588,0.857,-1,-1,-1
341,-1,65.708,645.806,680.818,434.771,0.949,-1,-1,-1
341,-1,1252.651,138.257,132.163,134.833,0.988,-1,-1,-1
341,-1,815.851,254.690,293.169,217.642,0.951,-1,-1,-1
341,-1,845.985,618.582,956.633,455.696,0.743,-1,-1,-1
342,-1,1382.403,145.725,124.116,110.648,0.846,-1,-1,-1
342,-1,61.815,649.091,680.587,431.608,0.955,-1,-1,-1
342,-1,1252.114,138.220,132.527,133.614,0.985,-1,-1,-1
342,-1,809.574,254.869,299.081,223.791,0.966,-1,-1,-1
342,-1,920.050,595.903,893.692,478.491,0.839,-1,-1,-1
343,-1,1381.986,146.289,124.667,109.171,0.771,-1,-1,-1
343,-1,51.792,653.800,688.752,427.516,0.966,-1,-1,-1
343,-1,1251.420,138.822,132.896,131.547,0.984,-1,-1,-1
343,-1,801.566,258.065,307.726,224.516,0.958,-1,-1,-1
343,-1,977.987,576.358,852.274,496.784,0.793,-1,-1,-1
344,-1,1032.285,555.648,799.957,516.283,0.793,-1,-1,-1
344,-1,1382.405,145.647,124.732,109.302,0.734,-1,-1,-1
344,-1,37.520,656.815,699.267,425.563,0.944,-1,-1,-1
344,-1,1251.463,138.348,132.762,131.416,0.984,-1,-1,-1
344,-1,796.046,258.781,311.031,228.161,0.978,-1,-1,-1
345,-1,1088.043,532.416,746.855,537.785,0.915,-1,-1,-1
345,-1,1382.512,145.610,124.288,109.122,0.739,-1,-1,-1
345,-1,35.395,659.721,697.893,422.871,0.954,-1,-1,-1
345,-1,1251.587,139.132,131.609,129.860,0.983,-1,-1,-1
345,-1,788.118,258.934,317.145,234.186,0.950,-1,-1,-1
346,-1,1125.044,513.409,696.516,555.526,0.942,-1,-1,-1
346,-1,1382.786,146.698,124.218,108.118,0.791,-1,-1,-1
346,-1,32.827,662.024,698.655,420.873,0.952,-1,-1,-1
346,-1,1250.808,138.857,131.781,129.748,0.982,-1,-1,-1
346,-1,781.776,261.347,320.212,237.646,0.991,-1,-1,-1
347,-1,1155.931,497.034,667.105,567.995,0.974,-1,-1,-1
347,-1,1383.403,146.625,123.945,107.565,0.762,-1,-1,-1
347,-1,30.471,664.622,698.342,418.519,0.960,-1,-1,-1
347,-1,1250.294,138.533,130.903,130.382,0.982,-1,-1,-1
347,-1,774.724,264.068,325.041,240.204,0.986,-1,-1,-1
348,-1,1178.607,480.794,640.294,567.127,0.981,-1,-1,-1
348,-1,1383.594,146.730,123.036,108.181,0.715,-1,-1,-1
348,-1,29.565,666.015,696.339,416.846,0.963,-1,-1,-1
348,-1,1251.177,138.319,129.410,130.308,0.979,-1,-1,-1
348,-1,768.724,268.017,328.186,241.433,0.986,-1,-1,-1
349,-1,1199.373,459.115,618.614,559.616,0.985,-1,-1,-1
349,-1,1384.353,146.291,122.521,109.634,0.798,-1,-1,-1
349,-1,27.739,667.384,695.110,415.673,0.949,-1,-1,-1
349,-1,1252.251,138.532,128.330,129.597,0.978,-1,-1,-1
349,-1,762.708,270.222,330.108,244.798,0.992,-1,-1,-1
350,-1,1210.698,437.862,607.329,542.918,0.987,-1,-1,-1
350,-1,1384.575,145.906,123.030,109.791,0.774,-1,-1,-1
350,-1,26.543,669.466,694.596,413.724,0.972,-1,-1,-1
350,-1,1251.878,137.604,128.855,130.262,0.976,-1,-1,-1
350,-1,755.187,272.189,335.711,248.469,0.992,-1,-1,-1
351,-1,1215.755,422.375,584.555,520.761,0.992,-1,-1,-1
351,-1,1382.357,145.687,122.529,109.668,0.638,-1,-1,-1
351,-1,25.807,670.698,695.885,412.463,0.971,-1,-1,-1
351,-1,1251.314,137.711,129.012,129.204,0.977,-1,-1,-1
351,-1,746.951,274.360,341.773,251.151,0.985,-1,-1,-1
352,-1,1222.654,398.139,575.875,519.575,0.992,-1,-1,-1
352,-1,1382.931,145.172,123.185,109.870,0.572,-1,-1,-1
352,-1,24.320,670.154,696.882,413.185,0.966,-1,-1,-1
352,-1,1251.236,137.151,128.639,129.278,0.976,-1,-1,-1
352,-1,739.933,276.405,345.582,254.353,0.989,-1,-1,-1
353,-1,1226.784,388.663,568.968,503.861,0.994,-1,-1,-1
353,-1,1383.150,145.543,122.963,109.684,0.607,-1,-1,-1
353,-1,20.164,670.964,698.299,412.722,0.963,-1,-1,-1
353,-1,1251.649,137.002,128.304,129.363,0.978,-1,-1,-1
353,-1,734.891,279.577,348.083,256.174,0.992,-1,-1,-1
354,-1,20.692,672.511,693.953,411.134,0.936,-1,-1,-1
354,-1,1228.068,377.270,559.098,501.665,0.994,-1,-1,-1
354,-1,1382.915,145.872,123.156,110.287,0.750,-1,-1,-1
354,-1,1251.556,137.200,127.788,128.696,0.981,-1,-1,-1
354,-1,728.989,282.492,350.173,256.858,0.993,-1,-1,-1
355,-1,17.460,675.256,695.884,408.813,0.935,-1,-1,-1
355,-1,1227.403,354.906,556.492,507.853,0.995,-1,-1,-1
355,-1,1382.717,146.236,123.447,110.072,0.726,-1,-1,-1
355,-1,1250.906,137.242,127.671,128.571,0.981,-1,-1,-1
355,-1,721.891,285.789,353.641,257.414,0.994,-1,-1,-1
356,-1,17.279,676.663,697.030,407.512,0.935,-1,-1,-1
356,-1,1231.398,339.123,549.459,503.047,0.995,-1,-1,-1
356,-1,1383.277,146.242,123.574,109.597,0.652,-1,-1,-1
356,-1,1250.675,137.181,127.385,128.212,0.983,-1,-1,-1
356,-1,713.845,286.864,357.926,260.947,0.993,-1,-1,-1
357,-1,15.426,676.643,696.081,407.677,0.929,-1,-1,-1
357,-1,1230.522,324.266,546.591,498.942,0.996,-1,-1,-1
357,-1,1383.256,145.609,123.781,109.956,0.684,-1,-1,-1
357,-1,1250.843,137.002,126.854,127.855,0.979,-1,-1,-1
357,-1,705.205,287.775,364.460,265.292,0.995,-1,-1,-1
358,-1,12.300,677.513,697.019,407.272,0.916,-1,-1,-1
358,-1,1229.572,309.829,542.903,486.955,0.996,-1,-1,-1
358,-1,1250.742,136.783,126.542,127.198,0.975,-1,-1,-1
358,-1,701.782,288.631,364.848,268.892,0.993,-1,-1,-1
359,-1,10.706,678.360,696.402,406.495,0.935,-1,-1,-1
359,-1,1227.113,300.305,539.745,483.198,0.998,-1,-1,-1
359,-1,1250.803,136.985,126.473,125.866,0.965,-1,-1,-1
359,-1,695.495,290.231,368.808,273.079,0.993,-1,-1,-1
360,-1,7.359,678.769,696.904,406.087,0.899,-1,-1,-1
360,-1,1225.713,292.225,533.391,472.084,0.997,-1,-1,-1
360,-1,1251.024,136.685,126.457,125.860,0.957,-1,-1,-1
360,-1,692.314,292.158,373.217,277.479,0.994,-1,-1,-1