1,-1,1226.619,457.663,304.958,222.485,0.994,-1,-1,-1
1,-1,420.594,507.585,347.053,250.601,0.999,-1,-1,-1
1,-1,1175.385,270.962,120.733,111.291,0.783,-1,-1,-1
1,-1,1009.838,410.253,206.355,167.621,0.886,-1,-1,-1
2,-1,1228.950,457.219,305.413,218.378,0.994,-1,-1,-1
2,-1,398.349,511.330,350.477,254.552,0.999,-1,-1,-1
2,-1,1174.437,271.104,121.705,111.635,0.731,-1,-1,-1
2,-1,1006.949,410.897,207.018,165.882,0.923,-1,-1,-1
3,-1,1228.527,457.398,307.722,217.181,0.994,-1,-1,-1
3,-1,375.706,516.559,356.577,258.994,0.999,-1,-1,-1
3,-1,1174.169,272.067,121.722,111.759,0.647,-1,-1,-1
3,-1,1002.610,410.183,207.310,168.418,0.954,-1,-1,-1
4,-1,1233.909,457.231,303.560,214.125,0.991,-1,-1,-1
4,-1,358.288,522.136,359.140,261.948,0.999,-1,-1,-1
4,-1,1173.466,274.240,122.991,112.214,0.668,-1,-1,-1
4,-1,999.620,413.014,209.051,167.336,0.943,-1,-1,-1
5,-1,1240.842,456.613,295.177,211.704,0.987,-1,-1,-1
5,-1,341.720,527.446,360.758,265.901,0.999,-1,-1,-1
5,-1,1175.386,275.433,120.615,110.675,0.579,-1,-1,-1
5,-1,999.270,412.488,205.681,168.301,0.962,-1,-1,-1
6,-1,1246.804,455.856,297.195,210.968,0.978,-1,-1,-1
6,-1,318.598,530.636,365.961,276.949,0.999,-1,-1,-1
6,-1,1176.084,276.099,118.240,110.538,0.563,-1,-1,-1
6,-1,996.481,413.975,206.274,167.468,0.929,-1,-1,-1
7,-1,1251.692,452.606,304.335,212.948,0.988,-1,-1,-1
7,-1,296.128,541.329,372.004,276.526,0.999,-1,-1,-1
7,-1,1174.960,276.527,119.174,111.287,0.655,-1,-1,-1
7,-1,994.255,412.892,204.613,169.937,0.956,-1,-1,-1
8,-1,1255.125,451.685,305.935,213.071,0.986,-1,-1,-1
8,-1,267.976,549.516,384.008,280.774,0.999,-1,-1,-1
8,-1,1175.084,277.682,119.733,111.873,0.658,-1,-1,-1
8,-1,988.082,413.608,207.185,170.834,0.941,-1,-1,-1
9,-1,1258.578,446.582,318.077,217.949,0.992,-1,-1,-1
9,-1,240.948,557.934,393.894,287.888,0.999,-1,-1,-1
9,-1,1176.328,278.866,119.516,112.822,0.797,-1,-1,-1
9,-1,986.220,414.085,206.368,170.057,0.948,-1,-1,-1
10,-1,1265.938,442.867,323.086,219.887,0.992,-1,-1,-1
10,-1,206.814,568.562,402.941,292.476,0.999,-1,-1,-1
10,-1,1175.596,279.411,119.850,112.904,0.723,-1,-1,-1
10,-1,981.555,413.459,207.592,173.084,0.955,-1,-1,-1
11,-1,1270.768,445.640,322.277,215.947,0.985,-1,-1,-1
11,-1,179.139,579.695,404.620,294.077,0.999,-1,-1,-1
11,-1,1175.161,281.018,118.408,113.872,0.739,-1,-1,-1
11,-1,978.062,414.074,206.912,173.986,0.973,-1,-1,-1
12,-1,1276.520,432.913,329.942,225.286,0.979,-1,-1,-1
12,-1,1173.809,281.505,119.908,115.009,0.785,-1,-1,-1
12,-1,145.655,592.730,408.373,295.848,0.998,-1,-1,-1
12,-1,973.719,414.726,208.622,174.097,0.971,-1,-1,-1
13,-1,118.802,598.229,410.614,303.061,0.998,-1,-1,-1
13,-1,1280.926,427.803,342.680,226.736,0.980,-1,-1,-1
13,-1,1173.373,282.500,121.167,114.703,0.872,-1,-1,-1
13,-1,968.295,415.139,211.142,176.260,0.973,-1,-1,-1
14,-1,1281.318,418.477,357.973,231.801,0.989,-1,-1,-1
14,-1,1172.945,281.896,121.698,115.511,0.851,-1,-1,-1
14,-1,88.178,611.430,410.333,305.242,0.998,-1,-1,-1
14,-1,964.914,415.750,210.995,176.458,0.971,-1,-1,-1
15,-1,46.536,622.206,415.124,313.089,0.998,-1,-1,-1
15,-1,1285.020,411.881,366.049,237.119,0.988,-1,-1,-1
15,-1,1172.371,283.748,122.165,116.341,0.710,-1,-1,-1
15,-1,957.748,415.589,215.044,178.284,0.957,-1,-1,-1
16,-1,1288.090,407.531,375.361,239.826,0.988,-1,-1,-1
16,-1,1173.201,285.138,120.418,115.917,0.596,-1,-1,-1
16,-1,13.179,636.978,420.284,315.853,0.991,-1,-1,-1
16,-1,956.656,416.393,213.935,177.081,0.905,-1,-1,-1
17,-1,3.924,646.290,398.397,331.867,0.984,-1,-1,-1
17,-1,1287.647,412.622,400.741,233.668,0.995,-1,-1,-1
17,-1,1174.185,286.171,119.503,116.182,0.749,-1,-1,-1
17,-1,952.781,418.066,214.232,177.951,0.940,-1,-1,-1
18,-1,4.231,655.330,370.080,338.609,0.973,-1,-1,-1
18,-1,1291.791,410.924,406.273,234.055,0.995,-1,-1,-1
18,-1,1173.075,287.567,120.049,116.579,0.806,-1,-1,-1
18,-1,949.810,417.772,213.538,179.890,0.931,-1,-1,-1
19,-1,4.315,670.254,341.387,360.999,0.940,-1,-1,-1
19,-1,1282.853,447.051,231.899,194.409,0.963,-1,-1,-1
19,-1,1439.348,407.173,279.196,218.661,0.872,-1,-1,-1
19,-1,1172.412,289.280,120.881,116.835,0.850,-1,-1,-1
19,-1,941.722,418.012,217.303,181.068,0.958,-1,-1,-1
20,-1,3.586,684.369,307.756,366.565,0.832,-1,-1,-1
20,-1,1283.959,436.868,235.170,200.685,0.915,-1,-1,-1
20,-1,1308.963,413.105,431.793,232.539,0.973,-1,-1,-1
20,-1,1170.956,289.948,121.031,117.351,0.795,-1,-1,-1
20,-1,935.342,418.517,220.857,183.154,0.947,-1,-1,-1
21,-1,2.572,697.806,274.125,370.877,0.517,-1,-1,-1
21,-1,1309.937,405.606,464.276,233.319,0.988,-1,-1,-1
21,-1,1171.311,291.397,120.467,117.610,0.722,-1,-1,-1
21,-1,930.183,418.547,223.325,184.852,0.925,-1,-1,-1
22,-1,1286.606,430.777,232.610,200.066,0.858,-1,-1,-1
22,-1,1314.146,410.877,477.586,229.997,0.955,-1,-1,-1
22,-1,923.428,418.255,226.182,188.061,0.980,-1,-1,-1
22,-1,1167.079,292.631,122.444,117.384,0.699,-1,-1,-1
23,-1,1481.760,401.251,376.379,223.919,0.890,-1,-1,-1
23,-1,1288.920,433.681,219.684,197.991,0.977,-1,-1,-1
23,-1,918.995,419.140,226.918,188.121,0.979,-1,-1,-1
23,-1,1165.954,293.865,123.385,118.460,0.695,-1,-1,-1
24,-1,1293.079,436.768,221.027,190.422,0.980,-1,-1,-1
24,-1,1500.222,398.882,383.588,216.981,0.952,-1,-1,-1
24,-1,912.497,420.476,231.992,189.225,0.959,-1,-1,-1
24,-1,1164.724,295.346,125.162,118.522,0.722,-1,-1,-1
25,-1,1297.172,435.924,219.756,192.961,0.984,-1,-1,-1
25,-1,1515.131,399.035,400.224,216.279,0.958,-1,-1,-1
25,-1,905.020,420.911,233.472,189.019,0.980,-1,-1,-1
25,-1,1163.150,296.557,125.428,118.556,0.804,-1,-1,-1
26,-1,1299.027,439.207,215.562,187.135,0.983,-1,-1,-1
26,-1,1533.217,393.696,383.881,224.154,0.817,-1,-1,-1
26,-1,902.587,422.072,230.224,187.702,0.980,-1,-1,-1
26,-1,1163.021,296.666,125.623,119.411,0.643,-1,-1,-1
27,-1,1302.189,446.212,208.858,179.537,0.977,-1,-1,-1
27,-1,1556.525,394.271,361.424,219.562,0.503,-1,-1,-1
27,-1,895.419,421.477,233.613,189.961,0.982,-1,-1,-1
27,-1,1161.665,298.392,125.358,118.983,0.803,-1,-1,-1
28,-1,1304.078,445.111,208.498,178.958,0.988,-1,-1,-1
28,-1,1591.339,394.139,327.467,228.275,0.889,-1,-1,-1
28,-1,890.988,419.966,233.988,192.252,0.989,-1,-1,-1
28,-1,1161.059,299.923,125.885,120.115,0.830,-1,-1,-1
29,-1,1307.296,445.652,206.491,176.719,0.990,-1,-1,-1
29,-1,882.583,419.810,240.582,193.568,0.981,-1,-1,-1
29,-1,1162.391,302.306,124.998,118.814,0.893,-1,-1,-1
30,-1,1306.904,444.954,206.471,176.385,0.992,-1,-1,-1
30,-1,1654.388,390.104,264.897,225.815,0.754,-1,-1,-1
30,-1,875.003,420.790,242.819,195.607,0.987,-1,-1,-1
30,-1,1160.496,303.385,126.562,120.296,0.888,-1,-1,-1
31,-1,1309.076,441.667,203.399,177.243,0.988,-1,-1,-1
31,-1,1673.285,395.591,245.880,215.055,0.567,-1,-1,-1
31,-1,860.480,418.902,252.162,198.078,0.985,-1,-1,-1
31,-1,1161.629,304.351,125.251,118.907,0.847,-1,-1,-1
32,-1,1308.746,438.503,203.451,179.155,0.991,-1,-1,-1
32,-1,854.923,419.490,252.319,199.044,0.987,-1,-1,-1
32,-1,1159.866,305.379,125.569,118.982,0.853,-1,-1,-1
33,-1,1309.862,437.279,203.238,178.999,0.990,-1,-1,-1
33,-1,850.896,418.455,252.307,202.529,0.981,-1,-1,-1
33,-1,1158.853,306.638,127.187,119.664,0.844,-1,-1,-1
34,-1,1311.743,437.245,202.329,177.277,0.994,-1,-1,-1
34,-1,843.141,418.386,255.961,205.157,0.987,-1,-1,-1
34,-1,1158.524,307.211,126.523,119.186,0.832,-1,-1,-1
35,-1,1313.645,437.577,200.090,175.960,0.995,-1,-1,-1
35,-1,835.802,417.870,256.252,206.611,0.987,-1,-1,-1
35,-1,1156.105,308.681,127.702,120.154,0.865,-1,-1,-1
36,-1,1314.684,435.572,197.964,175.228,0.995,-1,-1,-1
36,-1,823.876,419.301,268.031,210.147,0.976,-1,-1,-1
36,-1,1155.104,310.995,128.781,119.765,0.866,-1,-1,-1
37,-1,1315.121,433.032,198.082,175.500,0.993,-1,-1,-1
37,-1,814.110,419.001,275.747,211.724,0.981,-1,-1,-1
37,-1,1155.179,311.470,128.091,120.687,0.895,-1,-1,-1
38,-1,813.139,417.341,270.590,211.893,0.959,-1,-1,-1
38,-1,1317.315,432.488,195.856,174.362,0.994,-1,-1,-1
38,-1,1155.580,311.612,127.941,121.244,0.855,-1,-1,-1
39,-1,801.678,418.368,279.295,213.697,0.967,-1,-1,-1
39,-1,1318.520,431.722,193.021,172.488,0.993,-1,-1,-1
39,-1,1154.275,312.852,128.716,121.504,0.873,-1,-1,-1
40,-1,796.488,416.511,281.114,218.632,0.991,-1,-1,-1
40,-1,1317.140,429.850,193.278,172.979,0.993,-1,-1,-1
40,-1,1151.952,314.995,131.010,122.173,0.875,-1,-1,-1
41,-1,796.219,416.984,274.736,221.231,0.986,-1,-1,-1
41,-1,1320.631,431.911,188.251,169.366,0.993,-1,-1,-1
41,-1,1151.115,315.928,130.746,121.696,0.873,-1,-1,-1
42,-1,786.754,417.854,283.813,224.223,0.990,-1,-1,-1
42,-1,1321.030,433.570,187.517,167.972,0.994,-1,-1,-1
42,-1,1150.523,316.684,132.265,123.370,0.910,-1,-1,-1
43,-1,781.317,417.535,284.166,221.936,0.981,-1,-1,-1
43,-1,1321.620,428.958,186.682,169.465,0.993,-1,-1,-1
43,-1,1151.039,317.567,132.152,122.609,0.918,-1,-1,-1
44,-1,772.217,418.090,289.951,225.976,0.975,-1,-1,-1
44,-1,1321.024,427.532,186.893,169.593,0.994,-1,-1,-1
44,-1,1151.363,317.050,129.299,122.014,0.930,-1,-1,-1
45,-1,761.602,419.347,292.154,225.468,0.934,-1,-1,-1
45,-1,1320.805,424.660,187.069,169.861,0.994,-1,-1,-1
45,-1,741.908,585.872,544.981,494.675,0.501,-1,-1,-1
45,-1,1150.424,317.809,129.211,122.809,0.937,-1,-1,-1
46,-1,755.321,422.718,282.267,222.073,0.778,-1,-1,-1
46,-1,1320.934,420.985,186.107,172.498,0.994,-1,-1,-1
46,-1,752.847,568.660,534.121,511.687,0.649,-1,-1,-1
46,-1,1150.012,319.422,128.958,121.806,0.938,-1,-1,-1
47,-1,739.148,424.146,300.990,224.636,0.737,-1,-1,-1
47,-1,1322.557,421.187,184.580,170.243,0.992,-1,-1,-1
47,-1,769.365,557.025,527.412,522.510,0.922,-1,-1,-1
47,-1,1149.370,320.447,129.685,122.031,0.912,-1,-1,-1
48,-1,731.656,425.221,287.893,228.906,0.875,-1,-1,-1
48,-1,1323.866,423.261,183.066,167.168,0.989,-1,-1,-1
48,-1,774.239,541.997,526.868,536.541,0.968,-1,-1,-1
48,-1,1147.553,322.358,130.873,122.368,0.845,-1,-1,-1
49,-1,721.629,427.151,295.924,229.462,0.887,-1,-1,-1
49,-1,1323.642,421.253,182.735,165.819,0.993,-1,-1,-1
49,-1,787.372,522.987,522.280,554.273,0.982,-1,-1,-1
49,-1,1148.444,322.423,129.546,121.788,0.884,-1,-1,-1
50,-1,710.149,430.237,316.482,232.396,0.798,-1,-1,-1
50,-1,1324.497,421.679,180.071,163.084,0.992,-1,-1,-1
50,-1,798.697,506.919,516.507,569.499,0.977,-1,-1,-1
50,-1,1145.432,322.689,131.828,122.680,0.850,-1,-1,-1
51,-1,701.645,431.490,272.139,231.029,0.927,-1,-1,-1
51,-1,1324.646,422.066,178.462,161.381,0.990,-1,-1,-1
51,-1,1144.718,323.637,130.727,122.487,0.816,-1,-1,-1
51,-1,806.859,490.980,506.548,584.711,0.976,-1,-1,-1
52,-1,689.171,433.568,275.697,229.297,0.936,-1,-1,-1
52,-1,1325.861,422.533,177.538,158.920,0.990,-1,-1,-1
52,-1,1142.177,324.219,132.309,122.134,0.735,-1,-1,-1
52,-1,825.189,480.715,493.750,590.032,0.989,-1,-1,-1
52,-1,1141.765,323.864,132.000,122.657,0.535,-1,-1,-1
53,-1,684.745,434.254,279.691,230.287,0.958,-1,-1,-1
53,-1,1324.452,420.623,177.913,159.415,0.992,-1,-1,-1
53,-1,843.434,463.997,479.940,592.327,0.984,-1,-1,-1
53,-1,1140.286,323.056,131.661,122.994,0.832,-1,-1,-1
54,-1,676.556,433.356,283.532,234.521,0.942,-1,-1,-1
54,-1,1326.136,420.143,175.497,159.048,0.990,-1,-1,-1
54,-1,1139.865,323.513,131.807,122.537,0.922,-1,-1,-1
54,-1,861.195,449.882,469.969,586.487,0.972,-1,-1,-1
55,-1,666.284,433.251,294.391,238.360,0.985,-1,-1,-1
55,-1,1326.932,421.025,173.638,156.899,0.990,-1,-1,-1
55,-1,876.377,440.240,463.038,578.209,0.989,-1,-1,-1
55,-1,1137.538,325.633,131.873,121.734,0.877,-1,-1,-1
56,-1,1327.573,420.421,172.195,155.746,0.990,-1,-1,-1
56,-1,654.609,434.059,305.970,243.305,0.984,-1,-1,-1
56,-1,889.935,428.356,456.370,563.661,0.991,-1,-1,-1
56,-1,1137.460,326.548,132.244,122.410,0.759,-1,-1,-1
57,-1,1327.505,418.892,171.456,157.362,0.991,-1,-1,-1
57,-1,642.931,434.352,309.406,245.442,0.982,-1,-1,-1
57,-1,900.358,413.648,455.183,549.976,0.979,-1,-1,-1
57,-1,1137.932,327.071,130.516,120.683,0.614,-1,-1,-1
58,-1,1329.175,418.339,167.737,156.250,0.986,-1,-1,-1
58,-1,631.209,434.312,314.298,246.676,0.987,-1,-1,-1
58,-1,909.900,407.637,451.669,532.590,0.988,-1,-1,-1
59,-1,1329.185,415.872,167.669,157.097,0.984,-1,-1,-1
59,-1,619.293,435.007,320.795,247.110,0.989,-1,-1,-1
59,-1,1277.617,331.746,116.937,105.042,0.558,-1,-1,-1
59,-1,924.888,399.020,444.572,521.518,0.990,-1,-1,-1
60,-1,1330.746,415.781,166.060,154.498,0.964,-1,-1,-1
60,-1,608.209,437.118,313.786,245.985,0.990,-1,-1,-1
60,-1,933.721,394.221,438.012,510.500,0.991,-1,-1,-1
61,-1,1330.517,413.494,166.681,158.467,0.978,-1,-1,-1
61,-1,597.162,439.181,317.012,248.375,0.993,-1,-1,-1
61,-1,941.882,383.728,430.708,508.923,0.991,-1,-1,-1
62,-1,1329.112,413.093,168.043,159.159,0.968,-1,-1,-1
62,-1,584.374,440.708,323.741,250.571,0.987,-1,-1,-1
62,-1,952.459,373.661,429.725,509.375,0.993,-1,-1,-1
63,-1,1330.723,412.615,169.181,157.849,0.898,-1,-1,-1
63,-1,566.303,439.039,333.736,254.953,0.987,-1,-1,-1
63,-1,960.498,370.736,435.721,501.061,0.993,-1,-1,-1
64,-1,1332.942,414.591,165.062,154.125,0.812,-1,-1,-1
64,-1,561.126,442.562,325.855,255.214,0.993,-1,-1,-1
64,-1,973.822,366.557,423.483,492.643,0.994,-1,-1,-1
65,-1,1332.358,412.870,164.706,155.759,0.540,-1,-1,-1
65,-1,549.664,443.229,327.061,255.992,0.990,-1,-1,-1
65,-1,980.170,360.370,421.122,485.546,0.995,-1,-1,-1
66,-1,535.915,447.031,330.486,256.579,0.993,-1,-1,-1
66,-1,997.507,355.736,409.623,474.962,0.996,-1,-1,-1
67,-1,525.372,449.173,333.185,257.841,0.995,-1,-1,-1
67,-1,1009.116,351.200,405.169,465.804,0.997,-1,-1,-1
68,-1,512.044,451.112,336.878,262.132,0.996,-1,-1,-1
68,-1,1019.098,350.412,397.980,454.524,0.996,-1,-1,-1
69,-1,497.746,456.698,341.051,262.045,0.997,-1,-1,-1
69,-1,1028.079,347.781,392.955,443.418,0.996,-1,-1,-1
70,-1,485.388,453.240,345.446,267.428,0.997,-1,-1,-1
70,-1,1033.879,339.823,389.743,441.044,0.996,-1,-1,-1
71,-1,471.416,455.666,347.400,270.401,0.997,-1,-1,-1
71,-1,1044.552,332.932,386.231,439.327,0.996,-1,-1,-1
72,-1,451.836,458.052,353.062,272.627,0.997,-1,-1,-1
72,-1,1056.254,330.512,377.282,435.362,0.997,-1,-1,-1
73,-1,438.892,459.939,352.207,277.126,0.998,-1,-1,-1
73,-1,1064.677,329.674,369.672,427.613,0.997,-1,-1,-1
74,-1,424.800,462.622,355.105,281.205,0.997,-1,-1,-1
74,-1,1069.047,322.188,371.259,427.769,0.997,-1,-1,-1
75,-1,405.143,466.725,360.890,282.998,0.997,-1,-1,-1
75,-1,1074.710,316.187,369.795,430.160,0.997,-1,-1,-1
76,-1,386.644,470.702,361.542,284.839,0.997,-1,-1,-1
76,-1,1085.495,318.176,366.516,420.719,0.998,-1,-1,-1
77,-1,371.628,471.793,362.555,290.093,0.997,-1,-1,-1
77,-1,1185.716,237.066,109.182,102.669,0.661,-1,-1,-1
77,-1,1094.261,317.335,360.875,415.035,0.997,-1,-1,-1
78,-1,351.887,474.266,369.714,295.674,0.995,-1,-1,-1
78,-1,1186.134,238.847,109.069,101.805,0.703,-1,-1,-1
78,-1,1101.774,318.232,354.620,410.653,0.997,-1,-1,-1
79,-1,331.540,475.573,376.137,301.930,0.996,-1,-1,-1
79,-1,1185.606,238.319,108.721,101.911,0.789,-1,-1,-1
79,-1,1111.637,320.110,345.055,403.053,0.997,-1,-1,-1
80,-1,314.837,479.079,377.517,308.958,0.997,-1,-1,-1
80,-1,1184.333,239.386,108.942,102.391,0.762,-1,-1,-1
80,-1,1117.014,322.937,341.817,392.829,0.998,-1,-1,-1
81,-1,293.883,487.283,384.560,308.609,0.998,-1,-1,-1
81,-1,1185.288,239.955,108.097,101.741,0.840,-1,-1,-1
81,-1,1121.877,323.009,340.092,384.093,0.998,-1,-1,-1
82,-1,275.262,492.842,391.825,311.071,0.998,-1,-1,-1
82,-1,1186.571,242.408,108.556,100.581,0.754,-1,-1,-1
82,-1,1128.125,321.618,338.897,380.968,0.998,-1,-1,-1
83,-1,252.974,495.224,400.503,320.693,0.996,-1,-1,-1
83,-1,1184.211,242.813,110.653,101.569,0.746,-1,-1,-1
83,-1,1131.702,320.995,336.030,377.124,0.998,-1,-1,-1
84,-1,226.937,500.884,410.854,324.491,0.996,-1,-1,-1
84,-1,1183.716,244.246,110.954,102.351,0.813,-1,-1,-1
84,-1,1142.624,320.741,326.762,372.132,0.998,-1,-1,-1
85,-1,202.214,509.060,411.017,331.450,0.995,-1,-1,-1
85,-1,1183.008,243.611,112.257,103.296,0.819,-1,-1,-1
85,-1,1149.197,318.163,323.210,371.549,0.997,-1,-1,-1
86,-1,180.516,515.293,411.921,336.399,0.997,-1,-1,-1
86,-1,1183.338,244.853,111.750,102.234,0.741,-1,-1,-1
86,-1,1159.766,317.110,315.244,367.861,0.997,-1,-1,-1
87,-1,155.607,526.432,416.014,336.830,0.998,-1,-1,-1
87,-1,1181.888,244.866,111.901,103.785,0.676,-1,-1,-1
87,-1,1164.922,315.540,317.113,367.040,0.996,-1,-1,-1
88,-1,1181.312,245.834,112.304,103.418,0.656,-1,-1,-1
88,-1,135.889,532.284,416.337,340.809,0.996,-1,-1,-1
88,-1,1171.782,316.245,314.294,362.619,0.998,-1,-1,-1
89,-1,1058.825,372.060,170.416,143.561,0.697,-1,-1,-1
89,-1,1181.244,246.865,112.511,104.913,0.658,-1,-1,-1
89,-1,113.901,540.361,416.500,342.816,0.996,-1,-1,-1
89,-1,1176.289,314.917,312.192,360.230,0.997,-1,-1,-1
90,-1,1062.845,373.585,170.198,143.090,0.837,-1,-1,-1
90,-1,1180.606,247.588,112.119,104.974,0.608,-1,-1,-1
90,-1,89.872,547.229,416.535,346.510,0.995,-1,-1,-1
90,-1,1181.204,316.668,310.042,355.216,0.996,-1,-1,-1
91,-1,1071.205,373.561,166.390,142.603,0.681,-1,-1,-1
91,-1,61.438,558.069,419.747,347.472,0.993,-1,-1,-1
91,-1,1191.809,314.647,303.248,354.221,0.997,-1,-1,-1
92,-1,39.013,566.684,417.034,354.863,0.993,-1,-1,-1
92,-1,1077.020,375.206,165.989,142.547,0.679,-1,-1,-1
92,-1,1200.199,314.428,297.888,354.664,0.997,-1,-1,-1
93,-1,1212.620,315.311,289.148,348.016,0.998,-1,-1,-1
93,-1,15.291,579.255,422.005,355.651,0.989,-1,-1,-1
93,-1,1082.533,378.738,164.729,138.792,0.722,-1,-1,-1
94,-1,1220.069,314.847,284.761,347.038,0.999,-1,-1,-1
94,-1,4.984,588.309,408.664,358.709,0.977,-1,-1,-1
94,-1,1089.947,378.725,161.469,138.941,0.885,-1,-1,-1
95,-1,1225.808,317.417,281.606,341.695,0.999,-1,-1,-1
95,-1,5.306,598.549,390.604,367.775,0.961,-1,-1,-1
95,-1,1094.176,378.354,162.454,140.767,0.863,-1,-1,-1
95,-1,1177.432,252.833,111.343,104.132,0.534,-1,-1,-1
96,-1,1231.320,318.647,281.600,339.917,0.998,-1,-1,-1
96,-1,5.238,606.190,366.978,374.412,0.934,-1,-1,-1
96,-1,1096.446,379.270,161.224,139.974,0.925,-1,-1,-1
96,-1,1176.503,253.284,111.851,105.268,0.544,-1,-1,-1
97,-1,6.029,615.598,351.086,386.941,0.892,-1,-1,-1
97,-1,1235.351,319.987,282.267,333.197,0.998,-1,-1,-1
97,-1,1100.466,379.519,162.608,141.784,0.925,-1,-1,-1
97,-1,1177.424,255.011,111.778,105.309,0.635,-1,-1,-1
98,-1,5.704,623.936,330.750,406.084,0.861,-1,-1,-1
98,-1,1241.254,324.701,278.686,327.009,0.998,-1,-1,-1
98,-1,1102.700,378.855,162.589,142.920,0.949,-1,-1,-1
98,-1,1177.085,254.517,111.957,105.380,0.663,-1,-1,-1
99,-1,4.529,631.213,305.260,410.443,0.783,-1,-1,-1
99,-1,1250.842,326.734,268.859,324.991,0.998,-1,-1,-1
99,-1,1105.505,379.691,160.423,142.309,0.956,-1,-1,-1
99,-1,1175.299,255.274,113.603,106.248,0.573,-1,-1,-1
100,-1,3.368,641.590,281.305,416.893,0.721,-1,-1,-1
100,-1,1255.425,327.546,265.258,321.478,0.999,-1,-1,-1
100,-1,1106.921,379.999,161.018,142.333,0.959,-1,-1,-1
100,-1,1175.357,255.425,113.424,105.986,0.615,-1,-1,-1
101,-1,786.524,439.983,201.188,145.477,0.685,-1,-1,-1
101,-1,1260.637,329.540,260.213,316.660,0.999,-1,-1,-1
101,-1,1108.301,381.337,161.277,141.306,0.973,-1,-1,-1
101,-1,1175.973,256.443,113.633,107.151,0.500,-1,-1,-1
102,-1,786.854,437.786,201.628,147.416,0.700,-1,-1,-1
102,-1,1262.103,329.996,259.822,312.847,0.998,-1,-1,-1
102,-1,1109.480,382.478,162.013,140.632,0.973,-1,-1,-1
103,-1,787.905,438.146,200.132,147.177,0.748,-1,-1,-1
103,-1,1263.729,330.014,259.157,310.584,0.997,-1,-1,-1
103,-1,1111.280,384.171,161.345,139.533,0.974,-1,-1,-1
103,-1,1173.245,258.110,117.144,108.809,0.546,-1,-1,-1
104,-1,788.993,436.421,200.452,148.464,0.640,-1,-1,-1
104,-1,1267.296,329.189,256.142,310.679,0.997,-1,-1,-1
104,-1,1113.120,382.769,160.902,141.773,0.975,-1,-1,-1
104,-1,1175.018,258.005,115.167,108.153,0.557,-1,-1,-1
105,-1,787.674,436.610,200.232,148.110,0.559,-1,-1,-1
105,-1,1268.364,330.969,254.135,306.176,0.997,-1,-1,-1
105,-1,1112.604,383.327,162.717,141.660,0.976,-1,-1,-1
105,-1,1174.067,258.819,115.704,107.782,0.595,-1,-1,-1
106,-1,788.439,435.444,201.826,149.352,0.655,-1,-1,-1
106,-1,1271.474,333.721,251.721,299.889,0.997,-1,-1,-1
106,-1,1113.044,383.582,164.175,143.188,0.970,-1,-1,-1
107,-1,789.295,434.204,199.783,150.289,0.657,-1,-1,-1
107,-1,1275.441,333.542,248.268,296.447,0.997,-1,-1,-1
107,-1,1115.094,382.759,163.493,144.317,0.988,-1,-1,-1
108,-1,791.565,434.876,196.850,149.356,0.614,-1,-1,-1
108,-1,1278.902,335.762,245.602,291.048,0.996,-1,-1,-1
108,-1,1116.694,382.981,161.994,144.818,0.988,-1,-1,-1
109,-1,791.365,435.867,195.369,149.111,0.790,-1,-1,-1
109,-1,1282.781,335.982,241.645,289.510,0.996,-1,-1,-1
109,-1,1117.477,384.443,160.392,144.753,0.990,-1,-1,-1
109,-1,1174.714,262.153,115.181,108.796,0.542,-1,-1,-1
110,-1,791.359,434.431,195.850,150.354,0.728,-1,-1,-1
110,-1,1286.771,336.041,240.247,288.188,0.996,-1,-1,-1
110,-1,1117.180,384.481,162.256,145.094,0.991,-1,-1,-1
110,-1,1175.864,262.900,113.916,109.175,0.576,-1,-1,-1
111,-1,1288.832,338.167,238.997,284.926,0.997,-1,-1,-1
111,-1,1117.219,384.018,162.729,145.961,0.989,-1,-1,-1
112,-1,1290.211,337.761,238.520,282.648,0.997,-1,-1,-1
112,-1,1116.701,383.768,164.225,147.026,0.987,-1,-1,-1
112,-1,1175.207,264.511,115.760,109.193,0.655,-1,-1,-1
113,-1,790.621,435.182,196.054,150.256,0.559,-1,-1,-1
113,-1,1292.829,339.835,236.385,277.564,0.997,-1,-1,-1
113,-1,1114.915,384.599,165.534,146.842,0.986,-1,-1,-1
113,-1,1174.632,265.981,115.302,108.651,0.675,-1,-1,-1
114,-1,1297.012,339.335,234.314,275.590,0.997,-1,-1,-1
114,-1,1113.905,384.830,166.427,148.849,0.972,-1,-1,-1
114,-1,1174.879,265.754,115.092,109.321,0.696,-1,-1,-1
115,-1,1300.003,340.110,232.391,273.481,0.996,-1,-1,-1
115,-1,1112.813,383.013,168.312,152.136,0.960,-1,-1,-1
115,-1,1173.551,265.657,116.227,110.935,0.625,-1,-1,-1
116,-1,1301.221,339.495,232.744,272.973,0.994,-1,-1,-1
116,-1,1111.867,382.906,169.623,152.179,0.966,-1,-1,-1
116,-1,1174.560,266.987,115.042,109.749,0.698,-1,-1,-1
117,-1,1306.324,340.012,228.396,273.435,0.995,-1,-1,-1
117,-1,1112.099,384.191,169.746,152.575,0.945,-1,-1,-1
117,-1,1173.659,266.855,115.738,111.001,0.736,-1,-1,-1
118,-1,1311.788,339.919,224.808,269.038,0.992,-1,-1,-1
118,-1,1112.988,383.441,169.159,153.629,0.946,-1,-1,-1
118,-1,841.085,788.347,518.262,297.313,0.692,-1,-1,-1
118,-1,1174.026,267.883,115.920,110.488,0.702,-1,-1,-1
119,-1,1309.927,342.487,226.080,262.521,0.993,-1,-1,-1
119,-1,1111.245,385.102,169.740,154.124,0.950,-1,-1,-1
119,-1,850.260,764.933,510.551,319.934,0.879,-1,-1,-1
119,-1,1172.757,270.033,116.416,109.734,0.687,-1,-1,-1
120,-1,791.023,438.270,194.784,149.335,0.527,-1,-1,-1
120,-1,1313.144,344.045,224.833,259.495,0.993,-1,-1,-1
120,-1,1111.765,388.612,168.166,151.290,0.948,-1,-1,-1
120,-1,859.232,749.704,502.762,334.552,0.950,-1,-1,-1
120,-1,1173.500,270.127,115.942,110.575,0.648,-1,-1,-1
121,-1,1315.625,340.288,222.832,264.267,0.994,-1,-1,-1
121,-1,1109.792,389.288,169.484,150.738,0.969,-1,-1,-1
121,-1,863.095,732.093,502.455,351.203,0.939,-1,-1,-1
121,-1,1174.464,271.070,114.289,111.164,0.771,-1,-1,-1
122,-1,1316.777,341.567,222.723,263.243,0.994,-1,-1,-1
122,-1,1104.652,388.727,172.272,152.853,0.959,-1,-1,-1
122,-1,877.899,719.225,486.352,363.731,0.980,-1,-1,-1
122,-1,1174.052,271.163,114.169,112.459,0.789,-1,-1,-1
123,-1,1319.564,342.081,220.449,263.484,0.996,-1,-1,-1
123,-1,1102.739,388.176,173.014,153.453,0.961,-1,-1,-1
123,-1,883.566,704.709,479.973,378.101,0.986,-1,-1,-1
123,-1,1172.468,272.500,115.337,112.771,0.780,-1,-1,-1
124,-1,1321.305,342.159,219.101,261.688,0.994,-1,-1,-1
124,-1,1096.424,388.464,178.330,156.922,0.945,-1,-1,-1
124,-1,895.489,680.187,466.192,402.385,0.990,-1,-1,-1
124,-1,1173.286,272.542,114.306,113.644,0.773,-1,-1,-1
125,-1,1325.122,341.495,216.202,262.358,0.994,-1,-1,-1
125,-1,1090.934,388.649,182.686,156.922,0.949,-1,-1,-1
125,-1,906.542,667.830,457.359,405.636,0.993,-1,-1,-1
125,-1,1172.793,273.465,114.255,112.725,0.810,-1,-1,-1
126,-1,1327.689,341.062,214.586,261.675,0.993,-1,-1,-1
126,-1,1089.203,387.463,183.803,158.579,0.950,-1,-1,-1
126,-1,922.142,650.422,442.946,406.983,0.996,-1,-1,-1
126,-1,1171.248,273.806,116.107,114.325,0.804,-1,-1,-1
127,-1,1330.614,339.325,212.163,261.599,0.992,-1,-1,-1
127,-1,1089.720,381.734,182.021,165.548,0.961,-1,-1,-1
127,-1,933.041,636.744,436.741,395.150,0.996,-1,-1,-1
127,-1,1170.410,274.809,117.536,113.579,0.859,-1,-1,-1
128,-1,1333.644,340.382,210.247,259.914,0.993,-1,-1,-1
128,-1,1085.999,381.762,183.483,166.577,0.978,-1,-1,-1
128,-1,939.052,621.309,432.803,383.018,0.997,-1,-1,-1
128,-1,1170.308,275.473,118.502,112.151,0.847,-1,-1,-1
129,-1,1336.374,341.086,207.205,257.526,0.993,-1,-1,-1
129,-1,1085.379,382.013,181.016,166.044,0.980,-1,-1,-1
129,-1,947.900,613.044,425.940,367.956,0.997,-1,-1,-1
129,-1,1169.601,276.798,119.569,111.564,0.827,-1,-1,-1
130,-1,1339.189,343.335,204.741,253.719,0.991,-1,-1,-1
130,-1,1081.050,381.991,184.083,167.449,0.970,-1,-1,-1
130,-1,951.468,598.611,427.322,359.774,0.997,-1,-1,-1
130,-1,1169.702,277.929,119.465,111.202,0.820,-1,-1,-1
131,-1,1341.484,341.177,201.651,254.413,0.994,-1,-1,-1
131,-1,1081.400,384.870,181.439,166.001,0.954,-1,-1,-1
131,-1,962.007,586.631,418.998,355.815,0.997,-1,-1,-1
131,-1,1170.252,278.035,118.184,111.549,0.816,-1,-1,-1
132,-1,1343.204,342.760,200.712,248.667,0.993,-1,-1,-1
132,-1,1079.492,386.937,181.365,163.807,0.960,-1,-1,-1
132,-1,968.847,573.149,413.153,348.739,0.997,-1,-1,-1
132,-1,1168.503,279.487,120.069,112.101,0.803,-1,-1,-1
133,-1,1342.758,342.320,200.830,247.480,0.995,-1,-1,-1
133,-1,1075.983,388.412,183.843,161.859,0.924,-1,-1,-1
133,-1,977.885,557.406,408.063,350.099,0.997,-1,-1,-1
133,-1,1168.611,279.849,120.737,113.645,0.812,-1,-1,-1
134,-1,1343.000,344.105,199.875,242.934,0.994,-1,-1,-1
134,-1,1069.255,388.384,187.740,162.141,0.895,-1,-1,-1
134,-1,985.949,550.580,402.566,345.514,0.997,-1,-1,-1
134,-1,1168.934,280.745,119.786,113.667,0.817,-1,-1,-1
135,-1,1343.586,346.883,198.709,238.614,0.993,-1,-1,-1
135,-1,1065.759,390.703,186.909,162.511,0.949,-1,-1,-1
135,-1,995.744,538.913,394.346,344.957,0.997,-1,-1,-1
135,-1,1169.625,281.303,119.572,113.867,0.794,-1,-1,-1
136,-1,1345.854,347.176,197.190,236.738,0.993,-1,-1,-1
136,-1,1063.931,391.468,187.545,165.401,0.921,-1,-1,-1
136,-1,1003.767,534.042,390.250,337.367,0.997,-1,-1,-1
136,-1,1170.923,282.952,118.950,112.487,0.803,-1,-1,-1
137,-1,1345.309,347.769,197.740,232.902,0.991,-1,-1,-1
137,-1,1060.005,390.026,190.493,167.535,0.647,-1,-1,-1
137,-1,1013.827,522.895,385.282,336.090,0.998,-1,-1,-1
137,-1,1170.038,283.246,119.005,112.540,0.806,-1,-1,-1
138,-1,1346.608,347.972,197.021,231.612,0.987,-1,-1,-1
138,-1,1021.479,511.846,382.902,333.691,0.997,-1,-1,-1
138,-1,1170.131,284.534,119.085,112.688,0.862,-1,-1,-1
139,-1,1349.659,349.200,192.729,227.517,0.988,-1,-1,-1
139,-1,1029.547,507.250,379.241,324.362,0.998,-1,-1,-1
139,-1,1170.173,285.526,119.033,112.810,0.847,-1,-1,-1
140,-1,1351.193,352.002,192.069,223.171,0.967,-1,-1,-1
140,-1,1038.815,503.681,372.982,315.332,0.998,-1,-1,-1
140,-1,1170.885,286.269,118.394,112.856,0.820,-1,-1,-1
141,-1,1352.737,350.296,191.963,223.917,0.925,-1,-1,-1
141,-1,1046.755,497.895,369.738,307.936,0.998,-1,-1,-1
141,-1,1169.950,287.065,119.903,115.531,0.778,-1,-1,-1
142,-1,1349.905,348.915,194.157,223.827,0.923,-1,-1,-1
142,-1,1056.060,494.618,365.958,299.135,0.998,-1,-1,-1
142,-1,1169.332,287.742,119.080,115.657,0.843,-1,-1,-1
143,-1,1289.344,361.788,117.636,109.320,0.512,-1,-1,-1
143,-1,1347.551,347.243,200.296,227.633,0.683,-1,-1,-1
143,-1,1064.319,491.277,361.742,295.333,0.998,-1,-1,-1
143,-1,1168.308,289.760,120.197,115.661,0.781,-1,-1,-1
144,-1,1481.841,447.517,391.179,156.996,0.813,-1,-1,-1
144,-1,1288.994,360.428,118.881,110.325,0.559,-1,-1,-1
144,-1,1069.950,485.283,359.180,290.785,0.998,-1,-1,-1
144,-1,1167.007,291.467,120.550,115.171,0.835,-1,-1,-1
145,-1,1459.792,446.542,381.340,158.612,0.870,-1,-1,-1
145,-1,1289.554,358.814,116.954,110.334,0.527,-1,-1,-1
145,-1,1079.733,479.584,354.150,288.637,0.998,-1,-1,-1
145,-1,1167.812,290.247,119.560,117.499,0.832,-1,-1,-1
146,-1,1436.505,445.988,377.678,156.377,0.913,-1,-1,-1
146,-1,1088.019,474.576,349.722,284.373,0.998,-1,-1,-1
146,-1,1167.222,291.491,119.578,117.180,0.827,-1,-1,-1
147,-1,1411.157,445.341,372.499,155.910,0.929,-1,-1,-1
147,-1,1286.530,357.160,118.158,111.142,0.593,-1,-1,-1
147,-1,1095.685,472.862,345.298,277.881,0.997,-1,-1,-1
147,-1,1166.187,292.146,119.771,116.567,0.883,-1,-1,-1
148,-1,1388.739,444.323,362.004,154.465,0.893,-1,-1,-1
148,-1,1290.460,356.383,121.130,112.803,0.607,-1,-1,-1
148,-1,1105.963,469.621,340.894,275.457,0.997,-1,-1,-1
148,-1,1165.586,293.697,120.058,116.419,0.869,-1,-1,-1
149,-1,1383.768,443.629,336.746,157.724,0.796,-1,-1,-1
149,-1,988.453,400.407,211.802,181.583,0.524,-1,-1,-1
149,-1,1289.545,356.424,120.792,112.336,0.530,-1,-1,-1
149,-1,1118.073,466.073,334.249,272.729,0.996,-1,-1,-1
149,-1,1164.585,294.222,119.747,116.967,0.842,-1,-1,-1
150,-1,1389.167,440.780,301.602,155.876,0.693,-1,-1,-1
150,-1,1291.084,354.339,122.871,114.291,0.516,-1,-1,-1
150,-1,1124.054,462.542,332.465,268.899,0.996,-1,-1,-1
150,-1,1163.721,295.462,120.327,117.760,0.843,-1,-1,-1
151,-1,977.632,401.024,218.630,181.758,0.682,-1,-1,-1
151,-1,1130.864,459.477,328.531,266.173,0.997,-1,-1,-1
151,-1,1161.872,296.001,121.713,118.795,0.788,-1,-1,-1
152,-1,972.221,401.462,218.216,183.031,0.715,-1,-1,-1
152,-1,1140.405,456.778,321.255,260.062,0.997,-1,-1,-1
152,-1,1162.111,295.660,121.305,119.632,0.778,-1,-1,-1
153,-1,1392.556,439.329,230.404,156.784,0.564,-1,-1,-1
153,-1,966.805,402.128,216.877,184.706,0.821,-1,-1,-1
153,-1,1148.025,455.851,316.822,253.486,0.996,-1,-1,-1
153,-1,1161.651,296.920,121.049,118.866,0.736,-1,-1,-1
154,-1,961.664,400.990,219.045,186.888,0.937,-1,-1,-1
154,-1,1156.637,453.969,312.922,250.615,0.997,-1,-1,-1
154,-1,1159.096,299.179,122.730,119.376,0.623,-1,-1,-1
155,-1,952.745,401.105,223.628,189.055,0.871,-1,-1,-1
155,-1,1164.644,450.425,310.220,249.396,0.997,-1,-1,-1
155,-1,1157.872,299.650,122.807,119.504,0.668,-1,-1,-1
156,-1,949.331,401.330,225.808,190.010,0.861,-1,-1,-1
156,-1,1170.640,448.802,311.677,247.781,0.997,-1,-1,-1
156,-1,1156.917,300.768,122.325,119.751,0.681,-1,-1,-1
157,-1,942.230,402.424,231.110,192.242,0.706,-1,-1,-1
157,-1,1178.357,446.713,307.734,246.328,0.997,-1,-1,-1
157,-1,1155.073,299.916,122.543,119.704,0.812,-1,-1,-1
158,-1,935.811,404.195,232.022,192.781,0.865,-1,-1,-1
158,-1,1184.832,444.756,303.718,243.491,0.996,-1,-1,-1
158,-1,1151.944,300.588,123.289,119.853,0.825,-1,-1,-1
159,-1,931.689,403.459,230.647,196.085,0.875,-1,-1,-1
159,-1,1195.332,442.134,294.247,241.946,0.997,-1,-1,-1
159,-1,1151.126,301.920,123.469,118.794,0.779,-1,-1,-1
160,-1,1209.554,443.670,284.004,237.331,0.998,-1,-1,-1
160,-1,929.461,408.522,226.956,192.651,0.893,-1,-1,-1
160,-1,1150.216,302.968,124.441,119.096,0.846,-1,-1,-1
161,-1,1215.723,442.235,279.294,234.768,0.997,-1,-1,-1
161,-1,919.331,407.418,231.638,195.826,0.929,-1,-1,-1
161,-1,1336.219,342.156,139.289,121.951,0.516,-1,-1,-1
161,-1,1148.388,304.035,124.689,119.707,0.851,-1,-1,-1
162,-1,1221.417,441.919,273.591,232.636,0.997,-1,-1,-1
162,-1,1120.263,408.586,150.494,132.515,0.660,-1,-1,-1
162,-1,845.471,403.662,289.904,202.098,0.779,-1,-1,-1
162,-1,1291.000,335.277,122.146,114.327,0.657,-1,-1,-1
162,-1,1146.562,304.584,126.013,119.650,0.872,-1,-1,-1
163,-1,1226.060,445.451,270.913,227.422,0.997,-1,-1,-1
163,-1,1116.719,408.843,152.565,133.847,0.601,-1,-1,-1
163,-1,850.803,406.268,283.466,200.859,0.854,-1,-1,-1
163,-1,1145.351,306.168,125.437,119.527,0.799,-1,-1,-1
164,-1,1282.214,328.954,116.085,111.765,0.532,-1,-1,-1
164,-1,1230.890,444.306,268.344,224.274,0.997,-1,-1,-1
164,-1,1112.394,408.378,155.656,134.134,0.707,-1,-1,-1
164,-1,894.081,408.192,243.016,200.515,0.942,-1,-1,-1
164,-1,1144.400,306.986,126.101,118.895,0.855,-1,-1,-1
165,-1,1283.490,327.469,114.661,110.706,0.611,-1,-1,-1
165,-1,1236.759,443.287,264.315,222.686,0.998,-1,-1,-1
165,-1,1109.357,408.729,160.082,136.248,0.729,-1,-1,-1
165,-1,884.764,408.704,249.008,201.715,0.934,-1,-1,-1
165,-1,1143.837,308.751,127.124,119.793,0.812,-1,-1,-1
166,-1,1241.277,442.802,261.015,219.912,0.997,-1,-1,-1
166,-1,1106.198,406.882,163.043,138.455,0.794,-1,-1,-1
166,-1,876.541,407.708,250.555,204.213,0.968,-1,-1,-1
166,-1,1143.873,308.953,125.298,118.928,0.845,-1,-1,-1
167,-1,1284.939,324.523,112.463,108.064,0.588,-1,-1,-1
167,-1,1247.485,442.820,256.733,217.443,0.997,-1,-1,-1
167,-1,1105.038,406.464,162.535,140.514,0.699,-1,-1,-1
167,-1,872.479,408.344,249.118,205.630,0.963,-1,-1,-1
167,-1,1143.252,309.130,125.408,119.149,0.850,-1,-1,-1
168,-1,843.301,406.859,272.456,210.089,0.986,-1,-1,-1
168,-1,1284.158,322.360,111.498,107.120,0.604,-1,-1,-1
168,-1,1251.135,442.683,256.877,214.737,0.996,-1,-1,-1
168,-1,1104.477,406.472,161.803,141.462,0.830,-1,-1,-1
168,-1,1142.598,310.870,126.402,119.721,0.866,-1,-1,-1
169,-1,834.668,404.476,272.016,212.706,0.989,-1,-1,-1
169,-1,1283.928,321.044,111.338,107.140,0.605,-1,-1,-1
169,-1,1258.236,440.668,251.591,215.328,0.997,-1,-1,-1
169,-1,1104.328,407.264,160.389,140.411,0.874,-1,-1,-1
169,-1,1143.350,310.677,126.707,120.579,0.878,-1,-1,-1
170,-1,840.060,405.574,260.374,213.062,0.990,-1,-1,-1
170,-1,1283.723,318.787,111.565,107.726,0.531,-1,-1,-1
170,-1,1262.294,439.761,250.716,215.374,0.997,-1,-1,-1
170,-1,1103.772,407.363,159.601,141.389,0.909,-1,-1,-1
170,-1,1144.161,310.736,125.205,120.062,0.858,-1,-1,-1
171,-1,830.392,405.860,264.331,214.219,0.991,-1,-1,-1
171,-1,1282.962,317.440,111.758,107.828,0.604,-1,-1,-1
171,-1,1266.238,439.696,246.325,213.311,0.997,-1,-1,-1
171,-1,1103.519,408.781,156.821,140.012,0.917,-1,-1,-1
171,-1,1143.164,313.058,126.452,120.907,0.826,-1,-1,-1
172,-1,1282.513,314.759,111.386,108.549,0.662,-1,-1,-1
172,-1,1271.102,438.524,243.633,212.684,0.996,-1,-1,-1
172,-1,819.446,406.618,273.591,218.821,0.983,-1,-1,-1
172,-1,1101.140,407.788,158.479,142.083,0.933,-1,-1,-1
172,-1,1142.599,313.556,126.947,122.629,0.802,-1,-1,-1
173,-1,1282.380,313.632,111.311,108.973,0.552,-1,-1,-1
173,-1,1274.730,437.773,241.694,210.051,0.997,-1,-1,-1
173,-1,805.096,407.504,284.257,221.168,0.985,-1,-1,-1
173,-1,1100.542,408.550,160.447,142.934,0.930,-1,-1,-1
173,-1,1143.456,314.501,127.048,122.762,0.759,-1,-1,-1
174,-1,1276.338,437.726,241.786,208.123,0.996,-1,-1,-1
174,-1,799.156,405.258,287.037,226.260,0.992,-1,-1,-1
174,-1,1099.471,409.060,161.383,144.320,0.943,-1,-1,-1
174,-1,1143.049,315.332,127.534,122.005,0.753,-1,-1,-1
175,-1,1280.790,438.368,239.138,205.987,0.996,-1,-1,-1
175,-1,795.614,407.559,285.864,225.562,0.993,-1,-1,-1
175,-1,1097.731,409.569,162.819,144.422,0.946,-1,-1,-1
175,-1,1142.894,317.136,127.114,122.017,0.646,-1,-1,-1
176,-1,1284.663,437.379,236.026,206.578,0.997,-1,-1,-1
176,-1,787.528,408.463,286.878,229.229,0.993,-1,-1,-1
176,-1,1094.576,409.982,164.701,145.721,0.939,-1,-1,-1
176,-1,1142.361,318.384,127.245,121.488,0.805,-1,-1,-1
177,-1,1288.476,435.945,234.029,204.240,0.996,-1,-1,-1
177,-1,780.559,409.812,284.294,229.155,0.993,-1,-1,-1
177,-1,1092.897,410.295,165.191,145.597,0.947,-1,-1,-1
177,-1,1142.496,319.142,127.971,121.554,0.797,-1,-1,-1
178,-1,1291.901,435.675,232.594,203.376,0.996,-1,-1,-1
178,-1,769.369,410.451,287.976,233.403,0.993,-1,-1,-1
178,-1,1090.183,410.426,166.813,147.780,0.956,-1,-1,-1
178,-1,1143.032,319.949,127.619,121.350,0.722,-1,-1,-1
179,-1,1294.561,434.838,231.201,201.924,0.995,-1,-1,-1
179,-1,752.602,409.013,295.330,237.847,0.994,-1,-1,-1
179,-1,1088.475,410.169,167.827,148.319,0.962,-1,-1,-1
179,-1,1143.149,318.925,127.049,121.492,0.728,-1,-1,-1
180,-1,1299.065,435.089,228.214,198.796,0.995,-1,-1,-1
180,-1,735.433,409.236,305.566,240.426,0.992,-1,-1,-1
180,-1,1085.921,410.813,169.280,147.763,0.967,-1,-1,-1
180,-1,1141.495,320.328,128.537,121.471,0.698,-1,-1,-1
181,-1,1280.364,301.228,111.738,104.156,0.553,-1,-1,-1
181,-1,1303.546,433.274,225.285,197.375,0.993,-1,-1,-1
181,-1,725.310,411.650,302.137,241.833,0.993,-1,-1,-1
181,-1,1084.624,411.850,168.341,147.567,0.963,-1,-1,-1
181,-1,1142.938,320.477,126.896,121.724,0.696,-1,-1,-1
182,-1,1278.649,300.464,112.340,103.600,0.574,-1,-1,-1
182,-1,1306.224,434.781,224.133,194.889,0.991,-1,-1,-1
182,-1,707.165,411.664,314.069,245.116,0.992,-1,-1,-1
182,-1,1080.472,413.150,170.469,147.152,0.967,-1,-1,-1
182,-1,1143.524,321.480,125.678,121.609,0.636,-1,-1,-1
183,-1,1279.144,297.746,111.518,103.488,0.503,-1,-1,-1
183,-1,1310.010,434.826,222.732,193.580,0.993,-1,-1,-1
183,-1,691.047,411.147,321.309,246.275,0.991,-1,-1,-1
183,-1,1077.757,414.177,171.834,146.828,0.972,-1,-1,-1
183,-1,1143.936,322.716,126.372,121.142,0.712,-1,-1,-1
184,-1,1312.529,432.859,221.762,193.277,0.992,-1,-1,-1
184,-1,683.737,411.971,319.254,247.952,0.992,-1,-1,-1
184,-1,1074.791,415.473,172.629,146.430,0.970,-1,-1,-1
184,-1,1144.533,322.473,126.776,122.071,0.727,-1,-1,-1
185,-1,1315.677,431.906,220.074,191.923,0.991,-1,-1,-1
185,-1,670.949,416.494,315.574,248.104,0.993,-1,-1,-1
185,-1,1070.445,415.530,176.137,148.309,0.976,-1,-1,-1
185,-1,1143.301,323.344,127.370,122.172,0.743,-1,-1,-1
186,-1,1317.849,431.764,218.224,189.835,0.991,-1,-1,-1
186,-1,655.470,414.181,324.659,254.729,0.993,-1,-1,-1
186,-1,1067.537,418.058,176.021,146.688,0.977,-1,-1,-1
186,-1,1140.591,324.533,128.446,121.613,0.650,-1,-1,-1
187,-1,1279.295,286.749,108.764,101.239,0.629,-1,-1,-1
187,-1,1319.318,430.199,218.390,190.206,0.993,-1,-1,-1
187,-1,638.225,414.981,324.706,257.352,0.992,-1,-1,-1
187,-1,1062.947,416.276,178.562,149.537,0.989,-1,-1,-1
187,-1,1139.402,324.880,128.534,121.269,0.608,-1,-1,-1
188,-1,1279.571,284.126,107.868,102.040,0.531,-1,-1,-1
188,-1,1322.923,430.815,216.689,188.275,0.993,-1,-1,-1
188,-1,621.263,416.234,331.533,261.841,0.992,-1,-1,-1
188,-1,1060.059,420.022,177.649,147.672,0.989,-1,-1,-1
188,-1,1139.922,326.388,127.162,121.359,0.550,-1,-1,-1
189,-1,1279.639,283.099,107.233,101.781,0.541,-1,-1,-1
189,-1,1325.577,430.950,216.116,185.995,0.991,-1,-1,-1
189,-1,606.403,416.660,334.445,264.671,0.996,-1,-1,-1
189,-1,1057.033,422.595,177.607,147.042,0.989,-1,-1,-1
189,-1,1138.547,326.814,127.077,120.801,0.578,-1,-1,-1
190,-1,1279.147,282.507,105.902,100.441,0.503,-1,-1,-1
190,-1,1328.043,430.452,214.744,186.126,0.992,-1,-1,-1
190,-1,581.716,416.619,343.032,267.988,0.996,-1,-1,-1
190,-1,1052.961,424.473,181.067,146.237,0.988,-1,-1,-1
191,-1,1330.938,430.007,213.101,184.584,0.991,-1,-1,-1
191,-1,565.277,416.528,345.473,272.905,0.997,-1,-1,-1
191,-1,1049.713,422.514,183.004,149.710,0.986,-1,-1,-1
192,-1,1334.140,430.128,211.564,182.401,0.988,-1,-1,-1
192,-1,552.997,419.613,345.844,272.877,0.998,-1,-1,-1
192,-1,1047.393,425.431,183.205,148.920,0.989,-1,-1,-1
193,-1,1339.062,431.223,207.026,180.475,0.981,-1,-1,-1
193,-1,535.027,420.390,351.847,277.205,0.995,-1,-1,-1
193,-1,1044.920,426.642,182.009,149.208,0.984,-1,-1,-1
194,-1,1340.040,431.574,206.178,177.748,0.967,-1,-1,-1
194,-1,516.868,422.258,354.748,279.396,0.996,-1,-1,-1
194,-1,1041.222,429.599,181.908,148.192,0.981,-1,-1,-1
195,-1,1341.808,430.054,205.925,175.941,0.971,-1,-1,-1
195,-1,498.351,425.449,356.178,282.520,0.997,-1,-1,-1
195,-1,1037.712,432.273,180.667,145.273,0.988,-1,-1,-1
196,-1,1344.470,430.302,201.434,174.391,0.979,-1,-1,-1
196,-1,474.586,426.824,361.782,288.290,0.995,-1,-1,-1
196,-1,1034.589,433.108,178.949,146.181,0.991,-1,-1,-1
197,-1,1346.472,430.067,200.232,172.781,0.976,-1,-1,-1
197,-1,452.167,429.360,370.525,291.457,0.991,-1,-1,-1
197,-1,1029.924,434.764,182.190,145.993,0.990,-1,-1,-1
198,-1,1347.707,429.761,200.086,171.876,0.979,-1,-1,-1
198,-1,433.431,429.043,372.191,298.686,0.996,-1,-1,-1
198,-1,1026.469,436.528,183.476,145.065,0.989,-1,-1,-1
199,-1,1349.588,429.439,198.587,171.068,0.969,-1,-1,-1
199,-1,413.606,431.876,372.051,301.930,0.997,-1,-1,-1
199,-1,1022.378,437.178,184.337,144.959,0.990,-1,-1,-1
200,-1,1350.471,428.328,197.995,170.433,0.975,-1,-1,-1
200,-1,389.186,433.324,378.776,307.952,0.998,-1,-1,-1
200,-1,1017.735,436.112,187.109,147.679,0.988,-1,-1,-1
201,-1,1352.396,428.798,195.765,169.085,0.974,-1,-1,-1
201,-1,365.909,434.405,380.437,314.764,0.998,-1,-1,-1
201,-1,1014.225,436.704,187.981,148.490,0.987,-1,-1,-1
202,-1,1353.610,427.169,196.347,170.981,0.947,-1,-1,-1
202,-1,338.085,438.825,389.640,321.428,0.998,-1,-1,-1
202,-1,1008.458,436.371,190.116,152.060,0.990,-1,-1,-1
203,-1,1354.961,428.493,195.898,167.139,0.923,-1,-1,-1
203,-1,308.267,442.441,403.000,329.335,0.997,-1,-1,-1
203,-1,1003.849,436.739,191.533,153.958,0.990,-1,-1,-1
204,-1,1357.996,426.778,192.472,166.760,0.958,-1,-1,-1
204,-1,293.231,446.872,398.766,332.153,0.998,-1,-1,-1
204,-1,997.840,436.092,193.050,156.863,0.990,-1,-1,-1
205,-1,1360.075,426.828,190.523,165.757,0.946,-1,-1,-1
205,-1,266.289,451.700,411.378,339.065,0.998,-1,-1,-1
205,-1,993.412,436.749,193.934,159.101,0.992,-1,-1,-1
206,-1,1361.589,427.027,190.452,164.476,0.924,-1,-1,-1
206,-1,240.907,456.212,417.594,349.801,0.999,-1,-1,-1
206,-1,988.234,437.424,196.453,160.718,0.990,-1,-1,-1
207,-1,1364.063,427.481,188.508,160.953,0.937,-1,-1,-1
207,-1,205.612,463.448,434.026,354.317,0.997,-1,-1,-1
207,-1,982.469,438.387,198.732,162.120,0.987,-1,-1,-1
208,-1,1366.693,422.819,185.900,164.107,0.954,-1,-1,-1
208,-1,174.635,471.434,431.057,359.581,0.997,-1,-1,-1
208,-1,978.181,437.986,199.380,163.717,0.991,-1,-1,-1
209,-1,1366.152,421.994,186.175,163.215,0.922,-1,-1,-1
209,-1,149.746,476.875,436.689,368.779,0.996,-1,-1,-1
209,-1,811.038,818.272,533.349,267.646,0.616,-1,-1,-1
209,-1,972.182,439.637,201.473,163.256,0.994,-1,-1,-1
210,-1,1366.212,421.155,186.139,162.542,0.907,-1,-1,-1
210,-1,121.627,487.353,431.600,371.222,0.996,-1,-1,-1
210,-1,827.737,798.851,524.010,287.099,0.806,-1,-1,-1
210,-1,967.526,440.924,202.810,164.550,0.994,-1,-1,-1
211,-1,1368.012,419.703,184.495,160.863,0.941,-1,-1,-1
211,-1,94.796,498.428,435.770,373.180,0.995,-1,-1,-1
211,-1,839.966,778.994,512.755,306.749,0.789,-1,-1,-1
211,-1,962.013,441.551,203.132,165.634,0.993,-1,-1,-1
212,-1,1367.627,418.937,184.883,161.708,0.944,-1,-1,-1
212,-1,65.352,512.654,433.586,370.013,0.993,-1,-1,-1
212,-1,954.629,442.172,206.959,167.629,0.992,-1,-1,-1
212,-1,860.521,763.782,496.101,321.433,0.951,-1,-1,-1
213,-1,1370.026,418.049,182.485,160.650,0.958,-1,-1,-1
213,-1,30.352,520.317,442.230,377.415,0.981,-1,-1,-1
213,-1,949.329,447.170,206.438,164.764,0.990,-1,-1,-1
213,-1,876.855,745.667,481.452,339.029,0.968,-1,-1,-1
214,-1,1370.744,416.107,180.594,161.311,0.960,-1,-1,-1
214,-1,10.329,531.119,434.799,381.627,0.964,-1,-1,-1
214,-1,942.032,442.938,210.041,171.940,0.986,-1,-1,-1
214,-1,893.351,724.443,471.977,358.413,0.986,-1,-1,-1
215,-1,1372.005,414.472,178.308,161.685,0.965,-1,-1,-1
215,-1,5.402,545.218,410.987,388.596,0.860,-1,-1,-1
215,-1,934.566,443.639,213.915,173.349,0.989,-1,-1,-1
215,-1,911.399,707.514,453.983,363.000,0.990,-1,-1,-1
216,-1,1372.871,415.079,176.119,160.921,0.969,-1,-1,-1
216,-1,1104.680,413.779,161.843,139.200,0.686,-1,-1,-1
216,-1,5.955,560.090,392.051,393.010,0.711,-1,-1,-1
216,-1,928.690,444.459,212.168,174.188,0.982,-1,-1,-1
216,-1,931.605,687.089,444.119,361.466,0.994,-1,-1,-1
217,-1,1373.870,414.579,174.899,160.002,0.977,-1,-1,-1
217,-1,1103.421,413.256,163.388,140.184,0.839,-1,-1,-1
217,-1,6.215,574.559,365.271,398.845,0.743,-1,-1,-1
217,-1,920.620,444.025,214.878,175.944,0.989,-1,-1,-1
217,-1,943.406,672.767,437.605,349.861,0.995,-1,-1,-1
218,-1,1374.330,417.194,174.572,157.224,0.978,-1,-1,-1
218,-1,1101.595,414.009,166.524,139.684,0.847,-1,-1,-1
218,-1,6.314,590.835,343.680,404.016,0.661,-1,-1,-1
218,-1,916.430,447.611,214.880,175.706,0.986,-1,-1,-1
218,-1,955.614,656.474,432.531,339.223,0.997,-1,-1,-1
219,-1,6.107,601.693,321.505,421.168,0.567,-1,-1,-1
219,-1,1373.639,416.324,175.013,156.049,0.981,-1,-1,-1
219,-1,1095.032,412.559,171.371,141.420,0.928,-1,-1,-1
219,-1,908.001,446.439,220.756,176.424,0.988,-1,-1,-1
219,-1,969.006,639.449,423.021,325.183,0.997,-1,-1,-1
220,-1,1374.067,415.664,175.226,156.137,0.985,-1,-1,-1
220,-1,1094.353,413.359,172.334,142.214,0.955,-1,-1,-1
220,-1,902.216,448.855,219.494,175.966,0.988,-1,-1,-1
220,-1,979.843,629.975,419.145,318.842,0.997,-1,-1,-1
221,-1,1376.017,412.173,175.825,157.196,0.986,-1,-1,-1
221,-1,1088.167,412.563,179.380,146.897,0.955,-1,-1,-1
221,-1,892.133,446.063,225.782,181.050,0.974,-1,-1,-1
221,-1,993.974,615.157,411.490,311.965,0.997,-1,-1,-1
222,-1,1377.131,409.752,174.982,158.286,0.987,-1,-1,-1
222,-1,1084.016,409.842,184.649,150.977,0.932,-1,-1,-1
222,-1,882.578,445.126,227.806,184.009,0.979,-1,-1,-1
222,-1,1008.980,601.974,401.147,309.451,0.996,-1,-1,-1
223,-1,1378.235,409.404,173.340,157.837,0.988,-1,-1,-1
223,-1,1088.101,409.119,178.932,151.294,0.954,-1,-1,-1
223,-1,875.534,448.431,224.222,183.336,0.981,-1,-1,-1
223,-1,1021.661,592.213,395.425,306.144,0.996,-1,-1,-1
224,-1,1379.864,409.011,171.117,156.201,0.988,-1,-1,-1
224,-1,1089.614,412.037,177.145,148.222,0.938,-1,-1,-1
224,-1,865.990,448.785,224.685,184.963,0.974,-1,-1,-1
224,-1,1032.200,582.513,388.723,303.767,0.995,-1,-1,-1
225,-1,1380.866,408.522,170.638,155.012,0.979,-1,-1,-1
225,-1,1089.200,413.198,178.774,147.173,0.930,-1,-1,-1
225,-1,860.238,447.450,224.295,188.910,0.982,-1,-1,-1
225,-1,1042.292,569.642,385.082,302.540,0.996,-1,-1,-1
226,-1,850.994,452.259,229.322,185.874,0.983,-1,-1,-1
226,-1,1383.077,409.041,168.566,152.997,0.981,-1,-1,-1
226,-1,1096.133,416.213,170.954,142.686,0.928,-1,-1,-1
226,-1,1057.390,559.320,375.815,297.806,0.996,-1,-1,-1
227,-1,843.252,456.039,229.271,184.360,0.990,-1,-1,-1
227,-1,1385.190,409.281,165.975,151.526,0.983,-1,-1,-1
227,-1,1097.038,414.654,169.713,143.585,0.931,-1,-1,-1
227,-1,1070.090,551.826,369.997,289.184,0.995,-1,-1,-1
228,-1,834.178,458.702,232.832,183.303,0.986,-1,-1,-1
228,-1,1385.015,408.248,165.344,151.760,0.983,-1,-1,-1
228,-1,1095.698,412.474,170.694,145.843,0.924,-1,-1,-1
228,-1,1081.157,544.730,364.078,283.501,0.995,-1,-1,-1
229,-1,824.096,460.779,236.849,183.268,0.983,-1,-1,-1
229,-1,1386.859,409.170,162.975,149.990,0.983,-1,-1,-1
229,-1,1094.861,413.111,171.558,147.217,0.942,-1,-1,-1
229,-1,1094.066,537.608,358.404,274.535,0.995,-1,-1,-1
230,-1,812.663,459.326,241.950,187.130,0.982,-1,-1,-1
230,-1,1387.970,408.486,162.546,149.381,0.983,-1,-1,-1
230,-1,1094.203,415.036,173.250,146.207,0.925,-1,-1,-1
230,-1,1103.266,529.943,355.570,268.217,0.995,-1,-1,-1
231,-1,801.022,454.403,244.265,195.177,0.981,-1,-1,-1
231,-1,1389.143,406.927,161.934,149.660,0.977,-1,-1,-1
231,-1,1093.094,414.496,173.918,146.874,0.902,-1,-1,-1
231,-1,1115.552,524.513,349.898,266.016,0.994,-1,-1,-1
232,-1,792.172,455.249,244.691,197.399,0.987,-1,-1,-1
232,-1,1090.850,416.796,174.987,145.668,0.878,-1,-1,-1
232,-1,1387.733,406.610,161.771,149.259,0.963,-1,-1,-1
232,-1,1126.231,520.129,344.081,261.895,0.996,-1,-1,-1
233,-1,782.799,455.095,246.575,202.064,0.982,-1,-1,-1
233,-1,1088.137,420.327,176.619,143.404,0.898,-1,-1,-1
233,-1,1387.501,407.313,161.775,148.409,0.931,-1,-1,-1
233,-1,1133.705,514.473,339.292,255.476,0.996,-1,-1,-1
234,-1,770.510,455.112,252.020,203.963,0.976,-1,-1,-1
234,-1,1085.704,420.061,178.728,145.339,0.847,-1,-1,-1
234,-1,1388.052,406.279,159.662,147.946,0.886,-1,-1,-1
234,-1,1144.516,509.395,335.925,248.461,0.996,-1,-1,-1
235,-1,758.277,455.743,255.972,206.388,0.976,-1,-1,-1
235,-1,1082.930,420.694,182.293,146.056,0.839,-1,-1,-1
235,-1,1387.796,406.905,161.087,146.591,0.720,-1,-1,-1
235,-1,1154.243,505.586,328.412,244.551,0.996,-1,-1,-1
236,-1,1080.836,421.954,185.590,147.549,0.890,-1,-1,-1
236,-1,741.750,459.115,264.101,207.184,0.987,-1,-1,-1
236,-1,1164.602,502.505,323.603,242.585,0.997,-1,-1,-1
237,-1,724.424,461.547,272.080,208.046,0.988,-1,-1,-1
237,-1,1078.522,425.576,183.576,144.018,0.877,-1,-1,-1
237,-1,1172.533,501.171,318.460,233.677,0.993,-1,-1,-1
238,-1,711.509,463.103,275.939,210.383,0.990,-1,-1,-1
238,-1,1075.188,426.103,186.153,145.361,0.870,-1,-1,-1
238,-1,1185.653,498.820,309.697,229.131,0.995,-1,-1,-1
239,-1,697.160,468.055,278.390,208.875,0.986,-1,-1,-1
239,-1,1071.054,427.425,189.458,145.595,0.885,-1,-1,-1
239,-1,1196.451,497.424,299.994,222.641,0.995,-1,-1,-1
240,-1,1210.093,499.827,288.015,215.865,0.962,-1,-1,-1
240,-1,681.609,469.787,284.013,211.359,0.995,-1,-1,-1
240,-1,1068.887,428.033,191.845,146.598,0.937,-1,-1,-1
241,-1,1221.236,494.183,284.164,214.527,0.995,-1,-1,-1
241,-1,670.217,471.484,285.248,212.384,0.997,-1,-1,-1
241,-1,1067.662,430.292,190.330,145.454,0.906,-1,-1,-1
242,-1,1227.331,491.011,281.901,212.801,0.995,-1,-1,-1
242,-1,652.662,473.773,291.739,214.141,0.996,-1,-1,-1
242,-1,1064.279,431.348,191.630,145.144,0.905,-1,-1,-1
243,-1,1233.388,489.922,278.351,210.029,0.992,-1,-1,-1
243,-1,634.203,476.923,296.446,215.070,0.997,-1,-1,-1
243,-1,1061.870,433.756,190.874,144.096,0.921,-1,-1,-1
244,-1,1241.957,489.099,272.408,206.074,0.992,-1,-1,-1
244,-1,619.021,478.350,298.992,217.959,0.997,-1,-1,-1
244,-1,1058.785,434.523,191.334,145.325,0.916,-1,-1,-1
245,-1,1252.649,486.036,265.855,203.821,0.993,-1,-1,-1
245,-1,601.681,479.942,303.788,219.211,0.995,-1,-1,-1
245,-1,1055.109,435.576,192.053,144.015,0.931,-1,-1,-1
246,-1,1260.613,487.347,258.587,198.016,0.985,-1,-1,-1
246,-1,587.500,482.627,303.082,220.786,0.997,-1,-1,-1
246,-1,1053.433,437.812,190.729,143.190,0.943,-1,-1,-1
247,-1,1263.293,485.498,259.834,196.179,0.985,-1,-1,-1
247,-1,569.238,486.242,305.341,222.205,0.996,-1,-1,-1
247,-1,1047.823,437.027,193.960,144.793,0.924,-1,-1,-1
248,-1,1269.355,486.788,255.160,191.623,0.985,-1,-1,-1
248,-1,551.555,487.538,310.819,225.149,0.994,-1,-1,-1
248,-1,1041.354,435.837,196.280,148.590,0.972,-1,-1,-1
249,-1,1275.360,484.682,252.416,191.558,0.983,-1,-1,-1
249,-1,533.554,489.761,312.865,230.161,0.996,-1,-1,-1
249,-1,1037.750,436.452,195.667,147.520,0.972,-1,-1,-1
250,-1,1280.161,482.039,251.357,190.804,0.982,-1,-1,-1
250,-1,516.594,493.124,315.220,231.717,0.995,-1,-1,-1
250,-1,1032.267,435.722,198.237,151.333,0.982,-1,-1,-1
251,-1,1285.480,478.854,250.155,189.789,0.979,-1,-1,-1
251,-1,496.779,495.156,320.039,237.237,0.996,-1,-1,-1
251,-1,1026.049,435.256,201.390,155.188,0.982,-1,-1,-1
252,-1,1292.709,475.447,244.930,189.300,0.984,-1,-1,-1
252,-1,474.246,499.739,328.365,239.261,0.996,-1,-1,-1
252,-1,1019.128,433.630,205.976,159.877,0.982,-1,-1,-1
253,-1,1299.231,475.212,242.260,187.201,0.986,-1,-1,-1
253,-1,449.797,504.235,331.423,245.568,0.996,-1,-1,-1
253,-1,1015.066,435.229,204.039,159.464,0.986,-1,-1,-1
254,-1,1304.481,474.356,239.541,185.589,0.986,-1,-1,-1
254,-1,428.671,509.798,335.067,248.101,0.998,-1,-1,-1
254,-1,1008.173,436.160,207.283,161.204,0.982,-1,-1,-1
255,-1,1309.741,474.568,236.629,183.009,0.984,-1,-1,-1
255,-1,402.071,515.559,337.976,253.095,0.998,-1,-1,-1
255,-1,1002.603,437.579,208.954,160.368,0.985,-1,-1,-1
256,-1,1314.877,473.494,234.026,181.158,0.984,-1,-1,-1
256,-1,374.845,518.524,343.389,257.436,0.998,-1,-1,-1
256,-1,997.780,436.156,211.307,164.427,0.989,-1,-1,-1
257,-1,1320.178,472.060,233.625,180.995,0.976,-1,-1,-1
257,-1,352.642,522.933,346.371,262.454,0.998,-1,-1,-1
257,-1,991.606,437.495,212.877,165.285,0.988,-1,-1,-1
258,-1,1324.468,473.281,230.164,178.167,0.967,-1,-1,-1
258,-1,328.358,525.965,351.005,270.486,0.997,-1,-1,-1
258,-1,986.681,440.359,212.531,164.149,0.986,-1,-1,-1
258,-1,1177.951,249.548,98.609,91.948,0.550,-1,-1,-1
259,-1,1328.704,472.757,227.434,176.231,0.973,-1,-1,-1
259,-1,302.927,532.713,354.534,277.344,0.998,-1,-1,-1
259,-1,980.153,440.556,213.931,165.484,0.981,-1,-1,-1
260,-1,1332.205,472.192,225.487,173.740,0.980,-1,-1,-1
260,-1,273.916,544.329,365.709,276.489,0.998,-1,-1,-1
260,-1,970.883,439.998,220.271,167.503,0.984,-1,-1,-1