1,-1,2023.223,915.420,204.872,172.536,0.989,-1,-1,-1
1,-1,4.457,516.615,471.719,471.290,0.754,-1,-1,-1
1,-1,1308.964,740.544,339.192,219.468,0.998,-1,-1,-1
2,-1,2028.025,913.244,202.990,170.452,0.986,-1,-1,-1
2,-1,4.527,516.561,471.923,471.409,0.747,-1,-1,-1
2,-1,1291.029,743.481,346.564,215.540,0.998,-1,-1,-1
3,-1,2033.943,913.036,199.856,167.536,0.986,-1,-1,-1
3,-1,4.491,516.878,472.001,470.714,0.749,-1,-1,-1
3,-1,1275.307,743.394,353.929,216.136,0.998,-1,-1,-1
4,-1,2039.847,915.162,193.935,162.394,0.987,-1,-1,-1
4,-1,4.496,517.595,471.966,469.884,0.745,-1,-1,-1
4,-1,1255.106,738.471,362.198,221.088,0.998,-1,-1,-1
5,-1,2045.201,914.408,191.840,158.966,0.989,-1,-1,-1
5,-1,4.513,517.464,472.032,470.116,0.752,-1,-1,-1
5,-1,1233.701,731.021,372.675,232.493,0.999,-1,-1,-1
6,-1,2050.386,913.019,187.628,155.695,0.986,-1,-1,-1
6,-1,4.510,517.622,472.173,469.856,0.745,-1,-1,-1
6,-1,1214.523,728.468,384.187,234.968,0.999,-1,-1,-1
7,-1,2054.067,911.569,185.714,155.793,0.987,-1,-1,-1
7,-1,4.513,517.590,472.149,469.639,0.755,-1,-1,-1
7,-1,1193.967,722.334,394.234,243.172,0.998,-1,-1,-1
8,-1,2056.762,908.687,185.937,156.564,0.982,-1,-1,-1
8,-1,4.529,517.167,472.094,470.450,0.744,-1,-1,-1
8,-1,1175.663,719.643,402.032,242.482,0.999,-1,-1,-1
9,-1,2062.334,909.500,181.605,151.079,0.977,-1,-1,-1
9,-1,4.494,517.505,472.255,469.969,0.732,-1,-1,-1
9,-1,1160.410,718.668,405.006,244.452,0.999,-1,-1,-1
10,-1,2066.468,908.878,178.056,147.806,0.975,-1,-1,-1
10,-1,4.508,517.514,472.511,469.529,0.735,-1,-1,-1
10,-1,1141.302,713.329,416.317,252.467,0.998,-1,-1,-1
11,-1,2070.055,911.494,173.003,142.483,0.972,-1,-1,-1
11,-1,4.520,517.208,472.151,470.946,0.720,-1,-1,-1
11,-1,1121.946,711.255,426.389,254.152,0.998,-1,-1,-1
12,-1,2074.674,911.776,170.906,140.951,0.976,-1,-1,-1
12,-1,4.505,517.507,472.192,470.648,0.699,-1,-1,-1
12,-1,1099.949,709.509,437.813,257.982,0.998,-1,-1,-1
13,-1,2077.713,914.301,169.873,135.808,0.970,-1,-1,-1
13,-1,4.468,517.648,472.677,470.332,0.688,-1,-1,-1
13,-1,1080.621,708.208,444.803,258.650,0.998,-1,-1,-1
14,-1,2080.460,910.318,170.526,137.615,0.963,-1,-1,-1
14,-1,4.451,517.881,472.479,469.931,0.695,-1,-1,-1
14,-1,1061.764,702.037,452.510,263.983,0.998,-1,-1,-1
15,-1,2084.326,911.825,165.691,134.199,0.971,-1,-1,-1
15,-1,4.477,517.798,472.696,470.416,0.695,-1,-1,-1
15,-1,1044.835,697.788,454.193,267.791,0.998,-1,-1,-1
16,-1,2087.438,911.480,164.484,132.316,0.964,-1,-1,-1
16,-1,4.464,518.360,472.707,469.198,0.707,-1,-1,-1
16,-1,1027.914,694.575,459.415,271.319,0.998,-1,-1,-1
17,-1,2090.447,909.455,162.480,132.376,0.963,-1,-1,-1
17,-1,4.430,519.004,473.217,468.463,0.713,-1,-1,-1
17,-1,1007.986,692.133,470.046,273.740,0.997,-1,-1,-1
18,-1,992.519,692.254,480.646,274.629,0.998,-1,-1,-1
18,-1,2092.851,910.384,162.698,129.746,0.949,-1,-1,-1
18,-1,4.372,519.027,473.214,469.129,0.682,-1,-1,-1
19,-1,973.599,689.458,494.606,278.218,0.998,-1,-1,-1
19,-1,2095.551,910.417,161.737,127.550,0.941,-1,-1,-1
19,-1,4.345,518.668,473.458,469.671,0.677,-1,-1,-1
20,-1,957.768,684.902,502.214,282.059,0.998,-1,-1,-1
20,-1,2098.782,908.178,161.291,127.924,0.907,-1,-1,-1
20,-1,4.332,518.464,473.502,469.600,0.680,-1,-1,-1
21,-1,943.078,682.632,507.982,284.474,0.998,-1,-1,-1
21,-1,2103.580,906.450,159.688,127.787,0.897,-1,-1,-1
21,-1,4.355,518.121,473.412,470.533,0.685,-1,-1,-1
22,-1,925.966,681.962,516.029,285.990,0.998,-1,-1,-1
22,-1,2109.448,904.404,156.377,127.850,0.860,-1,-1,-1
22,-1,4.360,518.138,473.092,470.680,0.677,-1,-1,-1
23,-1,910.058,677.030,521.437,290.755,0.998,-1,-1,-1
23,-1,2112.568,903.596,155.757,127.216,0.906,-1,-1,-1
23,-1,4.354,518.235,472.737,470.554,0.668,-1,-1,-1
24,-1,897.030,676.386,528.561,291.881,0.998,-1,-1,-1
24,-1,2114.681,903.308,154.882,125.871,0.908,-1,-1,-1
24,-1,4.332,518.396,472.769,470.183,0.676,-1,-1,-1
25,-1,888.136,676.158,529.466,294.549,0.998,-1,-1,-1
25,-1,2117.700,901.281,153.814,126.967,0.882,-1,-1,-1
25,-1,4.298,519.083,473.917,469.630,0.689,-1,-1,-1
26,-1,878.619,671.200,533.949,298.945,0.997,-1,-1,-1
26,-1,2120.106,900.317,152.366,128.089,0.852,-1,-1,-1
26,-1,4.322,519.372,473.947,469.398,0.686,-1,-1,-1
27,-1,866.591,671.013,539.648,298.189,0.997,-1,-1,-1
27,-1,2121.765,900.811,152.796,126.644,0.824,-1,-1,-1
27,-1,4.298,519.270,473.917,469.409,0.701,-1,-1,-1
28,-1,854.461,669.447,545.745,299.709,0.997,-1,-1,-1
28,-1,2124.833,899.174,151.065,127.001,0.804,-1,-1,-1
28,-1,4.273,519.463,473.726,469.534,0.688,-1,-1,-1
29,-1,842.152,668.522,550.362,302.164,0.997,-1,-1,-1
29,-1,2126.638,898.751,150.112,126.529,0.785,-1,-1,-1
29,-1,4.271,519.488,473.758,469.349,0.699,-1,-1,-1
30,-1,3.067,1040.865,286.068,588.409,0.643,-1,-1,-1
30,-1,829.559,667.438,558.022,303.277,0.998,-1,-1,-1
30,-1,2126.539,897.737,151.989,126.431,0.758,-1,-1,-1
30,-1,4.478,522.636,471.438,471.732,0.799,-1,-1,-1
31,-1,820.021,666.026,562.557,305.197,0.998,-1,-1,-1
31,-1,2128.287,897.100,150.024,127.401,0.589,-1,-1,-1
31,-1,4.663,523.500,477.979,468.567,0.746,-1,-1,-1
32,-1,9.634,907.120,848.490,689.115,0.824,-1,-1,-1
32,-1,804.024,664.536,571.980,310.856,0.998,-1,-1,-1
32,-1,5.097,521.470,475.726,474.107,0.708,-1,-1,-1
33,-1,9.576,869.997,1069.685,703.517,0.950,-1,-1,-1
33,-1,796.023,665.119,575.728,311.826,0.998,-1,-1,-1
34,-1,787.418,664.059,573.483,315.576,0.997,-1,-1,-1
34,-1,15.567,883.674,1245.997,733.368,0.977,-1,-1,-1
35,-1,783.801,662.016,572.833,319.343,0.997,-1,-1,-1
35,-1,26.292,897.618,1371.863,686.746,0.987,-1,-1,-1
35,-1,5.006,525.218,475.248,455.131,0.528,-1,-1,-1
36,-1,777.228,660.760,574.173,320.187,0.995,-1,-1,-1
36,-1,196.908,890.592,1340.262,666.261,0.994,-1,-1,-1
36,-1,4.917,524.434,479.330,468.903,0.577,-1,-1,-1
37,-1,4.660,521.583,476.798,470.570,0.666,-1,-1,-1
37,-1,771.751,660.796,577.702,312.341,0.993,-1,-1,-1
37,-1,451.912,915.466,1168.611,615.600,0.995,-1,-1,-1
38,-1,4.544,520.418,476.756,469.776,0.703,-1,-1,-1
38,-1,765.592,661.672,578.136,316.902,0.992,-1,-1,-1
38,-1,677.247,923.730,1022.840,581.976,0.994,-1,-1,-1
39,-1,4.479,519.949,475.922,469.116,0.716,-1,-1,-1
39,-1,760.256,662.251,579.705,315.523,0.992,-1,-1,-1
39,-1,846.204,929.923,935.204,539.664,0.996,-1,-1,-1
40,-1,4.483,519.472,474.958,469.638,0.714,-1,-1,-1
40,-1,754.909,660.828,579.773,315.574,0.991,-1,-1,-1
40,-1,1005.673,934.597,832.113,506.688,0.995,-1,-1,-1
41,-1,746.248,659.644,590.661,314.964,0.994,-1,-1,-1
41,-1,4.403,516.444,474.264,472.859,0.669,-1,-1,-1
41,-1,1140.762,935.760,753.168,484.592,0.995,-1,-1,-1
42,-1,742.109,659.522,588.432,313.909,0.996,-1,-1,-1
42,-1,4.389,516.804,474.072,472.469,0.688,-1,-1,-1
42,-1,1253.281,939.970,678.782,454.140,0.994,-1,-1,-1
43,-1,736.260,657.957,590.682,314.130,0.996,-1,-1,-1
43,-1,4.396,517.262,471.533,472.950,0.679,-1,-1,-1
43,-1,1344.281,940.530,632.834,424.826,0.995,-1,-1,-1
44,-1,729.298,654.044,593.754,317.784,0.996,-1,-1,-1
44,-1,4.493,515.313,468.773,474.375,0.668,-1,-1,-1
44,-1,1424.559,946.111,579.927,395.008,0.997,-1,-1,-1
45,-1,723.267,652.872,596.308,317.639,0.997,-1,-1,-1
45,-1,4.521,514.656,468.099,475.976,0.676,-1,-1,-1
45,-1,1501.448,948.199,532.196,375.079,0.996,-1,-1,-1
46,-1,717.825,653.860,597.652,316.270,0.997,-1,-1,-1
46,-1,4.706,514.368,463.337,478.831,0.669,-1,-1,-1
46,-1,1560.243,951.007,493.000,351.198,0.997,-1,-1,-1
47,-1,709.235,654.211,603.393,315.541,0.997,-1,-1,-1
47,-1,4.777,511.952,459.478,481.215,0.702,-1,-1,-1
47,-1,1605.901,951.668,469.193,333.030,0.997,-1,-1,-1
48,-1,702.863,652.693,604.278,317.060,0.997,-1,-1,-1
48,-1,1659.082,955.010,429.749,313.259,0.997,-1,-1,-1
48,-1,4.861,507.619,450.950,484.727,0.680,-1,-1,-1
49,-1,695.772,652.161,604.683,316.718,0.997,-1,-1,-1
49,-1,1703.393,956.019,405.999,299.578,0.997,-1,-1,-1
49,-1,4.857,509.915,444.330,481.851,0.628,-1,-1,-1
50,-1,688.170,653.777,610.179,314.066,0.997,-1,-1,-1
50,-1,1737.925,956.751,379.693,286.835,0.997,-1,-1,-1
50,-1,1631.417,788.067,174.387,127.519,0.581,-1,-1,-1
50,-1,5.068,509.923,433.130,483.145,0.635,-1,-1,-1
51,-1,679.950,653.911,615.387,314.851,0.997,-1,-1,-1
51,-1,1774.560,959.093,351.175,275.810,0.996,-1,-1,-1
51,-1,5.302,510.345,422.643,482.395,0.539,-1,-1,-1
52,-1,669.535,649.212,624.153,318.852,0.997,-1,-1,-1
52,-1,1798.129,960.092,334.586,260.872,0.996,-1,-1,-1
53,-1,663.425,651.162,624.111,317.067,0.993,-1,-1,-1
53,-1,1824.672,956.523,317.478,255.935,0.996,-1,-1,-1
54,-1,1848.421,957.170,300.292,243.901,0.997,-1,-1,-1
54,-1,1569.690,780.818,188.388,131.496,0.898,-1,-1,-1
54,-1,653.298,651.074,625.702,320.406,0.998,-1,-1,-1
55,-1,1871.011,962.312,283.315,226.653,0.996,-1,-1,-1
55,-1,1553.653,779.544,194.316,133.341,0.961,-1,-1,-1
55,-1,643.907,650.157,629.613,323.390,0.997,-1,-1,-1
56,-1,1890.317,961.017,270.839,220.498,0.995,-1,-1,-1
56,-1,1539.340,778.729,195.533,134.831,0.978,-1,-1,-1
56,-1,627.985,646.289,637.495,326.562,0.995,-1,-1,-1
57,-1,1906.856,956.301,261.067,216.949,0.995,-1,-1,-1
57,-1,1523.067,776.079,201.858,136.462,0.947,-1,-1,-1
57,-1,611.139,645.053,648.350,327.052,0.998,-1,-1,-1
58,-1,1924.957,960.677,246.990,203.123,0.996,-1,-1,-1
58,-1,1504.556,774.607,209.035,139.738,0.969,-1,-1,-1
58,-1,599.629,644.926,653.567,328.142,0.997,-1,-1,-1
59,-1,1935.728,960.525,241.803,193.457,0.995,-1,-1,-1
59,-1,1487.372,770.718,211.982,142.655,0.989,-1,-1,-1
59,-1,584.430,644.184,660.228,328.154,0.998,-1,-1,-1
60,-1,1946.514,957.539,232.240,188.502,0.994,-1,-1,-1
60,-1,570.345,642.839,667.215,330.475,0.996,-1,-1,-1
60,-1,1468.034,771.636,213.195,141.661,0.984,-1,-1,-1
61,-1,1957.774,958.491,225.695,182.740,0.994,-1,-1,-1
61,-1,551.450,641.351,679.975,333.476,0.996,-1,-1,-1
61,-1,1449.391,765.954,217.988,149.459,0.991,-1,-1,-1
62,-1,1966.067,956.563,219.726,175.603,0.992,-1,-1,-1
62,-1,532.005,637.815,691.913,336.372,0.996,-1,-1,-1
62,-1,1424.711,762.846,231.579,151.430,0.990,-1,-1,-1
63,-1,1974.137,951.214,218.259,175.778,0.990,-1,-1,-1
63,-1,508.843,633.714,704.809,339.294,0.996,-1,-1,-1
63,-1,1405.853,762.869,235.089,151.950,0.990,-1,-1,-1
64,-1,1980.665,949.324,214.101,172.993,0.990,-1,-1,-1
64,-1,479.209,629.946,713.875,345.836,0.996,-1,-1,-1
64,-1,1379.363,757.597,241.636,159.547,0.993,-1,-1,-1
65,-1,1988.435,948.752,208.880,168.522,0.990,-1,-1,-1
65,-1,442.063,622.112,730.428,348.788,0.997,-1,-1,-1
65,-1,1355.767,753.028,250.269,163.790,0.991,-1,-1,-1
66,-1,1993.274,945.908,207.863,166.707,0.990,-1,-1,-1
66,-1,407.060,616.827,743.093,353.387,0.997,-1,-1,-1
66,-1,1330.724,750.680,259.975,167.220,0.981,-1,-1,-1
67,-1,2002.893,943.777,202.227,165.640,0.986,-1,-1,-1
67,-1,361.186,614.639,768.558,357.327,0.997,-1,-1,-1
67,-1,1302.563,748.356,270.790,169.679,0.988,-1,-1,-1
68,-1,2010.557,940.865,195.996,163.551,0.989,-1,-1,-1
68,-1,315.023,607.967,795.877,362.779,0.997,-1,-1,-1
68,-1,1274.454,742.041,274.944,173.762,0.990,-1,-1,-1
69,-1,2014.170,938.651,196.495,163.829,0.986,-1,-1,-1
69,-1,262.694,600.752,828.624,371.280,0.996,-1,-1,-1
69,-1,1243.682,737.621,283.855,177.354,0.987,-1,-1,-1
70,-1,2019.185,938.385,191.523,160.722,0.985,-1,-1,-1
70,-1,209.426,591.980,853.032,379.003,0.997,-1,-1,-1
70,-1,1216.377,733.331,298.219,181.305,0.994,-1,-1,-1
71,-1,2021.249,935.373,190.656,159.995,0.981,-1,-1,-1
71,-1,155.362,582.978,871.849,387.663,0.998,-1,-1,-1
71,-1,1186.340,725.525,306.102,186.142,0.996,-1,-1,-1
72,-1,2026.901,935.663,187.630,156.781,0.980,-1,-1,-1
72,-1,76.324,576.960,908.858,392.775,0.998,-1,-1,-1
72,-1,1155.602,723.126,312.167,186.815,0.997,-1,-1,-1
73,-1,2032.205,935.128,183.708,156.450,0.976,-1,-1,-1
73,-1,15.410,569.067,936.373,402.955,0.996,-1,-1,-1
73,-1,1117.990,716.507,329.815,194.430,0.995,-1,-1,-1
74,-1,2039.821,936.545,177.831,149.943,0.981,-1,-1,-1
74,-1,4.740,562.445,900.363,412.859,0.973,-1,-1,-1
74,-1,1082.631,712.605,342.051,196.357,0.997,-1,-1,-1
75,-1,2044.112,935.661,173.217,144.883,0.982,-1,-1,-1
75,-1,4.885,558.080,859.822,417.599,0.959,-1,-1,-1
75,-1,1044.803,705.758,353.699,203.329,0.997,-1,-1,-1
76,-1,2048.415,933.878,172.868,143.466,0.978,-1,-1,-1
76,-1,4.734,553.414,808.285,421.839,0.973,-1,-1,-1
76,-1,999.525,700.988,375.499,207.282,0.997,-1,-1,-1
77,-1,2052.987,931.795,168.654,140.688,0.968,-1,-1,-1
77,-1,5.196,540.415,743.839,437.184,0.967,-1,-1,-1
77,-1,958.588,695.952,385.693,211.650,0.998,-1,-1,-1
78,-1,2054.865,930.419,164.537,136.010,0.967,-1,-1,-1
78,-1,6.427,536.441,686.190,439.265,0.953,-1,-1,-1
78,-1,914.640,691.082,397.499,214.474,0.998,-1,-1,-1
79,-1,2059.079,930.063,161.714,130.636,0.959,-1,-1,-1
79,-1,5.217,529.215,627.236,447.340,0.927,-1,-1,-1
79,-1,872.878,680.495,420.617,224.808,0.999,-1,-1,-1
80,-1,822.046,675.055,436.331,228.267,0.999,-1,-1,-1
80,-1,2059.460,927.985,161.427,129.789,0.958,-1,-1,-1
80,-1,3.477,512.477,560.563,466.711,0.850,-1,-1,-1
81,-1,775.775,662.165,456.035,239.904,0.998,-1,-1,-1
81,-1,2061.090,925.990,160.969,128.816,0.961,-1,-1,-1
81,-1,3.564,511.614,493.059,468.599,0.788,-1,-1,-1
82,-1,722.481,655.442,472.855,245.326,0.998,-1,-1,-1
82,-1,2065.394,923.784,158.575,128.531,0.955,-1,-1,-1
83,-1,661.171,646.866,498.112,252.704,0.998,-1,-1,-1
83,-1,2067.939,921.912,158.114,128.605,0.942,-1,-1,-1
84,-1,2067.535,920.426,158.596,126.116,0.945,-1,-1,-1
84,-1,606.654,639.869,514.675,257.094,0.998,-1,-1,-1
85,-1,2070.623,919.694,157.622,124.737,0.946,-1,-1,-1
85,-1,542.013,627.755,536.357,260.412,0.979,-1,-1,-1
85,-1,545.072,628.336,529.769,261.830,0.795,-1,-1,-1
86,-1,2074.116,917.506,155.207,123.682,0.944,-1,-1,-1
86,-1,470.302,622.425,550.962,267.282,0.997,-1,-1,-1
87,-1,2075.912,916.674,154.145,123.003,0.953,-1,-1,-1
87,-1,393.643,613.019,580.830,274.321,0.998,-1,-1,-1
88,-1,2080.372,915.723,151.802,122.436,0.946,-1,-1,-1
88,-1,317.537,606.805,607.729,279.094,0.997,-1,-1,-1
88,-1,1870.630,821.353,132.591,106.600,0.551,-1,-1,-1
89,-1,2082.198,914.515,151.761,121.421,0.949,-1,-1,-1
89,-1,226.891,595.373,648.679,287.240,0.997,-1,-1,-1
89,-1,1863.034,819.638,136.154,107.558,0.767,-1,-1,-1
90,-1,2084.192,912.949,150.651,120.518,0.947,-1,-1,-1
90,-1,148.517,585.269,653.908,290.779,0.998,-1,-1,-1
90,-1,1859.078,817.947,134.485,108.074,0.793,-1,-1,-1
91,-1,2088.439,912.849,147.910,119.503,0.948,-1,-1,-1
91,-1,53.880,574.278,676.602,294.592,0.998,-1,-1,-1
91,-1,1849.499,817.095,136.306,108.481,0.836,-1,-1,-1
92,-1,2091.753,911.575,145.376,120.805,0.915,-1,-1,-1
92,-1,5.890,569.631,668.918,298.075,0.997,-1,-1,-1
92,-1,1842.560,816.795,134.313,109.128,0.781,-1,-1,-1
93,-1,2098.489,909.924,143.578,122.952,0.901,-1,-1,-1
93,-1,4.185,553.674,604.562,311.685,0.970,-1,-1,-1
93,-1,1830.800,814.869,135.863,110.305,0.848,-1,-1,-1
94,-1,2101.941,908.608,141.545,121.739,0.901,-1,-1,-1
94,-1,3.124,544.599,543.046,319.772,0.908,-1,-1,-1
94,-1,1824.294,812.963,136.500,111.264,0.880,-1,-1,-1
95,-1,2105.827,907.803,141.470,121.170,0.886,-1,-1,-1
95,-1,6.450,750.630,929.934,757.997,0.627,-1,-1,-1
95,-1,1820.579,811.293,137.373,111.938,0.874,-1,-1,-1
96,-1,2105.987,906.973,142.603,121.267,0.854,-1,-1,-1
96,-1,10.749,720.514,1082.068,703.595,0.978,-1,-1,-1
96,-1,1812.721,811.317,140.774,111.432,0.867,-1,-1,-1
97,-1,2107.777,906.425,142.584,121.273,0.780,-1,-1,-1
97,-1,89.595,713.705,1123.015,645.985,0.998,-1,-1,-1
97,-1,1803.420,812.898,141.098,108.703,0.795,-1,-1,-1
98,-1,2109.063,906.010,142.816,121.277,0.641,-1,-1,-1
98,-1,339.187,730.345,990.957,579.268,0.998,-1,-1,-1
99,-1,2110.129,906.597,142.543,120.004,0.664,-1,-1,-1
99,-1,555.534,746.454,851.261,516.991,0.996,-1,-1,-1
99,-1,1788.681,811.250,142.197,111.318,0.657,-1,-1,-1
100,-1,2112.353,908.885,142.783,117.138,0.726,-1,-1,-1
100,-1,726.488,755.375,765.108,476.190,0.995,-1,-1,-1
100,-1,1780.261,810.585,145.799,110.680,0.882,-1,-1,-1
101,-1,2115.661,907.925,143.602,117.166,0.695,-1,-1,-1
101,-1,873.503,762.921,680.874,436.086,0.996,-1,-1,-1
101,-1,1771.928,808.969,143.596,111.755,0.906,-1,-1,-1
102,-1,2118.159,907.750,145.335,117.765,0.685,-1,-1,-1
102,-1,987.765,768.118,625.371,414.100,0.997,-1,-1,-1
102,-1,1764.531,809.315,143.440,111.452,0.933,-1,-1,-1
103,-1,2118.844,908.330,145.472,116.296,0.635,-1,-1,-1
103,-1,1093.828,772.420,569.776,394.584,0.998,-1,-1,-1
103,-1,1757.331,807.198,143.473,113.602,0.942,-1,-1,-1
104,-1,2122.281,907.763,144.749,117.226,0.603,-1,-1,-1
104,-1,1183.581,784.934,526.252,358.591,0.998,-1,-1,-1
104,-1,1750.459,805.856,141.589,113.316,0.916,-1,-1,-1
105,-1,1743.617,802.666,143.928,112.487,0.565,-1,-1,-1
105,-1,1250.181,788.232,496.999,339.440,0.998,-1,-1,-1
106,-1,1321.184,803.077,460.361,308.744,0.998,-1,-1,-1
107,-1,1384.608,812.278,430.700,289.695,0.998,-1,-1,-1
108,-1,1444.189,824.065,394.901,270.235,0.998,-1,-1,-1
109,-1,1501.394,827.570,360.406,257.728,0.996,-1,-1,-1
110,-1,1547.626,830.842,336.599,246.607,0.994,-1,-1,-1
111,-1,1596.788,839.950,311.371,232.542,0.996,-1,-1,-1
112,-1,1631.228,850.768,295.479,217.264,0.998,-1,-1,-1
113,-1,1670.574,859.130,272.805,203.310,0.997,-1,-1,-1
114,-1,1699.026,857.025,259.649,198.926,0.996,-1,-1,-1
115,-1,1719.362,854.986,256.446,194.505,0.995,-1,-1,-1
116,-1,1745.043,857.785,239.530,185.024,0.994,-1,-1,-1
116,-1,1587.733,774.485,190.403,136.581,0.631,-1,-1,-1
116,-1,4.195,849.417,495.974,522.750,0.582,-1,-1,-1
117,-1,1765.575,858.889,233.024,179.666,0.994,-1,-1,-1
117,-1,1561.798,772.472,197.915,138.648,0.979,-1,-1,-1
117,-1,6.067,751.889,730.913,626.369,0.831,-1,-1,-1
118,-1,1790.365,861.525,220.088,176.512,0.990,-1,-1,-1
118,-1,1548.116,770.750,196.423,140.772,0.984,-1,-1,-1
118,-1,2.756,755.875,941.645,600.051,0.928,-1,-1,-1
119,-1,1807.589,865.748,213.275,170.964,0.990,-1,-1,-1
119,-1,1532.673,771.535,197.242,138.197,0.607,-1,-1,-1
119,-1,94.889,765.658,1011.492,523.131,0.998,-1,-1,-1
119,-1,1531.020,772.874,199.232,138.211,0.820,-1,-1,-1
120,-1,1823.290,869.574,208.685,164.822,0.989,-1,-1,-1
120,-1,376.139,773.875,865.758,467.435,0.996,-1,-1,-1
120,-1,1509.752,769.662,211.542,143.118,0.980,-1,-1,-1
121,-1,1839.770,870.214,196.401,163.486,0.985,-1,-1,-1
121,-1,601.937,784.966,737.634,422.632,0.996,-1,-1,-1
121,-1,1489.883,765.606,220.486,148.723,0.985,-1,-1,-1
122,-1,1853.692,872.888,192.995,157.154,0.992,-1,-1,-1
122,-1,770.304,791.507,661.950,392.323,0.995,-1,-1,-1
122,-1,1473.519,764.580,216.388,147.306,0.986,-1,-1,-1
123,-1,1868.927,869.707,185.633,156.872,0.971,-1,-1,-1
123,-1,914.681,792.328,590.608,365.081,0.995,-1,-1,-1
123,-1,1448.427,759.909,224.950,153.024,0.981,-1,-1,-1
124,-1,1882.632,869.207,179.920,155.446,0.985,-1,-1,-1
124,-1,1036.035,795.972,542.652,339.141,0.997,-1,-1,-1
124,-1,1422.165,756.876,234.786,154.611,0.928,-1,-1,-1
125,-1,1897.899,873.013,172.296,146.763,0.988,-1,-1,-1
125,-1,1134.044,806.222,491.122,311.768,0.999,-1,-1,-1
126,-1,1909.342,875.154,172.331,142.831,0.988,-1,-1,-1
126,-1,1221.271,818.527,447.979,284.776,0.998,-1,-1,-1
127,-1,1924.520,873.722,165.172,140.240,0.982,-1,-1,-1
127,-1,1301.988,827.419,400.364,267.237,0.999,-1,-1,-1
128,-1,1935.346,871.763,161.812,139.352,0.979,-1,-1,-1
128,-1,1364.170,840.985,378.041,241.664,0.996,-1,-1,-1
129,-1,1943.963,870.863,161.494,138.693,0.963,-1,-1,-1
129,-1,1425.575,846.867,345.502,226.339,0.996,-1,-1,-1
129,-1,1289.415,738.695,273.020,167.442,0.806,-1,-1,-1
130,-1,1952.715,870.554,155.693,135.729,0.965,-1,-1,-1
130,-1,1485.986,852.742,314.745,213.748,0.995,-1,-1,-1
130,-1,1259.403,729.880,281.968,179.328,0.984,-1,-1,-1
131,-1,1962.113,871.188,150.794,134.127,0.921,-1,-1,-1
131,-1,1531.424,855.578,298.851,204.523,0.994,-1,-1,-1
131,-1,1230.993,722.168,295.137,185.993,0.993,-1,-1,-1
132,-1,1573.545,862.460,280.341,190.215,0.993,-1,-1,-1
132,-1,3.726,748.541,561.979,534.119,0.588,-1,-1,-1
132,-1,1197.663,718.848,311.172,187.746,0.995,-1,-1,-1
132,-1,1967.513,872.854,148.859,128.969,0.927,-1,-1,-1
133,-1,1614.234,861.456,264.600,188.098,0.992,-1,-1,-1
133,-1,4.315,751.355,806.984,530.607,0.928,-1,-1,-1
133,-1,1162.950,714.379,317.187,192.622,0.995,-1,-1,-1
133,-1,1971.744,873.935,147.935,127.592,0.834,-1,-1,-1
134,-1,59.323,732.755,944.635,489.572,0.993,-1,-1,-1
134,-1,1124.934,710.279,334.751,197.951,0.996,-1,-1,-1
134,-1,1652.407,866.747,245.295,176.834,0.988,-1,-1,-1
134,-1,1977.658,870.399,147.311,127.761,0.764,-1,-1,-1
135,-1,1079.289,699.930,356.187,208.392,0.993,-1,-1,-1
135,-1,341.921,748.136,818.911,439.050,0.996,-1,-1,-1
135,-1,1685.133,872.984,231.333,166.369,0.990,-1,-1,-1
135,-1,1983.449,873.491,142.543,125.064,0.709,-1,-1,-1
136,-1,1034.479,694.841,374.801,211.365,0.923,-1,-1,-1
136,-1,574.258,754.392,706.731,398.073,0.995,-1,-1,-1
136,-1,1714.347,874.005,217.862,162.974,0.988,-1,-1,-1
136,-1,1989.134,873.059,142.930,123.545,0.593,-1,-1,-1
137,-1,759.492,760.375,617.965,368.518,0.996,-1,-1,-1
137,-1,1736.741,876.858,212.365,156.423,0.989,-1,-1,-1
137,-1,1991.571,873.637,141.128,121.411,0.551,-1,-1,-1
138,-1,905.295,780.900,553.792,334.589,0.997,-1,-1,-1
138,-1,1758.735,878.241,203.378,152.772,0.986,-1,-1,-1
138,-1,1997.281,874.334,138.972,119.844,0.509,-1,-1,-1
139,-1,1781.953,882.272,192.322,146.054,0.978,-1,-1,-1
139,-1,2011.465,875.127,139.024,118.949,0.534,-1,-1,-1
139,-1,892.092,673.457,442.601,231.227,0.694,-1,-1,-1
139,-1,1018.238,789.601,516.456,309.272,0.993,-1,-1,-1
140,-1,1800.853,880.794,186.911,143.253,0.977,-1,-1,-1
140,-1,2018.959,872.742,138.096,120.955,0.529,-1,-1,-1
140,-1,846.228,665.079,446.841,239.806,0.961,-1,-1,-1
140,-1,1130.777,800.664,448.963,288.999,0.993,-1,-1,-1
141,-1,1817.443,878.632,180.380,144.659,0.977,-1,-1,-1
141,-1,800.109,656.832,451.499,251.561,0.995,-1,-1,-1
141,-1,1225.618,806.003,400.517,268.866,0.998,-1,-1,-1
142,-1,1835.131,882.188,176.058,139.406,0.987,-1,-1,-1
142,-1,744.929,641.313,481.136,266.571,0.997,-1,-1,-1
142,-1,1295.957,813.228,384.422,251.159,0.999,-1,-1,-1
143,-1,1850.388,883.920,167.019,133.728,0.987,-1,-1,-1
143,-1,685.399,630.407,502.240,274.707,0.997,-1,-1,-1
143,-1,1359.721,822.810,360.157,236.506,0.998,-1,-1,-1
144,-1,1864.226,876.369,163.776,137.665,0.974,-1,-1,-1
144,-1,1422.517,832.802,332.368,223.603,0.997,-1,-1,-1
144,-1,620.923,622.614,535.551,278.151,0.997,-1,-1,-1
145,-1,1879.210,877.515,159.511,134.422,0.970,-1,-1,-1
145,-1,1473.058,842.915,311.075,207.791,0.997,-1,-1,-1
145,-1,547.749,617.309,562.101,284.284,0.995,-1,-1,-1
145,-1,81.503,1027.552,1457.583,883.532,0.698,-1,-1,-1
146,-1,1893.286,881.386,153.249,127.048,0.919,-1,-1,-1
146,-1,1524.284,848.159,284.831,196.040,0.994,-1,-1,-1
146,-1,475.080,608.238,586.653,290.342,0.996,-1,-1,-1
146,-1,577.656,981.706,1106.224,751.952,0.985,-1,-1,-1
147,-1,1906.196,885.875,151.452,123.180,0.921,-1,-1,-1
147,-1,1556.621,851.820,276.907,188.645,0.993,-1,-1,-1
147,-1,380.423,595.154,623.461,301.417,0.996,-1,-1,-1
147,-1,892.773,957.175,886.508,646.373,0.985,-1,-1,-1
148,-1,1917.873,884.548,149.240,122.860,0.933,-1,-1,-1
148,-1,1604.085,853.129,255.635,182.516,0.989,-1,-1,-1
148,-1,297.679,589.320,658.437,303.762,0.996,-1,-1,-1
148,-1,1111.269,932.108,735.482,583.564,0.991,-1,-1,-1
149,-1,1929.840,882.822,147.779,121.393,0.916,-1,-1,-1
149,-1,1641.334,855.643,243.964,178.112,0.985,-1,-1,-1
149,-1,202.982,573.886,698.766,313.252,0.997,-1,-1,-1
149,-1,1267.546,922.225,639.008,507.294,0.987,-1,-1,-1
150,-1,1669.054,860.995,239.577,175.113,0.971,-1,-1,-1
150,-1,115.013,563.623,721.347,317.990,0.996,-1,-1,-1
150,-1,1937.673,881.209,143.158,120.814,0.779,-1,-1,-1
150,-1,1388.114,924.608,558.343,442.903,0.994,-1,-1,-1
151,-1,1704.059,865.090,219.960,162.629,0.936,-1,-1,-1
151,-1,13.986,550.800,759.373,324.946,0.994,-1,-1,-1
151,-1,1942.464,881.627,143.820,119.138,0.726,-1,-1,-1
151,-1,1485.499,924.715,499.488,396.189,0.995,-1,-1,-1
152,-1,1727.265,864.631,213.610,154.124,0.731,-1,-1,-1
152,-1,5.430,541.728,696.620,332.793,0.974,-1,-1,-1
152,-1,1950.132,881.725,144.214,118.812,0.571,-1,-1,-1
152,-1,1571.871,937.957,451.787,341.360,0.994,-1,-1,-1
153,-1,1742.283,865.247,209.374,144.924,0.856,-1,-1,-1
153,-1,5.797,530.178,630.772,341.429,0.970,-1,-1,-1
153,-1,1635.316,950.760,408.850,298.348,0.997,-1,-1,-1
154,-1,1698.351,949.245,361.922,269.560,0.997,-1,-1,-1
154,-1,1767.504,865.644,203.939,139.870,0.655,-1,-1,-1
154,-1,4.305,512.839,571.262,355.968,0.964,-1,-1,-1
155,-1,1743.419,948.154,325.996,247.197,0.998,-1,-1,-1
155,-1,3.619,501.452,503.794,362.943,0.899,-1,-1,-1
156,-1,1780.138,941.154,303.305,241.039,0.998,-1,-1,-1
156,-1,5.450,493.362,446.025,371.909,0.645,-1,-1,-1
157,-1,1815.671,945.803,282.322,217.914,0.998,-1,-1,-1
158,-1,1848.532,948.951,265.465,197.766,0.998,-1,-1,-1
159,-1,1876.729,949.022,246.643,185.466,0.997,-1,-1,-1
160,-1,1898.328,944.257,232.712,180.269,0.997,-1,-1,-1
161,-1,1920.725,939.245,220.691,171.951,0.997,-1,-1,-1
161,-1,1890.519,871.200,157.157,116.493,0.517,-1,-1,-1
162,-1,1936.810,936.950,214.402,166.848,0.997,-1,-1,-1
163,-1,1951.320,931.750,208.315,165.076,0.997,-1,-1,-1
164,-1,1971.604,934.929,196.487,153.669,0.997,-1,-1,-1
164,-1,1720.023,800.432,157.886,118.353,0.556,-1,-1,-1
165,-1,1979.256,928.399,197.227,152.912,0.995,-1,-1,-1
166,-1,1995.281,925.673,189.549,151.968,0.996,-1,-1,-1
167,-1,2005.073,922.487,185.787,148.359,0.994,-1,-1,-1
167,-1,1677.477,787.336,169.766,130.816,0.986,-1,-1,-1
168,-1,2014.560,923.161,183.487,146.052,0.996,-1,-1,-1
168,-1,1664.015,787.177,171.305,130.985,0.967,-1,-1,-1
169,-1,2024.259,921.378,181.000,142.156,0.995,-1,-1,-1
169,-1,1645.116,785.261,180.410,133.807,0.978,-1,-1,-1
170,-1,2031.417,916.659,175.438,139.578,0.993,-1,-1,-1
170,-1,1634.600,784.302,177.508,133.952,0.989,-1,-1,-1
171,-1,2038.703,917.481,170.924,135.365,0.991,-1,-1,-1
171,-1,1610.925,780.060,190.993,135.960,0.986,-1,-1,-1
172,-1,2048.448,919.675,164.827,131.650,0.990,-1,-1,-1
172,-1,1592.964,777.926,193.525,137.920,0.916,-1,-1,-1
173,-1,2052.296,915.896,167.554,131.703,0.990,-1,-1,-1
173,-1,1566.731,774.451,204.208,139.698,0.987,-1,-1,-1
174,-1,2058.140,913.532,164.402,129.448,0.988,-1,-1,-1
174,-1,1548.109,772.597,203.307,142.174,0.992,-1,-1,-1
175,-1,2064.800,912.057,160.985,127.572,0.986,-1,-1,-1
175,-1,1528.054,773.441,209.749,143.401,0.991,-1,-1,-1
176,-1,2071.737,911.509,154.532,123.894,0.975,-1,-1,-1
176,-1,1506.129,768.308,218.438,151.583,0.993,-1,-1,-1
177,-1,2076.136,907.072,150.511,121.604,0.957,-1,-1,-1
177,-1,1484.815,763.959,224.860,155.631,0.996,-1,-1,-1
178,-1,2081.674,902.252,149.083,122.789,0.933,-1,-1,-1
178,-1,1461.245,756.243,234.937,162.554,0.993,-1,-1,-1
179,-1,2082.941,895.485,148.842,125.252,0.885,-1,-1,-1
179,-1,4.945,771.273,621.450,603.258,0.605,-1,-1,-1
179,-1,1432.388,755.048,244.176,161.738,0.995,-1,-1,-1
180,-1,2091.796,897.554,143.107,125.448,0.802,-1,-1,-1
180,-1,3.928,769.417,891.983,615.658,0.864,-1,-1,-1
180,-1,1405.858,750.186,256.883,169.624,0.995,-1,-1,-1
181,-1,2096.597,897.822,144.402,125.587,0.678,-1,-1,-1
181,-1,17.919,761.277,1073.487,553.008,0.990,-1,-1,-1
181,-1,1379.578,745.052,266.085,175.386,0.997,-1,-1,-1
182,-1,2099.610,897.392,144.067,122.582,0.627,-1,-1,-1
182,-1,336.202,766.844,910.688,484.570,0.997,-1,-1,-1
182,-1,1344.895,742.497,276.460,177.641,0.994,-1,-1,-1
183,-1,2102.945,897.851,144.323,120.967,0.595,-1,-1,-1
183,-1,600.066,784.004,764.167,423.984,0.995,-1,-1,-1
183,-1,1314.700,741.786,280.567,181.009,0.989,-1,-1,-1
184,-1,2105.682,897.454,143.000,119.762,0.510,-1,-1,-1
184,-1,795.145,789.775,678.719,387.602,0.994,-1,-1,-1
184,-1,1278.747,733.399,300.424,186.202,0.969,-1,-1,-1
185,-1,948.147,793.540,590.948,359.596,0.998,-1,-1,-1
186,-1,1075.928,811.085,529.001,322.819,0.998,-1,-1,-1
187,-1,1180.026,819.846,476.348,291.941,0.998,-1,-1,-1
188,-1,1113.994,704.273,352.382,204.702,0.944,-1,-1,-1
188,-1,1262.158,826.599,440.645,270.903,0.997,-1,-1,-1
189,-1,1061.544,694.914,390.965,219.201,0.989,-1,-1,-1
189,-1,1342.983,830.171,407.451,258.531,0.996,-1,-1,-1
190,-1,1417.995,840.343,367.805,237.981,0.997,-1,-1,-1
190,-1,1011.732,688.272,409.356,226.402,0.997,-1,-1,-1
191,-1,1479.350,853.732,336.797,217.017,0.997,-1,-1,-1
191,-1,953.250,674.638,428.974,244.223,0.997,-1,-1,-1
192,-1,901.955,660.715,459.777,257.723,0.999,-1,-1,-1
192,-1,1534.935,857.059,306.315,201.080,0.996,-1,-1,-1
193,-1,846.773,650.533,474.361,267.652,0.998,-1,-1,-1
193,-1,1584.880,866.119,280.885,188.524,0.995,-1,-1,-1
194,-1,777.982,639.336,505.956,273.646,0.998,-1,-1,-1
194,-1,1629.964,869.621,261.926,177.166,0.995,-1,-1,-1
195,-1,709.641,631.136,535.800,278.258,0.996,-1,-1,-1
195,-1,1667.869,876.867,247.072,166.969,0.996,-1,-1,-1
196,-1,1699.320,878.011,232.980,161.803,0.996,-1,-1,-1
196,-1,632.994,621.540,571.553,284.828,0.998,-1,-1,-1
197,-1,1724.961,874.991,225.035,159.131,0.995,-1,-1,-1
197,-1,549.741,610.399,602.250,291.092,0.998,-1,-1,-1
198,-1,1747.518,876.184,218.241,156.434,0.992,-1,-1,-1
198,-1,455.456,595.506,643.636,301.058,0.998,-1,-1,-1
199,-1,1768.402,875.740,208.151,152.174,0.994,-1,-1,-1
199,-1,1590.007,795.206,172.308,121.700,0.833,-1,-1,-1
199,-1,345.846,583.814,688.738,311.758,0.997,-1,-1,-1
200,-1,1790.984,876.133,198.125,149.882,0.993,-1,-1,-1
200,-1,1565.227,793.428,179.284,122.842,0.939,-1,-1,-1
200,-1,233.550,569.237,744.274,324.374,0.997,-1,-1,-1
201,-1,1809.795,876.880,197.298,146.097,0.993,-1,-1,-1
201,-1,1546.470,788.392,186.290,128.222,0.961,-1,-1,-1
201,-1,133.436,554.235,772.810,329.565,0.997,-1,-1,-1
202,-1,1828.524,877.747,188.708,142.751,0.993,-1,-1,-1
202,-1,9.813,538.049,823.416,342.192,0.993,-1,-1,-1
202,-1,1525.733,789.036,189.489,126.906,0.900,-1,-1,-1
203,-1,1844.862,883.779,179.398,134.675,0.994,-1,-1,-1
203,-1,4.833,525.023,741.640,356.868,0.927,-1,-1,-1
203,-1,1507.114,787.331,192.479,126.375,0.961,-1,-1,-1
204,-1,1858.276,880.802,176.472,133.176,0.994,-1,-1,-1
204,-1,6.592,511.053,666.631,367.121,0.943,-1,-1,-1
204,-1,1485.247,782.650,192.113,129.737,0.967,-1,-1,-1
205,-1,1871.579,880.962,172.601,131.234,0.995,-1,-1,-1
205,-1,4.721,493.241,580.724,380.986,0.902,-1,-1,-1
205,-1,1459.884,780.824,198.636,133.556,0.979,-1,-1,-1
206,-1,1885.533,885.464,165.678,126.054,0.995,-1,-1,-1
206,-1,4.064,470.140,500.390,399.635,0.771,-1,-1,-1
206,-1,1433.456,777.917,206.954,135.724,0.973,-1,-1,-1
207,-1,1897.976,886.068,162.442,122.774,0.995,-1,-1,-1
207,-1,1400.091,775.457,221.111,138.196,0.990,-1,-1,-1
208,-1,1913.458,885.442,157.311,120.898,0.994,-1,-1,-1
208,-1,1373.510,771.339,226.377,144.636,0.992,-1,-1,-1
209,-1,1925.483,885.252,156.752,117.861,0.995,-1,-1,-1
209,-1,1341.661,769.158,238.662,146.244,0.992,-1,-1,-1
210,-1,1935.031,884.509,153.302,116.595,0.995,-1,-1,-1
210,-1,1304.558,764.288,256.838,151.850,0.996,-1,-1,-1
211,-1,1946.432,884.821,149.547,114.487,0.993,-1,-1,-1
211,-1,1273.134,761.619,259.218,154.719,0.995,-1,-1,-1
212,-1,1954.847,885.182,149.212,112.654,0.990,-1,-1,-1
212,-1,1241.062,757.690,269.369,157.698,0.994,-1,-1,-1
213,-1,1963.339,885.917,145.528,110.299,0.984,-1,-1,-1
213,-1,1207.127,755.299,271.011,158.162,0.996,-1,-1,-1
214,-1,1970.517,884.714,144.565,110.402,0.972,-1,-1,-1
214,-1,1169.760,750.785,279.129,159.805,0.996,-1,-1,-1
215,-1,1974.863,885.036,143.695,109.329,0.966,-1,-1,-1
215,-1,1122.949,747.012,298.948,162.160,0.997,-1,-1,-1
216,-1,1981.279,886.559,142.583,107.485,0.960,-1,-1,-1
216,-1,1080.308,741.224,304.799,169.083,0.997,-1,-1,-1
217,-1,1986.884,885.830,140.442,106.138,0.930,-1,-1,-1
217,-1,1031.767,733.531,322.368,175.030,0.998,-1,-1,-1
218,-1,1992.701,881.956,138.614,107.955,0.922,-1,-1,-1
218,-1,982.660,726.350,336.998,178.738,0.999,-1,-1,-1
219,-1,928.132,717.761,361.555,185.520,0.998,-1,-1,-1
219,-1,1999.938,880.501,137.814,108.405,0.936,-1,-1,-1
220,-1,874.385,711.129,382.844,190.293,0.999,-1,-1,-1
220,-1,2004.096,878.393,137.960,109.853,0.945,-1,-1,-1
221,-1,814.908,703.354,406.636,198.330,0.999,-1,-1,-1
221,-1,2009.626,874.164,136.828,112.159,0.958,-1,-1,-1
222,-1,749.513,697.800,425.452,201.523,0.999,-1,-1,-1
222,-1,2014.799,876.123,133.408,110.134,0.939,-1,-1,-1
223,-1,2021.691,870.136,133.752,115.403,0.966,-1,-1,-1
223,-1,683.265,690.061,444.479,208.153,0.999,-1,-1,-1
224,-1,2024.693,871.448,134.471,113.696,0.959,-1,-1,-1
224,-1,612.894,679.008,464.432,215.333,0.998,-1,-1,-1
225,-1,2026.879,873.248,134.489,110.552,0.923,-1,-1,-1
225,-1,526.199,660.739,495.718,231.061,0.998,-1,-1,-1
226,-1,2030.351,873.798,135.749,108.512,0.800,-1,-1,-1
226,-1,429.511,651.578,529.977,239.733,0.999,-1,-1,-1
227,-1,2034.656,873.286,134.855,109.118,0.524,-1,-1,-1
227,-1,336.798,638.636,566.302,250.655,0.999,-1,-1,-1
228,-1,219.864,628.900,609.699,258.707,0.999,-1,-1,-1
229,-1,125.281,618.395,630.670,264.837,0.998,-1,-1,-1
230,-1,13.072,611.204,658.209,266.929,0.997,-1,-1,-1
231,-1,2.485,597.961,586.863,276.763,0.986,-1,-1,-1
232,-1,2.380,583.253,512.556,286.081,0.984,-1,-1,-1
233,-1,4.165,579.377,432.601,287.313,0.925,-1,-1,-1
234,-1,2.624,558.496,348.111,303.316,0.843,-1,-1,-1
235,-1,2.207,549.745,250.229,310.194,0.550,-1,-1,-1
242,-1,1953.234,835.259,135.808,105.705,0.785,-1,-1,-1
243,-1,1949.903,829.772,138.882,109.943,0.876,-1,-1,-1
244,-1,1945.922,832.854,142.464,109.105,0.655,-1,-1,-1
245,-1,1942.224,828.162,142.709,114.193,0.671,-1,-1,-1
246,-1,1939.169,830.475,141.658,110.839,0.871,-1,-1,-1
247,-1,1929.658,831.125,141.386,110.327,0.869,-1,-1,-1
248,-1,1923.796,823.447,142.714,117.110,0.945,-1,-1,-1
249,-1,1915.797,821.068,141.752,120.988,0.956,-1,-1,-1
250,-1,1911.762,825.121,141.285,117.006,0.949,-1,-1,-1
251,-1,1909.164,826.261,140.123,118.123,0.965,-1,-1,-1
252,-1,1903.791,819.804,143.200,125.117,0.971,-1,-1,-1
253,-1,1895.873,818.928,143.979,126.039,0.970,-1,-1,-1
254,-1,1887.982,814.928,149.331,130.656,0.976,-1,-1,-1
255,-1,1880.964,813.321,151.346,132.019,0.972,-1,-1,-1
256,-1,1870.432,810.441,154.768,134.014,0.981,-1,-1,-1
257,-1,1858.598,811.378,158.161,133.168,0.983,-1,-1,-1
258,-1,1850.009,808.934,162.484,138.300,0.990,-1,-1,-1
259,-1,1837.518,805.469,164.052,142.563,0.994,-1,-1,-1
260,-1,1825.182,800.413,167.038,149.818,0.995,-1,-1,-1
261,-1,1816.347,796.745,165.894,151.105,0.989,-1,-1,-1
262,-1,1804.047,798.590,170.879,151.021,0.985,-1,-1,-1
263,-1,1789.313,795.348,176.491,154.645,0.996,-1,-1,-1
264,-1,1775.064,796.670,179.393,154.159,0.995,-1,-1,-1
265,-1,1761.358,789.365,188.574,161.489,0.994,-1,-1,-1
266,-1,1744.435,787.713,198.564,164.758,0.995,-1,-1,-1
267,-1,1727.015,781.566,200.315,170.429,0.988,-1,-1,-1
268,-1,1713.581,779.160,194.857,170.861,0.985,-1,-1,-1
269,-1,1693.194,766.147,212.424,185.957,0.991,-1,-1,-1
270,-1,1674.784,767.334,218.976,186.625,0.980,-1,-1,-1
271,-1,1644.328,762.531,233.905,192.615,0.991,-1,-1,-1
272,-1,1615.364,761.867,240.237,190.101,0.989,-1,-1,-1
273,-1,1594.006,759.729,240.895,193.991,0.996,-1,-1,-1
274,-1,1565.260,756.971,254.206,196.695,0.995,-1,-1,-1
275,-1,1536.629,752.774,264.818,202.806,0.996,-1,-1,-1
276,-1,1500.761,747.471,273.815,206.612,0.994,-1,-1,-1
277,-1,1465.285,739.119,287.433,214.607,0.996,-1,-1,-1
278,-1,1428.156,728.115,306.616,226.033,0.997,-1,-1,-1
279,-1,1388.292,716.898,317.477,236.634,0.998,-1,-1,-1
280,-1,1336.769,704.647,340.593,251.830,0.998,-1,-1,-1
281,-1,1287.585,696.543,363.245,260.083,0.998,-1,-1,-1
282,-1,1232.781,676.227,383.220,280.244,0.998,-1,-1,-1
283,-1,1170.829,662.181,409.375,293.047,0.998,-1,-1,-1
284,-1,1106.039,652.241,441.085,305.261,0.998,-1,-1,-1
285,-1,1027.682,640.283,471.705,319.841,0.998,-1,-1,-1
286,-1,942.106,628.159,519.445,335.347,0.996,-1,-1,-1
287,-1,846.323,609.937,568.596,358.069,0.995,-1,-1,-1
288,-1,726.504,594.535,617.364,373.678,0.998,-1,-1,-1
289,-1,584.626,566.957,687.347,410.132,0.996,-1,-1,-1
290,-1,8.967,539.228,1159.434,840.516,0.640,-1,-1,-1
290,-1,669.357,992.686,1115.536,887.280,0.981,-1,-1,-1
291,-1,10.340,518.972,1101.215,881.846,0.762,-1,-1,-1
291,-1,1057.304,957.690,829.900,697.569,0.981,-1,-1,-1
292,-1,34.055,587.244,1190.449,738.890,0.658,-1,-1,-1
292,-1,15.229,473.964,1217.745,870.607,0.756,-1,-1,-1
292,-1,31.354,490.854,1899.764,984.440,0.702,-1,-1,-1
292,-1,1294.943,943.307,693.461,597.524,0.985,-1,-1,-1
293,-1,1451.549,934.433,577.161,495.696,0.985,-1,-1,-1
293,-1,292.274,651.742,1065.635,619.647,0.989,-1,-1,-1
294,-1,1561.653,930.881,511.077,430.827,0.989,-1,-1,-1
294,-1,6.189,415.769,683.291,535.698,0.625,-1,-1,-1
294,-1,537.029,681.137,910.415,551.347,0.990,-1,-1,-1
295,-1,1659.959,928.710,444.816,376.093,0.986,-1,-1,-1
295,-1,4.252,412.863,511.053,545.121,0.874,-1,-1,-1
295,-1,724.955,705.542,805.550,493.073,0.993,-1,-1,-1
296,-1,1736.426,931.363,386.147,328.461,0.993,-1,-1,-1
296,-1,882.698,719.220,703.780,454.737,0.994,-1,-1,-1
297,-1,1790.146,928.575,345.988,302.078,0.995,-1,-1,-1
297,-1,1007.008,738.438,632.456,415.571,0.996,-1,-1,-1
298,-1,1842.555,928.252,303.968,270.039,0.994,-1,-1,-1
298,-1,1114.419,743.746,576.549,393.140,0.995,-1,-1,-1
299,-1,1885.312,926.448,275.116,248.124,0.995,-1,-1,-1
299,-1,1204.094,751.491,525.619,362.154,0.996,-1,-1,-1
300,-1,1918.856,928.361,251.406,226.295,0.996,-1,-1,-1
300,-1,1277.368,762.075,492.823,341.706,0.995,-1,-1,-1
301,-1,1941.761,929.614,239.551,210.587,0.990,-1,-1,-1
301,-1,1343.912,770.381,460.150,323.697,0.997,-1,-1,-1
302,-1,1965.190,930.472,224.491,196.758,0.988,-1,-1,-1
302,-1,1402.956,779.658,424.743,302.370,0.996,-1,-1,-1
303,-1,1986.765,925.016,214.123,189.119,0.986,-1,-1,-1
303,-1,1463.029,790.313,392.022,281.308,0.995,-1,-1,-1
304,-1,2004.298,921.219,205.476,181.870,0.982,-1,-1,-1
304,-1,1512.017,796.802,371.118,267.532,0.996,-1,-1,-1
305,-1,2017.756,921.470,196.603,174.768,0.983,-1,-1,-1
305,-1,1555.329,807.581,344.525,249.404,0.996,-1,-1,-1
306,-1,2030.341,919.135,188.279,171.217,0.977,-1,-1,-1
306,-1,1596.237,809.668,323.847,242.579,0.996,-1,-1,-1
307,-1,2043.954,919.495,180.081,161.646,0.974,-1,-1,-1
307,-1,1631.443,819.159,304.555,228.539,0.996,-1,-1,-1
308,-1,2059.221,919.825,169.656,156.911,0.967,-1,-1,-1
308,-1,1663.317,821.382,290.426,222.964,0.996,-1,-1,-1
309,-1,2062.217,919.268,166.012,145.888,0.964,-1,-1,-1
309,-1,1690.423,826.217,275.670,212.307,0.997,-1,-1,-1
310,-1,2073.537,914.427,157.184,144.085,0.963,-1,-1,-1
310,-1,1713.120,826.020,267.643,207.153,0.997,-1,-1,-1
311,-1,2078.912,913.035,156.191,141.740,0.961,-1,-1,-1
311,-1,1732.296,833.142,255.845,199.685,0.997,-1,-1,-1
312,-1,2084.425,915.222,150.715,134.753,0.924,-1,-1,-1
312,-1,1755.591,838.249,241.676,191.197,0.996,-1,-1,-1
313,-1,2091.136,913.080,149.510,133.636,0.912,-1,-1,-1
313,-1,1774.229,840.049,232.784,188.519,0.995,-1,-1,-1
314,-1,2096.583,910.368,147.120,133.296,0.863,-1,-1,-1
314,-1,831.136,929.981,1045.602,774.438,0.961,-1,-1,-1
314,-1,1789.885,845.027,230.326,183.725,0.996,-1,-1,-1
315,-1,2106.718,912.545,139.470,126.653,0.767,-1,-1,-1
315,-1,1130.113,918.903,828.425,670.388,0.986,-1,-1,-1
315,-1,1808.577,849.405,221.778,174.719,0.993,-1,-1,-1
316,-1,2113.482,906.504,137.888,128.181,0.709,-1,-1,-1
316,-1,1821.871,850.074,214.998,174.452,0.989,-1,-1,-1
316,-1,1310.453,913.520,694.464,586.699,0.991,-1,-1,-1
317,-1,2118.749,903.608,137.608,126.701,0.645,-1,-1,-1
317,-1,1836.058,850.490,207.728,167.296,0.975,-1,-1,-1
317,-1,1443.867,905.626,609.826,502.878,0.997,-1,-1,-1
318,-1,2122.944,900.653,141.468,126.578,0.545,-1,-1,-1
318,-1,1852.955,852.340,200.272,158.314,0.800,-1,-1,-1
318,-1,1551.198,913.541,521.706,437.157,0.996,-1,-1,-1
319,-1,2123.662,898.652,139.463,126.412,0.504,-1,-1,-1
319,-1,1874.394,854.233,184.295,144.927,0.617,-1,-1,-1
319,-1,1635.682,919.443,463.553,380.281,0.993,-1,-1,-1
320,-1,1715.947,921.817,402.709,342.608,0.995,-1,-1,-1
320,-1,1894.982,854.506,172.114,137.042,0.709,-1,-1,-1
321,-1,1767.485,923.709,365.912,313.116,0.994,-1,-1,-1
321,-1,1906.618,855.166,172.384,127.900,0.659,-1,-1,-1
322,-1,1808.577,931.625,332.407,274.735,0.997,-1,-1,-1
322,-1,1908.546,849.322,176.355,134.875,0.764,-1,-1,-1
323,-1,1852.949,937.217,298.078,248.696,0.997,-1,-1,-1
323,-1,1915.917,849.374,176.481,135.947,0.723,-1,-1,-1
324,-1,1888.973,939.148,273.763,230.501,0.996,-1,-1,-1
324,-1,1922.307,847.936,177.716,142.692,0.755,-1,-1,-1
325,-1,1918.725,938.662,256.514,211.653,0.997,-1,-1,-1
326,-1,1934.228,935.985,252.385,202.072,0.996,-1,-1,-1
326,-1,1939.624,851.968,172.382,137.954,0.582,-1,-1,-1
327,-1,1955.179,939.590,234.052,188.927,0.995,-1,-1,-1
327,-1,1946.936,850.278,173.140,136.779,0.680,-1,-1,-1
328,-1,1973.270,939.307,225.305,177.616,0.994,-1,-1,-1
328,-1,1954.841,852.699,168.940,134.107,0.791,-1,-1,-1
329,-1,1990.971,935.450,211.812,173.668,0.996,-1,-1,-1
329,-1,1966.485,856.568,163.495,130.642,0.792,-1,-1,-1
330,-1,2005.996,931.043,207.163,172.084,0.995,-1,-1,-1
330,-1,1973.498,857.612,162.167,134.166,0.647,-1,-1,-1
331,-1,2018.560,926.821,201.067,169.373,0.994,-1,-1,-1
331,-1,1983.358,861.692,162.698,131.363,0.649,-1,-1,-1
332,-1,2030.720,920.654,194.089,168.048,0.996,-1,-1,-1
333,-1,2040.965,916.781,189.337,164.720,0.996,-1,-1,-1
334,-1,2051.174,914.770,182.276,160.216,0.995,-1,-1,-1
335,-1,2059.170,910.783,177.479,158.091,0.994,-1,-1,-1
336,-1,2069.450,910.263,170.919,153.447,0.993,-1,-1,-1
337,-1,2075.117,913.208,168.210,145.825,0.992,-1,-1,-1
338,-1,2080.822,912.343,165.803,140.828,0.990,-1,-1,-1
339,-1,2085.687,908.203,167.068,142.685,0.988,-1,-1,-1
340,-1,2091.065,907.019,163.428,139.949,0.984,-1,-1,-1
341,-1,2096.133,906.765,160.204,136.395,0.988,-1,-1,-1
342,-1,2101.614,906.643,155.732,131.365,0.985,-1,-1,-1
343,-1,2105.564,903.184,156.460,130.596,0.966,-1,-1,-1
344,-1,2110.764,900.095,150.594,129.708,0.945,-1,-1,-1
344,-1,2044.272,865.524,145.591,120.774,0.592,-1,-1,-1
345,-1,2111.201,897.909,151.435,128.876,0.929,-1,-1,-1
345,-1,2048.408,864.706,145.491,119.534,0.722,-1,-1,-1
346,-1,2115.933,898.785,150.351,126.256,0.911,-1,-1,-1
346,-1,2051.030,863.991,146.805,119.479,0.684,-1,-1,-1
347,-1,2119.196,896.242,149.090,127.793,0.874,-1,-1,-1
347,-1,2056.620,865.998,147.824,119.007,0.546,-1,-1,-1
348,-1,2121.887,896.699,146.858,125.454,0.779,-1,-1,-1
348,-1,2057.846,865.755,149.513,116.998,0.547,-1,-1,-1
349,-1,2118.003,891.769,145.550,124.266,0.537,-1,-1,-1
349,-1,2063.756,865.196,150.592,118.013,0.626,-1,-1,-1
350,-1,2130.265,892.858,145.990,125.627,0.816,-1,-1,-1
350,-1,2066.031,867.648,148.257,116.974,0.650,-1,-1,-1
351,-1,2128.674,892.768,146.308,122.643,0.521,-1,-1,-1
351,-1,2067.575,867.119,148.638,115.495,0.810,-1,-1,-1
352,-1,2069.977,867.943,149.598,114.472,0.725,-1,-1,-1
353,-1,2073.636,869.044,148.641,114.445,0.578,-1,-1,-1
354,-1,2077.581,871.096,149.699,114.071,0.553,-1,-1,-1
355,-1,2076.931,868.180,147.813,114.429,0.566,-1,-1,-1
356,-1,2075.865,866.163,146.299,114.176,0.557,-1,-1,-1
358,-1,2075.822,866.653,143.931,112.189,0.562,-1,-1,-1
394,-1,1916.471,820.393,132.760,108.496,0.510,-1,-1,-1
395,-1,1911.210,819.769,133.056,110.050,0.806,-1,-1,-1
396,-1,1909.246,822.443,132.729,107.518,0.656,-1,-1,-1
397,-1,1903.120,822.688,131.550,108.477,0.863,-1,-1,-1
398,-1,1900.478,822.084,132.335,108.217,0.854,-1,-1,-1
399,-1,1891.377,824.544,132.786,105.191,0.854,-1,-1,-1
400,-1,1887.875,822.372,132.085,105.297,0.738,-1,-1,-1
401,-1,1881.100,822.151,131.280,104.597,0.731,-1,-1,-1
402,-1,1874.486,823.031,130.632,103.476,0.862,-1,-1,-1
403,-1,1867.363,820.675,132.787,104.698,0.843,-1,-1,-1
404,-1,1862.677,820.908,132.541,105.204,0.921,-1,-1,-1
405,-1,1857.860,818.518,131.263,106.009,0.929,-1,-1,-1
406,-1,1849.058,816.964,133.844,106.430,0.936,-1,-1,-1
407,-1,1843.526,816.703,133.885,107.302,0.938,-1,-1,-1
408,-1,1833.925,814.424,136.012,107.874,0.957,-1,-1,-1
409,-1,1824.271,812.378,137.202,110.567,0.976,-1,-1,-1
410,-1,1819.440,811.959,138.874,109.975,0.977,-1,-1,-1
411,-1,1812.525,811.561,140.340,110.079,0.981,-1,-1,-1
412,-1,1805.455,813.957,139.967,109.971,0.809,-1,-1,-1
412,-1,1807.599,811.564,139.341,110.091,0.923,-1,-1,-1
413,-1,1799.519,812.279,140.674,109.332,0.980,-1,-1,-1
414,-1,1791.420,812.066,140.999,109.116,0.984,-1,-1,-1
415,-1,1782.900,810.083,144.503,111.370,0.992,-1,-1,-1
416,-1,1778.150,808.399,143.493,112.096,0.991,-1,-1,-1
417,-1,1772.374,809.272,136.779,111.094,0.984,-1,-1,-1
418,-1,1763.615,808.931,137.341,111.523,0.981,-1,-1,-1
419,-1,1757.037,805.921,139.257,113.058,0.968,-1,-1,-1
420,-1,1748.364,805.307,142.304,114.197,0.978,-1,-1,-1
421,-1,1740.280,800.871,145.056,117.522,0.951,-1,-1,-1
422,-1,1729.375,802.499,148.254,115.466,0.974,-1,-1,-1
423,-1,1717.645,799.058,154.071,118.784,0.989,-1,-1,-1
424,-1,1704.151,797.463,158.963,118.578,0.993,-1,-1,-1
425,-1,1690.139,795.040,163.651,121.645,0.995,-1,-1,-1
426,-1,1679.864,789.783,164.799,126.898,0.995,-1,-1,-1
427,-1,1670.610,789.789,164.095,127.182,0.995,-1,-1,-1
428,-1,1652.518,788.451,174.193,128.209,0.996,-1,-1,-1
429,-1,1638.829,786.818,174.059,127.332,0.995,-1,-1,-1
430,-1,1623.747,788.169,176.246,123.830,0.994,-1,-1,-1
431,-1,1606.971,782.018,182.509,130.113,0.994,-1,-1,-1
432,-1,1591.555,778.306,188.052,132.710,0.996,-1,-1,-1
433,-1,1578.740,776.118,188.898,134.848,0.997,-1,-1,-1
434,-1,1558.989,775.328,196.484,134.175,0.997,-1,-1,-1
435,-1,1542.101,775.033,203.369,137.052,0.997,-1,-1,-1
436,-1,1527.469,772.757,207.334,138.572,0.997,-1,-1,-1
437,-1,1508.192,769.014,216.315,142.086,0.997,-1,-1,-1
438,-1,1493.550,766.182,221.818,145.210,0.998,-1,-1,-1
439,-1,1477.222,764.079,221.768,147.048,0.997,-1,-1,-1
440,-1,1457.761,762.650,222.294,147.075,0.996,-1,-1,-1
441,-1,1434.602,761.011,232.001,150.924,0.997,-1,-1,-1
442,-1,1411.969,756.688,241.714,155.955,0.997,-1,-1,-1
443,-1,1387.985,752.908,250.070,159.736,0.998,-1,-1,-1
444,-1,1362.639,750.541,262.881,162.396,0.998,-1,-1,-1
445,-1,1341.588,747.673,268.596,164.692,0.998,-1,-1,-1
446,-1,1314.404,741.717,279.250,170.115,0.998,-1,-1,-1
447,-1,1288.309,738.450,284.229,170.715,0.998,-1,-1,-1
448,-1,1261.423,733.361,293.387,178.097,0.998,-1,-1,-1
449,-1,1233.693,726.681,297.501,182.293,0.998,-1,-1,-1
450,-1,1204.775,724.245,316.881,183.596,0.999,-1,-1,-1
451,-1,1175.123,717.484,319.977,189.511,0.999,-1,-1,-1
452,-1,1145.561,711.732,329.386,194.270,0.999,-1,-1,-1
453,-1,1108.809,705.370,346.837,199.431,0.999,-1,-1,-1
454,-1,1066.885,699.123,368.387,208.244,0.999,-1,-1,-1
455,-1,1034.462,694.789,378.326,214.050,0.999,-1,-1,-1
455,-1,19.268,927.547,1294.344,959.901,0.754,-1,-1,-1
456,-1,1000.101,688.024,381.451,218.865,0.998,-1,-1,-1
456,-1,26.661,934.150,1398.501,960.729,0.957,-1,-1,-1
457,-1,952.993,681.151,411.325,225.390,0.998,-1,-1,-1
457,-1,109.921,891.951,1418.926,905.829,0.993,-1,-1,-1