1,-1,812.368,362.750,125.992,98.772,0.727,-1,-1,-1
1,-1,169.993,590.937,204.171,123.999,0.693,-1,-1,-1
2,-1,811.835,363.337,124.883,97.952,0.784,-1,-1,-1
2,-1,170.258,592.519,203.455,123.163,0.677,-1,-1,-1
3,-1,811.672,363.878,125.492,98.051,0.710,-1,-1,-1
3,-1,170.397,592.474,203.454,123.142,0.699,-1,-1,-1
4,-1,811.492,363.818,125.680,98.088,0.743,-1,-1,-1
4,-1,170.282,592.653,203.155,123.100,0.693,-1,-1,-1
5,-1,811.538,363.583,125.429,97.849,0.795,-1,-1,-1
5,-1,170.169,592.864,202.874,123.084,0.711,-1,-1,-1
6,-1,811.442,363.522,125.226,97.824,0.817,-1,-1,-1
6,-1,170.490,593.072,202.125,122.835,0.707,-1,-1,-1
7,-1,811.242,363.524,125.465,97.912,0.807,-1,-1,-1
7,-1,170.370,593.280,202.417,123.049,0.681,-1,-1,-1
8,-1,811.145,363.457,125.669,98.023,0.804,-1,-1,-1
8,-1,170.219,593.314,202.285,122.999,0.685,-1,-1,-1
9,-1,811.225,363.455,125.256,97.697,0.802,-1,-1,-1
9,-1,169.994,593.175,203.031,123.551,0.667,-1,-1,-1
10,-1,811.458,363.393,124.798,97.377,0.836,-1,-1,-1
10,-1,170.035,592.991,202.710,123.518,0.661,-1,-1,-1
11,-1,811.363,363.606,124.936,97.217,0.832,-1,-1,-1
11,-1,170.272,593.040,202.222,122.971,0.619,-1,-1,-1
12,-1,811.257,363.491,125.139,97.429,0.838,-1,-1,-1
12,-1,170.279,592.999,201.884,122.673,0.631,-1,-1,-1
13,-1,811.831,363.106,125.006,97.722,0.793,-1,-1,-1
13,-1,170.007,593.209,201.568,121.842,0.640,-1,-1,-1
14,-1,811.635,363.202,124.863,97.531,0.792,-1,-1,-1
14,-1,170.181,593.547,201.159,121.367,0.622,-1,-1,-1
15,-1,811.611,363.189,124.946,97.547,0.791,-1,-1,-1
15,-1,169.758,593.513,201.923,121.739,0.654,-1,-1,-1
16,-1,811.583,363.314,124.593,97.473,0.799,-1,-1,-1
16,-1,170.286,593.460,200.952,120.907,0.642,-1,-1,-1
17,-1,811.548,363.329,124.615,97.433,0.801,-1,-1,-1
17,-1,170.291,593.247,201.068,121.232,0.642,-1,-1,-1
18,-1,811.588,363.176,125.098,97.505,0.804,-1,-1,-1
18,-1,170.129,593.153,201.757,121.681,0.642,-1,-1,-1
19,-1,811.055,363.063,125.145,97.937,0.732,-1,-1,-1
19,-1,169.389,592.585,202.637,122.743,0.558,-1,-1,-1
20,-1,1481.950,249.321,117.607,225.359,0.730,-1,-1,-1
20,-1,810.552,362.768,125.292,98.923,0.558,-1,-1,-1
21,-1,1393.704,224.681,205.350,249.615,0.958,-1,-1,-1
21,-1,811.045,362.524,124.779,98.867,0.600,-1,-1,-1
22,-1,1321.607,223.461,276.353,259.872,0.850,-1,-1,-1
22,-1,811.470,361.397,125.023,99.884,0.747,-1,-1,-1
23,-1,455.988,507.201,89.962,82.340,0.504,-1,-1,-1
23,-1,811.661,361.057,124.851,100.660,0.673,-1,-1,-1
23,-1,1262.190,240.499,335.858,246.363,0.969,-1,-1,-1
24,-1,811.533,360.337,125.265,101.612,0.617,-1,-1,-1
24,-1,1206.024,238.350,391.575,248.299,0.961,-1,-1,-1
25,-1,812.078,359.664,129.194,103.801,0.527,-1,-1,-1
25,-1,1150.017,229.430,446.895,259.659,0.985,-1,-1,-1
26,-1,458.836,505.009,99.482,87.016,0.749,-1,-1,-1
26,-1,812.399,359.369,130.514,104.079,0.566,-1,-1,-1
26,-1,1106.526,251.563,405.340,237.920,0.985,-1,-1,-1
27,-1,459.539,503.953,104.093,89.010,0.539,-1,-1,-1
27,-1,1061.372,261.331,372.053,230.648,0.990,-1,-1,-1
28,-1,464.146,506.524,102.182,87.375,0.729,-1,-1,-1
28,-1,1015.906,279.363,356.169,218.933,0.988,-1,-1,-1
29,-1,469.132,507.823,102.078,87.846,0.858,-1,-1,-1
29,-1,978.602,291.038,333.102,211.877,0.991,-1,-1,-1
30,-1,475.573,509.040,104.738,88.141,0.939,-1,-1,-1
30,-1,944.370,301.723,310.380,201.659,0.994,-1,-1,-1
31,-1,479.701,507.088,108.357,91.511,0.958,-1,-1,-1
31,-1,913.627,315.315,291.963,191.079,0.989,-1,-1,-1
32,-1,487.162,508.960,104.909,89.372,0.967,-1,-1,-1
32,-1,168.732,592.267,204.448,123.723,0.585,-1,-1,-1
32,-1,889.037,325.818,268.816,181.546,0.996,-1,-1,-1
33,-1,490.350,507.602,107.192,93.038,0.972,-1,-1,-1
33,-1,168.744,591.864,205.001,123.951,0.567,-1,-1,-1
33,-1,865.856,331.623,248.023,176.990,0.998,-1,-1,-1
34,-1,492.871,506.205,111.962,97.469,0.979,-1,-1,-1
34,-1,168.938,591.537,204.667,124.428,0.598,-1,-1,-1
34,-1,842.061,341.222,239.277,170.263,0.996,-1,-1,-1
35,-1,497.714,506.594,115.859,101.105,0.976,-1,-1,-1
35,-1,169.132,591.628,203.972,124.414,0.633,-1,-1,-1
35,-1,817.565,345.197,230.284,171.105,0.998,-1,-1,-1
36,-1,501.458,508.550,119.682,102.725,0.993,-1,-1,-1
36,-1,169.675,591.426,203.128,124.293,0.690,-1,-1,-1
36,-1,799.590,352.977,220.408,165.762,0.993,-1,-1,-1
37,-1,504.195,508.213,128.032,106.066,0.992,-1,-1,-1
37,-1,168.704,591.211,204.867,126.421,0.714,-1,-1,-1
37,-1,778.474,358.990,209.199,161.632,0.998,-1,-1,-1
38,-1,508.785,507.371,134.743,111.061,0.994,-1,-1,-1
38,-1,168.925,591.727,204.420,124.267,0.687,-1,-1,-1
38,-1,763.670,363.576,199.498,159.441,0.998,-1,-1,-1
39,-1,515.589,506.580,138.636,114.265,0.994,-1,-1,-1
39,-1,169.052,591.517,204.436,124.629,0.633,-1,-1,-1
39,-1,749.618,368.670,185.298,152.898,0.998,-1,-1,-1
40,-1,525.877,509.035,137.885,115.011,0.993,-1,-1,-1
40,-1,169.044,591.539,204.433,124.552,0.702,-1,-1,-1
40,-1,732.996,374.894,180.968,149.128,0.997,-1,-1,-1
41,-1,533.456,504.987,141.037,120.531,0.986,-1,-1,-1
41,-1,169.320,591.801,204.174,125.159,0.715,-1,-1,-1
41,-1,719.986,380.254,171.661,145.318,0.995,-1,-1,-1
42,-1,540.060,506.621,145.737,122.172,0.989,-1,-1,-1
42,-1,169.293,591.749,203.777,125.159,0.601,-1,-1,-1
42,-1,707.759,385.477,164.064,138.309,0.993,-1,-1,-1
43,-1,544.223,505.573,152.403,129.937,0.989,-1,-1,-1
43,-1,168.739,591.600,204.995,125.018,0.500,-1,-1,-1
43,-1,696.333,391.235,156.175,135.431,0.994,-1,-1,-1
44,-1,552.787,503.609,157.823,136.276,0.993,-1,-1,-1
44,-1,682.696,393.235,151.177,134.750,0.992,-1,-1,-1
45,-1,560.440,505.558,164.860,136.473,0.996,-1,-1,-1
45,-1,667.713,387.548,147.164,138.565,0.949,-1,-1,-1
46,-1,571.006,504.718,174.006,146.232,0.997,-1,-1,-1
46,-1,661.709,398.526,137.753,128.262,0.911,-1,-1,-1
47,-1,585.159,509.218,178.579,149.099,0.997,-1,-1,-1
47,-1,465.866,517.685,86.271,77.424,0.567,-1,-1,-1
47,-1,649.577,400.207,137.643,128.876,0.959,-1,-1,-1
48,-1,593.704,512.161,187.461,152.583,0.996,-1,-1,-1
48,-1,470.269,519.880,87.160,77.094,0.568,-1,-1,-1
48,-1,637.047,402.946,132.200,126.831,0.985,-1,-1,-1
49,-1,603.949,508.955,201.276,165.451,0.996,-1,-1,-1
49,-1,475.683,519.009,87.613,77.542,0.731,-1,-1,-1
49,-1,630.096,406.339,125.421,123.783,0.960,-1,-1,-1
50,-1,170.358,587.927,207.746,130.439,0.525,-1,-1,-1
50,-1,478.865,518.269,88.600,79.582,0.838,-1,-1,-1
50,-1,623.326,413.742,125.706,117.287,0.935,-1,-1,-1
50,-1,617.486,508.838,213.425,176.025,0.997,-1,-1,-1
51,-1,482.132,517.522,93.478,80.596,0.814,-1,-1,-1
51,-1,613.573,415.546,124.032,119.756,0.940,-1,-1,-1
51,-1,631.288,508.548,230.554,188.850,0.997,-1,-1,-1
52,-1,486.485,518.069,97.803,82.590,0.879,-1,-1,-1
52,-1,607.079,417.153,119.384,117.407,0.932,-1,-1,-1
52,-1,642.082,508.107,257.197,202.574,0.997,-1,-1,-1
53,-1,490.264,517.013,100.905,85.194,0.908,-1,-1,-1
53,-1,602.184,420.205,114.759,114.573,0.947,-1,-1,-1
53,-1,655.267,508.687,269.380,215.114,0.998,-1,-1,-1
54,-1,180.826,586.656,205.915,133.894,0.549,-1,-1,-1
54,-1,495.120,516.585,102.857,87.256,0.909,-1,-1,-1
54,-1,593.755,427.940,109.561,107.789,0.942,-1,-1,-1
54,-1,671.804,511.253,296.006,230.224,0.996,-1,-1,-1
55,-1,503.288,517.767,105.526,88.302,0.946,-1,-1,-1
55,-1,588.258,430.678,106.524,104.155,0.838,-1,-1,-1
55,-1,187.887,587.387,200.760,126.925,0.728,-1,-1,-1
55,-1,692.938,516.768,313.308,241.675,0.997,-1,-1,-1
56,-1,509.632,517.790,110.524,91.406,0.971,-1,-1,-1
56,-1,582.226,435.854,100.696,99.169,0.783,-1,-1,-1
56,-1,189.449,585.978,202.239,125.454,0.790,-1,-1,-1
56,-1,718.253,521.516,338.548,257.271,0.997,-1,-1,-1
57,-1,514.413,516.369,121.494,98.884,0.978,-1,-1,-1
57,-1,571.583,436.232,101.147,100.023,0.795,-1,-1,-1
57,-1,191.056,585.308,206.370,129.329,0.506,-1,-1,-1
57,-1,740.764,528.631,372.194,274.037,0.998,-1,-1,-1
58,-1,526.696,516.975,121.878,98.350,0.983,-1,-1,-1
58,-1,568.000,438.261,98.471,98.160,0.662,-1,-1,-1
58,-1,194.250,585.724,205.247,127.994,0.687,-1,-1,-1
58,-1,769.166,532.453,412.208,305.366,0.997,-1,-1,-1
59,-1,536.163,518.303,122.789,98.188,0.988,-1,-1,-1
59,-1,193.008,582.793,212.723,130.545,0.779,-1,-1,-1
59,-1,813.743,540.094,461.068,334.161,0.996,-1,-1,-1
60,-1,542.322,517.638,131.342,102.591,0.992,-1,-1,-1
60,-1,194.353,578.609,217.816,136.545,0.521,-1,-1,-1
60,-1,562.933,445.546,92.035,93.160,0.562,-1,-1,-1
60,-1,865.451,544.756,523.515,375.381,0.995,-1,-1,-1
61,-1,550.870,517.147,139.716,107.834,0.992,-1,-1,-1
61,-1,205.160,576.043,215.110,134.375,0.668,-1,-1,-1
61,-1,931.621,557.971,602.321,409.572,0.994,-1,-1,-1
62,-1,560.127,515.459,147.033,111.183,0.993,-1,-1,-1
62,-1,1001.759,567.314,592.672,455.505,0.981,-1,-1,-1
62,-1,221.703,574.125,204.624,131.369,0.965,-1,-1,-1
63,-1,574.484,514.917,152.593,112.794,0.995,-1,-1,-1
63,-1,1086.855,579.596,507.586,533.704,0.785,-1,-1,-1
63,-1,813.274,362.404,122.431,100.101,0.526,-1,-1,-1
63,-1,239.776,569.838,191.452,132.054,0.978,-1,-1,-1
64,-1,586.639,512.146,165.667,122.131,0.997,-1,-1,-1
64,-1,812.755,362.189,122.386,100.028,0.560,-1,-1,-1
64,-1,245.142,569.812,198.142,128.205,0.970,-1,-1,-1
65,-1,602.546,511.628,175.722,126.659,0.998,-1,-1,-1
65,-1,813.268,362.647,122.044,99.386,0.530,-1,-1,-1
65,-1,255.679,567.612,199.724,127.138,0.957,-1,-1,-1
66,-1,622.310,511.064,188.753,130.642,0.998,-1,-1,-1
66,-1,812.547,363.003,122.467,98.723,0.595,-1,-1,-1
66,-1,529.191,454.828,85.625,85.784,0.600,-1,-1,-1
66,-1,260.244,566.440,201.742,127.235,0.977,-1,-1,-1
67,-1,642.034,511.739,200.175,135.153,0.998,-1,-1,-1
67,-1,813.074,363.110,122.065,98.394,0.645,-1,-1,-1
67,-1,270.953,564.238,199.791,128.067,0.956,-1,-1,-1
68,-1,812.804,363.479,122.347,98.649,0.593,-1,-1,-1
68,-1,290.511,557.946,190.958,130.836,0.974,-1,-1,-1
68,-1,665.937,511.358,210.269,142.296,0.999,-1,-1,-1
69,-1,811.739,363.585,123.217,98.928,0.648,-1,-1,-1
69,-1,301.293,554.938,195.317,130.193,0.977,-1,-1,-1
69,-1,683.652,507.550,235.486,154.341,0.998,-1,-1,-1
70,-1,811.109,363.839,124.424,99.411,0.633,-1,-1,-1
70,-1,305.518,548.918,204.122,135.523,0.987,-1,-1,-1
70,-1,714.439,507.170,253.520,161.628,0.999,-1,-1,-1
71,-1,811.711,363.766,124.649,99.754,0.676,-1,-1,-1
71,-1,315.455,550.431,205.334,133.520,0.977,-1,-1,-1
71,-1,734.153,501.574,281.519,175.604,0.998,-1,-1,-1
72,-1,813.272,363.212,124.170,99.708,0.631,-1,-1,-1
72,-1,336.843,549.382,193.009,131.899,0.987,-1,-1,-1
72,-1,768.170,499.586,314.055,186.789,0.998,-1,-1,-1
73,-1,813.983,363.298,124.328,99.449,0.555,-1,-1,-1
73,-1,339.386,544.223,207.507,135.150,0.991,-1,-1,-1
73,-1,804.617,497.360,348.170,197.042,0.998,-1,-1,-1
74,-1,352.354,539.076,205.939,137.537,0.992,-1,-1,-1
74,-1,853.773,496.830,379.068,207.641,0.998,-1,-1,-1
75,-1,358.369,532.731,215.460,142.732,0.989,-1,-1,-1
75,-1,908.815,497.022,439.893,226.525,0.998,-1,-1,-1
76,-1,383.386,529.011,203.532,145.962,0.993,-1,-1,-1
76,-1,979.265,498.466,485.578,242.808,0.998,-1,-1,-1
77,-1,1064.743,495.308,531.727,265.618,0.997,-1,-1,-1
77,-1,396.259,527.859,202.887,143.826,0.994,-1,-1,-1
78,-1,1163.931,492.604,434.559,290.578,0.981,-1,-1,-1
78,-1,404.776,523.542,210.215,148.000,0.992,-1,-1,-1
79,-1,1271.027,500.466,327.705,294.162,0.841,-1,-1,-1
79,-1,812.718,362.118,124.433,99.341,0.502,-1,-1,-1
79,-1,417.353,517.844,210.882,150.060,0.985,-1,-1,-1
80,-1,427.490,511.879,219.345,156.666,0.996,-1,-1,-1
81,-1,812.411,362.852,124.346,97.948,0.667,-1,-1,-1
81,-1,437.927,511.166,227.935,157.096,0.997,-1,-1,-1
82,-1,813.721,361.827,123.417,98.054,0.697,-1,-1,-1
82,-1,452.948,506.733,225.259,159.464,0.999,-1,-1,-1
83,-1,813.668,361.805,123.299,97.843,0.728,-1,-1,-1
83,-1,464.452,501.670,230.130,163.186,0.998,-1,-1,-1
84,-1,813.611,362.178,123.043,97.818,0.685,-1,-1,-1
84,-1,479.108,495.726,237.642,167.838,0.999,-1,-1,-1
85,-1,813.769,361.179,123.341,98.783,0.714,-1,-1,-1
85,-1,492.990,492.450,241.608,171.788,0.999,-1,-1,-1
86,-1,813.611,360.923,123.839,98.804,0.754,-1,-1,-1
86,-1,503.699,485.307,255.359,179.021,0.998,-1,-1,-1
87,-1,813.687,360.955,123.434,98.804,0.743,-1,-1,-1
87,-1,521.383,480.623,257.262,183.078,0.998,-1,-1,-1
88,-1,813.858,360.997,123.247,98.979,0.705,-1,-1,-1
88,-1,539.833,475.512,267.425,195.029,0.998,-1,-1,-1
89,-1,813.655,361.320,123.584,99.163,0.667,-1,-1,-1
89,-1,552.819,470.422,275.705,203.646,0.997,-1,-1,-1
90,-1,812.570,360.982,124.957,100.165,0.525,-1,-1,-1
90,-1,572.424,467.799,287.464,207.782,0.992,-1,-1,-1
91,-1,1474.249,299.082,125.137,178.755,0.736,-1,-1,-1
91,-1,811.150,360.174,125.783,101.526,0.514,-1,-1,-1
91,-1,583.647,461.410,304.887,223.835,0.991,-1,-1,-1
92,-1,1387.875,292.887,211.350,184.842,0.894,-1,-1,-1
92,-1,811.034,359.953,124.414,101.361,0.645,-1,-1,-1
92,-1,601.613,457.298,319.179,234.458,0.988,-1,-1,-1
93,-1,1324.921,304.846,273.583,179.154,0.973,-1,-1,-1
93,-1,625.752,452.805,327.357,246.298,0.988,-1,-1,-1
94,-1,1262.620,303.984,334.390,183.633,0.994,-1,-1,-1
94,-1,646.908,449.021,351.936,253.402,0.992,-1,-1,-1
95,-1,669.841,445.756,372.924,260.035,0.990,-1,-1,-1
95,-1,1208.676,319.027,318.254,170.965,0.997,-1,-1,-1
96,-1,1157.883,330.875,303.108,165.022,0.997,-1,-1,-1
96,-1,694.550,439.288,390.144,260.637,0.996,-1,-1,-1
97,-1,725.296,433.638,416.793,274.789,0.997,-1,-1,-1
97,-1,1114.698,340.284,274.709,158.396,0.996,-1,-1,-1
98,-1,753.431,429.674,452.369,292.223,0.998,-1,-1,-1
98,-1,1068.416,348.142,260.483,153.502,0.992,-1,-1,-1
99,-1,1053.811,354.460,224.440,148.313,0.888,-1,-1,-1
99,-1,785.805,422.318,495.304,315.132,0.999,-1,-1,-1
100,-1,826.432,416.168,545.091,329.257,0.999,-1,-1,-1
101,-1,866.656,404.069,614.842,355.670,0.998,-1,-1,-1
102,-1,937.590,383.315,662.167,400.789,0.999,-1,-1,-1
103,-1,994.119,368.989,606.982,446.968,0.990,-1,-1,-1
103,-1,919.149,383.677,172.661,129.313,0.762,-1,-1,-1
104,-1,1067.135,356.948,533.950,478.974,0.957,-1,-1,-1
104,-1,889.898,386.142,184.381,129.399,0.994,-1,-1,-1
105,-1,1153.524,363.585,445.774,487.515,0.924,-1,-1,-1
105,-1,866.980,392.204,174.729,123.301,0.998,-1,-1,-1
106,-1,1250.436,354.844,349.580,494.540,0.934,-1,-1,-1
106,-1,843.345,396.997,169.883,119.526,0.997,-1,-1,-1
107,-1,1375.165,338.279,225.049,524.218,0.623,-1,-1,-1
107,-1,823.583,403.076,162.646,113.470,0.997,-1,-1,-1
108,-1,807.268,405.711,153.323,110.150,0.997,-1,-1,-1
109,-1,423.472,504.281,79.147,77.344,0.635,-1,-1,-1
109,-1,788.896,412.327,147.173,105.912,0.998,-1,-1,-1
110,-1,426.163,505.326,77.631,76.205,0.629,-1,-1,-1
110,-1,773.841,417.659,140.820,101.722,0.998,-1,-1,-1
111,-1,757.284,419.868,139.798,101.343,0.998,-1,-1,-1
112,-1,430.900,507.363,74.483,73.612,0.535,-1,-1,-1
112,-1,740.308,422.744,135.955,98.824,0.998,-1,-1,-1
113,-1,431.879,507.654,75.379,74.471,0.640,-1,-1,-1
113,-1,726.920,424.723,132.774,98.145,0.998,-1,-1,-1
114,-1,434.311,508.052,75.629,74.766,0.774,-1,-1,-1
114,-1,713.419,428.025,131.146,95.882,0.998,-1,-1,-1
115,-1,434.476,509.573,76.526,74.356,0.760,-1,-1,-1
115,-1,702.639,434.390,124.634,90.342,0.996,-1,-1,-1
116,-1,435.904,509.274,76.989,74.590,0.853,-1,-1,-1
116,-1,690.146,435.320,122.249,90.912,0.994,-1,-1,-1
117,-1,435.882,510.110,78.877,75.586,0.881,-1,-1,-1
117,-1,682.165,438.072,114.695,87.794,0.993,-1,-1,-1
118,-1,814.386,363.174,121.578,97.940,0.565,-1,-1,-1
118,-1,435.190,510.467,80.415,75.593,0.823,-1,-1,-1
118,-1,668.807,440.407,115.204,87.258,0.993,-1,-1,-1
119,-1,814.081,363.203,121.585,97.770,0.640,-1,-1,-1
119,-1,439.512,511.392,79.637,74.403,0.882,-1,-1,-1
119,-1,660.031,442.380,109.063,85.370,0.993,-1,-1,-1
120,-1,814.122,363.384,122.075,97.656,0.674,-1,-1,-1
120,-1,440.317,511.123,83.486,74.810,0.931,-1,-1,-1
120,-1,653.321,444.254,105.161,83.770,0.986,-1,-1,-1
121,-1,814.252,363.023,121.695,98.279,0.679,-1,-1,-1
121,-1,442.021,511.115,84.245,75.477,0.927,-1,-1,-1
121,-1,642.937,445.453,103.464,84.150,0.989,-1,-1,-1
122,-1,813.944,362.375,122.008,97.595,0.811,-1,-1,-1
122,-1,445.909,510.760,83.512,77.254,0.672,-1,-1,-1
122,-1,633.442,450.930,101.997,80.524,0.978,-1,-1,-1
123,-1,626.302,452.655,100.573,77.461,0.990,-1,-1,-1
123,-1,813.792,362.253,121.970,97.615,0.863,-1,-1,-1
123,-1,449.009,512.352,82.632,76.182,0.613,-1,-1,-1
124,-1,621.986,454.910,96.107,76.260,0.990,-1,-1,-1
124,-1,813.777,362.219,121.803,97.616,0.877,-1,-1,-1
124,-1,451.707,512.983,84.343,75.271,0.752,-1,-1,-1
125,-1,813.904,361.888,122.223,97.826,0.903,-1,-1,-1
125,-1,452.449,511.709,85.408,77.057,0.893,-1,-1,-1
125,-1,615.959,456.053,92.447,76.213,0.974,-1,-1,-1
126,-1,813.667,362.295,122.972,98.204,0.874,-1,-1,-1
126,-1,455.185,510.994,85.629,79.180,0.873,-1,-1,-1
126,-1,610.119,456.802,89.319,75.205,0.977,-1,-1,-1
127,-1,813.690,362.607,122.052,97.822,0.865,-1,-1,-1
127,-1,458.037,510.395,86.415,80.588,0.941,-1,-1,-1
127,-1,603.659,460.016,89.802,74.237,0.976,-1,-1,-1
128,-1,813.878,362.464,122.241,97.806,0.870,-1,-1,-1
128,-1,459.575,510.520,87.708,81.558,0.948,-1,-1,-1
128,-1,596.294,461.098,89.548,73.632,0.964,-1,-1,-1
129,-1,814.041,362.389,122.647,98.261,0.847,-1,-1,-1
129,-1,461.236,511.727,90.992,80.858,0.972,-1,-1,-1
129,-1,590.182,461.567,86.792,72.698,0.960,-1,-1,-1
130,-1,814.190,362.621,122.741,97.956,0.858,-1,-1,-1
130,-1,465.792,512.157,91.768,80.705,0.972,-1,-1,-1
130,-1,584.811,461.445,84.583,74.126,0.952,-1,-1,-1
131,-1,814.279,362.607,122.646,98.111,0.852,-1,-1,-1
131,-1,579.213,462.350,83.152,73.505,0.852,-1,-1,-1
131,-1,468.186,512.928,92.326,80.975,0.973,-1,-1,-1
131,-1,579.114,462.044,83.369,73.667,0.599,-1,-1,-1
132,-1,813.553,362.402,121.974,97.943,0.904,-1,-1,-1
132,-1,573.853,464.606,82.117,72.648,0.807,-1,-1,-1
132,-1,471.212,513.280,94.493,81.680,0.979,-1,-1,-1
133,-1,813.341,362.786,122.229,98.208,0.893,-1,-1,-1
133,-1,568.216,465.496,82.861,72.170,0.814,-1,-1,-1
133,-1,474.547,514.289,97.363,81.809,0.985,-1,-1,-1
134,-1,812.945,362.906,122.515,98.566,0.876,-1,-1,-1
134,-1,563.454,466.195,82.094,72.782,0.661,-1,-1,-1
134,-1,478.260,514.842,100.072,83.338,0.988,-1,-1,-1
135,-1,812.883,362.792,122.079,98.607,0.865,-1,-1,-1
135,-1,559.255,467.973,79.753,72.348,0.582,-1,-1,-1
135,-1,481.596,514.673,101.638,85.327,0.990,-1,-1,-1
136,-1,812.407,362.868,122.699,98.432,0.850,-1,-1,-1
136,-1,483.244,516.351,104.868,87.363,0.990,-1,-1,-1
137,-1,812.501,362.906,122.543,98.477,0.838,-1,-1,-1
137,-1,484.553,515.278,109.194,92.177,0.992,-1,-1,-1
138,-1,812.886,363.431,121.513,97.941,0.863,-1,-1,-1
138,-1,486.948,516.564,111.568,93.052,0.992,-1,-1,-1
139,-1,812.758,363.831,121.453,97.843,0.882,-1,-1,-1
139,-1,490.763,519.346,111.588,94.421,0.994,-1,-1,-1
140,-1,812.467,363.711,121.501,98.405,0.852,-1,-1,-1
140,-1,495.074,521.527,112.739,96.081,0.995,-1,-1,-1
141,-1,812.436,363.655,122.271,98.650,0.848,-1,-1,-1
141,-1,499.866,524.049,113.625,98.174,0.997,-1,-1,-1
142,-1,814.259,362.885,123.627,99.522,0.809,-1,-1,-1
142,-1,502.129,524.006,120.144,103.022,0.997,-1,-1,-1
143,-1,814.307,363.346,123.404,99.059,0.791,-1,-1,-1
143,-1,504.590,523.219,128.012,109.702,0.998,-1,-1,-1
144,-1,814.070,363.560,123.325,98.910,0.766,-1,-1,-1
144,-1,512.051,523.827,132.567,114.549,0.998,-1,-1,-1
145,-1,814.813,364.446,122.210,98.562,0.582,-1,-1,-1
145,-1,516.567,525.096,138.323,119.172,0.998,-1,-1,-1
146,-1,814.713,364.298,122.355,98.738,0.638,-1,-1,-1
146,-1,522.286,526.432,142.293,121.409,0.998,-1,-1,-1
147,-1,814.800,363.799,122.640,98.910,0.694,-1,-1,-1
147,-1,528.254,524.869,147.467,128.593,0.998,-1,-1,-1
148,-1,814.746,363.775,122.577,98.848,0.696,-1,-1,-1
148,-1,534.010,526.125,153.623,133.956,0.999,-1,-1,-1
149,-1,814.937,364.243,121.750,98.422,0.695,-1,-1,-1
149,-1,540.296,529.897,160.111,137.347,0.999,-1,-1,-1
150,-1,814.744,363.822,121.745,98.618,0.705,-1,-1,-1
150,-1,544.810,532.411,169.727,142.207,0.999,-1,-1,-1
151,-1,814.873,363.768,122.124,98.123,0.796,-1,-1,-1
151,-1,550.001,531.085,182.334,152.147,0.999,-1,-1,-1
152,-1,814.589,363.867,123.556,98.872,0.702,-1,-1,-1
152,-1,562.387,531.445,192.733,160.342,0.999,-1,-1,-1
153,-1,814.792,364.026,123.031,98.661,0.676,-1,-1,-1
153,-1,573.899,533.257,203.694,171.908,0.999,-1,-1,-1
154,-1,814.961,364.082,122.474,98.590,0.662,-1,-1,-1
154,-1,585.316,536.410,220.807,177.504,0.997,-1,-1,-1
155,-1,814.865,364.192,122.866,98.824,0.643,-1,-1,-1
155,-1,594.755,538.575,234.847,185.819,0.998,-1,-1,-1
156,-1,814.845,363.291,123.400,99.121,0.678,-1,-1,-1
156,-1,604.938,540.272,260.832,197.764,0.999,-1,-1,-1
157,-1,813.898,363.560,123.066,98.872,0.819,-1,-1,-1
157,-1,622.077,540.683,280.302,212.975,0.998,-1,-1,-1
158,-1,813.746,363.602,122.969,99.006,0.753,-1,-1,-1
158,-1,637.284,546.464,303.428,223.264,0.998,-1,-1,-1
159,-1,813.773,363.522,123.535,99.176,0.722,-1,-1,-1
159,-1,656.810,547.154,334.474,243.596,0.999,-1,-1,-1
160,-1,813.725,363.324,123.396,99.137,0.772,-1,-1,-1
160,-1,676.914,552.916,362.146,267.225,0.997,-1,-1,-1
161,-1,813.560,363.744,122.964,99.063,0.755,-1,-1,-1
161,-1,706.334,559.806,397.848,290.955,0.998,-1,-1,-1
162,-1,813.546,363.652,122.952,98.717,0.723,-1,-1,-1
162,-1,738.759,565.315,441.824,319.996,0.998,-1,-1,-1
163,-1,813.376,364.043,122.781,98.544,0.739,-1,-1,-1
163,-1,778.885,570.570,503.214,366.967,0.995,-1,-1,-1
164,-1,813.158,363.865,123.274,98.788,0.665,-1,-1,-1
164,-1,831.717,574.329,576.433,408.196,0.994,-1,-1,-1
165,-1,812.409,362.625,124.897,99.957,0.708,-1,-1,-1
165,-1,911.397,596.783,658.434,441.009,0.987,-1,-1,-1
166,-1,812.198,362.559,124.674,99.628,0.792,-1,-1,-1
166,-1,986.441,618.308,606.006,526.444,0.905,-1,-1,-1
167,-1,810.839,362.146,127.497,100.524,0.651,-1,-1,-1
168,-1,810.872,364.873,123.268,97.141,0.807,-1,-1,-1
169,-1,811.230,365.368,122.348,96.473,0.676,-1,-1,-1
170,-1,810.600,365.620,123.204,95.298,0.796,-1,-1,-1
171,-1,811.056,365.907,122.510,94.835,0.806,-1,-1,-1
172,-1,811.384,365.941,121.963,94.926,0.758,-1,-1,-1
173,-1,811.293,365.892,121.923,94.941,0.771,-1,-1,-1
174,-1,811.341,365.938,121.822,94.963,0.755,-1,-1,-1
175,-1,811.296,365.895,122.057,94.779,0.773,-1,-1,-1
176,-1,811.435,365.906,121.918,94.762,0.772,-1,-1,-1
177,-1,811.658,365.956,121.760,94.711,0.750,-1,-1,-1
178,-1,811.575,365.758,121.989,94.765,0.772,-1,-1,-1
179,-1,811.757,365.685,122.032,94.881,0.764,-1,-1,-1
180,-1,811.539,365.720,122.503,94.821,0.785,-1,-1,-1
181,-1,811.371,366.109,122.557,95.543,0.660,-1,-1,-1
182,-1,811.154,365.149,122.993,96.893,0.705,-1,-1,-1
183,-1,811.491,365.124,122.944,96.935,0.689,-1,-1,-1
184,-1,1496.653,331.148,102.950,141.491,0.890,-1,-1,-1
185,-1,1408.162,329.279,190.725,147.807,0.939,-1,-1,-1
185,-1,1410.801,328.577,188.250,147.621,0.681,-1,-1,-1
186,-1,1338.893,324.665,259.422,154.842,0.995,-1,-1,-1
187,-1,1270.302,329.660,325.865,154.833,0.998,-1,-1,-1
188,-1,1211.973,340.099,308.052,147.583,0.999,-1,-1,-1
189,-1,1158.176,351.214,284.797,141.257,0.999,-1,-1,-1
190,-1,1110.853,360.164,263.593,136.229,0.999,-1,-1,-1
191,-1,1063.610,369.856,247.097,131.905,0.998,-1,-1,-1
192,-1,1023.648,375.686,230.474,128.474,0.998,-1,-1,-1
193,-1,986.721,382.811,219.083,124.701,0.997,-1,-1,-1
194,-1,958.525,387.849,201.017,118.761,0.997,-1,-1,-1
195,-1,928.096,395.880,187.319,112.752,0.998,-1,-1,-1
196,-1,897.489,401.850,182.108,108.975,0.998,-1,-1,-1
197,-1,872.193,408.915,172.694,102.650,0.998,-1,-1,-1
198,-1,846.889,413.666,166.193,100.400,0.997,-1,-1,-1
199,-1,823.444,418.986,161.328,97.055,0.945,-1,-1,-1
199,-1,825.814,418.737,159.776,95.878,0.929,-1,-1,-1
200,-1,806.052,421.797,149.605,93.631,0.998,-1,-1,-1
201,-1,788.866,427.394,143.933,90.291,0.997,-1,-1,-1
202,-1,771.622,432.987,136.114,86.766,0.997,-1,-1,-1
203,-1,753.224,434.646,135.289,87.330,0.997,-1,-1,-1
204,-1,735.488,437.617,130.433,83.964,0.998,-1,-1,-1
205,-1,721.755,440.321,127.772,83.904,0.996,-1,-1,-1
206,-1,707.551,444.867,119.860,80.113,0.994,-1,-1,-1
207,-1,698.273,446.420,114.311,79.280,0.993,-1,-1,-1
208,-1,684.017,449.369,111.445,77.081,0.992,-1,-1,-1
209,-1,669.449,449.892,112.038,78.670,0.990,-1,-1,-1
210,-1,660.735,452.033,106.551,76.698,0.988,-1,-1,-1
211,-1,651.695,453.727,101.452,75.031,0.973,-1,-1,-1
212,-1,642.079,455.797,100.923,73.960,0.983,-1,-1,-1
212,-1,814.837,363.664,121.414,97.638,0.547,-1,-1,-1
213,-1,634.162,458.305,96.646,73.299,0.976,-1,-1,-1
213,-1,814.996,363.563,121.184,97.303,0.632,-1,-1,-1
214,-1,627.015,460.517,92.547,71.409,0.974,-1,-1,-1
214,-1,814.632,363.574,121.291,97.261,0.652,-1,-1,-1
215,-1,814.447,363.597,121.707,97.057,0.681,-1,-1,-1
215,-1,619.104,462.529,90.665,71.836,0.964,-1,-1,-1
216,-1,814.237,363.581,122.251,97.316,0.684,-1,-1,-1
216,-1,611.463,464.521,88.938,69.993,0.958,-1,-1,-1
217,-1,814.623,362.901,121.214,97.204,0.729,-1,-1,-1
217,-1,604.823,465.783,88.322,69.986,0.957,-1,-1,-1
218,-1,814.664,362.886,121.405,97.009,0.767,-1,-1,-1
218,-1,597.216,466.423,85.965,68.815,0.924,-1,-1,-1
219,-1,814.396,362.760,121.904,97.237,0.779,-1,-1,-1
219,-1,593.324,467.983,80.501,67.246,0.854,-1,-1,-1
220,-1,588.382,469.936,80.044,67.030,0.884,-1,-1,-1
220,-1,814.287,362.735,122.213,97.514,0.735,-1,-1,-1
221,-1,814.679,362.397,122.383,97.714,0.752,-1,-1,-1
221,-1,580.453,470.476,79.084,67.011,0.772,-1,-1,-1
222,-1,814.831,362.342,122.411,97.625,0.770,-1,-1,-1
222,-1,575.659,471.663,78.771,66.612,0.555,-1,-1,-1
223,-1,814.773,362.354,122.504,97.692,0.769,-1,-1,-1
223,-1,570.796,471.777,78.085,67.291,0.542,-1,-1,-1
224,-1,814.735,362.322,122.347,97.833,0.762,-1,-1,-1
224,-1,566.143,472.076,77.725,67.584,0.687,-1,-1,-1
225,-1,814.610,362.339,122.580,97.736,0.780,-1,-1,-1
226,-1,814.481,362.410,122.334,97.786,0.778,-1,-1,-1
227,-1,814.423,362.298,122.323,97.909,0.768,-1,-1,-1
227,-1,411.912,510.381,76.214,69.138,0.571,-1,-1,-1
228,-1,814.371,362.230,122.314,97.939,0.767,-1,-1,-1
228,-1,413.435,510.718,77.306,68.928,0.650,-1,-1,-1
229,-1,814.343,362.105,122.359,98.097,0.790,-1,-1,-1
229,-1,415.304,511.034,75.311,68.599,0.720,-1,-1,-1
230,-1,814.266,362.194,122.446,98.037,0.788,-1,-1,-1
230,-1,417.188,511.191,75.313,69.265,0.777,-1,-1,-1
231,-1,814.329,362.204,122.507,97.914,0.784,-1,-1,-1
231,-1,417.537,511.139,76.690,70.063,0.813,-1,-1,-1
232,-1,814.508,362.071,122.438,98.041,0.781,-1,-1,-1
232,-1,418.969,510.105,78.607,70.947,0.874,-1,-1,-1
233,-1,814.580,362.101,122.411,97.984,0.782,-1,-1,-1
233,-1,421.119,510.609,78.684,69.600,0.824,-1,-1,-1
234,-1,814.649,362.109,122.301,98.068,0.792,-1,-1,-1
234,-1,423.455,510.601,79.528,70.078,0.813,-1,-1,-1
235,-1,814.668,362.091,122.285,98.091,0.788,-1,-1,-1
235,-1,427.895,509.667,80.966,70.555,0.859,-1,-1,-1
236,-1,814.796,362.150,122.142,98.087,0.777,-1,-1,-1
236,-1,433.657,508.622,80.338,71.235,0.925,-1,-1,-1
237,-1,814.603,362.146,122.396,98.191,0.758,-1,-1,-1
237,-1,437.352,508.451,81.034,72.662,0.954,-1,-1,-1
238,-1,814.586,362.212,122.492,98.236,0.748,-1,-1,-1
238,-1,439.751,509.141,82.328,72.878,0.969,-1,-1,-1
239,-1,814.247,362.128,122.791,98.948,0.622,-1,-1,-1
239,-1,440.935,508.354,84.991,74.177,0.958,-1,-1,-1
240,-1,814.133,361.636,122.506,99.501,0.579,-1,-1,-1
240,-1,441.591,508.005,86.892,74.655,0.931,-1,-1,-1
240,-1,1421.573,384.284,178.331,192.791,0.585,-1,-1,-1
241,-1,1338.965,364.024,260.244,209.323,0.839,-1,-1,-1
241,-1,812.405,362.225,124.641,100.154,0.708,-1,-1,-1
241,-1,443.950,507.429,87.908,75.355,0.926,-1,-1,-1
242,-1,1267.700,369.300,330.659,203.651,0.977,-1,-1,-1
242,-1,812.377,362.104,124.240,100.605,0.608,-1,-1,-1
242,-1,446.831,507.104,89.802,77.266,0.934,-1,-1,-1
243,-1,1205.536,374.159,392.224,196.682,0.996,-1,-1,-1
243,-1,812.918,361.817,124.337,100.908,0.583,-1,-1,-1
243,-1,450.131,507.570,89.910,79.082,0.920,-1,-1,-1
244,-1,1152.068,386.182,397.135,182.277,0.999,-1,-1,-1
244,-1,454.976,506.715,89.877,80.707,0.942,-1,-1,-1
245,-1,1102.144,392.622,371.950,175.750,0.999,-1,-1,-1
245,-1,458.490,505.191,92.391,83.694,0.976,-1,-1,-1
246,-1,1060.844,397.878,340.072,169.106,0.999,-1,-1,-1
246,-1,462.102,503.229,94.481,85.895,0.980,-1,-1,-1
247,-1,464.179,503.400,98.658,86.596,0.984,-1,-1,-1
247,-1,1016.839,404.694,313.643,162.074,0.998,-1,-1,-1
248,-1,467.992,503.288,100.575,88.271,0.985,-1,-1,-1
248,-1,981.501,407.490,289.560,158.181,0.998,-1,-1,-1
249,-1,942.690,411.410,279.772,154.920,0.998,-1,-1,-1
249,-1,470.854,504.252,106.061,89.894,0.988,-1,-1,-1
250,-1,919.776,417.918,259.709,147.947,0.998,-1,-1,-1
250,-1,476.762,505.056,107.520,91.404,0.989,-1,-1,-1
251,-1,891.609,422.810,243.756,139.190,0.998,-1,-1,-1
251,-1,482.220,501.809,110.459,96.214,0.975,-1,-1,-1
252,-1,868.543,428.899,227.731,132.274,0.998,-1,-1,-1
252,-1,487.308,504.316,112.000,97.041,0.989,-1,-1,-1
253,-1,846.250,431.770,216.018,129.397,0.998,-1,-1,-1
253,-1,491.286,505.888,113.454,96.505,0.984,-1,-1,-1
254,-1,497.026,507.813,120.613,99.986,0.993,-1,-1,-1
254,-1,827.581,434.884,205.180,125.455,0.998,-1,-1,-1
255,-1,504.244,508.122,122.173,102.174,0.995,-1,-1,-1
255,-1,808.320,438.297,197.877,122.574,0.998,-1,-1,-1
256,-1,508.980,508.247,131.892,107.112,0.996,-1,-1,-1
256,-1,789.704,443.442,187.483,117.119,0.997,-1,-1,-1
257,-1,517.149,508.266,138.474,110.214,0.997,-1,-1,-1
257,-1,771.177,445.684,183.659,114.429,0.998,-1,-1,-1
258,-1,523.750,508.106,143.484,114.978,0.996,-1,-1,-1
258,-1,754.439,449.513,176.333,108.788,0.997,-1,-1,-1
259,-1,530.874,507.705,149.759,121.359,0.997,-1,-1,-1
259,-1,740.949,451.474,166.109,106.977,0.993,-1,-1,-1
260,-1,538.207,506.462,157.579,131.249,0.997,-1,-1,-1
260,-1,724.706,455.576,163.458,103.282,0.989,-1,-1,-1
261,-1,546.024,506.035,164.230,135.853,0.997,-1,-1,-1
261,-1,708.584,456.983,156.616,102.506,0.987,-1,-1,-1
262,-1,557.174,502.499,177.622,142.838,0.998,-1,-1,-1
262,-1,685.540,461.593,157.411,100.061,0.842,-1,-1,-1
263,-1,570.800,503.950,185.783,145.618,0.998,-1,-1,-1
264,-1,583.545,505.924,195.917,150.503,0.998,-1,-1,-1
265,-1,591.382,496.887,216.611,172.477,0.998,-1,-1,-1
265,-1,1413.741,316.992,185.540,153.440,0.902,-1,-1,-1
266,-1,1358.387,321.190,240.592,152.380,0.986,-1,-1,-1
266,-1,602.681,491.291,238.875,192.585,0.993,-1,-1,-1
267,-1,1309.259,326.997,288.345,150.212,0.990,-1,-1,-1
267,-1,611.055,497.816,266.702,197.924,0.996,-1,-1,-1
268,-1,1255.407,332.501,340.885,148.110,0.995,-1,-1,-1
268,-1,632.787,499.117,284.963,212.470,0.997,-1,-1,-1
268,-1,581.290,481.151,151.072,100.666,0.764,-1,-1,-1
269,-1,1212.874,339.564,322.426,144.357,0.722,-1,-1,-1
269,-1,559.298,485.846,154.694,98.549,0.893,-1,-1,-1
269,-1,657.363,494.798,307.581,233.020,0.995,-1,-1,-1
269,-1,1210.307,342.085,321.437,142.953,0.992,-1,-1,-1
270,-1,544.023,490.840,150.528,98.512,0.959,-1,-1,-1
270,-1,675.531,497.582,337.904,250.763,0.996,-1,-1,-1
270,-1,1167.193,351.043,298.931,138.349,0.997,-1,-1,-1
271,-1,526.881,497.577,146.147,95.798,0.973,-1,-1,-1
271,-1,699.640,502.868,383.267,275.067,0.996,-1,-1,-1
271,-1,1128.351,357.941,286.276,135.452,0.998,-1,-1,-1
272,-1,502.925,503.541,145.792,94.427,0.977,-1,-1,-1
272,-1,729.404,507.892,435.312,302.862,0.997,-1,-1,-1
272,-1,1093.093,363.708,269.064,133.307,0.995,-1,-1,-1
273,-1,489.107,509.400,137.724,90.691,0.978,-1,-1,-1
273,-1,772.100,514.502,499.320,331.141,0.997,-1,-1,-1
273,-1,1051.606,369.673,262.830,131.072,0.994,-1,-1,-1
274,-1,463.819,517.194,142.841,90.312,0.973,-1,-1,-1
274,-1,1021.490,374.403,246.884,129.074,0.994,-1,-1,-1
274,-1,820.236,521.514,586.826,368.682,0.991,-1,-1,-1
275,-1,993.462,376.405,232.326,128.248,0.993,-1,-1,-1
275,-1,442.686,524.608,140.694,89.157,0.948,-1,-1,-1
275,-1,883.187,524.000,706.447,432.362,0.993,-1,-1,-1
276,-1,966.443,382.793,226.483,124.213,0.997,-1,-1,-1
276,-1,423.736,533.277,136.743,87.620,0.978,-1,-1,-1
276,-1,968.201,530.069,627.011,502.458,0.970,-1,-1,-1
277,-1,1041.968,541.452,553.880,506.238,0.574,-1,-1,-1
277,-1,942.223,389.454,207.007,117.798,0.996,-1,-1,-1
277,-1,404.067,541.342,130.762,87.176,0.977,-1,-1,-1
278,-1,919.925,393.694,196.100,113.925,0.997,-1,-1,-1
278,-1,383.498,546.927,127.974,86.677,0.963,-1,-1,-1
279,-1,896.801,399.885,189.553,109.696,0.998,-1,-1,-1
279,-1,362.154,556.010,129.748,82.680,0.973,-1,-1,-1
280,-1,340.089,567.946,127.864,79.862,0.952,-1,-1,-1
280,-1,876.422,407.515,180.976,102.511,0.997,-1,-1,-1
281,-1,318.298,573.962,126.041,80.428,0.922,-1,-1,-1
281,-1,856.488,412.436,172.344,99.581,0.997,-1,-1,-1
282,-1,292.178,580.351,128.632,80.911,0.955,-1,-1,-1
282,-1,837.434,416.342,170.813,96.847,0.997,-1,-1,-1
283,-1,266.864,588.441,130.500,79.587,0.955,-1,-1,-1
283,-1,820.855,417.947,162.486,96.455,0.996,-1,-1,-1
284,-1,244.344,595.648,130.793,78.617,0.948,-1,-1,-1
284,-1,804.042,422.979,155.011,92.495,0.996,-1,-1,-1
285,-1,223.467,602.968,124.076,76.290,0.699,-1,-1,-1
285,-1,787.629,423.553,149.736,92.598,0.998,-1,-1,-1
286,-1,206.056,609.988,117.105,75.905,0.799,-1,-1,-1
286,-1,771.723,428.920,146.165,89.319,0.997,-1,-1,-1
287,-1,179.559,617.991,116.357,79.321,0.859,-1,-1,-1
287,-1,758.942,430.489,141.596,89.662,0.997,-1,-1,-1
288,-1,153.360,629.773,119.784,78.234,0.861,-1,-1,-1
288,-1,742.008,434.168,140.536,87.076,0.998,-1,-1,-1
289,-1,132.248,634.743,123.326,80.254,0.930,-1,-1,-1
289,-1,728.396,437.663,138.133,85.120,0.998,-1,-1,-1
290,-1,107.673,640.550,129.394,81.816,0.878,-1,-1,-1
290,-1,715.893,440.326,135.003,83.644,0.997,-1,-1,-1
291,-1,88.794,646.773,125.123,82.684,0.902,-1,-1,-1
291,-1,704.274,441.829,129.875,82.928,0.996,-1,-1,-1
292,-1,69.128,651.270,125.045,83.255,0.890,-1,-1,-1
292,-1,441.627,515.552,75.674,68.530,0.662,-1,-1,-1
292,-1,697.536,444.311,120.969,80.907,0.995,-1,-1,-1
293,-1,44.707,658.464,127.643,86.163,0.860,-1,-1,-1
293,-1,446.061,516.044,75.627,69.118,0.690,-1,-1,-1
293,-1,686.221,445.865,121.355,79.342,0.994,-1,-1,-1
294,-1,450.692,516.089,75.854,68.759,0.793,-1,-1,-1
294,-1,675.271,448.036,119.231,79.172,0.991,-1,-1,-1
295,-1,455.542,515.600,76.410,69.328,0.832,-1,-1,-1
295,-1,664.403,450.654,115.789,78.433,0.992,-1,-1,-1
296,-1,459.168,517.168,75.422,69.172,0.871,-1,-1,-1
296,-1,657.313,452.429,109.950,77.444,0.988,-1,-1,-1
297,-1,462.574,517.128,76.321,69.686,0.894,-1,-1,-1
297,-1,647.830,453.058,107.461,76.956,0.986,-1,-1,-1
298,-1,813.845,363.734,120.193,97.530,0.515,-1,-1,-1
298,-1,465.290,517.406,77.604,70.689,0.915,-1,-1,-1
298,-1,639.414,455.820,103.167,75.592,0.979,-1,-1,-1
299,-1,813.804,363.589,120.506,97.426,0.583,-1,-1,-1
299,-1,467.925,517.268,77.534,71.313,0.921,-1,-1,-1
299,-1,634.311,458.529,100.274,74.176,0.971,-1,-1,-1
300,-1,814.369,363.376,120.135,97.147,0.682,-1,-1,-1
300,-1,470.673,517.459,79.863,70.445,0.954,-1,-1,-1
300,-1,627.770,460.347,94.558,72.579,0.953,-1,-1,-1
301,-1,815.495,363.100,121.085,98.107,0.560,-1,-1,-1
301,-1,475.372,518.914,80.961,69.786,0.970,-1,-1,-1
301,-1,622.344,462.022,93.687,72.567,0.972,-1,-1,-1
302,-1,815.576,363.055,121.161,97.863,0.621,-1,-1,-1
302,-1,480.173,519.487,79.810,69.814,0.974,-1,-1,-1
302,-1,615.623,463.620,92.319,71.173,0.950,-1,-1,-1
303,-1,815.319,363.021,121.283,98.201,0.596,-1,-1,-1
303,-1,480.607,519.882,85.729,72.383,0.977,-1,-1,-1
303,-1,609.750,464.090,91.304,71.511,0.943,-1,-1,-1
304,-1,815.092,363.120,121.407,98.131,0.598,-1,-1,-1
304,-1,484.825,519.967,87.994,73.257,0.982,-1,-1,-1
304,-1,604.361,465.485,89.536,71.305,0.897,-1,-1,-1
305,-1,815.122,362.927,121.191,98.410,0.661,-1,-1,-1
305,-1,490.310,517.918,92.980,75.712,0.985,-1,-1,-1
305,-1,597.387,465.241,87.799,70.608,0.871,-1,-1,-1
306,-1,815.328,362.938,121.247,98.192,0.696,-1,-1,-1
306,-1,494.178,517.612,97.857,77.201,0.978,-1,-1,-1
306,-1,594.098,466.656,81.554,68.838,0.523,-1,-1,-1
307,-1,815.172,363.069,121.299,98.225,0.669,-1,-1,-1
307,-1,500.341,517.495,100.922,79.322,0.983,-1,-1,-1
307,-1,587.766,467.794,81.813,68.851,0.555,-1,-1,-1
308,-1,815.233,363.021,121.435,98.459,0.623,-1,-1,-1
308,-1,506.255,518.222,104.537,80.151,0.994,-1,-1,-1
309,-1,814.977,362.680,122.176,98.867,0.553,-1,-1,-1
309,-1,511.667,517.716,107.005,82.959,0.995,-1,-1,-1
310,-1,814.942,362.484,122.158,99.087,0.543,-1,-1,-1
310,-1,516.989,518.714,110.206,85.829,0.995,-1,-1,-1
311,-1,814.705,362.247,122.321,99.453,0.501,-1,-1,-1
311,-1,527.991,520.455,113.037,85.869,0.995,-1,-1,-1
312,-1,537.852,521.306,115.138,85.959,0.995,-1,-1,-1
313,-1,546.568,520.277,121.119,90.168,0.996,-1,-1,-1
314,-1,554.471,519.189,127.239,95.976,0.997,-1,-1,-1
315,-1,562.093,518.054,137.933,99.997,0.997,-1,-1,-1
316,-1,572.803,516.348,143.903,103.309,0.998,-1,-1,-1
317,-1,587.585,517.552,147.193,105.918,0.998,-1,-1,-1
318,-1,601.625,516.437,155.588,110.988,0.998,-1,-1,-1
319,-1,617.071,513.573,164.255,120.161,0.999,-1,-1,-1
320,-1,635.276,511.260,174.624,125.714,0.999,-1,-1,-1
321,-1,652.435,510.458,188.846,131.854,0.999,-1,-1,-1
322,-1,812.368,362.090,124.625,100.508,0.513,-1,-1,-1
322,-1,674.504,509.953,196.610,137.253,0.999,-1,-1,-1
323,-1,811.475,362.528,126.163,100.188,0.615,-1,-1,-1
323,-1,691.479,506.448,220.684,147.844,0.999,-1,-1,-1
324,-1,810.546,362.294,128.418,101.099,0.692,-1,-1,-1
324,-1,719.326,505.174,239.120,154.803,0.999,-1,-1,-1
325,-1,810.728,363.348,126.694,100.008,0.756,-1,-1,-1
325,-1,742.202,503.065,260.204,165.740,0.999,-1,-1,-1
326,-1,812.306,363.707,125.390,99.592,0.717,-1,-1,-1
326,-1,770.201,497.692,290.919,178.690,0.999,-1,-1,-1
327,-1,813.569,363.390,123.569,99.386,0.693,-1,-1,-1
327,-1,800.890,494.824,321.540,194.098,0.998,-1,-1,-1
328,-1,814.206,363.577,122.202,98.604,0.641,-1,-1,-1
328,-1,841.423,494.816,358.958,203.860,0.998,-1,-1,-1
329,-1,814.439,363.198,122.150,98.595,0.631,-1,-1,-1
329,-1,893.122,495.330,399.264,219.041,0.998,-1,-1,-1
330,-1,814.157,362.796,122.441,98.758,0.680,-1,-1,-1
330,-1,951.876,499.092,446.327,234.844,0.998,-1,-1,-1
331,-1,1033.117,502.319,495.598,248.085,0.999,-1,-1,-1
332,-1,1116.757,496.982,481.993,280.650,0.994,-1,-1,-1
333,-1,1212.466,498.255,386.391,311.191,0.951,-1,-1,-1
333,-1,813.893,361.087,123.455,100.560,0.515,-1,-1,-1
334,-1,1321.202,495.150,277.832,300.801,0.855,-1,-1,-1
334,-1,813.779,361.428,123.796,100.445,0.559,-1,-1,-1
335,-1,1434.172,382.225,165.432,190.106,0.701,-1,-1,-1
336,-1,1358.587,364.693,240.669,199.115,0.891,-1,-1,-1
336,-1,814.059,361.856,123.724,99.647,0.559,-1,-1,-1
337,-1,1287.476,367.614,310.832,193.597,0.983,-1,-1,-1
337,-1,812.914,361.403,124.451,99.766,0.704,-1,-1,-1
338,-1,1229.795,373.739,368.730,188.888,0.993,-1,-1,-1
338,-1,813.143,361.152,124.819,100.345,0.624,-1,-1,-1
339,-1,1180.141,372.959,416.457,187.814,0.998,-1,-1,-1
339,-1,813.177,361.389,124.847,100.292,0.558,-1,-1,-1
340,-1,1129.862,387.944,396.841,175.088,0.998,-1,-1,-1
340,-1,813.221,361.475,124.521,100.343,0.591,-1,-1,-1
341,-1,1089.124,392.360,367.890,170.808,0.994,-1,-1,-1
341,-1,811.511,362.917,125.179,99.280,0.642,-1,-1,-1
342,-1,1049.750,398.180,345.917,164.414,0.996,-1,-1,-1
342,-1,1311.529,299.358,286.303,179.656,0.746,-1,-1,-1
342,-1,811.296,362.920,125.352,99.688,0.596,-1,-1,-1
343,-1,811.511,362.839,125.639,100.103,0.589,-1,-1,-1
343,-1,1013.743,403.238,321.050,159.797,0.996,-1,-1,-1
343,-1,1262.337,302.778,334.709,175.466,0.941,-1,-1,-1
344,-1,978.998,404.762,304.717,159.455,0.996,-1,-1,-1
344,-1,1206.293,311.816,345.406,171.476,0.979,-1,-1,-1
345,-1,952.014,408.607,289.361,155.561,0.996,-1,-1,-1
345,-1,1154.556,327.365,312.427,159.202,0.974,-1,-1,-1
346,-1,925.273,413.306,279.816,148.652,0.996,-1,-1,-1
346,-1,1121.815,334.840,285.223,154.749,0.953,-1,-1,-1
347,-1,906.685,418.094,260.663,143.594,0.997,-1,-1,-1
347,-1,1077.195,342.664,267.893,150.467,0.877,-1,-1,-1
348,-1,883.301,419.015,253.737,140.354,0.993,-1,-1,-1
348,-1,457.814,508.993,77.548,73.500,0.560,-1,-1,-1
348,-1,1027.259,351.777,262.658,147.331,0.774,-1,-1,-1
349,-1,865.778,423.309,238.537,136.032,0.997,-1,-1,-1
349,-1,460.608,506.070,78.856,76.487,0.682,-1,-1,-1
349,-1,1023.616,358.566,215.729,139.449,0.764,-1,-1,-1
350,-1,851.069,427.850,222.769,130.032,0.998,-1,-1,-1
350,-1,461.899,507.895,80.087,76.749,0.629,-1,-1,-1
351,-1,20.318,677.825,140.530,92.996,0.595,-1,-1,-1
351,-1,832.042,432.066,218.786,127.452,0.997,-1,-1,-1
351,-1,464.435,504.874,81.303,78.989,0.874,-1,-1,-1
352,-1,28.801,675.662,142.221,92.539,0.513,-1,-1,-1
352,-1,466.405,506.098,82.170,77.797,0.898,-1,-1,-1
352,-1,821.263,433.141,205.651,124.462,0.998,-1,-1,-1
353,-1,41.876,674.108,142.648,91.440,0.867,-1,-1,-1
353,-1,468.044,507.471,84.342,78.446,0.934,-1,-1,-1
353,-1,809.737,436.926,198.866,120.395,0.998,-1,-1,-1
354,-1,48.635,670.766,146.205,94.013,0.814,-1,-1,-1
354,-1,471.209,511.668,84.860,75.106,0.949,-1,-1,-1
354,-1,793.917,437.944,192.925,120.168,0.998,-1,-1,-1
355,-1,57.779,668.459,148.692,93.170,0.698,-1,-1,-1
355,-1,475.232,513.067,85.109,74.898,0.939,-1,-1,-1
355,-1,784.559,440.050,182.073,117.249,0.998,-1,-1,-1
356,-1,479.174,514.725,84.698,73.926,0.958,-1,-1,-1
356,-1,771.086,444.300,184.692,112.904,0.998,-1,-1,-1
357,-1,80.952,661.827,144.281,90.602,0.861,-1,-1,-1
357,-1,481.076,515.665,87.199,75.571,0.966,-1,-1,-1
357,-1,762.713,447.865,177.565,109.468,0.998,-1,-1,-1
358,-1,89.701,658.197,141.900,90.556,0.850,-1,-1,-1
358,-1,483.563,516.502,89.487,75.845,0.972,-1,-1,-1
358,-1,754.593,445.433,170.935,110.218,0.998,-1,-1,-1
359,-1,96.866,656.741,141.882,91.990,0.799,-1,-1,-1
359,-1,486.960,516.713,92.275,76.672,0.974,-1,-1,-1
359,-1,746.265,446.125,164.029,109.658,0.997,-1,-1,-1
360,-1,106.418,654.708,135.557,90.362,0.837,-1,-1,-1
360,-1,491.761,515.567,95.005,79.980,0.978,-1,-1,-1
360,-1,739.269,446.152,160.538,109.745,0.997,-1,-1,-1
361,-1,113.983,650.391,135.657,93.945,0.811,-1,-1,-1
361,-1,495.409,515.846,100.025,82.300,0.978,-1,-1,-1
361,-1,729.786,448.646,159.414,107.258,0.996,-1,-1,-1
362,-1,121.760,647.765,134.183,94.964,0.816,-1,-1,-1
362,-1,500.848,516.517,102.215,84.255,0.976,-1,-1,-1
362,-1,718.518,444.491,162.372,111.122,0.996,-1,-1,-1
363,-1,505.476,516.363,105.332,85.465,0.977,-1,-1,-1
363,-1,710.849,453.268,158.406,101.854,0.994,-1,-1,-1
364,-1,510.180,516.935,108.979,87.758,0.983,-1,-1,-1
364,-1,701.987,450.881,158.719,104.566,0.992,-1,-1,-1
365,-1,143.225,646.007,124.104,92.738,0.503,-1,-1,-1
365,-1,514.450,517.149,116.740,95.356,0.991,-1,-1,-1
365,-1,699.748,457.392,154.227,98.517,0.989,-1,-1,-1
366,-1,1428.538,325.300,170.758,148.927,0.914,-1,-1,-1
366,-1,523.939,516.535,122.521,97.868,0.991,-1,-1,-1
366,-1,697.906,459.853,147.526,96.054,0.986,-1,-1,-1
367,-1,157.521,639.185,132.636,90.144,0.611,-1,-1,-1
367,-1,1362.200,329.679,236.792,148.081,0.991,-1,-1,-1
367,-1,531.941,516.341,122.516,99.161,0.990,-1,-1,-1
367,-1,694.141,460.769,142.667,95.837,0.989,-1,-1,-1
368,-1,162.326,634.923,134.754,93.281,0.593,-1,-1,-1
368,-1,1303.051,333.099,294.400,150.005,0.987,-1,-1,-1
368,-1,538.728,517.148,131.227,101.664,0.992,-1,-1,-1
368,-1,690.358,460.880,140.907,95.302,0.982,-1,-1,-1
369,-1,1244.289,340.894,329.554,147.083,0.960,-1,-1,-1
369,-1,546.623,517.436,134.758,103.019,0.992,-1,-1,-1
369,-1,685.388,462.340,138.424,93.671,0.981,-1,-1,-1
369,-1,1244.570,342.358,323.111,145.081,0.968,-1,-1,-1
370,-1,553.743,516.998,145.064,106.090,0.989,-1,-1,-1
370,-1,176.338,630.909,141.157,94.487,0.582,-1,-1,-1
370,-1,678.048,461.261,139.612,93.431,0.966,-1,-1,-1
370,-1,1193.084,350.881,295.648,140.131,0.997,-1,-1,-1
371,-1,566.245,514.404,149.877,109.985,0.988,-1,-1,-1
371,-1,673.781,460.924,137.295,94.549,0.780,-1,-1,-1
371,-1,1151.881,358.779,273.489,136.669,0.997,-1,-1,-1
372,-1,581.969,516.180,154.598,109.120,0.993,-1,-1,-1
372,-1,670.246,460.290,136.755,95.017,0.707,-1,-1,-1
372,-1,1109.269,366.076,255.264,133.036,0.996,-1,-1,-1
373,-1,595.962,514.042,161.031,114.383,0.995,-1,-1,-1
373,-1,1069.542,371.250,242.493,132.053,0.996,-1,-1,-1
374,-1,609.355,512.009,174.050,121.220,0.997,-1,-1,-1
374,-1,1033.831,376.980,228.455,127.958,0.996,-1,-1,-1
375,-1,627.833,510.615,185.473,127.786,0.997,-1,-1,-1
375,-1,591.683,456.806,93.961,80.591,0.632,-1,-1,-1
375,-1,1001.877,383.262,213.926,123.203,0.995,-1,-1,-1
376,-1,645.332,511.177,201.981,131.761,0.994,-1,-1,-1
376,-1,972.183,387.111,205.083,120.652,0.994,-1,-1,-1
377,-1,944.714,394.412,192.821,113.877,0.995,-1,-1,-1
377,-1,652.703,464.383,139.336,94.290,0.652,-1,-1,-1
377,-1,668.893,511.196,213.234,139.835,0.995,-1,-1,-1
378,-1,919.525,396.677,180.449,112.428,0.994,-1,-1,-1
378,-1,649.450,464.363,139.908,93.460,0.881,-1,-1,-1
378,-1,684.331,504.572,239.784,155.863,0.997,-1,-1,-1
379,-1,891.627,405.643,178.583,105.035,0.992,-1,-1,-1
379,-1,648.908,465.805,138.807,92.389,0.958,-1,-1,-1
379,-1,713.725,503.493,257.820,165.321,0.994,-1,-1,-1
380,-1,870.264,410.417,170.047,101.147,0.983,-1,-1,-1
380,-1,647.786,465.373,138.295,92.490,0.968,-1,-1,-1
380,-1,736.700,497.156,282.867,179.591,0.997,-1,-1,-1
381,-1,648.072,466.077,135.478,91.790,0.980,-1,-1,-1
381,-1,848.295,415.887,165.272,101.031,0.966,-1,-1,-1
381,-1,772.723,490.472,308.791,195.879,0.997,-1,-1,-1
382,-1,647.403,466.448,134.131,91.697,0.982,-1,-1,-1
382,-1,832.998,420.047,155.316,96.379,0.969,-1,-1,-1
382,-1,808.358,490.260,345.586,207.976,0.996,-1,-1,-1
383,-1,646.437,466.560,133.791,91.185,0.983,-1,-1,-1
383,-1,816.132,423.468,147.036,93.687,0.980,-1,-1,-1
383,-1,854.239,490.904,383.454,222.992,0.997,-1,-1,-1
384,-1,644.568,466.377,132.949,90.636,0.982,-1,-1,-1
384,-1,797.995,426.991,141.160,91.986,0.985,-1,-1,-1
384,-1,913.548,493.979,431.861,237.594,0.997,-1,-1,-1
385,-1,985.611,498.053,489.091,253.634,0.998,-1,-1,-1
385,-1,642.530,465.317,132.412,90.920,0.981,-1,-1,-1
385,-1,780.984,431.028,137.672,88.294,0.970,-1,-1,-1
386,-1,1069.581,492.269,528.143,280.416,0.996,-1,-1,-1
386,-1,232.183,614.073,135.135,83.087,0.719,-1,-1,-1
386,-1,766.767,433.949,132.487,88.386,0.837,-1,-1,-1
386,-1,641.713,465.809,131.615,90.575,0.972,-1,-1,-1
386,-1,770.181,432.906,129.350,87.957,0.700,-1,-1,-1
387,-1,1168.576,490.254,429.371,315.910,0.982,-1,-1,-1
387,-1,232.892,614.403,136.181,82.462,0.811,-1,-1,-1
387,-1,640.492,466.366,132.850,90.502,0.992,-1,-1,-1
388,-1,1278.698,507.321,319.942,310.078,0.811,-1,-1,-1
388,-1,234.170,614.093,135.209,82.009,0.794,-1,-1,-1
388,-1,640.656,466.999,133.260,90.057,0.994,-1,-1,-1
389,-1,234.876,613.590,136.077,82.449,0.782,-1,-1,-1
389,-1,640.231,466.421,134.002,90.393,0.995,-1,-1,-1
390,-1,237.772,614.415,133.578,80.765,0.813,-1,-1,-1
390,-1,640.174,468.028,133.954,89.403,0.994,-1,-1,-1
391,-1,238.056,613.811,135.422,81.370,0.834,-1,-1,-1
391,-1,639.823,466.715,133.835,90.597,0.994,-1,-1,-1
392,-1,237.758,614.111,136.576,81.595,0.869,-1,-1,-1
392,-1,638.867,466.789,134.500,90.994,0.995,-1,-1,-1
393,-1,238.509,613.571,136.258,82.114,0.878,-1,-1,-1
393,-1,639.440,462.500,136.033,94.860,0.995,-1,-1,-1
394,-1,238.758,613.261,137.104,82.401,0.897,-1,-1,-1
394,-1,638.992,463.349,131.612,94.934,0.994,-1,-1,-1
395,-1,238.544,613.091,137.792,82.762,0.911,-1,-1,-1
395,-1,637.231,464.354,132.442,94.561,0.994,-1,-1,-1
396,-1,238.867,613.075,137.599,82.554,0.917,-1,-1,-1
396,-1,636.507,465.086,131.605,93.110,0.993,-1,-1,-1
397,-1,238.206,612.332,138.889,84.032,0.869,-1,-1,-1
397,-1,634.651,465.405,133.287,93.104,0.993,-1,-1,-1
398,-1,1472.786,297.524,126.609,175.013,0.719,-1,-1,-1
398,-1,238.107,612.150,138.664,84.065,0.872,-1,-1,-1
398,-1,632.220,465.684,135.358,93.091,0.992,-1,-1,-1
399,-1,1400.261,284.030,199.110,184.982,0.911,-1,-1,-1
399,-1,238.270,612.322,138.397,83.876,0.865,-1,-1,-1
399,-1,633.024,467.549,134.997,90.280,0.989,-1,-1,-1
400,-1,1343.276,278.512,255.542,198.483,0.944,-1,-1,-1
400,-1,238.343,612.285,138.564,83.700,0.854,-1,-1,-1
400,-1,636.302,469.331,132.279,87.937,0.986,-1,-1,-1
401,-1,1280.466,290.202,316.107,190.511,0.992,-1,-1,-1
401,-1,238.109,612.563,138.174,83.125,0.842,-1,-1,-1
401,-1,638.016,469.970,130.860,87.334,0.985,-1,-1,-1
402,-1,237.685,612.212,139.161,83.865,0.843,-1,-1,-1
402,-1,638.254,470.303,130.977,87.439,0.988,-1,-1,-1
402,-1,1233.362,304.929,296.974,176.827,0.993,-1,-1,-1
403,-1,237.438,611.773,140.082,84.174,0.866,-1,-1,-1
403,-1,636.509,469.933,132.033,87.947,0.988,-1,-1,-1
403,-1,1187.766,316.398,276.469,169.072,0.995,-1,-1,-1
404,-1,237.439,611.795,139.915,84.243,0.848,-1,-1,-1
404,-1,635.725,469.727,132.686,88.352,0.990,-1,-1,-1
404,-1,1151.931,326.800,255.009,160.561,0.995,-1,-1,-1
405,-1,237.560,611.826,139.669,84.162,0.859,-1,-1,-1
405,-1,636.058,470.208,132.643,87.911,0.991,-1,-1,-1
405,-1,1110.350,335.919,239.214,153.489,0.989,-1,-1,-1
406,-1,237.758,611.827,139.270,84.078,0.855,-1,-1,-1
406,-1,637.747,470.664,131.519,87.470,0.991,-1,-1,-1
406,-1,1075.996,340.027,227.033,152.811,0.991,-1,-1,-1
407,-1,237.700,611.431,139.388,84.372,0.863,-1,-1,-1
407,-1,638.309,470.681,131.163,87.614,0.991,-1,-1,-1
407,-1,1043.276,348.088,213.583,145.422,0.991,-1,-1,-1
408,-1,237.358,611.854,139.684,83.990,0.865,-1,-1,-1
408,-1,637.949,470.379,131.866,87.712,0.991,-1,-1,-1
408,-1,1011.377,356.797,207.036,140.507,0.989,-1,-1,-1
409,-1,983.711,359.639,197.283,138.943,0.991,-1,-1,-1
409,-1,238.042,611.624,138.244,84.091,0.832,-1,-1,-1
409,-1,638.339,470.217,131.022,87.695,0.991,-1,-1,-1
410,-1,957.975,363.125,188.665,135.977,0.994,-1,-1,-1
410,-1,238.050,611.731,138.222,83.902,0.820,-1,-1,-1
410,-1,638.568,470.296,131.109,87.591,0.991,-1,-1,-1
411,-1,934.174,368.117,176.803,133.098,0.992,-1,-1,-1
411,-1,237.865,611.828,138.669,83.990,0.811,-1,-1,-1
411,-1,639.093,470.499,131.417,87.723,0.992,-1,-1,-1
412,-1,909.726,375.646,173.792,127.270,0.993,-1,-1,-1
412,-1,238.168,611.993,137.673,83.806,0.809,-1,-1,-1
412,-1,639.269,470.345,131.760,87.861,0.993,-1,-1,-1
413,-1,238.399,611.790,137.456,83.877,0.793,-1,-1,-1
413,-1,639.868,470.337,131.279,88.036,0.992,-1,-1,-1
413,-1,891.676,380.572,162.526,125.007,0.977,-1,-1,-1
414,-1,238.307,611.814,138.001,83.738,0.832,-1,-1,-1
414,-1,639.395,470.275,131.622,87.956,0.992,-1,-1,-1
414,-1,869.480,388.280,154.976,120.112,0.962,-1,-1,-1
415,-1,238.225,611.661,138.117,83.843,0.799,-1,-1,-1
415,-1,638.684,470.162,132.074,88.153,0.991,-1,-1,-1
415,-1,849.343,393.197,152.645,115.363,0.981,-1,-1,-1
416,-1,238.282,611.932,138.249,83.496,0.827,-1,-1,-1
416,-1,638.197,470.177,132.461,88.072,0.990,-1,-1,-1
416,-1,831.944,397.464,149.841,111.549,0.978,-1,-1,-1
417,-1,238.482,611.722,138.829,83.735,0.811,-1,-1,-1
417,-1,637.615,469.752,132.215,88.187,0.989,-1,-1,-1
417,-1,816.982,399.421,140.646,110.746,0.977,-1,-1,-1
418,-1,36.906,672.161,148.950,98.790,0.522,-1,-1,-1
418,-1,238.372,611.846,138.790,83.490,0.846,-1,-1,-1
418,-1,636.381,470.010,133.021,88.052,0.991,-1,-1,-1
418,-1,803.728,403.826,133.700,109.577,0.813,-1,-1,-1
419,-1,40.899,671.058,148.908,99.860,0.560,-1,-1,-1
419,-1,239.058,611.828,137.601,83.118,0.869,-1,-1,-1
419,-1,635.280,469.795,132.790,88.125,0.992,-1,-1,-1
419,-1,790.433,412.296,127.031,101.121,0.527,-1,-1,-1
420,-1,45.022,668.303,152.021,100.778,0.780,-1,-1,-1
420,-1,772.943,415.746,127.049,99.963,0.775,-1,-1,-1
420,-1,238.846,611.568,137.996,83.718,0.875,-1,-1,-1
420,-1,635.631,469.698,132.282,87.845,0.987,-1,-1,-1
421,-1,47.714,666.593,150.727,101.238,0.532,-1,-1,-1
421,-1,760.203,416.979,120.111,100.433,0.776,-1,-1,-1
421,-1,238.681,611.093,138.576,84.562,0.853,-1,-1,-1
421,-1,635.042,470.238,132.473,87.923,0.991,-1,-1,-1
422,-1,435.040,502.820,82.082,75.578,0.533,-1,-1,-1
422,-1,238.531,611.151,138.963,84.540,0.866,-1,-1,-1
422,-1,635.195,468.903,133.878,89.660,0.995,-1,-1,-1
423,-1,56.243,665.062,151.529,100.675,0.598,-1,-1,-1
423,-1,436.543,504.004,81.871,75.502,0.553,-1,-1,-1
423,-1,238.845,611.410,138.634,84.502,0.864,-1,-1,-1
423,-1,636.024,468.717,134.298,89.909,0.996,-1,-1,-1
424,-1,438.115,504.411,81.725,75.556,0.665,-1,-1,-1
424,-1,238.691,611.439,138.416,84.260,0.832,-1,-1,-1
424,-1,636.354,468.485,134.716,89.989,0.996,-1,-1,-1
425,-1,64.108,662.954,153.497,101.260,0.500,-1,-1,-1
425,-1,439.418,504.950,81.913,76.296,0.671,-1,-1,-1
425,-1,239.481,611.429,137.539,83.967,0.842,-1,-1,-1
425,-1,636.230,468.358,133.219,90.206,0.996,-1,-1,-1
426,-1,66.687,662.479,155.057,99.688,0.583,-1,-1,-1
426,-1,440.680,504.933,83.005,77.505,0.665,-1,-1,-1
426,-1,240.117,611.429,136.706,84.070,0.814,-1,-1,-1
426,-1,637.194,468.707,132.657,90.075,0.995,-1,-1,-1
427,-1,70.175,662.659,151.360,98.116,0.512,-1,-1,-1
427,-1,441.841,504.791,83.546,77.393,0.621,-1,-1,-1
427,-1,240.116,611.229,136.918,84.051,0.817,-1,-1,-1
427,-1,636.622,468.986,132.893,89.820,0.995,-1,-1,-1
428,-1,71.671,661.501,151.081,97.204,0.606,-1,-1,-1
428,-1,442.547,505.846,84.836,77.350,0.719,-1,-1,-1
428,-1,239.460,611.712,136.692,83.847,0.829,-1,-1,-1
428,-1,636.928,468.750,132.401,90.090,0.993,-1,-1,-1
429,-1,74.482,660.601,149.437,97.673,0.632,-1,-1,-1
429,-1,443.583,506.208,85.770,77.308,0.739,-1,-1,-1
429,-1,238.674,611.886,137.102,84.010,0.832,-1,-1,-1
429,-1,636.919,467.105,131.038,91.970,0.994,-1,-1,-1
430,-1,78.538,659.524,146.847,97.284,0.554,-1,-1,-1
430,-1,443.378,504.684,88.109,78.578,0.706,-1,-1,-1
430,-1,238.136,612.264,137.053,84.088,0.810,-1,-1,-1
430,-1,636.521,466.888,130.926,91.708,0.994,-1,-1,-1
431,-1,443.872,504.779,90.075,79.415,0.747,-1,-1,-1
431,-1,237.804,612.549,136.805,84.050,0.770,-1,-1,-1
431,-1,636.971,466.417,130.539,91.948,0.994,-1,-1,-1
432,-1,83.012,657.841,146.748,97.733,0.523,-1,-1,-1
432,-1,447.345,505.964,89.991,79.733,0.740,-1,-1,-1
432,-1,237.120,612.900,137.332,84.230,0.769,-1,-1,-1
432,-1,635.684,467.684,133.070,90.740,0.993,-1,-1,-1
433,-1,447.403,505.630,92.834,82.310,0.752,-1,-1,-1
433,-1,236.906,612.765,137.330,84.055,0.783,-1,-1,-1
433,-1,633.931,469.470,133.956,88.856,0.993,-1,-1,-1
434,-1,85.603,656.913,147.293,98.362,0.516,-1,-1,-1
434,-1,449.823,506.438,92.785,82.276,0.847,-1,-1,-1
434,-1,236.699,612.596,137.395,84.209,0.773,-1,-1,-1
434,-1,633.852,468.606,133.546,88.804,0.990,-1,-1,-1
435,-1,86.660,656.573,148.428,98.600,0.511,-1,-1,-1
435,-1,453.054,504.937,92.579,85.133,0.926,-1,-1,-1
435,-1,237.373,612.080,136.300,84.205,0.722,-1,-1,-1
435,-1,635.711,469.955,132.185,87.879,0.991,-1,-1,-1
436,-1,454.359,506.157,92.668,85.984,0.927,-1,-1,-1
436,-1,238.586,610.711,135.721,84.364,0.644,-1,-1,-1
436,-1,637.160,470.479,130.277,87.031,0.990,-1,-1,-1
437,-1,456.710,505.705,93.624,87.232,0.935,-1,-1,-1
437,-1,237.586,611.346,136.749,84.711,0.700,-1,-1,-1
437,-1,635.250,471.642,131.384,86.301,0.990,-1,-1,-1
438,-1,88.630,656.274,146.263,98.364,0.525,-1,-1,-1
438,-1,457.984,505.984,94.874,87.742,0.934,-1,-1,-1
438,-1,237.949,611.715,136.195,84.501,0.656,-1,-1,-1
438,-1,634.141,471.327,131.548,86.916,0.989,-1,-1,-1
439,-1,459.019,506.614,98.057,89.223,0.952,-1,-1,-1
439,-1,238.621,611.618,136.580,85.263,0.726,-1,-1,-1
439,-1,633.205,471.427,131.444,87.279,0.989,-1,-1,-1
440,-1,457.628,504.545,103.998,92.368,0.952,-1,-1,-1
440,-1,238.182,611.655,137.968,85.603,0.730,-1,-1,-1
440,-1,630.512,471.015,133.090,88.258,0.990,-1,-1,-1
441,-1,460.616,507.656,104.229,90.276,0.961,-1,-1,-1
441,-1,240.259,611.271,137.413,85.304,0.775,-1,-1,-1
441,-1,630.620,471.595,132.681,87.151,0.990,-1,-1,-1
442,-1,462.285,508.249,106.545,90.437,0.960,-1,-1,-1
442,-1,240.554,611.490,137.798,85.363,0.835,-1,-1,-1
442,-1,628.831,471.561,133.281,87.552,0.990,-1,-1,-1
443,-1,88.251,655.794,147.078,99.490,0.529,-1,-1,-1
443,-1,464.674,507.435,109.253,90.765,0.963,-1,-1,-1
443,-1,241.698,610.564,137.524,86.131,0.824,-1,-1,-1
443,-1,629.259,471.508,131.047,87.253,0.987,-1,-1,-1
444,-1,88.589,654.381,150.799,101.961,0.519,-1,-1,-1
444,-1,467.922,507.762,113.082,92.701,0.964,-1,-1,-1
444,-1,241.986,609.582,139.404,88.131,0.871,-1,-1,-1
444,-1,628.688,471.879,129.157,87.106,0.986,-1,-1,-1
445,-1,90.226,654.051,149.945,102.232,0.507,-1,-1,-1
445,-1,471.445,508.427,115.495,94.031,0.964,-1,-1,-1
445,-1,242.762,609.080,141.178,88.086,0.875,-1,-1,-1
445,-1,627.549,471.492,129.257,87.347,0.988,-1,-1,-1
446,-1,475.946,508.718,117.943,95.504,0.958,-1,-1,-1
446,-1,245.345,608.192,141.457,88.336,0.900,-1,-1,-1
446,-1,625.953,471.336,129.317,87.513,0.986,-1,-1,-1
447,-1,480.571,508.482,117.965,96.628,0.960,-1,-1,-1
447,-1,248.550,607.936,140.610,88.135,0.906,-1,-1,-1
447,-1,624.661,471.103,129.080,88.579,0.982,-1,-1,-1
448,-1,92.123,653.638,149.546,101.242,0.561,-1,-1,-1
448,-1,482.665,508.744,122.157,98.166,0.949,-1,-1,-1
448,-1,252.368,607.379,140.612,87.785,0.918,-1,-1,-1
448,-1,622.190,471.468,129.064,89.089,0.979,-1,-1,-1
449,-1,93.629,652.361,152.589,103.318,0.524,-1,-1,-1
449,-1,485.650,509.046,127.577,103.037,0.937,-1,-1,-1
449,-1,252.925,605.790,145.848,89.415,0.950,-1,-1,-1
449,-1,620.952,472.718,126.314,88.132,0.972,-1,-1,-1
450,-1,93.773,652.714,152.521,101.790,0.519,-1,-1,-1
450,-1,490.373,510.826,132.382,102.829,0.955,-1,-1,-1
450,-1,257.052,603.486,147.896,92.060,0.969,-1,-1,-1
450,-1,617.881,472.223,126.015,88.566,0.970,-1,-1,-1
451,-1,494.160,509.804,139.687,104.236,0.974,-1,-1,-1
451,-1,260.287,603.082,152.301,93.606,0.974,-1,-1,-1
451,-1,613.459,473.673,125.947,86.530,0.941,-1,-1,-1
452,-1,96.085,652.481,151.941,100.507,0.518,-1,-1,-1
452,-1,498.867,510.122,146.509,106.232,0.985,-1,-1,-1
452,-1,267.622,602.618,151.561,91.406,0.980,-1,-1,-1
452,-1,613.734,473.843,120.033,86.284,0.794,-1,-1,-1
453,-1,507.677,505.659,149.492,113.132,0.985,-1,-1,-1
453,-1,99.216,651.405,151.006,100.331,0.547,-1,-1,-1
453,-1,273.183,601.343,151.259,90.806,0.979,-1,-1,-1
453,-1,615.035,474.585,112.883,84.391,0.627,-1,-1,-1
454,-1,516.319,505.329,152.138,115.876,0.988,-1,-1,-1
454,-1,100.499,652.176,146.759,99.586,0.536,-1,-1,-1
454,-1,282.066,600.494,151.493,90.501,0.962,-1,-1,-1
455,-1,521.538,503.529,160.888,120.467,0.992,-1,-1,-1
455,-1,287.843,597.966,154.366,92.648,0.974,-1,-1,-1
456,-1,528.471,503.027,168.947,124.507,0.991,-1,-1,-1
456,-1,106.424,649.939,144.606,98.542,0.503,-1,-1,-1
456,-1,296.380,595.472,154.917,92.343,0.975,-1,-1,-1
457,-1,536.666,501.064,172.744,130.773,0.994,-1,-1,-1
457,-1,1324.634,362.843,274.351,197.264,0.872,-1,-1,-1
457,-1,304.050,591.881,157.577,94.075,0.975,-1,-1,-1
458,-1,543.378,494.417,184.087,140.982,0.991,-1,-1,-1
458,-1,1270.242,362.646,328.067,197.304,0.969,-1,-1,-1
458,-1,313.305,590.104,156.709,93.021,0.973,-1,-1,-1
459,-1,552.110,491.586,198.306,146.980,0.997,-1,-1,-1
459,-1,1229.576,368.544,369.092,192.126,0.982,-1,-1,-1
459,-1,320.766,588.414,156.275,92.597,0.973,-1,-1,-1
460,-1,557.546,490.580,215.938,148.099,0.994,-1,-1,-1
460,-1,1192.651,377.460,402.898,182.446,0.997,-1,-1,-1
460,-1,329.493,586.750,158.271,92.363,0.957,-1,-1,-1
461,-1,575.238,490.962,221.822,151.916,0.993,-1,-1,-1
461,-1,1156.223,385.737,378.514,173.765,0.998,-1,-1,-1
461,-1,341.281,581.482,155.959,90.392,0.949,-1,-1,-1
462,-1,585.918,488.488,232.696,156.300,0.987,-1,-1,-1
462,-1,1122.609,389.907,354.875,170.500,0.998,-1,-1,-1
462,-1,350.745,579.839,154.575,87.843,0.916,-1,-1,-1
463,-1,600.946,488.073,241.970,157.657,0.995,-1,-1,-1
463,-1,1089.135,393.427,335.787,167.715,0.998,-1,-1,-1
463,-1,360.430,576.217,154.461,89.385,0.954,-1,-1,-1
464,-1,618.778,484.494,253.619,166.101,0.995,-1,-1,-1
464,-1,1061.939,397.242,315.550,161.941,0.998,-1,-1,-1
464,-1,368.658,571.956,156.557,91.690,0.935,-1,-1,-1
464,-1,516.448,492.543,136.571,93.892,0.604,-1,-1,-1
465,-1,1028.730,399.907,304.999,159.616,0.998,-1,-1,-1
465,-1,379.011,569.564,156.709,91.708,0.946,-1,-1,-1
465,-1,503.391,495.160,137.014,94.527,0.695,-1,-1,-1
465,-1,634.449,480.362,268.142,176.967,0.994,-1,-1,-1
466,-1,389.472,565.578,160.464,91.682,0.928,-1,-1,-1
466,-1,648.583,473.218,285.876,190.031,0.994,-1,-1,-1
466,-1,1004.546,402.732,284.832,157.642,0.997,-1,-1,-1
467,-1,401.161,561.429,160.117,94.312,0.936,-1,-1,-1
467,-1,670.615,470.658,301.111,198.084,0.994,-1,-1,-1
467,-1,977.857,407.856,275.026,150.632,0.997,-1,-1,-1
468,-1,411.174,555.461,161.801,96.147,0.941,-1,-1,-1
468,-1,688.527,467.735,320.163,207.376,0.991,-1,-1,-1
468,-1,961.705,411.295,258.855,147.825,0.996,-1,-1,-1
469,-1,422.266,551.868,160.711,97.990,0.951,-1,-1,-1
469,-1,937.798,414.991,256.332,142.583,0.971,-1,-1,-1
469,-1,713.452,467.310,338.331,214.047,0.988,-1,-1,-1
470,-1,953.170,418.053,208.265,130.451,0.772,-1,-1,-1
470,-1,434.019,542.912,163.052,104.281,0.974,-1,-1,-1
470,-1,733.291,463.168,366.402,223.784,0.997,-1,-1,-1
471,-1,437.348,539.332,171.113,107.361,0.844,-1,-1,-1
471,-1,761.390,460.309,392.233,234.281,0.996,-1,-1,-1
472,-1,450.132,539.989,169.791,105.058,0.863,-1,-1,-1
472,-1,795.542,456.032,419.255,246.342,0.997,-1,-1,-1
473,-1,459.841,541.147,170.735,103.333,0.737,-1,-1,-1
473,-1,830.144,450.260,461.838,269.205,0.997,-1,-1,-1
474,-1,473.114,540.661,167.926,101.706,0.860,-1,-1,-1
474,-1,872.035,455.589,513.135,277.848,0.997,-1,-1,-1
475,-1,488.212,536.094,165.272,106.017,0.971,-1,-1,-1
475,-1,365.369,547.613,138.982,94.619,0.559,-1,-1,-1
475,-1,840.567,429.208,200.140,124.064,0.688,-1,-1,-1
475,-1,924.590,452.896,564.421,296.163,0.996,-1,-1,-1
476,-1,983.545,443.408,613.579,323.539,0.996,-1,-1,-1
476,-1,500.256,535.177,165.533,106.757,0.975,-1,-1,-1
476,-1,831.566,431.439,191.182,119.027,0.978,-1,-1,-1
477,-1,1045.938,434.942,553.491,365.703,0.976,-1,-1,-1
477,-1,510.694,533.636,166.319,108.112,0.988,-1,-1,-1
477,-1,817.229,434.505,189.358,117.075,0.993,-1,-1,-1
478,-1,1115.235,425.820,484.422,394.501,0.918,-1,-1,-1
478,-1,520.826,531.755,166.933,109.199,0.990,-1,-1,-1
478,-1,800.167,437.869,186.183,114.351,0.995,-1,-1,-1
479,-1,1191.613,424.843,406.907,381.707,0.881,-1,-1,-1
479,-1,531.402,529.278,168.958,111.322,0.976,-1,-1,-1
479,-1,790.556,440.452,174.330,112.208,0.995,-1,-1,-1
480,-1,541.857,525.911,170.945,113.011,0.975,-1,-1,-1
480,-1,1288.789,428.752,310.279,383.787,0.677,-1,-1,-1
480,-1,247.777,604.357,143.788,92.062,0.676,-1,-1,-1
480,-1,776.797,442.524,171.629,109.646,0.993,-1,-1,-1
481,-1,549.073,527.149,176.735,114.879,0.989,-1,-1,-1
481,-1,252.952,601.528,145.418,94.481,0.816,-1,-1,-1
481,-1,1407.020,422.366,193.291,407.882,0.590,-1,-1,-1
481,-1,766.879,444.769,167.028,106.302,0.993,-1,-1,-1
482,-1,560.569,524.182,180.728,115.337,0.978,-1,-1,-1
482,-1,257.393,601.260,150.228,94.815,0.916,-1,-1,-1
482,-1,754.839,446.917,160.374,103.489,0.989,-1,-1,-1
483,-1,573.302,523.586,184.890,115.319,0.984,-1,-1,-1
483,-1,248.404,600.507,165.333,98.155,0.806,-1,-1,-1
483,-1,743.460,449.457,158.424,103.671,0.969,-1,-1,-1
484,-1,586.166,517.836,189.620,123.745,0.992,-1,-1,-1
484,-1,1408.448,319.094,190.762,152.719,0.940,-1,-1,-1
484,-1,238.630,599.862,178.933,97.231,0.835,-1,-1,-1
484,-1,726.970,451.931,159.244,100.150,0.927,-1,-1,-1
485,-1,595.687,515.518,201.113,126.063,0.994,-1,-1,-1
485,-1,1346.298,320.083,252.338,153.807,0.989,-1,-1,-1
485,-1,282.962,599.589,150.590,92.697,0.856,-1,-1,-1
485,-1,712.168,451.814,157.171,101.333,0.887,-1,-1,-1
486,-1,610.943,513.480,207.327,129.663,0.995,-1,-1,-1
486,-1,1280.023,325.371,316.533,153.337,0.995,-1,-1,-1
486,-1,291.215,598.203,149.095,91.657,0.816,-1,-1,-1
486,-1,698.853,455.916,155.685,100.377,0.800,-1,-1,-1
487,-1,629.305,515.121,208.162,130.358,0.996,-1,-1,-1
487,-1,1230.211,335.673,311.790,148.684,0.994,-1,-1,-1
487,-1,302.550,597.223,149.306,90.763,0.877,-1,-1,-1
488,-1,644.708,513.896,213.916,133.971,0.993,-1,-1,-1
488,-1,313.129,595.941,145.774,92.128,0.925,-1,-1,-1
488,-1,1177.548,346.002,282.413,142.266,0.996,-1,-1,-1
489,-1,321.841,595.232,146.593,92.456,0.926,-1,-1,-1
489,-1,663.170,463.916,148.604,98.332,0.657,-1,-1,-1
489,-1,1138.411,354.108,263.569,137.974,0.996,-1,-1,-1
489,-1,658.364,513.004,227.148,137.337,0.992,-1,-1,-1
490,-1,129.184,631.177,124.473,82.572,0.543,-1,-1,-1
490,-1,329.494,593.480,147.218,92.609,0.960,-1,-1,-1
490,-1,650.041,465.632,151.458,99.291,0.699,-1,-1,-1
490,-1,673.104,510.034,239.688,144.828,0.993,-1,-1,-1
490,-1,1093.312,360.119,247.928,136.022,0.994,-1,-1,-1
491,-1,338.013,592.888,146.023,91.581,0.956,-1,-1,-1
491,-1,638.307,470.022,148.250,94.650,0.811,-1,-1,-1
491,-1,685.342,507.849,258.566,150.095,0.996,-1,-1,-1
491,-1,1051.851,366.721,238.347,133.615,0.995,-1,-1,-1
492,-1,344.099,591.979,148.289,91.907,0.969,-1,-1,-1
492,-1,621.611,472.198,148.147,93.611,0.932,-1,-1,-1
492,-1,1018.176,373.560,218.922,130.027,0.992,-1,-1,-1
492,-1,714.558,502.873,258.371,157.701,0.995,-1,-1,-1
493,-1,81.563,644.950,127.242,84.461,0.528,-1,-1,-1
493,-1,981.505,378.204,215.785,126.567,0.992,-1,-1,-1
493,-1,351.376,591.245,147.555,93.973,0.971,-1,-1,-1
493,-1,607.730,475.146,148.016,94.243,0.943,-1,-1,-1
493,-1,735.840,498.764,274.421,165.955,0.996,-1,-1,-1
494,-1,957.115,385.221,200.411,119.110,0.980,-1,-1,-1
494,-1,357.312,588.648,149.824,97.776,0.964,-1,-1,-1
494,-1,594.272,477.546,146.700,94.504,0.963,-1,-1,-1
494,-1,758.168,490.810,299.088,180.336,0.997,-1,-1,-1
495,-1,586.331,480.796,146.436,92.379,0.977,-1,-1,-1
495,-1,930.505,391.367,188.454,116.814,0.973,-1,-1,-1
495,-1,365.693,585.181,146.489,102.005,0.977,-1,-1,-1
495,-1,778.119,488.050,319.798,190.672,0.997,-1,-1,-1
496,-1,569.785,482.962,145.481,95.071,0.968,-1,-1,-1
496,-1,902.440,396.117,182.757,113.689,0.973,-1,-1,-1
496,-1,371.225,584.503,147.583,104.579,0.986,-1,-1,-1
496,-1,808.481,485.419,342.170,198.132,0.997,-1,-1,-1
497,-1,554.849,486.858,146.804,94.747,0.966,-1,-1,-1
497,-1,877.485,403.581,176.848,108.342,0.985,-1,-1,-1
497,-1,378.597,584.170,146.193,105.073,0.983,-1,-1,-1
497,-1,840.337,487.454,366.400,203.100,0.996,-1,-1,-1
498,-1,542.733,490.338,143.225,94.203,0.961,-1,-1,-1
498,-1,386.813,585.350,144.805,104.479,0.975,-1,-1,-1
498,-1,857.090,410.501,169.469,104.289,0.977,-1,-1,-1
498,-1,871.412,484.130,398.669,215.505,0.996,-1,-1,-1
499,-1,392.555,584.523,146.681,106.058,0.977,-1,-1,-1
499,-1,530.622,495.546,136.845,90.935,0.944,-1,-1,-1
499,-1,834.942,414.474,163.585,100.302,0.983,-1,-1,-1
499,-1,918.890,485.462,434.964,227.385,0.996,-1,-1,-1
500,-1,972.628,488.986,469.844,239.440,0.997,-1,-1,-1
500,-1,399.085,584.443,148.654,107.882,0.972,-1,-1,-1
500,-1,512.100,498.238,138.937,93.315,0.942,-1,-1,-1
500,-1,817.631,418.277,149.952,96.796,0.991,-1,-1,-1
501,-1,1031.533,488.924,515.244,252.197,0.998,-1,-1,-1
501,-1,405.647,583.568,149.984,109.929,0.979,-1,-1,-1
501,-1,498.975,501.526,132.968,91.807,0.880,-1,-1,-1
501,-1,797.583,423.258,144.567,94.278,0.994,-1,-1,-1
502,-1,1092.731,481.220,506.117,279.540,0.984,-1,-1,-1
502,-1,409.187,584.177,151.930,110.214,0.987,-1,-1,-1
502,-1,778.749,423.751,138.699,95.532,0.993,-1,-1,-1
502,-1,484.761,506.451,130.236,89.648,0.762,-1,-1,-1
503,-1,1166.351,476.982,432.017,297.328,0.945,-1,-1,-1
503,-1,415.962,584.078,149.163,111.063,0.991,-1,-1,-1
503,-1,472.433,512.817,126.901,89.244,0.582,-1,-1,-1
503,-1,760.768,426.028,137.986,95.569,0.993,-1,-1,-1
504,-1,1248.513,480.250,350.236,299.561,0.794,-1,-1,-1
504,-1,423.016,584.456,148.936,113.718,0.995,-1,-1,-1
504,-1,746.030,429.544,130.795,91.975,0.995,-1,-1,-1
505,-1,432.178,586.924,146.963,113.993,0.995,-1,-1,-1
505,-1,729.904,433.084,130.686,90.135,0.993,-1,-1,-1
506,-1,435.565,587.782,152.398,120.197,0.997,-1,-1,-1
506,-1,425.941,533.497,128.465,88.828,0.676,-1,-1,-1
506,-1,718.661,436.327,125.025,87.606,0.994,-1,-1,-1
507,-1,441.197,589.498,156.019,124.881,0.997,-1,-1,-1
507,-1,407.414,535.984,132.582,93.942,0.830,-1,-1,-1
507,-1,706.119,439.792,119.536,84.942,0.996,-1,-1,-1
508,-1,446.511,590.179,160.729,128.681,0.998,-1,-1,-1
508,-1,393.565,542.750,128.025,88.944,0.867,-1,-1,-1
508,-1,695.257,441.798,117.049,83.409,0.994,-1,-1,-1
509,-1,455.007,589.966,165.275,132.912,0.998,-1,-1,-1
509,-1,378.286,554.519,125.840,83.133,0.813,-1,-1,-1
509,-1,683.674,444.310,112.668,82.696,0.995,-1,-1,-1
510,-1,462.308,590.586,173.002,136.876,0.998,-1,-1,-1
510,-1,362.846,558.263,126.344,81.691,0.922,-1,-1,-1
510,-1,671.737,447.028,110.896,80.642,0.994,-1,-1,-1
511,-1,472.584,592.178,178.858,140.225,0.999,-1,-1,-1
511,-1,350.112,563.726,121.180,79.784,0.885,-1,-1,-1
511,-1,662.164,449.460,105.607,79.117,0.991,-1,-1,-1
512,-1,481.046,592.515,184.757,147.883,0.999,-1,-1,-1
512,-1,333.377,569.495,122.972,81.830,0.910,-1,-1,-1
512,-1,652.387,451.263,102.701,78.222,0.985,-1,-1,-1
513,-1,486.362,592.402,196.529,154.905,0.999,-1,-1,-1
513,-1,315.754,576.233,123.531,79.939,0.889,-1,-1,-1
513,-1,642.114,454.183,100.502,76.866,0.982,-1,-1,-1
514,-1,301.218,579.216,120.753,78.627,0.911,-1,-1,-1
514,-1,633.343,456.004,96.533,75.044,0.958,-1,-1,-1
514,-1,494.932,590.710,208.749,165.288,0.999,-1,-1,-1
515,-1,278.719,587.618,126.825,77.109,0.923,-1,-1,-1
515,-1,626.095,458.211,92.596,74.306,0.953,-1,-1,-1
515,-1,501.528,593.690,220.174,171.861,0.999,-1,-1,-1
516,-1,263.426,592.281,123.099,76.014,0.933,-1,-1,-1
516,-1,619.842,460.458,90.611,73.603,0.940,-1,-1,-1
516,-1,511.822,597.417,233.565,175.160,0.999,-1,-1,-1
517,-1,247.546,597.318,126.276,76.043,0.934,-1,-1,-1
517,-1,612.325,461.990,89.352,72.298,0.887,-1,-1,-1
517,-1,520.069,596.795,248.564,184.873,0.999,-1,-1,-1
518,-1,228.170,600.763,126.793,77.691,0.872,-1,-1,-1
518,-1,530.258,603.984,264.590,191.341,0.999,-1,-1,-1
518,-1,604.624,462.886,89.660,73.133,0.797,-1,-1,-1
519,-1,220.745,606.127,115.531,75.499,0.622,-1,-1,-1
519,-1,547.664,612.330,275.475,201.495,0.999,-1,-1,-1
519,-1,598.284,463.369,86.072,71.507,0.817,-1,-1,-1
520,-1,205.431,611.010,112.322,75.881,0.501,-1,-1,-1
520,-1,560.488,613.518,300.604,213.968,0.999,-1,-1,-1
520,-1,591.421,466.161,82.555,69.284,0.764,-1,-1,-1
521,-1,185.776,618.108,108.408,78.185,0.730,-1,-1,-1
521,-1,578.980,618.468,319.155,225.233,0.999,-1,-1,-1
521,-1,586.674,467.866,81.221,69.520,0.567,-1,-1,-1
522,-1,580.744,468.180,81.280,69.272,0.819,-1,-1,-1
522,-1,164.035,625.739,116.638,78.165,0.838,-1,-1,-1
522,-1,596.010,625.473,342.103,243.639,0.999,-1,-1,-1
523,-1,574.943,468.834,80.362,69.151,0.737,-1,-1,-1
523,-1,146.445,634.600,118.218,76.610,0.848,-1,-1,-1
523,-1,616.434,632.284,370.640,262.106,0.998,-1,-1,-1
524,-1,570.912,470.563,79.276,68.260,0.527,-1,-1,-1
524,-1,132.961,637.891,117.671,76.415,0.866,-1,-1,-1
524,-1,641.792,635.854,400.559,291.445,0.998,-1,-1,-1
525,-1,565.936,470.990,79.008,69.385,0.590,-1,-1,-1
525,-1,116.172,641.269,122.313,78.588,0.795,-1,-1,-1
525,-1,675.408,646.723,439.626,318.787,0.998,-1,-1,-1
526,-1,98.313,645.253,123.507,78.514,0.863,-1,-1,-1
526,-1,714.940,658.870,479.616,339.758,0.997,-1,-1,-1
527,-1,85.169,647.326,124.637,80.815,0.910,-1,-1,-1
527,-1,757.662,667.958,539.279,367.490,0.993,-1,-1,-1
528,-1,73.401,651.944,122.471,81.517,0.714,-1,-1,-1
528,-1,679.385,425.676,118.494,84.129,0.526,-1,-1,-1
528,-1,817.595,685.149,612.380,416.091,0.991,-1,-1,-1
529,-1,56.746,655.406,118.517,83.703,0.547,-1,-1,-1
529,-1,542.836,472.065,77.027,69.554,0.608,-1,-1,-1
529,-1,673.436,427.435,121.626,83.580,0.731,-1,-1,-1
529,-1,877.896,704.114,711.383,478.538,0.971,-1,-1,-1
530,-1,945.459,726.566,644.737,471.157,0.753,-1,-1,-1
530,-1,539.338,472.262,76.019,68.819,0.563,-1,-1,-1
530,-1,671.276,428.197,115.566,82.439,0.859,-1,-1,-1
531,-1,810.977,364.718,124.186,99.361,0.501,-1,-1,-1
531,-1,665.624,428.281,118.523,82.462,0.924,-1,-1,-1
532,-1,812.172,364.411,123.262,99.078,0.549,-1,-1,-1
532,-1,662.994,429.883,116.225,80.942,0.944,-1,-1,-1
533,-1,812.029,364.533,123.795,98.503,0.702,-1,-1,-1
533,-1,661.895,432.577,110.415,78.050,0.872,-1,-1,-1
534,-1,812.074,364.464,122.981,97.967,0.708,-1,-1,-1
534,-1,653.006,436.319,112.453,75.504,0.877,-1,-1,-1
535,-1,812.885,364.081,122.666,97.655,0.758,-1,-1,-1
535,-1,644.842,443.285,108.032,73.070,0.689,-1,-1,-1
536,-1,812.822,364.109,122.329,97.696,0.770,-1,-1,-1
536,-1,640.691,445.043,107.046,72.397,0.828,-1,-1,-1
537,-1,813.128,364.295,122.357,97.446,0.774,-1,-1,-1
537,-1,636.040,443.991,111.854,73.364,0.856,-1,-1,-1
538,-1,813.120,364.006,122.570,97.267,0.839,-1,-1,-1
538,-1,633.488,447.396,103.744,71.007,0.761,-1,-1,-1
539,-1,813.297,363.880,122.302,97.333,0.838,-1,-1,-1
539,-1,626.863,448.093,104.660,71.415,0.864,-1,-1,-1
540,-1,813.197,363.743,122.697,97.355,0.856,-1,-1,-1
540,-1,622.578,449.751,105.334,71.070,0.838,-1,-1,-1
541,-1,813.125,364.479,121.839,95.939,0.785,-1,-1,-1
541,-1,617.593,450.753,103.344,70.265,0.821,-1,-1,-1
542,-1,812.997,364.467,121.876,95.719,0.807,-1,-1,-1
542,-1,610.246,451.972,106.344,71.039,0.919,-1,-1,-1
543,-1,812.796,364.424,121.872,95.696,0.815,-1,-1,-1
543,-1,607.434,452.398,105.461,71.618,0.912,-1,-1,-1
544,-1,812.751,364.393,122.063,95.959,0.789,-1,-1,-1
544,-1,599.725,454.742,106.833,71.287,0.939,-1,-1,-1
545,-1,812.996,364.268,122.193,95.955,0.846,-1,-1,-1
545,-1,595.993,456.419,104.137,71.040,0.893,-1,-1,-1
546,-1,812.799,364.121,122.235,95.861,0.859,-1,-1,-1
546,-1,593.245,459.882,97.914,69.159,0.779,-1,-1,-1
547,-1,587.020,461.954,97.584,68.937,0.824,-1,-1,-1
547,-1,812.888,364.140,122.338,96.000,0.856,-1,-1,-1
548,-1,582.117,464.674,96.909,67.750,0.519,-1,-1,-1
548,-1,812.808,364.184,122.380,95.878,0.856,-1,-1,-1
548,-1,583.705,463.179,96.289,68.421,0.691,-1,-1,-1
549,-1,573.543,464.247,99.692,69.301,0.967,-1,-1,-1
549,-1,812.517,364.429,121.861,95.761,0.864,-1,-1,-1
550,-1,570.228,465.218,96.708,69.201,0.970,-1,-1,-1
550,-1,812.568,364.551,121.694,95.792,0.870,-1,-1,-1
551,-1,569.097,466.149,95.473,68.928,0.960,-1,-1,-1
551,-1,813.173,362.155,122.704,97.125,0.905,-1,-1,-1
552,-1,566.958,468.952,91.826,67.451,0.931,-1,-1,-1
552,-1,813.164,362.163,122.990,97.092,0.915,-1,-1,-1
553,-1,565.096,470.601,88.336,66.456,0.922,-1,-1,-1
553,-1,814.017,362.700,123.396,97.675,0.842,-1,-1,-1
554,-1,563.270,471.565,86.507,65.980,0.904,-1,-1,-1
554,-1,814.085,362.672,123.227,97.733,0.839,-1,-1,-1
555,-1,560.577,472.308,84.826,66.377,0.923,-1,-1,-1
555,-1,814.043,362.702,123.183,97.710,0.835,-1,-1,-1
556,-1,556.564,472.360,85.582,67.073,0.943,-1,-1,-1
556,-1,813.979,362.735,122.722,97.640,0.835,-1,-1,-1
557,-1,552.619,473.986,84.100,65.806,0.882,-1,-1,-1
557,-1,813.812,362.640,123.034,97.508,0.838,-1,-1,-1
558,-1,550.722,474.299,81.409,65.470,0.765,-1,-1,-1
558,-1,813.803,362.595,123.243,97.424,0.843,-1,-1,-1
559,-1,546.614,473.725,79.124,66.063,0.748,-1,-1,-1
559,-1,813.771,362.581,123.163,97.439,0.847,-1,-1,-1
560,-1,543.178,474.295,78.780,65.797,0.735,-1,-1,-1
560,-1,813.549,362.509,123.217,97.519,0.860,-1,-1,-1
561,-1,540.229,474.629,78.559,65.350,0.587,-1,-1,-1
561,-1,813.594,362.413,123.228,97.479,0.876,-1,-1,-1
562,-1,538.709,474.563,77.689,66.215,0.733,-1,-1,-1
562,-1,813.425,362.230,123.330,97.800,0.870,-1,-1,-1
563,-1,536.735,475.644,77.141,65.767,0.573,-1,-1,-1
563,-1,813.441,362.231,123.373,97.663,0.876,-1,-1,-1
564,-1,534.652,475.424,76.296,66.631,0.672,-1,-1,-1
564,-1,813.343,362.343,123.294,97.573,0.873,-1,-1,-1
565,-1,813.346,362.913,122.587,96.971,0.892,-1,-1,-1
566,-1,813.367,362.970,122.508,96.955,0.892,-1,-1,-1
567,-1,813.210,363.034,122.347,96.859,0.890,-1,-1,-1
568,-1,813.157,362.971,122.619,96.926,0.895,-1,-1,-1
569,-1,813.264,362.934,123.019,96.957,0.867,-1,-1,-1
570,-1,813.285,362.984,122.787,96.856,0.896,-1,-1,-1
571,-1,813.242,362.935,122.586,97.054,0.894,-1,-1,-1
572,-1,813.358,362.828,122.484,96.956,0.899,-1,-1,-1
573,-1,813.398,362.758,122.569,96.955,0.896,-1,-1,-1
574,-1,813.469,362.810,122.925,96.975,0.896,-1,-1,-1
575,-1,813.473,362.775,123.226,97.139,0.870,-1,-1,-1
576,-1,813.264,362.812,123.384,97.153,0.888,-1,-1,-1
577,-1,812.937,362.677,125.091,98.032,0.821,-1,-1,-1
578,-1,813.044,362.744,125.053,97.924,0.800,-1,-1,-1
579,-1,811.139,363.795,125.082,96.598,0.616,-1,-1,-1
580,-1,811.812,365.652,121.662,95.956,0.569,-1,-1,-1
581,-1,811.061,363.704,124.934,96.644,0.508,-1,-1,-1
581,-1,811.748,365.711,121.525,95.980,0.542,-1,-1,-1
582,-1,811.360,364.275,125.032,96.092,0.897,-1,-1,-1
583,-1,811.364,364.384,125.319,96.135,0.868,-1,-1,-1
584,-1,811.314,364.378,125.250,96.185,0.866,-1,-1,-1
585,-1,811.703,364.457,124.586,95.755,0.881,-1,-1,-1
586,-1,811.738,365.328,122.646,95.971,0.873,-1,-1,-1
587,-1,812.069,365.981,122.202,95.895,0.779,-1,-1,-1
588,-1,811.699,365.997,122.346,96.015,0.689,-1,-1,-1
589,-1,810.103,364.729,123.361,95.601,0.943,-1,-1,-1
590,-1,809.879,364.766,123.672,95.557,0.950,-1,-1,-1
591,-1,809.885,364.759,123.683,95.552,0.950,-1,-1,-1
592,-1,809.904,364.761,123.650,95.514,0.950,-1,-1,-1
593,-1,809.732,364.795,123.726,95.413,0.953,-1,-1,-1
594,-1,809.720,364.789,123.742,95.471,0.952,-1,-1,-1
595,-1,809.763,364.825,123.622,95.418,0.952,-1,-1,-1
596,-1,809.933,364.831,123.369,95.423,0.949,-1,-1,-1
597,-1,809.918,364.842,123.434,95.433,0.950,-1,-1,-1
598,-1,809.929,364.830,123.419,95.433,0.950,-1,-1,-1
599,-1,809.998,364.776,123.413,95.403,0.951,-1,-1,-1
600,-1,809.970,364.728,123.399,95.482,0.952,-1,-1,-1
601,-1,809.990,364.484,123.516,95.794,0.953,-1,-1,-1
602,-1,809.963,364.513,123.574,95.744,0.953,-1,-1,-1
603,-1,809.954,364.437,123.717,95.818,0.952,-1,-1,-1
604,-1,809.995,364.474,123.841,95.782,0.950,-1,-1,-1
605,-1,810.084,364.467,123.675,95.753,0.949,-1,-1,-1
606,-1,810.037,364.487,123.694,95.793,0.951,-1,-1,-1
607,-1,810.125,364.486,123.599,95.793,0.950,-1,-1,-1
608,-1,810.145,364.535,123.599,95.719,0.949,-1,-1,-1
609,-1,810.151,364.578,123.587,95.723,0.949,-1,-1,-1
610,-1,1562.394,320.814,37.699,140.470,0.613,-1,-1,-1
610,-1,809.634,364.373,124.075,96.281,0.913,-1,-1,-1
611,-1,809.671,364.519,123.640,96.415,0.906,-1,-1,-1
612,-1,1439.617,306.096,159.414,161.337,0.508,-1,-1,-1
612,-1,809.577,364.123,123.532,97.025,0.904,-1,-1,-1
612,-1,1443.302,311.776,155.926,154.798,0.860,-1,-1,-1
613,-1,1384.067,302.710,215.058,162.502,0.987,-1,-1,-1
613,-1,809.792,364.725,122.071,96.624,0.869,-1,-1,-1
614,-1,1337.349,314.518,261.095,154.734,0.994,-1,-1,-1
614,-1,809.694,364.644,122.047,96.654,0.863,-1,-1,-1
615,-1,1291.703,321.444,305.622,152.905,0.996,-1,-1,-1
615,-1,809.792,364.217,122.362,96.967,0.853,-1,-1,-1
616,-1,1248.516,324.539,340.994,152.453,0.999,-1,-1,-1
616,-1,809.722,364.292,122.283,97.244,0.826,-1,-1,-1
617,-1,1212.399,332.069,319.409,148.909,0.999,-1,-1,-1
617,-1,809.737,364.259,122.410,97.260,0.810,-1,-1,-1
618,-1,1170.749,338.826,303.575,145.701,0.999,-1,-1,-1
618,-1,809.805,364.403,122.961,97.377,0.804,-1,-1,-1
619,-1,1139.335,347.232,284.798,139.857,0.999,-1,-1,-1
619,-1,809.595,364.456,123.391,97.300,0.809,-1,-1,-1
620,-1,1104.747,352.532,271.508,137.185,0.999,-1,-1,-1
620,-1,809.779,364.474,123.757,97.307,0.794,-1,-1,-1
621,-1,1074.776,357.664,259.048,135.038,0.998,-1,-1,-1
621,-1,810.259,363.385,125.260,98.579,0.560,-1,-1,-1
622,-1,810.886,363.132,124.428,98.144,0.790,-1,-1,-1
622,-1,1046.660,364.444,243.033,131.415,0.998,-1,-1,-1
623,-1,810.766,363.317,126.728,99.341,0.613,-1,-1,-1
623,-1,1019.158,369.656,231.273,128.790,0.997,-1,-1,-1
624,-1,811.315,363.575,125.765,98.927,0.721,-1,-1,-1
624,-1,990.789,372.105,226.517,129.009,0.997,-1,-1,-1
625,-1,969.865,374.625,217.326,126.528,0.998,-1,-1,-1
625,-1,810.613,364.225,125.646,99.195,0.534,-1,-1,-1
626,-1,950.916,380.777,202.798,119.840,0.998,-1,-1,-1
626,-1,810.601,364.830,123.386,98.549,0.533,-1,-1,-1
627,-1,932.133,386.964,192.911,113.730,0.997,-1,-1,-1
628,-1,911.443,390.164,185.865,110.293,0.998,-1,-1,-1
629,-1,893.204,396.983,180.331,106.221,0.997,-1,-1,-1
630,-1,876.017,400.469,174.075,104.042,0.997,-1,-1,-1
631,-1,858.209,406.647,167.033,100.197,0.998,-1,-1,-1
632,-1,840.678,409.531,166.039,98.539,0.996,-1,-1,-1