1,-1,1201.919,252.090,249.649,183.231,0.995,-1,-1,-1
2,-1,1178.185,249.436,249.358,179.007,0.995,-1,-1,-1
2,-1,1406.510,133.300,149.656,147.500,0.631,-1,-1,-1
3,-1,1159.838,244.703,239.303,176.348,0.996,-1,-1,-1
3,-1,1406.792,133.340,149.909,146.966,0.648,-1,-1,-1
4,-1,1135.246,240.409,239.200,175.550,0.994,-1,-1,-1
4,-1,1407.459,133.686,150.123,146.705,0.705,-1,-1,-1
5,-1,1120.480,238.494,226.931,173.580,0.990,-1,-1,-1
5,-1,1407.134,133.678,150.161,146.263,0.716,-1,-1,-1
6,-1,1095.748,229.520,225.132,177.779,0.987,-1,-1,-1
6,-1,1405.379,131.468,151.147,148.162,0.778,-1,-1,-1
7,-1,1083.421,224.634,214.540,186.148,0.992,-1,-1,-1
7,-1,1405.751,131.463,152.256,148.150,0.773,-1,-1,-1
8,-1,1068.330,216.829,213.030,175.385,0.947,-1,-1,-1
8,-1,1405.877,130.773,151.704,148.588,0.756,-1,-1,-1
9,-1,1048.154,213.076,212.724,173.605,0.959,-1,-1,-1
9,-1,1406.225,130.778,151.471,147.706,0.734,-1,-1,-1
10,-1,1028.235,210.175,214.869,171.021,0.905,-1,-1,-1
10,-1,1405.936,129.622,153.017,149.164,0.760,-1,-1,-1
11,-1,1004.832,213.292,217.269,162.072,0.973,-1,-1,-1
11,-1,1405.535,130.401,152.242,148.917,0.781,-1,-1,-1
12,-1,988.994,209.036,216.190,157.187,0.945,-1,-1,-1
12,-1,1405.335,131.002,151.901,148.265,0.671,-1,-1,-1
13,-1,981.024,204.228,215.722,156.142,0.951,-1,-1,-1
13,-1,1406.466,131.954,150.487,147.857,0.682,-1,-1,-1
14,-1,961.316,202.632,211.389,152.566,0.991,-1,-1,-1
14,-1,1406.793,133.255,149.921,147.861,0.646,-1,-1,-1
15,-1,942.133,195.442,212.693,153.669,0.942,-1,-1,-1
15,-1,1613.082,329.462,305.951,290.596,0.635,-1,-1,-1
15,-1,1406.666,132.052,149.867,148.272,0.600,-1,-1,-1
16,-1,1577.260,325.960,328.516,272.938,0.831,-1,-1,-1
16,-1,1095.181,191.027,165.555,140.120,0.584,-1,-1,-1
16,-1,930.085,198.002,201.783,145.784,0.988,-1,-1,-1
16,-1,1407.331,132.825,148.828,147.906,0.655,-1,-1,-1
17,-1,1551.865,313.801,365.872,296.540,0.839,-1,-1,-1
17,-1,1090.602,191.100,169.178,138.533,0.742,-1,-1,-1
17,-1,914.628,196.827,194.759,143.412,0.994,-1,-1,-1
17,-1,1407.786,133.795,148.969,147.584,0.702,-1,-1,-1
18,-1,1524.373,308.495,357.705,278.248,0.945,-1,-1,-1
18,-1,898.658,194.775,190.412,140.501,0.997,-1,-1,-1
18,-1,1406.991,133.683,149.260,147.043,0.606,-1,-1,-1
18,-1,1069.142,191.301,189.686,138.461,0.898,-1,-1,-1
19,-1,1496.192,302.517,420.523,280.397,0.958,-1,-1,-1
19,-1,886.148,191.653,185.706,140.549,0.996,-1,-1,-1
19,-1,1407.614,133.538,148.790,147.037,0.575,-1,-1,-1
19,-1,1068.455,191.462,190.100,138.340,0.943,-1,-1,-1
20,-1,1475.444,299.595,409.483,269.059,0.983,-1,-1,-1
20,-1,869.958,188.053,184.798,140.063,0.993,-1,-1,-1
20,-1,1407.430,133.630,149.945,147.119,0.617,-1,-1,-1
20,-1,1067.069,190.736,191.829,138.757,0.960,-1,-1,-1
21,-1,1451.627,292.773,417.531,268.926,0.990,-1,-1,-1
21,-1,859.067,180.421,178.386,142.643,0.995,-1,-1,-1
21,-1,1065.846,189.449,193.168,138.788,0.964,-1,-1,-1
22,-1,1425.533,288.783,411.787,265.868,0.996,-1,-1,-1
22,-1,846.210,180.925,176.827,138.727,0.994,-1,-1,-1
22,-1,1066.300,189.066,192.545,138.861,0.961,-1,-1,-1
23,-1,1395.966,286.888,408.711,259.245,0.993,-1,-1,-1
23,-1,835.675,178.962,174.203,138.026,0.986,-1,-1,-1
23,-1,1065.313,190.243,192.955,138.614,0.973,-1,-1,-1
24,-1,1375.380,279.104,397.936,258.735,0.996,-1,-1,-1
24,-1,821.026,175.345,173.822,138.374,0.991,-1,-1,-1
24,-1,1065.250,189.984,193.543,139.028,0.967,-1,-1,-1
25,-1,1358.464,273.993,387.126,254.182,0.998,-1,-1,-1
25,-1,807.920,174.367,172.635,136.567,0.991,-1,-1,-1
25,-1,1066.668,189.490,192.834,139.294,0.972,-1,-1,-1
26,-1,1335.185,267.534,379.704,254.271,0.998,-1,-1,-1
26,-1,794.928,174.994,168.767,133.098,0.991,-1,-1,-1
26,-1,1405.273,135.028,153.194,146.462,0.544,-1,-1,-1
26,-1,1065.918,190.141,193.982,139.405,0.967,-1,-1,-1
27,-1,1315.632,262.134,374.111,250.802,0.999,-1,-1,-1
27,-1,785.448,173.134,164.892,132.389,0.981,-1,-1,-1
27,-1,1066.218,190.502,193.825,139.123,0.965,-1,-1,-1
28,-1,1292.948,256.391,368.670,247.876,0.998,-1,-1,-1
28,-1,769.721,169.198,168.969,133.326,0.991,-1,-1,-1
28,-1,1065.609,189.286,194.410,140.126,0.968,-1,-1,-1
29,-1,1274.454,251.401,361.561,246.371,0.999,-1,-1,-1
29,-1,759.738,166.760,162.264,131.700,0.993,-1,-1,-1
29,-1,1066.288,189.917,193.850,139.757,0.962,-1,-1,-1
30,-1,1256.053,246.859,349.020,244.211,0.999,-1,-1,-1
30,-1,750.797,163.811,159.495,130.268,0.990,-1,-1,-1
30,-1,1066.981,190.534,193.359,139.021,0.955,-1,-1,-1
31,-1,1234.856,241.581,344.150,243.778,0.998,-1,-1,-1
31,-1,737.145,161.011,161.003,129.767,0.988,-1,-1,-1
31,-1,1065.453,189.929,196.653,139.422,0.944,-1,-1,-1
32,-1,728.368,161.213,160.103,127.951,0.993,-1,-1,-1
32,-1,1217.011,242.380,335.663,234.412,0.997,-1,-1,-1
32,-1,1065.168,190.196,197.434,139.824,0.875,-1,-1,-1
33,-1,722.006,159.297,154.950,125.684,0.992,-1,-1,-1
33,-1,1200.961,237.516,326.029,228.873,0.996,-1,-1,-1
33,-1,1064.751,191.424,197.332,138.268,0.569,-1,-1,-1
34,-1,713.665,156.229,151.403,124.729,0.991,-1,-1,-1
34,-1,1175.868,235.163,328.527,224.387,0.995,-1,-1,-1
35,-1,701.805,154.564,150.994,124.726,0.986,-1,-1,-1
35,-1,1157.979,230.186,324.942,223.314,0.997,-1,-1,-1
36,-1,692.091,151.684,152.634,126.439,0.991,-1,-1,-1
36,-1,1143.989,225.194,317.278,225.993,0.997,-1,-1,-1
37,-1,1127.343,222.145,318.576,221.402,0.996,-1,-1,-1
37,-1,684.723,149.079,149.802,123.629,0.993,-1,-1,-1
38,-1,1104.869,218.434,318.543,220.613,0.997,-1,-1,-1
38,-1,677.694,148.758,147.179,121.829,0.994,-1,-1,-1
39,-1,668.815,146.812,146.728,120.042,0.993,-1,-1,-1
39,-1,1075.987,213.848,326.249,222.484,0.997,-1,-1,-1
40,-1,662.677,144.911,144.234,119.922,0.992,-1,-1,-1
40,-1,1072.740,207.664,307.437,225.384,0.997,-1,-1,-1
40,-1,1404.962,133.949,150.630,146.161,0.513,-1,-1,-1
41,-1,655.865,143.709,142.983,118.183,0.991,-1,-1,-1
41,-1,1066.527,206.258,292.527,221.298,0.997,-1,-1,-1
41,-1,1404.936,133.939,150.368,146.123,0.522,-1,-1,-1
42,-1,648.933,141.678,139.534,117.650,0.989,-1,-1,-1
42,-1,1051.041,203.734,290.392,216.017,0.998,-1,-1,-1
42,-1,1404.950,133.834,150.222,146.308,0.565,-1,-1,-1
43,-1,638.254,140.497,141.442,117.180,0.983,-1,-1,-1
43,-1,1044.006,201.831,277.584,211.564,0.997,-1,-1,-1
43,-1,1405.290,132.962,149.739,145.903,0.713,-1,-1,-1
44,-1,630.855,139.297,139.116,116.435,0.982,-1,-1,-1
44,-1,1032.514,198.174,273.451,211.067,0.998,-1,-1,-1
44,-1,1405.576,132.670,150.033,146.351,0.703,-1,-1,-1
45,-1,622.507,135.664,139.934,118.432,0.984,-1,-1,-1
45,-1,1021.104,200.370,268.225,205.680,0.998,-1,-1,-1
45,-1,1405.814,132.560,150.167,146.434,0.712,-1,-1,-1
46,-1,616.405,135.025,135.373,116.225,0.978,-1,-1,-1
46,-1,1008.809,195.459,260.280,204.225,0.997,-1,-1,-1
46,-1,1406.485,132.202,149.799,146.564,0.692,-1,-1,-1
47,-1,608.288,133.243,135.302,115.993,0.977,-1,-1,-1
47,-1,992.532,193.240,261.884,197.043,0.996,-1,-1,-1
47,-1,1405.844,133.022,150.138,146.486,0.748,-1,-1,-1
48,-1,601.317,129.875,135.885,117.650,0.970,-1,-1,-1
48,-1,978.542,178.510,266.138,209.380,0.997,-1,-1,-1
48,-1,1406.048,132.965,151.344,147.788,0.707,-1,-1,-1
49,-1,593.992,127.876,135.253,115.676,0.975,-1,-1,-1
49,-1,966.707,175.675,270.961,210.555,0.989,-1,-1,-1
49,-1,1405.813,133.078,149.916,147.469,0.705,-1,-1,-1
50,-1,588.776,127.311,133.906,113.119,0.958,-1,-1,-1
50,-1,951.512,171.918,272.654,208.791,0.991,-1,-1,-1
50,-1,1405.628,133.026,150.332,147.938,0.702,-1,-1,-1
51,-1,582.153,125.487,134.357,112.777,0.955,-1,-1,-1
51,-1,942.062,169.834,259.959,206.107,0.990,-1,-1,-1
51,-1,1405.568,132.931,150.333,148.033,0.696,-1,-1,-1
52,-1,575.366,120.706,134.679,115.112,0.896,-1,-1,-1
52,-1,927.890,171.098,263.849,196.158,0.995,-1,-1,-1
52,-1,1405.795,131.902,151.756,148.695,0.701,-1,-1,-1
53,-1,569.208,119.310,132.259,113.874,0.862,-1,-1,-1
53,-1,920.098,168.842,318.983,192.854,0.995,-1,-1,-1
53,-1,1405.910,131.834,152.688,146.682,0.605,-1,-1,-1
54,-1,562.391,116.032,132.127,114.477,0.901,-1,-1,-1
54,-1,910.388,170.512,320.249,187.134,0.995,-1,-1,-1
54,-1,1405.559,131.716,151.556,146.206,0.655,-1,-1,-1
55,-1,555.798,116.287,132.617,112.344,0.914,-1,-1,-1
55,-1,898.480,166.396,334.576,186.213,0.995,-1,-1,-1
55,-1,1406.073,131.160,152.111,146.727,0.661,-1,-1,-1
56,-1,551.068,115.983,131.118,110.939,0.890,-1,-1,-1
56,-1,889.301,168.493,342.151,180.393,0.987,-1,-1,-1
56,-1,1405.293,131.270,151.505,147.010,0.690,-1,-1,-1
57,-1,1537.985,362.966,379.382,236.970,0.740,-1,-1,-1
57,-1,545.597,113.466,130.658,110.585,0.872,-1,-1,-1
57,-1,1088.692,184.077,173.163,145.387,0.555,-1,-1,-1
57,-1,875.637,165.780,265.792,178.061,0.991,-1,-1,-1
57,-1,1406.130,131.830,151.892,146.626,0.635,-1,-1,-1
58,-1,1500.354,349.629,394.621,230.090,0.939,-1,-1,-1
58,-1,1080.940,188.108,178.096,142.569,0.808,-1,-1,-1
58,-1,540.640,112.783,130.829,109.274,0.859,-1,-1,-1
58,-1,864.975,164.580,239.093,175.588,0.997,-1,-1,-1
58,-1,1406.287,132.000,151.905,147.373,0.577,-1,-1,-1
59,-1,1468.202,338.195,388.286,223.874,0.975,-1,-1,-1
59,-1,1073.795,187.778,186.289,142.896,0.883,-1,-1,-1
59,-1,535.336,113.183,128.650,107.840,0.787,-1,-1,-1
59,-1,855.018,161.500,237.247,177.468,0.997,-1,-1,-1
60,-1,1432.645,328.499,373.636,224.186,0.996,-1,-1,-1
60,-1,1075.340,188.844,185.323,142.030,0.898,-1,-1,-1
60,-1,530.121,114.376,126.766,105.613,0.834,-1,-1,-1
60,-1,845.526,160.004,231.438,176.232,0.998,-1,-1,-1
60,-1,706.953,110.174,141.030,119.394,0.536,-1,-1,-1
61,-1,1397.920,324.698,360.152,218.018,0.994,-1,-1,-1
61,-1,522.537,111.469,128.463,106.712,0.817,-1,-1,-1
61,-1,838.241,160.921,232.325,172.282,0.998,-1,-1,-1
61,-1,1407.285,133.687,153.565,147.491,0.533,-1,-1,-1
61,-1,1064.609,187.019,195.564,143.358,0.932,-1,-1,-1
62,-1,1370.123,315.745,344.373,211.541,0.997,-1,-1,-1
62,-1,516.464,108.944,128.337,106.731,0.819,-1,-1,-1
62,-1,824.826,159.324,226.613,168.990,0.996,-1,-1,-1
62,-1,1406.935,133.432,155.547,147.406,0.513,-1,-1,-1
62,-1,1065.517,187.806,195.703,142.324,0.930,-1,-1,-1
63,-1,1339.830,307.272,334.212,209.520,0.997,-1,-1,-1
63,-1,512.436,108.249,125.811,105.857,0.851,-1,-1,-1
63,-1,818.904,160.383,220.093,165.343,0.996,-1,-1,-1
63,-1,1063.911,188.755,197.115,140.478,0.948,-1,-1,-1
64,-1,1313.888,299.605,323.639,206.509,0.998,-1,-1,-1
64,-1,507.688,106.633,127.161,105.843,0.831,-1,-1,-1
64,-1,808.569,157.948,220.434,166.216,0.992,-1,-1,-1
64,-1,1065.120,188.891,195.836,139.551,0.934,-1,-1,-1
65,-1,1280.479,291.793,316.733,203.545,0.997,-1,-1,-1
65,-1,502.872,104.638,126.999,106.046,0.733,-1,-1,-1
65,-1,799.582,161.069,214.645,161.692,0.993,-1,-1,-1
65,-1,1065.666,188.268,195.660,140.476,0.877,-1,-1,-1
66,-1,1250.739,283.686,313.361,199.354,0.996,-1,-1,-1
66,-1,499.345,105.832,125.292,102.469,0.620,-1,-1,-1
66,-1,791.169,161.482,213.899,159.500,0.995,-1,-1,-1
66,-1,1066.681,188.058,194.078,140.411,0.896,-1,-1,-1
67,-1,495.353,105.790,123.450,101.794,0.674,-1,-1,-1
67,-1,779.747,160.604,217.533,157.451,0.997,-1,-1,-1
67,-1,1229.863,279.156,293.606,192.334,0.994,-1,-1,-1
67,-1,1068.023,190.089,193.316,139.215,0.862,-1,-1,-1
68,-1,489.487,103.963,123.273,101.709,0.604,-1,-1,-1
68,-1,774.043,159.549,214.655,156.065,0.996,-1,-1,-1
68,-1,1199.564,274.672,288.840,187.205,0.991,-1,-1,-1
68,-1,1069.316,190.354,192.496,139.242,0.660,-1,-1,-1
69,-1,765.432,157.213,212.643,155.367,0.996,-1,-1,-1
69,-1,1177.038,268.170,281.267,186.868,0.995,-1,-1,-1
70,-1,757.419,156.498,214.078,154.451,0.996,-1,-1,-1
70,-1,1154.690,263.826,280.071,184.547,0.994,-1,-1,-1
71,-1,1127.031,258.660,277.220,181.416,0.995,-1,-1,-1
71,-1,749.745,157.385,210.656,150.629,0.997,-1,-1,-1
72,-1,1094.214,253.853,282.261,180.415,0.996,-1,-1,-1
72,-1,740.679,154.778,209.986,151.073,0.997,-1,-1,-1
73,-1,1085.188,250.220,261.574,178.658,0.982,-1,-1,-1
73,-1,465.188,94.291,123.023,104.529,0.599,-1,-1,-1
73,-1,735.397,156.025,206.728,148.234,0.997,-1,-1,-1
73,-1,1406.218,132.800,150.240,147.066,0.709,-1,-1,-1
74,-1,462.090,93.582,122.179,104.703,0.607,-1,-1,-1
74,-1,728.628,155.884,204.026,145.868,0.996,-1,-1,-1
74,-1,1072.848,244.338,247.998,176.889,0.977,-1,-1,-1
74,-1,1405.026,132.055,150.470,147.169,0.724,-1,-1,-1
75,-1,457.910,91.150,122.973,105.484,0.661,-1,-1,-1
75,-1,719.779,152.825,204.466,145.475,0.995,-1,-1,-1
75,-1,1059.031,237.805,239.856,175.281,0.915,-1,-1,-1
75,-1,1404.619,131.729,150.187,147.226,0.749,-1,-1,-1
76,-1,713.669,149.315,200.358,145.184,0.997,-1,-1,-1
76,-1,1033.952,235.117,240.949,175.536,0.978,-1,-1,-1
76,-1,1405.137,131.808,150.161,147.466,0.744,-1,-1,-1
77,-1,707.823,147.042,200.953,145.485,0.996,-1,-1,-1
77,-1,1021.238,230.678,230.812,171.515,0.795,-1,-1,-1
77,-1,1405.555,131.728,149.716,147.070,0.819,-1,-1,-1
78,-1,699.664,146.554,198.429,144.900,0.994,-1,-1,-1
78,-1,997.853,231.255,233.178,164.940,0.619,-1,-1,-1
78,-1,1405.593,131.071,150.135,147.412,0.785,-1,-1,-1
79,-1,695.128,142.861,194.529,145.721,0.988,-1,-1,-1
79,-1,981.117,226.848,233.648,163.681,0.811,-1,-1,-1
79,-1,1405.224,131.988,151.475,147.554,0.720,-1,-1,-1
80,-1,690.372,142.879,193.275,145.603,0.991,-1,-1,-1
80,-1,962.339,221.985,229.216,161.596,0.910,-1,-1,-1
80,-1,1405.129,132.458,151.459,147.752,0.743,-1,-1,-1
81,-1,683.536,134.957,195.394,149.627,0.992,-1,-1,-1
81,-1,949.681,218.612,227.965,152.869,0.862,-1,-1,-1
81,-1,1405.464,132.941,151.419,147.829,0.732,-1,-1,-1
82,-1,678.126,138.195,192.736,145.325,0.992,-1,-1,-1
82,-1,934.007,211.989,224.118,151.503,0.978,-1,-1,-1
82,-1,1405.359,132.816,151.560,147.838,0.724,-1,-1,-1
83,-1,922.309,208.599,215.918,148.365,0.987,-1,-1,-1
83,-1,673.310,131.242,192.416,150.166,0.994,-1,-1,-1
83,-1,1405.775,132.935,151.131,147.528,0.716,-1,-1,-1
84,-1,910.024,206.344,216.109,144.588,0.978,-1,-1,-1
84,-1,668.512,131.658,192.168,147.650,0.993,-1,-1,-1
84,-1,1405.668,132.851,151.528,147.608,0.740,-1,-1,-1
85,-1,1081.907,189.913,179.146,139.669,0.751,-1,-1,-1
85,-1,896.376,203.345,206.821,143.444,0.986,-1,-1,-1
85,-1,665.082,128.399,186.139,147.970,0.991,-1,-1,-1
85,-1,1405.582,132.887,151.295,146.748,0.561,-1,-1,-1
86,-1,1080.810,188.953,179.762,139.918,0.752,-1,-1,-1
86,-1,883.385,201.230,203.488,140.959,0.992,-1,-1,-1
86,-1,661.625,129.963,183.127,145.986,0.991,-1,-1,-1
86,-1,1406.002,132.261,150.082,146.485,0.696,-1,-1,-1
87,-1,1077.569,190.148,182.000,139.228,0.847,-1,-1,-1
87,-1,872.681,199.738,199.773,139.040,0.993,-1,-1,-1
87,-1,658.049,131.766,181.168,143.387,0.990,-1,-1,-1
87,-1,1406.045,132.585,150.164,146.539,0.712,-1,-1,-1
88,-1,1071.695,189.097,187.954,140.557,0.911,-1,-1,-1
88,-1,863.237,195.187,195.326,140.065,0.994,-1,-1,-1
88,-1,656.218,134.753,177.954,139.768,0.991,-1,-1,-1
88,-1,1405.924,132.604,150.658,147.048,0.714,-1,-1,-1
89,-1,1069.321,187.890,190.717,141.547,0.917,-1,-1,-1
89,-1,851.509,190.615,193.316,139.742,0.993,-1,-1,-1
89,-1,654.392,133.956,176.125,139.523,0.990,-1,-1,-1
89,-1,1406.114,132.525,150.889,147.246,0.694,-1,-1,-1
90,-1,1066.004,189.055,194.300,140.682,0.968,-1,-1,-1
90,-1,652.240,136.932,172.270,135.573,0.989,-1,-1,-1
90,-1,841.025,187.821,192.703,139.789,0.989,-1,-1,-1
90,-1,1405.837,132.999,151.507,147.653,0.611,-1,-1,-1
91,-1,1065.196,190.728,194.319,140.090,0.975,-1,-1,-1
91,-1,651.247,138.158,168.305,134.577,0.988,-1,-1,-1
91,-1,830.635,186.026,190.308,139.512,0.989,-1,-1,-1
91,-1,1405.915,133.484,152.053,147.743,0.729,-1,-1,-1
92,-1,1064.860,190.811,194.492,139.871,0.977,-1,-1,-1
92,-1,651.506,137.299,165.286,134.976,0.981,-1,-1,-1
92,-1,817.722,185.629,194.018,138.323,0.977,-1,-1,-1
92,-1,1405.639,133.401,152.318,147.871,0.753,-1,-1,-1
93,-1,1066.367,191.119,192.977,139.566,0.972,-1,-1,-1
93,-1,652.463,137.703,159.820,133.403,0.980,-1,-1,-1
93,-1,812.202,184.612,187.912,137.368,0.986,-1,-1,-1
93,-1,1405.459,134.009,151.814,147.290,0.737,-1,-1,-1
94,-1,1066.816,191.129,192.339,139.441,0.979,-1,-1,-1
94,-1,652.582,136.270,157.239,132.385,0.981,-1,-1,-1
94,-1,804.131,181.515,187.437,137.566,0.989,-1,-1,-1
94,-1,1405.757,133.348,152.286,147.943,0.729,-1,-1,-1
95,-1,1065.675,189.820,194.249,139.706,0.979,-1,-1,-1
95,-1,652.832,137.646,155.713,130.802,0.983,-1,-1,-1
95,-1,795.394,181.194,185.332,135.492,0.980,-1,-1,-1
95,-1,1405.320,133.706,151.960,146.488,0.689,-1,-1,-1
96,-1,1065.280,190.242,193.951,139.480,0.981,-1,-1,-1
96,-1,655.350,139.428,151.170,127.427,0.980,-1,-1,-1
96,-1,786.467,178.680,188.778,135.075,0.989,-1,-1,-1
96,-1,1405.253,133.749,152.033,146.744,0.694,-1,-1,-1
97,-1,1066.107,189.270,193.184,140.287,0.980,-1,-1,-1
97,-1,656.146,139.063,151.332,128.122,0.974,-1,-1,-1
97,-1,784.466,176.866,180.275,135.130,0.977,-1,-1,-1
97,-1,1406.395,134.268,150.379,146.046,0.684,-1,-1,-1
98,-1,1068.332,188.990,189.909,140.437,0.950,-1,-1,-1
98,-1,656.592,139.885,149.942,126.967,0.969,-1,-1,-1
98,-1,772.773,173.874,181.715,135.271,0.984,-1,-1,-1
98,-1,1405.499,132.884,148.938,146.551,0.756,-1,-1,-1
99,-1,1067.781,189.617,191.657,139.340,0.977,-1,-1,-1
99,-1,656.951,137.976,150.073,126.772,0.963,-1,-1,-1
99,-1,766.893,173.535,180.908,134.290,0.987,-1,-1,-1
99,-1,1406.004,134.059,149.632,146.086,0.721,-1,-1,-1
100,-1,657.829,135.588,156.089,130.580,0.931,-1,-1,-1
100,-1,757.428,171.154,184.567,134.387,0.972,-1,-1,-1
100,-1,1066.017,189.825,193.764,139.726,0.971,-1,-1,-1
100,-1,1406.151,134.168,150.922,146.615,0.762,-1,-1,-1
101,-1,746.895,170.202,182.492,133.591,0.985,-1,-1,-1
101,-1,659.528,135.830,147.578,128.189,0.929,-1,-1,-1
101,-1,1065.412,189.802,194.055,139.752,0.965,-1,-1,-1
101,-1,1405.964,134.032,151.389,146.574,0.765,-1,-1,-1
102,-1,742.032,172.549,179.745,130.730,0.975,-1,-1,-1
102,-1,662.324,136.604,146.684,126.890,0.685,-1,-1,-1
102,-1,1065.564,191.228,194.030,139.071,0.966,-1,-1,-1
102,-1,1405.399,134.354,151.100,147.089,0.787,-1,-1,-1
103,-1,736.728,171.403,177.184,130.015,0.989,-1,-1,-1
103,-1,1067.224,191.551,192.785,138.202,0.970,-1,-1,-1
103,-1,1406.053,133.959,150.555,147.063,0.791,-1,-1,-1
104,-1,728.963,169.812,177.353,129.678,0.960,-1,-1,-1
104,-1,1066.776,191.149,192.962,138.160,0.959,-1,-1,-1
104,-1,1405.663,132.328,151.726,148.298,0.799,-1,-1,-1
105,-1,727.026,166.705,173.878,131.744,0.962,-1,-1,-1
105,-1,1066.458,191.084,192.453,137.999,0.969,-1,-1,-1
105,-1,1406.270,133.096,151.182,147.991,0.824,-1,-1,-1
106,-1,715.685,162.972,180.714,131.913,0.974,-1,-1,-1
106,-1,1067.200,190.746,192.148,137.884,0.967,-1,-1,-1
106,-1,1405.653,131.711,151.196,148.921,0.820,-1,-1,-1
107,-1,1595.302,368.501,323.299,236.604,0.529,-1,-1,-1
107,-1,707.054,161.414,182.282,131.042,0.966,-1,-1,-1
107,-1,1067.668,188.344,191.532,139.596,0.962,-1,-1,-1
107,-1,1405.911,131.284,149.691,147.720,0.845,-1,-1,-1
108,-1,1567.918,362.000,349.311,230.060,0.920,-1,-1,-1
108,-1,700.573,153.219,185.508,137.176,0.938,-1,-1,-1
108,-1,1066.172,188.185,193.411,139.851,0.957,-1,-1,-1
108,-1,1405.876,131.558,150.375,147.695,0.781,-1,-1,-1
109,-1,1532.734,355.385,375.379,221.962,0.963,-1,-1,-1
109,-1,697.235,157.916,181.834,130.772,0.924,-1,-1,-1
109,-1,1067.894,188.536,191.546,139.659,0.954,-1,-1,-1
109,-1,1405.969,131.354,150.914,147.423,0.763,-1,-1,-1
110,-1,1507.686,348.925,374.534,218.607,0.986,-1,-1,-1
110,-1,692.952,161.098,174.010,126.384,0.930,-1,-1,-1
110,-1,1067.955,188.540,191.768,139.051,0.951,-1,-1,-1
110,-1,1406.752,130.896,149.379,147.676,0.798,-1,-1,-1
111,-1,1482.200,340.248,366.683,217.367,0.994,-1,-1,-1
111,-1,684.279,158.092,172.810,126.543,0.886,-1,-1,-1
111,-1,1067.790,189.745,192.006,139.165,0.952,-1,-1,-1
111,-1,1406.768,132.012,149.479,147.491,0.645,-1,-1,-1
112,-1,1450.941,332.895,366.091,216.686,0.996,-1,-1,-1
112,-1,677.160,158.258,175.701,125.535,0.870,-1,-1,-1
112,-1,1066.911,190.962,192.582,137.948,0.951,-1,-1,-1
112,-1,1406.629,133.312,149.689,147.449,0.706,-1,-1,-1
113,-1,1424.782,326.628,357.150,213.568,0.997,-1,-1,-1
113,-1,671.825,156.247,171.390,124.333,0.913,-1,-1,-1
113,-1,1068.256,190.755,191.212,138.498,0.953,-1,-1,-1
113,-1,1407.121,133.811,149.485,146.361,0.651,-1,-1,-1
114,-1,1399.394,326.179,347.570,204.878,0.998,-1,-1,-1
114,-1,664.256,156.429,170.109,122.616,0.949,-1,-1,-1
114,-1,1067.934,190.117,191.090,139.572,0.957,-1,-1,-1
114,-1,1406.708,134.697,150.061,147.077,0.653,-1,-1,-1
115,-1,1372.726,320.334,339.801,201.808,0.998,-1,-1,-1
115,-1,657.224,155.685,168.160,122.357,0.891,-1,-1,-1
115,-1,1067.830,190.664,191.495,139.007,0.941,-1,-1,-1
115,-1,1406.154,134.828,151.875,146.961,0.678,-1,-1,-1
116,-1,1352.090,312.611,327.728,202.559,0.998,-1,-1,-1
116,-1,647.393,151.709,167.123,122.592,0.964,-1,-1,-1
116,-1,1068.301,190.835,190.675,139.092,0.882,-1,-1,-1
116,-1,1405.265,133.971,152.777,146.253,0.553,-1,-1,-1
117,-1,1326.575,305.302,325.041,200.778,0.998,-1,-1,-1
117,-1,640.325,149.788,169.551,124.099,0.951,-1,-1,-1
117,-1,1068.259,191.277,191.138,138.808,0.844,-1,-1,-1
117,-1,1404.576,133.729,153.166,145.975,0.533,-1,-1,-1
117,-1,1066.286,191.798,192.815,138.836,0.668,-1,-1,-1
118,-1,1308.850,301.397,310.770,197.524,0.998,-1,-1,-1
118,-1,634.425,149.200,166.964,121.890,0.976,-1,-1,-1
118,-1,1403.911,133.642,153.006,146.036,0.551,-1,-1,-1
118,-1,1066.316,190.045,193.759,139.158,0.955,-1,-1,-1
119,-1,1280.703,295.412,310.197,193.792,0.999,-1,-1,-1
119,-1,624.697,148.602,166.311,119.895,0.951,-1,-1,-1
119,-1,1403.802,132.369,152.643,146.186,0.628,-1,-1,-1
119,-1,1066.990,188.231,193.133,139.852,0.956,-1,-1,-1
120,-1,1255.986,289.803,309.227,193.707,0.998,-1,-1,-1
120,-1,618.952,149.256,161.196,118.715,0.954,-1,-1,-1
120,-1,1404.419,133.137,152.925,146.295,0.639,-1,-1,-1
120,-1,1065.408,189.647,195.622,139.634,0.950,-1,-1,-1
121,-1,612.747,148.477,158.744,119.873,0.962,-1,-1,-1
121,-1,1236.894,284.692,294.931,189.140,0.996,-1,-1,-1
121,-1,1404.237,133.452,152.121,146.201,0.609,-1,-1,-1
121,-1,1066.011,190.280,196.105,139.564,0.928,-1,-1,-1
122,-1,605.394,147.188,157.727,118.311,0.970,-1,-1,-1
122,-1,1214.307,280.330,288.387,186.048,0.997,-1,-1,-1
122,-1,1404.490,133.214,151.928,146.185,0.659,-1,-1,-1
122,-1,1065.907,190.416,196.181,139.794,0.894,-1,-1,-1
123,-1,600.988,145.043,155.123,118.367,0.975,-1,-1,-1
123,-1,1196.193,279.269,279.729,182.577,0.995,-1,-1,-1
123,-1,1064.955,190.503,197.611,139.762,0.815,-1,-1,-1
124,-1,597.549,144.420,152.398,118.270,0.965,-1,-1,-1
124,-1,1176.144,275.290,276.394,180.696,0.995,-1,-1,-1
124,-1,1065.278,190.700,196.452,138.522,0.734,-1,-1,-1
125,-1,592.926,143.222,148.180,115.506,0.957,-1,-1,-1
125,-1,1158.574,270.071,273.586,181.573,0.995,-1,-1,-1
126,-1,588.132,140.864,147.434,115.828,0.957,-1,-1,-1
126,-1,1147.892,264.422,262.148,180.666,0.994,-1,-1,-1
126,-1,1404.949,134.897,150.139,145.934,0.562,-1,-1,-1
127,-1,1124.160,259.921,262.324,178.764,0.995,-1,-1,-1
127,-1,582.710,139.638,146.701,115.130,0.950,-1,-1,-1
127,-1,1404.938,134.255,150.737,146.209,0.573,-1,-1,-1
128,-1,1103.385,256.818,257.572,177.210,0.989,-1,-1,-1
128,-1,579.619,136.760,145.074,115.003,0.968,-1,-1,-1
128,-1,1404.840,133.186,150.729,146.176,0.555,-1,-1,-1
129,-1,1091.494,254.381,247.858,175.453,0.978,-1,-1,-1
129,-1,575.274,136.143,144.978,114.519,0.969,-1,-1,-1
129,-1,1404.563,132.971,151.253,146.203,0.572,-1,-1,-1
130,-1,1081.727,250.852,234.232,174.035,0.982,-1,-1,-1
130,-1,571.781,134.679,143.635,114.293,0.974,-1,-1,-1
130,-1,1403.767,131.720,151.665,146.949,0.626,-1,-1,-1
131,-1,567.717,133.490,143.346,113.549,0.964,-1,-1,-1
131,-1,1065.891,244.847,231.970,174.189,0.985,-1,-1,-1
131,-1,1403.559,131.267,150.788,146.014,0.680,-1,-1,-1
132,-1,566.637,134.358,141.702,111.535,0.947,-1,-1,-1
132,-1,1054.139,245.764,225.248,166.526,0.986,-1,-1,-1
132,-1,1404.054,132.077,151.920,145.972,0.755,-1,-1,-1
133,-1,564.883,132.101,138.666,111.156,0.958,-1,-1,-1
133,-1,1038.518,243.585,224.559,163.226,0.936,-1,-1,-1
133,-1,1405.225,132.141,152.642,146.041,0.784,-1,-1,-1
134,-1,561.950,129.066,137.767,112.188,0.948,-1,-1,-1
134,-1,1022.014,237.942,223.582,165.035,0.841,-1,-1,-1
134,-1,1405.662,132.051,152.618,145.942,0.784,-1,-1,-1
135,-1,557.168,128.656,138.125,111.456,0.951,-1,-1,-1
135,-1,1001.527,234.080,227.000,164.415,0.858,-1,-1,-1
135,-1,1405.545,132.791,152.951,147.525,0.795,-1,-1,-1
136,-1,553.345,125.554,137.838,113.008,0.950,-1,-1,-1
136,-1,989.420,232.700,224.786,162.109,0.938,-1,-1,-1
136,-1,1405.352,132.545,152.732,147.970,0.815,-1,-1,-1
137,-1,549.180,123.385,138.060,112.175,0.940,-1,-1,-1
137,-1,977.868,228.107,220.379,158.217,0.968,-1,-1,-1
137,-1,1405.510,132.673,152.845,147.421,0.684,-1,-1,-1
138,-1,545.535,123.384,138.164,109.779,0.868,-1,-1,-1
138,-1,960.749,222.972,221.286,161.314,0.971,-1,-1,-1
138,-1,1405.693,132.616,153.028,147.659,0.673,-1,-1,-1
139,-1,543.247,121.929,138.328,110.212,0.788,-1,-1,-1
139,-1,941.810,218.652,229.044,151.092,0.986,-1,-1,-1
139,-1,1405.949,132.118,153.485,147.345,0.622,-1,-1,-1
140,-1,540.583,120.162,137.236,110.880,0.785,-1,-1,-1
140,-1,934.211,211.893,220.345,152.879,0.995,-1,-1,-1
140,-1,1406.082,131.536,151.982,147.439,0.707,-1,-1,-1
141,-1,535.989,120.059,136.777,107.940,0.849,-1,-1,-1
141,-1,924.200,212.617,212.262,146.769,0.993,-1,-1,-1
141,-1,1406.250,132.284,151.528,146.590,0.646,-1,-1,-1
142,-1,530.847,119.333,134.675,106.441,0.853,-1,-1,-1
142,-1,1090.205,193.084,170.607,139.489,0.654,-1,-1,-1
142,-1,910.819,211.598,208.877,142.366,0.996,-1,-1,-1
142,-1,1406.572,132.327,151.462,146.516,0.660,-1,-1,-1
143,-1,526.406,118.064,133.979,105.770,0.818,-1,-1,-1
143,-1,1084.786,193.803,176.429,137.890,0.678,-1,-1,-1
143,-1,898.833,208.878,201.249,142.397,0.997,-1,-1,-1
143,-1,1406.805,132.122,150.044,146.182,0.596,-1,-1,-1
144,-1,1074.132,194.696,185.654,137.414,0.910,-1,-1,-1
144,-1,522.107,118.675,134.087,105.210,0.761,-1,-1,-1
144,-1,884.878,207.107,202.423,141.528,0.997,-1,-1,-1
144,-1,1406.993,132.607,151.860,147.171,0.542,-1,-1,-1
144,-1,1074.922,81.563,269.375,140.530,0.801,-1,-1,-1
145,-1,1070.855,195.802,189.978,136.424,0.934,-1,-1,-1
145,-1,516.239,118.899,135.375,104.112,0.801,-1,-1,-1
145,-1,873.601,206.796,200.505,138.996,0.997,-1,-1,-1
145,-1,1407.636,132.975,152.231,146.333,0.598,-1,-1,-1
145,-1,1097.987,88.171,268.177,137.080,0.902,-1,-1,-1
146,-1,1066.333,194.632,195.325,137.233,0.952,-1,-1,-1
146,-1,512.464,116.175,135.342,104.542,0.769,-1,-1,-1
146,-1,860.661,202.668,197.233,139.154,0.997,-1,-1,-1
146,-1,1407.476,132.929,152.341,146.721,0.536,-1,-1,-1
146,-1,1101.303,87.044,273.823,138.176,0.871,-1,-1,-1
147,-1,1065.299,193.096,194.896,138.869,0.977,-1,-1,-1
147,-1,508.235,115.620,135.775,104.121,0.588,-1,-1,-1
147,-1,851.309,200.064,191.962,138.243,0.997,-1,-1,-1
147,-1,1406.779,134.158,152.249,146.341,0.507,-1,-1,-1
147,-1,1122.830,88.321,280.879,136.340,0.805,-1,-1,-1
148,-1,1064.486,192.625,195.659,138.864,0.965,-1,-1,-1
148,-1,838.487,197.777,191.167,136.980,0.997,-1,-1,-1
148,-1,1137.065,88.102,280.534,135.195,0.506,-1,-1,-1
149,-1,1064.812,193.068,195.647,137.744,0.965,-1,-1,-1
149,-1,500.857,107.499,134.749,106.782,0.745,-1,-1,-1
149,-1,824.623,195.218,192.301,136.369,0.996,-1,-1,-1
150,-1,1063.750,192.925,197.198,137.415,0.964,-1,-1,-1
150,-1,497.653,107.394,133.881,103.981,0.621,-1,-1,-1
150,-1,814.034,191.892,191.666,135.837,0.997,-1,-1,-1
151,-1,1064.620,190.321,195.912,139.822,0.963,-1,-1,-1
151,-1,493.882,106.169,134.107,103.048,0.583,-1,-1,-1
151,-1,803.844,188.600,188.874,136.404,0.997,-1,-1,-1
152,-1,1065.437,189.716,195.091,139.760,0.965,-1,-1,-1
152,-1,489.030,106.047,131.822,101.277,0.695,-1,-1,-1
152,-1,791.314,186.563,188.312,135.186,0.996,-1,-1,-1
153,-1,1066.495,190.592,192.626,139.148,0.979,-1,-1,-1
153,-1,486.204,104.488,130.252,100.391,0.729,-1,-1,-1
153,-1,781.652,184.697,186.483,133.988,0.997,-1,-1,-1
154,-1,1066.803,190.138,192.289,139.691,0.979,-1,-1,-1
154,-1,483.050,105.077,127.935,98.971,0.553,-1,-1,-1
154,-1,773.549,183.157,180.135,133.159,0.997,-1,-1,-1
154,-1,1403.996,133.332,152.017,145.276,0.528,-1,-1,-1
155,-1,1066.292,190.577,193.170,139.246,0.981,-1,-1,-1
155,-1,762.312,181.603,180.467,132.024,0.997,-1,-1,-1
155,-1,1404.311,134.487,153.944,146.026,0.534,-1,-1,-1
156,-1,1066.115,192.399,193.208,138.030,0.980,-1,-1,-1
156,-1,754.507,180.949,177.945,131.783,0.997,-1,-1,-1
156,-1,1404.610,135.240,153.488,146.875,0.568,-1,-1,-1
157,-1,1067.732,192.769,192.144,138.030,0.976,-1,-1,-1
157,-1,745.869,178.317,173.918,131.450,0.995,-1,-1,-1
157,-1,1403.751,135.573,153.530,146.038,0.631,-1,-1,-1
158,-1,1067.261,193.108,192.416,137.710,0.974,-1,-1,-1
158,-1,735.551,176.669,174.165,130.534,0.995,-1,-1,-1
158,-1,1403.765,135.699,153.121,144.683,0.560,-1,-1,-1
159,-1,1067.044,193.153,192.558,137.874,0.977,-1,-1,-1
159,-1,461.970,94.744,128.422,103.124,0.549,-1,-1,-1
159,-1,726.537,175.357,172.877,128.539,0.995,-1,-1,-1
159,-1,1404.033,134.870,155.400,146.449,0.592,-1,-1,-1
160,-1,1067.128,192.059,192.871,138.763,0.973,-1,-1,-1
160,-1,720.858,172.412,170.566,128.793,0.996,-1,-1,-1
161,-1,1066.496,190.792,192.817,139.017,0.975,-1,-1,-1
161,-1,715.267,169.284,168.164,128.179,0.997,-1,-1,-1
162,-1,1065.723,190.743,193.805,138.938,0.963,-1,-1,-1
162,-1,710.393,168.005,166.534,127.027,0.996,-1,-1,-1
163,-1,1068.259,190.454,189.501,140.232,0.740,-1,-1,-1
163,-1,705.357,164.382,163.404,126.855,0.993,-1,-1,-1
163,-1,1064.360,189.464,195.667,141.403,0.744,-1,-1,-1
163,-1,1405.038,132.732,153.658,147.420,0.692,-1,-1,-1
164,-1,1066.245,190.643,192.485,138.965,0.937,-1,-1,-1
164,-1,699.230,163.692,161.133,125.066,0.996,-1,-1,-1
164,-1,1404.624,133.635,150.292,144.755,0.638,-1,-1,-1
165,-1,693.182,162.248,159.548,124.874,0.995,-1,-1,-1
165,-1,1066.866,191.550,191.968,138.492,0.967,-1,-1,-1
165,-1,1404.077,134.089,151.825,145.230,0.691,-1,-1,-1
166,-1,686.732,159.108,158.327,125.628,0.994,-1,-1,-1
166,-1,1065.730,191.323,193.011,138.837,0.971,-1,-1,-1
166,-1,1403.804,132.505,153.164,146.879,0.640,-1,-1,-1
167,-1,682.263,157.784,157.107,123.640,0.993,-1,-1,-1
167,-1,1065.595,191.967,192.498,138.173,0.968,-1,-1,-1
167,-1,1403.810,131.816,153.344,148.545,0.716,-1,-1,-1
168,-1,679.196,158.717,154.779,121.376,0.993,-1,-1,-1
168,-1,1065.883,192.327,192.211,138.399,0.972,-1,-1,-1
168,-1,1404.299,132.111,153.162,149.155,0.761,-1,-1,-1
169,-1,675.744,157.494,150.952,120.656,0.995,-1,-1,-1
169,-1,278.423,72.066,127.984,107.583,0.604,-1,-1,-1
169,-1,1066.768,192.583,192.012,137.620,0.974,-1,-1,-1
169,-1,1405.104,132.799,153.289,148.259,0.795,-1,-1,-1
170,-1,670.757,154.659,150.022,121.072,0.995,-1,-1,-1
170,-1,281.192,72.250,127.909,108.636,0.598,-1,-1,-1
170,-1,1066.785,191.862,191.902,138.184,0.975,-1,-1,-1
170,-1,1405.183,132.175,155.516,149.245,0.745,-1,-1,-1
171,-1,666.562,154.293,148.340,118.483,0.995,-1,-1,-1
171,-1,285.105,73.330,127.219,108.772,0.623,-1,-1,-1
171,-1,1066.411,190.758,192.525,139.109,0.976,-1,-1,-1
171,-1,1404.657,131.504,154.448,148.993,0.720,-1,-1,-1
172,-1,661.668,150.278,147.817,117.804,0.994,-1,-1,-1
172,-1,1065.495,189.372,193.474,139.636,0.970,-1,-1,-1
172,-1,1404.269,131.615,151.777,147.824,0.819,-1,-1,-1
173,-1,657.492,148.445,146.152,117.475,0.995,-1,-1,-1
173,-1,1066.726,189.840,192.184,139.079,0.968,-1,-1,-1
173,-1,1404.311,131.405,151.698,147.635,0.770,-1,-1,-1
174,-1,653.473,146.922,145.149,117.019,0.995,-1,-1,-1
174,-1,1067.603,190.068,191.546,138.980,0.968,-1,-1,-1
174,-1,1404.472,131.747,151.315,147.337,0.772,-1,-1,-1
175,-1,648.451,146.236,144.176,116.453,0.994,-1,-1,-1
175,-1,1068.188,190.130,191.302,138.833,0.957,-1,-1,-1
175,-1,1404.690,132.336,150.720,146.964,0.802,-1,-1,-1
176,-1,641.183,144.766,144.463,116.203,0.993,-1,-1,-1
176,-1,1069.133,190.567,189.836,139.275,0.964,-1,-1,-1
176,-1,1404.810,132.778,152.219,147.802,0.800,-1,-1,-1
177,-1,634.126,144.551,144.193,114.764,0.992,-1,-1,-1
177,-1,1069.128,192.539,189.534,137.493,0.970,-1,-1,-1
177,-1,1405.151,132.392,153.725,148.506,0.786,-1,-1,-1
178,-1,627.458,143.357,144.619,113.390,0.990,-1,-1,-1
178,-1,1069.666,192.968,188.687,137.171,0.971,-1,-1,-1
178,-1,1404.409,132.641,153.343,148.435,0.787,-1,-1,-1
179,-1,622.741,142.891,143.595,113.832,0.988,-1,-1,-1
179,-1,1068.407,193.016,190.046,137.266,0.974,-1,-1,-1
179,-1,1404.587,133.043,152.142,148.376,0.763,-1,-1,-1
180,-1,616.509,142.268,141.369,112.247,0.987,-1,-1,-1
180,-1,314.228,82.886,139.765,118.206,0.591,-1,-1,-1
180,-1,1068.800,193.318,190.009,137.122,0.972,-1,-1,-1
180,-1,1404.868,133.019,152.817,148.636,0.797,-1,-1,-1
181,-1,611.077,140.457,139.381,112.784,0.985,-1,-1,-1
181,-1,319.657,83.820,138.553,117.139,0.717,-1,-1,-1
181,-1,1067.498,193.828,191.346,136.427,0.964,-1,-1,-1
181,-1,1405.036,133.240,153.040,147.313,0.731,-1,-1,-1
182,-1,607.289,139.469,138.810,111.753,0.982,-1,-1,-1
182,-1,323.932,85.277,137.345,117.139,0.855,-1,-1,-1
182,-1,1066.981,192.742,191.847,137.102,0.971,-1,-1,-1
182,-1,1404.486,132.620,152.969,147.080,0.779,-1,-1,-1
183,-1,601.437,137.406,140.396,111.960,0.980,-1,-1,-1
183,-1,328.492,86.404,139.253,117.481,0.866,-1,-1,-1
183,-1,1067.366,191.842,191.626,137.399,0.966,-1,-1,-1
183,-1,1404.567,132.785,152.941,146.812,0.750,-1,-1,-1
184,-1,597.209,134.186,139.155,112.412,0.981,-1,-1,-1
184,-1,332.613,85.950,138.401,119.743,0.900,-1,-1,-1
184,-1,1068.714,190.360,191.381,138.178,0.920,-1,-1,-1
184,-1,1404.526,133.301,151.555,145.262,0.800,-1,-1,-1
185,-1,593.216,131.444,136.878,112.520,0.977,-1,-1,-1
185,-1,336.884,85.051,140.143,123.059,0.915,-1,-1,-1
185,-1,1069.395,189.740,190.280,138.376,0.958,-1,-1,-1
185,-1,1404.675,132.984,152.211,145.713,0.793,-1,-1,-1
186,-1,586.980,128.894,138.768,114.112,0.972,-1,-1,-1
186,-1,342.859,85.649,140.834,124.377,0.895,-1,-1,-1
186,-1,1068.209,190.301,191.877,138.198,0.964,-1,-1,-1
186,-1,1405.000,133.467,151.788,145.240,0.721,-1,-1,-1
187,-1,580.913,126.643,139.488,114.096,0.976,-1,-1,-1
187,-1,347.822,87.838,140.545,123.620,0.913,-1,-1,-1
187,-1,1068.699,190.869,190.856,138.054,0.965,-1,-1,-1
187,-1,1404.826,134.021,151.849,144.937,0.740,-1,-1,-1
188,-1,576.805,127.206,138.828,112.230,0.972,-1,-1,-1
188,-1,351.507,89.986,143.025,125.263,0.918,-1,-1,-1
188,-1,1068.562,191.226,191.167,138.120,0.965,-1,-1,-1
188,-1,1404.758,133.915,152.928,145.946,0.773,-1,-1,-1
189,-1,573.156,127.216,136.480,111.730,0.967,-1,-1,-1
189,-1,356.906,94.529,145.017,125.746,0.922,-1,-1,-1
189,-1,1067.630,192.600,191.846,137.206,0.969,-1,-1,-1
189,-1,1405.409,134.611,152.790,146.309,0.748,-1,-1,-1
190,-1,567.897,126.059,136.828,111.728,0.969,-1,-1,-1
190,-1,363.374,98.633,144.682,124.422,0.965,-1,-1,-1
190,-1,1067.614,192.824,191.745,137.003,0.968,-1,-1,-1
190,-1,1405.165,134.948,152.304,146.092,0.768,-1,-1,-1
191,-1,565.057,125.790,134.143,110.132,0.946,-1,-1,-1
191,-1,366.875,100.403,144.797,123.520,0.934,-1,-1,-1
191,-1,364.611,100.631,146.957,123.914,0.622,-1,-1,-1
191,-1,1068.194,192.989,191.177,136.983,0.959,-1,-1,-1
191,-1,1405.300,135.679,151.191,145.305,0.680,-1,-1,-1
192,-1,561.743,124.803,133.319,109.731,0.952,-1,-1,-1
192,-1,372.193,105.246,146.700,122.559,0.975,-1,-1,-1
192,-1,1068.299,193.181,190.898,136.905,0.957,-1,-1,-1
192,-1,1405.163,135.872,150.967,145.140,0.721,-1,-1,-1
193,-1,556.894,123.093,133.633,108.847,0.940,-1,-1,-1
193,-1,377.886,105.271,147.923,123.776,0.972,-1,-1,-1
193,-1,1068.987,191.556,190.080,137.548,0.955,-1,-1,-1
193,-1,1404.558,133.988,152.497,145.612,0.711,-1,-1,-1
194,-1,552.048,122.240,133.334,107.909,0.921,-1,-1,-1
194,-1,383.014,106.739,148.465,123.260,0.914,-1,-1,-1
194,-1,381.347,107.402,150.113,123.872,0.764,-1,-1,-1
194,-1,1067.152,190.945,192.103,137.846,0.956,-1,-1,-1
194,-1,1404.629,134.174,152.540,144.714,0.671,-1,-1,-1
195,-1,548.730,119.946,131.660,110.050,0.911,-1,-1,-1
195,-1,392.430,108.977,146.582,122.662,0.950,-1,-1,-1
195,-1,1067.945,190.844,191.202,138.150,0.949,-1,-1,-1
195,-1,1404.810,134.178,152.379,144.707,0.729,-1,-1,-1
196,-1,545.694,119.490,131.919,108.003,0.833,-1,-1,-1
196,-1,398.803,110.544,146.276,121.813,0.949,-1,-1,-1
196,-1,1069.193,190.434,189.648,138.006,0.951,-1,-1,-1
196,-1,1404.883,133.026,151.802,145.022,0.793,-1,-1,-1
197,-1,542.590,117.279,131.828,108.329,0.651,-1,-1,-1
197,-1,405.257,109.542,147.028,123.531,0.943,-1,-1,-1
197,-1,1069.262,190.032,189.720,138.474,0.953,-1,-1,-1
197,-1,1404.889,132.794,151.763,144.981,0.792,-1,-1,-1
198,-1,412.288,113.484,150.067,124.033,0.965,-1,-1,-1
198,-1,1069.433,191.541,189.329,137.836,0.967,-1,-1,-1
198,-1,1404.853,133.637,153.002,145.784,0.697,-1,-1,-1
199,-1,417.308,115.330,150.477,125.528,0.963,-1,-1,-1
199,-1,1069.883,192.384,188.667,137.551,0.969,-1,-1,-1
199,-1,1405.126,133.826,152.066,145.683,0.717,-1,-1,-1
200,-1,421.658,116.013,152.130,126.226,0.974,-1,-1,-1
200,-1,1068.257,192.753,190.460,137.317,0.977,-1,-1,-1
200,-1,1405.313,134.351,152.112,146.201,0.763,-1,-1,-1
201,-1,427.460,120.953,154.208,127.193,0.984,-1,-1,-1
201,-1,1067.609,192.599,191.767,137.840,0.971,-1,-1,-1
201,-1,1405.111,134.914,151.655,147.043,0.770,-1,-1,-1
202,-1,433.634,123.661,153.269,127.953,0.987,-1,-1,-1
202,-1,1067.568,193.016,191.961,137.462,0.972,-1,-1,-1
202,-1,1405.382,134.570,151.976,147.268,0.777,-1,-1,-1
203,-1,441.862,125.404,153.501,128.585,0.990,-1,-1,-1
203,-1,1069.224,193.322,189.797,137.301,0.967,-1,-1,-1
203,-1,1405.514,134.194,153.481,146.697,0.711,-1,-1,-1
204,-1,444.889,127.766,157.987,127.915,0.987,-1,-1,-1
204,-1,1070.315,193.215,188.870,137.110,0.963,-1,-1,-1
204,-1,1405.221,134.427,153.572,146.140,0.656,-1,-1,-1
205,-1,452.454,127.669,159.221,130.366,0.991,-1,-1,-1
205,-1,1070.065,190.831,189.139,138.040,0.965,-1,-1,-1
205,-1,1406.162,133.616,153.205,145.772,0.561,-1,-1,-1
206,-1,459.768,127.395,163.514,134.070,0.995,-1,-1,-1
206,-1,1068.610,189.765,191.085,139.148,0.962,-1,-1,-1
206,-1,1405.590,133.539,151.609,145.080,0.573,-1,-1,-1
207,-1,466.960,127.185,162.288,135.100,0.993,-1,-1,-1
207,-1,1066.790,188.850,192.542,139.924,0.968,-1,-1,-1
207,-1,1406.557,132.921,153.609,146.402,0.678,-1,-1,-1
208,-1,475.048,126.901,165.191,140.150,0.990,-1,-1,-1
208,-1,1066.573,188.908,192.825,139.857,0.968,-1,-1,-1
208,-1,1406.482,132.678,153.551,146.689,0.691,-1,-1,-1
209,-1,479.511,127.010,170.533,144.987,0.991,-1,-1,-1
209,-1,1066.932,189.649,192.589,139.159,0.968,-1,-1,-1
209,-1,1406.187,133.206,154.686,146.950,0.588,-1,-1,-1
210,-1,486.775,128.328,174.838,147.570,0.992,-1,-1,-1
210,-1,1066.179,191.288,193.072,138.731,0.969,-1,-1,-1
210,-1,1406.292,133.127,153.915,147.702,0.759,-1,-1,-1
211,-1,494.143,132.072,176.636,148.182,0.992,-1,-1,-1
211,-1,1066.671,191.686,192.643,138.270,0.966,-1,-1,-1
211,-1,1406.374,133.355,153.918,147.436,0.787,-1,-1,-1
212,-1,502.868,138.841,178.814,144.585,0.993,-1,-1,-1
212,-1,1066.302,191.790,192.973,138.000,0.968,-1,-1,-1
212,-1,1406.510,133.061,154.180,147.429,0.750,-1,-1,-1
213,-1,511.813,144.429,179.778,144.475,0.984,-1,-1,-1
213,-1,1065.890,191.947,193.392,137.867,0.968,-1,-1,-1
213,-1,1406.209,133.366,154.431,147.492,0.759,-1,-1,-1
214,-1,520.709,145.161,182.404,147.106,0.993,-1,-1,-1
214,-1,1065.903,191.443,193.147,138.191,0.970,-1,-1,-1
214,-1,1406.163,133.246,154.061,147.335,0.727,-1,-1,-1
215,-1,525.526,147.008,186.826,149.366,0.993,-1,-1,-1
215,-1,1066.458,190.781,192.852,138.392,0.971,-1,-1,-1
215,-1,1405.634,132.562,154.491,147.631,0.700,-1,-1,-1
216,-1,536.273,149.759,188.667,151.874,0.994,-1,-1,-1
216,-1,1066.783,190.263,193.010,138.911,0.969,-1,-1,-1
216,-1,1405.551,132.721,154.792,147.529,0.680,-1,-1,-1
217,-1,544.734,152.727,190.696,153.283,0.995,-1,-1,-1
217,-1,1069.340,190.683,190.231,138.559,0.958,-1,-1,-1
217,-1,1406.002,132.423,154.150,146.801,0.725,-1,-1,-1
218,-1,556.436,154.853,192.372,154.871,0.996,-1,-1,-1
218,-1,1068.440,190.417,191.225,138.840,0.961,-1,-1,-1
218,-1,1405.878,132.616,154.000,146.763,0.725,-1,-1,-1
219,-1,565.325,158.359,197.008,157.893,0.996,-1,-1,-1
219,-1,463.607,98.430,122.002,99.092,0.702,-1,-1,-1
219,-1,1067.793,190.955,192.072,138.584,0.960,-1,-1,-1
219,-1,1405.729,132.540,155.717,147.696,0.677,-1,-1,-1
220,-1,575.426,161.400,200.245,160.967,0.996,-1,-1,-1
220,-1,460.481,98.640,122.386,99.145,0.628,-1,-1,-1
220,-1,1066.920,191.204,193.190,138.475,0.962,-1,-1,-1
220,-1,1405.284,132.979,154.318,147.006,0.608,-1,-1,-1
221,-1,585.216,163.885,201.849,162.717,0.998,-1,-1,-1
221,-1,457.328,97.231,122.494,100.096,0.526,-1,-1,-1
221,-1,1066.929,191.906,193.124,138.269,0.963,-1,-1,-1
221,-1,1405.602,132.964,154.457,147.123,0.638,-1,-1,-1
222,-1,597.627,167.067,204.644,164.859,0.998,-1,-1,-1
222,-1,453.819,96.277,122.323,100.608,0.680,-1,-1,-1
222,-1,1066.793,192.091,193.235,138.625,0.963,-1,-1,-1
222,-1,1405.183,133.485,152.811,146.942,0.715,-1,-1,-1
223,-1,608.859,170.798,208.306,167.155,0.998,-1,-1,-1
223,-1,450.065,95.975,123.000,99.851,0.631,-1,-1,-1
223,-1,1066.621,191.559,193.630,139.228,0.968,-1,-1,-1
223,-1,1405.382,133.894,152.673,146.477,0.695,-1,-1,-1
224,-1,619.309,172.414,215.132,169.998,0.999,-1,-1,-1
224,-1,1067.231,192.300,192.632,137.826,0.958,-1,-1,-1
224,-1,1405.005,133.304,154.208,146.840,0.638,-1,-1,-1
225,-1,630.882,176.878,219.547,172.316,0.998,-1,-1,-1
225,-1,1067.116,192.049,192.548,138.163,0.959,-1,-1,-1
225,-1,1405.652,133.435,154.630,146.791,0.604,-1,-1,-1
226,-1,641.077,179.272,227.502,176.151,0.998,-1,-1,-1
226,-1,1066.647,191.810,193.517,138.410,0.961,-1,-1,-1
226,-1,1405.712,133.440,155.462,146.419,0.581,-1,-1,-1
227,-1,650.922,182.135,232.322,180.123,0.998,-1,-1,-1
227,-1,1067.568,190.927,192.319,138.872,0.958,-1,-1,-1
228,-1,663.202,187.427,235.512,181.436,0.998,-1,-1,-1
228,-1,1068.605,191.549,191.112,138.686,0.957,-1,-1,-1
229,-1,1067.015,191.875,192.820,138.618,0.959,-1,-1,-1
229,-1,671.573,190.950,242.925,183.437,0.999,-1,-1,-1
230,-1,1067.108,191.675,192.771,138.872,0.957,-1,-1,-1
230,-1,683.524,193.814,247.061,186.625,0.998,-1,-1,-1
231,-1,697.736,196.868,252.532,192.759,0.998,-1,-1,-1
231,-1,1066.809,191.509,193.325,139.864,0.954,-1,-1,-1
231,-1,1405.532,132.974,155.885,147.325,0.624,-1,-1,-1
232,-1,1066.314,191.725,193.690,139.721,0.964,-1,-1,-1
232,-1,708.167,200.095,261.047,198.773,0.999,-1,-1,-1
232,-1,1404.918,133.945,155.357,146.903,0.583,-1,-1,-1
233,-1,1067.368,192.222,192.014,139.148,0.966,-1,-1,-1
233,-1,721.793,203.604,270.149,201.923,0.999,-1,-1,-1
233,-1,1405.703,133.297,155.079,147.206,0.504,-1,-1,-1
234,-1,1583.176,316.455,335.103,275.362,0.735,-1,-1,-1
234,-1,736.562,207.562,274.413,206.278,0.999,-1,-1,-1
234,-1,1066.097,191.800,193.540,138.708,0.961,-1,-1,-1
235,-1,1553.626,308.507,364.145,285.046,0.798,-1,-1,-1
235,-1,751.695,210.352,280.348,210.983,0.999,-1,-1,-1
235,-1,1405.577,133.826,153.658,147.136,0.518,-1,-1,-1
235,-1,1066.375,192.013,193.788,138.870,0.947,-1,-1,-1
236,-1,1519.893,300.299,398.271,276.474,0.896,-1,-1,-1
236,-1,768.283,212.776,286.214,215.405,0.999,-1,-1,-1
236,-1,1066.292,192.080,194.271,138.844,0.932,-1,-1,-1
237,-1,1489.309,296.008,427.361,267.118,0.965,-1,-1,-1
237,-1,786.782,216.448,293.418,219.528,0.999,-1,-1,-1
237,-1,1069.956,191.359,191.148,139.213,0.822,-1,-1,-1
238,-1,1462.455,290.080,429.452,262.924,0.974,-1,-1,-1
238,-1,800.570,218.846,296.285,224.336,0.998,-1,-1,-1
238,-1,1072.104,191.667,189.438,139.437,0.775,-1,-1,-1
239,-1,1436.556,284.053,416.134,257.351,0.989,-1,-1,-1
239,-1,815.715,225.292,307.954,226.674,0.998,-1,-1,-1
239,-1,1078.547,191.339,183.418,140.103,0.631,-1,-1,-1
240,-1,1404.662,281.466,408.564,252.770,0.996,-1,-1,-1
240,-1,830.332,230.212,320.503,231.225,0.999,-1,-1,-1
240,-1,1080.884,191.345,181.813,141.201,0.538,-1,-1,-1
241,-1,1378.459,275.607,400.251,250.275,0.997,-1,-1,-1
241,-1,845.694,233.364,317.875,238.468,0.999,-1,-1,-1
242,-1,1352.845,268.192,389.755,247.142,0.998,-1,-1,-1
242,-1,863.859,237.287,318.132,243.554,0.999,-1,-1,-1
243,-1,1326.570,259.750,380.195,246.515,0.997,-1,-1,-1
243,-1,880.119,243.241,328.714,244.618,0.998,-1,-1,-1
244,-1,1305.172,256.221,371.223,243.159,0.996,-1,-1,-1
244,-1,901.712,250.589,331.713,252.443,0.998,-1,-1,-1
245,-1,1278.481,250.684,364.357,240.658,0.996,-1,-1,-1
245,-1,919.324,254.753,338.536,252.685,0.998,-1,-1,-1
246,-1,1252.539,244.953,359.243,240.683,0.988,-1,-1,-1
246,-1,940.358,262.303,350.073,256.728,0.996,-1,-1,-1
247,-1,961.610,268.077,357.962,263.231,0.996,-1,-1,-1
247,-1,1240.968,244.754,331.721,233.818,0.955,-1,-1,-1
248,-1,1261.433,244.885,284.726,223.415,0.696,-1,-1,-1
248,-1,973.642,270.384,374.804,272.733,0.995,-1,-1,-1
249,-1,1263.339,247.192,255.197,207.288,0.601,-1,-1,-1
249,-1,991.599,275.315,388.939,276.979,0.998,-1,-1,-1
250,-1,1014.081,280.546,399.968,281.653,0.999,-1,-1,-1
251,-1,1033.412,288.644,402.838,285.046,0.999,-1,-1,-1
252,-1,1055.125,296.241,413.020,292.841,0.999,-1,-1,-1
253,-1,1065.829,304.564,435.472,296.164,0.999,-1,-1,-1
254,-1,1085.651,314.479,451.005,299.868,0.998,-1,-1,-1
255,-1,1117.549,318.912,460.026,313.054,0.998,-1,-1,-1
256,-1,1056.448,201.241,286.320,208.510,0.921,-1,-1,-1
256,-1,1147.704,327.181,467.607,318.829,0.998,-1,-1,-1
257,-1,1044.090,200.294,277.405,207.395,0.909,-1,-1,-1
257,-1,1165.090,336.526,484.067,319.020,0.998,-1,-1,-1
258,-1,1210.805,342.082,479.799,326.076,0.999,-1,-1,-1
258,-1,1032.963,198.908,269.706,202.340,0.872,-1,-1,-1
259,-1,1242.667,352.435,493.367,330.855,0.999,-1,-1,-1
259,-1,1018.473,198.457,264.213,197.378,0.949,-1,-1,-1
260,-1,1267.346,367.046,506.988,334.728,0.998,-1,-1,-1
260,-1,998.031,191.740,263.968,199.072,0.962,-1,-1,-1
261,-1,1294.594,373.944,523.247,345.511,0.997,-1,-1,-1
261,-1,985.171,189.836,263.312,196.331,0.908,-1,-1,-1
262,-1,1318.249,382.218,530.069,351.894,0.995,-1,-1,-1
262,-1,964.888,172.425,276.845,206.685,0.976,-1,-1,-1
262,-1,1405.230,132.310,152.578,148.355,0.629,-1,-1,-1
263,-1,1346.710,391.531,511.986,353.784,0.990,-1,-1,-1
263,-1,949.124,168.083,273.928,206.306,0.989,-1,-1,-1
263,-1,1405.459,132.089,153.425,149.331,0.681,-1,-1,-1
264,-1,1378.966,396.820,519.401,365.275,0.987,-1,-1,-1
264,-1,938.969,169.289,295.208,196.927,0.973,-1,-1,-1
264,-1,1405.599,132.015,153.785,147.854,0.605,-1,-1,-1
265,-1,1411.099,405.125,505.077,378.135,0.967,-1,-1,-1
265,-1,928.907,169.176,302.595,191.828,0.991,-1,-1,-1
265,-1,1405.765,132.593,153.575,148.044,0.633,-1,-1,-1
266,-1,1440.516,416.301,475.427,385.944,0.881,-1,-1,-1
266,-1,913.893,175.341,294.273,183.666,0.995,-1,-1,-1
266,-1,1406.347,132.834,153.245,147.653,0.681,-1,-1,-1
267,-1,1469.814,429.650,445.684,386.859,0.801,-1,-1,-1
267,-1,906.735,168.496,317.620,181.650,0.986,-1,-1,-1
267,-1,1405.175,130.684,152.380,147.896,0.517,-1,-1,-1
268,-1,1498.701,440.172,417.046,396.331,0.852,-1,-1,-1
268,-1,887.582,174.136,262.756,170.095,0.990,-1,-1,-1
268,-1,1404.349,131.834,153.358,148.961,0.733,-1,-1,-1
269,-1,878.355,167.433,241.630,174.540,0.993,-1,-1,-1
269,-1,1404.436,131.869,153.575,149.331,0.768,-1,-1,-1
270,-1,1068.949,185.977,189.063,143.849,0.690,-1,-1,-1
270,-1,864.027,164.999,242.666,170.589,0.997,-1,-1,-1
270,-1,1404.389,131.271,154.256,148.459,0.612,-1,-1,-1
271,-1,1070.766,189.948,189.287,140.000,0.874,-1,-1,-1
271,-1,857.375,159.722,228.745,174.096,0.997,-1,-1,-1
271,-1,1403.959,132.421,154.372,149.235,0.818,-1,-1,-1
272,-1,1068.848,190.993,191.617,139.054,0.899,-1,-1,-1
272,-1,840.790,162.193,225.864,169.074,0.998,-1,-1,-1
272,-1,1403.465,133.097,154.203,148.858,0.853,-1,-1,-1
273,-1,1067.414,188.979,192.785,140.006,0.944,-1,-1,-1
273,-1,833.309,158.704,224.284,168.300,0.996,-1,-1,-1
273,-1,1403.775,132.756,153.117,147.309,0.655,-1,-1,-1
274,-1,1065.346,189.881,196.043,138.897,0.961,-1,-1,-1
274,-1,822.073,159.521,222.620,164.702,0.997,-1,-1,-1
274,-1,1404.220,133.066,153.811,147.444,0.660,-1,-1,-1
275,-1,1063.857,190.495,196.723,138.805,0.971,-1,-1,-1
275,-1,814.728,158.561,223.911,163.672,0.995,-1,-1,-1
275,-1,1404.471,132.655,154.267,148.094,0.704,-1,-1,-1
276,-1,1063.067,189.985,196.340,138.898,0.981,-1,-1,-1
276,-1,803.565,158.983,218.440,160.885,0.997,-1,-1,-1
276,-1,1404.480,132.082,154.660,147.434,0.565,-1,-1,-1
277,-1,1065.176,189.148,197.054,140.365,0.972,-1,-1,-1
277,-1,791.770,158.930,217.830,160.273,0.996,-1,-1,-1
277,-1,1404.969,134.140,151.093,146.549,0.617,-1,-1,-1
278,-1,1065.582,190.129,196.193,139.900,0.979,-1,-1,-1
278,-1,779.986,157.649,217.857,158.879,0.997,-1,-1,-1
278,-1,1404.350,135.022,151.152,146.364,0.616,-1,-1,-1
279,-1,1063.809,189.155,196.138,140.103,0.985,-1,-1,-1
279,-1,770.202,155.848,216.508,157.019,0.996,-1,-1,-1
279,-1,1403.798,134.241,151.469,146.125,0.653,-1,-1,-1
280,-1,1065.284,190.562,195.455,139.569,0.983,-1,-1,-1
280,-1,762.035,156.648,214.195,155.301,0.996,-1,-1,-1
280,-1,1404.548,134.359,151.459,146.947,0.804,-1,-1,-1
281,-1,751.480,157.286,213.190,152.249,0.995,-1,-1,-1
281,-1,1067.973,191.483,192.720,139.441,0.969,-1,-1,-1
281,-1,1404.718,134.839,152.097,147.611,0.807,-1,-1,-1
282,-1,1067.859,191.821,193.097,138.892,0.932,-1,-1,-1
282,-1,740.716,152.628,213.355,153.353,0.997,-1,-1,-1
282,-1,1405.585,134.319,151.376,146.818,0.712,-1,-1,-1
283,-1,731.573,151.657,214.897,152.271,0.996,-1,-1,-1
283,-1,1069.002,190.308,191.631,140.205,0.961,-1,-1,-1
283,-1,1405.679,134.671,151.563,147.313,0.793,-1,-1,-1
284,-1,721.995,152.633,211.518,149.528,0.995,-1,-1,-1
284,-1,1071.470,191.238,190.021,139.637,0.966,-1,-1,-1
284,-1,1405.307,133.754,153.613,148.461,0.852,-1,-1,-1
285,-1,709.468,149.852,213.390,146.443,0.996,-1,-1,-1
285,-1,1065.169,190.474,196.390,139.323,0.962,-1,-1,-1
285,-1,1405.695,133.697,152.827,147.277,0.808,-1,-1,-1
286,-1,702.443,145.192,209.406,146.792,0.994,-1,-1,-1
286,-1,1066.010,189.592,195.505,140.039,0.966,-1,-1,-1
286,-1,1405.016,134.343,153.273,146.223,0.736,-1,-1,-1
287,-1,691.894,140.744,212.921,149.099,0.996,-1,-1,-1
287,-1,1066.697,190.673,193.307,139.521,0.978,-1,-1,-1
287,-1,1404.783,134.567,151.584,145.814,0.745,-1,-1,-1
288,-1,681.452,137.569,212.173,149.582,0.994,-1,-1,-1
288,-1,1064.814,189.695,194.037,139.818,0.971,-1,-1,-1
288,-1,1404.654,132.222,151.897,146.681,0.554,-1,-1,-1
289,-1,668.210,128.211,218.521,156.741,0.994,-1,-1,-1
289,-1,1064.765,189.843,194.556,139.095,0.978,-1,-1,-1
289,-1,1404.612,132.941,152.196,146.886,0.531,-1,-1,-1
290,-1,661.106,128.537,216.398,153.898,0.996,-1,-1,-1
290,-1,1062.277,189.485,197.100,140.517,0.975,-1,-1,-1
290,-1,1404.551,133.718,151.921,147.523,0.686,-1,-1,-1
291,-1,651.103,130.274,217.890,151.526,0.996,-1,-1,-1
291,-1,1065.168,190.152,194.578,139.772,0.972,-1,-1,-1
291,-1,1404.748,133.652,151.625,146.281,0.584,-1,-1,-1
292,-1,639.690,130.246,215.120,150.077,0.995,-1,-1,-1
292,-1,1064.973,190.214,194.923,140.216,0.975,-1,-1,-1
292,-1,1404.807,133.987,151.106,146.989,0.662,-1,-1,-1
293,-1,626.612,131.090,218.217,148.234,0.992,-1,-1,-1
293,-1,1064.500,190.127,195.992,141.389,0.970,-1,-1,-1
293,-1,1404.796,133.363,152.589,148.440,0.756,-1,-1,-1
294,-1,611.633,134.424,220.449,143.892,0.993,-1,-1,-1
294,-1,1064.803,191.000,195.609,139.558,0.972,-1,-1,-1
294,-1,1404.693,133.680,151.319,147.391,0.749,-1,-1,-1
295,-1,594.011,131.700,226.913,143.690,0.992,-1,-1,-1
295,-1,1064.371,190.692,195.904,140.013,0.974,-1,-1,-1
295,-1,1404.619,133.974,151.729,147.244,0.775,-1,-1,-1
296,-1,578.543,125.704,226.272,149.023,0.993,-1,-1,-1
296,-1,1063.697,190.007,197.148,141.078,0.977,-1,-1,-1
296,-1,1404.670,133.239,153.242,148.194,0.777,-1,-1,-1
297,-1,561.626,124.441,230.130,147.713,0.995,-1,-1,-1
297,-1,1064.184,190.131,196.876,138.802,0.980,-1,-1,-1
297,-1,1405.884,132.704,152.277,146.671,0.660,-1,-1,-1
298,-1,547.634,124.057,230.388,146.385,0.997,-1,-1,-1
298,-1,1064.086,189.761,196.485,139.523,0.982,-1,-1,-1
298,-1,1405.681,132.381,153.093,147.104,0.681,-1,-1,-1
299,-1,531.108,124.973,232.781,143.766,0.995,-1,-1,-1
299,-1,1063.053,189.811,197.493,139.471,0.980,-1,-1,-1
299,-1,1405.869,132.538,154.479,148.115,0.713,-1,-1,-1
300,-1,513.468,124.657,237.135,141.741,0.995,-1,-1,-1
300,-1,1062.702,188.563,197.718,140.466,0.979,-1,-1,-1
300,-1,1405.183,132.687,153.276,147.486,0.671,-1,-1,-1
301,-1,495.890,123.469,239.392,143.234,0.994,-1,-1,-1
301,-1,1064.267,189.507,195.276,139.861,0.983,-1,-1,-1
301,-1,1405.429,132.556,153.936,147.976,0.689,-1,-1,-1
302,-1,477.743,123.996,241.683,142.666,0.995,-1,-1,-1
302,-1,1063.660,190.655,196.868,139.255,0.978,-1,-1,-1
302,-1,1405.034,133.111,152.905,147.329,0.683,-1,-1,-1
303,-1,457.541,122.367,242.206,143.296,0.995,-1,-1,-1
303,-1,1064.812,189.907,195.526,139.531,0.980,-1,-1,-1
303,-1,1404.862,132.407,153.047,147.671,0.612,-1,-1,-1
304,-1,436.465,124.903,250.165,141.087,0.991,-1,-1,-1
304,-1,1065.106,190.482,195.322,139.463,0.982,-1,-1,-1
304,-1,1404.436,133.485,152.071,146.664,0.648,-1,-1,-1
305,-1,411.324,125.814,249.669,139.765,0.995,-1,-1,-1
305,-1,1065.553,191.907,194.965,138.758,0.976,-1,-1,-1
305,-1,1404.638,133.708,152.650,147.554,0.696,-1,-1,-1
306,-1,390.325,123.654,252.826,140.100,0.994,-1,-1,-1
306,-1,1065.870,191.175,194.008,138.382,0.979,-1,-1,-1
306,-1,1405.248,133.371,152.777,146.659,0.588,-1,-1,-1
307,-1,365.426,121.388,264.056,142.744,0.995,-1,-1,-1
307,-1,1066.817,190.473,192.971,139.393,0.979,-1,-1,-1
307,-1,1405.301,133.350,152.490,146.580,0.620,-1,-1,-1
308,-1,345.457,121.278,263.555,142.490,0.995,-1,-1,-1
308,-1,1066.491,190.479,194.145,139.559,0.978,-1,-1,-1
308,-1,1404.668,133.876,151.822,146.381,0.689,-1,-1,-1
309,-1,322.261,120.463,267.075,142.812,0.993,-1,-1,-1
309,-1,1065.751,188.861,194.110,139.782,0.972,-1,-1,-1
309,-1,1403.964,132.969,152.193,146.458,0.555,-1,-1,-1
310,-1,296.962,120.569,265.048,140.906,0.994,-1,-1,-1
310,-1,1066.080,187.929,194.221,141.010,0.969,-1,-1,-1
310,-1,1404.223,133.821,150.952,145.116,0.548,-1,-1,-1
311,-1,272.633,122.610,264.568,140.403,0.991,-1,-1,-1
311,-1,1066.691,190.317,193.830,138.893,0.971,-1,-1,-1
311,-1,1404.793,134.032,152.388,145.265,0.549,-1,-1,-1
312,-1,243.638,124.583,264.039,139.684,0.981,-1,-1,-1
312,-1,1066.158,188.764,194.258,140.150,0.970,-1,-1,-1
313,-1,220.440,123.231,269.641,141.803,0.991,-1,-1,-1
313,-1,1066.029,190.271,193.851,139.223,0.979,-1,-1,-1
313,-1,1404.309,134.746,152.892,144.786,0.511,-1,-1,-1
314,-1,192.938,124.586,273.265,141.587,0.992,-1,-1,-1
314,-1,1065.285,191.374,194.982,139.117,0.976,-1,-1,-1
314,-1,1404.772,135.245,153.034,146.128,0.668,-1,-1,-1
315,-1,162.499,130.557,275.721,138.652,0.974,-1,-1,-1
315,-1,1064.509,190.512,196.493,139.134,0.981,-1,-1,-1
315,-1,1404.759,134.432,153.121,145.933,0.626,-1,-1,-1
316,-1,135.334,130.964,271.419,139.531,0.972,-1,-1,-1
316,-1,1064.470,190.340,196.389,139.712,0.982,-1,-1,-1
316,-1,1404.850,134.582,154.333,145.987,0.602,-1,-1,-1
317,-1,107.410,132.472,271.568,138.966,0.991,-1,-1,-1
317,-1,1063.156,191.343,198.110,139.089,0.980,-1,-1,-1
317,-1,1404.329,134.329,154.497,147.191,0.716,-1,-1,-1
318,-1,81.591,133.861,283.996,135.525,0.986,-1,-1,-1
318,-1,1065.667,191.692,194.708,138.166,0.979,-1,-1,-1
318,-1,1403.897,134.042,154.199,146.637,0.645,-1,-1,-1
319,-1,50.253,134.831,282.563,135.606,0.974,-1,-1,-1
319,-1,1064.635,190.576,196.040,138.598,0.978,-1,-1,-1
319,-1,1403.454,133.283,156.498,147.287,0.558,-1,-1,-1
320,-1,16.095,136.411,292.606,135.257,0.968,-1,-1,-1
320,-1,1065.390,191.470,195.154,138.302,0.978,-1,-1,-1
320,-1,1404.145,134.266,154.850,147.061,0.615,-1,-1,-1
321,-1,5.330,139.325,278.129,134.591,0.906,-1,-1,-1
321,-1,1064.923,189.944,195.172,139.406,0.977,-1,-1,-1
321,-1,1403.807,133.483,155.798,146.938,0.534,-1,-1,-1
322,-1,4.447,137.050,248.180,136.846,0.814,-1,-1,-1
322,-1,1064.763,189.134,194.766,140.291,0.982,-1,-1,-1
322,-1,1403.416,133.307,155.857,146.755,0.620,-1,-1,-1
323,-1,3.720,140.466,219.279,135.966,0.854,-1,-1,-1
323,-1,1064.128,191.223,195.377,138.098,0.984,-1,-1,-1
323,-1,1403.952,133.623,155.429,146.783,0.627,-1,-1,-1
324,-1,3.384,139.281,189.629,135.850,0.690,-1,-1,-1
324,-1,1064.148,191.036,195.504,138.478,0.983,-1,-1,-1
324,-1,1403.742,133.567,156.629,147.101,0.587,-1,-1,-1
325,-1,701.573,112.287,144.995,118.961,0.573,-1,-1,-1
325,-1,3.344,141.608,171.268,134.267,0.608,-1,-1,-1
325,-1,1065.241,191.042,194.651,138.466,0.983,-1,-1,-1
325,-1,1404.208,133.804,155.321,147.124,0.655,-1,-1,-1
326,-1,1063.543,192.098,196.147,137.851,0.985,-1,-1,-1
326,-1,1403.653,134.995,153.518,146.755,0.617,-1,-1,-1
327,-1,701.814,112.530,144.875,118.817,0.604,-1,-1,-1
327,-1,1063.870,192.095,195.737,137.494,0.984,-1,-1,-1
327,-1,1403.730,135.521,153.605,146.199,0.629,-1,-1,-1
328,-1,701.385,112.415,145.069,118.875,0.577,-1,-1,-1
328,-1,1063.218,191.715,196.416,137.781,0.983,-1,-1,-1
328,-1,1403.525,134.748,153.639,146.758,0.699,-1,-1,-1
329,-1,1065.261,192.657,194.829,137.607,0.980,-1,-1,-1
329,-1,1403.584,134.306,153.766,147.357,0.742,-1,-1,-1
330,-1,702.410,111.779,144.363,119.055,0.532,-1,-1,-1
330,-1,1065.713,192.751,193.728,137.169,0.978,-1,-1,-1
330,-1,1404.297,135.190,152.410,146.218,0.622,-1,-1,-1
331,-1,1065.421,191.174,194.562,138.172,0.982,-1,-1,-1
331,-1,1404.865,133.048,150.906,146.171,0.825,-1,-1,-1
332,-1,1065.960,191.980,194.804,137.692,0.982,-1,-1,-1
332,-1,1404.616,133.494,150.439,146.503,0.841,-1,-1,-1
333,-1,1065.256,191.134,195.312,137.984,0.982,-1,-1,-1
333,-1,1404.352,133.114,151.513,146.449,0.842,-1,-1,-1
334,-1,1064.436,191.252,195.340,137.674,0.977,-1,-1,-1
334,-1,1404.197,133.092,151.575,146.234,0.810,-1,-1,-1
335,-1,1063.903,191.602,196.287,137.450,0.983,-1,-1,-1
335,-1,1404.333,132.984,151.629,146.652,0.834,-1,-1,-1
336,-1,1063.910,191.439,196.567,137.627,0.982,-1,-1,-1
336,-1,1404.167,133.236,151.116,146.807,0.853,-1,-1,-1
337,-1,1064.436,191.108,195.844,137.833,0.983,-1,-1,-1
337,-1,1404.345,133.336,151.524,146.399,0.828,-1,-1,-1
338,-1,1065.150,191.510,195.235,138.266,0.980,-1,-1,-1
338,-1,1404.303,133.898,151.590,147.070,0.864,-1,-1,-1
339,-1,1064.748,192.117,195.925,137.499,0.978,-1,-1,-1
339,-1,1404.450,134.075,151.608,146.530,0.844,-1,-1,-1
340,-1,1065.135,191.691,195.196,137.894,0.982,-1,-1,-1
340,-1,1402.790,133.837,154.467,146.759,0.833,-1,-1,-1
341,-1,1065.327,191.787,195.150,138.079,0.980,-1,-1,-1
341,-1,1399.718,132.469,157.809,147.551,0.842,-1,-1,-1
342,-1,1064.957,191.858,195.428,137.453,0.977,-1,-1,-1
342,-1,1395.582,131.073,162.998,147.099,0.669,-1,-1,-1
343,-1,1065.506,189.930,194.173,138.551,0.982,-1,-1,-1
343,-1,1388.565,129.750,168.211,147.401,0.674,-1,-1,-1
344,-1,1066.345,190.922,193.894,137.609,0.971,-1,-1,-1
345,-1,1066.149,190.883,194.459,137.478,0.970,-1,-1,-1
346,-1,1067.130,190.409,193.068,137.854,0.970,-1,-1,-1
347,-1,1066.479,190.737,193.580,137.582,0.975,-1,-1,-1
347,-1,1397.212,134.506,159.479,144.786,0.518,-1,-1,-1
348,-1,1066.854,191.566,192.984,137.272,0.977,-1,-1,-1
348,-1,1397.488,134.702,159.103,144.661,0.593,-1,-1,-1
349,-1,1065.127,190.840,194.517,137.978,0.981,-1,-1,-1
350,-1,1065.995,190.220,194.210,138.436,0.977,-1,-1,-1
351,-1,1064.929,191.438,194.154,137.050,0.979,-1,-1,-1
352,-1,1065.661,191.540,194.088,136.928,0.973,-1,-1,-1
352,-1,1404.581,134.808,154.028,143.468,0.618,-1,-1,-1
353,-1,1064.550,191.713,195.301,137.043,0.973,-1,-1,-1
353,-1,1403.969,135.769,154.302,142.316,0.597,-1,-1,-1
354,-1,1065.448,191.593,193.669,137.120,0.971,-1,-1,-1
354,-1,1403.752,134.885,154.002,143.212,0.605,-1,-1,-1
355,-1,1065.286,189.926,194.296,138.239,0.972,-1,-1,-1
356,-1,1065.359,191.356,194.698,137.938,0.970,-1,-1,-1
356,-1,1405.154,134.961,153.437,144.660,0.522,-1,-1,-1
357,-1,1066.603,191.552,193.176,137.959,0.974,-1,-1,-1
357,-1,1405.092,135.250,153.420,145.539,0.547,-1,-1,-1
358,-1,335.315,101.265,126.921,102.385,0.594,-1,-1,-1
358,-1,1066.668,191.621,193.036,137.630,0.974,-1,-1,-1
359,-1,338.290,101.940,127.045,102.597,0.585,-1,-1,-1
359,-1,1065.485,191.937,193.547,137.856,0.972,-1,-1,-1
360,-1,341.346,102.575,126.180,101.510,0.573,-1,-1,-1
360,-1,1065.062,192.641,194.329,137.250,0.971,-1,-1,-1
361,-1,345.530,104.569,124.989,101.159,0.846,-1,-1,-1
361,-1,1065.902,191.780,193.608,137.517,0.963,-1,-1,-1
362,-1,347.061,104.645,126.885,102.138,0.838,-1,-1,-1
362,-1,1066.669,192.553,193.061,137.075,0.962,-1,-1,-1
363,-1,353.310,107.074,126.148,101.252,0.834,-1,-1,-1
363,-1,1066.629,192.168,193.284,137.237,0.954,-1,-1,-1
364,-1,357.507,108.530,126.948,101.639,0.876,-1,-1,-1
364,-1,1066.571,191.401,193.800,137.857,0.944,-1,-1,-1
364,-1,1405.431,134.506,152.613,143.864,0.586,-1,-1,-1
365,-1,363.059,109.494,127.502,101.742,0.905,-1,-1,-1
365,-1,1067.048,192.688,192.746,137.293,0.949,-1,-1,-1
365,-1,1405.366,133.858,152.862,145.375,0.539,-1,-1,-1