1,-1,1881.985,385.372,232.507,137.400,0.585,-1,-1,-1
2,-1,1880.492,385.293,233.676,136.949,0.574,-1,-1,-1
3,-1,1880.233,385.293,233.695,136.924,0.567,-1,-1,-1
4,-1,1880.417,385.301,233.727,136.947,0.565,-1,-1,-1
5,-1,1880.509,385.300,233.630,136.981,0.573,-1,-1,-1
6,-1,1880.445,385.286,233.806,136.952,0.561,-1,-1,-1
7,-1,1880.518,385.287,233.753,136.947,0.567,-1,-1,-1
8,-1,1880.569,385.304,233.681,136.952,0.569,-1,-1,-1
9,-1,1880.542,385.289,233.747,136.937,0.568,-1,-1,-1
10,-1,1880.538,385.268,233.710,136.979,0.572,-1,-1,-1
11,-1,1880.736,385.238,233.563,136.958,0.567,-1,-1,-1
12,-1,1880.797,385.208,233.694,136.996,0.574,-1,-1,-1
13,-1,1881.185,385.738,233.265,136.586,0.562,-1,-1,-1
14,-1,1881.205,385.768,233.164,136.558,0.556,-1,-1,-1
15,-1,1881.206,385.768,233.173,136.570,0.556,-1,-1,-1
16,-1,1881.271,385.795,233.099,136.538,0.548,-1,-1,-1
17,-1,1881.309,385.762,233.051,136.557,0.551,-1,-1,-1
18,-1,1881.284,385.771,233.090,136.557,0.549,-1,-1,-1
19,-1,1881.376,385.802,232.950,136.516,0.547,-1,-1,-1
20,-1,1881.358,385.790,232.969,136.536,0.545,-1,-1,-1
21,-1,1881.218,385.782,233.037,136.522,0.548,-1,-1,-1
22,-1,1881.068,385.773,233.248,136.538,0.557,-1,-1,-1
23,-1,1880.980,385.816,233.393,136.548,0.559,-1,-1,-1
24,-1,1880.941,385.796,233.517,136.571,0.560,-1,-1,-1
25,-1,1880.826,385.803,233.635,136.576,0.557,-1,-1,-1
26,-1,1880.851,385.784,233.543,136.552,0.563,-1,-1,-1
27,-1,1880.968,385.724,233.381,136.589,0.563,-1,-1,-1
28,-1,1880.930,385.696,233.378,136.559,0.559,-1,-1,-1
29,-1,1880.975,385.746,233.356,136.520,0.553,-1,-1,-1
30,-1,1880.877,385.765,233.525,136.532,0.552,-1,-1,-1
31,-1,1880.811,385.673,233.653,136.621,0.565,-1,-1,-1
32,-1,1880.781,385.680,233.665,136.590,0.566,-1,-1,-1
33,-1,1880.773,385.580,233.562,136.602,0.568,-1,-1,-1
34,-1,1880.785,385.567,233.590,136.602,0.569,-1,-1,-1
35,-1,1880.786,385.596,233.660,136.568,0.563,-1,-1,-1
36,-1,1879.943,385.653,234.211,136.486,0.560,-1,-1,-1
37,-1,1878.919,386.018,235.318,136.212,0.587,-1,-1,-1
38,-1,1879.189,385.960,235.344,136.279,0.565,-1,-1,-1
39,-1,1879.473,385.973,234.795,136.379,0.543,-1,-1,-1
40,-1,1879.962,386.008,234.327,136.376,0.521,-1,-1,-1
41,-1,1880.099,385.735,234.056,136.562,0.530,-1,-1,-1
42,-1,1880.303,385.855,233.442,136.375,0.564,-1,-1,-1
43,-1,1880.060,385.654,233.639,136.542,0.555,-1,-1,-1
44,-1,1880.071,385.980,234.014,136.425,0.533,-1,-1,-1
46,-1,2275.236,417.622,282.498,150.101,0.516,-1,-1,-1
47,-1,2241.217,409.111,298.690,151.596,0.618,-1,-1,-1
53,-1,2112.198,394.831,311.101,162.094,0.851,-1,-1,-1
54,-1,2092.451,400.954,299.579,154.612,0.651,-1,-1,-1
55,-1,2063.914,392.225,289.748,160.667,0.758,-1,-1,-1
56,-1,2042.142,390.438,284.735,159.796,0.800,-1,-1,-1
57,-1,2004.684,388.342,287.003,156.730,0.778,-1,-1,-1
58,-1,1969.092,385.129,308.040,159.016,0.776,-1,-1,-1
59,-1,1948.305,383.290,304.612,158.834,0.865,-1,-1,-1
60,-1,1933.283,382.123,303.416,159.074,0.918,-1,-1,-1
61,-1,1910.178,378.869,309.089,156.558,0.961,-1,-1,-1
62,-1,1896.980,379.044,302.362,154.553,0.973,-1,-1,-1
63,-1,1882.375,378.475,298.289,157.005,0.976,-1,-1,-1
64,-1,1870.412,375.337,295.024,157.792,0.972,-1,-1,-1
65,-1,1838.075,370.861,305.983,160.447,0.992,-1,-1,-1
66,-1,1813.105,370.661,306.621,157.799,0.958,-1,-1,-1
67,-1,1802.929,367.743,297.742,160.360,0.977,-1,-1,-1
68,-1,1798.058,368.163,295.428,154.559,0.965,-1,-1,-1
69,-1,1780.579,368.231,317.651,155.269,0.976,-1,-1,-1
70,-1,1770.829,364.681,328.954,162.450,0.954,-1,-1,-1
71,-1,1751.777,365.309,343.799,161.437,0.838,-1,-1,-1
72,-1,1724.091,361.101,357.440,165.800,0.710,-1,-1,-1
73,-1,1711.017,356.067,362.450,166.828,0.903,-1,-1,-1
76,-1,1663.212,350.683,280.431,155.755,0.949,-1,-1,-1
77,-1,1641.342,345.620,302.573,164.057,0.993,-1,-1,-1
78,-1,1629.482,346.241,304.179,161.262,0.990,-1,-1,-1
79,-1,1616.166,345.226,303.962,161.349,0.994,-1,-1,-1
80,-1,1607.563,347.765,297.395,159.592,0.990,-1,-1,-1
81,-1,1598.667,350.373,292.704,154.805,0.969,-1,-1,-1
82,-1,1585.612,348.937,291.565,155.364,0.966,-1,-1,-1
83,-1,1576.682,345.717,300.633,157.943,0.982,-1,-1,-1
84,-1,1569.382,344.323,303.636,157.763,0.990,-1,-1,-1
85,-1,1562.153,343.877,297.074,156.116,0.987,-1,-1,-1
86,-1,1556.308,342.324,295.000,157.477,0.995,-1,-1,-1
87,-1,1547.634,341.018,296.277,155.449,0.994,-1,-1,-1
88,-1,1537.249,341.067,305.719,155.949,0.995,-1,-1,-1
89,-1,1524.351,339.989,315.012,159.707,0.996,-1,-1,-1
90,-1,1516.232,340.764,319.292,160.064,0.996,-1,-1,-1
91,-1,1512.912,342.493,307.785,158.189,0.994,-1,-1,-1
92,-1,1507.663,341.840,307.100,159.300,0.994,-1,-1,-1
93,-1,1495.890,340.871,316.473,159.590,0.993,-1,-1,-1
94,-1,1490.294,340.624,312.376,160.881,0.995,-1,-1,-1
95,-1,1481.833,340.093,311.955,161.710,0.995,-1,-1,-1
96,-1,1471.285,341.388,307.692,158.091,0.995,-1,-1,-1
97,-1,1457.819,340.523,309.855,156.813,0.996,-1,-1,-1
98,-1,1449.758,338.260,312.738,159.297,0.993,-1,-1,-1
99,-1,1443.290,338.599,308.947,159.931,0.996,-1,-1,-1
100,-1,1431.804,338.763,315.441,160.022,0.996,-1,-1,-1
101,-1,1425.591,341.149,304.709,159.755,0.992,-1,-1,-1
102,-1,1419.905,343.033,295.453,158.314,0.993,-1,-1,-1
103,-1,1412.229,342.799,292.918,159.319,0.995,-1,-1,-1
104,-1,1408.060,341.384,291.574,161.935,0.997,-1,-1,-1
105,-1,1400.928,341.395,287.993,161.774,0.997,-1,-1,-1
106,-1,1392.998,343.151,288.953,159.471,0.997,-1,-1,-1
107,-1,1385.132,343.631,289.802,158.422,0.997,-1,-1,-1
108,-1,1377.910,344.109,283.574,159.409,0.997,-1,-1,-1
109,-1,1371.063,345.383,278.130,160.543,0.997,-1,-1,-1
110,-1,1364.919,345.742,281.697,161.275,0.997,-1,-1,-1
111,-1,1360.853,345.553,275.630,162.698,0.997,-1,-1,-1
112,-1,1357.719,347.338,264.938,163.385,0.996,-1,-1,-1
113,-1,1357.074,348.018,254.197,165.852,0.996,-1,-1,-1
114,-1,1355.132,349.723,251.698,166.001,0.996,-1,-1,-1
115,-1,1354.363,350.590,245.673,166.109,0.995,-1,-1,-1
116,-1,1353.479,350.794,242.521,168.367,0.994,-1,-1,-1
117,-1,1349.940,353.176,232.831,169.056,0.978,-1,-1,-1
118,-1,1349.718,351.527,224.217,173.010,0.991,-1,-1,-1
119,-1,1350.490,352.179,214.511,174.753,0.993,-1,-1,-1
120,-1,1351.902,351.351,208.832,177.835,0.995,-1,-1,-1
121,-1,1350.730,354.090,205.600,177.270,0.997,-1,-1,-1
122,-1,1351.578,355.324,199.810,179.369,0.997,-1,-1,-1
123,-1,1351.959,355.965,194.913,181.411,0.997,-1,-1,-1
124,-1,1354.263,358.459,191.589,182.843,0.996,-1,-1,-1
125,-1,1353.982,360.551,189.567,182.917,0.995,-1,-1,-1
126,-1,1356.679,363.639,185.326,184.249,0.994,-1,-1,-1
127,-1,1358.346,366.888,182.587,183.865,0.995,-1,-1,-1
128,-1,1361.325,368.552,177.961,185.870,0.996,-1,-1,-1
129,-1,1363.723,372.464,175.759,185.806,0.995,-1,-1,-1
130,-1,1364.567,374.119,176.813,188.229,0.996,-1,-1,-1
131,-1,1365.707,374.243,179.329,192.935,0.995,-1,-1,-1
131,-1,11.208,1062.646,773.664,784.457,0.894,-1,-1,-1
132,-1,1367.125,376.532,181.209,193.094,0.996,-1,-1,-1
132,-1,19.431,1062.917,1221.816,848.065,0.937,-1,-1,-1
133,-1,1368.591,378.839,182.305,195.301,0.996,-1,-1,-1
133,-1,8.900,1083.442,1716.980,827.699,0.942,-1,-1,-1
134,-1,1370.015,381.840,183.840,196.173,0.993,-1,-1,-1
134,-1,163.264,1133.022,2049.500,774.844,0.959,-1,-1,-1
135,-1,1372.688,380.454,183.169,201.370,0.992,-1,-1,-1
135,-1,639.767,1153.330,1915.150,763.754,0.871,-1,-1,-1
136,-1,1375.858,383.561,184.523,200.646,0.995,-1,-1,-1
136,-1,1157.250,1191.898,1392.814,727.636,0.888,-1,-1,-1
137,-1,1592.743,1241.711,954.311,679.297,0.689,-1,-1,-1
137,-1,1377.693,387.840,186.238,199.263,0.996,-1,-1,-1
138,-1,1380.179,391.447,189.610,198.183,0.996,-1,-1,-1
139,-1,1380.657,390.814,191.009,203.345,0.997,-1,-1,-1
140,-1,1382.867,393.607,194.209,205.785,0.994,-1,-1,-1
141,-1,1382.656,395.637,196.548,207.744,0.997,-1,-1,-1
142,-1,1382.473,397.808,198.624,210.170,0.998,-1,-1,-1
143,-1,1384.033,400.169,199.405,212.951,0.998,-1,-1,-1
144,-1,1385.761,404.055,200.069,213.058,0.998,-1,-1,-1
145,-1,1385.545,406.748,201.555,215.969,0.998,-1,-1,-1
146,-1,1384.429,411.004,206.016,216.100,0.998,-1,-1,-1
147,-1,1383.820,416.225,210.701,218.080,0.998,-1,-1,-1
148,-1,1384.716,417.218,212.565,221.387,0.998,-1,-1,-1
149,-1,1385.219,420.040,215.459,223.155,0.998,-1,-1,-1
150,-1,1386.270,426.334,215.905,222.114,0.998,-1,-1,-1
151,-1,1387.018,430.776,218.092,222.065,0.998,-1,-1,-1
152,-1,1389.076,433.492,218.174,223.867,0.998,-1,-1,-1
153,-1,1387.935,436.463,222.946,224.312,0.998,-1,-1,-1
154,-1,1391.390,438.914,223.472,227.977,0.998,-1,-1,-1
155,-1,1392.163,439.128,227.076,234.092,0.999,-1,-1,-1
156,-1,1394.583,442.389,230.346,238.778,0.998,-1,-1,-1
157,-1,1395.390,444.235,239.606,245.256,0.998,-1,-1,-1
158,-1,1396.699,445.769,245.376,248.434,0.999,-1,-1,-1
159,-1,1398.152,450.849,248.423,249.788,0.998,-1,-1,-1
160,-1,1890.260,885.468,663.038,641.689,0.928,-1,-1,-1
160,-1,1399.138,453.629,252.829,255.858,0.998,-1,-1,-1
161,-1,1576.329,845.830,978.375,652.867,0.975,-1,-1,-1
161,-1,1403.647,455.996,255.099,260.960,0.997,-1,-1,-1
162,-1,1405.447,460.259,257.187,263.579,0.995,-1,-1,-1
162,-1,1190.354,808.172,1370.026,726.824,0.976,-1,-1,-1
163,-1,835.273,807.100,1715.666,700.793,0.986,-1,-1,-1
163,-1,1406.128,461.739,262.843,269.078,0.991,-1,-1,-1
164,-1,475.775,802.459,1794.554,659.070,0.996,-1,-1,-1
164,-1,1407.979,462.373,267.031,274.394,0.979,-1,-1,-1
165,-1,141.782,751.338,1760.125,683.876,0.997,-1,-1,-1
165,-1,1407.801,465.287,272.065,275.997,0.987,-1,-1,-1
166,-1,21.121,706.266,1508.124,721.954,0.967,-1,-1,-1
166,-1,1408.615,468.058,278.089,276.096,0.995,-1,-1,-1
167,-1,7.835,681.168,1131.139,710.707,0.959,-1,-1,-1
167,-1,1408.759,471.152,285.410,278.775,0.995,-1,-1,-1
168,-1,6.848,670.834,777.345,696.010,0.767,-1,-1,-1
168,-1,1412.239,470.063,286.203,287.368,0.997,-1,-1,-1
169,-1,1414.688,473.577,288.900,290.614,0.998,-1,-1,-1
170,-1,1413.539,476.104,297.072,293.863,0.999,-1,-1,-1
171,-1,1413.010,477.077,305.457,298.169,0.999,-1,-1,-1
172,-1,1412.748,480.218,311.350,300.824,0.999,-1,-1,-1
173,-1,1415.962,485.098,314.210,303.066,0.999,-1,-1,-1
174,-1,1415.725,489.967,320.406,305.162,0.999,-1,-1,-1
175,-1,1418.303,493.495,321.486,307.964,0.999,-1,-1,-1
176,-1,1418.956,497.965,328.323,310.566,0.999,-1,-1,-1
177,-1,1422.246,501.008,333.669,314.152,0.999,-1,-1,-1
178,-1,1422.117,504.961,339.734,317.420,0.999,-1,-1,-1
179,-1,1422.653,509.029,346.652,321.179,0.999,-1,-1,-1
180,-1,1422.523,513.282,355.807,324.188,0.999,-1,-1,-1
181,-1,1422.839,513.539,361.046,331.359,0.999,-1,-1,-1
182,-1,1422.235,515.084,370.119,337.084,0.999,-1,-1,-1
183,-1,1426.400,518.229,373.477,340.010,0.999,-1,-1,-1
184,-1,1427.441,520.599,382.173,344.050,0.999,-1,-1,-1
185,-1,1431.903,522.467,384.414,348.256,0.999,-1,-1,-1
186,-1,1433.692,524.006,390.012,351.215,0.999,-1,-1,-1
187,-1,1436.516,526.057,393.984,354.066,0.999,-1,-1,-1
188,-1,1439.465,529.266,401.347,356.056,0.999,-1,-1,-1
189,-1,1439.639,531.394,411.313,363.715,0.999,-1,-1,-1
190,-1,868.149,1113.054,1663.477,799.739,0.793,-1,-1,-1
190,-1,1444.241,535.008,417.816,371.248,0.999,-1,-1,-1
191,-1,712.137,1086.052,1598.000,823.593,0.937,-1,-1,-1
191,-1,1444.914,537.577,424.482,377.764,0.999,-1,-1,-1
192,-1,589.074,1048.793,1500.875,831.806,0.982,-1,-1,-1
192,-1,1448.095,540.473,429.161,382.256,0.999,-1,-1,-1
193,-1,464.898,1009.053,1436.245,798.106,0.990,-1,-1,-1
193,-1,1448.573,543.936,436.619,386.958,0.999,-1,-1,-1
194,-1,332.736,982.534,1393.998,736.113,0.993,-1,-1,-1
194,-1,1452.886,544.776,438.412,388.318,0.998,-1,-1,-1
195,-1,195.932,948.711,1345.585,708.770,0.994,-1,-1,-1
195,-1,1453.335,547.724,445.357,388.775,0.998,-1,-1,-1
196,-1,65.538,930.791,1283.555,670.828,0.994,-1,-1,-1
196,-1,1454.988,551.012,449.234,389.131,0.998,-1,-1,-1
197,-1,17.228,903.075,1162.370,657.836,0.983,-1,-1,-1
197,-1,1454.038,553.457,457.820,393.003,0.998,-1,-1,-1
198,-1,8.787,895.559,1008.317,621.334,0.979,-1,-1,-1
198,-1,1452.389,555.139,467.234,395.586,0.999,-1,-1,-1
199,-1,1450.817,556.195,472.777,401.276,0.997,-1,-1,-1
199,-1,6.544,876.437,850.090,593.806,0.958,-1,-1,-1
200,-1,1452.079,557.460,478.018,401.718,0.997,-1,-1,-1
200,-1,7.777,857.306,670.120,564.843,0.941,-1,-1,-1
201,-1,1456.059,558.100,478.228,403.635,0.997,-1,-1,-1
201,-1,3.862,824.977,528.335,550.994,0.827,-1,-1,-1
202,-1,1456.682,560.749,482.103,401.158,0.998,-1,-1,-1
203,-1,1456.863,562.308,484.618,402.297,0.998,-1,-1,-1
204,-1,1458.017,562.776,486.329,403.448,0.999,-1,-1,-1
205,-1,1458.393,563.477,489.888,405.002,0.999,-1,-1,-1
206,-1,1458.511,564.506,492.040,404.736,0.999,-1,-1,-1
207,-1,1459.019,564.353,492.687,405.855,0.999,-1,-1,-1
208,-1,1458.934,564.493,494.585,405.599,0.999,-1,-1,-1
209,-1,1458.867,565.019,495.227,405.947,0.999,-1,-1,-1
210,-1,1458.479,565.443,495.240,405.805,0.999,-1,-1,-1
211,-1,1458.909,567.269,495.809,404.428,0.998,-1,-1,-1
212,-1,1458.925,566.757,495.756,404.527,0.998,-1,-1,-1
213,-1,1458.796,566.390,495.511,404.446,0.998,-1,-1,-1
214,-1,1458.885,566.403,495.555,404.382,0.998,-1,-1,-1
215,-1,1458.801,566.568,495.654,404.217,0.998,-1,-1,-1
216,-1,1459.377,566.768,495.255,404.084,0.998,-1,-1,-1
217,-1,1459.264,566.312,495.820,404.717,0.998,-1,-1,-1
218,-1,1459.147,566.540,495.780,404.411,0.998,-1,-1,-1
219,-1,1459.286,566.671,495.726,404.190,0.998,-1,-1,-1
220,-1,1459.301,566.602,495.692,404.148,0.998,-1,-1,-1
221,-1,1459.129,566.148,495.468,405.139,0.998,-1,-1,-1
222,-1,1459.300,566.239,495.232,404.998,0.998,-1,-1,-1
223,-1,1459.437,566.265,495.102,404.887,0.998,-1,-1,-1
224,-1,1459.252,566.260,495.342,404.911,0.998,-1,-1,-1
225,-1,1459.024,566.332,495.791,404.950,0.998,-1,-1,-1
226,-1,1459.079,566.540,495.914,404.803,0.998,-1,-1,-1
227,-1,1458.938,566.506,495.909,404.843,0.998,-1,-1,-1
228,-1,1458.939,566.539,495.724,404.816,0.998,-1,-1,-1
229,-1,1458.431,566.365,496.105,404.889,0.998,-1,-1,-1
230,-1,1458.472,566.308,496.015,405.035,0.998,-1,-1,-1
231,-1,1459.114,566.445,495.866,403.571,0.998,-1,-1,-1
232,-1,1458.884,566.167,496.063,403.877,0.998,-1,-1,-1
233,-1,1458.906,566.261,496.108,403.825,0.998,-1,-1,-1
234,-1,1458.906,566.332,495.847,403.813,0.998,-1,-1,-1
235,-1,1458.922,566.371,495.997,403.771,0.998,-1,-1,-1
236,-1,1459.027,566.428,495.795,403.809,0.998,-1,-1,-1
237,-1,1459.028,566.526,495.838,403.646,0.998,-1,-1,-1
238,-1,1458.906,566.499,496.008,403.712,0.998,-1,-1,-1
239,-1,1458.859,566.436,496.031,403.799,0.998,-1,-1,-1
240,-1,1458.828,566.556,496.035,403.748,0.998,-1,-1,-1
241,-1,1458.284,566.607,496.406,404.931,0.998,-1,-1,-1
242,-1,1458.430,566.727,496.180,404.784,0.998,-1,-1,-1
243,-1,1458.285,566.423,496.312,405.073,0.998,-1,-1,-1
244,-1,1458.179,566.547,496.423,404.964,0.998,-1,-1,-1
245,-1,1458.309,566.698,496.341,404.818,0.998,-1,-1,-1
246,-1,1458.367,566.607,496.260,404.981,0.998,-1,-1,-1
247,-1,1458.386,566.575,496.228,405.008,0.999,-1,-1,-1
248,-1,1458.370,566.362,496.321,405.209,0.999,-1,-1,-1
249,-1,1458.408,566.367,496.334,405.175,0.999,-1,-1,-1
250,-1,1458.447,566.537,496.248,404.927,0.999,-1,-1,-1
251,-1,1458.635,566.751,495.891,404.966,0.998,-1,-1,-1
252,-1,1458.713,566.664,495.987,404.714,0.998,-1,-1,-1
253,-1,1458.738,567.229,495.454,403.962,0.998,-1,-1,-1
254,-1,1458.731,567.343,495.491,403.881,0.999,-1,-1,-1
255,-1,1458.682,567.190,495.555,404.039,0.999,-1,-1,-1
256,-1,1458.662,567.273,495.531,403.889,0.999,-1,-1,-1
257,-1,1458.675,567.044,495.503,404.176,0.999,-1,-1,-1
258,-1,1458.644,566.985,495.373,404.220,0.999,-1,-1,-1
259,-1,1458.643,567.026,495.488,404.489,0.999,-1,-1,-1
260,-1,1458.683,567.186,495.518,403.936,0.999,-1,-1,-1
261,-1,1457.810,567.218,497.039,403.965,0.998,-1,-1,-1
262,-1,2232.720,974.355,325.113,509.488,0.670,-1,-1,-1
262,-1,1458.921,567.374,495.177,404.788,0.996,-1,-1,-1
263,-1,1966.652,898.049,589.018,560.973,0.878,-1,-1,-1
263,-1,1464.786,569.525,492.549,402.937,0.998,-1,-1,-1
264,-1,1682.067,884.441,874.226,563.987,0.975,-1,-1,-1
264,-1,1467.542,570.055,492.115,406.351,0.996,-1,-1,-1
265,-1,1466.775,572.737,489.252,413.495,0.985,-1,-1,-1
265,-1,1383.238,862.617,1171.904,584.127,0.986,-1,-1,-1
266,-1,1470.320,571.807,471.976,363.353,0.704,-1,-1,-1
266,-1,1074.527,841.216,1348.782,571.997,0.997,-1,-1,-1
267,-1,752.986,819.469,1322.477,565.613,0.996,-1,-1,-1
268,-1,443.963,792.755,1339.759,557.620,0.994,-1,-1,-1
268,-1,1455.993,569.561,498.458,406.673,0.959,-1,-1,-1
269,-1,138.620,770.637,1299.323,560.395,0.996,-1,-1,-1
269,-1,1461.082,568.372,490.073,408.865,0.982,-1,-1,-1
270,-1,1459.266,565.134,493.372,405.371,0.993,-1,-1,-1
270,-1,10.266,747.753,1121.009,551.843,0.986,-1,-1,-1
271,-1,1457.184,565.276,497.189,403.699,0.996,-1,-1,-1
271,-1,5.933,742.040,812.216,533.666,0.967,-1,-1,-1
272,-1,1458.771,565.773,496.095,403.671,0.997,-1,-1,-1
272,-1,3.418,720.280,525.122,508.297,0.827,-1,-1,-1
273,-1,1456.664,566.517,499.802,401.907,0.996,-1,-1,-1
274,-1,1459.152,567.066,495.939,403.175,0.998,-1,-1,-1
275,-1,1459.049,566.976,496.007,403.370,0.998,-1,-1,-1
276,-1,1458.920,567.064,496.095,403.316,0.999,-1,-1,-1
277,-1,1458.940,567.117,496.911,403.602,0.998,-1,-1,-1
278,-1,1458.965,567.267,496.923,403.576,0.998,-1,-1,-1
279,-1,1459.044,567.275,496.878,403.576,0.998,-1,-1,-1
280,-1,1459.104,567.135,496.850,403.661,0.998,-1,-1,-1
281,-1,1459.084,567.255,496.883,403.530,0.998,-1,-1,-1
282,-1,1459.002,567.325,496.850,403.465,0.998,-1,-1,-1
283,-1,1459.127,565.938,496.245,404.966,0.999,-1,-1,-1
284,-1,1459.090,565.986,496.500,404.795,0.999,-1,-1,-1
285,-1,1459.157,566.421,496.205,404.358,0.999,-1,-1,-1
286,-1,1459.078,566.487,496.523,404.310,0.999,-1,-1,-1
287,-1,1459.123,566.374,496.290,404.380,0.998,-1,-1,-1
288,-1,1459.071,566.415,496.398,404.328,0.998,-1,-1,-1
289,-1,1459.781,566.776,496.042,403.502,0.998,-1,-1,-1
290,-1,1459.759,566.631,496.033,403.704,0.998,-1,-1,-1
291,-1,1459.690,566.636,496.114,403.526,0.998,-1,-1,-1
292,-1,1459.615,566.631,496.129,403.534,0.998,-1,-1,-1
293,-1,1459.557,566.504,496.058,403.711,0.998,-1,-1,-1
294,-1,1459.573,566.543,496.027,403.669,0.998,-1,-1,-1
295,-1,1459.483,566.567,496.150,403.622,0.998,-1,-1,-1
296,-1,1459.402,566.381,496.148,403.837,0.998,-1,-1,-1
297,-1,1459.496,566.350,496.213,403.832,0.998,-1,-1,-1
298,-1,1459.561,566.394,496.156,403.804,0.998,-1,-1,-1
299,-1,1459.626,566.534,496.008,403.592,0.998,-1,-1,-1
300,-1,1459.542,566.453,496.171,403.766,0.998,-1,-1,-1
301,-1,1458.967,566.153,496.807,403.919,0.998,-1,-1,-1
302,-1,1459.030,566.018,496.732,404.143,0.998,-1,-1,-1
303,-1,1459.109,566.029,496.583,404.068,0.998,-1,-1,-1
304,-1,1459.135,566.056,496.562,404.019,0.998,-1,-1,-1
305,-1,1459.091,566.103,496.564,403.915,0.998,-1,-1,-1
306,-1,1459.098,566.135,496.625,403.885,0.998,-1,-1,-1
307,-1,1459.002,566.156,496.944,403.922,0.998,-1,-1,-1
308,-1,1458.955,566.196,496.966,403.868,0.998,-1,-1,-1
309,-1,1459.061,565.973,496.753,404.189,0.998,-1,-1,-1
310,-1,1459.056,566.078,496.758,404.028,0.998,-1,-1,-1
311,-1,1458.916,566.209,496.934,403.911,0.998,-1,-1,-1
312,-1,1458.935,566.167,496.909,403.968,0.998,-1,-1,-1
313,-1,1459.151,566.150,496.933,403.973,0.998,-1,-1,-1
314,-1,1459.051,566.065,497.017,404.063,0.998,-1,-1,-1
315,-1,1459.087,566.163,496.880,404.039,0.998,-1,-1,-1
316,-1,1455.574,566.626,500.352,404.591,0.999,-1,-1,-1
317,-1,1455.318,565.980,500.797,406.845,0.998,-1,-1,-1
317,-1,9.027,1091.600,705.188,813.099,0.753,-1,-1,-1
318,-1,1454.825,567.177,501.802,407.311,0.998,-1,-1,-1
318,-1,15.770,1042.402,1159.750,875.669,0.877,-1,-1,-1
319,-1,13.655,1065.623,1648.505,852.488,0.632,-1,-1,-1
319,-1,1459.320,568.521,495.659,409.833,0.997,-1,-1,-1
320,-1,-0.356,1108.188,2158.452,808.905,0.730,-1,-1,-1
320,-1,1456.717,567.501,503.286,408.059,0.999,-1,-1,-1
321,-1,425.512,1124.946,2113.680,795.951,0.505,-1,-1,-1
321,-1,1459.876,567.086,498.641,410.932,0.999,-1,-1,-1
322,-1,1461.156,567.467,498.961,409.536,0.999,-1,-1,-1
322,-1,923.116,1156.281,1633.859,762.564,0.667,-1,-1,-1
323,-1,1460.112,568.376,499.259,405.958,0.999,-1,-1,-1
323,-1,1389.340,1197.928,1154.841,722.385,0.618,-1,-1,-1
324,-1,1458.512,567.742,497.900,404.029,0.999,-1,-1,-1
325,-1,1455.268,567.469,499.139,405.063,0.998,-1,-1,-1
326,-1,1456.884,566.707,497.094,404.622,0.999,-1,-1,-1
327,-1,1458.354,566.775,496.182,404.528,0.999,-1,-1,-1
328,-1,1458.573,566.812,495.987,404.586,0.999,-1,-1,-1
329,-1,1458.458,567.087,496.054,404.995,0.999,-1,-1,-1
330,-1,1458.499,566.705,496.042,405.229,0.999,-1,-1,-1
331,-1,1458.580,566.848,495.981,405.182,0.999,-1,-1,-1
332,-1,1458.716,566.402,496.141,405.540,0.998,-1,-1,-1
333,-1,1458.410,566.044,496.593,405.830,0.998,-1,-1,-1
334,-1,1457.909,565.305,497.195,406.649,0.998,-1,-1,-1
335,-1,1458.495,564.752,496.635,407.315,0.998,-1,-1,-1
336,-1,1458.325,564.945,496.762,406.895,0.998,-1,-1,-1
337,-1,1458.242,566.020,496.116,404.208,0.998,-1,-1,-1
338,-1,1458.294,565.856,496.198,404.302,0.998,-1,-1,-1
339,-1,1458.217,565.750,496.302,404.351,0.998,-1,-1,-1
340,-1,1458.108,565.775,496.447,404.406,0.998,-1,-1,-1
341,-1,1458.162,565.772,496.508,404.357,0.998,-1,-1,-1
342,-1,1458.201,565.744,496.510,404.454,0.998,-1,-1,-1
343,-1,1457.961,565.894,496.779,404.383,0.998,-1,-1,-1
344,-1,1457.998,565.954,496.801,404.391,0.998,-1,-1,-1
345,-1,1458.127,565.954,496.748,404.472,0.998,-1,-1,-1
346,-1,1458.071,565.853,496.865,404.502,0.998,-1,-1,-1
347,-1,1458.534,565.745,495.955,404.036,0.998,-1,-1,-1
348,-1,1458.522,565.727,495.900,403.945,0.998,-1,-1,-1
349,-1,1458.351,565.846,496.215,404.562,0.998,-1,-1,-1
350,-1,1458.513,565.768,496.008,404.657,0.998,-1,-1,-1
351,-1,1458.428,565.794,496.057,404.714,0.998,-1,-1,-1
352,-1,1457.074,566.088,497.825,405.172,0.998,-1,-1,-1
353,-1,1458.100,566.137,497.009,406.499,0.998,-1,-1,-1
354,-1,1959.952,962.622,594.641,488.637,0.855,-1,-1,-1
354,-1,1464.787,567.763,492.766,403.675,0.998,-1,-1,-1
355,-1,1690.094,925.797,865.073,519.606,0.968,-1,-1,-1
355,-1,1467.434,568.704,492.620,406.218,0.997,-1,-1,-1
356,-1,1465.962,570.456,493.348,410.249,0.994,-1,-1,-1
356,-1,1408.183,902.235,1145.796,540.119,0.988,-1,-1,-1
357,-1,1461.799,569.484,498.470,412.228,0.986,-1,-1,-1
357,-1,1122.322,889.409,1396.193,524.190,0.994,-1,-1,-1
358,-1,799.413,877.312,1391.802,507.138,0.994,-1,-1,-1
358,-1,1454.405,569.455,502.584,408.935,0.965,-1,-1,-1
359,-1,1450.137,567.084,499.150,413.204,0.977,-1,-1,-1
359,-1,500.340,852.682,1377.324,500.907,0.994,-1,-1,-1
360,-1,1455.145,566.268,496.410,410.230,0.980,-1,-1,-1
360,-1,194.369,826.603,1398.202,515.587,0.995,-1,-1,-1
361,-1,1461.418,564.841,490.818,407.281,0.992,-1,-1,-1
361,-1,19.410,791.537,1252.476,527.894,0.983,-1,-1,-1
362,-1,3.419,789.365,975.674,497.993,0.910,-1,-1,-1
362,-1,1458.111,564.631,494.267,406.209,0.997,-1,-1,-1
363,-1,6.432,764.424,677.338,489.905,0.757,-1,-1,-1
363,-1,1458.100,564.587,495.421,405.624,0.997,-1,-1,-1
364,-1,1460.059,564.703,493.839,405.873,0.998,-1,-1,-1
365,-1,1458.698,564.702,495.203,405.662,0.998,-1,-1,-1
366,-1,1459.047,565.119,494.569,405.227,0.998,-1,-1,-1
367,-1,1458.959,565.260,496.610,405.288,0.998,-1,-1,-1
368,-1,1458.757,565.086,496.777,405.672,0.998,-1,-1,-1
369,-1,1458.776,565.162,496.721,405.592,0.998,-1,-1,-1
370,-1,1458.943,565.275,496.587,405.592,0.998,-1,-1,-1
371,-1,1458.969,565.210,496.479,405.672,0.998,-1,-1,-1
372,-1,1459.050,565.314,496.528,405.768,0.998,-1,-1,-1
373,-1,1458.417,565.458,496.887,405.719,0.999,-1,-1,-1
374,-1,1458.449,565.451,496.890,405.617,0.999,-1,-1,-1
375,-1,1458.372,565.380,496.903,405.815,0.999,-1,-1,-1
376,-1,1458.463,565.430,496.859,405.800,0.999,-1,-1,-1
377,-1,1459.698,565.725,495.001,405.624,0.999,-1,-1,-1
378,-1,1459.484,565.506,495.093,406.049,0.999,-1,-1,-1
379,-1,1459.577,565.513,495.027,405.949,0.998,-1,-1,-1
380,-1,1459.107,565.704,496.242,406.152,0.998,-1,-1,-1
381,-1,2160.394,1025.078,396.281,488.680,0.763,-1,-1,-1
381,-1,1459.768,566.061,495.046,407.704,0.998,-1,-1,-1
382,-1,1832.455,965.885,720.345,522.913,0.965,-1,-1,-1
382,-1,1464.690,567.256,494.053,406.542,0.998,-1,-1,-1
383,-1,1467.802,569.602,494.840,411.441,0.995,-1,-1,-1
383,-1,1490.388,928.851,1063.901,558.706,0.983,-1,-1,-1
384,-1,1458.344,569.275,506.031,422.019,0.984,-1,-1,-1
384,-1,1148.893,911.888,1296.229,531.082,0.993,-1,-1,-1
385,-1,766.644,887.385,1287.378,527.068,0.992,-1,-1,-1
385,-1,1455.003,568.926,509.827,418.758,0.984,-1,-1,-1
386,-1,1455.292,568.372,506.463,415.509,0.980,-1,-1,-1
386,-1,415.392,862.238,1300.297,513.820,0.993,-1,-1,-1
387,-1,1458.823,568.630,507.165,411.674,0.992,-1,-1,-1
387,-1,90.617,827.531,1241.313,534.745,0.996,-1,-1,-1
388,-1,4.729,814.696,973.903,505.742,0.955,-1,-1,-1
388,-1,1456.934,569.256,515.039,410.230,0.998,-1,-1,-1
389,-1,5.221,794.574,622.479,486.600,0.877,-1,-1,-1
389,-1,1458.483,570.854,523.905,413.013,0.998,-1,-1,-1
390,-1,1457.603,573.389,535.246,411.579,0.998,-1,-1,-1
391,-1,1460.530,574.024,545.654,418.176,0.998,-1,-1,-1
392,-1,1465.927,575.521,555.224,423.527,0.998,-1,-1,-1
393,-1,1464.258,575.614,576.319,430.007,0.998,-1,-1,-1
394,-1,1467.641,578.055,591.892,437.617,0.998,-1,-1,-1
395,-1,1469.978,582.808,620.278,440.589,0.998,-1,-1,-1
396,-1,1479.676,586.122,638.399,446.594,0.998,-1,-1,-1
397,-1,1485.895,592.653,670.889,452.130,0.998,-1,-1,-1
398,-1,1498.831,603.067,693.515,455.320,0.998,-1,-1,-1
399,-1,1508.222,607.145,725.672,465.009,0.998,-1,-1,-1
400,-1,1525.304,616.297,762.132,473.272,0.998,-1,-1,-1
401,-1,1538.422,623.727,809.967,481.511,0.998,-1,-1,-1
402,-1,1570.767,632.069,838.838,491.919,0.998,-1,-1,-1
403,-1,1606.287,650.063,865.985,493.619,0.998,-1,-1,-1
404,-1,1633.799,652.729,921.077,512.893,0.996,-1,-1,-1
405,-1,1666.950,665.542,892.606,528.324,0.993,-1,-1,-1
406,-1,1707.620,682.858,852.297,538.053,0.978,-1,-1,-1
407,-1,1746.788,694.832,813.295,547.887,0.972,-1,-1,-1
408,-1,1796.295,715.324,763.620,556.449,0.951,-1,-1,-1
409,-1,1846.411,735.329,711.881,545.561,0.853,-1,-1,-1
410,-1,1910.873,750.029,646.282,531.269,0.704,-1,-1,-1
411,-1,1980.679,760.120,577.322,532.215,0.629,-1,-1,-1
412,-1,2046.320,776.289,511.626,479.822,0.543,-1,-1,-1
416,-1,1877.459,389.174,238.005,135.229,0.507,-1,-1,-1
417,-1,1877.638,387.618,238.116,135.140,0.604,-1,-1,-1
418,-1,1878.010,387.424,237.517,135.257,0.610,-1,-1,-1
419,-1,1878.273,387.439,237.076,135.246,0.606,-1,-1,-1
420,-1,1878.270,387.430,236.466,135.399,0.597,-1,-1,-1
421,-1,1878.608,387.612,237.626,135.492,0.567,-1,-1,-1
422,-1,1879.380,387.868,236.540,135.610,0.545,-1,-1,-1
423,-1,1879.331,387.727,235.685,135.644,0.578,-1,-1,-1
427,-1,1879.580,386.952,235.347,136.400,0.583,-1,-1,-1
428,-1,1879.580,386.976,235.501,136.428,0.585,-1,-1,-1
429,-1,1879.586,387.015,235.419,136.424,0.580,-1,-1,-1
430,-1,1879.594,387.115,235.374,136.377,0.569,-1,-1,-1
431,-1,1879.632,387.231,235.259,136.285,0.553,-1,-1,-1
432,-1,1879.431,387.177,235.285,136.225,0.571,-1,-1,-1
433,-1,1879.284,387.315,235.644,136.020,0.530,-1,-1,-1
434,-1,1879.194,387.308,235.715,136.005,0.541,-1,-1,-1
435,-1,1879.232,387.287,235.737,136.035,0.539,-1,-1,-1
436,-1,1879.135,387.316,235.800,135.984,0.539,-1,-1,-1
437,-1,1878.294,386.538,237.544,136.492,0.598,-1,-1,-1
438,-1,1878.453,386.604,237.346,136.533,0.588,-1,-1,-1
439,-1,1878.388,386.621,237.157,136.403,0.590,-1,-1,-1
440,-1,1878.318,386.665,237.246,136.467,0.584,-1,-1,-1
441,-1,1878.221,386.769,237.160,136.399,0.577,-1,-1,-1
442,-1,1878.220,386.792,237.035,136.371,0.574,-1,-1,-1
443,-1,1878.152,386.762,237.019,136.349,0.582,-1,-1,-1
444,-1,1878.178,386.744,237.021,136.326,0.582,-1,-1,-1
445,-1,1878.814,386.345,236.990,136.833,0.562,-1,-1,-1
446,-1,1878.823,386.297,237.094,136.900,0.563,-1,-1,-1
447,-1,1878.821,386.348,236.952,136.848,0.558,-1,-1,-1
448,-1,1878.826,386.343,236.900,136.831,0.561,-1,-1,-1
449,-1,1878.767,386.390,236.925,136.798,0.557,-1,-1,-1
450,-1,1878.705,386.381,236.957,136.778,0.560,-1,-1,-1
451,-1,1878.707,386.246,237.151,136.845,0.566,-1,-1,-1
452,-1,1878.685,386.253,237.205,136.889,0.561,-1,-1,-1
453,-1,1878.697,386.244,237.136,136.906,0.567,-1,-1,-1
454,-1,1878.730,386.243,237.141,136.906,0.566,-1,-1,-1
455,-1,1878.790,386.217,237.056,136.898,0.568,-1,-1,-1
456,-1,1878.817,386.214,236.960,136.912,0.569,-1,-1,-1
457,-1,1878.841,386.026,236.796,136.925,0.599,-1,-1,-1
458,-1,1878.770,385.980,236.904,136.952,0.603,-1,-1,-1
459,-1,1878.778,385.981,236.807,137.001,0.601,-1,-1,-1
460,-1,1878.743,386.029,236.799,136.967,0.592,-1,-1,-1