1,-1,1449.088,503.744,370.688,245.696,0.943,-1,-1,-1
1,-1,1105.004,69.168,222.104,141.203,0.998,-1,-1,-1
1,-1,483.383,515.653,504.429,314.397,0.983,-1,-1,-1
2,-1,1434.374,497.894,368.094,244.470,0.951,-1,-1,-1
2,-1,1127.541,66.559,216.086,136.987,0.996,-1,-1,-1
2,-1,513.938,521.969,527.682,330.200,0.980,-1,-1,-1
3,-1,1421.201,492.347,371.111,244.254,0.957,-1,-1,-1
3,-1,1149.012,62.015,205.032,133.930,0.996,-1,-1,-1
3,-1,550.810,534.198,548.402,341.004,0.986,-1,-1,-1
4,-1,1403.600,486.046,378.149,245.333,0.966,-1,-1,-1
4,-1,1166.719,56.456,195.978,133.399,0.994,-1,-1,-1
4,-1,592.132,548.675,561.488,343.757,0.987,-1,-1,-1
5,-1,1388.713,477.364,381.574,247.173,0.975,-1,-1,-1
5,-1,1186.837,49.981,182.903,133.421,0.993,-1,-1,-1
5,-1,641.266,563.771,568.816,354.935,0.987,-1,-1,-1
6,-1,1379.909,473.148,378.074,247.484,0.968,-1,-1,-1
6,-1,1203.685,46.177,175.190,128.561,0.989,-1,-1,-1
6,-1,684.997,581.208,579.736,361.740,0.993,-1,-1,-1
6,-1,987.749,0.231,195.815,115.336,0.503,-1,-1,-1
7,-1,1371.583,466.921,375.683,245.820,0.975,-1,-1,-1
7,-1,1216.227,42.211,171.034,125.958,0.955,-1,-1,-1
7,-1,734.808,594.938,590.836,369.688,0.993,-1,-1,-1
8,-1,987.395,0.117,189.067,114.970,0.657,-1,-1,-1
8,-1,1353.570,458.300,381.158,246.036,0.984,-1,-1,-1
8,-1,1228.758,36.980,161.669,122.260,0.887,-1,-1,-1
8,-1,795.485,606.254,590.552,384.873,0.992,-1,-1,-1
9,-1,1242.625,32.449,150.157,117.898,0.823,-1,-1,-1
9,-1,1335.373,448.106,387.663,252.768,0.983,-1,-1,-1
9,-1,851.299,625.671,597.840,389.587,0.989,-1,-1,-1
10,-1,1252.256,27.598,144.661,118.243,0.901,-1,-1,-1
10,-1,1314.478,440.469,399.724,251.353,0.982,-1,-1,-1
10,-1,988.668,0.248,189.431,114.634,0.620,-1,-1,-1
10,-1,912.705,646.713,598.789,394.826,0.981,-1,-1,-1
11,-1,1257.456,20.965,143.967,120.068,0.913,-1,-1,-1
11,-1,1293.521,430.773,403.198,253.981,0.982,-1,-1,-1
11,-1,986.339,0.238,194.047,114.141,0.685,-1,-1,-1
11,-1,972.254,672.330,593.741,389.676,0.980,-1,-1,-1
12,-1,1264.804,17.786,140.134,114.702,0.865,-1,-1,-1
12,-1,1275.572,422.757,407.283,249.668,0.986,-1,-1,-1
12,-1,984.674,0.211,195.439,113.213,0.592,-1,-1,-1
12,-1,1035.917,695.330,589.948,380.509,0.968,-1,-1,-1
13,-1,984.187,0.107,187.764,113.847,0.670,-1,-1,-1
13,-1,1269.202,14.757,141.454,113.807,0.717,-1,-1,-1
13,-1,1108.969,722.527,571.182,355.551,0.950,-1,-1,-1
13,-1,1256.491,411.498,419.420,246.933,0.982,-1,-1,-1
14,-1,982.051,0.075,192.772,113.688,0.726,-1,-1,-1
14,-1,1274.877,10.549,137.987,114.336,0.557,-1,-1,-1
14,-1,1171.700,748.310,561.942,332.544,0.931,-1,-1,-1
14,-1,1231.344,404.136,415.341,249.245,0.989,-1,-1,-1
15,-1,981.458,0.087,191.529,114.084,0.703,-1,-1,-1
15,-1,1248.122,771.190,523.782,310.274,0.822,-1,-1,-1
15,-1,1205.839,391.246,418.496,250.673,0.987,-1,-1,-1
16,-1,978.694,0.115,193.360,114.227,0.707,-1,-1,-1
16,-1,1308.625,795.576,511.238,287.450,0.638,-1,-1,-1
16,-1,1180.001,383.318,416.512,246.341,0.983,-1,-1,-1
17,-1,976.551,0.122,195.931,114.464,0.694,-1,-1,-1
17,-1,1153.291,375.065,414.251,241.375,0.988,-1,-1,-1
18,-1,1123.482,365.388,417.870,239.850,0.983,-1,-1,-1
19,-1,1097.295,355.470,413.227,237.881,0.989,-1,-1,-1
19,-1,974.547,0.192,198.030,116.368,0.572,-1,-1,-1
20,-1,1069.008,345.296,416.260,234.986,0.982,-1,-1,-1
21,-1,1039.696,333.572,413.809,232.044,0.986,-1,-1,-1
22,-1,1015.287,326.846,406.955,224.685,0.989,-1,-1,-1
23,-1,984.492,317.671,407.952,223.447,0.981,-1,-1,-1
24,-1,955.823,311.618,403.013,217.448,0.992,-1,-1,-1
25,-1,929.591,303.433,393.268,216.641,0.994,-1,-1,-1
26,-1,897.666,296.521,387.397,212.590,0.995,-1,-1,-1
27,-1,869.596,290.702,383.434,207.842,0.996,-1,-1,-1
27,-1,948.807,-0.021,213.991,117.566,0.777,-1,-1,-1
28,-1,834.452,283.738,383.811,201.631,0.996,-1,-1,-1
28,-1,943.124,0.027,216.612,117.450,0.728,-1,-1,-1
29,-1,940.314,0.157,219.248,117.118,0.502,-1,-1,-1
29,-1,806.176,275.409,378.383,197.570,0.997,-1,-1,-1
30,-1,780.581,267.861,369.302,194.204,0.995,-1,-1,-1
30,-1,930.797,0.098,226.423,118.077,0.761,-1,-1,-1
31,-1,747.593,262.090,368.261,193.324,0.998,-1,-1,-1
31,-1,922.710,-0.042,230.278,118.856,0.899,-1,-1,-1
32,-1,713.847,259.141,369.108,187.627,0.997,-1,-1,-1
32,-1,917.133,0.173,230.175,123.355,0.949,-1,-1,-1
33,-1,684.903,254.403,357.887,183.572,0.998,-1,-1,-1
33,-1,911.916,0.189,235.624,127.231,0.808,-1,-1,-1
34,-1,659.010,250.492,349.392,179.671,0.999,-1,-1,-1
34,-1,902.403,0.087,242.043,126.905,0.886,-1,-1,-1
35,-1,629.033,248.095,340.212,174.413,0.998,-1,-1,-1
35,-1,891.362,0.044,250.962,129.378,0.937,-1,-1,-1
36,-1,600.176,245.697,330.991,168.636,0.998,-1,-1,-1
36,-1,884.356,0.865,251.697,136.395,0.960,-1,-1,-1
37,-1,570.549,243.981,327.057,167.929,0.998,-1,-1,-1
37,-1,874.305,0.320,254.701,136.428,0.954,-1,-1,-1
38,-1,539.239,245.545,321.798,161.835,0.998,-1,-1,-1
38,-1,864.753,0.263,256.671,139.562,0.962,-1,-1,-1
39,-1,22.312,539.128,309.972,206.502,0.663,-1,-1,-1
39,-1,512.174,244.211,312.712,159.884,0.998,-1,-1,-1
39,-1,854.585,3.059,258.718,138.619,0.956,-1,-1,-1
40,-1,31.347,533.164,311.510,207.161,0.903,-1,-1,-1
40,-1,487.649,244.385,308.558,156.815,0.998,-1,-1,-1
40,-1,841.819,1.461,264.242,140.947,0.957,-1,-1,-1
41,-1,43.312,533.765,317.474,202.592,0.815,-1,-1,-1
41,-1,454.433,245.899,304.425,154.214,0.998,-1,-1,-1
41,-1,828.860,1.079,269.758,143.119,0.962,-1,-1,-1
42,-1,51.870,527.742,326.012,208.206,0.734,-1,-1,-1
42,-1,428.379,247.444,295.624,152.781,0.998,-1,-1,-1
42,-1,816.089,5.975,273.337,140.786,0.975,-1,-1,-1
43,-1,64.874,526.609,332.011,206.749,0.751,-1,-1,-1
43,-1,396.602,249.216,291.281,152.605,0.998,-1,-1,-1
43,-1,804.749,7.034,273.218,143.216,0.962,-1,-1,-1
44,-1,85.457,527.273,334.399,207.624,0.781,-1,-1,-1
44,-1,371.820,251.154,282.035,151.120,0.997,-1,-1,-1
44,-1,792.446,9.664,275.564,145.471,0.976,-1,-1,-1
45,-1,102.224,529.477,342.548,205.214,0.832,-1,-1,-1
45,-1,346.436,253.963,277.572,150.165,0.996,-1,-1,-1
45,-1,775.376,10.591,282.770,147.538,0.970,-1,-1,-1
46,-1,117.122,527.251,353.533,206.866,0.865,-1,-1,-1
46,-1,316.665,259.145,274.945,147.987,0.995,-1,-1,-1
46,-1,763.316,13.316,277.623,147.270,0.981,-1,-1,-1
47,-1,135.058,526.740,361.161,210.040,0.920,-1,-1,-1
47,-1,295.614,263.566,257.176,147.239,0.993,-1,-1,-1
47,-1,747.404,21.940,279.023,143.846,0.965,-1,-1,-1
48,-1,154.089,527.035,371.146,211.575,0.968,-1,-1,-1
48,-1,276.975,268.100,249.850,147.462,0.991,-1,-1,-1
48,-1,731.473,24.865,280.154,141.088,0.978,-1,-1,-1
49,-1,714.237,29.579,288.810,145.628,0.985,-1,-1,-1
49,-1,172.317,528.456,381.912,215.013,0.983,-1,-1,-1
49,-1,249.681,274.310,249.196,147.665,0.991,-1,-1,-1
50,-1,699.445,26.664,288.304,147.078,0.501,-1,-1,-1
50,-1,697.132,29.467,290.427,148.768,0.904,-1,-1,-1
50,-1,190.038,526.822,398.547,224.770,0.986,-1,-1,-1
50,-1,225.646,278.700,244.745,147.855,0.993,-1,-1,-1
51,-1,682.351,36.064,293.718,151.214,0.988,-1,-1,-1
51,-1,218.175,532.416,409.900,228.029,0.988,-1,-1,-1
51,-1,205.338,285.680,235.737,146.407,0.990,-1,-1,-1
52,-1,666.554,39.493,289.368,152.111,0.990,-1,-1,-1
52,-1,237.894,531.701,424.324,236.390,0.984,-1,-1,-1
52,-1,182.367,290.831,231.525,149.927,0.984,-1,-1,-1
53,-1,649.780,46.915,287.716,149.115,0.993,-1,-1,-1
53,-1,268.653,534.930,428.611,246.793,0.986,-1,-1,-1
53,-1,158.039,299.555,225.926,147.325,0.961,-1,-1,-1
54,-1,632.898,46.606,287.335,153.278,0.991,-1,-1,-1
54,-1,293.421,537.371,443.015,254.586,0.991,-1,-1,-1
54,-1,130.323,306.076,229.605,149.804,0.910,-1,-1,-1
55,-1,615.716,47.671,291.009,155.215,0.994,-1,-1,-1
55,-1,326.303,538.537,457.804,268.374,0.986,-1,-1,-1
55,-1,103.720,307.696,233.485,158.759,0.550,-1,-1,-1
56,-1,592.513,49.060,298.110,157.307,0.993,-1,-1,-1
56,-1,35.237,393.240,293.319,202.213,0.868,-1,-1,-1
56,-1,360.039,542.092,473.760,279.981,0.987,-1,-1,-1
57,-1,573.266,65.124,285.914,150.513,0.994,-1,-1,-1
57,-1,44.565,362.970,306.579,217.887,0.878,-1,-1,-1
57,-1,396.273,545.352,486.222,296.818,0.986,-1,-1,-1
58,-1,543.915,65.052,295.561,155.894,0.993,-1,-1,-1
58,-1,62.424,363.636,310.295,210.661,0.850,-1,-1,-1
58,-1,430.582,551.918,498.691,304.273,0.981,-1,-1,-1
59,-1,522.474,77.764,291.998,152.394,0.994,-1,-1,-1
59,-1,69.741,361.112,326.316,211.763,0.955,-1,-1,-1
59,-1,464.220,570.039,515.659,310.402,0.983,-1,-1,-1
60,-1,497.371,83.012,297.420,156.879,0.993,-1,-1,-1
60,-1,81.610,354.563,340.524,213.527,0.979,-1,-1,-1
60,-1,500.484,577.631,533.979,317.841,0.979,-1,-1,-1
61,-1,478.005,87.171,300.488,157.052,0.993,-1,-1,-1
61,-1,107.875,342.978,349.246,217.446,0.990,-1,-1,-1
61,-1,537.869,583.043,553.577,332.059,0.982,-1,-1,-1
62,-1,450.949,82.596,300.143,166.293,0.990,-1,-1,-1
62,-1,135.095,333.503,354.307,220.058,0.989,-1,-1,-1
62,-1,578.846,587.379,574.075,347.788,0.981,-1,-1,-1
63,-1,428.479,86.613,305.373,167.316,0.990,-1,-1,-1
63,-1,165.187,322.312,355.224,220.150,0.986,-1,-1,-1
63,-1,632.344,599.703,582.657,361.347,0.980,-1,-1,-1
64,-1,397.917,96.918,307.080,168.992,0.984,-1,-1,-1
64,-1,196.524,309.500,361.762,224.757,0.986,-1,-1,-1
64,-1,673.010,614.531,598.116,364.056,0.988,-1,-1,-1
65,-1,367.074,103.768,311.624,177.646,0.979,-1,-1,-1
65,-1,230.946,294.023,371.523,230.120,0.990,-1,-1,-1
65,-1,729.339,625.406,603.399,378.962,0.978,-1,-1,-1
66,-1,348.162,112.633,303.289,175.580,0.960,-1,-1,-1
66,-1,262.687,285.705,380.091,220.159,0.991,-1,-1,-1
66,-1,787.803,645.629,604.084,383.084,0.972,-1,-1,-1
67,-1,332.716,114.963,294.914,179.665,0.961,-1,-1,-1
67,-1,296.376,268.898,383.632,222.590,0.991,-1,-1,-1
67,-1,845.626,665.041,608.984,385.014,0.957,-1,-1,-1
68,-1,330.203,252.117,392.050,227.833,0.993,-1,-1,-1
68,-1,306.622,125.364,288.713,181.810,0.871,-1,-1,-1
68,-1,907.070,688.098,608.007,381.504,0.930,-1,-1,-1
69,-1,366.064,242.077,402.250,226.008,0.981,-1,-1,-1
69,-1,277.769,141.280,288.441,187.897,0.905,-1,-1,-1
69,-1,967.825,711.961,603.719,366.853,0.915,-1,-1,-1
70,-1,414.622,225.544,398.612,227.652,0.988,-1,-1,-1
70,-1,254.445,151.503,277.098,186.773,0.869,-1,-1,-1
70,-1,1029.516,736.304,603.488,344.185,0.751,-1,-1,-1
71,-1,464.432,215.234,395.542,223.282,0.988,-1,-1,-1
71,-1,229.159,158.905,276.438,187.917,0.802,-1,-1,-1
72,-1,503.901,206.470,397.525,216.687,0.991,-1,-1,-1
72,-1,208.988,168.771,264.710,190.067,0.810,-1,-1,-1
72,-1,207.221,166.763,270.517,190.770,0.610,-1,-1,-1
73,-1,182.343,184.327,262.656,190.670,0.892,-1,-1,-1
73,-1,543.659,189.919,396.357,213.337,0.991,-1,-1,-1
74,-1,159.359,186.112,262.137,201.963,0.855,-1,-1,-1
74,-1,592.995,178.038,391.360,210.786,0.994,-1,-1,-1
75,-1,127.270,192.228,269.691,202.984,0.799,-1,-1,-1
75,-1,635.267,165.830,389.681,205.571,0.995,-1,-1,-1
76,-1,1544.385,541.761,363.256,284.153,0.861,-1,-1,-1
76,-1,108.907,207.624,261.544,198.610,0.852,-1,-1,-1
76,-1,677.276,154.610,386.562,198.911,0.997,-1,-1,-1
77,-1,1520.284,531.046,380.281,285.910,0.779,-1,-1,-1
77,-1,88.309,226.984,259.236,195.737,0.740,-1,-1,-1
77,-1,723.643,143.252,380.825,196.878,0.999,-1,-1,-1
78,-1,1494.600,525.020,390.525,277.159,0.732,-1,-1,-1
78,-1,770.620,134.895,365.117,188.502,0.998,-1,-1,-1
78,-1,71.383,235.138,255.865,195.599,0.862,-1,-1,-1
79,-1,1472.583,514.762,391.238,271.802,0.909,-1,-1,-1
79,-1,808.546,126.409,359.979,183.082,0.999,-1,-1,-1
79,-1,56.299,251.560,248.214,195.712,0.568,-1,-1,-1
80,-1,1448.067,503.649,399.171,273.852,0.940,-1,-1,-1
80,-1,853.529,117.002,339.613,177.399,0.999,-1,-1,-1
80,-1,37.076,260.047,247.437,200.845,0.649,-1,-1,-1
81,-1,1415.762,486.909,407.393,279.012,0.936,-1,-1,-1
81,-1,896.506,106.921,326.789,172.332,0.999,-1,-1,-1
81,-1,21.991,274.808,238.654,193.237,0.682,-1,-1,-1
82,-1,1383.172,475.425,415.327,273.389,0.947,-1,-1,-1
82,-1,934.761,98.495,311.108,170.755,0.999,-1,-1,-1
83,-1,1359.336,462.376,414.002,275.448,0.967,-1,-1,-1
83,-1,976.830,89.259,290.862,161.987,0.999,-1,-1,-1
84,-1,1327.566,449.886,421.207,269.430,0.975,-1,-1,-1
84,-1,1010.398,84.138,277.573,153.133,0.999,-1,-1,-1
85,-1,1298.484,435.946,424.691,265.792,0.981,-1,-1,-1
85,-1,1045.430,77.121,258.667,150.416,0.998,-1,-1,-1
86,-1,1267.398,422.093,429.009,269.400,0.974,-1,-1,-1
86,-1,1073.026,70.663,246.011,147.921,0.998,-1,-1,-1
87,-1,1232.206,404.122,430.758,265.386,0.967,-1,-1,-1
87,-1,1101.705,61.252,233.742,146.109,0.998,-1,-1,-1
88,-1,1127.910,51.078,225.028,146.350,0.998,-1,-1,-1
88,-1,1187.123,387.093,447.050,264.865,0.978,-1,-1,-1
89,-1,1153.246,48.033,207.646,142.015,0.998,-1,-1,-1
89,-1,1153.578,374.397,441.303,262.466,0.980,-1,-1,-1
90,-1,1173.517,44.859,197.956,138.230,0.996,-1,-1,-1
90,-1,1116.505,361.845,437.019,260.691,0.980,-1,-1,-1
91,-1,1195.323,42.336,185.796,132.160,0.995,-1,-1,-1
91,-1,1078.801,340.010,440.662,260.651,0.984,-1,-1,-1
92,-1,1217.099,39.041,172.353,124.706,0.983,-1,-1,-1
92,-1,1043.960,328.734,438.904,258.003,0.979,-1,-1,-1
93,-1,1232.633,32.100,162.576,121.031,0.931,-1,-1,-1
93,-1,1015.138,318.233,429.164,251.995,0.980,-1,-1,-1
94,-1,1246.518,26.357,153.100,121.688,0.872,-1,-1,-1
94,-1,977.513,306.736,428.239,245.123,0.984,-1,-1,-1
95,-1,1257.982,20.673,148.549,123.233,0.897,-1,-1,-1
95,-1,945.937,294.974,420.732,243.388,0.982,-1,-1,-1
96,-1,1267.124,14.970,145.271,122.951,0.878,-1,-1,-1
96,-1,914.542,286.807,410.543,236.146,0.994,-1,-1,-1
97,-1,1273.823,11.021,143.760,118.306,0.861,-1,-1,-1
97,-1,878.692,277.100,405.060,230.277,0.992,-1,-1,-1
98,-1,1281.719,8.436,139.634,115.325,0.854,-1,-1,-1
98,-1,843.493,266.450,402.028,226.993,0.993,-1,-1,-1
99,-1,1287.329,5.166,137.355,113.331,0.815,-1,-1,-1
99,-1,809.833,256.873,390.760,220.199,0.994,-1,-1,-1
100,-1,1294.994,2.448,134.960,113.645,0.833,-1,-1,-1
100,-1,778.454,249.168,389.410,212.700,0.996,-1,-1,-1
101,-1,1301.693,0.745,129.678,109.507,0.587,-1,-1,-1
101,-1,743.315,244.482,379.063,206.948,0.995,-1,-1,-1
102,-1,707.976,235.861,376.660,204.333,0.994,-1,-1,-1
103,-1,674.039,229.642,368.712,197.810,0.993,-1,-1,-1
104,-1,642.026,226.594,363.856,192.231,0.994,-1,-1,-1
105,-1,612.093,222.624,351.131,185.949,0.995,-1,-1,-1
106,-1,579.014,221.918,344.766,179.816,0.997,-1,-1,-1
107,-1,549.678,220.065,339.813,175.336,0.996,-1,-1,-1
108,-1,519.228,216.353,333.137,172.989,0.999,-1,-1,-1
109,-1,490.892,217.049,323.382,167.833,0.999,-1,-1,-1
110,-1,463.316,219.264,315.148,163.038,0.998,-1,-1,-1
111,-1,427.244,218.916,314.633,161.642,0.998,-1,-1,-1
112,-1,400.884,219.047,303.776,162.799,0.998,-1,-1,-1
113,-1,376.552,222.143,294.792,161.442,0.998,-1,-1,-1
114,-1,352.347,225.053,286.300,162.186,0.996,-1,-1,-1
115,-1,323.475,229.985,282.406,161.935,0.995,-1,-1,-1
115,-1,8.754,472.048,361.187,238.352,0.681,-1,-1,-1
116,-1,300.072,235.172,273.087,161.059,0.995,-1,-1,-1
116,-1,22.235,460.816,373.952,239.098,0.778,-1,-1,-1
117,-1,275.814,240.076,263.474,161.844,0.992,-1,-1,-1
117,-1,7.872,449.398,418.703,240.332,0.655,-1,-1,-1
118,-1,249.671,244.517,257.716,164.753,0.992,-1,-1,-1
118,-1,92.804,432.749,380.133,245.231,0.673,-1,-1,-1
119,-1,226.793,252.030,251.338,165.367,0.988,-1,-1,-1
119,-1,98.132,421.910,403.559,247.160,0.882,-1,-1,-1
120,-1,125.829,411.238,414.447,249.493,0.938,-1,-1,-1
120,-1,197.398,257.662,254.822,165.501,0.986,-1,-1,-1
121,-1,151.591,394.338,429.449,255.053,0.931,-1,-1,-1
121,-1,177.054,268.211,246.545,164.796,0.941,-1,-1,-1
122,-1,177.038,379.458,448.699,256.324,0.960,-1,-1,-1
122,-1,154.597,274.467,238.325,165.872,0.944,-1,-1,-1
123,-1,195.509,362.731,476.652,261.536,0.968,-1,-1,-1
123,-1,132.258,283.294,240.296,169.061,0.945,-1,-1,-1
124,-1,222.078,343.629,495.185,271.950,0.931,-1,-1,-1
124,-1,108.665,290.251,235.158,169.022,0.945,-1,-1,-1
125,-1,278.784,333.292,481.198,258.490,0.967,-1,-1,-1
125,-1,88.732,298.795,225.907,166.466,0.939,-1,-1,-1
126,-1,318.885,316.663,487.057,268.453,0.986,-1,-1,-1
126,-1,71.276,308.570,220.147,164.941,0.904,-1,-1,-1
127,-1,373.267,305.941,484.837,272.082,0.968,-1,-1,-1
127,-1,54.130,316.803,213.691,166.621,0.847,-1,-1,-1
128,-1,415.139,295.874,486.902,267.567,0.975,-1,-1,-1
128,-1,43.025,328.545,206.282,167.136,0.550,-1,-1,-1
129,-1,22.025,439.010,246.002,178.409,0.542,-1,-1,-1
129,-1,460.724,283.633,479.232,266.180,0.974,-1,-1,-1
130,-1,510.918,268.878,475.064,263.278,0.975,-1,-1,-1
130,-1,21.174,430.243,256.659,184.151,0.577,-1,-1,-1
131,-1,559.588,252.493,469.582,261.678,0.962,-1,-1,-1
131,-1,26.559,422.399,263.219,187.397,0.792,-1,-1,-1
132,-1,10.500,410.924,290.677,186.219,0.816,-1,-1,-1
132,-1,603.873,244.763,466.807,256.802,0.973,-1,-1,-1
133,-1,54.231,410.025,257.903,175.811,0.857,-1,-1,-1
133,-1,654.057,229.434,462.008,256.064,0.978,-1,-1,-1
134,-1,65.933,402.978,265.523,173.404,0.902,-1,-1,-1
134,-1,701.120,216.191,452.962,247.210,0.984,-1,-1,-1
135,-1,79.458,392.107,271.725,172.518,0.947,-1,-1,-1
135,-1,750.628,209.181,441.262,240.628,0.989,-1,-1,-1
136,-1,96.612,385.325,273.686,177.287,0.921,-1,-1,-1
136,-1,800.099,197.109,425.466,234.223,0.992,-1,-1,-1
137,-1,125.477,372.666,262.550,181.308,0.964,-1,-1,-1
137,-1,850.699,184.164,405.485,226.188,0.987,-1,-1,-1
138,-1,138.056,361.813,274.865,182.447,0.972,-1,-1,-1
138,-1,899.131,178.409,378.924,212.815,0.994,-1,-1,-1
139,-1,158.613,351.677,276.942,179.095,0.971,-1,-1,-1
139,-1,945.130,166.332,366.303,208.826,0.994,-1,-1,-1
140,-1,178.751,339.348,279.575,179.180,0.979,-1,-1,-1
140,-1,987.419,155.210,346.272,201.888,0.994,-1,-1,-1
141,-1,202.811,326.451,281.915,186.805,0.986,-1,-1,-1
141,-1,1028.425,147.396,323.171,192.226,0.997,-1,-1,-1
142,-1,227.755,313.708,288.804,189.328,0.987,-1,-1,-1
142,-1,1066.590,136.316,306.770,184.275,0.997,-1,-1,-1
143,-1,1103.668,129.757,287.573,179.300,0.997,-1,-1,-1
143,-1,256.416,301.895,292.970,182.474,0.988,-1,-1,-1
144,-1,1136.165,121.316,269.623,177.815,0.998,-1,-1,-1
144,-1,284.972,289.517,298.159,185.176,0.992,-1,-1,-1
145,-1,1163.775,113.151,257.940,173.678,0.997,-1,-1,-1
145,-1,313.987,281.669,309.335,181.854,0.994,-1,-1,-1
146,-1,1695.281,683.277,221.207,237.169,0.647,-1,-1,-1
146,-1,1190.123,109.680,242.728,164.043,0.998,-1,-1,-1
146,-1,343.125,270.322,311.352,179.563,0.994,-1,-1,-1
147,-1,1678.147,676.544,237.885,237.483,0.711,-1,-1,-1
147,-1,1218.034,102.222,224.040,159.042,0.997,-1,-1,-1
147,-1,379.030,257.488,309.291,178.355,0.996,-1,-1,-1
148,-1,1657.378,670.167,258.157,236.998,0.823,-1,-1,-1
148,-1,414.937,244.298,324.393,179.968,0.997,-1,-1,-1
148,-1,1243.764,94.939,207.355,153.842,0.994,-1,-1,-1
149,-1,1637.623,660.260,277.346,240.601,0.892,-1,-1,-1
149,-1,453.446,232.786,320.197,175.344,0.997,-1,-1,-1
149,-1,1264.302,86.561,197.208,149.254,0.997,-1,-1,-1
150,-1,1609.499,651.027,296.600,243.976,0.908,-1,-1,-1
150,-1,490.136,221.330,323.374,173.951,0.997,-1,-1,-1
150,-1,1284.666,80.048,184.968,144.518,0.993,-1,-1,-1
151,-1,1582.927,639.362,312.440,249.534,0.923,-1,-1,-1
151,-1,529.279,209.469,319.826,175.078,0.998,-1,-1,-1
151,-1,1299.090,71.207,173.516,142.650,0.996,-1,-1,-1
152,-1,1554.094,630.657,321.541,250.742,0.941,-1,-1,-1
152,-1,565.894,198.070,322.575,173.535,0.998,-1,-1,-1
152,-1,1313.579,66.392,161.332,141.607,0.989,-1,-1,-1
153,-1,1518.460,621.975,330.776,246.634,0.971,-1,-1,-1
153,-1,611.148,188.051,314.049,165.704,0.998,-1,-1,-1
153,-1,1324.762,61.985,154.913,136.773,0.984,-1,-1,-1
154,-1,1485.375,616.251,337.736,237.629,0.971,-1,-1,-1
154,-1,648.080,177.881,314.577,165.181,0.999,-1,-1,-1
154,-1,1334.558,56.071,151.023,136.242,0.973,-1,-1,-1
155,-1,1443.818,596.782,349.670,246.206,0.976,-1,-1,-1
155,-1,687.610,168.490,312.610,160.754,0.999,-1,-1,-1
155,-1,1342.750,51.509,148.203,136.064,0.978,-1,-1,-1
155,-1,1029.342,-0.220,168.756,107.352,0.560,-1,-1,-1
156,-1,1401.096,577.078,363.011,253.203,0.973,-1,-1,-1
156,-1,723.134,160.539,313.121,156.849,0.999,-1,-1,-1
156,-1,1350.956,46.417,142.165,127.727,0.970,-1,-1,-1
156,-1,1023.034,-0.093,174.005,108.956,0.697,-1,-1,-1
157,-1,1354.216,561.577,379.340,254.099,0.977,-1,-1,-1
157,-1,765.298,149.547,308.203,152.906,0.999,-1,-1,-1
157,-1,1354.720,40.961,139.356,125.555,0.948,-1,-1,-1
157,-1,1017.372,0.022,175.725,110.340,0.695,-1,-1,-1
158,-1,1359.653,35.654,135.314,125.825,0.931,-1,-1,-1
158,-1,1307.339,547.144,392.841,249.865,0.982,-1,-1,-1
158,-1,807.770,138.583,301.488,152.744,0.999,-1,-1,-1
159,-1,1364.510,31.114,130.434,121.748,0.878,-1,-1,-1
159,-1,1263.581,529.461,402.991,250.426,0.973,-1,-1,-1
159,-1,850.295,133.331,287.466,144.029,0.999,-1,-1,-1
160,-1,1367.151,26.747,130.538,120.107,0.859,-1,-1,-1
160,-1,886.096,123.702,277.706,142.090,0.999,-1,-1,-1
160,-1,1006.091,0.228,185.722,114.564,0.604,-1,-1,-1
160,-1,1196.943,509.695,424.058,250.027,0.964,-1,-1,-1
161,-1,1370.003,21.978,129.318,119.687,0.833,-1,-1,-1
161,-1,923.442,117.277,264.269,139.648,0.999,-1,-1,-1
161,-1,996.905,0.171,194.007,115.361,0.668,-1,-1,-1
161,-1,1158.922,493.692,422.531,250.598,0.984,-1,-1,-1
162,-1,1370.640,16.953,129.068,118.465,0.709,-1,-1,-1
162,-1,964.437,111.841,253.140,135.215,0.998,-1,-1,-1
162,-1,992.756,0.167,195.840,115.952,0.539,-1,-1,-1
162,-1,1104.369,474.605,428.982,245.214,0.988,-1,-1,-1
163,-1,1369.287,11.873,129.838,120.669,0.571,-1,-1,-1
163,-1,994.090,104.722,245.347,132.237,0.998,-1,-1,-1
163,-1,992.630,0.176,193.405,115.696,0.588,-1,-1,-1
163,-1,1055.372,457.862,433.993,241.230,0.986,-1,-1,-1
164,-1,990.983,0.299,196.723,117.619,0.564,-1,-1,-1
164,-1,1006.696,440.817,430.709,241.174,0.989,-1,-1,-1
164,-1,1021.201,96.260,238.800,130.375,0.999,-1,-1,-1
165,-1,960.705,425.076,433.307,231.386,0.991,-1,-1,-1
165,-1,1050.805,87.370,228.369,130.508,0.999,-1,-1,-1
166,-1,913.349,410.713,425.432,228.063,0.992,-1,-1,-1
166,-1,1073.899,84.627,222.135,124.886,0.998,-1,-1,-1
167,-1,1102.387,79.118,207.340,121.473,0.995,-1,-1,-1
167,-1,979.036,0.306,201.745,118.353,0.690,-1,-1,-1
167,-1,866.399,392.296,419.509,229.062,0.992,-1,-1,-1
168,-1,1125.362,72.935,205.152,121.873,0.997,-1,-1,-1
168,-1,824.082,379.420,414.124,225.512,0.991,-1,-1,-1
168,-1,974.212,0.385,203.973,118.185,0.738,-1,-1,-1
169,-1,1153.172,71.044,190.846,117.414,0.995,-1,-1,-1
169,-1,786.453,370.466,402.820,216.404,0.989,-1,-1,-1
169,-1,971.765,0.533,201.216,119.850,0.822,-1,-1,-1
170,-1,1172.074,62.801,182.014,118.106,0.992,-1,-1,-1
170,-1,742.955,355.690,390.917,214.284,0.990,-1,-1,-1
170,-1,971.095,0.564,198.350,119.103,0.717,-1,-1,-1
171,-1,1192.508,57.516,172.825,118.290,0.993,-1,-1,-1
171,-1,699.643,342.719,383.752,211.288,0.992,-1,-1,-1
171,-1,964.078,0.591,202.659,119.491,0.778,-1,-1,-1
172,-1,659.702,332.899,374.325,201.309,0.995,-1,-1,-1
172,-1,1211.415,53.737,164.239,113.501,0.984,-1,-1,-1
172,-1,956.562,0.682,209.485,119.252,0.706,-1,-1,-1
173,-1,944.777,0.591,216.396,120.660,0.735,-1,-1,-1
173,-1,617.877,322.841,359.747,194.891,0.995,-1,-1,-1
173,-1,1223.858,48.631,163.346,111.341,0.964,-1,-1,-1
174,-1,579.881,314.901,346.517,189.161,0.996,-1,-1,-1
174,-1,938.607,0.728,214.941,119.789,0.500,-1,-1,-1
174,-1,1238.986,45.102,154.240,109.571,0.937,-1,-1,-1
175,-1,1249.546,39.407,145.825,107.809,0.853,-1,-1,-1
175,-1,930.753,0.848,218.484,124.638,0.865,-1,-1,-1
175,-1,540.369,308.229,333.991,186.434,0.997,-1,-1,-1
176,-1,1262.200,35.533,140.017,107.038,0.602,-1,-1,-1
176,-1,504.945,301.490,319.854,177.087,0.998,-1,-1,-1
176,-1,923.096,0.885,223.902,127.194,0.884,-1,-1,-1
177,-1,1269.720,30.448,139.171,107.631,0.764,-1,-1,-1
177,-1,471.266,300.837,304.496,164.013,0.997,-1,-1,-1
177,-1,914.708,2.448,226.331,128.227,0.931,-1,-1,-1
178,-1,1277.479,24.413,136.679,108.545,0.782,-1,-1,-1
178,-1,434.643,296.506,293.405,161.956,0.997,-1,-1,-1
178,-1,900.159,1.645,232.914,129.633,0.853,-1,-1,-1
179,-1,1283.701,20.820,133.851,105.482,0.652,-1,-1,-1
179,-1,396.451,291.936,287.882,158.375,0.997,-1,-1,-1
179,-1,888.869,3.810,238.214,133.544,0.950,-1,-1,-1
180,-1,1288.716,16.656,131.141,105.982,0.541,-1,-1,-1
180,-1,880.394,6.943,240.609,132.738,0.964,-1,-1,-1
180,-1,366.802,292.665,275.351,152.650,0.997,-1,-1,-1
181,-1,866.901,10.982,243.441,130.489,0.974,-1,-1,-1
181,-1,336.521,293.015,262.220,149.802,0.997,-1,-1,-1
182,-1,851.837,13.685,246.697,131.612,0.984,-1,-1,-1
182,-1,303.504,294.866,248.908,146.611,0.995,-1,-1,-1
183,-1,838.819,15.516,251.331,131.527,0.975,-1,-1,-1
183,-1,277.262,296.465,237.479,144.871,0.997,-1,-1,-1
184,-1,825.526,21.952,251.825,129.351,0.956,-1,-1,-1
184,-1,248.246,302.105,226.112,140.988,0.995,-1,-1,-1
185,-1,806.702,23.262,261.078,131.786,0.986,-1,-1,-1
185,-1,219.255,307.755,216.666,137.687,0.994,-1,-1,-1
186,-1,793.408,27.046,262.063,133.125,0.987,-1,-1,-1
186,-1,192.142,312.824,210.509,137.616,0.990,-1,-1,-1
187,-1,776.245,32.114,262.263,131.952,0.991,-1,-1,-1
187,-1,164.122,317.085,207.135,137.783,0.989,-1,-1,-1
188,-1,755.087,34.482,266.432,133.435,0.989,-1,-1,-1
188,-1,139.352,330.856,198.233,131.949,0.991,-1,-1,-1
189,-1,736.270,36.670,268.786,136.685,0.986,-1,-1,-1
189,-1,114.897,335.804,194.097,132.553,0.992,-1,-1,-1
190,-1,717.873,38.687,273.116,141.420,0.988,-1,-1,-1
190,-1,89.501,341.394,194.703,140.680,0.989,-1,-1,-1
191,-1,696.268,44.499,278.527,142.581,0.980,-1,-1,-1
191,-1,68.714,355.938,184.070,134.600,0.964,-1,-1,-1
192,-1,678.821,51.011,276.186,140.169,0.990,-1,-1,-1
192,-1,48.118,361.438,179.792,140.012,0.749,-1,-1,-1
193,-1,660.025,51.884,273.001,143.691,0.996,-1,-1,-1
194,-1,639.991,58.365,270.073,141.002,0.996,-1,-1,-1
195,-1,620.052,63.173,272.242,141.409,0.997,-1,-1,-1
196,-1,594.256,71.263,270.705,138.716,0.996,-1,-1,-1
197,-1,569.043,72.124,271.190,145.602,0.994,-1,-1,-1
198,-1,537.597,76.711,273.797,148.831,0.995,-1,-1,-1
199,-1,514.920,86.114,273.743,146.730,0.994,-1,-1,-1
200,-1,489.742,93.297,273.047,147.455,0.994,-1,-1,-1
201,-1,463.648,98.137,272.531,148.379,0.995,-1,-1,-1
201,-1,1067.867,-0.473,154.002,95.906,0.701,-1,-1,-1
202,-1,436.756,102.217,272.636,151.570,0.993,-1,-1,-1
202,-1,1065.104,-0.429,153.829,97.713,0.772,-1,-1,-1
203,-1,409.150,106.902,274.804,159.248,0.995,-1,-1,-1
203,-1,8.971,368.471,317.055,211.514,0.872,-1,-1,-1
203,-1,1062.777,-0.365,153.656,99.323,0.570,-1,-1,-1
204,-1,381.513,105.518,274.427,170.678,0.987,-1,-1,-1
204,-1,19.762,355.408,323.404,215.818,0.934,-1,-1,-1
204,-1,1059.249,-0.308,155.163,101.584,0.578,-1,-1,-1
205,-1,360.831,114.852,265.387,169.493,0.981,-1,-1,-1
205,-1,33.887,345.638,333.988,223.950,0.950,-1,-1,-1
205,-1,1057.297,-0.274,156.372,101.846,0.578,-1,-1,-1
206,-1,334.428,125.125,260.576,167.675,0.975,-1,-1,-1
206,-1,55.033,331.020,332.332,232.996,0.967,-1,-1,-1
206,-1,1055.196,-0.239,157.821,103.009,0.507,-1,-1,-1
207,-1,23.935,551.808,258.652,191.328,0.611,-1,-1,-1
207,-1,304.995,144.429,255.446,161.971,0.974,-1,-1,-1
207,-1,71.567,317.962,345.551,239.160,0.990,-1,-1,-1
208,-1,23.820,552.583,262.564,189.810,0.572,-1,-1,-1
208,-1,276.609,152.902,256.422,162.043,0.909,-1,-1,-1
208,-1,98.003,307.845,351.947,235.449,0.986,-1,-1,-1
208,-1,1048.179,-0.212,160.375,105.606,0.529,-1,-1,-1
209,-1,26.212,553.231,262.985,188.408,0.604,-1,-1,-1
209,-1,248.014,164.618,251.406,158.154,0.876,-1,-1,-1
209,-1,123.417,289.465,360.729,245.145,0.993,-1,-1,-1
210,-1,25.657,552.325,268.230,188.206,0.568,-1,-1,-1
210,-1,153.066,274.973,372.126,244.618,0.993,-1,-1,-1
210,-1,234.318,173.347,244.552,154.881,0.693,-1,-1,-1