224,1,589.80,804.40,81.13,53.32,1,-1,-1,-1
225,1,597.68,807.42,78.21,50.24,1,-1,-1,-1
226,1,608.66,811.02,74.50,46.76,1,-1,-1,-1
227,1,618.48,810.46,72.71,45.63,1,-1,-1,-1
228,1,625.21,810.20,72.81,45.33,1,-1,-1,-1
229,1,634.02,808.41,73.18,47.39,1,-1,-1,-1
230,1,641.55,807.47,72.12,48.84,1,-1,-1,-1
231,1,653.74,804.89,74.74,52.92,1,-1,-1,-1
232,1,662.78,805.11,73.10,54.48,1,-1,-1,-1
239,2,735.20,805.75,93.38,72.29,1,-1,-1,-1
240,2,742.87,806.64,98.37,75.86,1,-1,-1,-1
241,2,755.22,808.43,100.09,76.15,1,-1,-1,-1
242,2,766.33,808.07,104.89,79.11,1,-1,-1,-1
243,2,781.00,809.45,107.11,81.16,1,-1,-1,-1
244,2,788.62,809.23,112.70,84.19,1,-1,-1,-1
245,2,804.47,809.70,115.42,87.44,1,-1,-1,-1
246,2,816.84,809.78,120.54,91.97,1,-1,-1,-1
247,2,831.58,813.77,125.85,95.64,1,-1,-1,-1
248,2,843.44,814.59,132.57,100.06,1,-1,-1,-1
249,2,861.17,816.02,138.68,104.42,1,-1,-1,-1
250,2,876.19,817.85,146.62,110.33,1,-1,-1,-1
251,2,891.83,819.21,152.95,116.91,1,-1,-1,-1
252,2,908.12,818.53,161.26,124.09,1,-1,-1,-1
253,2,927.25,819.74,169.34,129.67,1,-1,-1,-1
254,2,948.55,821.86,177.90,134.45,1,-1,-1,-1
255,2,966.01,827.52,192.47,140.76,1,-1,-1,-1
256,2,991.05,831.40,205.75,147.08,1,-1,-1,-1
257,2,1020.60,835.48,218.49,155.63,1,-1,-1,-1
258,2,1052.16,839.09,234.46,164.94,1,-1,-1,-1
259,2,1082.25,843.29,255.47,176.58,1,-1,-1,-1
260,2,1128.50,850.55,281.07,190.99,1,-1,-1,-1
261,2,1173.81,857.74,308.12,210.27,1,-1,-1,-1
262,2,1226.60,861.07,341.31,231.96,1,-1,-1,-1
263,2,1286.30,871.22,379.76,250.82,1,-1,-1,-1
264,2,1353.54,882.04,432.02,273.34,1,-1,-1,-1
265,2,1443.68,895.41,492.13,303.84,1,-1,-1,-1
266,2,1552.09,915.03,573.36,344.56,1,-1,-1,-1
267,2,1690.09,928.16,685.92,400.05,1,-1,-1,-1
734,11,1709.79,664.66,450.88,231.08,1,-1,-1,-1
735,11,1637.75,678.39,412.19,210.92,1,-1,-1,-1
736,11,1574.86,684.87,374.73,194.26,1,-1,-1,-1
737,11,1516.75,689.60,338.18,178.47,1,-1,-1,-1
738,11,1468.62,698.09,303.07,161.96,1,-1,-1,-1
739,11,1422.38,704.65,270.42,148.56,1,-1,-1,-1
740,11,1386.99,709.38,248.14,138.23,1,-1,-1,-1
741,11,1349.64,713.35,225.36,126.76,1,-1,-1,-1
742,11,1317.40,715.22,201.82,117.96,1,-1,-1,-1
743,11,1287.49,718.69,181.78,107.92,1,-1,-1,-1
744,12,581.42,787.31,91.62,56.52,1,-1,-1,-1
744,11,1259.58,723.59,163.16,98.62,1,-1,-1,-1
745,12,584.85,787.49,94.90,58.14,1,-1,-1,-1
745,11,1232.77,726.85,148.95,91.21,1,-1,-1,-1
746,12,589.75,788.50,92.56,57.20,1,-1,-1,-1
747,12,603.05,788.15,88.60,56.45,1,-1,-1,-1
748,12,613.10,788.83,86.13,55.84,1,-1,-1,-1
749,13,1128.18,716.35,154.00,107.10,1,-1,-1,-1
749,12,622.02,788.87,84.24,56.68,1,-1,-1,-1
750,13,1109.39,721.72,142.24,99.83,1,-1,-1,-1
750,12,627.84,789.32,82.06,57.63,1,-1,-1,-1
751,13,1087.68,726.31,134.36,94.72,1,-1,-1,-1
751,12,633.26,789.72,79.74,58.15,1,-1,-1,-1
752,13,1068.98,726.01,129.23,92.39,1,-1,-1,-1
752,12,637.50,790.63,77.58,58.71,1,-1,-1,-1
753,13,1049.50,727.98,124.15,89.45,1,-1,-1,-1
753,12,641.50,791.85,75.90,58.61,1,-1,-1,-1
754,13,1030.78,730.55,120.85,86.16,1,-1,-1,-1
754,12,653.47,785.96,81.49,62.21,1,-1,-1,-1
755,13,1011.31,732.72,117.84,83.81,1,-1,-1,-1
756,13,995.23,733.74,114.69,82.13,1,-1,-1,-1
757,13,978.50,733.02,111.33,79.48,1,-1,-1,-1
758,13,966.47,734.25,108.78,78.22,1,-1,-1,-1
759,13,949.63,736.20,105.64,76.27,1,-1,-1,-1
760,14,691.24,764.69,114.26,85.83,1,-1,-1,-1
760,13,935.52,737.35,104.10,75.13,1,-1,-1,-1
761,14,708.47,770.05,108.68,83.16,1,-1,-1,-1
761,13,919.27,738.44,100.56,72.79,1,-1,-1,-1
762,14,717.37,769.89,110.90,86.52,1,-1,-1,-1
762,13,909.49,736.80,97.84,71.87,1,-1,-1,-1
763,14,726.78,769.09,114.59,90.88,1,-1,-1,-1
763,13,895.64,740.26,95.18,69.60,1,-1,-1,-1
764,14,734.49,770.25,118.19,93.18,1,-1,-1,-1
764,13,882.50,741.88,93.41,68.57,1,-1,-1,-1
765,14,743.35,770.55,118.12,92.07,1,-1,-1,-1
765,13,869.43,749.15,85.20,64.51,1,-1,-1,-1
766,14,752.96,767.00,126.95,96.46,1,-1,-1,-1
766,13,859.01,751.64,78.75,60.17,1,-1,-1,-1
767,14,759.07,765.08,133.91,99.28,1,-1,-1,-1
767,13,852.95,752.67,72.88,54.38,1,-1,-1,-1
768,14,763.88,765.52,137.82,101.76,1,-1,-1,-1
768,13,852.17,752.51,64.98,48.36,1,-1,-1,-1
769,14,769.79,762.67,139.64,106.04,1,-1,-1,-1
770,14,777.99,759.91,141.22,109.32,1,-1,-1,-1
771,17,1732.55,660.21,554.19,230.35,1,-1,-1,-1
771,14,782.27,756.92,146.29,113.56,1,-1,-1,-1
772,17,1655.29,662.99,510.09,216.22,1,-1,-1,-1
772,14,786.92,760.84,150.51,114.77,1,-1,-1,-1
773,17,1588.19,668.17,459.81,200.14,1,-1,-1,-1
773,14,795.29,764.45,153.25,114.77,1,-1,-1,-1
774,17,1535.17,672.06,413.79,185.82,1,-1,-1,-1
774,14,808.25,769.00,153.07,114.64,1,-1,-1,-1
775,17,1490.59,677.12,369.41,171.84,1,-1,-1,-1
775,14,815.84,771.63,156.76,115.82,1,-1,-1,-1
776,17,1448.62,683.81,331.26,158.61,1,-1,-1,-1
776,14,828.41,772.46,157.53,117.12,1,-1,-1,-1
777,18,729.09,763.61,71.14,50.27,1,-1,-1,-1
777,17,1412.63,692.50,294.98,145.59,1,-1,-1,-1
777,14,840.10,772.52,159.63,119.61,1,-1,-1,-1
778,18,716.57,764.96,69.20,49.91,1,-1,-1,-1
778,17,1376.50,698.88,263.28,132.92,1,-1,-1,-1
778,14,848.47,771.96,161.50,122.35,1,-1,-1,-1
779,18,714.84,766.62,62.92,48.00,1,-1,-1,-1
779,17,1344.86,703.19,237.17,122.60,1,-1,-1,-1
779,14,857.32,771.03,163.33,126.15,1,-1,-1,-1
780,18,715.60,768.67,53.68,43.01,1,-1,-1,-1
780,17,1313.92,706.33,213.84,113.54,1,-1,-1,-1
780,14,864.94,768.99,167.45,131.90,1,-1,-1,-1
781,17,1286.04,712.32,193.00,103.52,1,-1,-1,-1
781,14,872.96,767.05,172.57,136.68,1,-1,-1,-1
782,17,1258.98,716.25,175.61,95.13,1,-1,-1,-1
782,14,883.87,762.81,180.41,146.84,1,-1,-1,-1
783,17,1228.48,717.15,161.29,90.21,1,-1,-1,-1
783,14,890.67,770.00,186.57,153.43,1,-1,-1,-1
784,17,1200.98,720.66,147.05,84.63,1,-1,-1,-1
784,14,898.71,772.91,191.47,157.23,1,-1,-1,-1
785,14,914.64,776.60,196.08,160.67,1,-1,-1,-1
786,14,928.52,779.05,201.17,162.66,1,-1,-1,-1
787,14,933.37,778.40,207.79,165.32,1,-1,-1,-1
788,19,1104.46,720.42,145.20,94.34,1,-1,-1,-1
788,14,934.07,780.85,216.02,168.69,1,-1,-1,-1
789,19,1074.93,722.83,141.53,88.49,1,-1,-1,-1
789,14,947.64,784.83,224.82,173.92,1,-1,-1,-1
790,20,612.38,789.85,54.18,35.54,1,-1,-1,-1
790,19,1060.84,722.03,136.47,85.04,1,-1,-1,-1
790,14,960.15,785.81,233.39,181.07,1,-1,-1,-1
791,20,603.43,788.95,60.81,37.96,1,-1,-1,-1
791,19,1032.91,722.12,134.70,82.12,1,-1,-1,-1
791,14,973.25,787.14,240.43,187.99,1,-1,-1,-1
792,20,598.36,789.07,62.70,37.37,1,-1,-1,-1
792,19,1010.27,726.32,131.17,77.95,1,-1,-1,-1
792,14,987.83,789.23,251.52,195.95,1,-1,-1,-1
793,20,593.26,788.57,64.72,37.25,1,-1,-1,-1
793,19,990.18,729.58,128.67,77.35,1,-1,-1,-1
793,14,1005.65,794.36,262.05,203.45,1,-1,-1,-1
794,20,589.89,787.39,64.05,37.00,1,-1,-1,-1
794,19,974.00,731.20,125.74,75.74,1,-1,-1,-1
794,14,1023.25,800.44,271.52,209.17,1,-1,-1,-1
795,20,585.37,787.62,64.89,37.12,1,-1,-1,-1
795,19,960.85,734.87,121.72,74.14,1,-1,-1,-1
795,14,1041.15,800.08,287.45,218.09,1,-1,-1,-1
796,19,944.38,737.66,116.42,71.73,1,-1,-1,-1
797,19,926.87,739.43,114.30,72.33,1,-1,-1,-1
798,21,1078.51,798.03,385.00,276.29,1,-1,-1,-1
798,19,909.91,740.28,109.63,71.40,1,-1,-1,-1
799,21,1102.28,791.00,425.93,300.43,1,-1,-1,-1
799,19,892.91,741.25,109.94,72.08,1,-1,-1,-1
800,21,1123.13,792.04,441.61,309.72,1,-1,-1,-1
800,19,881.92,742.03,104.75,70.81,1,-1,-1,-1
801,22,1136.24,792.00,484.59,329.93,1,-1,-1,-1
801,21,1144.51,791.13,485.23,333.60,1,-1,-1,-1
801,19,861.17,748.24,102.01,68.49,1,-1,-1,-1
802,22,1158.21,793.57,522.43,348.53,1,-1,-1,-1
802,21,1165.60,789.82,527.51,356.91,1,-1,-1,-1
802,19,848.08,749.72,99.47,66.28,1,-1,-1,-1
803,22,1188.47,796.36,557.46,363.88,1,-1,-1,-1
803,21,1191.96,789.90,560.18,381.24,1,-1,-1,-1
803,19,837.10,751.08,95.04,63.26,1,-1,-1,-1
804,22,1230.12,800.33,596.59,390.28,1,-1,-1,-1
804,21,1228.02,796.95,600.80,396.47,1,-1,-1,-1
804,19,823.22,757.27,93.55,60.81,1,-1,-1,-1
805,21,1263.32,796.11,649.74,415.02,1,-1,-1,-1
805,19,809.04,758.98,92.06,58.72,1,-1,-1,-1
806,21,1313.06,793.04,704.89,442.76,1,-1,-1,-1
806,19,797.28,759.57,89.63,56.70,1,-1,-1,-1
807,21,1367.95,789.81,767.46,473.24,1,-1,-1,-1
807,19,782.71,759.26,89.07,56.66,1,-1,-1,-1
808,22,1424.81,808.04,833.49,521.59,1,-1,-1,-1
808,21,1424.34,799.98,823.37,506.72,1,-1,-1,-1
808,19,770.46,760.57,87.45,55.18,1,-1,-1,-1
809,23,1893.17,635.73,553.24,295.12,1,-1,-1,-1
809,22,1497.98,810.09,915.39,551.56,1,-1,-1,-1
809,21,1513.73,822.12,901.23,539.46,1,-1,-1,-1
809,19,763.08,760.67,83.35,53.88,1,-1,-1,-1
810,23,1799.54,639.62,521.35,258.32,1,-1,-1,-1
810,22,1555.68,820.51,972.34,588.72,1,-1,-1,-1
810,19,749.88,764.12,80.36,52.58,1,-1,-1,-1
811,23,1696.02,651.31,500.63,242.93,1,-1,-1,-1
811,22,1607.24,840.14,979.45,623.59,1,-1,-1,-1
811,19,741.27,766.33,78.83,51.14,1,-1,-1,-1
812,23,1614.63,661.11,477.82,231.55,1,-1,-1,-1
812,19,732.10,767.37,75.50,49.01,1,-1,-1,-1
813,23,1550.86,666.35,444.41,215.08,1,-1,-1,-1
813,19,726.25,768.12,70.78,46.69,1,-1,-1,-1
814,23,1498.80,671.14,410.64,202.67,1,-1,-1,-1
814,19,717.60,768.66,65.30,44.92,1,-1,-1,-1
815,23,1449.69,677.27,373.53,187.43,1,-1,-1,-1
815,19,713.71,769.04,58.60,42.55,1,-1,-1,-1
816,25,2227.45,921.21,381.56,489.76,1,-1,-1,-1
816,23,1415.15,684.10,334.42,170.31,1,-1,-1,-1
816,19,710.42,770.46,51.71,39.61,1,-1,-1,-1
817,23,1376.99,694.68,299.08,153.75,1,-1,-1,-1
818,23,1338.64,700.39,267.15,139.58,1,-1,-1,-1
819,23,1308.93,703.22,242.29,129.70,1,-1,-1,-1
820,23,1280.84,707.89,218.78,120.74,1,-1,-1,-1
821,23,1251.47,711.42,195.05,111.43,1,-1,-1,-1
822,23,1223.26,714.97,180.63,106.25,1,-1,-1,-1
823,23,1197.92,721.11,164.66,98.08,1,-1,-1,-1
824,23,1173.64,726.05,148.78,90.23,1,-1,-1,-1
825,23,1152.52,730.95,131.52,81.16,1,-1,-1,-1
826,27,611.02,788.98,58.15,33.33,1,-1,-1,-1
827,27,600.58,788.31,64.47,36.28,1,-1,-1,-1
828,27,595.56,787.96,66.84,37.13,1,-1,-1,-1
829,28,1052.72,727.59,149.04,97.62,1,-1,-1,-1
829,27,591.56,785.96,68.41,37.87,1,-1,-1,-1
830,28,1033.51,729.73,141.93,93.24,1,-1,-1,-1
830,27,586.38,784.72,68.68,38.47,1,-1,-1,-1
831,28,1014.26,731.95,137.04,88.85,1,-1,-1,-1
831,27,584.47,784.83,67.40,37.66,1,-1,-1,-1
832,28,992.03,733.71,135.36,86.72,1,-1,-1,-1
832,27,579.94,785.18,67.57,37.27,1,-1,-1,-1
833,28,981.93,732.61,125.76,82.34,1,-1,-1,-1
834,28,964.56,735.32,122.43,81.37,1,-1,-1,-1
835,28,952.29,735.90,115.07,78.58,1,-1,-1,-1
836,28,935.40,737.73,112.86,76.57,1,-1,-1,-1
837,28,918.62,738.70,109.66,75.52,1,-1,-1,-1
838,28,906.61,738.59,105.88,73.27,1,-1,-1,-1
839,28,890.97,740.34,102.30,71.82,1,-1,-1,-1
840,28,882.94,743.22,96.66,68.66,1,-1,-1,-1
841,28,862.57,747.18,96.97,68.16,1,-1,-1,-1
842,28,847.87,749.67,93.10,65.71,1,-1,-1,-1
843,28,836.68,752.85,89.26,62.51,1,-1,-1,-1
844,28,822.72,755.91,88.11,61.47,1,-1,-1,-1
845,28,812.18,756.30,85.21,59.80,1,-1,-1,-1
846,28,797.58,757.07,85.23,58.29,1,-1,-1,-1
847,28,782.75,758.11,85.69,58.25,1,-1,-1,-1
848,28,771.52,758.11,83.73,57.07,1,-1,-1,-1
849,28,763.30,758.77,80.16,55.70,1,-1,-1,-1
850,28,749.80,762.91,78.76,53.99,1,-1,-1,-1
851,28,738.72,764.41,78.69,53.14,1,-1,-1,-1
852,28,730.97,765.44,75.28,51.52,1,-1,-1,-1
853,28,724.93,765.32,71.15,50.37,1,-1,-1,-1
854,28,715.21,767.12,68.10,48.75,1,-1,-1,-1
855,28,712.48,768.02,61.04,46.16,1,-1,-1,-1
867,33,597.46,789.92,67.77,36.71,1,-1,-1,-1
868,33,594.35,789.14,68.52,37.02,1,-1,-1,-1
869,33,590.66,787.39,68.45,36.71,1,-1,-1,-1
870,33,581.78,785.31,71.61,38.60,1,-1,-1,-1
871,33,580.18,784.54,69.74,38.93,1,-1,-1,-1
875,33,543.02,778.75,78.89,45.16,1,-1,-1,-1
933,34,12.18,1284.63,233.57,208.24,1,-1,-1,-1
934,34,18.13,1270.68,266.01,217.07,1,-1,-1,-1
935,34,16.06,1261.15,297.24,222.58,1,-1,-1,-1
936,34,15.57,1254.77,325.56,223.62,1,-1,-1,-1
937,34,15.32,1246.73,352.11,222.66,1,-1,-1,-1
938,34,12.29,1243.08,372.15,221.24,1,-1,-1,-1
939,34,11.39,1243.01,394.27,229.94,1,-1,-1,-1
940,34,10.86,1240.31,419.49,239.17,1,-1,-1,-1
941,34,10.06,1240.74,443.32,248.04,1,-1,-1,-1
942,34,12.77,1239.40,472.84,257.81,1,-1,-1,-1
943,34,11.50,1239.58,488.02,258.62,1,-1,-1,-1
944,34,3.47,1237.83,490.05,254.90,1,-1,-1,-1
945,34,1.95,1236.72,487.04,249.21,1,-1,-1,-1
946,35,419.24,1185.46,214.27,170.55,1,-1,-1,-1
946,34,28.94,1230.03,509.22,250.48,1,-1,-1,-1
947,35,408.92,1176.51,242.54,187.82,1,-1,-1,-1
947,34,53.96,1216.08,525.60,256.16,1,-1,-1,-1
948,35,409.72,1166.60,264.33,201.41,1,-1,-1,-1
948,34,64.99,1209.48,520.77,260.18,1,-1,-1,-1
949,35,404.98,1161.58,279.93,204.36,1,-1,-1,-1
949,34,80.80,1196.52,518.94,268.62,1,-1,-1,-1
950,35,396.93,1156.46,311.31,203.60,1,-1,-1,-1
950,34,102.00,1193.16,508.43,272.17,1,-1,-1,-1
951,35,381.24,1149.97,338.95,202.19,1,-1,-1,-1
951,34,119.97,1190.55,494.98,279.95,1,-1,-1,-1
952,35,392.15,1142.35,347.32,204.25,1,-1,-1,-1
952,34,133.59,1192.13,483.21,284.99,1,-1,-1,-1
953,35,394.54,1140.07,359.73,199.88,1,-1,-1,-1
953,34,147.34,1190.34,471.47,286.66,1,-1,-1,-1
954,35,396.30,1137.07,371.74,199.61,1,-1,-1,-1
954,34,188.04,1157.15,481.65,287.62,1,-1,-1,-1
955,35,393.44,1135.82,389.17,198.39,1,-1,-1,-1
955,34,217.36,1145.32,488.72,288.05,1,-1,-1,-1
956,35,342.31,1130.07,434.69,211.67,1,-1,-1,-1
956,34,209.06,1169.47,469.10,298.73,1,-1,-1,-1
957,35,333.25,1125.66,465.02,219.48,1,-1,-1,-1
957,34,212.21,1176.31,449.52,309.51,1,-1,-1,-1
958,35,337.77,1122.22,487.06,221.98,1,-1,-1,-1
958,34,219.24,1175.87,429.80,320.24,1,-1,-1,-1
959,35,343.17,1119.88,509.99,224.91,1,-1,-1,-1
959,34,245.87,1145.20,446.66,316.97,1,-1,-1,-1
960,35,362.07,1114.77,517.19,226.51,1,-1,-1,-1
961,35,367.15,1106.01,525.72,231.03,1,-1,-1,-1
962,35,374.98,1103.21,532.12,232.83,1,-1,-1,-1
963,35,376.48,1098.93,540.27,236.78,1,-1,-1,-1
964,35,378.70,1097.54,548.46,240.52,1,-1,-1,-1
965,35,381.91,1096.72,552.04,242.78,1,-1,-1,-1
966,35,390.75,1096.26,555.96,245.68,1,-1,-1,-1
967,35,398.03,1097.26,561.64,249.54,1,-1,-1,-1
968,35,409.41,1096.28,565.85,252.97,1,-1,-1,-1
969,35,414.71,1094.78,571.46,257.20,1,-1,-1,-1
970,35,420.36,1093.31,579.16,262.69,1,-1,-1,-1
971,35,427.47,1089.59,587.91,267.77,1,-1,-1,-1
972,35,431.05,1085.49,594.82,269.30,1,-1,-1,-1
973,35,432.73,1082.72,605.25,270.43,1,-1,-1,-1
974,35,440.20,1079.66,612.88,273.69,1,-1,-1,-1
975,35,453.96,1070.45,613.89,275.09,1,-1,-1,-1
976,35,468.20,1066.61,619.43,274.31,1,-1,-1,-1
977,35,481.19,1062.72,631.15,273.36,1,-1,-1,-1
978,35,498.31,1054.82,633.10,275.12,1,-1,-1,-1
979,35,528.40,1049.18,633.04,277.38,1,-1,-1,-1
980,35,558.76,1042.52,640.95,277.91,1,-1,-1,-1
981,35,578.33,1031.55,640.47,281.61,1,-1,-1,-1
982,35,616.84,1023.41,637.44,284.42,1,-1,-1,-1
983,35,648.96,1016.23,644.02,288.08,1,-1,-1,-1
984,35,671.01,1008.99,650.81,289.97,1,-1,-1,-1
985,35,700.93,1006.81,649.85,289.25,1,-1,-1,-1
986,35,728.07,1001.59,656.14,290.51,1,-1,-1,-1
987,35,759.84,992.83,663.08,288.94,1,-1,-1,-1
988,35,788.49,985.35,673.50,286.21,1,-1,-1,-1
989,35,821.33,985.87,675.37,286.16,1,-1,-1,-1
990,35,862.85,974.43,682.40,286.20,1,-1,-1,-1
991,35,895.16,970.16,690.97,286.23,1,-1,-1,-1
992,35,936.28,962.50,699.09,289.82,1,-1,-1,-1
993,35,961.77,964.32,711.65,287.51,1,-1,-1,-1
994,35,1004.81,959.07,712.39,295.04,1,-1,-1,-1
995,35,1038.41,955.06,719.84,303.45,1,-1,-1,-1
996,35,1066.21,954.06,731.12,314.81,1,-1,-1,-1
997,35,1109.66,958.47,740.59,324.99,1,-1,-1,-1
998,35,1165.95,957.73,746.47,335.79,1,-1,-1,-1
999,35,1202.00,957.76,763.74,354.91,1,-1,-1,-1
1000,35,1248.78,959.18,778.24,373.20,1,-1,-1,-1
1001,35,1300.03,961.26,802.74,392.33,1,-1,-1,-1
1002,35,1341.22,967.67,826.66,413.91,1,-1,-1,-1
1003,35,1406.86,975.27,859.06,427.50,1,-1,-1,-1
1004,35,1467.42,981.72,904.78,447.46,1,-1,-1,-1
1096,41,1789.44,596.41,677.03,362.43,1,-1,-1,-1
1097,41,1705.26,592.48,663.17,348.10,1,-1,-1,-1
1098,42,1646.01,617.69,608.26,293.39,1,-1,-1,-1
1099,42,1607.82,624.81,561.00,274.60,1,-1,-1,-1
1100,42,1562.79,630.30,523.79,259.68,1,-1,-1,-1
1101,42,1518.67,631.83,487.75,244.14,1,-1,-1,-1
1101,41,1516.10,615.93,517.22,267.02,1,-1,-1,-1
1102,41,1484.79,625.87,474.14,248.64,1,-1,-1,-1
1103,41,1455.25,633.41,438.64,233.96,1,-1,-1,-1
1104,41,1421.35,639.43,407.63,220.72,1,-1,-1,-1
1105,41,1387.02,648.75,380.28,207.18,1,-1,-1,-1
1106,41,1367.10,653.73,347.66,192.38,1,-1,-1,-1
1107,41,1350.36,658.66,317.70,178.41,1,-1,-1,-1
1108,41,1328.68,662.05,290.87,165.34,1,-1,-1,-1
1109,43,1301.08,658.56,300.00,175.88,1,-1,-1,-1
1109,41,1309.02,669.42,269.13,156.47,1,-1,-1,-1
1110,43,1278.21,660.62,286.74,170.28,1,-1,-1,-1
1110,41,1293.51,673.99,246.98,145.56,1,-1,-1,-1
1111,43,1253.01,663.52,270.10,163.14,1,-1,-1,-1
1111,41,1268.45,677.01,227.30,136.40,1,-1,-1,-1
1112,43,1224.79,666.14,262.68,159.78,1,-1,-1,-1
1112,41,1251.93,682.42,211.49,130.08,1,-1,-1,-1
1113,43,1212.70,669.51,250.95,156.45,1,-1,-1,-1
1113,41,1235.23,685.60,198.15,124.52,1,-1,-1,-1
1114,43,1193.89,673.10,237.47,150.02,1,-1,-1,-1
1114,41,1215.52,689.52,183.46,116.57,1,-1,-1,-1
1115,43,1174.46,678.53,225.50,143.52,1,-1,-1,-1
1115,41,1196.62,695.48,169.91,108.59,1,-1,-1,-1
1116,43,1160.55,679.47,216.43,141.32,1,-1,-1,-1
1117,43,1147.93,681.58,207.02,137.74,1,-1,-1,-1
1118,43,1129.88,683.45,200.85,134.49,1,-1,-1,-1
1119,44,1108.71,684.76,198.89,137.62,1,-1,-1,-1
1119,43,1111.11,686.48,192.71,128.15,1,-1,-1,-1
1120,43,1103.44,690.45,183.99,120.72,1,-1,-1,-1
1121,43,1088.12,694.70,175.52,116.89,1,-1,-1,-1
1122,43,1074.76,696.55,170.34,112.34,1,-1,-1,-1
1123,44,1052.22,691.86,177.27,121.00,1,-1,-1,-1
1124,44,1039.03,694.45,173.91,116.71,1,-1,-1,-1
1125,44,1022.76,697.20,169.96,114.94,1,-1,-1,-1
1126,44,1009.32,699.43,166.93,111.39,1,-1,-1,-1
1127,44,994.59,700.51,165.89,108.78,1,-1,-1,-1
1128,44,983.44,701.92,162.31,107.25,1,-1,-1,-1
1129,44,971.68,703.27,159.02,105.67,1,-1,-1,-1
1130,44,958.55,706.84,154.67,103.12,1,-1,-1,-1
1133,45,931.49,709.65,144.82,98.55,1,-1,-1,-1
1134,45,919.55,710.93,141.93,98.33,1,-1,-1,-1
1135,45,908.73,713.17,139.22,96.90,1,-1,-1,-1
1136,45,898.02,716.50,135.10,94.31,1,-1,-1,-1
1137,45,888.73,719.59,131.61,92.84,1,-1,-1,-1
1138,45,880.31,719.64,130.67,92.64,1,-1,-1,-1
1139,45,870.09,721.16,128.74,90.95,1,-1,-1,-1
1140,45,858.23,722.86,127.16,89.72,1,-1,-1,-1
1141,45,850.74,724.40,126.35,89.51,1,-1,-1,-1
1142,45,843.28,727.71,126.74,87.55,1,-1,-1,-1
1143,45,830.96,730.89,123.68,83.97,1,-1,-1,-1
1144,46,2063.27,652.70,468.82,336.39,1,-1,-1,-1
1144,45,817.45,733.00,122.34,83.41,1,-1,-1,-1
1145,45,810.75,734.78,119.37,80.92,1,-1,-1,-1
1146,45,803.35,736.72,117.68,79.10,1,-1,-1,-1
1147,45,796.88,738.42,115.20,77.72,1,-1,-1,-1
1148,46,1724.23,657.82,597.48,281.97,1,-1,-1,-1
1148,45,789.26,737.41,114.72,77.47,1,-1,-1,-1
1149,46,1648.86,661.31,579.47,265.11,1,-1,-1,-1
1149,45,783.33,737.62,112.92,75.39,1,-1,-1,-1
1150,46,1598.32,667.59,548.59,249.94,1,-1,-1,-1
1150,45,775.00,734.90,115.65,77.62,1,-1,-1,-1
1151,46,1552.11,676.30,513.53,231.89,1,-1,-1,-1
1151,45,767.40,737.59,116.02,77.28,1,-1,-1,-1
1152,46,1512.32,682.67,478.43,216.85,1,-1,-1,-1
1152,45,758.85,738.56,113.35,77.31,1,-1,-1,-1
1153,46,1479.85,682.81,443.93,206.35,1,-1,-1,-1
1153,45,754.91,740.79,109.94,75.14,1,-1,-1,-1
1154,46,1446.31,689.04,414.89,194.59,1,-1,-1,-1
1154,45,750.71,740.72,106.30,73.42,1,-1,-1,-1
1155,46,1417.96,694.37,380.01,184.02,1,-1,-1,-1
1155,45,738.54,743.73,105.93,72.32,1,-1,-1,-1
1156,46,1394.42,698.73,353.44,173.63,1,-1,-1,-1
1156,45,732.71,744.47,103.47,71.93,1,-1,-1,-1
1157,46,1370.23,702.38,324.15,163.48,1,-1,-1,-1
1157,45,729.13,746.02,99.19,70.20,1,-1,-1,-1
1158,46,1344.96,704.65,302.33,153.98,1,-1,-1,-1
1158,45,724.33,746.84,95.05,69.04,1,-1,-1,-1
1159,46,1320.93,706.66,282.52,144.33,1,-1,-1,-1
1159,45,721.43,746.05,91.33,68.42,1,-1,-1,-1
1160,46,1302.33,711.82,267.18,138.69,1,-1,-1,-1
1160,45,709.22,747.57,90.75,69.19,1,-1,-1,-1
1161,46,1282.36,711.78,247.53,132.50,1,-1,-1,-1
1162,46,1262.07,721.69,237.55,125.79,1,-1,-1,-1
1163,46,1245.67,719.68,220.85,120.26,1,-1,-1,-1
1164,46,1232.15,719.20,209.62,117.47,1,-1,-1,-1
1165,46,1220.33,719.66,197.45,114.14,1,-1,-1,-1
1166,46,1209.83,717.99,185.92,110.51,1,-1,-1,-1
1167,46,1205.44,719.10,170.86,105.91,1,-1,-1,-1
1168,46,1204.08,718.03,156.56,101.19,1,-1,-1,-1
1169,46,1201.50,717.68,142.87,95.94,1,-1,-1,-1
1170,46,1202.89,719.69,129.84,88.99,1,-1,-1,-1
1171,46,1204.41,718.83,117.30,84.13,1,-1,-1,-1
1172,46,1207.06,718.08,105.55,80.05,1,-1,-1,-1
1173,46,1207.18,711.80,98.47,77.99,1,-1,-1,-1
1176,47,630.11,769.73,71.15,53.14,1,-1,-1,-1
1177,48,1222.25,681.97,109.41,100.88,1,-1,-1,-1
1177,47,625.64,770.87,71.19,51.78,1,-1,-1,-1
1178,48,1224.72,679.92,108.04,97.35,1,-1,-1,-1
1178,47,620.59,772.97,69.95,49.37,1,-1,-1,-1
1179,48,1229.70,668.25,110.96,98.53,1,-1,-1,-1
1180,48,1235.96,662.79,110.62,95.05,1,-1,-1,-1
1181,48,1243.80,657.04,112.61,94.02,1,-1,-1,-1
1182,48,1253.68,653.75,115.97,91.69,1,-1,-1,-1
1183,48,1259.81,653.96,112.80,86.56,1,-1,-1,-1
1184,49,587.39,773.86,80.80,49.08,1,-1,-1,-1
1184,48,1265.00,655.83,104.32,78.89,1,-1,-1,-1
1185,49,583.36,773.44,81.76,49.70,1,-1,-1,-1
1187,50,1307.74,635.13,96.30,69.99,1,-1,-1,-1
1188,50,1316.79,638.34,82.41,60.97,1,-1,-1,-1
1191,52,1370.74,627.68,44.41,38.76,1,-1,-1,-1
1194,54,1414.57,575.08,103.65,66.79,1,-1,-1,-1
1195,54,1421.68,573.88,101.11,64.97,1,-1,-1,-1
1196,54,1428.60,579.22,87.03,55.85,1,-1,-1,-1
1198,56,1469.95,557.99,85.98,56.69,1,-1,-1,-1
1199,56,1483.51,560.51,65.81,46.25,1,-1,-1,-1
1215,59,2071.22,614.91,459.95,375.41,1,-1,-1,-1
1219,59,1779.17,611.59,594.49,339.88,1,-1,-1,-1
1220,59,1706.64,620.99,584.17,322.26,1,-1,-1,-1
1221,59,1646.42,627.21,565.13,308.31,1,-1,-1,-1
1222,59,1585.48,627.17,537.41,292.59,1,-1,-1,-1
1223,59,1536.80,634.80,503.55,275.51,1,-1,-1,-1
1224,59,1497.74,645.40,472.74,256.33,1,-1,-1,-1
1225,59,1473.86,647.97,431.15,240.50,1,-1,-1,-1
1226,59,1435.40,654.16,403.83,227.87,1,-1,-1,-1
1227,59,1407.42,658.96,374.13,214.89,1,-1,-1,-1
1228,59,1378.38,666.63,346.73,202.67,1,-1,-1,-1
1229,59,1355.97,672.54,319.99,191.26,1,-1,-1,-1
1230,59,1330.19,678.97,294.28,179.21,1,-1,-1,-1
1231,59,1305.32,682.36,273.92,169.30,1,-1,-1,-1
1232,59,1282.57,686.56,255.35,161.23,1,-1,-1,-1
1233,59,1261.12,690.87,241.78,151.79,1,-1,-1,-1
1234,59,1234.34,695.74,230.89,145.56,1,-1,-1,-1
1235,59,1215.35,698.92,218.69,140.01,1,-1,-1,-1
1236,59,1192.44,699.59,210.26,135.36,1,-1,-1,-1
1237,59,1170.66,699.81,200.77,132.42,1,-1,-1,-1
1238,59,1155.17,700.25,187.72,128.00,1,-1,-1,-1
1239,60,567.25,792.07,85.13,65.59,1,-1,-1,-1
1239,59,1137.43,704.71,176.39,122.36,1,-1,-1,-1
1240,60,570.34,791.23,86.41,66.61,1,-1,-1,-1
1240,59,1119.56,707.65,166.52,116.53,1,-1,-1,-1
1241,60,574.73,790.86,88.43,66.53,1,-1,-1,-1
1241,59,1105.67,713.78,154.38,109.77,1,-1,-1,-1
1242,60,580.67,792.97,90.22,64.92,1,-1,-1,-1
1242,59,1089.37,715.74,146.94,104.96,1,-1,-1,-1
1243,60,585.97,793.96,91.55,63.35,1,-1,-1,-1
1243,59,1074.71,719.27,136.47,99.17,1,-1,-1,-1
1244,60,591.04,793.26,94.00,63.15,1,-1,-1,-1
1244,59,1061.08,719.91,128.91,95.10,1,-1,-1,-1
1245,60,599.67,796.61,89.05,59.83,1,-1,-1,-1
1245,59,1044.89,725.69,119.59,89.17,1,-1,-1,-1
1246,60,607.96,798.06,86.32,58.64,1,-1,-1,-1
1246,59,1034.95,726.21,112.18,84.67,1,-1,-1,-1
1247,60,615.10,797.88,85.56,58.18,1,-1,-1,-1
1247,59,1014.36,730.55,108.81,80.48,1,-1,-1,-1
1248,60,622.19,797.75,85.16,58.36,1,-1,-1,-1
1248,59,1003.08,730.99,104.77,78.23,1,-1,-1,-1
1249,60,628.57,796.38,84.52,59.77,1,-1,-1,-1
1249,59,991.76,732.60,100.85,75.05,1,-1,-1,-1
1250,60,633.71,794.96,84.29,61.43,1,-1,-1,-1
1250,59,978.95,736.32,95.81,71.40,1,-1,-1,-1
1251,60,636.65,794.63,82.85,62.38,1,-1,-1,-1
1251,59,968.28,736.27,91.69,69.34,1,-1,-1,-1
1252,60,640.54,794.77,79.49,62.77,1,-1,-1,-1
1253,60,646.37,791.75,81.38,65.37,1,-1,-1,-1
1254,60,655.24,792.05,82.17,65.96,1,-1,-1,-1
1255,61,914.06,731.98,104.47,82.46,1,-1,-1,-1
1255,60,664.75,792.06,81.86,67.18,1,-1,-1,-1
1256,61,899.00,733.62,107.52,82.99,1,-1,-1,-1
1257,61,889.22,734.38,104.43,81.80,1,-1,-1,-1
1258,61,877.28,735.76,103.63,79.73,1,-1,-1,-1
1259,61,859.30,740.61,102.23,79.33,1,-1,-1,-1
1259,60,700.46,786.18,97.62,76.67,1,-1,-1,-1
1260,61,848.27,741.99,99.31,77.33,1,-1,-1,-1
1260,60,712.17,788.39,97.20,77.24,1,-1,-1,-1
1261,61,841.82,742.71,97.20,75.55,1,-1,-1,-1
1261,60,719.95,789.56,98.73,79.37,1,-1,-1,-1
1262,61,838.02,743.06,90.59,71.53,1,-1,-1,-1
1262,60,725.44,787.79,103.98,83.06,1,-1,-1,-1
1263,61,822.90,744.91,90.58,71.85,1,-1,-1,-1
1263,60,733.00,787.44,108.56,85.05,1,-1,-1,-1
1264,61,813.90,746.25,88.37,69.60,1,-1,-1,-1
1264,60,729.50,779.44,118.05,92.20,1,-1,-1,-1
1265,61,807.00,745.55,84.62,67.15,1,-1,-1,-1
1265,60,729.15,774.66,126.57,98.74,1,-1,-1,-1
1266,60,736.38,771.91,131.51,103.90,1,-1,-1,-1
1267,60,751.64,770.20,131.50,108.22,1,-1,-1,-1
1268,60,763.03,768.37,133.60,111.08,1,-1,-1,-1
1269,60,770.37,772.59,136.47,111.65,1,-1,-1,-1
1270,60,780.52,774.71,140.89,114.11,1,-1,-1,-1
1271,60,792.70,778.40,143.10,114.42,1,-1,-1,-1
1272,63,730.16,753.20,83.32,69.46,1,-1,-1,-1
1272,60,808.58,782.31,144.59,114.50,1,-1,-1,-1
1273,63,718.75,753.53,77.85,66.90,1,-1,-1,-1
1273,60,817.93,781.78,147.40,116.90,1,-1,-1,-1
1274,63,710.78,754.47,75.89,65.55,1,-1,-1,-1
1274,60,830.25,782.89,151.46,120.10,1,-1,-1,-1
1275,63,706.86,755.91,73.01,64.71,1,-1,-1,-1
1275,60,842.92,784.00,155.25,122.53,1,-1,-1,-1
1276,63,707.63,759.24,65.01,60.28,1,-1,-1,-1
1276,60,855.54,784.88,158.60,125.87,1,-1,-1,-1
1277,60,866.56,784.62,163.80,130.50,1,-1,-1,-1
1278,64,875.47,783.23,176.97,140.83,1,-1,-1,-1
1278,60,881.56,786.83,166.49,133.54,1,-1,-1,-1
1279,64,888.15,786.75,189.44,147.78,1,-1,-1,-1
1279,60,893.41,786.20,170.65,138.35,1,-1,-1,-1
1280,64,898.50,788.84,198.65,152.06,1,-1,-1,-1
1280,60,903.19,785.64,176.38,143.35,1,-1,-1,-1
1281,64,914.76,788.94,205.25,155.43,1,-1,-1,-1
1282,64,927.07,788.83,212.20,158.17,1,-1,-1,-1
1283,64,932.57,787.11,222.83,164.60,1,-1,-1,-1
1284,64,946.89,787.58,233.40,170.53,1,-1,-1,-1
1285,64,963.89,790.08,242.64,176.59,1,-1,-1,-1
1286,64,982.01,790.52,252.31,186.23,1,-1,-1,-1
1287,65,629.53,781.15,54.04,41.80,1,-1,-1,-1
1287,64,998.44,791.58,266.99,198.34,1,-1,-1,-1
1288,65,625.09,781.73,53.88,41.44,1,-1,-1,-1
1288,64,1016.17,795.07,277.12,207.95,1,-1,-1,-1
1289,65,610.26,783.32,55.78,42.06,1,-1,-1,-1
1289,64,1042.69,790.16,289.78,219.79,1,-1,-1,-1
1290,65,602.38,783.37,59.41,43.25,1,-1,-1,-1
1290,64,1063.86,790.72,302.90,228.35,1,-1,-1,-1
1291,65,595.82,783.07,61.84,42.93,1,-1,-1,-1
1291,64,1089.15,796.71,317.99,238.82,1,-1,-1,-1
1292,65,592.01,781.17,63.30,44.04,1,-1,-1,-1
1292,64,1111.36,797.72,340.83,253.53,1,-1,-1,-1
1293,65,587.35,779.40,65.06,46.16,1,-1,-1,-1
1293,64,1145.84,802.28,362.34,267.94,1,-1,-1,-1
1294,64,1178.97,804.70,396.60,285.67,1,-1,-1,-1
1295,64,1217.92,812.64,429.36,304.22,1,-1,-1,-1
1296,64,1253.88,812.33,461.79,323.16,1,-1,-1,-1
1297,64,1298.30,822.09,502.64,342.76,1,-1,-1,-1
1298,64,1352.77,834.29,551.79,369.19,1,-1,-1,-1
1299,64,1410.81,838.50,613.98,403.28,1,-1,-1,-1
1300,64,1476.23,843.68,680.24,440.89,1,-1,-1,-1
1301,64,1556.43,862.83,766.21,485.56,1,-1,-1,-1
1465,70,2034.31,724.82,479.58,376.37,1,-1,-1,-1
1469,70,1538.40,751.18,733.95,357.81,1,-1,-1,-1
1470,70,1423.81,772.59,725.85,339.28,1,-1,-1,-1
1471,70,1327.40,792.63,707.80,319.95,1,-1,-1,-1
1472,70,1109.29,835.74,673.21,304.00,1,-1,-1,-1
1473,70,976.52,866.89,641.45,290.89,1,-1,-1,-1
1474,70,885.64,888.85,619.34,279.50,1,-1,-1,-1
1475,70,804.85,917.56,590.59,268.05,1,-1,-1,-1
1476,70,735.82,945.68,569.51,260.52,1,-1,-1,-1
1477,70,665.93,958.27,549.80,255.93,1,-1,-1,-1
1478,70,594.67,980.08,534.81,248.04,1,-1,-1,-1
1479,70,519.93,1006.60,521.10,243.31,1,-1,-1,-1
1480,70,447.14,1020.44,503.05,241.07,1,-1,-1,-1
1481,70,386.86,1037.15,486.60,237.27,1,-1,-1,-1
1482,70,343.94,1053.03,457.44,227.00,1,-1,-1,-1
1483,70,241.79,1087.96,447.92,234.81,1,-1,-1,-1
1484,70,152.44,1126.95,421.47,216.39,1,-1,-1,-1
1485,70,61.08,1169.68,393.42,203.71,1,-1,-1,-1
1486,70,-7.35,1190.40,382.40,197.70,1,-1,-1,-1
1487,70,-36.54,1189.97,372.60,192.32,1,-1,-1,-1
1488,70,-47.83,1195.69,348.86,185.58,1,-1,-1,-1
1489,70,-60.17,1207.45,312.33,178.23,1,-1,-1,-1
1490,70,-69.55,1221.11,259.61,167.62,1,-1,-1,-1
1626,73,577.59,793.40,95.85,60.72,1,-1,-1,-1
1627,73,583.10,795.87,97.06,59.28,1,-1,-1,-1
1628,73,595.92,796.72,89.70,54.94,1,-1,-1,-1
1629,73,609.77,797.23,85.52,53.14,1,-1,-1,-1
1630,73,620.03,797.42,84.11,52.60,1,-1,-1,-1
1631,73,628.62,798.21,81.05,52.45,1,-1,-1,-1
1632,73,636.85,798.86,76.80,52.42,1,-1,-1,-1
1633,73,642.12,799.14,73.92,52.53,1,-1,-1,-1
1634,73,655.01,796.60,73.41,54.04,1,-1,-1,-1
1640,74,722.21,783.27,96.95,73.65,1,-1,-1,-1
1641,74,733.73,784.18,98.19,74.35,1,-1,-1,-1
1642,74,741.58,785.88,102.04,75.09,1,-1,-1,-1
1643,74,748.48,786.38,107.20,76.99,1,-1,-1,-1
1644,74,757.39,787.45,110.56,78.22,1,-1,-1,-1
1645,74,770.56,787.27,111.01,79.64,1,-1,-1,-1
1646,74,781.60,787.73,111.29,80.89,1,-1,-1,-1
1647,74,793.00,790.05,113.76,82.03,1,-1,-1,-1
1648,74,803.57,789.58,117.29,84.83,1,-1,-1,-1
1649,74,810.85,789.15,123.53,89.93,1,-1,-1,-1
1650,74,821.74,789.84,127.38,93.10,1,-1,-1,-1
1651,74,831.73,791.43,130.86,96.90,1,-1,-1,-1
1652,74,843.12,790.98,136.61,102.04,1,-1,-1,-1
1653,74,856.30,791.61,141.72,107.10,1,-1,-1,-1
1654,74,871.01,792.42,146.77,111.66,1,-1,-1,-1
1655,74,882.30,792.63,151.34,117.20,1,-1,-1,-1
1656,74,896.93,792.68,156.25,123.36,1,-1,-1,-1
1658,75,931.14,798.05,176.47,139.23,1,-1,-1,-1
1659,75,939.83,794.60,193.79,149.58,1,-1,-1,-1
1660,75,957.78,798.33,202.63,154.46,1,-1,-1,-1
1661,75,981.31,803.62,211.07,159.14,1,-1,-1,-1
1662,75,1002.69,808.66,221.68,168.02,1,-1,-1,-1
1663,75,1028.60,813.57,237.62,174.62,1,-1,-1,-1
1664,75,1054.39,812.07,254.09,185.14,1,-1,-1,-1
1665,75,1085.43,811.64,273.10,194.46,1,-1,-1,-1
1666,75,1124.50,814.68,296.89,208.35,1,-1,-1,-1
1667,75,1160.02,818.33,328.43,225.28,1,-1,-1,-1
1668,75,1204.58,823.74,360.57,244.15,1,-1,-1,-1
1669,75,1251.54,826.19,399.37,263.54,1,-1,-1,-1
1670,75,1301.66,829.28,449.82,286.77,1,-1,-1,-1
1671,75,1380.59,835.30,505.41,312.96,1,-1,-1,-1
1672,75,1458.38,846.57,574.47,347.25,1,-1,-1,-1
1673,75,1557.52,857.65,654.43,385.93,1,-1,-1,-1
1677,75,2098.61,924.30,577.09,506.98,1,-1,-1,-1
1780,76,587.77,793.81,93.93,65.51,1,-1,-1,-1
1781,76,600.44,794.79,86.62,61.41,1,-1,-1,-1
1782,76,610.94,794.39,83.31,59.60,1,-1,-1,-1
1783,76,618.43,796.16,81.33,57.98,1,-1,-1,-1
1784,76,627.25,797.65,79.74,57.56,1,-1,-1,-1
1785,76,635.09,797.02,78.56,59.54,1,-1,-1,-1
1786,76,638.91,797.47,75.38,59.83,1,-1,-1,-1
1787,76,650.35,795.46,75.62,61.10,1,-1,-1,-1
1794,77,729.85,787.63,87.63,79.09,1,-1,-1,-1
1795,77,732.68,783.87,93.31,82.68,1,-1,-1,-1
1796,77,736.95,781.94,100.52,87.39,1,-1,-1,-1
1797,77,740.71,783.29,106.38,90.54,1,-1,-1,-1
1798,77,747.29,785.51,115.34,94.98,1,-1,-1,-1
1799,77,755.57,785.92,120.22,97.46,1,-1,-1,-1
1800,77,768.01,787.68,122.63,98.52,1,-1,-1,-1
1801,77,779.46,789.28,124.71,99.29,1,-1,-1,-1
1802,77,790.62,789.17,127.42,101.51,1,-1,-1,-1
1803,77,800.96,789.01,130.87,105.06,1,-1,-1,-1
1804,77,815.99,792.44,133.80,107.22,1,-1,-1,-1
1805,77,825.95,791.71,140.11,112.19,1,-1,-1,-1
1806,77,838.77,791.85,144.08,117.42,1,-1,-1,-1
1807,77,853.33,792.23,148.53,121.77,1,-1,-1,-1
1808,77,865.25,791.83,155.48,128.23,1,-1,-1,-1
1809,77,881.78,793.17,160.56,132.12,1,-1,-1,-1
1810,77,894.18,796.14,166.43,137.51,1,-1,-1,-1
1811,77,911.11,801.68,175.55,143.81,1,-1,-1,-1
1812,77,932.22,803.21,185.89,152.15,1,-1,-1,-1
1813,77,946.37,803.54,197.28,160.15,1,-1,-1,-1
1814,77,964.71,809.64,208.40,169.17,1,-1,-1,-1
1815,77,986.61,811.36,220.67,178.27,1,-1,-1,-1
1816,77,1010.08,813.76,238.32,189.63,1,-1,-1,-1
1817,77,1039.08,810.38,254.93,201.46,1,-1,-1,-1
1818,77,1063.38,815.00,273.88,212.40,1,-1,-1,-1
1819,77,1103.59,820.36,300.49,229.21,1,-1,-1,-1
1820,77,1146.41,822.48,326.79,250.73,1,-1,-1,-1
1821,77,1188.72,826.51,359.63,274.62,1,-1,-1,-1
1822,77,1243.54,832.16,400.52,300.49,1,-1,-1,-1
1823,77,1298.22,836.01,448.25,334.56,1,-1,-1,-1
1824,78,1357.44,821.00,595.95,426.04,1,-1,-1,-1
1825,78,1444.31,829.84,682.39,480.01,1,-1,-1,-1
1826,78,1556.30,837.43,782.98,538.86,1,-1,-1,-1
1827,78,1673.38,852.04,855.46,602.80,1,-1,-1,-1
2129,80,2007.39,568.18,523.34,416.81,1,-1,-1,-1
2130,80,1939.40,573.76,580.79,405.78,1,-1,-1,-1
2131,80,1849.53,580.33,601.16,385.83,1,-1,-1,-1
2132,80,1780.74,586.98,591.00,362.07,1,-1,-1,-1
2133,81,1719.63,628.48,541.97,288.75,1,-1,-1,-1
2133,80,1713.35,598.86,568.90,337.46,1,-1,-1,-1
2134,81,1672.20,632.31,498.07,265.75,1,-1,-1,-1
2135,81,1622.49,632.66,458.97,250.06,1,-1,-1,-1
2136,81,1584.97,637.47,422.95,236.43,1,-1,-1,-1
2137,81,1542.24,648.86,391.24,220.65,1,-1,-1,-1
2138,81,1504.95,655.58,363.36,207.69,1,-1,-1,-1
2139,81,1476.44,663.86,336.16,192.07,1,-1,-1,-1
2140,81,1443.22,668.00,311.44,178.38,1,-1,-1,-1
2141,82,1411.86,665.41,313.80,185.65,1,-1,-1,-1
2141,81,1413.92,673.56,289.62,169.00,1,-1,-1,-1
2142,82,1378.72,671.39,300.75,176.23,1,-1,-1,-1
2142,81,1387.89,679.75,268.17,158.52,1,-1,-1,-1
2143,82,1362.49,675.45,283.87,167.73,1,-1,-1,-1
2143,81,1344.89,697.08,205.18,132.70,1,-1,-1,-1
2144,82,1333.85,674.97,266.40,159.81,1,-1,-1,-1
2145,82,1312.06,678.48,249.95,154.88,1,-1,-1,-1
2146,82,1292.59,684.17,232.42,146.38,1,-1,-1,-1
2147,82,1266.19,685.25,222.50,141.80,1,-1,-1,-1
2148,82,1245.26,688.65,211.74,138.26,1,-1,-1,-1
2149,82,1226.71,690.50,201.62,133.66,1,-1,-1,-1
2150,82,1202.95,692.11,195.31,130.02,1,-1,-1,-1
2151,82,1184.49,692.85,187.57,127.76,1,-1,-1,-1
2152,82,1170.41,693.41,180.15,125.16,1,-1,-1,-1
2153,82,1155.85,692.52,173.17,122.74,1,-1,-1,-1
2156,84,1108.00,687.75,165.04,131.09,1,-1,-1,-1
2157,84,1092.21,689.45,162.21,128.52,1,-1,-1,-1
2158,84,1076.64,693.50,162.41,125.06,1,-1,-1,-1
2159,84,1062.62,695.78,154.93,120.31,1,-1,-1,-1
2160,84,1047.81,698.73,151.04,115.53,1,-1,-1,-1
2161,84,1033.19,702.34,147.47,110.68,1,-1,-1,-1
2162,84,1021.19,705.28,143.17,107.41,1,-1,-1,-1
2163,84,1001.88,707.07,143.50,105.79,1,-1,-1,-1
2164,84,989.36,707.74,140.36,103.89,1,-1,-1,-1
2165,84,978.98,709.90,137.00,100.96,1,-1,-1,-1
2166,84,970.92,712.19,132.16,98.23,1,-1,-1,-1
2167,84,961.37,713.66,127.69,96.05,1,-1,-1,-1
2168,84,949.54,715.77,126.04,93.74,1,-1,-1,-1
2169,84,938.66,717.67,123.85,91.64,1,-1,-1,-1
2170,84,928.33,718.39,121.15,90.75,1,-1,-1,-1
2171,84,919.10,721.40,115.88,86.73,1,-1,-1,-1
2172,84,908.05,723.70,110.54,84.64,1,-1,-1,-1
2173,84,895.60,723.93,110.70,85.02,1,-1,-1,-1
2174,84,886.96,724.01,113.06,85.83,1,-1,-1,-1
2175,84,874.42,724.95,109.85,83.38,1,-1,-1,-1
2176,84,866.21,727.07,108.49,80.83,1,-1,-1,-1
2177,84,856.57,731.66,107.71,78.57,1,-1,-1,-1
2178,84,846.90,735.62,103.67,76.26,1,-1,-1,-1
2179,84,835.95,737.06,99.25,74.69,1,-1,-1,-1
2180,84,824.76,740.00,98.17,72.48,1,-1,-1,-1
2181,84,816.23,743.45,96.26,70.02,1,-1,-1,-1
2182,84,803.55,746.21,95.52,68.51,1,-1,-1,-1
2183,84,794.50,748.63,95.00,67.04,1,-1,-1,-1
2184,84,781.65,750.12,95.85,66.96,1,-1,-1,-1
2185,84,775.31,745.23,94.35,66.93,1,-1,-1,-1
2186,84,766.21,747.67,94.37,66.68,1,-1,-1,-1
2187,84,760.65,749.71,92.66,65.41,1,-1,-1,-1
2255,90,586.72,810.07,89.81,54.14,1,-1,-1,-1
2256,90,588.42,807.93,93.00,56.34,1,-1,-1,-1
2257,90,601.90,810.61,84.08,52.70,1,-1,-1,-1
2258,90,610.16,811.54,80.59,50.77,1,-1,-1,-1
2259,90,619.57,811.66,77.19,50.31,1,-1,-1,-1
2260,90,626.78,811.19,75.85,51.00,1,-1,-1,-1
2271,91,736.42,806.43,91.24,75.66,1,-1,-1,-1
2272,91,741.82,806.45,96.77,79.88,1,-1,-1,-1
2273,91,746.42,804.69,101.18,83.53,1,-1,-1,-1
2274,91,758.25,807.57,103.64,85.01,1,-1,-1,-1
2275,91,770.70,809.41,104.43,85.90,1,-1,-1,-1
2276,91,784.19,809.42,115.90,91.98,1,-1,-1,-1
2277,91,790.89,810.66,121.39,95.14,1,-1,-1,-1
2278,91,798.98,813.80,124.72,97.48,1,-1,-1,-1
2279,91,811.47,815.01,125.98,98.90,1,-1,-1,-1
2280,91,823.02,818.16,128.00,100.87,1,-1,-1,-1
2281,91,836.61,820.54,132.06,105.16,1,-1,-1,-1
2282,91,850.68,823.82,136.66,109.60,1,-1,-1,-1
2283,91,864.04,825.92,140.36,113.31,1,-1,-1,-1
2284,91,876.99,825.33,147.10,119.53,1,-1,-1,-1
2285,91,889.68,828.87,154.70,125.66,1,-1,-1,-1
2286,91,900.46,828.22,164.69,134.72,1,-1,-1,-1
2287,91,922.52,833.62,170.79,141.72,1,-1,-1,-1
2288,91,950.27,842.91,181.81,148.78,1,-1,-1,-1
2289,91,966.30,846.55,193.67,157.00,1,-1,-1,-1
2290,91,986.88,849.88,203.78,164.66,1,-1,-1,-1
2291,91,1014.11,855.60,221.37,175.23,1,-1,-1,-1
2292,91,1039.11,862.18,236.78,185.45,1,-1,-1,-1
2293,91,1069.35,861.22,252.83,197.44,1,-1,-1,-1
2294,91,1104.41,868.23,269.17,209.53,1,-1,-1,-1
2295,91,1138.37,879.93,292.94,225.30,1,-1,-1,-1
2296,91,1178.90,884.90,322.07,246.93,1,-1,-1,-1
2297,91,1232.31,894.45,356.58,271.21,1,-1,-1,-1
2298,91,1294.63,902.46,405.42,297.72,1,-1,-1,-1
2299,91,1377.37,921.15,458.87,331.31,1,-1,-1,-1
2300,91,1467.33,938.09,527.08,372.39,1,-1,-1,-1
2301,91,1590.35,959.10,615.77,422.52,1,-1,-1,-1
2366,93,580.03,795.47,90.66,64.24,1,-1,-1,-1
2367,93,586.12,795.49,91.51,64.13,1,-1,-1,-1
2368,93,592.86,796.06,90.09,63.01,1,-1,-1,-1
2369,96,1456.51,691.50,347.30,172.43,1,-1,-1,-1
2369,93,603.01,796.94,86.32,59.65,1,-1,-1,-1
2370,96,1408.79,700.43,305.07,156.42,1,-1,-1,-1
2370,93,610.83,798.01,83.84,57.32,1,-1,-1,-1
2371,96,1366.55,706.64,276.74,145.41,1,-1,-1,-1
2371,93,618.89,800.39,81.47,55.68,1,-1,-1,-1
2372,96,1332.21,712.34,250.46,134.05,1,-1,-1,-1
2372,93,627.46,802.12,78.96,54.76,1,-1,-1,-1
2373,96,1299.65,715.22,225.38,125.94,1,-1,-1,-1
2373,93,633.37,800.93,77.98,55.81,1,-1,-1,-1
2374,96,1267.18,719.53,210.66,118.97,1,-1,-1,-1
2374,93,638.04,800.41,75.99,56.27,1,-1,-1,-1
2375,96,1238.11,718.51,190.69,111.64,1,-1,-1,-1
2375,93,641.27,800.41,73.95,56.25,1,-1,-1,-1
2376,96,1211.11,721.31,174.15,104.84,1,-1,-1,-1
2376,93,654.48,799.70,72.26,56.85,1,-1,-1,-1
2377,96,1188.34,721.99,162.52,99.27,1,-1,-1,-1
2378,96,1167.67,725.87,148.68,92.08,1,-1,-1,-1
2379,96,1151.57,729.65,134.24,85.22,1,-1,-1,-1
2380,96,1138.07,731.89,119.71,77.73,1,-1,-1,-1
2384,98,1055.40,723.55,141.27,92.89,1,-1,-1,-1
2384,97,730.84,790.73,85.14,76.81,1,-1,-1,-1
2385,98,1041.45,726.29,135.69,89.54,1,-1,-1,-1
2385,97,734.93,786.73,91.84,82.00,1,-1,-1,-1
2386,98,1024.89,725.82,132.69,87.27,1,-1,-1,-1
2386,97,739.41,785.64,96.47,84.22,1,-1,-1,-1
2387,98,1006.76,728.18,131.69,85.37,1,-1,-1,-1
2387,97,742.26,785.60,102.27,86.32,1,-1,-1,-1
2388,98,991.05,727.95,129.75,83.54,1,-1,-1,-1
2388,97,748.17,788.27,107.98,88.10,1,-1,-1,-1
2389,98,981.90,727.00,126.36,82.09,1,-1,-1,-1
2389,97,755.94,789.38,110.35,90.15,1,-1,-1,-1
2390,98,970.05,728.45,123.95,80.44,1,-1,-1,-1
2390,97,763.19,789.99,117.34,93.24,1,-1,-1,-1
2391,98,956.00,729.57,120.24,77.75,1,-1,-1,-1
2391,97,773.57,788.52,120.18,95.97,1,-1,-1,-1
2392,98,946.87,731.57,114.96,75.09,1,-1,-1,-1
2392,97,784.42,790.36,123.30,96.64,1,-1,-1,-1
2393,98,934.10,734.28,113.68,73.89,1,-1,-1,-1
2393,97,792.66,790.79,126.19,97.93,1,-1,-1,-1
2394,98,923.28,735.82,108.08,71.81,1,-1,-1,-1
2394,97,804.23,787.41,130.72,102.93,1,-1,-1,-1
2395,98,914.10,735.60,104.03,70.55,1,-1,-1,-1
2395,97,812.84,785.34,132.51,106.75,1,-1,-1,-1
2396,98,899.77,737.88,102.59,69.69,1,-1,-1,-1
2396,97,823.19,780.04,137.52,112.48,1,-1,-1,-1
2397,98,889.45,737.91,99.94,68.36,1,-1,-1,-1
2397,97,834.32,784.89,141.00,114.27,1,-1,-1,-1
2398,98,884.93,739.02,94.64,65.53,1,-1,-1,-1
2398,97,847.06,788.05,144.64,117.80,1,-1,-1,-1
2399,97,860.26,788.43,147.36,122.07,1,-1,-1,-1
2400,97,868.70,787.70,152.88,126.82,1,-1,-1,-1
2401,97,878.34,791.33,155.54,128.54,1,-1,-1,-1
2402,97,892.53,796.90,159.04,129.66,1,-1,-1,-1
2403,97,902.78,796.67,163.41,135.62,1,-1,-1,-1
2404,99,809.90,754.75,92.64,60.02,1,-1,-1,-1
2404,97,917.87,799.12,168.29,139.09,1,-1,-1,-1
2405,99,800.64,752.65,91.61,59.87,1,-1,-1,-1
2405,97,932.53,801.85,177.56,144.02,1,-1,-1,-1
2406,99,785.35,753.07,94.42,61.97,1,-1,-1,-1
2406,97,941.78,804.11,189.05,149.91,1,-1,-1,-1
2407,99,775.58,752.70,95.69,62.21,1,-1,-1,-1
2407,97,954.11,808.91,197.60,155.12,1,-1,-1,-1
2408,99,767.03,752.64,94.31,61.10,1,-1,-1,-1
2408,97,971.14,813.60,207.15,161.10,1,-1,-1,-1
2409,99,761.35,754.06,91.86,59.50,1,-1,-1,-1
2409,97,988.88,817.23,214.52,166.77,1,-1,-1,-1
2410,99,758.04,755.45,89.08,57.90,1,-1,-1,-1
2410,97,1006.40,816.16,226.02,175.72,1,-1,-1,-1
2411,99,746.56,759.31,89.17,57.14,1,-1,-1,-1
2411,97,1028.10,819.45,239.10,183.89,1,-1,-1,-1
2412,99,738.12,760.73,90.43,56.42,1,-1,-1,-1
2412,97,1052.65,822.31,252.03,193.29,1,-1,-1,-1
2413,99,729.14,760.79,88.84,54.59,1,-1,-1,-1
2413,97,1076.77,831.84,267.66,203.70,1,-1,-1,-1
2414,99,725.84,762.83,84.03,52.08,1,-1,-1,-1
2414,97,1105.19,834.99,284.22,215.09,1,-1,-1,-1
2415,99,723.00,763.27,80.35,50.08,1,-1,-1,-1
2415,97,1135.55,840.44,308.70,232.04,1,-1,-1,-1
