221,1,584.69,806.32,65.85,54.79,1,-1,-1,-1
222,1,588.50,808.36,67.56,54.78,1,-1,-1,-1
223,1,592.86,810.77,69.24,54.09,1,-1,-1,-1
227,1,622.11,810.33,77.12,54.39,1,-1,-1,-1
228,1,630.44,810.40,76.80,54.70,1,-1,-1,-1
229,1,638.56,810.73,76.10,55.14,1,-1,-1,-1
230,1,645.16,811.43,74.74,55.18,1,-1,-1,-1
231,1,650.17,812.58,72.03,54.66,1,-1,-1,-1
232,1,659.24,813.08,74.65,56.71,1,-1,-1,-1
233,1,667.53,815.06,76.45,57.58,1,-1,-1,-1
234,1,676.66,817.08,79.04,57.61,1,-1,-1,-1
235,1,703.41,817.08,76.18,56.91,1,-1,-1,-1
236,1,715.16,816.03,78.71,58.30,1,-1,-1,-1
237,1,723.46,815.00,82.04,60.53,1,-1,-1,-1
238,1,729.81,814.32,86.19,63.44,1,-1,-1,-1
239,1,733.01,814.08,91.64,65.67,1,-1,-1,-1
240,1,747.08,815.85,97.12,68.74,1,-1,-1,-1
241,1,755.87,815.91,102.98,71.29,1,-1,-1,-1
242,1,764.10,815.21,108.04,73.48,1,-1,-1,-1
243,1,772.55,814.55,109.72,74.05,1,-1,-1,-1
244,1,787.61,816.43,115.15,76.42,1,-1,-1,-1
245,1,799.95,816.97,118.94,79.76,1,-1,-1,-1
246,1,811.86,821.32,121.72,83.95,1,-1,-1,-1
247,1,829.48,821.96,129.31,91.09,1,-1,-1,-1
248,1,842.39,821.79,135.79,97.92,1,-1,-1,-1
249,1,853.01,821.88,142.71,104.14,1,-1,-1,-1
250,1,871.72,822.85,149.26,108.29,1,-1,-1,-1
251,1,885.86,824.58,155.47,112.08,1,-1,-1,-1
252,1,908.44,824.89,165.28,117.11,1,-1,-1,-1
253,1,922.58,826.38,174.51,121.73,1,-1,-1,-1
254,1,947.59,828.77,187.78,128.80,1,-1,-1,-1
255,1,963.85,831.09,194.89,134.97,1,-1,-1,-1
256,1,992.58,833.24,205.78,141.23,1,-1,-1,-1
257,1,1031.25,844.37,215.68,146.42,1,-1,-1,-1
258,1,1051.90,848.75,221.59,152.58,1,-1,-1,-1
259,1,1086.98,847.41,256.71,172.37,1,-1,-1,-1
260,1,1136.62,843.98,299.22,194.36,1,-1,-1,-1
261,1,1164.32,858.56,325.98,207.34,1,-1,-1,-1
262,1,1218.10,864.83,369.72,226.17,1,-1,-1,-1
263,1,1235.08,876.45,415.70,234.90,1,-1,-1,-1
264,1,1347.78,874.97,484.12,282.30,1,-1,-1,-1
265,1,1382.79,862.94,554.30,322.02,1,-1,-1,-1
266,1,1512.43,898.94,602.06,360.39,1,-1,-1,-1
267,1,1679.81,931.72,658.11,409.74,1,-1,-1,-1
268,1,1840.00,970.34,669.22,441.62,1,-1,-1,-1
733,3,1816.30,663.14,594.76,252.82,1,-1,-1,-1
734,3,1683.33,670.87,519.92,232.52,1,-1,-1,-1
735,3,1593.93,681.10,463.59,213.22,1,-1,-1,-1
736,4,545.36,781.40,80.25,70.37,1,-1,-1,-1
736,3,1515.21,688.78,424.37,198.40,1,-1,-1,-1
737,4,543.61,780.70,84.07,72.26,1,-1,-1,-1
737,3,1489.06,696.26,388.69,183.60,1,-1,-1,-1
738,4,559.07,786.85,78.37,65.51,1,-1,-1,-1
738,3,1436.35,703.32,320.17,159.05,1,-1,-1,-1
739,4,568.29,790.33,74.42,60.75,1,-1,-1,-1
739,3,1427.14,709.17,272.02,139.31,1,-1,-1,-1
740,4,574.91,792.73,72.15,57.44,1,-1,-1,-1
740,3,1376.66,714.58,236.43,125.73,1,-1,-1,-1
741,4,580.32,794.23,70.69,54.69,1,-1,-1,-1
741,3,1337.96,718.49,207.61,115.55,1,-1,-1,-1
742,4,584.40,795.14,70.77,53.32,1,-1,-1,-1
743,4,588.27,795.36,70.88,52.46,1,-1,-1,-1
744,4,591.73,795.45,71.97,52.41,1,-1,-1,-1
745,5,1212.75,716.57,195.67,120.98,1,-1,-1,-1
745,4,594.70,795.51,72.89,52.39,1,-1,-1,-1
746,5,1197.23,718.10,185.90,115.35,1,-1,-1,-1
746,4,606.73,794.36,76.86,53.79,1,-1,-1,-1
747,6,547.47,780.40,52.62,33.34,1,-1,-1,-1
747,5,1168.92,719.21,176.99,112.32,1,-1,-1,-1
747,4,613.08,794.13,79.68,55.38,1,-1,-1,-1
748,6,548.03,780.55,51.80,32.70,1,-1,-1,-1
748,5,1134.28,721.03,173.02,109.77,1,-1,-1,-1
748,4,618.45,794.34,81.40,56.79,1,-1,-1,-1
749,6,547.98,780.50,50.59,32.20,1,-1,-1,-1
749,5,1118.49,721.66,163.06,106.03,1,-1,-1,-1
749,4,624.35,793.97,82.19,58.45,1,-1,-1,-1
750,6,547.98,780.24,49.20,32.00,1,-1,-1,-1
750,5,1090.07,723.22,157.56,103.47,1,-1,-1,-1
750,4,630.04,793.19,82.31,60.48,1,-1,-1,-1
751,6,547.82,779.97,48.18,32.20,1,-1,-1,-1
751,5,1074.97,724.81,149.44,100.19,1,-1,-1,-1
751,4,635.74,792.50,80.94,62.47,1,-1,-1,-1
752,6,547.95,779.53,47.83,32.91,1,-1,-1,-1
752,5,1048.75,725.76,146.45,98.08,1,-1,-1,-1
752,4,640.54,791.84,79.34,64.33,1,-1,-1,-1
753,6,547.82,779.16,47.78,33.68,1,-1,-1,-1
753,5,1034.42,726.82,140.08,96.16,1,-1,-1,-1
753,4,650.86,788.05,85.10,66.15,1,-1,-1,-1
754,5,1022.04,728.30,134.55,93.82,1,-1,-1,-1
754,4,655.85,786.73,90.57,66.76,1,-1,-1,-1
755,5,1001.23,729.37,131.84,92.75,1,-1,-1,-1
755,4,660.82,786.28,94.33,67.16,1,-1,-1,-1
756,5,986.23,730.47,129.56,92.48,1,-1,-1,-1
756,4,666.50,785.95,97.24,68.26,1,-1,-1,-1
757,5,980.08,735.25,118.44,83.87,1,-1,-1,-1
757,4,671.44,784.66,99.97,71.02,1,-1,-1,-1
758,5,958.59,739.75,113.60,78.23,1,-1,-1,-1
758,4,700.01,786.31,90.71,69.44,1,-1,-1,-1
759,5,942.42,742.12,113.81,73.80,1,-1,-1,-1
759,4,712.83,785.56,87.27,69.41,1,-1,-1,-1
760,5,933.79,744.38,108.55,69.11,1,-1,-1,-1
760,4,720.66,785.22,87.27,70.12,1,-1,-1,-1
761,5,915.89,747.84,106.42,66.84,1,-1,-1,-1
761,4,725.66,785.32,90.54,71.06,1,-1,-1,-1
762,5,902.41,749.77,105.17,64.91,1,-1,-1,-1
762,4,728.22,785.37,96.89,72.44,1,-1,-1,-1
763,5,893.38,751.15,100.84,62.07,1,-1,-1,-1
763,4,729.28,785.16,102.58,73.75,1,-1,-1,-1
764,5,878.13,755.80,92.02,58.82,1,-1,-1,-1
764,4,743.58,785.40,103.96,75.26,1,-1,-1,-1
765,5,868.55,759.35,86.41,55.83,1,-1,-1,-1
765,4,751.87,784.97,105.95,77.87,1,-1,-1,-1
766,5,861.41,762.01,80.01,52.14,1,-1,-1,-1
766,4,757.57,783.02,108.82,81.19,1,-1,-1,-1
767,5,858.45,764.55,70.48,47.64,1,-1,-1,-1
767,4,763.90,776.56,119.11,88.48,1,-1,-1,-1
768,5,861.08,767.27,57.22,41.28,1,-1,-1,-1
768,4,775.60,771.51,125.97,93.85,1,-1,-1,-1
769,4,781.47,768.71,127.78,98.79,1,-1,-1,-1
770,7,1796.14,670.07,512.11,222.78,1,-1,-1,-1
770,4,786.28,767.11,129.22,103.37,1,-1,-1,-1
771,7,1675.09,672.86,520.16,210.35,1,-1,-1,-1
771,4,790.86,766.48,132.62,107.79,1,-1,-1,-1
772,7,1637.54,672.23,508.55,203.23,1,-1,-1,-1
772,4,797.07,767.20,136.45,110.67,1,-1,-1,-1
773,7,1581.10,676.45,470.97,190.33,1,-1,-1,-1
773,4,803.04,768.69,140.82,112.04,1,-1,-1,-1
774,7,1508.16,683.19,440.68,180.58,1,-1,-1,-1
774,4,818.35,773.80,145.07,111.95,1,-1,-1,-1
775,8,738.80,767.69,83.22,51.50,1,-1,-1,-1
775,7,1475.22,687.88,421.25,171.91,1,-1,-1,-1
775,4,827.69,776.83,149.15,111.44,1,-1,-1,-1
776,8,730.79,768.82,81.32,50.08,1,-1,-1,-1
776,7,1450.17,694.24,364.38,153.27,1,-1,-1,-1
776,4,835.34,777.87,154.53,111.39,1,-1,-1,-1
777,8,726.26,769.83,77.51,48.36,1,-1,-1,-1
777,7,1399.00,699.81,307.29,138.62,1,-1,-1,-1
777,4,842.19,778.47,160.90,112.20,1,-1,-1,-1
778,8,723.06,770.21,71.79,46.68,1,-1,-1,-1
778,7,1360.11,704.81,268.28,127.47,1,-1,-1,-1
778,4,853.88,783.90,167.70,113.57,1,-1,-1,-1
779,8,720.23,769.83,65.73,45.66,1,-1,-1,-1
779,7,1326.87,709.92,236.29,118.06,1,-1,-1,-1
779,4,860.13,784.88,172.40,115.84,1,-1,-1,-1
780,7,1318.17,713.22,208.61,110.05,1,-1,-1,-1
780,4,868.24,784.76,176.16,118.95,1,-1,-1,-1
781,7,1290.86,717.13,187.27,102.10,1,-1,-1,-1
781,4,877.06,783.82,179.71,123.13,1,-1,-1,-1
782,7,1256.85,720.75,171.31,95.19,1,-1,-1,-1
782,4,885.14,783.23,183.03,128.51,1,-1,-1,-1
783,9,1542.67,516.12,37.40,40.07,1,-1,-1,-1
783,7,1223.88,725.13,155.23,88.27,1,-1,-1,-1
783,4,894.40,783.51,190.67,135.18,1,-1,-1,-1
784,9,1542.76,515.84,37.69,40.28,1,-1,-1,-1
784,4,900.50,783.55,198.35,140.97,1,-1,-1,-1
785,9,1542.79,515.98,37.79,40.18,1,-1,-1,-1
785,4,907.59,783.16,204.53,145.63,1,-1,-1,-1
786,4,915.46,789.16,210.63,151.62,1,-1,-1,-1
787,11,645.46,776.81,59.04,49.92,1,-1,-1,-1
787,10,1122.87,718.98,167.77,103.65,1,-1,-1,-1
787,4,920.67,791.64,215.60,156.92,1,-1,-1,-1
788,12,549.15,780.29,45.28,32.72,1,-1,-1,-1
788,11,639.10,777.86,62.30,49.90,1,-1,-1,-1
788,10,1089.09,722.68,162.28,99.87,1,-1,-1,-1
788,4,933.24,793.71,225.53,161.43,1,-1,-1,-1
789,12,549.07,780.32,46.49,32.77,1,-1,-1,-1
789,11,633.06,779.84,65.15,48.56,1,-1,-1,-1
789,10,1073.96,723.55,154.16,96.20,1,-1,-1,-1
789,4,942.35,794.66,234.60,165.49,1,-1,-1,-1
790,12,549.25,780.73,48.42,33.10,1,-1,-1,-1
790,11,626.58,781.74,67.76,46.66,1,-1,-1,-1
790,10,1080.79,731.93,123.49,81.00,1,-1,-1,-1
790,4,950.80,797.20,240.08,168.73,1,-1,-1,-1
791,12,549.28,781.17,50.30,33.39,1,-1,-1,-1
791,11,620.19,783.39,69.45,43.90,1,-1,-1,-1
791,10,1044.41,730.61,128.65,81.15,1,-1,-1,-1
791,4,970.30,802.26,248.66,174.15,1,-1,-1,-1
792,12,549.20,781.65,51.40,33.21,1,-1,-1,-1
792,11,600.29,784.62,70.65,41.45,1,-1,-1,-1
792,10,1008.36,731.68,134.84,81.61,1,-1,-1,-1
792,4,982.83,803.47,262.11,186.05,1,-1,-1,-1
793,12,549.17,782.17,52.61,33.01,1,-1,-1,-1
793,11,590.98,785.51,71.88,39.80,1,-1,-1,-1
793,10,988.20,732.54,135.20,82.85,1,-1,-1,-1
793,4,997.97,805.83,273.29,195.35,1,-1,-1,-1
794,11,584.65,786.30,72.05,38.40,1,-1,-1,-1
794,10,971.67,733.75,136.30,84.24,1,-1,-1,-1
794,4,1012.78,809.26,283.24,202.42,1,-1,-1,-1
795,11,578.10,786.79,71.93,37.42,1,-1,-1,-1
795,10,950.24,734.19,134.55,86.05,1,-1,-1,-1
795,4,1035.46,807.87,301.17,212.97,1,-1,-1,-1
796,11,570.91,787.13,72.38,36.89,1,-1,-1,-1
796,10,933.35,734.46,134.10,87.71,1,-1,-1,-1
796,4,1047.63,806.54,318.41,224.38,1,-1,-1,-1
797,11,564.36,786.87,73.16,36.97,1,-1,-1,-1
797,10,912.33,741.44,123.74,81.62,1,-1,-1,-1
797,4,1061.97,805.51,339.90,237.59,1,-1,-1,-1
798,11,548.62,783.91,76.11,38.33,1,-1,-1,-1
798,10,898.27,744.03,122.91,78.17,1,-1,-1,-1
798,4,1075.79,802.78,359.43,251.19,1,-1,-1,-1
799,11,542.32,782.73,77.04,39.98,1,-1,-1,-1
799,10,887.15,745.75,120.33,74.42,1,-1,-1,-1
799,4,1111.74,800.49,380.45,268.10,1,-1,-1,-1
800,11,539.80,782.20,75.98,41.46,1,-1,-1,-1
800,10,887.41,745.64,110.04,70.37,1,-1,-1,-1
800,4,1134.57,798.93,402.80,285.07,1,-1,-1,-1
801,11,538.58,782.27,73.58,42.30,1,-1,-1,-1
801,10,863.25,751.28,109.44,68.50,1,-1,-1,-1
801,4,1169.38,797.06,430.58,300.12,1,-1,-1,-1
802,11,538.40,782.15,70.56,42.97,1,-1,-1,-1
802,10,848.85,754.95,106.28,65.55,1,-1,-1,-1
802,4,1188.03,806.70,461.99,316.97,1,-1,-1,-1
803,11,538.81,782.08,67.35,43.40,1,-1,-1,-1
803,10,842.10,757.92,98.66,61.11,1,-1,-1,-1
803,4,1229.19,816.22,490.87,351.16,1,-1,-1,-1
804,11,539.19,781.56,64.32,43.73,1,-1,-1,-1
804,10,824.33,761.25,92.77,57.92,1,-1,-1,-1
804,4,1267.62,816.97,519.16,378.48,1,-1,-1,-1
805,11,538.97,781.04,61.65,43.72,1,-1,-1,-1
805,10,811.74,763.28,89.24,55.14,1,-1,-1,-1
805,4,1317.04,810.53,564.29,405.79,1,-1,-1,-1
806,11,537.74,780.44,60.03,43.23,1,-1,-1,-1
806,10,803.55,765.03,83.99,51.90,1,-1,-1,-1
806,4,1359.24,812.44,610.48,426.68,1,-1,-1,-1
807,11,536.64,780.07,59.09,42.42,1,-1,-1,-1
807,10,785.38,769.31,81.67,49.20,1,-1,-1,-1
807,4,1391.47,809.58,656.73,439.53,1,-1,-1,-1
808,11,535.95,779.67,58.83,41.31,1,-1,-1,-1
808,10,775.97,772.46,78.50,47.07,1,-1,-1,-1
808,4,1468.48,825.17,723.60,469.68,1,-1,-1,-1
809,13,1944.95,657.40,521.62,278.06,1,-1,-1,-1
809,11,536.15,779.60,58.32,40.11,1,-1,-1,-1
809,10,768.99,774.81,74.14,44.13,1,-1,-1,-1
809,4,1564.62,831.99,802.43,502.41,1,-1,-1,-1
810,13,1852.20,662.61,540.93,262.41,1,-1,-1,-1
810,11,536.74,779.65,57.43,38.87,1,-1,-1,-1
810,10,763.20,776.37,70.72,40.82,1,-1,-1,-1
810,4,1611.48,837.98,854.90,535.73,1,-1,-1,-1
811,13,1707.63,668.11,509.09,245.00,1,-1,-1,-1
811,10,743.01,778.22,70.05,38.74,1,-1,-1,-1
811,4,1661.11,850.02,877.62,567.08,1,-1,-1,-1
812,13,1605.59,672.07,473.82,230.15,1,-1,-1,-1
812,10,733.50,779.21,69.00,37.50,1,-1,-1,-1
812,4,1709.44,859.51,865.65,597.49,1,-1,-1,-1
813,13,1557.16,674.04,466.70,218.38,1,-1,-1,-1
813,10,727.90,780.13,64.23,36.03,1,-1,-1,-1
813,4,1786.85,866.15,825.78,616.22,1,-1,-1,-1
814,13,1495.54,678.95,434.40,201.72,1,-1,-1,-1
814,10,723.68,780.57,58.41,34.40,1,-1,-1,-1
814,4,1863.97,872.09,767.82,626.23,1,-1,-1,-1
815,13,1425.26,684.13,409.17,189.56,1,-1,-1,-1
815,10,720.81,781.06,52.12,32.59,1,-1,-1,-1
815,4,1927.02,867.18,711.33,628.23,1,-1,-1,-1
816,13,1377.46,689.63,347.33,170.90,1,-1,-1,-1
816,4,2077.62,879.93,604.65,639.46,1,-1,-1,-1
817,13,1368.31,694.52,307.19,155.68,1,-1,-1,-1
818,13,1315.27,700.47,277.48,142.60,1,-1,-1,-1
819,13,1299.09,705.46,252.38,132.56,1,-1,-1,-1
820,13,1271.19,710.06,228.86,123.38,1,-1,-1,-1
821,13,1238.79,715.04,210.15,116.35,1,-1,-1,-1
822,13,1206.92,719.87,189.71,107.83,1,-1,-1,-1
823,14,642.13,778.03,66.19,50.47,1,-1,-1,-1
823,13,1192.66,723.09,173.86,100.68,1,-1,-1,-1
824,14,635.20,778.08,68.71,50.09,1,-1,-1,-1
824,13,1166.32,726.29,159.28,93.97,1,-1,-1,-1
825,14,629.43,779.47,70.18,48.47,1,-1,-1,-1
825,13,1152.20,729.55,147.06,86.72,1,-1,-1,-1
826,14,624.00,781.20,71.03,46.05,1,-1,-1,-1
826,13,1127.37,733.35,135.52,80.58,1,-1,-1,-1
827,14,619.09,783.02,70.69,43.19,1,-1,-1,-1
828,14,597.99,784.16,72.89,40.95,1,-1,-1,-1
829,16,545.92,782.56,58.60,34.32,1,-1,-1,-1
829,14,588.98,785.17,74.42,39.51,1,-1,-1,-1
830,17,1027.92,724.61,156.20,101.45,1,-1,-1,-1
830,16,545.26,783.04,61.06,34.82,1,-1,-1,-1
830,14,583.60,786.05,74.02,38.17,1,-1,-1,-1
831,17,1015.51,726.33,152.53,99.19,1,-1,-1,-1
831,14,578.21,786.83,72.70,37.04,1,-1,-1,-1
832,17,989.61,727.43,149.06,98.64,1,-1,-1,-1
832,14,570.99,786.81,72.41,36.85,1,-1,-1,-1
833,17,971.97,728.63,146.73,97.48,1,-1,-1,-1
833,14,549.18,783.60,77.97,38.73,1,-1,-1,-1
834,17,950.01,729.68,143.93,97.66,1,-1,-1,-1
834,14,540.14,781.70,82.34,40.79,1,-1,-1,-1
835,17,935.14,730.83,141.72,97.65,1,-1,-1,-1
835,14,536.59,780.69,83.89,42.51,1,-1,-1,-1
836,17,922.03,731.84,140.70,96.48,1,-1,-1,-1
836,14,535.35,780.51,82.39,43.57,1,-1,-1,-1
837,17,904.67,738.32,130.64,88.88,1,-1,-1,-1
837,14,535.13,780.62,79.62,44.28,1,-1,-1,-1
838,17,891.49,741.14,127.50,83.71,1,-1,-1,-1
838,14,535.42,780.71,75.75,44.61,1,-1,-1,-1
839,17,886.21,742.37,118.78,78.58,1,-1,-1,-1
839,14,535.34,780.65,72.19,44.60,1,-1,-1,-1
840,17,866.80,747.60,112.02,74.60,1,-1,-1,-1
840,14,534.95,780.70,69.32,44.56,1,-1,-1,-1
841,17,853.46,751.50,109.44,71.37,1,-1,-1,-1
841,14,534.71,780.50,66.86,44.49,1,-1,-1,-1
842,17,844.35,754.54,104.56,67.56,1,-1,-1,-1
842,14,534.97,780.40,64.62,44.34,1,-1,-1,-1
843,17,829.33,757.39,95.08,63.57,1,-1,-1,-1
843,14,535.84,779.90,61.94,43.74,1,-1,-1,-1
844,17,820.65,758.85,88.78,60.76,1,-1,-1,-1
844,14,536.61,779.48,59.71,42.73,1,-1,-1,-1
845,17,811.44,760.70,84.10,57.70,1,-1,-1,-1
845,14,537.85,778.88,57.45,41.53,1,-1,-1,-1
846,17,804.69,762.27,79.71,54.62,1,-1,-1,-1
846,14,538.85,778.50,55.63,40.19,1,-1,-1,-1
847,17,786.88,766.47,78.10,52.33,1,-1,-1,-1
847,14,539.30,778.45,54.13,38.82,1,-1,-1,-1
848,17,777.39,769.28,75.91,50.07,1,-1,-1,-1
849,17,769.33,771.19,73.17,47.18,1,-1,-1,-1
850,17,762.85,772.81,70.60,44.30,1,-1,-1,-1
851,17,743.76,774.90,69.18,42.34,1,-1,-1,-1
852,17,733.23,776.18,69.49,41.65,1,-1,-1,-1
853,17,726.01,776.21,67.47,40.90,1,-1,-1,-1
854,17,720.16,775.30,64.19,40.09,1,-1,-1,-1
855,17,717.13,774.71,58.82,38.95,1,-1,-1,-1
862,18,646.86,777.04,61.31,49.97,1,-1,-1,-1
863,18,642.20,776.70,64.86,50.93,1,-1,-1,-1
864,18,636.76,777.90,66.99,49.97,1,-1,-1,-1
865,18,631.05,779.97,69.21,47.81,1,-1,-1,-1
866,18,624.73,782.16,71.49,45.43,1,-1,-1,-1
867,18,618.57,783.55,73.36,43.22,1,-1,-1,-1
868,18,597.66,785.16,75.61,41.08,1,-1,-1,-1
869,18,587.94,786.09,77.11,39.67,1,-1,-1,-1
870,18,582.42,787.21,75.90,38.23,1,-1,-1,-1
871,18,576.69,788.03,74.43,37.19,1,-1,-1,-1
872,18,570.96,788.12,73.35,36.63,1,-1,-1,-1
873,18,548.80,784.68,78.11,38.14,1,-1,-1,-1
874,18,539.53,782.53,81.76,40.04,1,-1,-1,-1
875,18,535.47,781.25,83.18,41.95,1,-1,-1,-1
876,18,534.11,780.71,81.74,43.33,1,-1,-1,-1
877,18,534.13,780.54,79.16,44.11,1,-1,-1,-1
878,18,535.32,780.43,75.49,44.66,1,-1,-1,-1
879,18,536.85,780.39,71.51,44.85,1,-1,-1,-1
880,18,537.42,780.36,68.02,44.91,1,-1,-1,-1
881,18,537.66,780.16,64.87,44.61,1,-1,-1,-1
882,18,537.34,780.10,62.71,44.00,1,-1,-1,-1
931,19,9.76,1300.43,166.90,194.50,1,-1,-1,-1
932,19,14.91,1290.72,199.79,202.31,1,-1,-1,-1
933,19,16.02,1284.23,230.70,210.54,1,-1,-1,-1
934,19,17.09,1272.43,266.41,225.27,1,-1,-1,-1
935,19,16.95,1264.16,297.06,232.29,1,-1,-1,-1
936,19,15.06,1257.12,323.52,238.24,1,-1,-1,-1
937,19,11.77,1252.53,344.26,242.48,1,-1,-1,-1
938,19,9.03,1248.48,361.74,245.81,1,-1,-1,-1
939,19,17.10,1242.90,395.12,246.80,1,-1,-1,-1
940,19,16.49,1240.20,421.72,247.47,1,-1,-1,-1
941,19,13.95,1239.37,443.91,246.96,1,-1,-1,-1
942,19,11.44,1239.42,463.25,246.14,1,-1,-1,-1
943,19,7.70,1239.92,477.64,245.14,1,-1,-1,-1
944,19,3.05,1239.76,486.59,245.26,1,-1,-1,-1
945,19,15.60,1223.38,497.48,243.78,1,-1,-1,-1
946,19,48.31,1202.02,531.61,245.16,1,-1,-1,-1
947,19,63.85,1191.95,558.06,249.30,1,-1,-1,-1
948,19,75.67,1186.62,576.32,250.59,1,-1,-1,-1
949,19,83.23,1184.73,584.79,250.60,1,-1,-1,-1
950,19,107.45,1176.39,607.28,244.82,1,-1,-1,-1
951,19,123.68,1173.43,618.45,241.55,1,-1,-1,-1
952,19,141.96,1171.60,619.18,239.78,1,-1,-1,-1
953,19,158.48,1172.59,612.74,237.56,1,-1,-1,-1
954,19,172.51,1173.55,600.14,235.86,1,-1,-1,-1
955,19,199.27,1159.01,612.58,231.82,1,-1,-1,-1
956,19,208.35,1153.68,623.57,230.15,1,-1,-1,-1
957,19,217.50,1151.38,626.63,229.46,1,-1,-1,-1
958,19,228.71,1150.05,625.08,229.22,1,-1,-1,-1
959,19,248.37,1135.63,622.90,226.54,1,-1,-1,-1
960,19,258.80,1130.30,621.86,224.31,1,-1,-1,-1
961,19,305.33,1123.94,603.82,222.03,1,-1,-1,-1
962,19,327.07,1121.40,591.53,220.77,1,-1,-1,-1
963,19,342.56,1120.28,579.81,219.59,1,-1,-1,-1
964,19,355.52,1118.52,570.74,219.75,1,-1,-1,-1
965,19,368.18,1116.59,562.05,221.03,1,-1,-1,-1
966,19,378.27,1115.97,555.17,222.99,1,-1,-1,-1
967,19,383.82,1115.55,551.82,225.53,1,-1,-1,-1
968,19,387.52,1115.75,552.28,227.81,1,-1,-1,-1
969,19,389.73,1115.08,554.33,229.47,1,-1,-1,-1
970,19,391.74,1115.06,554.23,230.71,1,-1,-1,-1
971,19,411.32,1105.25,573.52,234.55,1,-1,-1,-1
972,19,416.84,1099.64,591.91,238.69,1,-1,-1,-1
973,19,420.86,1096.26,607.30,241.59,1,-1,-1,-1
974,19,428.69,1093.92,617.19,242.67,1,-1,-1,-1
975,19,440.58,1091.47,624.00,242.47,1,-1,-1,-1
976,19,453.16,1090.10,623.52,239.73,1,-1,-1,-1
977,19,482.21,1079.03,633.95,238.53,1,-1,-1,-1
978,19,502.92,1074.22,641.46,236.74,1,-1,-1,-1
979,19,525.55,1071.19,642.89,235.86,1,-1,-1,-1
980,19,545.33,1068.96,637.40,235.20,1,-1,-1,-1
981,19,582.83,1056.28,637.34,238.89,1,-1,-1,-1
982,19,610.25,1049.12,636.74,241.72,1,-1,-1,-1
983,19,636.33,1044.95,630.14,244.41,1,-1,-1,-1
984,19,660.06,1042.53,613.30,247.17,1,-1,-1,-1
985,19,707.99,1026.56,614.64,246.38,1,-1,-1,-1
986,19,741.32,1019.76,606.67,246.81,1,-1,-1,-1
987,19,786.36,1010.18,621.26,248.35,1,-1,-1,-1
988,19,814.04,1003.85,634.82,251.50,1,-1,-1,-1
989,19,837.39,999.32,637.96,254.55,1,-1,-1,-1
990,19,879.76,991.19,652.86,258.07,1,-1,-1,-1
991,19,908.22,987.13,664.80,262.04,1,-1,-1,-1
992,19,955.27,981.22,673.99,264.34,1,-1,-1,-1
993,19,983.75,977.91,687.04,267.78,1,-1,-1,-1
994,19,1010.13,975.38,690.86,271.48,1,-1,-1,-1
995,19,1053.18,970.33,698.90,276.88,1,-1,-1,-1
996,19,1084.83,964.78,710.44,294.60,1,-1,-1,-1
997,19,1128.47,961.93,719.42,311.53,1,-1,-1,-1
998,19,1172.28,959.05,721.30,327.21,1,-1,-1,-1
999,19,1232.15,961.10,725.81,343.76,1,-1,-1,-1
1000,19,1275.15,965.10,739.68,360.18,1,-1,-1,-1
1001,19,1322.03,968.93,753.99,381.34,1,-1,-1,-1
1002,19,1395.17,970.13,773.31,408.23,1,-1,-1,-1
1003,19,1445.77,977.95,797.86,434.13,1,-1,-1,-1
1004,19,1494.69,983.60,814.80,455.07,1,-1,-1,-1
1005,19,1562.39,985.01,867.24,483.94,1,-1,-1,-1
1006,19,1612.84,1010.67,894.42,507.23,1,-1,-1,-1
1007,19,1658.82,1027.74,900.89,534.95,1,-1,-1,-1
1008,19,1698.48,1045.10,892.09,557.40,1,-1,-1,-1
1012,19,1933.61,1064.22,707.91,597.78,1,-1,-1,-1
1013,19,2079.25,1082.66,596.80,606.33,1,-1,-1,-1
1014,19,2163.40,1083.89,510.68,624.90,1,-1,-1,-1
1093,20,2014.95,553.24,513.89,459.15,1,-1,-1,-1
1094,20,1949.72,549.21,567.50,472.57,1,-1,-1,-1
1095,20,1892.90,553.71,612.41,462.17,1,-1,-1,-1
1096,20,1806.49,557.92,635.11,448.54,1,-1,-1,-1
1097,20,1737.79,562.42,640.89,432.87,1,-1,-1,-1
1098,20,1646.50,564.73,612.08,383.78,1,-1,-1,-1
1099,20,1609.56,576.08,591.06,349.26,1,-1,-1,-1
1100,20,1548.80,586.48,564.63,324.83,1,-1,-1,-1
1101,20,1489.89,592.93,530.79,302.55,1,-1,-1,-1
1102,20,1460.25,600.93,505.74,287.48,1,-1,-1,-1
1103,20,1413.26,608.87,480.75,270.18,1,-1,-1,-1
1104,20,1388.82,617.40,455.44,256.09,1,-1,-1,-1
1105,20,1371.54,621.39,429.52,243.99,1,-1,-1,-1
1106,20,1339.28,630.80,403.95,231.85,1,-1,-1,-1
1107,20,1318.35,638.28,376.61,219.09,1,-1,-1,-1
1108,20,1304.16,641.88,352.99,206.02,1,-1,-1,-1
1109,20,1276.52,649.81,332.62,193.98,1,-1,-1,-1
1110,20,1254.31,654.76,315.56,184.47,1,-1,-1,-1
1111,20,1239.01,661.82,294.37,174.14,1,-1,-1,-1
1112,20,1215.93,667.37,274.62,164.90,1,-1,-1,-1
1113,20,1204.07,672.98,258.93,156.33,1,-1,-1,-1
1114,20,1181.85,678.47,243.33,148.13,1,-1,-1,-1
1115,20,1168.67,682.80,232.35,141.49,1,-1,-1,-1
1116,20,1150.49,685.75,218.98,135.31,1,-1,-1,-1
1117,20,1138.48,687.90,208.70,130.78,1,-1,-1,-1
1118,20,1119.92,690.92,193.80,124.88,1,-1,-1,-1
1119,20,1107.41,692.83,186.52,121.61,1,-1,-1,-1
1120,20,1097.24,694.89,179.33,117.43,1,-1,-1,-1
1121,20,1080.68,698.19,170.84,112.62,1,-1,-1,-1
1122,20,1068.57,700.11,164.16,108.76,1,-1,-1,-1
1123,20,1058.82,702.69,157.30,104.58,1,-1,-1,-1
1124,20,1042.54,706.40,150.90,99.74,1,-1,-1,-1
1125,20,1030.82,709.30,145.02,95.61,1,-1,-1,-1
1126,20,1019.96,711.56,140.25,92.07,1,-1,-1,-1
1127,20,1005.04,713.13,135.45,89.09,1,-1,-1,-1
1128,20,995.18,714.00,131.92,86.47,1,-1,-1,-1
1129,20,984.96,715.70,127.65,83.71,1,-1,-1,-1
1130,20,975.55,717.66,122.90,80.95,1,-1,-1,-1
1131,20,962.34,718.34,118.33,79.94,1,-1,-1,-1
1132,20,952.12,718.59,115.20,78.95,1,-1,-1,-1
1133,20,941.90,719.52,110.83,77.07,1,-1,-1,-1
1134,20,933.16,725.94,107.47,75.02,1,-1,-1,-1
1138,21,872.62,717.25,140.63,103.24,1,-1,-1,-1
1139,21,861.50,717.53,139.19,105.01,1,-1,-1,-1
1140,21,853.36,717.84,140.64,106.15,1,-1,-1,-1
1141,21,844.51,718.33,143.26,106.88,1,-1,-1,-1
1142,21,834.10,719.81,145.56,106.43,1,-1,-1,-1
1143,21,824.92,720.91,146.24,105.72,1,-1,-1,-1
1144,21,812.37,723.14,138.93,104.15,1,-1,-1,-1
1145,21,804.10,724.61,134.57,102.97,1,-1,-1,-1
1146,21,798.06,733.87,129.11,93.02,1,-1,-1,-1
1147,22,1858.56,666.21,549.04,281.60,1,-1,-1,-1
1147,21,790.45,738.76,127.54,86.06,1,-1,-1,-1
1148,22,1763.19,668.03,550.79,266.21,1,-1,-1,-1
1148,21,783.83,741.24,126.71,81.71,1,-1,-1,-1
1149,22,1678.90,671.83,530.68,253.16,1,-1,-1,-1
1149,21,779.40,743.21,124.45,78.74,1,-1,-1,-1
1150,22,1632.96,677.38,526.55,240.19,1,-1,-1,-1
1150,21,769.99,745.96,121.07,77.44,1,-1,-1,-1
1151,22,1572.20,686.02,504.16,221.47,1,-1,-1,-1
1151,21,765.19,748.90,116.23,75.09,1,-1,-1,-1
1152,22,1506.43,695.73,478.15,204.85,1,-1,-1,-1
1152,21,760.88,751.37,111.24,72.10,1,-1,-1,-1
1153,22,1474.81,702.36,449.93,189.68,1,-1,-1,-1
1153,21,755.63,753.14,107.83,69.33,1,-1,-1,-1
1154,22,1428.59,706.24,425.97,180.58,1,-1,-1,-1
1154,21,750.37,754.41,105.79,67.11,1,-1,-1,-1
1155,22,1400.86,708.31,404.96,172.80,1,-1,-1,-1
1155,21,746.71,755.32,102.52,65.19,1,-1,-1,-1
1156,22,1370.93,707.67,363.15,166.06,1,-1,-1,-1
1156,21,731.64,758.53,98.85,62.76,1,-1,-1,-1
1157,22,1342.21,704.77,350.17,165.12,1,-1,-1,-1
1157,21,725.90,759.47,95.83,61.15,1,-1,-1,-1
1158,22,1325.54,705.19,322.70,159.03,1,-1,-1,-1
1158,21,723.31,760.82,92.22,58.89,1,-1,-1,-1
1159,22,1303.65,707.09,295.53,151.54,1,-1,-1,-1
1159,21,721.89,762.01,86.71,56.51,1,-1,-1,-1
1160,22,1292.77,709.30,276.86,144.87,1,-1,-1,-1
1160,21,721.12,762.88,80.57,54.19,1,-1,-1,-1
1161,22,1271.15,711.54,257.27,138.75,1,-1,-1,-1
1161,21,720.27,763.42,74.50,52.24,1,-1,-1,-1
1162,22,1259.56,713.93,243.16,133.75,1,-1,-1,-1
1162,21,720.25,763.75,67.83,50.11,1,-1,-1,-1
1163,22,1239.91,716.45,228.42,128.82,1,-1,-1,-1
1163,21,720.72,764.66,61.30,47.70,1,-1,-1,-1
1164,22,1228.97,718.04,215.63,123.87,1,-1,-1,-1
1165,22,1222.99,718.83,203.36,119.45,1,-1,-1,-1
1166,22,1210.10,720.06,189.50,114.16,1,-1,-1,-1
1167,22,1204.11,721.02,176.68,109.39,1,-1,-1,-1
1168,22,1200.76,720.81,163.97,105.45,1,-1,-1,-1
1169,22,1200.30,720.45,151.17,102.11,1,-1,-1,-1
1170,22,1197.08,720.19,138.47,98.96,1,-1,-1,-1
1171,22,1198.97,719.99,127.79,96.09,1,-1,-1,-1
1172,22,1201.06,717.04,116.24,89.12,1,-1,-1,-1
1173,22,1205.20,716.37,107.00,83.50,1,-1,-1,-1
1174,23,636.54,770.32,69.80,58.76,1,-1,-1,-1
1174,22,1209.82,715.37,99.62,78.76,1,-1,-1,-1
1175,23,633.45,770.43,71.92,58.36,1,-1,-1,-1
1175,22,1214.95,712.94,92.79,74.30,1,-1,-1,-1
1176,23,629.92,771.16,73.87,57.74,1,-1,-1,-1
1177,23,626.40,771.85,75.41,56.61,1,-1,-1,-1
1178,23,623.17,772.91,76.66,55.07,1,-1,-1,-1
1179,24,1224.49,670.73,126.73,104.58,1,-1,-1,-1
1179,23,619.10,773.75,78.62,53.38,1,-1,-1,-1
1180,24,1229.91,665.97,129.88,107.65,1,-1,-1,-1
1180,23,615.55,775.20,80.14,51.27,1,-1,-1,-1
1181,24,1237.02,657.43,131.87,104.16,1,-1,-1,-1
1181,23,612.92,776.33,80.78,49.01,1,-1,-1,-1
1182,24,1246.91,657.95,124.04,92.41,1,-1,-1,-1
1182,23,594.76,776.75,84.48,47.60,1,-1,-1,-1
1183,24,1256.50,657.89,115.59,84.68,1,-1,-1,-1
1183,23,585.72,777.47,87.25,46.67,1,-1,-1,-1
1184,24,1281.26,647.97,110.41,78.99,1,-1,-1,-1
1184,23,580.62,777.77,89.02,46.24,1,-1,-1,-1
1185,24,1291.59,644.35,108.23,75.61,1,-1,-1,-1
1185,23,576.15,778.04,89.80,46.18,1,-1,-1,-1
1186,24,1298.80,641.83,105.58,72.97,1,-1,-1,-1
1186,23,572.77,778.56,89.31,45.84,1,-1,-1,-1
1187,24,1307.93,640.07,99.80,68.40,1,-1,-1,-1
1187,23,569.05,778.73,88.11,45.40,1,-1,-1,-1
1188,24,1317.17,639.17,91.58,62.04,1,-1,-1,-1
1188,23,566.44,779.12,85.57,44.71,1,-1,-1,-1
1189,24,1327.08,629.33,83.35,58.55,1,-1,-1,-1
1189,23,565.03,779.34,82.73,43.98,1,-1,-1,-1
1190,24,1352.05,620.21,77.70,58.27,1,-1,-1,-1
1190,23,564.36,779.88,80.22,43.38,1,-1,-1,-1
1191,23,563.19,780.73,78.28,42.49,1,-1,-1,-1
1192,23,561.86,781.27,75.88,41.84,1,-1,-1,-1
1197,27,1448.54,563.98,113.44,63.59,1,-1,-1,-1
1198,27,1472.91,549.58,124.34,67.99,1,-1,-1,-1
1199,27,1484.05,544.35,123.34,67.19,1,-1,-1,-1
1200,27,1495.71,543.34,113.32,62.68,1,-1,-1,-1
1201,27,1508.93,543.60,98.80,56.71,1,-1,-1,-1
1202,28,1567.42,514.84,69.72,60.46,1,-1,-1,-1
1202,27,1520.10,530.12,82.59,54.53,1,-1,-1,-1
1203,28,1565.89,514.45,78.08,64.96,1,-1,-1,-1
1203,27,1529.28,525.34,68.86,51.45,1,-1,-1,-1
1204,28,1562.56,510.50,89.06,68.87,1,-1,-1,-1
1205,28,1559.28,506.28,95.83,70.18,1,-1,-1,-1
1206,28,1578.25,498.28,102.69,69.10,1,-1,-1,-1
1207,28,1589.27,494.43,102.57,66.60,1,-1,-1,-1
1208,28,1598.99,493.07,94.58,62.24,1,-1,-1,-1
1209,28,1607.45,493.64,84.21,57.19,1,-1,-1,-1
1210,29,1540.36,515.33,40.71,41.82,1,-1,-1,-1
1211,29,1540.65,515.34,41.27,42.16,1,-1,-1,-1
1212,29,1540.92,516.21,41.32,41.92,1,-1,-1,-1
1213,29,1541.11,516.52,41.35,41.83,1,-1,-1,-1
1214,31,2168.95,616.87,340.41,376.05,1,-1,-1,-1
1214,29,1541.39,516.55,41.34,41.87,1,-1,-1,-1
1215,31,2096.40,613.96,416.51,373.68,1,-1,-1,-1
1215,29,1541.72,516.06,41.40,42.28,1,-1,-1,-1
1216,29,1541.96,515.76,41.56,42.79,1,-1,-1,-1
1217,29,1541.96,515.40,41.81,43.28,1,-1,-1,-1
1218,29,1541.80,515.22,42.03,43.79,1,-1,-1,-1
1219,31,1777.16,627.26,533.97,306.81,1,-1,-1,-1
1219,29,1541.83,515.07,41.94,44.10,1,-1,-1,-1
1220,31,1730.25,630.28,543.15,296.58,1,-1,-1,-1
1220,29,1542.01,515.05,41.64,44.33,1,-1,-1,-1
1221,31,1659.94,633.30,537.65,285.10,1,-1,-1,-1
1222,31,1591.64,635.44,510.25,275.13,1,-1,-1,-1
1223,31,1553.90,640.73,498.21,264.37,1,-1,-1,-1
1224,31,1498.16,647.38,470.85,251.96,1,-1,-1,-1
1225,31,1466.47,655.86,449.19,239.21,1,-1,-1,-1
1226,31,1421.65,662.84,420.91,227.49,1,-1,-1,-1
1227,31,1394.92,667.54,396.70,219.30,1,-1,-1,-1
1228,31,1357.34,669.75,370.47,212.81,1,-1,-1,-1
1229,31,1330.38,673.69,337.41,198.35,1,-1,-1,-1
1230,31,1323.32,677.03,307.59,186.83,1,-1,-1,-1
1231,31,1299.23,682.00,286.09,176.85,1,-1,-1,-1
1232,31,1268.94,687.48,265.07,168.78,1,-1,-1,-1
1233,33,1542.28,515.89,37.10,41.44,1,-1,-1,-1
1233,31,1254.11,689.38,252.18,162.87,1,-1,-1,-1
1234,33,1541.80,516.01,37.30,41.35,1,-1,-1,-1
1234,31,1227.81,692.93,240.46,156.19,1,-1,-1,-1
1235,33,1541.37,515.85,37.73,41.51,1,-1,-1,-1
1235,31,1214.91,696.45,228.43,149.53,1,-1,-1,-1
1236,33,1541.22,515.60,38.28,41.64,1,-1,-1,-1
1236,31,1190.05,699.48,216.90,143.85,1,-1,-1,-1
1237,33,1541.07,515.43,38.84,41.78,1,-1,-1,-1
1237,31,1176.72,702.07,205.78,138.33,1,-1,-1,-1
1238,33,1541.04,515.35,39.27,41.74,1,-1,-1,-1
1238,31,1152.76,704.30,197.62,133.49,1,-1,-1,-1
1239,33,1541.00,515.50,39.47,41.46,1,-1,-1,-1
1239,31,1139.04,707.71,188.46,126.93,1,-1,-1,-1
1240,33,1541.04,515.73,39.54,41.07,1,-1,-1,-1
1240,31,1115.07,712.56,180.20,120.34,1,-1,-1,-1
1241,36,586.23,800.06,76.66,57.19,1,-1,-1,-1
1241,33,1541.06,516.00,39.56,40.72,1,-1,-1,-1
1241,31,1100.58,715.80,171.78,114.03,1,-1,-1,-1
1242,37,1561.68,506.62,48.68,40.68,1,-1,-1,-1
1242,36,588.16,800.77,79.60,57.81,1,-1,-1,-1
1242,33,1541.01,516.11,39.64,40.62,1,-1,-1,-1
1242,31,1079.22,719.56,163.64,108.66,1,-1,-1,-1
1243,37,1561.84,506.74,48.40,40.57,1,-1,-1,-1
1243,36,590.14,800.82,81.15,57.43,1,-1,-1,-1
1243,33,1541.07,516.10,39.59,40.31,1,-1,-1,-1
1243,31,1065.08,721.56,155.96,103.85,1,-1,-1,-1
1244,36,600.99,801.35,85.52,58.45,1,-1,-1,-1
1244,33,1541.21,516.11,39.41,39.89,1,-1,-1,-1
1244,31,1044.16,724.51,149.85,100.76,1,-1,-1,-1
1245,36,605.73,801.01,89.00,59.56,1,-1,-1,-1
1245,33,1541.46,516.11,39.13,39.28,1,-1,-1,-1
1245,31,1031.10,726.28,143.68,97.42,1,-1,-1,-1
1246,36,610.09,800.89,90.22,60.09,1,-1,-1,-1
1246,33,1541.59,516.19,38.95,38.84,1,-1,-1,-1
1246,31,1019.05,727.94,138.77,94.46,1,-1,-1,-1
1247,36,615.51,800.75,90.60,60.44,1,-1,-1,-1
1247,33,1541.66,516.28,38.88,38.56,1,-1,-1,-1
1247,31,1000.56,728.91,135.92,93.24,1,-1,-1,-1
1248,36,621.72,800.60,90.54,61.00,1,-1,-1,-1
1248,33,1541.84,516.10,38.93,38.46,1,-1,-1,-1
1248,31,987.76,729.00,132.85,92.43,1,-1,-1,-1
1249,36,627.68,800.75,90.18,61.84,1,-1,-1,-1
1249,33,1542.08,515.74,39.10,38.53,1,-1,-1,-1
1249,31,976.03,728.89,128.78,90.70,1,-1,-1,-1
1250,36,633.30,801.53,87.92,62.34,1,-1,-1,-1
1250,33,1542.30,515.23,39.35,38.63,1,-1,-1,-1
1250,31,960.70,730.62,123.81,89.10,1,-1,-1,-1
1251,36,638.37,802.55,84.63,62.24,1,-1,-1,-1
1251,33,1542.34,514.97,39.58,38.72,1,-1,-1,-1
1251,31,950.02,731.77,120.92,88.50,1,-1,-1,-1
1252,36,643.10,803.90,80.79,61.39,1,-1,-1,-1
1252,33,1542.32,514.90,39.73,38.85,1,-1,-1,-1
1252,31,938.93,732.37,117.87,88.12,1,-1,-1,-1
1253,36,654.55,803.95,82.85,61.71,1,-1,-1,-1
1253,33,1542.31,515.01,39.77,39.04,1,-1,-1,-1
1253,31,929.97,732.45,114.98,87.30,1,-1,-1,-1
1254,36,661.50,804.87,86.78,61.90,1,-1,-1,-1
1254,33,1542.34,515.14,39.74,39.24,1,-1,-1,-1
1254,31,915.31,732.55,109.95,86.16,1,-1,-1,-1
1255,36,667.10,805.02,91.06,62.70,1,-1,-1,-1
1255,33,1542.34,515.27,39.70,39.31,1,-1,-1,-1
1255,31,903.51,733.50,106.97,84.63,1,-1,-1,-1
1256,36,671.56,804.58,93.53,64.20,1,-1,-1,-1
1256,33,1542.33,515.34,39.63,39.33,1,-1,-1,-1
1256,31,896.61,741.30,100.55,75.36,1,-1,-1,-1
1257,36,676.13,803.46,93.22,65.48,1,-1,-1,-1
1257,33,1542.32,515.35,39.54,39.32,1,-1,-1,-1
1257,31,894.27,744.94,92.40,68.62,1,-1,-1,-1
1258,36,700.41,801.73,90.17,66.40,1,-1,-1,-1
1258,33,1542.38,515.32,39.43,39.34,1,-1,-1,-1
1258,31,877.28,749.61,87.28,64.84,1,-1,-1,-1
1259,36,711.10,800.32,91.70,68.31,1,-1,-1,-1
1259,33,1542.47,515.25,39.35,39.37,1,-1,-1,-1
1259,31,866.30,752.41,84.59,61.75,1,-1,-1,-1
1260,36,717.96,799.43,95.20,70.56,1,-1,-1,-1
1260,33,1542.63,515.29,39.24,39.49,1,-1,-1,-1
1260,31,857.06,754.95,82.24,58.70,1,-1,-1,-1
1261,36,723.21,798.56,99.60,72.79,1,-1,-1,-1
1261,33,1542.76,515.40,39.13,39.57,1,-1,-1,-1
1261,31,851.51,757.84,78.08,55.57,1,-1,-1,-1
1262,36,726.27,797.12,105.01,75.07,1,-1,-1,-1
1262,33,1542.83,515.45,39.13,39.68,1,-1,-1,-1
1262,31,839.66,762.33,71.02,51.48,1,-1,-1,-1
1263,36,738.63,799.52,108.99,78.45,1,-1,-1,-1
1263,33,1542.80,515.43,39.22,39.65,1,-1,-1,-1
1264,36,744.78,800.77,114.39,82.00,1,-1,-1,-1
1264,33,1542.80,515.32,39.37,39.72,1,-1,-1,-1
1265,36,749.77,801.06,118.73,84.70,1,-1,-1,-1
1265,33,1542.83,515.31,39.40,39.81,1,-1,-1,-1
1266,39,809.82,755.08,74.95,51.17,1,-1,-1,-1
1266,36,756.20,792.38,121.08,87.89,1,-1,-1,-1
1266,33,1542.83,515.31,39.41,39.95,1,-1,-1,-1
1267,36,758.15,785.72,128.12,93.62,1,-1,-1,-1
1267,33,1542.83,515.25,39.34,40.07,1,-1,-1,-1
1268,36,762.71,781.44,133.78,98.50,1,-1,-1,-1
1268,33,1542.91,515.13,39.28,40.15,1,-1,-1,-1
1269,36,775.30,786.23,136.71,99.31,1,-1,-1,-1
1269,33,1543.04,514.97,39.17,40.23,1,-1,-1,-1
1270,36,784.81,790.71,140.02,99.71,1,-1,-1,-1
1270,33,1543.31,514.86,39.12,40.35,1,-1,-1,-1
1271,36,795.06,794.13,143.05,100.42,1,-1,-1,-1
1271,33,1543.48,514.97,39.02,40.40,1,-1,-1,-1
1272,40,725.94,768.81,84.52,50.03,1,-1,-1,-1
1272,36,803.23,794.65,146.65,101.58,1,-1,-1,-1
1272,33,1543.59,515.02,39.05,40.44,1,-1,-1,-1
1273,40,723.11,767.73,80.06,50.31,1,-1,-1,-1
1273,36,819.94,799.29,151.21,102.05,1,-1,-1,-1
1273,33,1543.76,515.68,38.95,40.26,1,-1,-1,-1
1274,40,720.76,766.68,74.53,50.09,1,-1,-1,-1
1274,36,831.73,800.25,156.54,104.24,1,-1,-1,-1
1274,33,1543.85,516.60,38.83,39.89,1,-1,-1,-1
1275,40,718.05,766.14,69.77,49.50,1,-1,-1,-1
1275,36,840.89,798.55,162.81,108.05,1,-1,-1,-1
1275,33,1543.96,517.75,38.51,39.41,1,-1,-1,-1
1276,40,716.65,766.84,63.38,48.19,1,-1,-1,-1
1276,36,854.09,799.71,168.92,110.26,1,-1,-1,-1
1276,33,1543.90,518.36,38.21,39.04,1,-1,-1,-1
1277,36,863.91,799.49,172.47,113.47,1,-1,-1,-1
1277,33,1543.88,518.40,38.01,38.94,1,-1,-1,-1
1278,36,873.10,802.60,180.06,121.70,1,-1,-1,-1
1278,33,1543.97,518.00,37.84,39.14,1,-1,-1,-1
1279,36,880.76,801.60,187.41,129.58,1,-1,-1,-1
1279,33,1544.06,517.73,37.72,39.35,1,-1,-1,-1
1280,36,896.60,799.37,195.09,136.57,1,-1,-1,-1
1280,33,1544.23,517.57,37.58,39.45,1,-1,-1,-1
1281,36,907.90,796.81,202.20,143.62,1,-1,-1,-1
1281,33,1544.24,517.53,37.52,39.45,1,-1,-1,-1
1282,36,918.06,795.00,208.18,149.71,1,-1,-1,-1
1282,33,1544.31,517.20,37.48,39.62,1,-1,-1,-1
1283,41,650.92,777.78,57.59,47.79,1,-1,-1,-1
1283,36,937.38,793.21,216.95,156.78,1,-1,-1,-1
1283,33,1544.36,516.82,37.46,39.95,1,-1,-1,-1
1284,41,646.24,776.51,61.80,49.54,1,-1,-1,-1
1284,36,951.92,793.13,221.94,163.01,1,-1,-1,-1
1284,33,1544.38,516.79,37.34,40.17,1,-1,-1,-1
1285,41,640.29,776.30,64.80,50.34,1,-1,-1,-1
1285,36,971.81,793.95,232.89,170.57,1,-1,-1,-1
1285,33,1544.31,517.15,37.13,40.10,1,-1,-1,-1
1286,41,634.71,777.36,66.55,49.67,1,-1,-1,-1
1286,36,984.62,796.54,242.24,178.29,1,-1,-1,-1
1286,33,1544.20,517.63,36.88,39.90,1,-1,-1,-1
1287,41,628.94,779.20,68.71,48.23,1,-1,-1,-1
1287,36,998.05,795.99,258.92,188.58,1,-1,-1,-1
1288,41,624.25,781.12,70.73,46.46,1,-1,-1,-1
1288,36,1015.33,796.81,269.74,196.78,1,-1,-1,-1
1289,41,619.53,782.55,72.39,44.85,1,-1,-1,-1
1289,36,1026.79,798.30,283.21,203.75,1,-1,-1,-1
1290,41,599.52,783.58,72.33,42.71,1,-1,-1,-1
1290,36,1056.48,800.45,301.47,215.13,1,-1,-1,-1
1291,41,589.55,784.11,73.91,41.82,1,-1,-1,-1
1291,36,1079.86,803.45,320.61,226.34,1,-1,-1,-1
1292,41,581.18,784.71,75.48,41.19,1,-1,-1,-1
1292,36,1115.46,805.84,349.30,241.29,1,-1,-1,-1
1293,41,574.23,784.47,76.37,40.95,1,-1,-1,-1
1293,36,1139.77,809.22,371.57,256.12,1,-1,-1,-1
1294,41,568.02,784.11,76.88,40.97,1,-1,-1,-1
1294,36,1180.80,810.30,413.25,269.77,1,-1,-1,-1
1295,41,564.29,783.70,76.54,41.51,1,-1,-1,-1
1295,36,1204.07,821.65,441.62,286.97,1,-1,-1,-1
1296,41,563.14,783.85,73.83,41.99,1,-1,-1,-1
1296,36,1251.99,829.21,466.73,322.37,1,-1,-1,-1
1297,41,562.13,783.70,71.44,42.48,1,-1,-1,-1
1297,36,1286.68,827.62,479.72,331.37,1,-1,-1,-1
1298,41,549.49,781.33,73.61,44.00,1,-1,-1,-1
1298,36,1367.01,841.53,514.10,359.85,1,-1,-1,-1
1299,41,544.37,780.22,74.64,45.16,1,-1,-1,-1
1299,36,1413.39,843.06,557.68,381.74,1,-1,-1,-1
1300,41,542.57,780.05,73.25,45.95,1,-1,-1,-1
1300,36,1516.51,862.55,609.53,419.63,1,-1,-1,-1
1301,36,1629.86,875.76,700.88,469.74,1,-1,-1,-1
1302,36,1695.42,894.17,755.42,517.42,1,-1,-1,-1
1306,36,2011.60,956.30,633.20,636.38,1,-1,-1,-1
1348,45,1539.23,509.94,45.53,48.35,1,-1,-1,-1
1349,45,1539.12,509.84,45.61,48.44,1,-1,-1,-1
1350,45,1539.04,509.72,45.79,48.61,1,-1,-1,-1
1351,45,1539.09,509.67,45.86,48.63,1,-1,-1,-1
1352,45,1539.11,509.49,46.06,48.65,1,-1,-1,-1
1353,45,1539.29,509.54,45.89,48.42,1,-1,-1,-1
1354,45,1539.47,509.74,45.53,48.02,1,-1,-1,-1
1355,45,1539.72,510.20,44.83,47.45,1,-1,-1,-1
1356,45,1539.97,510.67,44.23,46.90,1,-1,-1,-1
1357,45,1540.24,510.84,43.87,46.60,1,-1,-1,-1
1400,46,1541.58,510.58,42.03,47.82,1,-1,-1,-1
1467,48,1761.63,734.24,691.75,401.89,1,-1,-1,-1
1468,48,1670.11,738.21,733.22,395.47,1,-1,-1,-1
1469,48,1538.84,750.30,719.27,383.58,1,-1,-1,-1
1470,48,1489.81,774.25,652.75,333.33,1,-1,-1,-1
1471,48,1397.54,821.04,653.98,296.84,1,-1,-1,-1
1472,48,1295.26,809.69,670.95,252.34,1,-1,-1,-1
1475,49,878.51,931.61,509.27,222.31,1,-1,-1,-1
1476,49,784.76,956.25,502.53,227.36,1,-1,-1,-1
1477,49,700.78,980.64,485.29,226.80,1,-1,-1,-1
1478,49,612.81,1005.15,468.51,224.20,1,-1,-1,-1
1479,49,521.77,1026.69,456.62,219.37,1,-1,-1,-1
1480,49,486.87,1035.99,442.57,210.81,1,-1,-1,-1
1481,49,408.86,1064.13,440.02,208.99,1,-1,-1,-1
1482,49,334.40,1088.85,429.70,201.83,1,-1,-1,-1
1483,49,302.45,1103.85,409.05,194.51,1,-1,-1,-1
1484,49,228.89,1119.46,408.57,191.38,1,-1,-1,-1
1485,49,266.18,1133.29,333.83,174.55,1,-1,-1,-1
1487,50,-4.57,1184.56,376.03,205.95,1,-1,-1,-1
1488,50,-16.68,1187.63,359.28,205.24,1,-1,-1,-1
1489,50,-16.70,1193.38,341.04,204.93,1,-1,-1,-1
1490,50,-23.06,1198.42,297.52,185.37,1,-1,-1,-1
1491,50,-34.94,1227.99,240.91,167.41,1,-1,-1,-1
1624,52,583.12,799.38,68.48,54.55,1,-1,-1,-1
1625,52,586.91,799.74,70.20,53.70,1,-1,-1,-1
1626,52,591.66,801.05,71.16,52.55,1,-1,-1,-1
1627,52,596.26,802.61,70.49,51.01,1,-1,-1,-1
1628,52,610.07,802.28,73.35,52.53,1,-1,-1,-1
1629,52,618.22,801.57,75.69,54.52,1,-1,-1,-1
1630,52,626.10,801.01,75.90,55.66,1,-1,-1,-1
1631,52,633.88,800.92,74.20,55.91,1,-1,-1,-1
1632,52,641.09,800.77,72.06,55.52,1,-1,-1,-1
1633,52,647.59,800.70,68.74,54.94,1,-1,-1,-1
1634,52,653.28,801.19,64.64,53.46,1,-1,-1,-1
1635,52,668.79,800.07,70.07,55.00,1,-1,-1,-1
1636,52,679.02,800.26,72.93,55.43,1,-1,-1,-1
1640,52,734.62,799.41,77.92,59.04,1,-1,-1,-1
1641,52,735.21,798.66,86.24,61.80,1,-1,-1,-1
1642,52,735.87,798.23,91.36,63.88,1,-1,-1,-1
1643,52,751.00,797.60,96.87,67.00,1,-1,-1,-1
1644,52,761.75,796.53,101.46,70.15,1,-1,-1,-1
1645,52,770.67,796.15,102.38,72.73,1,-1,-1,-1
1646,52,789.49,797.33,106.76,74.42,1,-1,-1,-1
1647,52,798.23,797.84,112.41,76.97,1,-1,-1,-1
1648,52,803.19,794.47,118.73,83.72,1,-1,-1,-1
1649,52,810.67,791.66,126.58,91.05,1,-1,-1,-1
1650,52,824.96,792.69,133.08,94.59,1,-1,-1,-1
1651,52,835.29,796.92,137.91,96.32,1,-1,-1,-1
1652,52,845.63,800.94,142.96,97.39,1,-1,-1,-1
1653,52,861.38,804.11,151.95,98.58,1,-1,-1,-1
1654,52,871.90,805.97,156.51,100.75,1,-1,-1,-1
1655,52,882.49,810.00,162.00,107.07,1,-1,-1,-1
1656,52,891.26,809.50,168.71,114.73,1,-1,-1,-1
1657,52,907.82,807.40,176.20,122.50,1,-1,-1,-1
1658,52,919.40,805.07,184.85,130.28,1,-1,-1,-1
1659,52,941.80,804.69,194.34,136.30,1,-1,-1,-1
1660,52,956.45,806.19,201.87,142.75,1,-1,-1,-1
1661,52,983.21,811.09,212.29,148.18,1,-1,-1,-1
1662,52,998.99,813.75,221.35,155.37,1,-1,-1,-1
1663,52,1028.46,816.38,232.68,163.18,1,-1,-1,-1
1664,52,1045.23,817.92,239.08,164.31,1,-1,-1,-1
1665,52,1080.87,818.59,266.49,179.41,1,-1,-1,-1
1666,52,1102.56,817.40,293.56,194.85,1,-1,-1,-1
1667,52,1149.35,817.82,320.28,213.13,1,-1,-1,-1
1668,52,1207.87,816.84,367.31,234.26,1,-1,-1,-1
1669,52,1241.14,815.23,388.07,245.78,1,-1,-1,-1
1670,52,1297.62,809.56,417.15,255.96,1,-1,-1,-1
1671,52,1391.24,833.50,474.15,304.68,1,-1,-1,-1
1672,52,1512.00,835.51,550.18,348.87,1,-1,-1,-1
1673,52,1562.81,839.49,597.37,374.39,1,-1,-1,-1
1674,52,1698.31,875.83,655.72,420.46,1,-1,-1,-1
1773,54,565.25,789.83,65.39,64.72,1,-1,-1,-1
1774,54,570.05,791.13,68.77,62.04,1,-1,-1,-1
1775,54,573.76,792.17,71.78,60.76,1,-1,-1,-1
1776,54,578.22,793.36,73.03,59.26,1,-1,-1,-1
1777,54,582.04,794.22,74.70,58.03,1,-1,-1,-1
1778,54,585.70,795.32,77.14,57.76,1,-1,-1,-1
1779,54,588.64,796.70,79.93,58.39,1,-1,-1,-1
1780,54,606.22,797.75,77.42,56.67,1,-1,-1,-1
1781,54,615.35,799.19,75.62,55.83,1,-1,-1,-1
1782,54,622.18,799.92,75.11,55.79,1,-1,-1,-1
1783,54,628.43,800.68,74.74,55.85,1,-1,-1,-1
1784,54,634.98,801.32,73.73,56.16,1,-1,-1,-1
1785,54,640.84,802.02,71.63,56.32,1,-1,-1,-1
1786,54,646.30,802.66,69.10,56.43,1,-1,-1,-1
1787,54,651.37,802.64,65.49,56.47,1,-1,-1,-1
1795,55,730.51,795.57,90.45,80.61,1,-1,-1,-1
1796,55,715.35,785.50,122.23,99.11,1,-1,-1,-1
1797,55,738.50,791.49,117.10,94.39,1,-1,-1,-1
1798,55,750.40,794.12,116.42,93.03,1,-1,-1,-1
1799,55,759.98,795.74,117.61,92.52,1,-1,-1,-1
1800,55,767.77,793.98,120.52,95.59,1,-1,-1,-1
1801,55,783.03,795.08,123.79,95.69,1,-1,-1,-1
1802,55,793.34,794.83,130.07,99.83,1,-1,-1,-1
1803,55,803.07,795.44,135.25,103.50,1,-1,-1,-1
1804,55,809.72,795.47,140.67,108.26,1,-1,-1,-1
1805,55,825.80,796.62,147.65,111.78,1,-1,-1,-1
1806,55,838.15,796.27,154.22,116.12,1,-1,-1,-1
1807,55,856.55,797.02,161.77,118.58,1,-1,-1,-1
1808,55,867.26,802.50,168.76,125.38,1,-1,-1,-1
1809,55,878.07,803.11,174.59,132.78,1,-1,-1,-1
1810,55,887.37,802.60,179.33,139.71,1,-1,-1,-1
1811,55,905.45,802.67,187.67,147.14,1,-1,-1,-1
1812,55,919.73,803.58,193.17,152.92,1,-1,-1,-1
1813,55,944.43,805.42,203.37,160.57,1,-1,-1,-1
1814,55,960.06,808.37,210.95,167.26,1,-1,-1,-1
1815,55,985.81,811.14,224.70,176.63,1,-1,-1,-1
1816,55,1002.11,810.87,251.18,191.52,1,-1,-1,-1
1817,55,1019.28,813.14,271.51,202.72,1,-1,-1,-1
1818,55,1057.96,816.14,292.61,216.69,1,-1,-1,-1
1819,55,1082.95,818.78,316.23,230.47,1,-1,-1,-1
1820,55,1130.84,818.46,345.67,251.28,1,-1,-1,-1
1821,55,1189.83,828.37,391.31,273.86,1,-1,-1,-1
1822,55,1222.93,833.47,413.53,290.03,1,-1,-1,-1
1823,55,1320.24,827.13,498.93,348.11,1,-1,-1,-1
1824,55,1379.99,835.12,541.86,382.10,1,-1,-1,-1
1825,55,1491.12,856.21,626.56,430.51,1,-1,-1,-1
1826,55,1625.58,870.23,714.54,485.98,1,-1,-1,-1
1827,55,1700.75,885.60,750.06,527.79,1,-1,-1,-1
2131,56,1865.21,578.61,553.88,401.11,1,-1,-1,-1
2132,56,1822.83,596.24,558.04,358.52,1,-1,-1,-1
2133,56,1750.51,592.20,546.22,330.95,1,-1,-1,-1
2134,56,1673.63,599.22,521.73,307.37,1,-1,-1,-1
2135,56,1602.97,606.73,491.34,288.93,1,-1,-1,-1
2136,56,1568.88,614.01,466.83,273.76,1,-1,-1,-1
2137,56,1517.28,622.95,439.07,256.88,1,-1,-1,-1
2138,56,1485.18,641.74,418.65,240.33,1,-1,-1,-1
2139,56,1440.86,652.51,395.33,227.12,1,-1,-1,-1
2140,56,1416.42,646.53,371.70,220.71,1,-1,-1,-1
2141,56,1372.37,647.74,359.03,211.40,1,-1,-1,-1
2142,56,1349.83,651.41,340.18,202.00,1,-1,-1,-1
2143,56,1329.89,652.33,325.48,195.36,1,-1,-1,-1
2144,56,1303.11,662.91,296.61,180.55,1,-1,-1,-1
2145,56,1293.59,668.49,273.88,170.14,1,-1,-1,-1
2146,56,1269.33,672.95,257.38,163.71,1,-1,-1,-1
2147,56,1258.21,676.29,241.73,157.17,1,-1,-1,-1
2148,56,1234.53,680.35,227.94,151.29,1,-1,-1,-1
2149,56,1223.01,683.64,214.28,144.69,1,-1,-1,-1
2150,56,1200.51,687.03,201.25,140.21,1,-1,-1,-1
2151,56,1187.49,689.10,190.45,136.21,1,-1,-1,-1
2152,56,1165.12,691.13,181.82,132.31,1,-1,-1,-1
2153,56,1151.02,693.50,173.36,127.55,1,-1,-1,-1
2154,56,1133.01,696.81,162.63,121.33,1,-1,-1,-1
2155,56,1121.11,699.49,154.42,116.62,1,-1,-1,-1
2156,56,1110.76,701.26,148.17,112.73,1,-1,-1,-1
2157,56,1092.19,704.11,142.93,106.86,1,-1,-1,-1
2158,56,1078.34,706.67,139.00,101.78,1,-1,-1,-1
2159,56,1067.37,709.32,134.68,96.73,1,-1,-1,-1
2160,56,1049.11,711.91,131.34,91.56,1,-1,-1,-1
2161,56,1036.24,719.41,127.87,89.29,1,-1,-1,-1
2162,56,1024.79,722.34,125.54,87.92,1,-1,-1,-1
2163,56,1009.49,723.95,121.69,86.87,1,-1,-1,-1
2164,56,998.97,724.60,118.93,86.09,1,-1,-1,-1
2165,56,988.50,724.87,115.73,84.87,1,-1,-1,-1
2166,56,980.26,725.79,112.32,82.69,1,-1,-1,-1
2167,56,966.07,726.59,109.91,82.02,1,-1,-1,-1
2168,56,954.50,727.42,108.25,80.82,1,-1,-1,-1
2169,56,942.36,728.13,107.18,80.34,1,-1,-1,-1
2176,57,857.41,722.92,131.12,101.34,1,-1,-1,-1
2177,57,850.20,732.49,120.65,89.30,1,-1,-1,-1
2178,57,843.43,737.50,113.03,81.89,1,-1,-1,-1
2179,57,829.28,742.99,102.50,76.49,1,-1,-1,-1
2180,57,821.03,745.54,100.02,73.49,1,-1,-1,-1
2181,57,813.24,747.58,100.80,70.98,1,-1,-1,-1
2182,57,803.89,748.73,102.35,68.72,1,-1,-1,-1
2183,57,795.39,749.21,104.01,67.53,1,-1,-1,-1
2184,57,782.48,752.97,97.28,64.95,1,-1,-1,-1
2185,57,776.25,755.42,95.44,63.60,1,-1,-1,-1
2186,57,771.36,757.92,93.16,61.02,1,-1,-1,-1
2187,57,765.89,760.34,90.62,58.46,1,-1,-1,-1
2188,57,759.12,761.51,90.60,56.93,1,-1,-1,-1
2189,57,752.82,761.93,90.36,55.23,1,-1,-1,-1
2190,57,737.55,764.00,88.43,53.43,1,-1,-1,-1
2191,57,730.87,765.49,86.07,51.44,1,-1,-1,-1
2192,57,727.18,766.51,81.50,49.25,1,-1,-1,-1
2193,57,724.72,767.38,75.80,47.14,1,-1,-1,-1
2194,57,722.17,768.11,70.75,45.41,1,-1,-1,-1
2195,57,720.38,768.68,65.63,43.72,1,-1,-1,-1
2196,57,718.44,768.77,61.27,42.29,1,-1,-1,-1
2206,58,645.00,774.45,64.11,49.95,1,-1,-1,-1
2207,58,640.72,774.19,67.06,50.03,1,-1,-1,-1
2208,58,636.39,774.39,69.08,50.01,1,-1,-1,-1
2209,58,631.91,774.65,71.24,49.99,1,-1,-1,-1
2210,58,628.05,775.92,72.65,49.04,1,-1,-1,-1
2211,58,625.25,777.64,72.58,46.88,1,-1,-1,-1
2212,58,623.79,779.50,70.66,43.94,1,-1,-1,-1
2213,58,623.12,781.10,66.27,41.07,1,-1,-1,-1
2214,58,602.51,783.50,64.43,39.26,1,-1,-1,-1
2215,58,592.83,784.70,64.33,38.18,1,-1,-1,-1
2216,58,585.59,785.29,65.38,37.46,1,-1,-1,-1
2217,58,579.50,785.37,66.40,37.11,1,-1,-1,-1
2218,58,573.62,785.02,68.07,37.53,1,-1,-1,-1
2219,58,568.88,784.42,69.66,38.19,1,-1,-1,-1
2220,58,564.64,783.80,71.27,38.89,1,-1,-1,-1
2221,58,561.89,783.44,72.04,39.48,1,-1,-1,-1
2252,60,581.41,807.12,69.18,59.38,1,-1,-1,-1
2253,60,585.49,808.92,71.15,58.71,1,-1,-1,-1
2254,60,587.72,809.88,74.77,59.26,1,-1,-1,-1
2261,61,643.64,814.09,68.73,57.16,1,-1,-1,-1
2262,61,648.45,815.85,65.85,57.12,1,-1,-1,-1
2271,62,734.59,814.06,86.45,69.77,1,-1,-1,-1
2272,62,752.33,818.41,87.36,68.53,1,-1,-1,-1
2273,62,758.67,819.81,92.91,69.58,1,-1,-1,-1
2274,62,763.60,818.39,100.83,73.74,1,-1,-1,-1
2275,62,769.17,816.72,108.09,77.97,1,-1,-1,-1
2276,62,775.81,815.78,109.61,79.64,1,-1,-1,-1
2277,62,793.64,823.31,112.75,81.61,1,-1,-1,-1
2278,62,803.14,821.32,128.30,91.71,1,-1,-1,-1
2279,62,809.85,819.64,137.46,98.91,1,-1,-1,-1
2280,62,821.91,819.59,140.70,104.66,1,-1,-1,-1
2281,62,832.20,820.63,142.21,110.09,1,-1,-1,-1
2282,62,843.89,822.59,144.69,115.23,1,-1,-1,-1
2283,62,853.91,824.35,148.17,119.57,1,-1,-1,-1
2284,62,871.46,826.68,154.05,123.70,1,-1,-1,-1
2285,62,885.39,830.49,159.46,127.44,1,-1,-1,-1
2286,62,905.60,832.17,170.55,136.04,1,-1,-1,-1
2287,62,920.23,832.74,177.24,142.55,1,-1,-1,-1
2288,62,945.10,841.75,188.33,147.84,1,-1,-1,-1
2289,62,960.84,845.91,196.31,155.01,1,-1,-1,-1
2290,62,988.59,850.94,208.85,163.44,1,-1,-1,-1
2291,62,1005.16,856.86,215.09,169.58,1,-1,-1,-1
2292,62,1034.53,863.19,226.95,175.51,1,-1,-1,-1
2293,62,1071.48,873.90,258.99,187.91,1,-1,-1,-1
2294,62,1097.66,879.66,281.76,199.63,1,-1,-1,-1
2295,62,1137.67,884.83,316.23,219.80,1,-1,-1,-1
2296,62,1160.21,891.00,347.49,238.69,1,-1,-1,-1
2297,62,1218.37,899.69,375.34,255.66,1,-1,-1,-1
2298,62,1338.77,934.03,431.87,271.51,1,-1,-1,-1
2299,62,1395.79,931.97,492.37,327.57,1,-1,-1,-1
2300,62,1505.58,937.84,592.47,392.37,1,-1,-1,-1
2301,62,1639.88,947.74,691.32,454.08,1,-1,-1,-1
2302,62,1707.02,963.64,730.62,492.49,1,-1,-1,-1
2361,64,566.56,794.65,64.27,58.04,1,-1,-1,-1
2362,64,573.69,797.64,62.70,53.64,1,-1,-1,-1
2363,64,579.23,798.79,62.28,51.40,1,-1,-1,-1
2364,64,584.47,800.30,62.07,50.20,1,-1,-1,-1
2365,64,590.80,801.98,62.15,49.58,1,-1,-1,-1
2366,65,1971.04,673.20,537.82,258.74,1,-1,-1,-1
2366,64,597.33,804.02,61.82,49.28,1,-1,-1,-1
2367,64,602.99,805.69,61.21,49.33,1,-1,-1,-1
2368,66,1504.80,709.60,443.44,165.10,1,-1,-1,-1
2368,64,615.62,806.01,61.92,50.30,1,-1,-1,-1
2369,66,1436.87,712.82,398.47,155.61,1,-1,-1,-1
2369,64,622.23,805.93,63.22,51.74,1,-1,-1,-1
2370,66,1363.82,711.27,371.16,153.67,1,-1,-1,-1
2370,64,626.84,805.39,65.19,53.68,1,-1,-1,-1
2371,66,1341.80,711.86,309.30,141.08,1,-1,-1,-1
2371,64,631.26,804.51,67.43,55.34,1,-1,-1,-1
2372,66,1316.79,714.17,263.25,129.86,1,-1,-1,-1
2372,64,635.59,803.82,68.65,56.22,1,-1,-1,-1
2373,66,1286.79,719.40,224.91,118.53,1,-1,-1,-1
2373,64,640.30,803.69,68.73,56.67,1,-1,-1,-1
2374,66,1273.18,721.92,209.18,111.61,1,-1,-1,-1
2374,64,644.40,804.09,67.31,56.78,1,-1,-1,-1
2375,66,1245.36,725.05,191.66,105.26,1,-1,-1,-1
2375,64,648.84,804.43,65.77,56.97,1,-1,-1,-1
2376,66,1214.41,727.92,173.57,98.33,1,-1,-1,-1
2376,64,652.85,805.36,63.43,56.57,1,-1,-1,-1
2377,66,1201.32,731.15,156.67,91.17,1,-1,-1,-1
2377,64,664.84,805.69,68.07,58.08,1,-1,-1,-1
2378,64,672.82,806.81,70.29,58.94,1,-1,-1,-1
2379,64,679.72,806.51,71.29,59.82,1,-1,-1,-1
2380,64,685.20,805.31,72.21,61.77,1,-1,-1,-1
2381,67,1105.68,718.88,169.92,109.91,1,-1,-1,-1
2381,64,710.81,802.79,69.73,62.59,1,-1,-1,-1
2382,67,1081.00,720.14,163.01,107.45,1,-1,-1,-1
2382,64,723.60,802.16,70.39,63.88,1,-1,-1,-1
2383,67,1065.50,722.35,157.24,103.13,1,-1,-1,-1
2383,64,730.87,802.62,73.66,64.90,1,-1,-1,-1
2384,67,1045.00,723.27,152.45,101.92,1,-1,-1,-1
2384,64,734.13,802.45,78.81,66.91,1,-1,-1,-1
2385,67,1030.85,723.36,147.98,99.88,1,-1,-1,-1
2385,64,734.44,801.48,86.70,69.36,1,-1,-1,-1
2386,67,1018.78,723.97,143.58,97.65,1,-1,-1,-1
2386,64,734.25,800.31,94.25,71.63,1,-1,-1,-1
2387,67,1000.60,723.63,141.12,97.09,1,-1,-1,-1
2387,64,747.77,800.88,97.96,73.83,1,-1,-1,-1
2388,67,986.76,723.75,138.47,96.61,1,-1,-1,-1
2388,64,754.95,801.19,101.92,76.42,1,-1,-1,-1
2389,67,974.03,723.72,136.23,95.40,1,-1,-1,-1
2389,64,762.10,800.34,105.07,79.09,1,-1,-1,-1
2390,67,957.26,729.88,128.78,89.62,1,-1,-1,-1
2390,64,768.38,799.09,106.68,81.81,1,-1,-1,-1
2391,67,946.19,731.83,128.45,85.74,1,-1,-1,-1
2391,64,774.81,795.86,109.96,86.13,1,-1,-1,-1
2392,67,935.57,733.33,129.25,81.90,1,-1,-1,-1
2392,64,787.12,796.81,115.28,88.39,1,-1,-1,-1
2393,67,928.13,734.97,125.80,77.21,1,-1,-1,-1
2393,64,795.61,796.67,121.75,92.25,1,-1,-1,-1
2394,67,912.05,738.43,121.11,74.16,1,-1,-1,-1
2394,64,804.44,798.98,126.27,94.44,1,-1,-1,-1
2395,67,901.11,739.75,119.00,70.44,1,-1,-1,-1
2395,64,812.91,799.74,129.43,96.64,1,-1,-1,-1
2396,67,896.28,741.23,110.94,65.43,1,-1,-1,-1
2396,64,829.31,798.53,134.61,98.35,1,-1,-1,-1
2397,67,897.12,743.39,99.84,59.85,1,-1,-1,-1
2397,64,840.03,796.02,140.99,101.84,1,-1,-1,-1
2398,67,873.66,750.05,98.30,55.01,1,-1,-1,-1
2398,64,847.87,792.59,147.94,107.37,1,-1,-1,-1
2399,67,863.00,754.35,95.05,52.02,1,-1,-1,-1
2399,64,852.73,789.27,154.35,113.98,1,-1,-1,-1
2400,67,857.74,757.41,89.33,50.56,1,-1,-1,-1
2400,64,865.18,792.66,158.70,117.95,1,-1,-1,-1
2401,67,852.83,759.22,84.80,50.35,1,-1,-1,-1
2401,64,876.34,802.84,162.92,122.25,1,-1,-1,-1
2402,67,832.13,760.03,86.95,53.19,1,-1,-1,-1
2402,64,887.01,806.84,166.84,126.66,1,-1,-1,-1
2403,67,820.36,759.97,90.73,55.58,1,-1,-1,-1
2403,64,902.14,807.64,172.92,131.75,1,-1,-1,-1
2404,67,810.61,760.11,91.42,56.29,1,-1,-1,-1
2404,64,912.34,808.53,178.90,135.97,1,-1,-1,-1
2405,67,802.32,759.83,90.71,56.22,1,-1,-1,-1
2405,64,922.85,809.70,184.48,139.89,1,-1,-1,-1
2406,67,787.91,761.47,87.58,55.63,1,-1,-1,-1
2406,64,942.12,810.69,193.29,145.46,1,-1,-1,-1
2407,67,779.66,762.26,86.74,55.91,1,-1,-1,-1
2407,64,954.35,813.26,200.88,150.99,1,-1,-1,-1
2408,67,773.43,764.01,84.94,54.44,1,-1,-1,-1
2408,64,965.54,816.51,206.88,155.64,1,-1,-1,-1
2409,67,767.21,766.03,82.65,52.12,1,-1,-1,-1
2409,64,987.02,819.92,216.50,162.90,1,-1,-1,-1
2410,67,761.59,767.98,81.19,49.51,1,-1,-1,-1
2410,64,1001.68,820.77,222.08,167.98,1,-1,-1,-1
2411,67,756.97,768.77,78.97,46.97,1,-1,-1,-1
2411,64,1029.80,827.17,230.86,175.47,1,-1,-1,-1
2412,67,740.05,771.33,79.54,45.85,1,-1,-1,-1
2412,64,1047.36,828.24,234.64,182.86,1,-1,-1,-1
2413,67,731.46,772.90,80.28,45.13,1,-1,-1,-1
2413,64,1076.31,829.89,256.89,194.84,1,-1,-1,-1
2414,67,726.00,774.59,79.12,43.86,1,-1,-1,-1
2414,64,1098.05,829.93,280.29,208.02,1,-1,-1,-1
2415,67,722.78,776.05,76.98,42.47,1,-1,-1,-1
2415,64,1127.57,831.21,308.49,223.97,1,-1,-1,-1
