190,-1,1.448,1132.659,739.959,677.995,0.948,-1,-1,-1
191,-1,1.288,1125.890,952.982,602.776,0.994,-1,-1,-1
192,-1,254.742,1119.909,850.220,510.717,0.999,-1,-1,-1
193,-1,525.230,1115.725,723.524,449.891,0.999,-1,-1,-1
194,-1,732.770,1104.975,619.430,413.951,1.000,-1,-1,-1
195,-1,902.427,1103.776,540.686,371.815,1.000,-1,-1,-1
196,-1,1031.000,1105.464,481.159,334.262,1.000,-1,-1,-1
197,-1,1139.927,1102.644,431.535,297.915,1.000,-1,-1,-1
198,-1,1233.319,1102.623,372.342,271.661,1.000,-1,-1,-1
199,-1,1309.409,1095.985,341.496,255.430,1.000,-1,-1,-1
200,-1,1378.474,1091.082,305.757,237.433,1.000,-1,-1,-1
201,-1,1435.466,1085.088,283.345,230.341,0.999,-1,-1,-1
202,-1,1483.643,1084.476,258.608,217.187,0.999,-1,-1,-1
203,-1,1523.963,1080.574,243.275,209.899,0.999,-1,-1,-1
204,-1,1559.603,1079.489,222.093,193.289,0.999,-1,-1,-1
205,-1,1585.415,1071.210,214.381,189.059,0.999,-1,-1,-1
206,-1,1611.275,1066.705,201.029,183.660,0.998,-1,-1,-1
207,-1,1629.393,1063.591,190.299,173.221,0.998,-1,-1,-1
208,-1,1648.419,1061.798,182.276,166.177,0.998,-1,-1,-1
209,-1,1660.823,1055.997,182.050,163.003,0.998,-1,-1,-1
210,-1,1675.586,1049.931,173.688,157.142,0.998,-1,-1,-1
211,-1,1687.018,1044.831,168.016,154.058,0.997,-1,-1,-1
212,-1,1695.589,1039.670,161.938,150.161,0.997,-1,-1,-1
213,-1,1706.384,1036.267,155.732,144.178,0.996,-1,-1,-1
214,-1,1718.213,1030.991,146.279,140.954,0.995,-1,-1,-1
215,-1,1724.283,1025.098,142.295,139.671,0.994,-1,-1,-1
216,-1,1729.782,1022.331,141.067,137.144,0.994,-1,-1,-1
217,-1,1733.111,1017.844,138.883,136.569,0.993,-1,-1,-1
218,-1,1735.543,1014.459,137.192,133.429,0.992,-1,-1,-1
219,-1,1737.136,1011.008,135.723,129.214,0.992,-1,-1,-1
220,-1,1737.933,1008.276,134.566,127.407,0.990,-1,-1,-1
221,-1,1742.989,1005.776,129.497,122.748,0.984,-1,-1,-1
222,-1,1745.411,1001.599,127.705,120.514,0.977,-1,-1,-1
223,-1,1748.034,998.448,125.156,120.242,0.974,-1,-1,-1
224,-1,1749.113,996.056,123.027,117.474,0.968,-1,-1,-1
225,-1,1749.582,992.310,120.572,113.934,0.954,-1,-1,-1
226,-1,1751.325,988.678,118.532,112.457,0.940,-1,-1,-1
227,-1,1751.089,986.289,116.148,107.544,0.871,-1,-1,-1
228,-1,1749.488,981.997,115.776,107.707,0.856,-1,-1,-1
229,-1,1750.328,979.019,115.302,106.504,0.794,-1,-1,-1
230,-1,1749.431,975.863,116.241,105.530,0.732,-1,-1,-1
231,-1,1749.201,972.927,117.625,106.079,0.702,-1,-1,-1
232,-1,1747.097,970.607,119.500,106.513,0.828,-1,-1,-1
233,-1,1747.334,968.669,120.755,105.844,0.735,-1,-1,-1
234,-1,1745.990,965.860,120.157,106.676,0.735,-1,-1,-1
582,-1,1637.679,925.095,119.048,108.994,0.616,-1,-1,-1
583,-1,1636.177,924.976,120.835,111.119,0.824,-1,-1,-1
584,-1,1633.223,926.596,122.614,113.018,0.903,-1,-1,-1
585,-1,1630.766,927.536,123.211,113.417,0.906,-1,-1,-1
586,-1,1626.988,928.511,125.120,114.588,0.936,-1,-1,-1
587,-1,1623.938,930.593,125.743,115.431,0.947,-1,-1,-1
588,-1,1621.776,932.382,126.532,114.583,0.959,-1,-1,-1
589,-1,1621.149,935.663,125.136,113.396,0.955,-1,-1,-1
590,-1,1618.397,937.377,127.215,114.949,0.968,-1,-1,-1
591,-1,1615.352,938.974,127.581,115.465,0.972,-1,-1,-1
592,-1,1611.872,940.715,128.311,114.774,0.971,-1,-1,-1
593,-1,1607.652,944.068,128.789,113.394,0.972,-1,-1,-1
594,-1,1603.739,945.502,131.085,115.583,0.979,-1,-1,-1
595,-1,1597.257,946.610,134.379,117.239,0.984,-1,-1,-1
596,-1,1589.894,948.087,136.636,117.501,0.987,-1,-1,-1
597,-1,1585.070,949.251,138.437,119.814,0.990,-1,-1,-1
598,-1,1578.351,949.902,140.160,122.327,0.990,-1,-1,-1
599,-1,1572.205,950.832,143.152,123.886,0.991,-1,-1,-1
600,-1,1561.688,950.456,149.657,127.883,0.994,-1,-1,-1
601,-1,1552.257,951.678,153.678,128.955,0.995,-1,-1,-1
602,-1,1543.861,952.940,154.609,130.978,0.996,-1,-1,-1
603,-1,1536.114,953.020,155.457,134.276,0.996,-1,-1,-1
604,-1,1526.596,953.277,156.761,138.149,0.996,-1,-1,-1
605,-1,1515.434,954.475,159.022,140.461,0.997,-1,-1,-1
606,-1,1503.929,955.091,164.732,142.882,0.997,-1,-1,-1
607,-1,1488.730,956.524,170.962,146.535,0.998,-1,-1,-1
608,-1,1475.922,957.835,173.969,149.460,0.998,-1,-1,-1
609,-1,1460.287,958.294,176.739,149.581,0.998,-1,-1,-1
610,-1,1443.606,957.466,181.364,155.221,0.999,-1,-1,-1
611,-1,1425.135,958.434,186.656,158.055,0.999,-1,-1,-1
612,-1,1400.047,959.728,194.760,163.727,0.998,-1,-1,-1
613,-1,1378.672,956.844,202.953,171.637,0.998,-1,-1,-1
614,-1,1355.705,957.860,212.852,174.544,0.998,-1,-1,-1
615,-1,1329.978,957.883,220.180,180.350,0.998,-1,-1,-1
616,-1,1304.986,955.492,224.231,185.440,0.998,-1,-1,-1
617,-1,1645.183,919.942,121.033,107.342,0.558,-1,-1,-1
617,-1,1265.733,956.493,243.880,189.140,0.998,-1,-1,-1
618,-1,1226.504,953.676,258.115,196.109,0.999,-1,-1,-1
618,-1,1643.072,919.620,122.832,109.441,0.646,-1,-1,-1
619,-1,1188.746,954.782,268.443,197.003,0.999,-1,-1,-1
619,-1,1641.427,921.301,123.409,109.554,0.774,-1,-1,-1
620,-1,1139.888,953.171,283.314,203.302,0.999,-1,-1,-1
620,-1,1637.984,922.561,124.714,111.097,0.862,-1,-1,-1
621,-1,1089.855,950.938,300.018,209.013,0.999,-1,-1,-1
621,-1,1639.476,924.364,126.436,111.766,0.922,-1,-1,-1
622,-1,1037.917,948.087,319.881,214.177,0.999,-1,-1,-1
622,-1,1637.837,925.108,127.141,114.079,0.945,-1,-1,-1
623,-1,1634.749,925.501,128.689,116.012,0.956,-1,-1,-1
623,-1,980.597,940.590,345.169,226.668,0.999,-1,-1,-1
624,-1,1631.300,927.382,128.937,114.979,0.960,-1,-1,-1
624,-1,918.322,935.790,365.620,236.121,0.999,-1,-1,-1
625,-1,1629.028,926.744,131.209,118.397,0.965,-1,-1,-1
625,-1,833.419,928.216,397.962,250.387,1.000,-1,-1,-1
626,-1,1626.697,927.916,130.439,118.676,0.962,-1,-1,-1
626,-1,743.980,922.479,434.367,263.470,0.999,-1,-1,-1
627,-1,1624.255,930.048,129.702,117.938,0.967,-1,-1,-1
627,-1,646.825,910.909,466.265,284.865,0.999,-1,-1,-1
628,-1,1621.437,931.914,130.145,117.954,0.969,-1,-1,-1
628,-1,532.007,905.196,493.466,293.866,0.999,-1,-1,-1
629,-1,1618.201,934.629,130.729,119.206,0.974,-1,-1,-1
629,-1,403.506,892.994,538.879,311.315,0.999,-1,-1,-1
630,-1,1614.516,938.207,132.457,118.919,0.975,-1,-1,-1
630,-1,244.342,882.323,604.285,336.956,0.999,-1,-1,-1
631,-1,1609.072,941.318,132.547,118.973,0.978,-1,-1,-1
631,-1,76.493,871.272,655.404,352.579,0.998,-1,-1,-1
632,-1,1603.858,942.916,133.891,118.315,0.985,-1,-1,-1
632,-1,4.039,855.101,613.727,377.464,0.924,-1,-1,-1
633,-1,1598.286,943.211,135.422,121.395,0.989,-1,-1,-1
634,-1,1588.673,945.745,141.332,121.072,0.993,-1,-1,-1
635,-1,1583.867,946.848,139.993,122.096,0.992,-1,-1,-1
636,-1,1579.347,947.101,142.532,125.821,0.993,-1,-1,-1
637,-1,1570.645,947.731,146.871,127.355,0.995,-1,-1,-1
638,-1,1562.624,949.238,149.860,129.003,0.996,-1,-1,-1
639,-1,1553.893,949.778,154.139,130.840,0.997,-1,-1,-1
640,-1,1545.310,950.346,154.693,132.825,0.997,-1,-1,-1
641,-1,1535.107,950.745,157.756,136.991,0.997,-1,-1,-1
642,-1,1525.316,949.641,159.375,140.083,0.997,-1,-1,-1
643,-1,1513.657,951.854,163.843,143.994,0.997,-1,-1,-1
644,-1,1500.394,954.137,168.528,144.627,0.998,-1,-1,-1
645,-1,1487.075,954.865,170.718,148.359,0.998,-1,-1,-1
646,-1,1470.005,956.153,178.741,151.219,0.999,-1,-1,-1
647,-1,1456.800,956.169,178.151,150.348,0.999,-1,-1,-1
648,-1,1437.252,956.095,184.887,156.554,0.999,-1,-1,-1
649,-1,1417.059,957.393,192.668,159.982,0.999,-1,-1,-1
650,-1,1394.584,959.151,196.206,161.883,0.998,-1,-1,-1
651,-1,1366.992,958.232,212.102,169.456,0.999,-1,-1,-1
652,-1,1341.805,958.486,220.115,171.708,0.999,-1,-1,-1
653,-1,1313.266,956.659,233.312,180.586,0.999,-1,-1,-1
654,-1,1279.953,956.747,243.745,186.057,0.999,-1,-1,-1
655,-1,1236.695,952.139,263.773,195.350,0.999,-1,-1,-1
655,-1,1631.683,917.037,118.700,108.054,0.551,-1,-1,-1
656,-1,1196.031,952.123,282.433,200.307,0.999,-1,-1,-1
656,-1,1629.770,917.162,120.970,109.408,0.692,-1,-1,-1
657,-1,1148.395,952.649,294.228,201.510,0.999,-1,-1,-1
657,-1,1627.448,919.094,121.828,109.239,0.765,-1,-1,-1
658,-1,1092.352,949.513,313.451,206.055,0.999,-1,-1,-1
658,-1,1629.113,920.740,123.924,109.120,0.829,-1,-1,-1
659,-1,1035.331,944.785,339.273,215.494,0.999,-1,-1,-1
659,-1,1626.270,921.392,125.613,111.020,0.872,-1,-1,-1
660,-1,1624.922,922.173,124.935,112.417,0.781,-1,-1,-1
660,-1,975.642,941.103,365.790,222.573,1.000,-1,-1,-1
661,-1,1622.970,924.550,124.677,113.509,0.881,-1,-1,-1
661,-1,909.945,936.489,393.317,230.877,1.000,-1,-1,-1
662,-1,1619.245,926.292,127.874,114.191,0.923,-1,-1,-1
662,-1,822.665,928.658,433.072,243.256,1.000,-1,-1,-1
663,-1,1617.183,926.934,129.071,115.443,0.939,-1,-1,-1
663,-1,724.559,920.435,471.286,260.688,1.000,-1,-1,-1
664,-1,1614.423,928.827,130.292,115.126,0.951,-1,-1,-1
664,-1,619.216,912.802,513.259,273.466,1.000,-1,-1,-1
665,-1,1610.340,929.524,131.429,115.651,0.959,-1,-1,-1
665,-1,492.461,905.908,554.747,287.285,1.000,-1,-1,-1
666,-1,1608.263,930.630,131.218,115.385,0.959,-1,-1,-1
666,-1,354.592,891.842,609.206,302.499,0.999,-1,-1,-1
667,-1,1605.390,932.726,131.894,116.607,0.965,-1,-1,-1
667,-1,190.762,880.629,672.758,320.755,0.999,-1,-1,-1
668,-1,1603.935,933.969,132.130,117.252,0.976,-1,-1,-1
668,-1,20.576,867.969,739.449,348.566,0.995,-1,-1,-1
669,-1,1600.718,935.828,131.643,116.947,0.982,-1,-1,-1
669,-1,4.599,847.246,641.113,368.988,0.927,-1,-1,-1
670,-1,1597.078,937.326,133.579,118.145,0.984,-1,-1,-1
670,-1,3.753,869.889,501.650,341.729,0.869,-1,-1,-1
671,-1,1592.144,939.634,134.067,118.680,0.985,-1,-1,-1
672,-1,1586.731,942.492,136.877,120.677,0.988,-1,-1,-1
673,-1,1582.636,944.013,138.328,122.229,0.989,-1,-1,-1
674,-1,1576.591,943.368,140.697,124.765,0.991,-1,-1,-1
675,-1,1568.056,941.469,145.888,128.870,0.992,-1,-1,-1
676,-1,1560.928,942.817,148.870,130.969,0.995,-1,-1,-1
677,-1,1549.572,943.983,152.210,133.165,0.995,-1,-1,-1
678,-1,1541.996,945.778,155.942,134.499,0.996,-1,-1,-1
679,-1,1533.666,946.927,158.820,139.052,0.996,-1,-1,-1
680,-1,1520.864,947.191,163.426,139.850,0.997,-1,-1,-1
681,-1,1509.789,948.564,163.869,142.052,0.997,-1,-1,-1
682,-1,1499.571,952.315,167.453,141.305,0.996,-1,-1,-1
683,-1,1484.693,952.727,174.245,145.599,0.997,-1,-1,-1
684,-1,1469.294,951.831,178.944,149.206,0.998,-1,-1,-1
685,-1,1456.648,952.430,179.131,150.463,0.998,-1,-1,-1
686,-1,1439.832,951.574,186.446,156.702,0.998,-1,-1,-1
687,-1,1420.554,950.974,194.738,160.939,0.999,-1,-1,-1
688,-1,1399.105,952.318,195.388,163.325,0.998,-1,-1,-1
689,-1,1370.536,951.843,211.850,172.578,0.999,-1,-1,-1
690,-1,1345.952,953.988,221.464,174.322,0.998,-1,-1,-1
691,-1,1319.223,952.795,231.050,180.059,0.999,-1,-1,-1
692,-1,1292.101,950.659,239.694,184.383,0.998,-1,-1,-1
693,-1,1257.707,949.724,252.515,187.168,0.998,-1,-1,-1
694,-1,1215.498,946.727,269.556,193.133,0.999,-1,-1,-1
695,-1,1177.923,943.782,285.785,200.496,0.999,-1,-1,-1
696,-1,1134.470,943.356,295.082,201.276,0.998,-1,-1,-1
697,-1,1082.786,937.217,310.485,211.933,0.999,-1,-1,-1
698,-1,1024.835,935.128,337.968,217.337,0.999,-1,-1,-1
699,-1,967.132,933.647,363.995,223.372,1.000,-1,-1,-1
700,-1,904.019,928.974,390.151,233.362,1.000,-1,-1,-1
701,-1,824.213,923.693,428.442,243.918,1.000,-1,-1,-1
702,-1,740.514,913.613,454.396,262.284,1.000,-1,-1,-1
703,-1,642.336,904.084,496.451,279.864,1.000,-1,-1,-1
704,-1,528.733,895.509,540.431,293.977,0.999,-1,-1,-1
705,-1,403.235,883.844,581.019,309.602,0.999,-1,-1,-1
706,-1,255.768,874.140,652.267,327.876,0.999,-1,-1,-1
707,-1,97.384,864.401,697.092,346.825,0.998,-1,-1,-1
708,-1,6.420,846.020,693.202,375.812,0.975,-1,-1,-1
709,-1,3.573,828.453,575.003,391.646,0.865,-1,-1,-1
710,-1,1.802,848.915,432.935,363.666,0.739,-1,-1,-1
739,-1,0.070,942.117,788.946,714.168,0.623,-1,-1,-1
740,-1,2.976,951.990,896.644,758.606,0.910,-1,-1,-1
741,-1,2.630,958.641,989.266,702.074,0.973,-1,-1,-1
742,-1,0.523,972.312,1071.770,645.254,0.990,-1,-1,-1
743,-1,154.105,976.162,1007.276,586.790,0.998,-1,-1,-1
744,-1,320.257,974.958,915.536,566.578,0.998,-1,-1,-1
745,-1,459.494,967.216,841.000,536.676,0.999,-1,-1,-1
746,-1,591.156,980.022,755.742,503.163,0.999,-1,-1,-1
747,-1,697.371,985.773,703.286,476.518,1.000,-1,-1,-1
748,-1,805.231,986.762,646.242,457.988,0.999,-1,-1,-1
749,-1,887.746,991.602,606.535,437.190,0.999,-1,-1,-1
750,-1,955.524,998.920,581.940,414.463,0.999,-1,-1,-1
751,-1,1029.552,1004.076,545.429,391.302,1.000,-1,-1,-1
752,-1,1091.225,1005.095,517.376,376.766,1.000,-1,-1,-1
753,-1,1147.095,1010.681,480.559,348.533,1.000,-1,-1,-1
754,-1,1203.703,1014.372,444.405,331.983,1.000,-1,-1,-1
755,-1,1250.494,1016.172,422.172,313.018,1.000,-1,-1,-1
756,-1,1296.412,1018.768,393.098,300.017,1.000,-1,-1,-1
757,-1,1336.590,1017.616,371.249,292.806,1.000,-1,-1,-1
758,-1,1372.030,1017.878,350.550,280.783,1.000,-1,-1,-1
759,-1,1402.734,1019.276,332.498,272.302,0.999,-1,-1,-1
760,-1,1430.588,1019.852,321.742,263.891,0.999,-1,-1,-1
761,-1,1458.537,1019.869,301.557,249.985,0.999,-1,-1,-1
762,-1,1483.405,1018.644,290.786,247.965,0.999,-1,-1,-1
763,-1,1511.791,1019.675,272.885,235.885,0.999,-1,-1,-1
764,-1,1531.878,1016.976,264.841,232.159,0.999,-1,-1,-1
765,-1,1550.272,1015.294,251.898,226.738,0.999,-1,-1,-1
766,-1,1568.372,1020.768,241.736,213.020,0.999,-1,-1,-1
767,-1,1578.920,1014.949,236.234,218.850,0.999,-1,-1,-1
768,-1,1593.838,1013.909,224.186,211.295,0.999,-1,-1,-1
769,-1,1607.831,1013.777,213.672,204.263,0.999,-1,-1,-1
770,-1,1616.129,1011.083,208.555,201.770,0.999,-1,-1,-1
771,-1,1628.056,1012.119,200.749,191.478,0.998,-1,-1,-1
772,-1,1636.636,1010.108,195.316,188.293,0.998,-1,-1,-1
773,-1,1645.952,1008.067,190.664,184.192,0.998,-1,-1,-1
774,-1,1653.785,1007.368,186.317,177.424,0.998,-1,-1,-1
775,-1,1659.377,1006.341,183.622,173.314,0.998,-1,-1,-1
776,-1,1667.233,1005.632,180.100,169.559,0.998,-1,-1,-1
777,-1,1672.488,1004.857,177.166,167.508,0.998,-1,-1,-1
778,-1,1676.919,1002.719,177.284,164.147,0.998,-1,-1,-1
779,-1,1682.278,1000.017,172.490,160.876,0.997,-1,-1,-1
780,-1,1688.918,997.924,168.165,159.039,0.997,-1,-1,-1
781,-1,1693.149,995.354,164.875,157.588,0.997,-1,-1,-1
782,-1,1697.939,994.798,162.418,154.606,0.997,-1,-1,-1
783,-1,1700.088,991.858,163.053,155.397,0.996,-1,-1,-1
784,-1,1703.721,990.615,160.623,151.962,0.996,-1,-1,-1
785,-1,1706.704,988.501,156.718,149.821,0.995,-1,-1,-1
786,-1,1710.572,987.106,152.780,146.671,0.994,-1,-1,-1
787,-1,1714.165,986.431,150.074,143.882,0.993,-1,-1,-1
788,-1,1715.427,985.750,149.378,143.044,0.994,-1,-1,-1
789,-1,1718.327,981.356,147.786,144.308,0.994,-1,-1,-1
790,-1,1720.145,979.980,147.021,141.951,0.993,-1,-1,-1
791,-1,1721.925,978.076,144.821,140.373,0.992,-1,-1,-1
792,-1,1721.054,977.452,144.688,137.637,0.991,-1,-1,-1
793,-1,1722.119,976.122,143.144,136.939,0.992,-1,-1,-1
794,-1,1724.183,976.174,140.505,135.497,0.992,-1,-1,-1
795,-1,1725.524,974.902,140.596,134.634,0.991,-1,-1,-1
796,-1,1727.130,972.494,139.142,132.797,0.990,-1,-1,-1
797,-1,1728.556,972.671,135.754,128.515,0.986,-1,-1,-1
798,-1,1729.211,973.544,133.340,123.954,0.979,-1,-1,-1
799,-1,1730.762,971.607,133.199,124.566,0.982,-1,-1,-1
800,-1,1731.073,970.817,132.910,122.101,0.976,-1,-1,-1
801,-1,1729.745,968.703,134.194,121.609,0.975,-1,-1,-1
802,-1,1729.006,967.373,135.835,118.911,0.967,-1,-1,-1
803,-1,1730.230,966.259,133.880,116.985,0.954,-1,-1,-1
804,-1,1729.370,964.172,134.097,117.569,0.937,-1,-1,-1
805,-1,1730.705,962.443,131.736,117.315,0.927,-1,-1,-1
806,-1,1730.840,960.462,127.213,116.592,0.910,-1,-1,-1
807,-1,1730.693,961.563,123.458,112.707,0.769,-1,-1,-1
808,-1,1729.441,958.335,123.118,114.010,0.651,-1,-1,-1
938,-1,2.242,1242.236,654.740,678.234,0.766,-1,-1,-1
939,-1,1.362,1206.526,789.825,717.123,0.890,-1,-1,-1
940,-1,2.174,1214.780,912.906,709.774,0.940,-1,-1,-1
941,-1,3.005,1228.623,1030.997,697.418,0.975,-1,-1,-1
942,-1,3.244,1241.129,1147.803,682.626,0.994,-1,-1,-1
943,-1,1621.814,883.038,128.856,117.017,0.746,-1,-1,-1
943,-1,21.992,1251.719,1233.381,667.614,0.997,-1,-1,-1
944,-1,1623.733,882.684,129.711,118.909,0.804,-1,-1,-1
944,-1,198.704,1255.857,1174.207,653.062,0.998,-1,-1,-1
945,-1,1626.775,883.385,128.582,118.998,0.760,-1,-1,-1
945,-1,333.868,1259.662,1156.806,628.273,0.998,-1,-1,-1
946,-1,1628.940,885.235,129.536,117.808,0.771,-1,-1,-1
946,-1,475.449,1268.552,1119.678,601.758,0.998,-1,-1,-1
947,-1,1632.281,886.317,128.567,116.700,0.774,-1,-1,-1
947,-1,623.486,1279.273,1064.792,573.853,0.998,-1,-1,-1
948,-1,757.946,1299.784,1017.592,551.184,0.998,-1,-1,-1
949,-1,888.718,1320.451,967.301,527.594,0.998,-1,-1,-1
950,-1,999.032,1333.902,926.576,511.350,0.998,-1,-1,-1
951,-1,1107.138,1354.402,892.552,499.184,0.999,-1,-1,-1
952,-1,1220.811,1375.000,853.523,486.361,0.999,-1,-1,-1
953,-1,1328.055,1393.020,828.455,475.884,0.998,-1,-1,-1
954,-1,1414.155,1405.851,822.794,475.240,0.998,-1,-1,-1
955,-1,1511.109,1421.000,801.566,469.444,0.998,-1,-1,-1
956,-1,1609.001,1437.512,797.931,462.796,0.997,-1,-1,-1
957,-1,1699.564,1447.227,786.198,464.054,0.997,-1,-1,-1
958,-1,1781.749,1463.059,773.769,462.388,0.993,-1,-1,-1
959,-1,1863.912,1483.095,690.974,445.798,0.985,-1,-1,-1
960,-1,1943.254,1507.917,611.439,423.994,0.910,-1,-1,-1
961,-1,2017.447,1531.189,537.375,400.660,0.831,-1,-1,-1
962,-1,2078.050,1552.746,477.152,378.624,0.793,-1,-1,-1
963,-1,2151.017,1576.358,406.209,354.776,0.612,-1,-1,-1
971,-1,1657.392,915.881,124.706,113.041,0.512,-1,-1,-1
974,-1,1655.982,915.445,127.489,117.102,0.666,-1,-1,-1
975,-1,1657.275,916.517,127.584,117.898,0.798,-1,-1,-1
976,-1,1658.341,919.988,126.193,116.363,0.847,-1,-1,-1
977,-1,1659.131,921.587,126.394,115.975,0.886,-1,-1,-1
978,-1,1660.519,921.510,126.657,117.197,0.903,-1,-1,-1
979,-1,1661.904,922.024,125.436,117.317,0.879,-1,-1,-1
980,-1,1662.787,923.451,126.261,117.412,0.905,-1,-1,-1
981,-1,1662.404,924.948,126.209,116.779,0.921,-1,-1,-1
982,-1,1662.819,925.107,125.608,117.331,0.926,-1,-1,-1
983,-1,1662.614,925.811,126.219,117.871,0.930,-1,-1,-1
984,-1,1661.580,926.531,127.599,117.649,0.940,-1,-1,-1
985,-1,1660.766,926.445,128.636,118.650,0.948,-1,-1,-1
986,-1,1659.605,927.367,129.648,118.289,0.932,-1,-1,-1
987,-1,1657.405,928.074,132.727,118.627,0.955,-1,-1,-1
988,-1,1656.654,928.319,133.769,119.126,0.965,-1,-1,-1
989,-1,1655.908,926.907,132.983,121.359,0.960,-1,-1,-1
990,-1,1655.363,928.001,132.434,121.379,0.964,-1,-1,-1
991,-1,1653.830,927.651,133.470,123.017,0.976,-1,-1,-1
992,-1,1652.350,928.293,136.127,124.532,0.983,-1,-1,-1
993,-1,1649.953,927.349,138.204,125.991,0.984,-1,-1,-1
994,-1,1647.965,927.908,139.941,126.688,0.987,-1,-1,-1
995,-1,1645.620,928.396,140.602,127.234,0.987,-1,-1,-1
996,-1,1642.590,930.577,141.361,126.430,0.989,-1,-1,-1
997,-1,1641.477,929.533,141.036,129.420,0.990,-1,-1,-1
998,-1,1637.180,928.972,142.292,130.720,0.990,-1,-1,-1
999,-1,1633.994,931.363,140.210,127.770,0.988,-1,-1,-1
1000,-1,1629.851,933.944,140.850,126.112,0.989,-1,-1,-1
1001,-1,1628.279,934.603,142.637,126.667,0.990,-1,-1,-1
1002,-1,1626.208,934.805,142.591,127.400,0.990,-1,-1,-1
1003,-1,1622.006,938.929,142.598,126.514,0.991,-1,-1,-1
1004,-1,1619.619,939.698,143.917,128.079,0.992,-1,-1,-1
1005,-1,1615.612,938.532,145.700,131.430,0.993,-1,-1,-1
1006,-1,1613.583,938.944,145.410,132.224,0.993,-1,-1,-1
1007,-1,1609.894,938.503,146.482,134.204,0.993,-1,-1,-1
1008,-1,1606.974,936.307,147.554,137.108,0.994,-1,-1,-1
1009,-1,1602.877,937.705,148.770,136.192,0.993,-1,-1,-1
1010,-1,1599.305,937.791,149.785,137.491,0.994,-1,-1,-1
1011,-1,1594.540,940.047,152.697,136.656,0.994,-1,-1,-1
1012,-1,1590.846,939.404,153.518,137.459,0.995,-1,-1,-1
1013,-1,1585.728,939.563,156.017,140.447,0.995,-1,-1,-1
1014,-1,1580.574,940.694,157.880,141.077,0.996,-1,-1,-1
1015,-1,1574.853,938.622,159.674,147.237,0.996,-1,-1,-1
1016,-1,1569.229,936.672,162.439,150.624,0.997,-1,-1,-1
1017,-1,1563.361,935.117,163.849,151.860,0.996,-1,-1,-1
1018,-1,1558.447,936.927,165.693,150.119,0.997,-1,-1,-1
1019,-1,1551.149,937.077,171.432,153.682,0.997,-1,-1,-1
1020,-1,1545.201,935.273,174.156,157.945,0.997,-1,-1,-1
1021,-1,1539.165,936.828,177.080,158.472,0.998,-1,-1,-1
1022,-1,1532.978,937.639,179.503,159.488,0.998,-1,-1,-1
1023,-1,1527.232,939.864,179.851,159.296,0.998,-1,-1,-1
1024,-1,1519.579,940.983,182.658,158.682,0.998,-1,-1,-1
1025,-1,1510.351,942.773,186.234,160.528,0.998,-1,-1,-1
1026,-1,1500.022,939.853,192.418,166.630,0.998,-1,-1,-1
1027,-1,1491.574,940.570,193.460,167.558,0.998,-1,-1,-1
1028,-1,1481.628,938.950,195.747,172.342,0.998,-1,-1,-1
1029,-1,1472.916,941.515,197.050,173.010,0.997,-1,-1,-1
1030,-1,1461.419,938.018,203.256,179.426,0.997,-1,-1,-1
1031,-1,1452.402,940.068,207.800,178.322,0.998,-1,-1,-1
1032,-1,1438.887,941.861,215.338,177.713,0.997,-1,-1,-1
1033,-1,1425.250,939.682,219.673,184.225,0.997,-1,-1,-1
1034,-1,1410.102,937.030,226.399,190.969,0.999,-1,-1,-1
1035,-1,1395.957,940.060,233.117,190.768,0.999,-1,-1,-1
1036,-1,1381.292,937.226,240.376,196.828,0.999,-1,-1,-1
1037,-1,1363.522,932.209,245.436,206.125,0.999,-1,-1,-1
1038,-1,1347.123,933.499,248.782,209.097,0.999,-1,-1,-1
1039,-1,1327.670,932.561,258.850,211.450,0.999,-1,-1,-1
1040,-1,1313.647,932.832,262.985,213.120,0.999,-1,-1,-1
1041,-1,1283.217,932.801,284.236,217.967,0.999,-1,-1,-1
1042,-1,1258.081,930.714,296.391,221.343,0.999,-1,-1,-1
1043,-1,1230.598,929.507,311.610,227.683,0.999,-1,-1,-1
1044,-1,1209.347,925.069,316.820,238.266,0.999,-1,-1,-1
1045,-1,1178.825,923.244,329.956,240.848,1.000,-1,-1,-1
1046,-1,1148.696,920.236,347.076,249.915,1.000,-1,-1,-1
1047,-1,1107.564,916.777,368.889,256.005,1.000,-1,-1,-1
1048,-1,1070.528,914.843,378.868,262.410,1.000,-1,-1,-1
1049,-1,1035.218,913.881,397.155,269.126,1.000,-1,-1,-1
1050,-1,988.170,911.177,422.325,279.958,1.000,-1,-1,-1
1051,-1,945.535,904.599,445.918,293.668,1.000,-1,-1,-1
1052,-1,901.994,901.012,470.498,301.407,1.000,-1,-1,-1
1053,-1,839.515,895.933,502.922,316.685,1.000,-1,-1,-1
1054,-1,784.718,888.853,524.766,330.622,1.000,-1,-1,-1
1055,-1,719.865,878.877,556.294,349.175,1.000,-1,-1,-1
1056,-1,648.134,869.399,591.870,364.253,1.000,-1,-1,-1
1057,-1,561.369,859.434,635.429,377.016,0.999,-1,-1,-1
1058,-1,482.201,848.194,662.207,390.781,0.999,-1,-1,-1
1059,-1,379.036,836.815,704.963,403.661,0.999,-1,-1,-1
1060,-1,267.549,828.723,761.161,422.149,0.999,-1,-1,-1
1061,-1,144.666,822.872,819.623,434.816,0.998,-1,-1,-1
1062,-1,3.404,774.752,748.919,509.652,0.808,-1,-1,-1
1079,-1,2190.597,1477.894,363.539,337.059,0.627,-1,-1,-1
1080,-1,2165.887,1467.577,388.088,344.633,0.866,-1,-1,-1
1081,-1,2140.998,1452.880,412.648,362.898,0.599,-1,-1,-1
1082,-1,2108.266,1437.919,443.781,366.082,0.601,-1,-1,-1
1083,-1,2074.047,1427.792,477.250,369.546,0.887,-1,-1,-1
1084,-1,2038.069,1409.051,512.399,362.312,0.979,-1,-1,-1
1085,-1,1999.696,1392.040,550.470,371.672,0.958,-1,-1,-1
1086,-1,1949.579,1369.786,600.235,374.788,0.985,-1,-1,-1
1087,-1,1899.181,1356.188,630.869,351.508,0.997,-1,-1,-1
1088,-1,1855.024,1331.085,623.981,353.475,0.998,-1,-1,-1
1089,-1,1798.839,1310.581,615.204,344.104,0.998,-1,-1,-1
1090,-1,1744.059,1292.720,604.959,334.423,0.999,-1,-1,-1
1091,-1,1691.514,1275.312,599.657,333.072,0.999,-1,-1,-1
1092,-1,1628.021,1251.407,599.691,339.124,0.999,-1,-1,-1
1093,-1,1564.889,1230.143,606.003,337.500,0.999,-1,-1,-1
1094,-1,1503.694,1207.879,612.941,339.067,0.999,-1,-1,-1
1095,-1,1443.668,1187.893,608.507,331.542,0.999,-1,-1,-1
1096,-1,1377.975,1169.389,615.469,328.220,0.999,-1,-1,-1
1097,-1,1307.729,1153.999,623.284,327.592,0.999,-1,-1,-1
1098,-1,1237.903,1130.379,635.976,337.741,0.999,-1,-1,-1
1099,-1,1161.651,1119.117,652.590,335.335,1.000,-1,-1,-1
1100,-1,818.558,674.186,223.973,162.909,0.566,-1,-1,-1
1100,-1,1090.082,1100.180,659.673,335.100,1.000,-1,-1,-1
1101,-1,1014.503,1079.192,671.636,344.651,1.000,-1,-1,-1
1102,-1,800.615,669.828,224.477,167.431,0.586,-1,-1,-1
1102,-1,940.280,1070.344,680.597,346.379,1.000,-1,-1,-1
1103,-1,792.507,670.201,224.613,168.507,0.795,-1,-1,-1
1103,-1,864.467,1054.124,677.399,348.968,1.000,-1,-1,-1
1104,-1,778.333,1039.407,687.502,348.108,1.000,-1,-1,-1
1105,-1,688.687,1024.651,701.324,350.130,1.000,-1,-1,-1
1106,-1,596.361,1009.015,719.566,353.656,1.000,-1,-1,-1
1107,-1,495.776,992.536,754.656,364.895,1.000,-1,-1,-1
1108,-1,387.096,980.447,778.465,371.438,0.999,-1,-1,-1
1109,-1,272.509,967.249,800.288,380.355,0.999,-1,-1,-1
1110,-1,141.159,955.702,837.104,386.890,0.999,-1,-1,-1
1111,-1,698.544,658.555,246.530,175.912,0.637,-1,-1,-1
1111,-1,21.250,941.530,867.822,403.058,0.995,-1,-1,-1
1112,-1,690.312,656.627,246.286,177.411,0.547,-1,-1,-1
1112,-1,4.436,924.692,795.686,423.270,0.961,-1,-1,-1
1113,-1,3.937,914.650,693.622,433.735,0.953,-1,-1,-1
1114,-1,2.203,908.238,583.557,432.250,0.874,-1,-1,-1
1114,-1,660.828,655.814,250.579,179.189,0.545,-1,-1,-1
1115,-1,2.158,915.672,462.035,423.815,0.609,-1,-1,-1
1115,-1,651.743,655.864,249.476,178.813,0.698,-1,-1,-1
1116,-1,641.625,653.233,249.808,182.845,0.588,-1,-1,-1
1117,-1,626.187,651.664,253.633,182.400,0.872,-1,-1,-1
1118,-1,614.999,648.484,250.872,181.890,0.761,-1,-1,-1
1119,-1,598.182,647.174,254.794,182.811,0.830,-1,-1,-1
1121,-1,572.745,643.574,260.081,181.856,0.802,-1,-1,-1
1123,-1,554.715,641.056,260.538,183.438,0.846,-1,-1,-1
1124,-1,542.458,637.223,261.672,186.061,0.717,-1,-1,-1
1125,-1,528.363,631.550,264.802,192.395,0.889,-1,-1,-1
1126,-1,521.371,629.821,260.907,191.798,0.777,-1,-1,-1
1128,-1,501.168,619.414,263.589,200.070,0.528,-1,-1,-1
1129,-1,490.719,617.640,264.408,205.105,0.808,-1,-1,-1
1130,-1,483.079,613.430,263.364,209.958,0.550,-1,-1,-1
1131,-1,475.412,611.197,264.742,214.432,0.780,-1,-1,-1
1132,-1,468.725,610.648,269.473,216.213,0.807,-1,-1,-1
1135,-1,452.269,613.085,271.698,219.150,0.847,-1,-1,-1
1136,-1,446.871,618.976,271.507,218.941,0.957,-1,-1,-1
1137,-1,442.882,624.704,264.776,219.358,0.981,-1,-1,-1
1138,-1,437.683,623.916,267.514,222.690,0.968,-1,-1,-1
1139,-1,435.018,629.483,260.578,220.793,0.973,-1,-1,-1
1140,-1,434.940,635.360,245.740,221.846,0.986,-1,-1,-1
1141,-1,431.874,640.143,242.722,224.967,0.989,-1,-1,-1
1142,-1,432.987,643.228,237.551,225.342,0.975,-1,-1,-1
1143,-1,431.962,643.947,237.190,230.643,0.987,-1,-1,-1
1144,-1,431.539,646.368,234.108,233.155,0.991,-1,-1,-1
1145,-1,430.891,649.673,234.565,235.495,0.993,-1,-1,-1
1146,-1,432.698,651.781,233.546,239.750,0.992,-1,-1,-1
1147,-1,433.287,653.653,230.900,244.513,0.994,-1,-1,-1
1148,-1,431.957,654.062,234.096,250.890,0.988,-1,-1,-1
1149,-1,432.331,656.210,234.033,251.403,0.989,-1,-1,-1
1150,-1,435.032,662.732,234.042,250.528,0.991,-1,-1,-1
1151,-1,435.552,663.356,236.796,255.723,0.987,-1,-1,-1
1152,-1,438.240,668.160,237.690,256.663,0.991,-1,-1,-1
1153,-1,439.416,671.120,238.750,259.694,0.989,-1,-1,-1
1154,-1,442.660,674.635,239.004,258.841,0.992,-1,-1,-1
1155,-1,443.714,676.760,242.059,265.547,0.993,-1,-1,-1
1156,-1,444.276,681.615,245.644,268.506,0.990,-1,-1,-1
1157,-1,443.893,683.259,251.854,273.104,0.992,-1,-1,-1
1158,-1,445.383,686.833,256.555,277.735,0.988,-1,-1,-1
1159,-1,442.426,687.102,262.858,290.902,0.988,-1,-1,-1
1160,-1,443.151,695.333,261.972,291.198,0.967,-1,-1,-1
1161,-1,440.802,696.318,265.240,301.441,0.958,-1,-1,-1
1162,-1,438.668,702.451,267.547,305.719,0.946,-1,-1,-1
1163,-1,436.437,709.395,268.338,308.740,0.887,-1,-1,-1
1164,-1,428.921,715.685,276.042,318.056,0.911,-1,-1,-1
1165,-1,421.084,718.795,277.984,322.846,0.817,-1,-1,-1
1166,-1,407.074,728.950,290.292,324.369,0.980,-1,-1,-1
1167,-1,389.812,734.961,303.622,329.918,0.985,-1,-1,-1
1168,-1,370.886,736.762,315.222,336.093,0.957,-1,-1,-1
1169,-1,352.511,743.173,331.183,342.892,0.985,-1,-1,-1
1170,-1,321.882,750.037,363.505,349.130,0.993,-1,-1,-1
1171,-1,291.473,760.546,393.738,352.376,0.993,-1,-1,-1
1172,-1,258.010,764.099,421.382,360.483,0.993,-1,-1,-1
1173,-1,216.574,766.416,452.477,368.823,0.997,-1,-1,-1
1174,-1,177.315,770.229,484.220,375.817,0.997,-1,-1,-1
1175,-1,121.893,778.645,516.287,382.552,0.995,-1,-1,-1
1176,-1,59.743,783.582,560.168,389.878,0.995,-1,-1,-1
1177,-1,10.110,783.690,589.519,403.200,0.986,-1,-1,-1
1178,-1,4.236,781.683,567.009,418.113,0.957,-1,-1,-1
1179,-1,3.440,776.686,542.863,434.390,0.761,-1,-1,-1
1180,-1,3.192,768.140,508.048,451.271,0.562,-1,-1,-1
1262,-1,4.149,1071.155,686.759,777.775,0.654,-1,-1,-1
1263,-1,4.265,1054.763,850.616,810.040,0.948,-1,-1,-1
1264,-1,6.915,1050.661,986.614,758.208,0.979,-1,-1,-1
1265,-1,31.482,1059.892,1071.209,670.583,0.997,-1,-1,-1
1266,-1,260.944,1054.200,950.441,606.175,0.999,-1,-1,-1
1267,-1,458.274,1048.492,844.235,560.381,0.999,-1,-1,-1
1268,-1,617.582,1047.090,751.498,516.184,0.999,-1,-1,-1
1269,-1,758.381,1047.635,675.009,489.766,0.999,-1,-1,-1
1270,-1,880.542,1049.478,608.265,454.156,0.999,-1,-1,-1
1271,-1,972.743,1052.455,564.619,425.277,1.000,-1,-1,-1
1272,-1,1054.956,1049.779,532.243,400.023,1.000,-1,-1,-1
1273,-1,1135.316,1048.541,480.993,373.776,1.000,-1,-1,-1
1274,-1,1202.398,1055.304,445.172,345.635,1.000,-1,-1,-1
1275,-1,1258.246,1052.651,415.670,329.944,1.000,-1,-1,-1
1276,-1,1309.329,1053.381,388.095,310.417,1.000,-1,-1,-1
1277,-1,1356.240,1049.907,362.063,293.545,1.000,-1,-1,-1
1278,-1,1391.592,1048.300,342.627,281.061,1.000,-1,-1,-1
1279,-1,1428.915,1045.685,318.820,274.519,0.999,-1,-1,-1
1280,-1,1465.699,1045.597,299.679,266.041,0.999,-1,-1,-1
1281,-1,1494.685,1045.074,284.082,255.076,1.000,-1,-1,-1
1282,-1,1522.612,1041.523,269.177,248.098,1.000,-1,-1,-1
1283,-1,1545.099,1041.960,253.793,236.324,0.999,-1,-1,-1
1284,-1,1566.343,1040.504,242.772,225.057,0.999,-1,-1,-1
1285,-1,1581.479,1037.068,238.557,219.870,0.999,-1,-1,-1
1286,-1,1597.522,1035.680,226.900,211.770,0.999,-1,-1,-1
1287,-1,1611.263,1029.737,214.678,209.966,0.999,-1,-1,-1
1288,-1,1622.360,1029.168,207.138,201.439,0.998,-1,-1,-1
1289,-1,1635.688,1027.095,198.359,192.814,0.998,-1,-1,-1
1290,-1,1642.811,1023.878,194.245,189.374,0.999,-1,-1,-1
1291,-1,1652.860,1017.812,188.741,187.904,0.998,-1,-1,-1
1292,-1,1660.655,1013.891,187.168,185.670,0.995,-1,-1,-1
1293,-1,1666.429,1012.376,183.689,178.671,0.998,-1,-1,-1
1294,-1,1674.489,1010.545,176.807,171.691,0.998,-1,-1,-1
1295,-1,1679.961,1006.586,171.801,167.042,0.998,-1,-1,-1
1296,-1,1682.917,1004.617,170.383,163.529,0.997,-1,-1,-1
1297,-1,1685.597,1002.285,167.568,159.129,0.997,-1,-1,-1
1298,-1,1690.105,999.364,163.744,157.825,0.997,-1,-1,-1
1299,-1,1689.534,997.251,165.176,156.400,0.997,-1,-1,-1
1300,-1,1693.870,992.371,161.749,155.342,0.997,-1,-1,-1
1301,-1,1696.566,990.872,158.929,151.917,0.997,-1,-1,-1
1302,-1,1699.659,988.234,155.285,149.564,0.996,-1,-1,-1
1303,-1,1702.143,986.462,153.417,146.214,0.996,-1,-1,-1
1304,-1,1703.676,984.424,150.222,144.355,0.995,-1,-1,-1
1305,-1,1707.057,981.444,146.830,142.054,0.995,-1,-1,-1
1306,-1,1709.890,979.605,144.588,139.569,0.994,-1,-1,-1
1307,-1,1711.878,977.329,142.738,139.148,0.994,-1,-1,-1
1308,-1,1712.225,975.746,141.192,136.195,0.993,-1,-1,-1
1309,-1,1714.457,974.438,140.068,134.049,0.992,-1,-1,-1
1310,-1,1716.867,972.888,134.668,128.510,0.990,-1,-1,-1
1311,-1,1718.605,971.954,132.065,126.691,0.988,-1,-1,-1
1312,-1,1719.720,971.214,129.368,124.300,0.985,-1,-1,-1
1313,-1,1721.594,968.912,127.318,123.044,0.983,-1,-1,-1
1314,-1,1722.366,965.276,126.511,123.451,0.983,-1,-1,-1
1315,-1,1722.242,963.229,125.678,122.528,0.982,-1,-1,-1
1316,-1,1722.302,961.509,125.569,121.262,0.979,-1,-1,-1
1317,-1,1722.062,959.680,127.705,121.767,0.982,-1,-1,-1
1318,-1,1722.496,959.312,126.341,119.318,0.979,-1,-1,-1
1319,-1,1722.665,958.717,125.246,118.656,0.978,-1,-1,-1
1320,-1,1724.930,958.292,123.066,115.721,0.970,-1,-1,-1
1321,-1,1726.423,957.109,120.557,114.500,0.954,-1,-1,-1
1322,-1,1727.625,956.781,119.214,112.255,0.928,-1,-1,-1
1323,-1,1727.709,956.660,119.632,110.348,0.915,-1,-1,-1
1324,-1,1726.651,955.090,119.076,109.457,0.902,-1,-1,-1
1325,-1,1728.049,953.338,118.368,109.299,0.846,-1,-1,-1
1326,-1,1725.984,952.485,119.627,108.816,0.656,-1,-1,-1
1327,-1,1727.553,951.037,118.389,107.863,0.544,-1,-1,-1
1328,-1,1720.693,948.564,118.804,108.745,0.501,-1,-1,-1
1357,-1,1632.155,927.552,121.263,105.568,0.649,-1,-1,-1
1358,-1,1629.469,928.861,123.043,107.263,0.776,-1,-1,-1
1359,-1,1629.492,930.328,124.196,109.148,0.816,-1,-1,-1
1360,-1,1627.432,932.538,125.825,111.240,0.906,-1,-1,-1
1361,-1,1624.713,934.848,126.313,110.790,0.906,-1,-1,-1
1362,-1,1620.374,936.021,127.701,112.036,0.918,-1,-1,-1
1363,-1,1618.539,939.398,129.062,111.901,0.942,-1,-1,-1
1364,-1,1616.278,941.182,130.525,114.880,0.966,-1,-1,-1
1365,-1,1610.086,943.848,133.383,116.578,0.977,-1,-1,-1
1366,-1,1604.531,944.915,135.435,119.300,0.979,-1,-1,-1
1367,-1,1598.422,944.838,137.321,122.833,0.984,-1,-1,-1
1368,-1,1592.386,947.229,138.302,124.125,0.985,-1,-1,-1
1369,-1,1584.290,948.820,141.554,127.185,0.989,-1,-1,-1
1370,-1,1575.789,948.517,144.918,132.215,0.992,-1,-1,-1
1371,-1,1567.399,949.795,148.096,134.831,0.990,-1,-1,-1
1372,-1,1559.775,950.077,152.359,136.923,0.993,-1,-1,-1
1373,-1,1547.767,952.251,157.352,138.480,0.994,-1,-1,-1
1374,-1,1535.436,953.673,161.735,143.074,0.996,-1,-1,-1
1375,-1,1523.920,953.855,165.329,147.873,0.997,-1,-1,-1
1376,-1,1508.496,954.727,169.877,151.346,0.997,-1,-1,-1
1377,-1,1493.015,958.295,175.829,153.072,0.998,-1,-1,-1
1378,-1,1472.973,959.413,185.007,157.621,0.998,-1,-1,-1
1379,-1,1452.389,958.789,193.895,165.169,0.998,-1,-1,-1
1380,-1,1431.993,958.661,200.729,168.445,0.998,-1,-1,-1
1381,-1,1405.792,959.963,206.276,172.828,0.998,-1,-1,-1
1382,-1,1378.701,961.505,212.869,175.283,0.998,-1,-1,-1
1383,-1,1342.921,961.966,230.633,181.974,0.999,-1,-1,-1
1384,-1,1312.568,958.596,245.261,191.922,0.999,-1,-1,-1
1385,-1,1276.960,960.945,251.425,191.221,0.999,-1,-1,-1
1386,-1,1231.293,957.981,269.941,198.260,0.999,-1,-1,-1
1387,-1,1184.955,958.443,289.852,201.755,0.999,-1,-1,-1
1388,-1,1132.087,955.097,304.456,209.112,0.999,-1,-1,-1
1389,-1,1074.772,952.373,325.641,215.987,0.999,-1,-1,-1
1390,-1,1011.224,949.233,354.708,222.405,0.999,-1,-1,-1
1391,-1,945.042,944.336,382.495,235.681,1.000,-1,-1,-1
1392,-1,864.112,936.165,421.882,250.694,1.000,-1,-1,-1
1393,-1,781.847,931.659,447.510,260.962,1.000,-1,-1,-1
1394,-1,681.037,920.086,490.563,285.156,1.000,-1,-1,-1
1395,-1,572.528,913.998,529.477,302.909,1.000,-1,-1,-1
1396,-1,450.844,907.912,559.244,314.286,0.999,-1,-1,-1
1397,-1,309.564,895.111,629.699,340.306,0.999,-1,-1,-1
1398,-1,144.269,889.927,686.337,354.480,0.999,-1,-1,-1
1399,-1,5.634,877.735,738.330,382.559,0.990,-1,-1,-1
1400,-1,4.404,864.061,629.264,409.248,0.864,-1,-1,-1
1401,-1,3.955,854.464,501.238,415.418,0.731,-1,-1,-1
1440,-1,193.476,478.286,315.826,221.637,0.508,-1,-1,-1
1442,-1,193.598,478.670,314.859,221.162,0.613,-1,-1,-1
1443,-1,193.701,478.751,314.779,221.017,0.627,-1,-1,-1
1444,-1,193.613,478.578,314.730,221.218,0.607,-1,-1,-1
1445,-1,193.594,478.610,314.628,221.120,0.593,-1,-1,-1
1446,-1,193.683,478.587,314.453,221.069,0.582,-1,-1,-1
1447,-1,193.715,478.596,314.075,221.060,0.571,-1,-1,-1
1448,-1,193.692,478.508,313.897,221.188,0.568,-1,-1,-1
1449,-1,193.718,478.665,313.549,221.103,0.572,-1,-1,-1
1450,-1,193.759,478.675,313.617,221.045,0.579,-1,-1,-1
1451,-1,193.762,478.506,313.472,221.192,0.567,-1,-1,-1
1453,-1,191.761,478.214,315.066,221.897,0.602,-1,-1,-1
1454,-1,191.886,478.265,314.875,221.907,0.598,-1,-1,-1
1455,-1,191.820,478.206,314.894,221.938,0.605,-1,-1,-1
1456,-1,191.624,478.174,315.674,221.971,0.603,-1,-1,-1
1457,-1,191.934,478.155,314.995,221.912,0.590,-1,-1,-1
1458,-1,192.178,478.143,314.718,221.881,0.579,-1,-1,-1
1459,-1,192.208,478.219,314.937,221.720,0.575,-1,-1,-1
1460,-1,192.168,478.273,314.906,221.743,0.577,-1,-1,-1
1461,-1,192.032,478.272,315.208,221.689,0.590,-1,-1,-1
1467,-1,191.800,477.931,314.497,222.330,0.501,-1,-1,-1
1471,-1,191.792,477.689,314.678,222.348,0.501,-1,-1,-1
1473,-1,192.181,478.005,314.409,222.191,0.501,-1,-1,-1
1474,-1,192.198,477.989,314.080,222.211,0.508,-1,-1,-1
1479,-1,191.356,477.373,317.146,222.862,0.513,-1,-1,-1
1480,-1,191.444,477.389,316.808,222.862,0.506,-1,-1,-1
1481,-1,191.445,477.321,316.849,222.905,0.506,-1,-1,-1
1483,-1,191.693,477.271,316.172,222.942,0.500,-1,-1,-1
1484,-1,191.973,477.406,315.728,222.769,0.502,-1,-1,-1
1502,-1,194.003,478.429,313.167,222.232,0.545,-1,-1,-1
1503,-1,193.661,478.476,313.640,222.193,0.570,-1,-1,-1
1504,-1,193.606,478.470,313.937,222.139,0.573,-1,-1,-1
1505,-1,193.617,478.548,314.140,222.036,0.572,-1,-1,-1
1506,-1,193.131,478.619,314.423,221.885,0.585,-1,-1,-1
1507,-1,193.131,478.661,314.302,221.834,0.599,-1,-1,-1
1508,-1,193.164,478.542,315.241,221.892,0.584,-1,-1,-1
1509,-1,193.247,478.571,314.981,221.926,0.591,-1,-1,-1
1510,-1,193.523,478.665,314.751,221.821,0.597,-1,-1,-1
1511,-1,193.604,478.492,314.378,222.012,0.568,-1,-1,-1
1512,-1,193.505,478.471,315.000,221.935,0.574,-1,-1,-1
1513,-1,192.659,478.953,316.105,221.638,0.565,-1,-1,-1
1514,-1,192.645,478.967,316.122,221.662,0.569,-1,-1,-1
1515,-1,192.754,478.970,315.923,221.529,0.556,-1,-1,-1
1516,-1,192.824,478.953,315.634,221.501,0.558,-1,-1,-1
1517,-1,192.935,479.145,315.417,221.448,0.571,-1,-1,-1
1518,-1,193.054,479.173,315.330,221.361,0.568,-1,-1,-1
1519,-1,193.048,479.195,315.398,221.328,0.562,-1,-1,-1
1520,-1,192.978,479.147,315.454,221.425,0.566,-1,-1,-1
1521,-1,193.436,479.209,314.539,221.249,0.544,-1,-1,-1
1522,-1,193.310,479.233,314.509,221.241,0.545,-1,-1,-1
1523,-1,193.223,479.231,314.353,221.267,0.545,-1,-1,-1
1524,-1,193.104,479.175,315.149,221.489,0.540,-1,-1,-1
1549,-1,193.620,479.110,316.180,221.252,0.507,-1,-1,-1
1550,-1,193.553,479.051,316.231,221.301,0.507,-1,-1,-1
1551,-1,193.626,479.092,316.224,221.238,0.510,-1,-1,-1
1590,-1,192.936,478.191,315.507,222.235,0.512,-1,-1,-1
1591,-1,192.946,478.264,315.425,222.141,0.502,-1,-1,-1
1592,-1,192.709,478.423,315.830,221.988,0.536,-1,-1,-1
1593,-1,192.736,478.361,315.292,221.988,0.529,-1,-1,-1
1594,-1,192.594,478.336,315.438,221.994,0.530,-1,-1,-1
1595,-1,192.553,478.366,315.379,221.939,0.525,-1,-1,-1
1635,-1,0.644,1049.649,751.318,668.476,0.864,-1,-1,-1
1636,-1,2.310,1040.608,928.836,618.118,0.974,-1,-1,-1
1637,-1,184.497,1041.782,887.495,540.193,0.999,-1,-1,-1
1638,-1,440.727,1046.143,752.291,485.000,0.999,-1,-1,-1
1639,-1,644.100,1052.670,650.894,437.312,0.999,-1,-1,-1
1640,-1,801.367,1047.625,587.462,407.138,1.000,-1,-1,-1
1641,-1,929.744,1052.461,526.119,367.347,1.000,-1,-1,-1
1642,-1,1042.596,1057.469,471.054,332.531,1.000,-1,-1,-1
1643,-1,1135.378,1057.265,427.157,310.809,1.000,-1,-1,-1
1644,-1,1217.589,1053.709,381.069,284.976,1.000,-1,-1,-1
1645,-1,1286.276,1053.693,342.289,268.713,1.000,-1,-1,-1
1646,-1,1343.232,1051.821,321.302,254.798,1.000,-1,-1,-1
1647,-1,1395.359,1052.295,290.902,242.277,0.999,-1,-1,-1
1648,-1,1438.589,1049.335,271.711,231.774,0.999,-1,-1,-1
1649,-1,1477.269,1044.416,255.573,224.153,0.999,-1,-1,-1
1650,-1,1508.286,1041.497,240.580,213.888,0.999,-1,-1,-1
1651,-1,1538.135,1041.703,224.751,203.932,0.999,-1,-1,-1
1652,-1,1564.077,1037.747,212.646,195.176,0.999,-1,-1,-1
1653,-1,1580.245,1035.867,206.532,186.346,0.999,-1,-1,-1
1654,-1,1598.946,1030.351,201.962,183.924,0.999,-1,-1,-1
1655,-1,1615.240,1028.814,189.833,177.166,0.998,-1,-1,-1
1656,-1,1630.943,1026.034,179.870,169.904,0.998,-1,-1,-1
1657,-1,1641.407,1021.360,172.217,166.538,0.998,-1,-1,-1
1658,-1,1652.494,1018.349,169.467,160.502,0.998,-1,-1,-1
1659,-1,1661.284,1013.240,164.672,158.283,0.997,-1,-1,-1
1660,-1,1671.233,1010.310,158.546,154.162,0.997,-1,-1,-1
1661,-1,1676.936,1007.412,156.770,149.975,0.997,-1,-1,-1
1662,-1,1684.279,1006.863,152.295,144.274,0.996,-1,-1,-1
1663,-1,1686.153,1005.428,150.026,139.220,0.988,-1,-1,-1
1664,-1,1693.655,1001.333,148.698,136.417,0.993,-1,-1,-1
1665,-1,1697.606,997.652,146.915,136.002,0.993,-1,-1,-1
1666,-1,1702.761,996.095,143.572,132.783,0.992,-1,-1,-1
1667,-1,1704.961,993.202,143.030,132.892,0.992,-1,-1,-1
1668,-1,1710.578,990.334,139.503,129.963,0.989,-1,-1,-1
1669,-1,1714.697,988.635,137.179,128.192,0.988,-1,-1,-1
1670,-1,1718.941,986.584,131.831,122.695,0.982,-1,-1,-1
1671,-1,1719.043,984.073,128.862,119.455,0.981,-1,-1,-1
1672,-1,1722.975,982.088,127.560,118.117,0.974,-1,-1,-1
1673,-1,1723.585,979.242,127.406,118.276,0.972,-1,-1,-1
1674,-1,1723.701,975.766,125.210,116.913,0.969,-1,-1,-1
1675,-1,1725.600,973.245,122.703,113.909,0.965,-1,-1,-1
1676,-1,1726.215,971.371,123.977,112.363,0.955,-1,-1,-1
1677,-1,1726.940,969.636,123.585,110.489,0.928,-1,-1,-1
1678,-1,1728.250,967.211,120.960,110.975,0.829,-1,-1,-1
1679,-1,1732.251,965.616,119.685,110.402,0.698,-1,-1,-1
1680,-1,1733.994,962.543,120.348,112.077,0.727,-1,-1,-1
1719,-1,192.638,478.965,316.815,221.527,0.552,-1,-1,-1
1720,-1,192.420,478.990,316.993,221.451,0.538,-1,-1,-1
1721,-1,193.011,479.082,316.189,221.266,0.526,-1,-1,-1
1724,-1,192.794,478.981,316.538,221.266,0.511,-1,-1,-1
1725,-1,192.739,478.893,316.484,221.348,0.515,-1,-1,-1
1727,-1,192.199,478.899,317.476,221.456,0.508,-1,-1,-1
1728,-1,191.917,478.855,317.626,221.524,0.524,-1,-1,-1
1729,-1,191.696,478.644,316.447,221.012,0.551,-1,-1,-1
1730,-1,191.831,478.768,316.249,220.896,0.557,-1,-1,-1
1731,-1,192.005,478.855,316.077,220.888,0.574,-1,-1,-1
1732,-1,191.919,478.961,316.340,220.602,0.571,-1,-1,-1
1733,-1,191.837,478.882,316.257,220.578,0.549,-1,-1,-1
1734,-1,191.814,478.794,316.507,220.746,0.550,-1,-1,-1
1735,-1,191.710,478.731,316.727,220.949,0.559,-1,-1,-1
1736,-1,191.633,478.538,316.841,221.125,0.567,-1,-1,-1
1737,-1,191.592,478.497,316.958,221.302,0.577,-1,-1,-1
1738,-1,191.343,478.381,317.489,221.319,0.573,-1,-1,-1
1739,-1,190.992,478.339,317.635,221.365,0.579,-1,-1,-1
1740,-1,191.051,478.339,317.812,221.403,0.581,-1,-1,-1
1741,-1,191.738,478.549,317.557,221.114,0.518,-1,-1,-1
1742,-1,191.503,478.514,317.742,220.915,0.525,-1,-1,-1
1743,-1,191.493,478.611,317.664,220.910,0.539,-1,-1,-1
1744,-1,191.680,478.471,317.702,220.977,0.522,-1,-1,-1
1745,-1,191.576,478.488,318.119,221.009,0.530,-1,-1,-1
1746,-1,191.457,478.604,318.081,220.999,0.535,-1,-1,-1
1747,-1,191.268,478.495,318.752,221.072,0.523,-1,-1,-1
1748,-1,191.386,478.627,318.367,220.934,0.531,-1,-1,-1
1749,-1,191.419,478.599,317.889,221.022,0.530,-1,-1,-1
1750,-1,191.680,478.576,317.314,221.053,0.521,-1,-1,-1
1751,-1,191.361,478.666,318.429,221.066,0.545,-1,-1,-1
1752,-1,191.357,478.575,318.252,221.101,0.521,-1,-1,-1
1753,-1,190.159,478.902,321.020,221.131,0.611,-1,-1,-1
1754,-1,190.213,478.738,320.904,221.275,0.614,-1,-1,-1
1755,-1,190.312,478.802,320.994,221.284,0.628,-1,-1,-1
1756,-1,190.294,478.618,320.697,221.127,0.579,-1,-1,-1
1757,-1,190.370,478.616,320.381,221.047,0.593,-1,-1,-1
1758,-1,190.216,478.627,320.900,221.181,0.605,-1,-1,-1
1759,-1,190.563,478.729,320.244,221.085,0.619,-1,-1,-1
1760,-1,190.679,478.620,320.224,221.216,0.594,-1,-1,-1
1761,-1,190.925,478.703,319.956,221.178,0.595,-1,-1,-1
1762,-1,190.664,478.762,320.039,221.155,0.601,-1,-1,-1
1763,-1,190.613,478.719,319.987,221.198,0.591,-1,-1,-1
1764,-1,190.341,478.643,320.282,221.248,0.613,-1,-1,-1
1765,-1,190.081,478.557,320.179,221.423,0.629,-1,-1,-1
1766,-1,190.044,478.471,319.924,221.518,0.634,-1,-1,-1
1767,-1,190.178,478.563,319.551,221.509,0.632,-1,-1,-1
1768,-1,190.111,478.506,319.849,221.682,0.629,-1,-1,-1
1787,-1,1.839,1053.722,797.477,775.706,0.843,-1,-1,-1
1788,-1,5.013,1049.690,977.165,711.928,0.983,-1,-1,-1
1789,-1,204.151,1053.710,919.779,615.061,0.998,-1,-1,-1
1790,-1,473.587,1046.981,786.255,556.413,0.999,-1,-1,-1
1791,-1,687.373,1046.917,665.422,494.969,0.999,-1,-1,-1
1792,-1,860.280,1048.100,577.252,457.170,0.999,-1,-1,-1
1793,-1,978.924,1052.730,523.186,416.132,0.999,-1,-1,-1
1794,-1,1096.506,1054.956,466.400,379.704,1.000,-1,-1,-1
1795,-1,1188.522,1056.664,419.407,346.428,1.000,-1,-1,-1
1796,-1,1263.301,1053.829,384.189,323.169,1.000,-1,-1,-1
1797,-1,1331.161,1050.571,349.774,304.928,1.000,-1,-1,-1
1798,-1,1386.397,1047.326,325.403,285.815,0.999,-1,-1,-1
1799,-1,1438.704,1044.558,296.312,272.228,0.999,-1,-1,-1
1800,-1,1480.508,1045.809,272.019,258.315,0.999,-1,-1,-1
1801,-1,1511.709,1041.756,259.191,247.792,0.999,-1,-1,-1
1802,-1,1544.893,1039.687,238.077,233.874,0.999,-1,-1,-1
1803,-1,1570.541,1039.743,224.546,218.066,0.999,-1,-1,-1
1804,-1,1589.081,1033.706,216.309,213.601,0.998,-1,-1,-1
1805,-1,1608.805,1035.031,206.607,200.870,0.998,-1,-1,-1
1806,-1,1623.701,1029.709,194.929,193.916,0.998,-1,-1,-1
1807,-1,1636.815,1030.268,185.697,181.679,0.998,-1,-1,-1
1808,-1,1647.875,1024.557,180.695,180.702,0.998,-1,-1,-1
1809,-1,1657.644,1018.941,175.614,174.437,0.998,-1,-1,-1
1810,-1,1669.347,1014.975,171.048,167.223,0.997,-1,-1,-1
1811,-1,1678.057,1010.598,166.497,162.089,0.997,-1,-1,-1
1812,-1,1684.617,1005.549,161.223,160.107,0.996,-1,-1,-1
1813,-1,1690.829,1003.887,159.380,155.971,0.996,-1,-1,-1
1814,-1,1695.085,1002.299,155.760,151.566,0.995,-1,-1,-1
1815,-1,1699.094,1000.621,154.644,148.337,0.995,-1,-1,-1
1816,-1,1704.425,997.301,153.205,145.424,0.995,-1,-1,-1
1817,-1,1710.352,994.346,147.823,142.699,0.994,-1,-1,-1
1818,-1,1715.029,991.447,144.657,139.951,0.993,-1,-1,-1
1819,-1,1716.260,988.786,144.923,138.202,0.990,-1,-1,-1
1820,-1,1719.530,987.605,142.609,134.035,0.987,-1,-1,-1
1821,-1,1721.261,985.381,140.314,131.790,0.985,-1,-1,-1
1822,-1,1724.488,982.242,137.548,130.654,0.982,-1,-1,-1
1823,-1,1726.063,980.058,136.532,127.983,0.972,-1,-1,-1
1824,-1,1725.527,977.598,135.370,125.502,0.946,-1,-1,-1
1825,-1,1727.683,976.039,132.477,122.329,0.913,-1,-1,-1
1826,-1,1728.419,973.924,131.640,120.926,0.901,-1,-1,-1
1827,-1,1729.529,970.780,131.511,119.805,0.899,-1,-1,-1
1828,-1,1731.996,969.700,131.262,115.718,0.795,-1,-1,-1
1829,-1,1732.438,967.354,133.051,115.291,0.648,-1,-1,-1
1830,-1,1729.081,963.740,132.454,116.862,0.697,-1,-1,-1
1831,-1,1729.910,961.838,129.380,115.877,0.551,-1,-1,-1
1856,-1,193.383,478.626,315.302,222.051,0.526,-1,-1,-1
1857,-1,193.346,478.745,315.161,222.018,0.547,-1,-1,-1
1858,-1,193.196,478.808,315.494,221.949,0.558,-1,-1,-1
1859,-1,193.242,478.698,315.239,221.984,0.538,-1,-1,-1
1860,-1,192.987,478.799,316.109,221.898,0.554,-1,-1,-1
1862,-1,193.689,478.917,314.397,221.849,0.505,-1,-1,-1
1863,-1,193.506,478.886,314.707,221.834,0.503,-1,-1,-1
1865,-1,193.452,478.818,314.805,221.835,0.509,-1,-1,-1
1866,-1,193.430,478.880,315.490,222.040,0.508,-1,-1,-1
1877,-1,193.877,478.609,312.559,222.265,0.502,-1,-1,-1
1878,-1,193.657,478.436,313.092,222.440,0.515,-1,-1,-1
1879,-1,193.596,478.486,313.104,222.435,0.504,-1,-1,-1
1880,-1,193.517,478.584,313.632,222.364,0.529,-1,-1,-1
1881,-1,193.851,478.691,313.095,222.280,0.530,-1,-1,-1
1882,-1,193.716,478.649,313.075,222.451,0.533,-1,-1,-1
1883,-1,193.631,478.591,313.158,222.509,0.531,-1,-1,-1
1900,-1,-0.129,481.216,405.225,330.897,0.647,-1,-1,-1
1901,-1,0.128,474.379,428.901,344.459,0.563,-1,-1,-1
1902,-1,0.700,474.749,445.194,348.624,0.623,-1,-1,-1
1903,-1,1.512,475.909,465.264,355.849,0.677,-1,-1,-1
1904,-1,3.372,485.073,484.265,356.662,0.831,-1,-1,-1
1905,-1,4.353,489.935,502.259,357.039,0.890,-1,-1,-1
1906,-1,4.405,496.298,520.163,359.622,0.941,-1,-1,-1
1907,-1,7.679,495.577,528.287,366.475,0.855,-1,-1,-1
1908,-1,15.186,497.798,532.214,368.943,0.928,-1,-1,-1
1909,-1,26.239,506.128,535.968,367.951,0.947,-1,-1,-1
1910,-1,44.693,512.678,533.837,365.145,0.947,-1,-1,-1
1911,-1,59.558,511.179,536.413,370.927,0.979,-1,-1,-1
1912,-1,76.595,510.826,528.760,379.023,0.974,-1,-1,-1
1913,-1,89.371,518.665,526.770,376.160,0.985,-1,-1,-1
1914,-1,109.312,523.534,522.632,377.758,0.986,-1,-1,-1
1915,-1,121.936,530.660,521.522,378.690,0.986,-1,-1,-1
1916,-1,136.285,537.512,519.093,384.328,0.985,-1,-1,-1
1917,-1,148.197,545.576,519.628,379.838,0.990,-1,-1,-1
1918,-1,157.948,545.616,514.089,383.141,0.980,-1,-1,-1
1919,-1,169.072,549.057,509.087,380.309,0.967,-1,-1,-1
1920,-1,177.702,550.945,506.053,382.234,0.965,-1,-1,-1
1921,-1,181.666,560.477,507.878,375.746,0.991,-1,-1,-1
1922,-1,186.218,564.647,510.159,374.059,0.988,-1,-1,-1
1923,-1,196.565,564.128,506.601,379.877,0.984,-1,-1,-1
1924,-1,206.161,566.509,504.379,381.668,0.986,-1,-1,-1
1925,-1,212.428,566.591,503.285,383.631,0.981,-1,-1,-1
1926,-1,219.257,566.845,500.660,387.958,0.973,-1,-1,-1
1927,-1,221.981,566.520,499.378,391.782,0.969,-1,-1,-1
1928,-1,227.949,568.415,497.999,392.505,0.968,-1,-1,-1
1929,-1,231.426,568.582,500.503,394.046,0.969,-1,-1,-1
1930,-1,232.362,568.773,505.097,398.654,0.957,-1,-1,-1
1931,-1,238.200,569.713,501.707,401.726,0.963,-1,-1,-1
1932,-1,242.844,574.774,501.978,398.379,0.979,-1,-1,-1
1933,-1,244.132,580.412,505.818,399.541,0.986,-1,-1,-1
1934,-1,247.785,584.481,504.766,403.908,0.989,-1,-1,-1
1935,-1,258.990,583.356,502.171,412.818,0.990,-1,-1,-1
1936,-1,264.374,586.791,507.836,416.499,0.995,-1,-1,-1
1937,-1,274.332,591.586,501.105,417.302,0.988,-1,-1,-1
1938,-1,287.082,604.876,496.621,412.516,0.983,-1,-1,-1
1939,-1,299.102,613.602,499.540,417.294,0.980,-1,-1,-1
1940,-1,323.607,628.721,490.705,413.213,0.984,-1,-1,-1
1941,-1,339.106,639.733,492.660,409.946,0.968,-1,-1,-1
1942,-1,353.668,639.270,500.723,429.070,0.962,-1,-1,-1
1943,-1,373.911,657.965,496.995,416.208,0.956,-1,-1,-1
1944,-1,388.646,669.380,505.635,420.400,0.991,-1,-1,-1
1945,-1,405.780,680.282,510.542,421.852,0.995,-1,-1,-1
1946,-1,422.449,684.165,519.553,424.719,0.995,-1,-1,-1
1947,-1,438.904,697.095,528.868,423.758,0.995,-1,-1,-1
1948,-1,461.081,714.261,537.421,428.547,0.995,-1,-1,-1
1949,-1,487.337,742.512,547.329,423.575,0.993,-1,-1,-1
1949,-1,190.306,478.080,320.929,223.593,0.520,-1,-1,-1
1950,-1,512.262,755.475,556.272,426.595,0.997,-1,-1,-1
1950,-1,190.262,478.266,320.452,223.065,0.511,-1,-1,-1
1951,-1,546.560,769.623,562.474,423.043,0.997,-1,-1,-1
1952,-1,576.762,778.714,576.680,430.218,0.998,-1,-1,-1
1952,-1,189.742,478.241,321.160,222.991,0.550,-1,-1,-1
1953,-1,606.905,782.695,581.232,445.157,0.998,-1,-1,-1
1953,-1,189.419,478.022,321.698,223.125,0.555,-1,-1,-1
1954,-1,647.348,800.339,579.517,439.920,0.998,-1,-1,-1
1954,-1,189.497,478.392,322.009,222.951,0.585,-1,-1,-1
1955,-1,685.910,815.446,581.754,447.382,0.998,-1,-1,-1
1955,-1,188.975,478.409,323.399,222.964,0.610,-1,-1,-1
1956,-1,726.367,829.700,573.664,446.436,0.999,-1,-1,-1
1956,-1,189.332,478.211,323.241,223.323,0.584,-1,-1,-1
1957,-1,768.741,841.320,572.458,448.104,0.998,-1,-1,-1
1958,-1,816.575,852.587,563.841,450.252,0.999,-1,-1,-1
1959,-1,866.323,859.643,567.770,452.657,0.999,-1,-1,-1
1960,-1,914.877,881.304,554.959,439.620,0.999,-1,-1,-1
1961,-1,954.470,888.018,555.678,439.532,0.998,-1,-1,-1
1962,-1,997.520,901.080,558.252,435.263,0.998,-1,-1,-1
1963,-1,1034.895,912.618,563.480,429.226,0.999,-1,-1,-1
1963,-1,189.788,478.275,322.745,222.514,0.511,-1,-1,-1
1964,-1,1073.766,927.237,554.560,417.769,0.999,-1,-1,-1
1965,-1,1120.068,938.609,541.444,407.472,0.999,-1,-1,-1
1966,-1,1159.683,947.728,534.095,402.775,0.999,-1,-1,-1
1967,-1,1196.830,957.126,522.805,389.115,0.999,-1,-1,-1
1968,-1,1235.303,969.552,506.217,376.325,0.999,-1,-1,-1
1969,-1,1276.778,974.249,491.034,371.540,0.999,-1,-1,-1
1970,-1,1313.147,992.370,475.577,352.301,0.999,-1,-1,-1
1971,-1,1347.048,995.691,457.580,345.209,0.999,-1,-1,-1
1972,-1,1379.828,1002.726,441.596,339.186,0.999,-1,-1,-1
1973,-1,1412.213,1006.263,426.414,329.074,0.999,-1,-1,-1
1974,-1,1439.770,1014.395,411.672,322.733,0.999,-1,-1,-1
1975,-1,1469.872,1017.978,393.729,315.008,0.999,-1,-1,-1
1976,-1,1498.000,1024.044,379.051,305.885,0.999,-1,-1,-1
1977,-1,1535.880,1025.572,353.943,305.288,0.998,-1,-1,-1
1978,-1,1551.399,1030.879,349.364,295.225,0.996,-1,-1,-1
1979,-1,1575.303,1033.524,332.588,287.915,0.997,-1,-1,-1
1980,-1,1597.978,1038.262,322.100,281.888,0.998,-1,-1,-1
1981,-1,1618.389,1040.552,304.062,274.431,0.998,-1,-1,-1
1982,-1,1633.478,1042.647,293.996,266.808,0.997,-1,-1,-1
1983,-1,1644.888,1040.951,288.150,266.960,0.998,-1,-1,-1
1984,-1,1657.600,1041.090,274.309,260.016,0.993,-1,-1,-1
1985,-1,1670.995,1041.267,263.585,253.396,0.996,-1,-1,-1
1986,-1,1686.237,1040.694,253.976,246.627,0.994,-1,-1,-1
1987,-1,1696.333,1037.166,244.410,247.726,0.993,-1,-1,-1
1988,-1,1703.188,1030.304,241.987,245.484,0.990,-1,-1,-1
1989,-1,1711.475,1031.762,233.846,236.608,0.980,-1,-1,-1
1990,-1,1719.956,1031.183,226.567,229.622,0.736,-1,-1,-1
1990,-1,1647.908,921.710,123.736,119.627,0.760,-1,-1,-1
1991,-1,1726.127,1026.096,225.078,228.555,0.942,-1,-1,-1
1991,-1,1645.796,922.303,126.018,120.033,0.730,-1,-1,-1
1992,-1,1732.428,1026.412,220.629,220.867,0.963,-1,-1,-1
1992,-1,1645.726,923.963,127.055,120.914,0.735,-1,-1,-1
1993,-1,1739.625,1025.468,208.368,210.285,0.973,-1,-1,-1
1993,-1,1643.711,925.141,128.134,121.495,0.756,-1,-1,-1
1994,-1,1743.453,1021.515,208.072,208.239,0.909,-1,-1,-1
1994,-1,1642.927,927.858,127.600,120.305,0.863,-1,-1,-1
1995,-1,1744.946,1017.675,207.963,211.097,0.896,-1,-1,-1
1995,-1,1640.947,930.480,129.001,121.227,0.918,-1,-1,-1
1996,-1,1750.189,1016.366,204.115,206.775,0.964,-1,-1,-1
1996,-1,1639.191,932.023,129.368,121.695,0.922,-1,-1,-1
1997,-1,1757.419,1015.042,197.377,198.877,0.870,-1,-1,-1
1997,-1,1636.016,933.233,131.837,122.826,0.944,-1,-1,-1
1998,-1,1759.535,1013.049,194.154,194.521,0.942,-1,-1,-1
1998,-1,1634.951,933.888,131.444,122.771,0.939,-1,-1,-1
1999,-1,1761.183,1009.919,189.123,192.656,0.982,-1,-1,-1
1999,-1,1633.381,934.124,134.232,126.134,0.954,-1,-1,-1
2000,-1,1763.576,1007.584,186.847,186.393,0.976,-1,-1,-1
2000,-1,1631.425,935.135,135.749,127.470,0.967,-1,-1,-1
2001,-1,1767.168,1006.498,181.991,179.106,0.942,-1,-1,-1
2001,-1,1630.425,936.256,136.031,128.618,0.967,-1,-1,-1
2002,-1,1770.112,999.376,180.717,176.436,0.928,-1,-1,-1
2002,-1,1628.010,938.184,136.506,127.229,0.969,-1,-1,-1
2003,-1,1772.078,995.529,176.095,176.376,0.968,-1,-1,-1
2003,-1,1624.902,940.182,138.210,128.485,0.970,-1,-1,-1
2004,-1,1773.075,991.112,174.557,174.876,0.942,-1,-1,-1
2004,-1,1624.422,941.638,138.643,129.352,0.975,-1,-1,-1
2005,-1,1774.521,990.546,169.037,170.836,0.952,-1,-1,-1
2005,-1,1623.696,942.118,138.057,129.752,0.973,-1,-1,-1
2006,-1,1775.203,989.974,167.448,170.797,0.983,-1,-1,-1
2006,-1,1620.434,943.672,138.720,131.976,0.973,-1,-1,-1
2007,-1,1773.189,985.654,168.872,171.804,0.966,-1,-1,-1
2007,-1,1618.850,943.902,139.329,134.830,0.974,-1,-1,-1
2008,-1,1773.384,986.829,161.553,163.669,0.984,-1,-1,-1
2008,-1,1614.967,944.931,140.812,134.367,0.975,-1,-1,-1
2009,-1,1774.333,982.711,163.046,166.227,0.986,-1,-1,-1
2009,-1,1609.536,945.883,143.917,136.327,0.982,-1,-1,-1
2009,-1,190.177,480.326,317.735,221.931,0.546,-1,-1,-1
2010,-1,1771.719,982.018,161.861,164.350,0.988,-1,-1,-1
2010,-1,1606.967,946.410,146.184,138.403,0.981,-1,-1,-1
2010,-1,190.679,480.543,316.698,221.537,0.512,-1,-1,-1
2011,-1,1768.182,979.791,159.570,161.092,0.980,-1,-1,-1
2011,-1,1605.155,946.788,146.635,140.836,0.985,-1,-1,-1
2011,-1,191.256,480.632,315.611,221.453,0.505,-1,-1,-1
2012,-1,1768.861,978.659,156.129,160.591,0.988,-1,-1,-1
2012,-1,1601.663,946.737,149.186,142.473,0.985,-1,-1,-1
2012,-1,190.844,480.698,316.282,221.439,0.504,-1,-1,-1
2013,-1,1769.274,979.074,149.640,154.900,0.986,-1,-1,-1
2013,-1,1599.830,947.651,148.291,141.897,0.985,-1,-1,-1
2014,-1,1767.436,974.957,149.764,155.834,0.979,-1,-1,-1
2014,-1,1596.035,948.067,149.746,142.974,0.986,-1,-1,-1
2015,-1,1762.352,972.359,152.784,154.690,0.983,-1,-1,-1
2015,-1,1592.924,949.302,150.146,144.280,0.987,-1,-1,-1
2015,-1,191.068,480.367,315.686,221.445,0.501,-1,-1,-1
2016,-1,1759.681,969.010,151.939,156.665,0.981,-1,-1,-1
2016,-1,1586.383,950.136,153.475,147.355,0.990,-1,-1,-1
2016,-1,190.826,480.614,316.966,221.519,0.528,-1,-1,-1
2017,-1,1754.485,967.504,153.662,155.700,0.929,-1,-1,-1
2017,-1,1579.750,951.188,158.173,150.842,0.991,-1,-1,-1
2018,-1,1755.112,968.792,146.170,148.679,0.967,-1,-1,-1
2018,-1,1574.711,952.529,160.760,151.470,0.992,-1,-1,-1
2019,-1,1754.770,968.627,143.527,145.449,0.968,-1,-1,-1
2019,-1,1570.641,953.297,162.570,155.056,0.994,-1,-1,-1
2020,-1,1752.732,966.437,140.400,143.318,0.969,-1,-1,-1
2020,-1,1566.074,953.281,164.523,158.546,0.995,-1,-1,-1
2021,-1,1754.023,965.479,138.566,140.535,0.938,-1,-1,-1
2021,-1,1559.778,954.294,169.112,163.063,0.996,-1,-1,-1
2022,-1,1754.978,965.435,132.964,136.955,0.888,-1,-1,-1
2022,-1,1552.067,954.687,175.151,165.461,0.996,-1,-1,-1
2023,-1,1755.500,964.592,132.484,134.166,0.838,-1,-1,-1
2023,-1,1545.513,955.662,179.662,167.391,0.997,-1,-1,-1
2024,-1,1752.440,961.989,136.580,134.422,0.845,-1,-1,-1
2024,-1,1539.105,956.769,182.975,168.497,0.997,-1,-1,-1
2025,-1,1752.057,961.559,138.155,131.557,0.781,-1,-1,-1
2025,-1,1528.355,957.154,190.008,171.302,0.997,-1,-1,-1
2026,-1,1751.356,961.046,137.321,130.407,0.701,-1,-1,-1
2026,-1,1520.782,956.372,195.513,173.774,0.998,-1,-1,-1
2027,-1,1375.882,954.041,251.686,212.442,0.999,-1,-1,-1
2028,-1,192.855,479.409,315.602,221.658,0.510,-1,-1,-1
2028,-1,1357.151,953.166,254.024,212.431,0.999,-1,-1,-1
2029,-1,1336.601,951.197,260.063,217.167,0.998,-1,-1,-1
2030,-1,1310.633,947.513,273.918,223.419,0.999,-1,-1,-1
2031,-1,1286.092,947.316,285.798,227.492,0.999,-1,-1,-1
2032,-1,193.635,479.096,313.082,221.876,0.504,-1,-1,-1
2032,-1,1253.223,947.608,301.983,230.028,0.999,-1,-1,-1
2033,-1,193.759,479.360,312.469,221.746,0.565,-1,-1,-1
2033,-1,1220.999,947.936,314.653,233.548,0.999,-1,-1,-1
2034,-1,193.945,479.419,311.731,221.828,0.543,-1,-1,-1
2034,-1,1189.295,946.126,325.460,239.422,0.999,-1,-1,-1
2035,-1,194.514,479.347,310.980,221.882,0.528,-1,-1,-1
2035,-1,1157.220,947.376,338.478,239.253,0.999,-1,-1,-1
2036,-1,1114.625,944.408,353.896,244.777,0.999,-1,-1,-1
2036,-1,194.693,479.596,310.323,221.500,0.544,-1,-1,-1
2037,-1,1071.544,942.313,370.635,253.398,0.999,-1,-1,-1
2038,-1,1027.145,937.109,391.471,265.351,0.999,-1,-1,-1
2039,-1,976.514,933.856,414.484,277.132,1.000,-1,-1,-1
2039,-1,193.154,479.574,314.710,221.695,0.504,-1,-1,-1
2040,-1,927.246,926.795,440.796,287.081,1.000,-1,-1,-1
2040,-1,193.718,479.779,314.001,221.561,0.524,-1,-1,-1
2041,-1,875.992,920.789,456.276,298.357,1.000,-1,-1,-1
2042,-1,808.202,913.872,485.916,315.287,1.000,-1,-1,-1
2043,-1,736.073,906.417,516.507,329.418,1.000,-1,-1,-1
2044,-1,669.532,899.490,536.738,339.698,0.999,-1,-1,-1
2044,-1,194.377,479.132,314.377,222.424,0.511,-1,-1,-1
2045,-1,587.283,887.845,571.872,352.200,0.999,-1,-1,-1
2045,-1,194.292,479.169,314.235,222.459,0.532,-1,-1,-1
2046,-1,497.440,878.678,604.708,365.859,0.999,-1,-1,-1
2046,-1,194.507,478.952,314.774,222.983,0.549,-1,-1,-1
2047,-1,411.243,868.643,615.431,376.216,0.999,-1,-1,-1
2047,-1,193.045,478.641,319.200,224.181,0.571,-1,-1,-1
2048,-1,298.922,855.745,667.699,392.962,0.999,-1,-1,-1
2049,-1,175.231,847.273,718.488,403.816,0.997,-1,-1,-1
2050,-1,41.585,838.558,774.844,419.691,0.993,-1,-1,-1
2051,-1,5.347,823.042,733.819,444.675,0.897,-1,-1,-1
2052,-1,4.077,806.119,651.463,462.715,0.713,-1,-1,-1
2056,-1,187.746,479.211,324.046,224.004,0.582,-1,-1,-1
2057,-1,190.171,479.208,320.443,223.290,0.695,-1,-1,-1
2058,-1,190.012,479.160,320.579,223.289,0.674,-1,-1,-1
2059,-1,190.041,479.017,320.860,223.445,0.658,-1,-1,-1
2060,-1,189.780,479.111,321.672,223.432,0.676,-1,-1,-1
2061,-1,190.142,479.014,320.840,223.332,0.654,-1,-1,-1
2062,-1,189.721,478.982,321.556,223.427,0.670,-1,-1,-1
2063,-1,189.440,478.737,322.818,223.850,0.649,-1,-1,-1
2064,-1,189.471,478.761,322.343,223.794,0.631,-1,-1,-1
2065,-1,189.673,478.548,320.614,223.302,0.663,-1,-1,-1
2066,-1,189.451,478.605,321.013,223.362,0.651,-1,-1,-1
2067,-1,189.534,478.098,321.330,223.121,0.557,-1,-1,-1
2068,-1,189.739,477.964,320.979,223.196,0.553,-1,-1,-1
2069,-1,189.368,477.947,321.468,223.277,0.566,-1,-1,-1
2070,-1,189.393,478.075,321.621,223.188,0.584,-1,-1,-1
2071,-1,189.051,478.239,322.245,223.126,0.614,-1,-1,-1
2072,-1,188.929,478.512,322.579,222.887,0.657,-1,-1,-1
2073,-1,189.024,478.603,322.589,222.697,0.686,-1,-1,-1
2074,-1,189.389,478.862,322.329,222.553,0.687,-1,-1,-1
2075,-1,190.288,478.875,320.768,222.654,0.659,-1,-1,-1
2076,-1,190.054,478.783,321.316,222.806,0.695,-1,-1,-1
2077,-1,190.027,480.262,321.465,222.449,0.746,-1,-1,-1
2078,-1,189.344,479.367,322.994,224.207,0.671,-1,-1,-1
2079,-1,189.669,479.402,322.560,224.109,0.657,-1,-1,-1
2080,-1,189.662,479.494,322.543,224.067,0.669,-1,-1,-1
2081,-1,189.228,479.634,323.280,223.904,0.683,-1,-1,-1
2082,-1,189.216,479.664,323.309,223.853,0.692,-1,-1,-1
2083,-1,189.308,479.422,323.681,224.080,0.668,-1,-1,-1
2084,-1,189.374,479.459,323.516,224.166,0.682,-1,-1,-1
2085,-1,189.304,479.441,323.591,224.199,0.680,-1,-1,-1
2086,-1,189.192,479.354,323.656,224.303,0.674,-1,-1,-1
2087,-1,189.114,479.406,324.005,224.344,0.686,-1,-1,-1
2088,-1,188.784,479.437,323.609,225.011,0.701,-1,-1,-1
2089,-1,188.810,479.306,323.458,224.437,0.614,-1,-1,-1
2090,-1,188.874,479.250,323.302,224.448,0.609,-1,-1,-1
2091,-1,188.787,479.149,323.524,224.610,0.610,-1,-1,-1
2092,-1,188.750,479.250,323.694,224.463,0.607,-1,-1,-1
2093,-1,188.737,479.212,323.790,224.480,0.603,-1,-1,-1
2094,-1,188.534,479.195,324.000,224.505,0.605,-1,-1,-1
2095,-1,188.463,479.123,324.171,224.584,0.610,-1,-1,-1
2096,-1,188.677,479.015,323.855,224.664,0.590,-1,-1,-1
2097,-1,188.439,479.185,324.394,224.570,0.616,-1,-1,-1
2098,-1,188.369,479.135,324.215,224.721,0.609,-1,-1,-1
2099,-1,188.518,478.912,323.923,224.802,0.569,-1,-1,-1
2100,-1,188.097,478.288,324.657,225.243,0.619,-1,-1,-1
2101,-1,188.031,478.094,324.010,225.487,0.618,-1,-1,-1
2102,-1,188.086,478.085,324.010,225.466,0.616,-1,-1,-1
2103,-1,188.247,478.108,323.684,225.457,0.609,-1,-1,-1
2104,-1,188.218,478.136,324.113,225.480,0.614,-1,-1,-1
2105,-1,188.148,478.025,324.246,225.557,0.604,-1,-1,-1
2106,-1,188.102,478.014,324.393,225.537,0.617,-1,-1,-1
2107,-1,187.995,478.020,324.593,225.572,0.626,-1,-1,-1
2108,-1,188.084,477.959,324.671,225.689,0.625,-1,-1,-1
2109,-1,188.088,477.979,324.931,225.632,0.627,-1,-1,-1
2110,-1,188.140,478.707,324.275,224.739,0.686,-1,-1,-1
2111,-1,188.102,478.756,324.054,224.650,0.689,-1,-1,-1
2112,-1,187.965,478.706,324.052,224.799,0.683,-1,-1,-1
2113,-1,188.651,478.345,322.570,224.707,0.597,-1,-1,-1
2114,-1,188.754,478.423,322.441,224.544,0.607,-1,-1,-1
2115,-1,188.654,478.359,322.461,224.563,0.611,-1,-1,-1
2116,-1,188.661,478.396,322.581,224.534,0.616,-1,-1,-1
2117,-1,188.722,478.496,322.754,224.567,0.624,-1,-1,-1
2118,-1,188.582,478.521,322.915,224.543,0.629,-1,-1,-1
2119,-1,188.737,478.525,322.703,224.502,0.632,-1,-1,-1
2120,-1,188.590,478.684,323.216,224.384,0.642,-1,-1,-1
2121,-1,188.104,478.949,323.772,223.246,0.664,-1,-1,-1
2122,-1,188.099,479.050,323.788,223.258,0.672,-1,-1,-1
2123,-1,188.274,478.943,323.476,223.488,0.663,-1,-1,-1
2124,-1,188.152,478.975,323.659,223.425,0.667,-1,-1,-1
2125,-1,188.096,479.015,324.007,223.863,0.646,-1,-1,-1
2126,-1,188.284,479.182,323.872,223.721,0.662,-1,-1,-1
2127,-1,188.274,479.211,323.707,223.753,0.663,-1,-1,-1
2128,-1,187.728,478.811,325.364,223.703,0.621,-1,-1,-1
2129,-1,188.944,479.004,322.840,222.488,0.629,-1,-1,-1
2130,-1,188.705,479.100,323.100,222.582,0.631,-1,-1,-1
2131,-1,188.734,479.033,322.983,222.679,0.611,-1,-1,-1
2132,-1,188.720,479.149,323.249,222.724,0.630,-1,-1,-1
2133,-1,188.447,479.123,323.452,222.685,0.636,-1,-1,-1
2134,-1,188.488,479.106,323.194,222.669,0.625,-1,-1,-1
2135,-1,188.425,479.251,323.284,222.572,0.635,-1,-1,-1
2136,-1,188.390,479.187,323.300,222.593,0.626,-1,-1,-1
2137,-1,188.200,479.051,322.267,223.035,0.572,-1,-1,-1
2138,-1,188.054,479.081,322.454,223.045,0.577,-1,-1,-1
2139,-1,187.389,478.658,324.669,224.139,0.584,-1,-1,-1
2140,-1,187.688,478.458,324.411,224.242,0.588,-1,-1,-1
2141,-1,187.999,478.589,324.212,224.081,0.579,-1,-1,-1
2142,-1,187.861,478.632,324.304,224.186,0.586,-1,-1,-1
2143,-1,188.066,478.531,323.981,224.326,0.576,-1,-1,-1
2144,-1,188.197,478.564,323.796,224.283,0.557,-1,-1,-1
2145,-1,188.172,478.525,323.878,224.354,0.556,-1,-1,-1
2146,-1,188.713,478.462,323.265,224.344,0.525,-1,-1,-1
2147,-1,188.254,478.569,323.712,224.295,0.539,-1,-1,-1
2148,-1,188.081,478.665,324.202,224.192,0.554,-1,-1,-1
2149,-1,190.035,479.766,321.414,222.532,0.660,-1,-1,-1
2150,-1,190.216,479.754,321.264,222.446,0.652,-1,-1,-1
2151,-1,190.234,479.784,321.340,222.362,0.665,-1,-1,-1
2152,-1,190.197,479.846,321.265,222.333,0.671,-1,-1,-1
2153,-1,190.095,479.779,321.450,222.441,0.678,-1,-1,-1
2154,-1,190.015,479.837,321.444,222.259,0.693,-1,-1,-1
2155,-1,189.974,479.908,321.480,222.439,0.691,-1,-1,-1
2156,-1,190.098,479.917,321.260,222.214,0.683,-1,-1,-1
2157,-1,190.324,479.937,320.715,222.158,0.688,-1,-1,-1
2158,-1,190.075,479.917,321.113,222.219,0.681,-1,-1,-1
2159,-1,190.176,480.060,320.869,222.067,0.678,-1,-1,-1
2160,-1,190.277,480.076,320.582,222.277,0.688,-1,-1,-1
2161,-1,190.551,480.298,321.138,221.683,0.685,-1,-1,-1
2162,-1,190.472,480.129,321.049,221.796,0.677,-1,-1,-1
2163,-1,190.599,480.400,320.814,221.565,0.683,-1,-1,-1
2164,-1,190.480,480.287,321.045,221.541,0.702,-1,-1,-1
2165,-1,190.454,480.241,320.918,221.528,0.718,-1,-1,-1
2166,-1,190.371,480.258,320.760,221.492,0.710,-1,-1,-1
2167,-1,190.237,480.115,320.934,221.600,0.694,-1,-1,-1
2168,-1,190.160,480.118,320.942,221.593,0.703,-1,-1,-1
2169,-1,190.056,480.099,321.243,221.488,0.696,-1,-1,-1
2170,-1,189.937,480.114,321.351,221.506,0.689,-1,-1,-1
2171,-1,189.839,480.230,321.794,221.566,0.690,-1,-1,-1
2172,-1,189.746,480.198,322.050,221.545,0.685,-1,-1,-1
2173,-1,187.848,479.734,324.511,223.947,0.736,-1,-1,-1
2174,-1,187.959,479.692,324.403,223.936,0.720,-1,-1,-1
2175,-1,188.146,479.694,324.174,223.981,0.725,-1,-1,-1
2176,-1,188.220,479.693,324.314,223.923,0.709,-1,-1,-1
2177,-1,188.205,479.722,324.489,223.886,0.708,-1,-1,-1
2178,-1,188.197,479.697,324.593,223.946,0.695,-1,-1,-1
2179,-1,188.214,479.652,324.496,223.930,0.682,-1,-1,-1
2180,-1,1619.891,931.148,131.184,115.660,0.863,-1,-1,-1
2180,-1,711.997,1120.924,623.370,457.272,0.999,-1,-1,-1
2181,-1,1618.184,932.036,131.662,115.985,0.873,-1,-1,-1
2181,-1,881.202,1115.767,551.418,416.720,0.999,-1,-1,-1
2182,-1,1616.686,935.306,130.076,116.231,0.819,-1,-1,-1
2182,-1,1003.455,1114.625,490.850,382.309,0.999,-1,-1,-1
2183,-1,1614.498,937.787,129.721,116.353,0.832,-1,-1,-1
2183,-1,1110.531,1112.080,447.707,343.697,1.000,-1,-1,-1
2184,-1,1611.602,939.710,129.923,116.534,0.861,-1,-1,-1
2184,-1,1205.132,1104.151,402.285,325.180,1.000,-1,-1,-1
2185,-1,1606.966,942.013,130.167,118.677,0.886,-1,-1,-1
2185,-1,1278.041,1100.277,369.403,298.671,1.000,-1,-1,-1
2186,-1,1602.205,944.149,130.653,120.562,0.892,-1,-1,-1
2186,-1,1346.664,1099.954,339.781,276.546,1.000,-1,-1,-1
2187,-1,1595.379,945.289,134.374,120.440,0.913,-1,-1,-1
2187,-1,1398.714,1093.555,315.161,260.105,0.999,-1,-1,-1
2188,-1,1585.575,945.663,139.781,122.874,0.944,-1,-1,-1
2188,-1,1451.592,1092.439,285.816,242.460,0.999,-1,-1,-1
2189,-1,1578.657,946.110,143.196,125.199,0.950,-1,-1,-1
2189,-1,1491.961,1089.101,265.827,229.919,0.999,-1,-1,-1
2190,-1,1569.124,945.208,150.778,127.817,0.968,-1,-1,-1
2190,-1,1521.281,1082.667,258.067,226.594,0.999,-1,-1,-1
2191,-1,1554.767,1080.862,243.436,219.672,0.998,-1,-1,-1
2191,-1,1557.775,945.534,156.730,132.779,0.950,-1,-1,-1
2192,-1,1582.152,1075.872,231.040,211.209,0.998,-1,-1,-1
2192,-1,1550.279,948.213,156.000,133.697,0.946,-1,-1,-1
2193,-1,1609.340,1072.698,211.307,203.412,0.998,-1,-1,-1
2193,-1,1543.871,947.957,156.027,137.105,0.936,-1,-1,-1
2194,-1,1631.991,1067.787,201.653,191.386,0.998,-1,-1,-1
2194,-1,1527.723,948.481,162.797,141.584,0.990,-1,-1,-1
2195,-1,1656.536,1062.218,189.119,184.264,0.998,-1,-1,-1
2195,-1,1515.784,949.838,164.725,145.705,0.993,-1,-1,-1
2196,-1,1671.618,1059.967,181.354,174.982,0.996,-1,-1,-1
2196,-1,1502.912,953.453,167.883,146.826,0.992,-1,-1,-1
2197,-1,1682.393,1056.196,175.041,169.364,0.995,-1,-1,-1
2197,-1,1490.159,954.675,169.485,151.976,0.994,-1,-1,-1
2198,-1,1693.438,1053.802,171.237,164.583,0.995,-1,-1,-1
2198,-1,1470.443,956.524,178.786,155.035,0.995,-1,-1,-1
2199,-1,1703.776,1050.591,162.836,157.057,0.994,-1,-1,-1
2199,-1,1452.304,958.689,182.596,156.197,0.997,-1,-1,-1
2200,-1,1710.355,1043.197,160.577,154.041,0.992,-1,-1,-1
2200,-1,1428.845,958.217,192.693,163.197,0.998,-1,-1,-1
2201,-1,1718.013,1041.063,153.208,149.206,0.991,-1,-1,-1
2201,-1,1402.248,957.523,200.673,165.837,0.998,-1,-1,-1
2202,-1,1723.685,1035.443,150.082,148.148,0.992,-1,-1,-1
2202,-1,1378.620,958.621,205.756,172.382,0.998,-1,-1,-1
2203,-1,1729.623,1033.244,145.590,141.700,0.989,-1,-1,-1
2203,-1,1344.065,959.776,223.990,173.377,0.998,-1,-1,-1
2204,-1,1735.150,1027.602,143.053,137.054,0.985,-1,-1,-1
2204,-1,1312.472,954.776,235.358,185.023,0.999,-1,-1,-1
2205,-1,1739.089,1023.026,140.937,135.202,0.978,-1,-1,-1
2205,-1,1271.636,954.890,250.484,189.530,0.999,-1,-1,-1
2206,-1,1739.310,1019.246,144.332,135.001,0.978,-1,-1,-1
2206,-1,1226.731,955.737,268.303,191.933,0.999,-1,-1,-1
2207,-1,1178.225,950.608,293.064,203.066,0.998,-1,-1,-1
2207,-1,1744.113,1016.110,139.902,133.047,0.967,-1,-1,-1
2208,-1,1124.041,949.757,305.719,206.853,0.997,-1,-1,-1
2208,-1,1746.602,1012.513,137.954,135.143,0.973,-1,-1,-1
2209,-1,1060.103,942.070,331.599,217.943,0.999,-1,-1,-1
2209,-1,1748.912,1008.565,137.450,134.709,0.972,-1,-1,-1
2210,-1,993.273,936.785,362.676,225.527,0.999,-1,-1,-1
2210,-1,1753.902,1006.279,133.426,129.952,0.968,-1,-1,-1
2211,-1,1755.544,1003.567,131.707,126.481,0.945,-1,-1,-1
2211,-1,921.945,932.661,392.499,235.193,1.000,-1,-1,-1
2212,-1,1754.392,999.795,128.510,122.560,0.919,-1,-1,-1
2212,-1,826.510,924.603,432.927,250.918,1.000,-1,-1,-1
2213,-1,1752.084,998.176,129.422,119.847,0.800,-1,-1,-1
2213,-1,733.025,912.825,464.110,268.187,0.999,-1,-1,-1
2214,-1,1750.379,992.279,130.876,121.738,0.692,-1,-1,-1
2214,-1,615.977,904.020,509.111,283.943,0.999,-1,-1,-1
2215,-1,1753.550,989.956,126.328,117.596,0.593,-1,-1,-1
2215,-1,475.320,894.794,549.022,293.869,0.999,-1,-1,-1
2216,-1,321.317,881.137,619.814,316.714,0.999,-1,-1,-1
2217,-1,131.554,863.118,688.406,338.572,0.999,-1,-1,-1
2218,-1,1755.373,982.630,122.010,110.940,0.540,-1,-1,-1
2218,-1,5.776,848.753,701.426,364.385,0.985,-1,-1,-1
2219,-1,3.544,831.251,562.469,379.762,0.863,-1,-1,-1
2222,-1,187.898,478.911,324.313,223.506,0.510,-1,-1,-1
2223,-1,187.931,478.887,324.056,223.460,0.513,-1,-1,-1
2224,-1,187.766,478.849,324.253,223.805,0.506,-1,-1,-1
2225,-1,187.768,478.832,324.253,223.883,0.505,-1,-1,-1
2226,-1,187.788,478.855,323.767,224.073,0.559,-1,-1,-1
2227,-1,187.945,478.866,323.777,224.064,0.591,-1,-1,-1
2228,-1,188.043,478.745,323.603,224.164,0.566,-1,-1,-1
2229,-1,187.743,478.919,324.092,224.185,0.574,-1,-1,-1
2233,-1,189.564,478.345,322.111,224.340,0.539,-1,-1,-1
2234,-1,189.670,478.465,321.609,224.060,0.525,-1,-1,-1
2235,-1,189.721,478.250,321.223,224.373,0.531,-1,-1,-1
2236,-1,189.766,478.331,320.804,224.241,0.542,-1,-1,-1
2237,-1,189.363,477.799,321.336,224.739,0.527,-1,-1,-1
2238,-1,189.032,477.598,321.703,224.921,0.510,-1,-1,-1
2239,-1,189.069,477.561,321.726,224.940,0.512,-1,-1,-1
2240,-1,189.013,478.939,323.529,224.329,0.603,-1,-1,-1
2241,-1,189.264,478.905,323.030,224.185,0.578,-1,-1,-1
2242,-1,189.260,478.911,322.806,224.069,0.585,-1,-1,-1
2243,-1,189.211,479.145,322.936,223.847,0.609,-1,-1,-1
2244,-1,188.940,479.175,323.358,224.037,0.615,-1,-1,-1
2245,-1,189.247,479.406,323.752,223.390,0.660,-1,-1,-1
2246,-1,188.745,479.451,324.201,223.449,0.661,-1,-1,-1
2247,-1,188.948,479.258,324.026,223.766,0.642,-1,-1,-1
2248,-1,189.277,479.315,323.632,223.673,0.631,-1,-1,-1
2249,-1,189.282,479.212,323.368,223.583,0.652,-1,-1,-1
2250,-1,188.853,480.181,322.160,223.445,0.768,-1,-1,-1
2251,-1,188.701,479.847,324.548,223.581,0.665,-1,-1,-1
2252,-1,188.970,479.628,323.937,223.611,0.649,-1,-1,-1
2253,-1,189.044,479.631,323.936,223.701,0.647,-1,-1,-1
2254,-1,189.070,479.662,323.804,223.602,0.658,-1,-1,-1
2255,-1,189.203,479.717,323.425,223.612,0.650,-1,-1,-1
2256,-1,189.260,479.725,323.227,223.639,0.666,-1,-1,-1
2257,-1,188.291,479.552,324.684,223.697,0.643,-1,-1,-1
2258,-1,188.401,479.549,324.472,223.711,0.650,-1,-1,-1
2259,-1,188.416,479.560,324.522,223.675,0.654,-1,-1,-1
2260,-1,188.050,479.722,323.801,223.485,0.710,-1,-1,-1
2261,-1,188.156,479.675,323.383,223.512,0.702,-1,-1,-1
2262,-1,188.006,479.662,323.596,223.590,0.706,-1,-1,-1
2263,-1,187.849,479.651,323.815,223.558,0.709,-1,-1,-1
2264,-1,187.883,479.627,323.584,223.513,0.717,-1,-1,-1
2265,-1,187.881,479.552,323.449,223.592,0.709,-1,-1,-1
2266,-1,188.046,479.570,323.270,223.531,0.706,-1,-1,-1
2267,-1,187.904,479.475,323.449,223.602,0.704,-1,-1,-1
2268,-1,188.132,479.554,323.043,223.473,0.706,-1,-1,-1
2269,-1,187.346,479.194,324.289,223.532,0.715,-1,-1,-1
2270,-1,188.172,479.447,324.315,223.682,0.625,-1,-1,-1
2271,-1,188.168,479.525,324.165,223.499,0.618,-1,-1,-1
2272,-1,188.114,479.529,324.310,223.419,0.615,-1,-1,-1
2273,-1,187.951,479.342,324.869,223.552,0.598,-1,-1,-1
2274,-1,187.993,479.327,324.762,223.589,0.597,-1,-1,-1
2275,-1,188.035,479.320,324.396,223.619,0.589,-1,-1,-1
2276,-1,188.106,479.426,324.247,223.527,0.597,-1,-1,-1
2277,-1,188.199,479.426,324.168,223.529,0.605,-1,-1,-1
2278,-1,188.210,479.380,324.187,223.605,0.601,-1,-1,-1
2279,-1,188.119,479.210,324.315,223.796,0.597,-1,-1,-1