230,-1,630.699,778.018,119.479,105.157,0.525,-1,-1,-1
231,-1,636.711,779.912,119.498,106.449,0.517,-1,-1,-1
235,-1,670.861,773.639,135.874,111.125,0.561,-1,-1,-1
237,-1,696.830,774.506,135.640,118.820,0.514,-1,-1,-1
239,-1,711.862,778.302,140.693,123.131,0.823,-1,-1,-1
240,-1,717.967,780.705,146.671,124.530,0.924,-1,-1,-1
241,-1,728.429,781.629,151.292,125.405,0.948,-1,-1,-1
242,-1,738.881,782.378,153.394,127.307,0.972,-1,-1,-1
243,-1,753.051,780.302,156.007,130.619,0.984,-1,-1,-1
244,-1,762.042,778.273,159.921,134.601,0.991,-1,-1,-1
245,-1,772.077,780.755,166.957,139.043,0.994,-1,-1,-1
246,-1,791.031,783.542,162.375,142.066,0.994,-1,-1,-1
247,-1,802.349,784.179,169.772,148.247,0.996,-1,-1,-1
248,-1,818.891,788.508,175.625,148.716,0.997,-1,-1,-1
249,-1,836.492,790.883,178.581,148.343,0.997,-1,-1,-1
250,-1,852.498,793.275,185.949,153.592,0.997,-1,-1,-1
251,-1,870.004,791.858,193.284,161.421,0.998,-1,-1,-1
252,-1,884.307,795.043,202.411,165.266,0.998,-1,-1,-1
253,-1,906.551,797.822,211.771,171.247,0.998,-1,-1,-1
254,-1,926.190,801.901,227.374,179.287,0.999,-1,-1,-1
255,-1,947.264,806.772,243.540,184.245,0.999,-1,-1,-1
256,-1,972.000,809.382,258.740,199.288,1.000,-1,-1,-1
257,-1,1000.555,813.296,272.061,205.884,1.000,-1,-1,-1
258,-1,1024.186,817.680,304.087,219.131,1.000,-1,-1,-1
259,-1,1056.323,822.340,324.237,234.620,1.000,-1,-1,-1
260,-1,1089.005,825.692,357.762,247.190,1.000,-1,-1,-1
261,-1,1131.478,825.958,408.262,278.065,1.000,-1,-1,-1
262,-1,1178.107,830.530,464.908,310.796,1.000,-1,-1,-1
263,-1,1233.721,835.431,530.421,338.496,1.000,-1,-1,-1
264,-1,1309.700,839.320,594.983,393.249,0.999,-1,-1,-1
265,-1,1407.985,854.673,663.619,427.973,1.000,-1,-1,-1
266,-1,1522.024,869.089,767.247,481.494,0.996,-1,-1,-1
267,-1,1655.837,877.018,896.445,563.790,0.989,-1,-1,-1
268,-1,1820.741,897.010,730.559,662.127,0.958,-1,-1,-1
269,-1,2033.165,922.040,520.061,649.187,0.526,-1,-1,-1
729,-1,2236.720,655.920,321.093,323.287,0.582,-1,-1,-1
730,-1,2096.344,638.956,459.760,342.075,0.956,-1,-1,-1
731,-1,1976.047,617.490,578.672,348.087,0.994,-1,-1,-1
732,-1,1873.039,630.278,576.682,313.025,0.999,-1,-1,-1
733,-1,1777.693,640.820,520.819,283.910,0.999,-1,-1,-1
734,-1,1697.537,644.847,480.969,269.710,0.999,-1,-1,-1
735,-1,1627.830,649.282,436.461,259.109,1.000,-1,-1,-1
736,-1,1564.873,654.647,407.373,244.428,1.000,-1,-1,-1
737,-1,1513.344,662.397,377.164,227.482,1.000,-1,-1,-1
738,-1,1463.959,670.719,339.731,212.253,1.000,-1,-1,-1
739,-1,1416.505,675.856,317.062,201.822,1.000,-1,-1,-1
740,-1,1379.905,678.637,294.991,194.369,1.000,-1,-1,-1
741,-1,1336.491,683.162,270.791,187.519,1.000,-1,-1,-1
742,-1,1304.597,684.678,256.579,183.388,1.000,-1,-1,-1
743,-1,1267.008,689.820,243.540,174.455,1.000,-1,-1,-1
744,-1,1238.885,691.096,233.248,169.866,1.000,-1,-1,-1
745,-1,1205.459,693.809,228.016,163.910,0.999,-1,-1,-1
746,-1,1181.281,694.657,215.039,161.201,0.999,-1,-1,-1
746,-1,587.257,759.552,118.523,107.144,0.529,-1,-1,-1
747,-1,1151.105,698.651,210.385,155.497,0.997,-1,-1,-1
747,-1,590.899,759.027,120.585,108.107,0.694,-1,-1,-1
748,-1,1127.573,697.889,203.843,152.527,0.998,-1,-1,-1
748,-1,594.761,756.668,124.214,109.321,0.634,-1,-1,-1
749,-1,1106.686,699.110,195.201,150.611,0.998,-1,-1,-1
749,-1,600.538,756.128,123.071,110.103,0.593,-1,-1,-1
750,-1,1085.919,701.498,193.051,144.914,0.997,-1,-1,-1
750,-1,604.423,757.630,120.496,110.623,0.631,-1,-1,-1
751,-1,1062.047,701.059,190.085,141.570,0.995,-1,-1,-1
751,-1,615.328,757.751,118.095,112.470,0.578,-1,-1,-1
752,-1,1044.467,704.153,180.307,137.218,0.989,-1,-1,-1
753,-1,630.737,756.621,121.763,114.880,0.719,-1,-1,-1
753,-1,1024.948,705.042,178.906,133.673,0.990,-1,-1,-1
754,-1,635.406,755.569,129.346,115.384,0.751,-1,-1,-1
754,-1,1007.200,704.082,176.615,133.879,0.990,-1,-1,-1
755,-1,991.260,702.779,168.894,131.267,0.991,-1,-1,-1
755,-1,640.230,757.720,132.806,113.968,0.525,-1,-1,-1
756,-1,972.132,704.780,161.467,128.454,0.990,-1,-1,-1
756,-1,650.590,754.013,139.659,113.155,0.693,-1,-1,-1
757,-1,957.466,704.143,158.207,129.541,0.989,-1,-1,-1
757,-1,661.684,750.807,144.689,114.276,0.787,-1,-1,-1
758,-1,941.001,705.529,159.957,128.188,0.993,-1,-1,-1
758,-1,669.603,748.374,146.328,116.939,0.897,-1,-1,-1
759,-1,926.618,707.139,154.948,126.520,0.989,-1,-1,-1
759,-1,678.046,746.136,147.253,119.953,0.933,-1,-1,-1
760,-1,911.655,708.336,154.265,125.259,0.986,-1,-1,-1
760,-1,684.853,742.434,150.361,126.711,0.939,-1,-1,-1
761,-1,896.546,709.124,151.690,123.493,0.963,-1,-1,-1
761,-1,694.512,740.753,150.188,128.489,0.889,-1,-1,-1
762,-1,883.337,711.697,148.952,121.393,0.947,-1,-1,-1
762,-1,710.166,740.201,142.786,126.436,0.640,-1,-1,-1
763,-1,870.987,712.594,143.298,119.355,0.941,-1,-1,-1
763,-1,716.880,742.938,142.393,125.592,0.914,-1,-1,-1
764,-1,858.438,713.982,138.401,119.415,0.595,-1,-1,-1
764,-1,719.584,743.944,146.488,127.430,0.958,-1,-1,-1
765,-1,724.422,742.727,151.258,128.438,0.964,-1,-1,-1
766,-1,731.154,744.600,152.221,129.899,0.970,-1,-1,-1
767,-1,741.651,747.534,154.945,129.530,0.968,-1,-1,-1
767,-1,2116.258,645.026,439.816,297.548,0.970,-1,-1,-1
768,-1,747.846,748.999,160.631,134.237,0.984,-1,-1,-1
768,-1,1999.339,619.326,555.384,324.852,0.983,-1,-1,-1
769,-1,1903.012,625.529,645.003,299.922,0.998,-1,-1,-1
769,-1,752.133,740.807,167.415,145.361,0.993,-1,-1,-1
770,-1,1811.978,630.283,589.152,281.345,0.999,-1,-1,-1
770,-1,757.860,736.181,172.044,149.922,0.993,-1,-1,-1
771,-1,1728.212,635.297,533.193,263.473,0.999,-1,-1,-1
771,-1,763.908,734.433,175.612,155.351,0.993,-1,-1,-1
772,-1,1657.776,638.208,495.467,252.613,0.999,-1,-1,-1
772,-1,769.083,738.026,179.944,154.590,0.993,-1,-1,-1
773,-1,1606.555,639.856,442.257,238.908,0.999,-1,-1,-1
773,-1,782.379,742.077,179.420,155.932,0.993,-1,-1,-1
774,-1,1546.328,643.900,416.490,226.525,1.000,-1,-1,-1
774,-1,795.280,747.809,181.669,155.102,0.993,-1,-1,-1
775,-1,1497.261,651.215,387.112,212.540,1.000,-1,-1,-1
775,-1,801.918,749.270,187.049,154.477,0.994,-1,-1,-1
776,-1,1452.439,657.145,352.826,203.860,1.000,-1,-1,-1
776,-1,810.992,748.978,188.255,157.389,0.996,-1,-1,-1
777,-1,1410.902,661.143,329.792,194.812,1.000,-1,-1,-1
777,-1,821.700,751.508,189.198,157.816,0.996,-1,-1,-1
778,-1,1372.620,667.586,306.674,182.313,1.000,-1,-1,-1
778,-1,828.406,750.965,195.835,161.432,0.997,-1,-1,-1
779,-1,1334.602,668.602,288.992,178.417,1.000,-1,-1,-1
779,-1,838.459,752.894,200.234,164.554,0.997,-1,-1,-1
780,-1,847.559,755.725,204.640,167.477,0.997,-1,-1,-1
780,-1,1301.398,673.019,267.082,172.407,1.000,-1,-1,-1
781,-1,856.457,755.609,207.536,173.792,0.998,-1,-1,-1
781,-1,1265.949,675.890,255.479,168.800,0.999,-1,-1,-1
782,-1,1234.467,677.094,246.851,168.077,0.999,-1,-1,-1
782,-1,865.976,756.742,212.426,175.444,0.998,-1,-1,-1
783,-1,1199.001,680.887,241.349,165.005,0.999,-1,-1,-1
783,-1,876.089,755.319,216.667,182.500,0.998,-1,-1,-1
784,-1,1173.804,683.727,226.833,161.072,0.999,-1,-1,-1
784,-1,883.778,754.292,220.893,188.033,0.998,-1,-1,-1
785,-1,1147.543,690.311,217.582,151.603,0.995,-1,-1,-1
785,-1,891.370,755.842,231.229,189.308,0.997,-1,-1,-1
786,-1,1124.090,691.663,211.509,149.875,0.994,-1,-1,-1
786,-1,898.220,754.891,240.443,198.660,0.998,-1,-1,-1
787,-1,904.039,758.679,256.479,206.904,0.999,-1,-1,-1
787,-1,1104.422,693.330,194.161,146.536,0.875,-1,-1,-1
788,-1,913.353,759.992,266.489,212.939,0.999,-1,-1,-1
788,-1,1085.963,693.199,189.041,146.715,0.781,-1,-1,-1
789,-1,928.086,764.436,268.605,218.488,1.000,-1,-1,-1
789,-1,1072.987,697.490,174.828,138.667,0.526,-1,-1,-1
790,-1,940.349,766.112,280.967,227.078,1.000,-1,-1,-1
791,-1,950.971,768.978,295.298,232.183,1.000,-1,-1,-1
792,-1,957.995,766.791,316.771,247.708,1.000,-1,-1,-1
792,-1,1002.522,703.785,169.884,122.448,0.606,-1,-1,-1
793,-1,970.932,764.895,331.366,261.106,0.999,-1,-1,-1
793,-1,981.268,703.710,168.512,130.621,0.875,-1,-1,-1
794,-1,966.859,702.172,162.152,128.218,0.944,-1,-1,-1
794,-1,989.056,765.346,345.389,271.148,1.000,-1,-1,-1
795,-1,994.241,765.723,371.661,289.544,1.000,-1,-1,-1
795,-1,942.529,704.083,163.401,127.145,0.963,-1,-1,-1
796,-1,1011.420,765.840,387.046,300.626,1.000,-1,-1,-1
796,-1,926.056,705.635,158.945,126.486,0.966,-1,-1,-1
797,-1,1031.648,766.224,410.021,308.176,1.000,-1,-1,-1
797,-1,905.820,708.113,156.976,124.460,0.966,-1,-1,-1
798,-1,1045.972,763.936,448.883,327.804,1.000,-1,-1,-1
798,-1,891.506,708.235,153.210,122.395,0.949,-1,-1,-1
799,-1,1070.513,761.277,473.895,352.489,1.000,-1,-1,-1
799,-1,871.941,710.391,151.772,121.420,0.952,-1,-1,-1
800,-1,1082.437,765.472,525.906,368.683,1.000,-1,-1,-1
800,-1,858.026,710.790,148.362,121.169,0.965,-1,-1,-1
801,-1,1113.786,766.529,549.397,395.555,1.000,-1,-1,-1
801,-1,843.048,717.149,145.805,116.313,0.973,-1,-1,-1
802,-1,827.271,718.408,143.392,115.299,0.972,-1,-1,-1
802,-1,1148.791,769.507,576.633,415.242,1.000,-1,-1,-1
803,-1,813.793,720.971,140.058,113.200,0.959,-1,-1,-1
803,-1,1181.527,773.104,622.976,432.844,1.000,-1,-1,-1
804,-1,1222.993,771.665,660.618,465.294,0.999,-1,-1,-1
804,-1,800.707,722.290,137.760,110.554,0.917,-1,-1,-1
805,-1,785.126,723.205,142.677,110.497,0.939,-1,-1,-1
805,-1,1259.400,774.647,715.115,498.486,0.999,-1,-1,-1
806,-1,775.037,725.148,139.362,109.012,0.947,-1,-1,-1
806,-1,2173.577,646.022,383.784,321.204,0.707,-1,-1,-1
806,-1,1312.169,773.973,766.011,523.988,0.999,-1,-1,-1
807,-1,764.422,728.563,133.919,107.498,0.868,-1,-1,-1
807,-1,2055.637,632.869,499.952,336.454,0.811,-1,-1,-1
807,-1,1360.348,775.076,840.210,563.484,0.999,-1,-1,-1
808,-1,1958.906,622.810,596.264,337.061,0.775,-1,-1,-1
808,-1,749.099,728.272,135.102,108.418,0.858,-1,-1,-1
808,-1,1407.729,774.215,918.858,592.259,0.999,-1,-1,-1
809,-1,1471.713,773.890,1010.411,635.630,0.994,-1,-1,-1
809,-1,1864.950,628.676,605.318,294.062,0.910,-1,-1,-1
809,-1,738.068,728.145,134.321,108.577,0.915,-1,-1,-1
810,-1,1539.918,779.482,1011.235,688.165,0.982,-1,-1,-1
810,-1,730.996,729.705,129.964,106.025,0.845,-1,-1,-1
811,-1,1613.865,773.130,935.877,757.060,0.934,-1,-1,-1
811,-1,1690.834,638.337,520.035,270.905,0.941,-1,-1,-1
812,-1,1708.916,775.642,842.678,748.635,0.658,-1,-1,-1
812,-1,1626.267,644.782,477.706,262.028,0.999,-1,-1,-1
813,-1,1560.113,647.522,442.674,247.583,0.999,-1,-1,-1
814,-1,1500.419,653.235,421.262,234.185,1.000,-1,-1,-1
815,-1,1459.682,658.875,378.248,218.372,1.000,-1,-1,-1
816,-1,1410.328,661.028,349.438,211.198,1.000,-1,-1,-1
817,-1,1374.951,664.785,329.628,203.308,1.000,-1,-1,-1
818,-1,1333.745,673.969,304.918,190.890,1.000,-1,-1,-1
819,-1,1300.958,674.038,281.908,186.315,1.000,-1,-1,-1
820,-1,1265.253,678.079,271.337,178.843,1.000,-1,-1,-1
821,-1,1233.445,678.245,258.102,175.113,1.000,-1,-1,-1
822,-1,1198.697,680.495,255.208,173.219,0.999,-1,-1,-1
823,-1,1173.697,683.959,236.635,167.128,0.999,-1,-1,-1
824,-1,1144.350,690.060,231.024,159.580,0.998,-1,-1,-1
825,-1,1121.527,692.714,219.609,154.316,0.997,-1,-1,-1
826,-1,1098.402,692.831,212.577,152.607,0.998,-1,-1,-1
827,-1,1075.371,694.308,209.207,150.335,0.996,-1,-1,-1
828,-1,1052.559,699.202,200.035,142.004,0.997,-1,-1,-1
829,-1,1035.255,700.617,193.062,138.443,0.991,-1,-1,-1
830,-1,1013.799,699.790,185.930,136.436,0.990,-1,-1,-1
831,-1,996.860,702.617,180.492,132.788,0.994,-1,-1,-1
832,-1,978.483,702.344,174.936,131.736,0.994,-1,-1,-1
833,-1,961.459,699.204,166.883,133.899,0.981,-1,-1,-1
834,-1,942.486,702.580,167.332,130.052,0.993,-1,-1,-1
835,-1,925.841,703.506,165.421,130.738,0.991,-1,-1,-1
836,-1,908.513,705.558,162.411,128.074,0.990,-1,-1,-1
837,-1,892.879,708.728,160.310,124.404,0.987,-1,-1,-1
838,-1,878.225,711.324,156.825,120.805,0.982,-1,-1,-1
839,-1,862.198,710.949,152.368,121.553,0.986,-1,-1,-1
840,-1,848.513,713.079,150.145,120.846,0.982,-1,-1,-1
841,-1,837.950,717.446,142.756,116.397,0.977,-1,-1,-1
842,-1,824.736,718.255,139.683,115.258,0.969,-1,-1,-1
843,-1,808.923,721.251,139.695,112.766,0.962,-1,-1,-1
844,-1,795.681,722.416,140.133,110.268,0.956,-1,-1,-1
845,-1,784.458,724.857,139.762,109.489,0.946,-1,-1,-1
846,-1,771.954,725.328,138.048,109.008,0.955,-1,-1,-1
847,-1,762.906,725.670,133.489,107.361,0.842,-1,-1,-1
848,-1,747.219,728.969,133.561,107.034,0.816,-1,-1,-1
849,-1,737.739,729.285,130.267,107.112,0.876,-1,-1,-1
850,-1,729.745,729.265,129.116,104.906,0.799,-1,-1,-1
932,-1,0.266,1277.271,245.671,224.211,0.633,-1,-1,-1
933,-1,-0.103,1266.736,275.194,238.962,0.503,-1,-1,-1
934,-1,-0.058,1253.200,312.409,250.319,0.828,-1,-1,-1
935,-1,0.293,1243.445,351.085,266.345,0.861,-1,-1,-1
936,-1,0.255,1225.457,379.436,282.575,0.716,-1,-1,-1
937,-1,0.834,1214.324,404.658,288.095,0.676,-1,-1,-1
938,-1,1.553,1208.755,428.587,304.013,0.813,-1,-1,-1
939,-1,0.963,1209.437,438.565,311.008,0.662,-1,-1,-1
940,-1,1.458,1208.100,441.954,309.496,0.872,-1,-1,-1
941,-1,1.731,1194.098,507.854,313.479,0.905,-1,-1,-1
942,-1,1.912,1191.748,485.822,307.193,0.969,-1,-1,-1
943,-1,1.763,1184.167,563.796,313.634,0.953,-1,-1,-1
944,-1,3.042,1198.302,576.114,287.962,0.974,-1,-1,-1
945,-1,7.319,1207.395,431.816,266.984,0.937,-1,-1,-1
945,-1,15.228,1189.383,582.970,286.626,0.909,-1,-1,-1
946,-1,23.046,1181.957,597.720,293.932,0.990,-1,-1,-1
947,-1,37.498,1163.578,603.851,305.800,0.992,-1,-1,-1
948,-1,65.051,1152.886,598.022,309.065,0.992,-1,-1,-1
949,-1,93.779,1142.205,590.484,313.406,0.996,-1,-1,-1
950,-1,109.638,1137.600,593.390,314.406,0.997,-1,-1,-1
951,-1,124.291,1128.480,597.731,318.671,0.998,-1,-1,-1
952,-1,142.822,1122.537,597.453,321.856,0.998,-1,-1,-1
953,-1,157.391,1113.478,600.198,322.318,0.997,-1,-1,-1
954,-1,169.199,1105.046,604.224,329.404,0.997,-1,-1,-1
955,-1,191.378,1101.266,603.566,327.989,0.996,-1,-1,-1
956,-1,210.919,1097.683,599.018,327.451,0.997,-1,-1,-1
957,-1,233.596,1090.941,593.967,330.222,0.996,-1,-1,-1
958,-1,248.356,1088.691,595.243,315.484,0.997,-1,-1,-1
959,-1,260.855,1083.238,602.382,317.265,0.997,-1,-1,-1
960,-1,286.460,1080.070,590.453,315.699,0.997,-1,-1,-1
961,-1,311.926,1080.949,578.059,311.755,0.998,-1,-1,-1
962,-1,324.435,1077.539,577.105,313.604,0.998,-1,-1,-1
963,-1,376.382,1073.979,536.858,306.920,0.998,-1,-1,-1
964,-1,380.891,1070.807,540.295,309.060,0.998,-1,-1,-1
965,-1,381.796,1069.658,546.053,311.413,0.998,-1,-1,-1
966,-1,386.485,1066.958,547.948,319.887,0.998,-1,-1,-1
967,-1,386.330,1064.350,558.384,325.887,0.999,-1,-1,-1
968,-1,390.958,1061.885,565.281,328.519,0.999,-1,-1,-1
969,-1,398.719,1062.443,566.244,323.774,0.999,-1,-1,-1
970,-1,403.812,1059.332,573.684,325.029,0.999,-1,-1,-1
971,-1,407.201,1056.484,575.266,326.153,0.999,-1,-1,-1
972,-1,410.461,1049.787,586.060,329.158,0.999,-1,-1,-1
973,-1,408.363,1046.817,602.403,329.121,0.999,-1,-1,-1
974,-1,418.784,1041.188,616.908,333.403,0.999,-1,-1,-1
975,-1,436.500,1035.580,623.459,334.715,0.999,-1,-1,-1
976,-1,456.091,1029.411,625.006,332.807,0.999,-1,-1,-1
977,-1,474.186,1020.130,636.376,339.688,0.999,-1,-1,-1
978,-1,499.696,1018.578,643.097,334.676,0.999,-1,-1,-1
979,-1,528.268,1009.699,641.290,341.453,0.999,-1,-1,-1
980,-1,548.324,1003.952,646.988,341.409,0.999,-1,-1,-1
981,-1,573.980,998.255,651.741,341.361,1.000,-1,-1,-1
982,-1,605.297,989.108,653.088,348.400,1.000,-1,-1,-1
983,-1,631.373,985.922,656.566,350.638,1.000,-1,-1,-1
984,-1,663.546,982.903,662.853,346.907,1.000,-1,-1,-1
985,-1,693.648,979.911,665.427,346.501,1.000,-1,-1,-1
986,-1,724.986,974.179,672.936,353.818,1.000,-1,-1,-1
987,-1,759.149,969.880,673.502,355.961,1.000,-1,-1,-1
988,-1,788.317,957.686,685.301,365.504,1.000,-1,-1,-1
989,-1,822.032,951.500,695.406,369.526,1.000,-1,-1,-1
990,-1,851.899,941.963,705.908,375.677,0.999,-1,-1,-1
991,-1,887.325,938.074,715.790,379.126,0.999,-1,-1,-1
992,-1,921.262,931.929,726.862,382.886,0.999,-1,-1,-1
993,-1,950.485,927.335,744.073,388.147,0.999,-1,-1,-1
994,-1,993.943,922.505,752.426,396.160,0.999,-1,-1,-1
995,-1,1032.266,922.784,762.745,404.841,1.000,-1,-1,-1
996,-1,1075.215,918.046,770.442,418.905,1.000,-1,-1,-1
997,-1,1114.987,914.290,783.818,432.678,1.000,-1,-1,-1
998,-1,1158.162,916.679,796.641,444.969,0.999,-1,-1,-1
999,-1,1204.440,917.001,808.591,468.018,0.999,-1,-1,-1
1000,-1,1249.969,918.249,836.580,490.687,0.999,-1,-1,-1
1001,-1,1296.202,915.336,865.761,512.798,0.999,-1,-1,-1
1002,-1,1342.245,916.480,903.616,533.144,0.999,-1,-1,-1
1003,-1,1390.186,920.348,939.558,557.293,0.999,-1,-1,-1
1004,-1,1437.196,924.220,1003.804,584.709,0.998,-1,-1,-1
1005,-1,1494.130,922.285,1054.771,625.760,0.990,-1,-1,-1
1006,-1,1558.723,925.558,991.870,662.643,0.980,-1,-1,-1
1007,-1,1621.115,938.041,928.633,692.826,0.976,-1,-1,-1
1008,-1,1689.699,946.170,861.744,728.181,0.979,-1,-1,-1
1009,-1,1774.268,950.855,777.944,720.032,0.882,-1,-1,-1
1010,-1,1863.933,965.003,688.643,734.889,0.696,-1,-1,-1
1091,-1,2143.992,568.709,412.967,435.855,0.709,-1,-1,-1
1092,-1,2049.788,533.781,505.785,452.528,0.940,-1,-1,-1
1093,-1,1966.050,533.756,589.607,458.338,0.961,-1,-1,-1
1094,-1,1891.633,540.973,663.789,440.293,0.992,-1,-1,-1
1095,-1,1825.703,549.751,729.616,421.692,0.996,-1,-1,-1
1096,-1,1761.750,554.421,732.648,400.139,0.999,-1,-1,-1
1097,-1,1701.288,566.406,680.141,375.233,0.999,-1,-1,-1
1098,-1,1642.814,572.295,627.427,356.579,0.999,-1,-1,-1
1099,-1,1599.861,578.864,588.005,338.499,0.999,-1,-1,-1
1100,-1,1549.923,582.596,561.472,325.165,1.000,-1,-1,-1
1101,-1,1514.435,590.977,526.903,304.446,1.000,-1,-1,-1
1102,-1,1475.049,596.745,502.940,296.497,1.000,-1,-1,-1
1103,-1,1443.780,601.047,475.702,285.970,1.000,-1,-1,-1
1104,-1,1409.172,610.694,448.446,269.089,1.000,-1,-1,-1
1105,-1,1382.388,615.423,419.233,260.238,1.000,-1,-1,-1
1106,-1,1351.440,619.845,403.656,250.368,1.000,-1,-1,-1
1107,-1,1333.406,622.471,376.430,241.802,1.000,-1,-1,-1
1108,-1,1307.142,625.505,358.323,232.973,1.000,-1,-1,-1
1109,-1,1283.453,631.653,337.892,220.741,1.000,-1,-1,-1
1110,-1,1260.575,634.497,327.321,214.164,1.000,-1,-1,-1
1111,-1,1234.954,633.545,317.592,212.401,1.000,-1,-1,-1
1112,-1,1211.066,636.811,305.075,206.041,1.000,-1,-1,-1
1113,-1,1197.897,638.433,288.326,202.715,1.000,-1,-1,-1
1114,-1,1176.784,638.904,280.900,201.696,1.000,-1,-1,-1
1115,-1,1155.106,642.347,274.993,197.095,1.000,-1,-1,-1
1116,-1,1136.918,645.188,264.613,193.393,1.000,-1,-1,-1
1117,-1,1119.833,648.321,256.101,188.896,0.999,-1,-1,-1
1118,-1,1105.426,651.238,248.401,184.452,0.999,-1,-1,-1
1119,-1,1088.453,652.718,241.633,183.257,0.999,-1,-1,-1
1120,-1,1073.536,653.555,236.729,180.486,0.999,-1,-1,-1
1121,-1,1063.129,659.976,228.399,172.493,0.999,-1,-1,-1
1122,-1,1047.336,660.992,225.277,170.710,0.999,-1,-1,-1
1123,-1,1034.928,664.534,215.243,165.673,0.999,-1,-1,-1
1124,-1,1021.135,666.378,212.403,162.468,0.999,-1,-1,-1
1125,-1,1007.067,669.407,204.993,157.116,0.999,-1,-1,-1
1126,-1,993.684,668.843,204.082,156.930,0.998,-1,-1,-1
1127,-1,979.896,671.925,200.218,154.049,0.998,-1,-1,-1
1128,-1,971.886,672.711,191.948,152.410,0.998,-1,-1,-1
1129,-1,956.034,673.736,192.313,151.761,0.998,-1,-1,-1
1130,-1,944.358,674.880,188.268,151.240,0.998,-1,-1,-1
1131,-1,934.226,675.430,187.126,149.901,0.998,-1,-1,-1
1132,-1,921.932,678.979,182.529,147.449,0.997,-1,-1,-1
1133,-1,907.647,680.515,183.523,146.740,0.997,-1,-1,-1
1134,-1,899.681,680.848,179.711,146.718,0.997,-1,-1,-1
1135,-1,887.157,682.807,178.963,145.227,0.997,-1,-1,-1
1136,-1,877.045,685.555,176.806,142.627,0.996,-1,-1,-1
1137,-1,867.010,690.414,176.153,137.350,0.996,-1,-1,-1
1138,-1,859.268,691.469,173.484,138.088,0.996,-1,-1,-1
1139,-1,849.191,692.491,169.891,136.994,0.995,-1,-1,-1
1140,-1,837.096,694.097,171.254,136.369,0.995,-1,-1,-1
1141,-1,831.254,694.081,166.929,135.671,0.995,-1,-1,-1
1142,-1,820.688,698.954,159.850,131.056,0.987,-1,-1,-1
1142,-1,2218.148,673.403,339.600,321.247,0.519,-1,-1,-1
1143,-1,810.243,700.735,158.783,131.053,0.988,-1,-1,-1
1143,-1,2113.250,667.538,443.199,324.242,0.934,-1,-1,-1
1144,-1,799.803,702.743,158.377,128.279,0.988,-1,-1,-1
1144,-1,2021.769,637.805,533.294,355.649,0.976,-1,-1,-1
1145,-1,792.217,705.886,155.731,125.242,0.986,-1,-1,-1
1145,-1,1930.344,635.865,623.942,345.595,0.995,-1,-1,-1
1146,-1,1863.082,643.378,681.999,325.085,0.998,-1,-1,-1
1146,-1,782.243,709.105,156.308,122.618,0.986,-1,-1,-1
1147,-1,1797.234,645.538,627.467,309.124,0.999,-1,-1,-1
1147,-1,775.718,710.889,155.244,121.427,0.980,-1,-1,-1
1148,-1,1727.999,652.320,586.234,287.386,0.999,-1,-1,-1
1148,-1,765.348,710.358,159.286,122.257,0.978,-1,-1,-1
1149,-1,1670.725,653.877,547.443,276.550,0.999,-1,-1,-1
1149,-1,757.340,709.842,156.699,122.197,0.962,-1,-1,-1
1150,-1,1620.362,655.682,517.205,268.507,0.999,-1,-1,-1
1150,-1,748.447,713.592,154.524,120.414,0.964,-1,-1,-1
1151,-1,1572.562,659.173,481.546,258.329,1.000,-1,-1,-1
1151,-1,742.795,714.300,149.742,121.410,0.962,-1,-1,-1
1152,-1,1532.803,662.369,455.513,251.139,1.000,-1,-1,-1
1152,-1,736.664,715.097,146.713,119.366,0.915,-1,-1,-1
1153,-1,1494.174,670.073,429.803,235.558,1.000,-1,-1,-1
1153,-1,731.086,719.053,144.392,115.553,0.840,-1,-1,-1
1154,-1,1463.431,677.607,395.398,219.382,1.000,-1,-1,-1
1154,-1,726.568,720.682,141.142,113.587,0.621,-1,-1,-1
1155,-1,1431.218,678.770,372.220,213.437,1.000,-1,-1,-1
1155,-1,716.320,720.452,143.520,113.975,0.571,-1,-1,-1
1156,-1,1403.211,683.754,344.163,203.710,1.000,-1,-1,-1
1156,-1,712.868,721.867,140.256,113.479,0.664,-1,-1,-1
1157,-1,1374.532,682.962,335.873,202.360,1.000,-1,-1,-1
1157,-1,707.186,719.513,140.994,116.062,0.761,-1,-1,-1
1158,-1,704.454,722.354,135.910,113.247,0.829,-1,-1,-1
1158,-1,1347.662,687.088,316.163,194.527,0.999,-1,-1,-1
1159,-1,699.957,723.482,132.881,114.167,0.695,-1,-1,-1
1159,-1,1325.860,688.243,298.521,189.556,1.000,-1,-1,-1
1160,-1,1306.421,688.568,278.574,187.766,1.000,-1,-1,-1
1161,-1,1279.392,691.290,274.475,180.390,1.000,-1,-1,-1
1162,-1,1262.816,692.199,256.750,176.387,1.000,-1,-1,-1
1163,-1,1244.809,693.094,249.601,174.039,1.000,-1,-1,-1
1164,-1,1227.392,692.555,242.318,173.024,1.000,-1,-1,-1
1165,-1,1215.317,692.907,233.462,169.332,0.999,-1,-1,-1
1166,-1,1202.705,689.987,223.338,169.939,0.999,-1,-1,-1
1167,-1,1194.560,690.411,214.667,168.311,0.999,-1,-1,-1
1168,-1,1192.696,689.045,203.164,164.638,0.999,-1,-1,-1
1169,-1,1188.281,688.031,194.045,159.981,0.999,-1,-1,-1
1170,-1,1183.124,685.282,185.298,157.927,0.999,-1,-1,-1
1171,-1,1181.596,682.794,180.026,156.507,0.998,-1,-1,-1
1172,-1,1184.736,678.880,172.536,155.479,0.998,-1,-1,-1
1173,-1,1185.445,675.676,169.340,152.365,0.998,-1,-1,-1
1174,-1,1184.739,667.165,166.978,153.804,0.998,-1,-1,-1
1175,-1,1185.026,660.430,166.534,154.150,0.998,-1,-1,-1
1176,-1,1187.089,655.062,164.551,153.497,0.998,-1,-1,-1
1177,-1,1190.649,649.554,164.653,153.495,0.998,-1,-1,-1
1178,-1,1193.807,644.754,166.206,151.383,0.998,-1,-1,-1
1179,-1,1198.535,640.195,166.540,150.848,0.998,-1,-1,-1
1180,-1,1206.089,634.853,168.860,150.787,0.998,-1,-1,-1
1181,-1,1212.706,626.959,173.431,146.273,0.997,-1,-1,-1
1182,-1,1222.273,618.262,176.372,145.459,0.996,-1,-1,-1
1183,-1,1233.523,610.403,176.830,144.427,0.993,-1,-1,-1
1184,-1,1245.289,605.744,161.153,140.618,0.886,-1,-1,-1
1185,-1,1254.938,601.458,160.358,135.546,0.907,-1,-1,-1
1186,-1,1265.060,590.748,164.656,136.434,0.930,-1,-1,-1
1187,-1,1276.780,591.995,152.495,129.590,0.768,-1,-1,-1
1188,-1,1292.256,577.362,186.061,130.708,0.937,-1,-1,-1
1189,-1,1310.547,567.394,183.518,130.828,0.647,-1,-1,-1
1190,-1,1328.017,560.715,173.502,130.220,0.538,-1,-1,-1
1191,-1,1341.976,549.949,181.592,131.715,0.954,-1,-1,-1
1192,-1,1354.911,541.808,177.104,134.568,0.720,-1,-1,-1
1193,-1,1373.106,538.470,169.920,138.005,0.654,-1,-1,-1
1194,-1,1380.454,533.013,170.682,134.222,0.709,-1,-1,-1
1195,-1,1399.271,528.069,155.699,134.794,0.766,-1,-1,-1
1202,-1,1502.612,470.607,160.997,136.812,0.858,-1,-1,-1
1203,-1,1509.278,468.478,165.832,135.517,0.662,-1,-1,-1
1205,-1,1522.596,463.130,174.634,130.198,0.772,-1,-1,-1
1213,-1,2222.827,619.487,334.870,374.309,0.503,-1,-1,-1
1214,-1,2127.052,625.995,429.301,357.091,0.942,-1,-1,-1
1215,-1,2044.808,620.555,510.776,363.768,0.979,-1,-1,-1
1216,-1,1968.731,573.097,586.684,399.874,0.990,-1,-1,-1
1217,-1,1898.886,578.725,654.401,384.302,0.997,-1,-1,-1
1218,-1,1835.668,589.459,626.740,358.909,0.999,-1,-1,-1
1219,-1,1767.435,598.431,586.582,332.761,0.999,-1,-1,-1
1220,-1,1703.313,604.128,556.139,318.700,0.999,-1,-1,-1
1221,-1,1647.893,608.188,527.942,308.617,1.000,-1,-1,-1
1222,-1,1606.843,611.907,494.491,297.479,1.000,-1,-1,-1
1223,-1,1559.024,617.360,470.374,286.353,1.000,-1,-1,-1
1224,-1,1527.194,619.445,435.313,279.726,1.000,-1,-1,-1
1225,-1,1483.220,626.394,422.149,268.564,1.000,-1,-1,-1
1226,-1,1456.614,633.313,382.485,253.688,1.000,-1,-1,-1
1227,-1,1413.035,637.699,374.661,247.309,1.000,-1,-1,-1
1228,-1,1391.502,645.210,346.226,231.989,1.000,-1,-1,-1
1229,-1,1353.887,647.613,338.290,228.881,1.000,-1,-1,-1
1230,-1,1332.333,652.329,311.175,218.693,1.000,-1,-1,-1
1231,-1,1305.083,653.433,292.234,212.246,1.000,-1,-1,-1
1232,-1,1274.880,657.916,286.813,207.045,1.000,-1,-1,-1
1233,-1,1250.712,660.293,273.354,200.943,1.000,-1,-1,-1
1234,-1,1225.461,661.194,266.581,196.987,1.000,-1,-1,-1
1235,-1,1198.450,665.171,263.000,191.145,0.999,-1,-1,-1
1236,-1,1180.237,667.286,247.990,188.607,0.999,-1,-1,-1
1237,-1,1157.008,669.279,242.801,186.163,0.999,-1,-1,-1
1238,-1,1136.322,676.354,234.552,177.502,0.999,-1,-1,-1
1239,-1,1118.667,680.730,226.493,172.610,0.999,-1,-1,-1
1240,-1,1101.363,682.362,221.662,168.235,0.999,-1,-1,-1
1241,-1,1084.114,684.299,214.893,167.439,0.998,-1,-1,-1
1242,-1,1068.321,687.972,209.102,160.653,0.998,-1,-1,-1
1243,-1,1050.702,690.897,202.577,155.676,0.997,-1,-1,-1
1244,-1,1038.494,692.168,195.379,151.182,0.998,-1,-1,-1
1245,-1,589.001,765.251,121.245,107.624,0.726,-1,-1,-1
1245,-1,1022.035,692.074,191.492,150.920,0.982,-1,-1,-1
1246,-1,590.568,765.748,125.419,109.699,0.731,-1,-1,-1
1246,-1,1008.340,696.326,187.419,146.979,0.994,-1,-1,-1
1247,-1,594.125,765.389,128.491,110.962,0.634,-1,-1,-1
1247,-1,996.341,695.927,182.885,143.618,0.985,-1,-1,-1
1248,-1,977.325,693.504,179.281,143.841,0.990,-1,-1,-1
1248,-1,602.726,764.894,127.568,112.935,0.618,-1,-1,-1
1249,-1,962.715,691.802,174.892,146.521,0.990,-1,-1,-1
1249,-1,611.116,763.514,126.452,117.097,0.554,-1,-1,-1
1250,-1,948.407,692.988,172.338,143.442,0.990,-1,-1,-1
1250,-1,621.030,762.032,127.198,117.284,0.574,-1,-1,-1
1251,-1,933.257,696.198,173.380,141.803,0.995,-1,-1,-1
1251,-1,625.739,765.171,125.123,115.746,0.785,-1,-1,-1
1252,-1,921.901,697.320,170.492,139.564,0.992,-1,-1,-1
1253,-1,907.179,698.341,167.106,137.077,0.992,-1,-1,-1
1253,-1,632.774,768.301,124.193,116.011,0.612,-1,-1,-1
1254,-1,894.652,699.864,164.092,136.967,0.992,-1,-1,-1
1254,-1,641.340,763.804,133.666,119.345,0.811,-1,-1,-1
1255,-1,882.983,702.638,161.970,133.831,0.987,-1,-1,-1
1255,-1,647.826,760.749,139.964,120.762,0.853,-1,-1,-1
1256,-1,870.739,705.540,159.185,130.054,0.988,-1,-1,-1
1256,-1,658.363,757.917,139.238,119.438,0.742,-1,-1,-1
1257,-1,859.636,708.189,156.019,128.188,0.982,-1,-1,-1
1257,-1,663.511,757.222,145.344,119.803,0.920,-1,-1,-1
1258,-1,850.182,706.848,154.231,129.269,0.976,-1,-1,-1
1258,-1,666.800,755.917,151.340,122.531,0.953,-1,-1,-1
1259,-1,837.807,709.618,149.237,126.935,0.978,-1,-1,-1
1259,-1,675.486,755.072,150.297,125.162,0.948,-1,-1,-1
1260,-1,828.013,711.837,144.772,125.664,0.962,-1,-1,-1
1260,-1,686.735,752.760,150.254,129.231,0.946,-1,-1,-1
1261,-1,818.584,716.042,138.846,120.781,0.888,-1,-1,-1
1261,-1,699.960,752.145,147.771,134.878,0.874,-1,-1,-1
1262,-1,707.610,754.825,146.035,132.240,0.932,-1,-1,-1
1263,-1,715.988,761.941,145.150,130.897,0.961,-1,-1,-1
1264,-1,717.921,762.677,153.134,135.297,0.973,-1,-1,-1
1265,-1,719.822,765.590,162.107,135.454,0.979,-1,-1,-1
1266,-1,732.457,767.538,161.932,135.482,0.979,-1,-1,-1
1267,-1,739.490,759.416,163.675,145.085,0.990,-1,-1,-1
1268,-1,748.296,753.647,169.602,151.663,0.990,-1,-1,-1
1269,-1,754.828,758.599,175.453,150.068,0.986,-1,-1,-1
1270,-1,764.256,762.354,177.120,150.838,0.991,-1,-1,-1
1271,-1,773.757,761.362,178.883,154.449,0.993,-1,-1,-1
1272,-1,784.639,761.560,182.559,157.828,0.995,-1,-1,-1
1273,-1,792.573,761.015,191.971,162.124,0.996,-1,-1,-1
1274,-1,808.363,762.260,192.637,161.123,0.998,-1,-1,-1
1275,-1,814.788,762.583,199.575,164.234,0.998,-1,-1,-1
1276,-1,828.658,761.847,204.722,170.465,0.998,-1,-1,-1
1277,-1,839.772,763.431,211.183,171.450,0.998,-1,-1,-1
1278,-1,852.431,761.516,216.325,178.040,0.999,-1,-1,-1
1279,-1,865.033,762.775,221.550,182.023,0.999,-1,-1,-1
1280,-1,877.348,764.345,228.777,186.015,0.999,-1,-1,-1
1281,-1,889.268,763.808,241.162,192.142,0.999,-1,-1,-1
1282,-1,903.161,763.638,252.487,201.662,0.999,-1,-1,-1
1283,-1,919.577,767.017,258.112,204.677,1.000,-1,-1,-1
1284,-1,936.552,766.785,262.120,209.690,1.000,-1,-1,-1
1285,-1,950.678,769.382,274.013,215.457,1.000,-1,-1,-1
1286,-1,962.909,769.610,292.641,223.752,1.000,-1,-1,-1
1287,-1,982.494,770.604,302.251,236.018,1.000,-1,-1,-1
1288,-1,994.545,769.282,328.579,251.219,1.000,-1,-1,-1
1289,-1,1007.783,771.941,348.691,262.855,1.000,-1,-1,-1
1290,-1,1031.141,774.568,360.959,277.018,1.000,-1,-1,-1
1291,-1,1054.027,772.968,383.262,291.544,1.000,-1,-1,-1
1292,-1,1076.894,771.704,426.122,309.579,1.000,-1,-1,-1
1293,-1,1100.860,769.785,461.686,339.013,1.000,-1,-1,-1
1294,-1,1129.136,771.994,499.066,367.069,1.000,-1,-1,-1
1295,-1,1169.287,778.264,532.358,390.667,1.000,-1,-1,-1
1296,-1,1209.029,783.767,573.519,408.674,1.000,-1,-1,-1
1297,-1,1255.191,787.051,628.501,451.038,0.999,-1,-1,-1
1298,-1,1310.049,798.269,688.286,482.353,1.000,-1,-1,-1
1299,-1,1381.285,802.609,746.752,526.898,1.000,-1,-1,-1
1300,-1,1446.175,806.879,834.406,561.815,0.999,-1,-1,-1
1301,-1,1527.111,812.431,941.424,627.147,0.996,-1,-1,-1
1302,-1,1610.537,821.510,941.445,702.797,0.982,-1,-1,-1
1303,-1,1720.797,827.463,830.377,782.904,0.953,-1,-1,-1
1304,-1,1853.027,832.590,698.789,796.006,0.690,-1,-1,-1
1464,-1,2095.312,738.615,460.293,382.867,0.734,-1,-1,-1
1465,-1,1969.229,749.720,585.753,368.697,0.969,-1,-1,-1
1466,-1,1848.956,715.382,705.157,405.131,0.984,-1,-1,-1
1467,-1,1730.427,720.568,822.164,392.558,0.996,-1,-1,-1
1468,-1,1625.466,738.222,788.936,371.919,0.998,-1,-1,-1
1469,-1,1512.772,751.170,751.426,361.354,0.999,-1,-1,-1
1470,-1,1418.448,768.691,715.421,348.755,1.000,-1,-1,-1
1471,-1,1320.678,784.222,692.374,350.164,1.000,-1,-1,-1
1472,-1,1049.998,840.214,635.845,334.373,0.999,-1,-1,-1
1473,-1,979.329,860.924,608.066,326.817,1.000,-1,-1,-1
1474,-1,901.265,884.271,583.366,317.746,1.000,-1,-1,-1
1475,-1,831.492,905.356,560.114,316.360,1.000,-1,-1,-1
1476,-1,752.951,928.929,541.788,307.883,0.999,-1,-1,-1
1477,-1,678.164,944.055,531.806,306.452,0.999,-1,-1,-1
1478,-1,600.115,966.004,525.805,300.768,0.999,-1,-1,-1
1479,-1,520.046,983.014,513.191,297.125,0.999,-1,-1,-1
1480,-1,443.578,1004.025,501.499,297.845,0.999,-1,-1,-1
1481,-1,387.002,1019.941,486.458,296.409,0.999,-1,-1,-1
1482,-1,375.450,1056.254,411.872,248.073,0.997,-1,-1,-1
1483,-1,273.047,1067.339,428.366,254.386,0.995,-1,-1,-1
1484,-1,147.981,1092.996,472.869,266.201,0.994,-1,-1,-1
1485,-1,57.781,1134.664,476.369,250.513,0.991,-1,-1,-1
1486,-1,4.887,1167.569,401.682,229.894,0.971,-1,-1,-1
1487,-1,0.973,1162.869,384.781,237.947,0.951,-1,-1,-1
1488,-1,0.412,1174.806,330.883,228.801,0.853,-1,-1,-1
1489,-1,0.352,1191.201,256.692,212.549,0.738,-1,-1,-1
1629,-1,595.037,765.040,118.989,104.628,0.587,-1,-1,-1
1633,-1,632.326,765.633,118.748,108.793,0.521,-1,-1,-1
1637,-1,673.550,759.531,137.381,108.229,0.526,-1,-1,-1
1638,-1,690.061,758.731,133.649,112.235,0.621,-1,-1,-1
1641,-1,712.416,757.726,139.304,116.411,0.538,-1,-1,-1
1642,-1,716.003,759.321,143.709,119.594,0.918,-1,-1,-1
1643,-1,727.725,759.393,146.207,123.127,0.971,-1,-1,-1
1644,-1,738.154,756.994,149.132,126.279,0.973,-1,-1,-1
1645,-1,748.010,756.699,151.125,128.006,0.969,-1,-1,-1
1646,-1,760.934,760.146,150.126,130.072,0.984,-1,-1,-1
1647,-1,768.486,757.634,155.786,133.515,0.984,-1,-1,-1
1648,-1,773.316,758.510,164.530,140.228,0.985,-1,-1,-1
1649,-1,784.716,758.964,163.914,144.078,0.992,-1,-1,-1
1650,-1,797.308,761.110,166.423,147.214,0.992,-1,-1,-1
1651,-1,811.936,763.323,167.362,148.529,0.993,-1,-1,-1
1652,-1,821.687,767.170,171.885,150.612,0.994,-1,-1,-1
1653,-1,838.838,767.677,177.802,153.323,0.996,-1,-1,-1
1654,-1,851.213,770.976,182.009,155.189,0.997,-1,-1,-1
1655,-1,863.963,769.883,186.062,160.523,0.998,-1,-1,-1
1656,-1,878.664,769.631,193.363,166.452,0.998,-1,-1,-1
1657,-1,889.838,771.878,202.180,169.556,0.999,-1,-1,-1
1658,-1,903.922,773.773,218.420,174.771,0.999,-1,-1,-1
1659,-1,920.898,775.937,231.763,184.290,0.999,-1,-1,-1
1660,-1,942.078,781.928,240.738,185.898,0.999,-1,-1,-1
1661,-1,962.363,782.540,254.058,197.852,1.000,-1,-1,-1
1662,-1,982.667,784.231,268.906,207.124,1.000,-1,-1,-1
1663,-1,1006.950,783.907,286.299,221.760,1.000,-1,-1,-1
1664,-1,1025.043,784.088,316.193,236.066,1.000,-1,-1,-1
1665,-1,1054.216,786.974,340.592,250.158,1.000,-1,-1,-1
1666,-1,1088.596,790.382,367.197,266.402,1.000,-1,-1,-1
1667,-1,1124.911,788.962,410.195,290.412,1.000,-1,-1,-1
1668,-1,1164.474,793.005,455.224,311.308,1.000,-1,-1,-1
1669,-1,1214.667,794.459,509.621,343.664,1.000,-1,-1,-1
1670,-1,1272.416,793.593,570.584,377.633,1.000,-1,-1,-1
1671,-1,1352.252,801.698,627.281,413.658,1.000,-1,-1,-1
1672,-1,1441.407,808.464,698.962,458.583,1.000,-1,-1,-1
1673,-1,1539.721,815.390,805.461,507.692,0.998,-1,-1,-1
1674,-1,1667.292,816.605,887.356,583.064,0.990,-1,-1,-1
1675,-1,1821.921,831.970,729.648,669.080,0.935,-1,-1,-1
1676,-1,2007.213,877.085,546.575,618.610,0.656,-1,-1,-1
1791,-1,667.315,762.816,143.077,116.530,0.651,-1,-1,-1
1792,-1,676.682,761.116,142.578,119.817,0.722,-1,-1,-1
1794,-1,699.885,760.831,138.261,123.127,0.821,-1,-1,-1
1795,-1,703.243,759.615,145.283,125.722,0.731,-1,-1,-1
1796,-1,707.908,760.946,149.131,130.665,0.613,-1,-1,-1
1797,-1,714.501,763.700,155.061,133.724,0.796,-1,-1,-1
1798,-1,724.249,764.202,157.721,137.743,0.945,-1,-1,-1
1799,-1,736.517,765.181,157.930,140.012,0.973,-1,-1,-1
1800,-1,745.908,764.717,159.649,141.612,0.990,-1,-1,-1
1801,-1,758.034,763.911,161.760,142.873,0.990,-1,-1,-1
1802,-1,767.173,764.033,166.791,148.014,0.991,-1,-1,-1
1803,-1,774.647,764.800,171.231,152.766,0.994,-1,-1,-1
1804,-1,789.821,768.732,171.574,152.896,0.993,-1,-1,-1
1805,-1,805.272,768.441,175.742,160.934,0.994,-1,-1,-1
1806,-1,819.568,770.470,181.467,159.577,0.997,-1,-1,-1
1807,-1,833.894,773.103,186.070,160.616,0.996,-1,-1,-1
1808,-1,848.056,773.714,192.875,167.957,0.997,-1,-1,-1
1809,-1,861.806,775.407,200.270,173.014,0.997,-1,-1,-1
1810,-1,875.538,774.940,207.892,179.532,0.998,-1,-1,-1
1811,-1,891.710,778.201,216.260,184.083,0.998,-1,-1,-1
1812,-1,908.783,782.056,233.842,193.389,0.999,-1,-1,-1
1813,-1,925.968,782.243,249.942,204.533,0.999,-1,-1,-1
1814,-1,947.977,783.226,260.310,214.153,0.999,-1,-1,-1
1815,-1,964.999,784.810,279.998,224.508,1.000,-1,-1,-1
1816,-1,986.328,785.165,299.148,241.741,1.000,-1,-1,-1
1817,-1,1012.436,786.338,322.581,261.628,0.999,-1,-1,-1
1818,-1,1038.060,787.982,348.043,282.499,0.999,-1,-1,-1
1819,-1,1070.322,785.677,382.719,302.731,0.999,-1,-1,-1
1820,-1,1104.791,785.466,434.955,339.766,1.000,-1,-1,-1
1821,-1,1149.990,784.607,475.833,374.493,0.999,-1,-1,-1
1822,-1,1205.877,793.708,520.622,402.245,1.000,-1,-1,-1
1823,-1,1266.773,798.250,584.510,445.775,0.995,-1,-1,-1
1824,-1,1350.707,809.174,651.505,487.514,0.999,-1,-1,-1
1825,-1,1439.774,817.502,740.242,537.047,0.999,-1,-1,-1
1826,-1,1546.642,822.902,862.973,608.697,0.996,-1,-1,-1
1827,-1,1672.554,827.818,878.076,721.581,0.977,-1,-1,-1
1828,-1,1841.507,835.122,710.000,751.748,0.679,-1,-1,-1
2127,-1,2137.710,594.207,419.022,392.565,0.706,-1,-1,-1
2128,-1,2052.403,588.350,503.821,407.667,0.758,-1,-1,-1
2129,-1,1972.848,558.769,582.884,422.783,0.972,-1,-1,-1
2130,-1,1900.788,558.686,653.468,407.454,0.996,-1,-1,-1
2131,-1,1836.346,565.226,637.269,387.591,0.999,-1,-1,-1
2132,-1,1767.591,575.649,594.131,364.654,0.999,-1,-1,-1
2133,-1,1706.415,592.149,554.634,327.104,0.999,-1,-1,-1
2134,-1,1653.228,595.529,528.218,316.898,0.999,-1,-1,-1
2135,-1,1611.951,601.166,495.821,302.677,0.999,-1,-1,-1
2136,-1,1565.395,604.758,468.161,292.838,1.000,-1,-1,-1
2137,-1,1531.879,608.815,440.344,282.897,1.000,-1,-1,-1
2138,-1,1492.643,610.289,421.577,276.762,1.000,-1,-1,-1
2139,-1,1460.837,614.799,396.284,268.421,1.000,-1,-1,-1
2140,-1,1427.556,619.870,367.895,257.384,1.000,-1,-1,-1
2141,-1,1399.294,624.436,352.883,248.273,1.000,-1,-1,-1
2142,-1,1373.091,627.644,335.595,243.112,1.000,-1,-1,-1
2143,-1,1346.732,632.459,319.592,233.260,1.000,-1,-1,-1
2144,-1,1320.083,636.224,304.987,220.955,1.000,-1,-1,-1
2145,-1,1299.450,637.875,282.243,215.669,1.000,-1,-1,-1
2146,-1,1266.744,643.301,283.073,210.091,1.000,-1,-1,-1
2147,-1,1244.512,643.421,271.442,204.604,1.000,-1,-1,-1
2148,-1,1221.634,644.610,264.887,205.390,1.000,-1,-1,-1
2149,-1,1201.792,647.809,254.944,200.281,1.000,-1,-1,-1
2150,-1,1184.155,653.645,247.370,192.827,0.999,-1,-1,-1
2151,-1,1165.499,653.388,235.277,192.315,0.999,-1,-1,-1
2152,-1,1147.389,656.901,230.684,187.206,0.999,-1,-1,-1
2153,-1,1129.680,661.884,226.189,179.450,0.999,-1,-1,-1
2154,-1,1112.750,662.499,218.164,179.517,0.999,-1,-1,-1
2155,-1,1101.910,666.934,210.281,171.289,0.999,-1,-1,-1
2156,-1,1084.864,665.731,210.174,173.263,0.998,-1,-1,-1
2157,-1,1069.768,668.239,206.215,168.202,0.998,-1,-1,-1
2158,-1,1059.161,673.735,196.366,160.292,0.615,-1,-1,-1
2158,-1,1060.790,674.852,193.139,159.730,0.978,-1,-1,-1
2159,-1,1047.417,679.490,189.363,152.873,0.997,-1,-1,-1
2160,-1,1032.216,682.067,187.496,149.442,0.993,-1,-1,-1
2161,-1,1013.057,679.056,187.262,148.329,0.995,-1,-1,-1
2162,-1,1003.575,680.106,181.534,145.997,0.995,-1,-1,-1
2163,-1,989.895,679.077,178.445,144.510,0.979,-1,-1,-1
2164,-1,978.069,677.452,176.551,148.461,0.991,-1,-1,-1
2165,-1,968.260,678.698,170.846,144.789,0.986,-1,-1,-1
2166,-1,953.382,681.910,168.088,139.948,0.975,-1,-1,-1
2167,-1,938.457,683.508,172.966,141.555,0.995,-1,-1,-1
2168,-1,928.451,685.075,168.394,140.494,0.994,-1,-1,-1
2169,-1,918.677,686.872,164.106,138.089,0.989,-1,-1,-1
2170,-1,906.638,686.561,162.338,138.125,0.989,-1,-1,-1
2171,-1,894.561,690.332,162.469,136.407,0.990,-1,-1,-1
2172,-1,881.882,692.325,164.821,135.100,0.991,-1,-1,-1
2173,-1,873.781,696.007,158.801,132.889,0.989,-1,-1,-1
2174,-1,859.897,699.111,157.962,131.939,0.985,-1,-1,-1
2175,-1,851.304,699.147,158.730,131.298,0.988,-1,-1,-1
2176,-1,840.796,700.316,155.613,128.664,0.981,-1,-1,-1
2177,-1,828.216,703.377,150.606,125.452,0.975,-1,-1,-1
2178,-1,818.920,705.092,149.378,125.850,0.982,-1,-1,-1
2179,-1,810.898,707.319,145.997,122.989,0.972,-1,-1,-1
2180,-1,795.775,709.201,148.331,121.941,0.973,-1,-1,-1
2181,-1,787.674,711.214,145.432,120.411,0.973,-1,-1,-1
2182,-1,779.192,711.034,145.820,120.406,0.973,-1,-1,-1
2183,-1,772.674,711.361,142.361,119.138,0.968,-1,-1,-1
2184,-1,760.180,715.049,142.984,116.319,0.963,-1,-1,-1
2185,-1,750.552,716.193,142.150,115.130,0.953,-1,-1,-1
2186,-1,743.659,717.152,141.156,115.020,0.938,-1,-1,-1
2187,-1,738.523,722.121,136.571,110.435,0.916,-1,-1,-1
2258,-1,596.939,776.915,121.129,103.324,0.513,-1,-1,-1
2259,-1,603.272,777.303,123.483,104.661,0.557,-1,-1,-1
2267,-1,664.844,770.983,143.640,121.072,0.620,-1,-1,-1
2273,-1,717.751,781.510,151.217,130.019,0.840,-1,-1,-1
2274,-1,732.772,783.370,148.435,130.872,0.831,-1,-1,-1
2275,-1,744.879,785.199,149.196,132.091,0.912,-1,-1,-1
2276,-1,754.705,781.184,153.294,136.446,0.975,-1,-1,-1
2277,-1,763.720,781.014,160.129,140.956,0.984,-1,-1,-1
2278,-1,775.010,785.920,159.763,144.773,0.978,-1,-1,-1
2279,-1,789.841,789.350,161.243,143.585,0.993,-1,-1,-1
2280,-1,804.758,792.978,161.932,148.859,0.993,-1,-1,-1
2281,-1,812.602,793.500,169.737,153.137,0.995,-1,-1,-1
2282,-1,829.163,794.796,174.174,156.288,0.996,-1,-1,-1
2283,-1,841.045,797.180,182.769,162.365,0.997,-1,-1,-1
2284,-1,856.392,799.874,189.187,165.027,0.998,-1,-1,-1
2285,-1,870.584,803.940,199.546,172.445,0.998,-1,-1,-1
2286,-1,885.602,805.988,205.058,179.122,0.997,-1,-1,-1
2287,-1,905.563,811.416,214.486,180.161,0.998,-1,-1,-1
2288,-1,918.772,816.178,233.813,190.864,0.999,-1,-1,-1
2289,-1,940.535,821.601,240.747,205.046,0.999,-1,-1,-1
2290,-1,959.991,828.063,251.242,212.950,0.999,-1,-1,-1
2291,-1,981.573,833.197,271.667,226.146,0.999,-1,-1,-1
2292,-1,1010.697,837.135,288.963,237.977,0.999,-1,-1,-1
2293,-1,1029.397,840.452,321.512,253.976,0.999,-1,-1,-1
2294,-1,1062.739,845.788,353.498,273.897,0.999,-1,-1,-1
2295,-1,1095.645,849.484,395.802,306.056,0.999,-1,-1,-1
2296,-1,1145.506,850.803,438.819,346.279,1.000,-1,-1,-1
2297,-1,1199.305,860.235,485.921,379.070,1.000,-1,-1,-1
2298,-1,1260.229,871.118,552.245,411.865,1.000,-1,-1,-1
2299,-1,1342.394,880.477,618.423,454.752,0.999,-1,-1,-1
2300,-1,1433.156,891.753,711.784,504.057,0.999,-1,-1,-1
2301,-1,1555.821,903.828,827.067,575.934,0.996,-1,-1,-1
2302,-1,1693.238,911.720,858.128,679.534,0.970,-1,-1,-1
2303,-1,1877.526,954.809,675.262,753.794,0.561,-1,-1,-1
2363,-1,2216.799,660.004,340.882,321.050,0.834,-1,-1,-1
2364,-1,2059.343,649.486,496.046,334.915,0.984,-1,-1,-1
2365,-1,1926.317,632.411,627.840,339.793,0.995,-1,-1,-1
2366,-1,1621.485,651.370,522.575,271.646,0.999,-1,-1,-1
2367,-1,1550.426,656.146,478.247,254.564,1.000,-1,-1,-1
2368,-1,1485.870,661.969,433.836,240.698,1.000,-1,-1,-1
2369,-1,1436.146,670.131,389.053,218.803,1.000,-1,-1,-1
2370,-1,1396.033,676.990,346.545,205.013,1.000,-1,-1,-1
2371,-1,1349.735,680.868,325.430,197.085,1.000,-1,-1,-1
2372,-1,610.426,769.170,125.716,109.174,0.588,-1,-1,-1
2372,-1,1318.067,685.419,288.190,187.428,1.000,-1,-1,-1
2373,-1,1275.602,684.275,279.987,184.414,1.000,-1,-1,-1
2373,-1,618.198,767.513,124.982,112.934,0.637,-1,-1,-1
2374,-1,1248.498,687.546,261.007,175.834,0.999,-1,-1,-1
2374,-1,626.278,772.646,122.320,110.656,0.618,-1,-1,-1
2375,-1,1215.612,690.977,256.542,169.378,0.999,-1,-1,-1
2376,-1,1191.509,690.571,240.171,167.545,0.999,-1,-1,-1
2376,-1,633.275,772.499,120.229,111.941,0.511,-1,-1,-1
2377,-1,1162.296,690.504,235.419,166.277,0.999,-1,-1,-1
2378,-1,1138.661,693.521,227.450,160.359,0.998,-1,-1,-1
2379,-1,1121.026,694.166,214.831,155.293,0.997,-1,-1,-1
2380,-1,1103.424,693.962,207.598,153.985,0.998,-1,-1,-1
2380,-1,663.888,765.387,142.767,115.818,0.578,-1,-1,-1
2381,-1,1084.507,694.497,203.417,149.767,0.998,-1,-1,-1
2381,-1,673.106,764.830,144.520,116.876,0.668,-1,-1,-1
2382,-1,1067.515,698.061,198.117,141.832,0.997,-1,-1,-1
2382,-1,685.542,762.733,141.791,118.958,0.761,-1,-1,-1
2383,-1,1049.446,697.280,191.763,142.342,0.997,-1,-1,-1
2383,-1,689.618,761.852,147.831,123.823,0.850,-1,-1,-1
2384,-1,699.911,759.146,143.294,125.417,0.880,-1,-1,-1
2384,-1,1037.864,699.578,182.194,136.896,0.987,-1,-1,-1
2385,-1,705.890,760.496,144.262,125.739,0.808,-1,-1,-1
2385,-1,1021.088,698.035,181.316,135.952,0.988,-1,-1,-1
2386,-1,712.109,760.027,146.346,128.058,0.885,-1,-1,-1
2386,-1,1007.124,699.962,177.976,134.711,0.989,-1,-1,-1
2387,-1,716.094,761.781,152.899,133.300,0.967,-1,-1,-1
2387,-1,995.518,697.886,172.316,134.060,0.983,-1,-1,-1
2388,-1,725.009,759.767,154.156,134.856,0.971,-1,-1,-1
2388,-1,979.870,698.378,168.820,133.882,0.987,-1,-1,-1
2389,-1,734.992,762.395,157.809,136.284,0.979,-1,-1,-1
2389,-1,966.611,698.724,164.040,131.224,0.985,-1,-1,-1
2390,-1,741.250,761.546,161.820,138.996,0.988,-1,-1,-1
2390,-1,952.425,699.174,161.504,130.923,0.970,-1,-1,-1
2391,-1,751.506,761.233,162.823,137.605,0.989,-1,-1,-1
2391,-1,938.834,701.979,159.844,129.260,0.981,-1,-1,-1
2392,-1,760.115,759.776,166.022,142.160,0.989,-1,-1,-1
2392,-1,929.366,701.950,154.975,127.291,0.961,-1,-1,-1
2393,-1,769.219,760.287,168.515,145.216,0.992,-1,-1,-1
2393,-1,916.903,702.138,150.963,125.995,0.869,-1,-1,-1
2394,-1,904.923,705.387,149.675,125.780,0.628,-1,-1,-1
2394,-1,775.159,762.234,170.509,145.928,0.990,-1,-1,-1
2395,-1,788.366,766.239,167.767,144.171,0.993,-1,-1,-1
2396,-1,801.991,769.724,172.379,147.467,0.993,-1,-1,-1
2397,-1,815.125,770.710,172.207,151.189,0.993,-1,-1,-1
2398,-1,824.210,771.046,179.196,153.641,0.994,-1,-1,-1
2399,-1,836.504,771.031,182.798,158.232,0.996,-1,-1,-1
2400,-1,847.213,772.706,189.961,162.973,0.996,-1,-1,-1
2401,-1,856.613,772.059,193.114,167.199,0.997,-1,-1,-1
2402,-1,867.232,769.946,201.886,173.476,0.998,-1,-1,-1
2403,-1,799.150,721.372,134.183,112.236,0.612,-1,-1,-1
2403,-1,880.277,776.457,208.850,173.960,0.998,-1,-1,-1
2404,-1,786.418,722.825,135.365,110.900,0.822,-1,-1,-1
2404,-1,890.710,777.011,215.803,177.497,0.998,-1,-1,-1
2405,-1,774.771,723.557,138.958,111.430,0.916,-1,-1,-1
2405,-1,903.921,780.271,226.317,185.074,0.998,-1,-1,-1
2406,-1,769.419,725.061,134.785,108.826,0.831,-1,-1,-1
2406,-1,916.653,782.392,236.980,193.125,0.999,-1,-1,-1
2407,-1,760.465,724.451,134.056,108.304,0.719,-1,-1,-1
2407,-1,933.261,784.782,243.010,197.167,0.999,-1,-1,-1
2408,-1,751.383,724.316,133.202,108.427,0.722,-1,-1,-1
2408,-1,950.153,787.924,253.791,206.135,0.999,-1,-1,-1
2409,-1,966.909,791.000,264.589,213.346,0.999,-1,-1,-1
2409,-1,738.774,726.421,138.016,107.850,0.934,-1,-1,-1
2410,-1,735.338,726.526,127.605,104.530,0.670,-1,-1,-1
2410,-1,984.471,794.575,278.497,223.389,1.000,-1,-1,-1
2411,-1,1002.727,798.960,295.952,232.984,0.999,-1,-1,-1
2412,-1,1017.768,799.130,321.993,254.660,0.999,-1,-1,-1
2413,-1,1040.217,804.608,339.950,262.675,0.999,-1,-1,-1
2414,-1,1068.781,800.216,356.360,282.950,0.999,-1,-1,-1
2415,-1,1091.392,803.960,403.349,309.658,0.999,-1,-1,-1