1,-1,732.835,688.106,179.228,128.369,0.956,-1,-1,-1
1,-1,244.715,832.222,212.002,196.483,0.897,-1,-1,-1
1,-1,1178.326,671.455,416.957,213.272,0.999,-1,-1,-1
2,-1,733.368,688.310,178.579,127.989,0.947,-1,-1,-1
2,-1,246.389,833.892,209.387,193.915,0.857,-1,-1,-1
2,-1,1178.645,673.202,415.880,210.781,0.999,-1,-1,-1
3,-1,733.172,688.561,178.764,127.977,0.949,-1,-1,-1
3,-1,246.427,833.928,209.491,193.574,0.869,-1,-1,-1
3,-1,1178.629,673.217,415.901,210.877,0.999,-1,-1,-1
4,-1,733.098,688.643,178.796,127.868,0.950,-1,-1,-1
4,-1,246.123,833.722,209.548,193.734,0.867,-1,-1,-1
4,-1,1178.659,673.322,415.751,210.682,0.999,-1,-1,-1
5,-1,733.011,688.564,178.885,127.925,0.949,-1,-1,-1
5,-1,245.601,833.608,209.779,193.922,0.863,-1,-1,-1
5,-1,1178.536,673.334,415.870,210.608,0.999,-1,-1,-1
6,-1,733.035,688.476,178.617,127.986,0.949,-1,-1,-1
6,-1,245.977,833.915,209.621,193.667,0.876,-1,-1,-1
6,-1,1178.567,673.371,415.815,210.595,0.999,-1,-1,-1
7,-1,733.051,688.422,178.638,128.033,0.949,-1,-1,-1
7,-1,246.434,834.174,209.568,193.182,0.888,-1,-1,-1
7,-1,1178.710,673.356,415.588,210.628,0.999,-1,-1,-1
8,-1,732.990,688.372,178.747,128.059,0.949,-1,-1,-1
8,-1,246.417,834.016,209.542,193.202,0.886,-1,-1,-1
8,-1,1178.705,673.431,415.606,210.550,0.999,-1,-1,-1
9,-1,733.027,688.350,178.690,128.111,0.948,-1,-1,-1
9,-1,246.312,833.696,209.705,193.651,0.886,-1,-1,-1
9,-1,1178.902,673.312,415.419,210.678,0.999,-1,-1,-1
10,-1,733.219,688.378,178.348,128.101,0.948,-1,-1,-1
10,-1,246.914,833.941,209.155,193.606,0.888,-1,-1,-1
10,-1,1178.860,673.339,415.500,210.684,0.999,-1,-1,-1
11,-1,733.077,688.385,178.562,128.158,0.948,-1,-1,-1
11,-1,247.745,834.046,208.706,193.382,0.895,-1,-1,-1
11,-1,1178.898,673.396,415.397,210.581,0.999,-1,-1,-1
12,-1,733.040,688.390,178.782,128.116,0.949,-1,-1,-1
12,-1,247.696,834.363,208.774,193.165,0.895,-1,-1,-1
12,-1,1179.003,673.383,415.245,210.538,0.999,-1,-1,-1
13,-1,733.318,688.687,178.744,127.565,0.948,-1,-1,-1
13,-1,250.443,836.196,205.240,190.856,0.865,-1,-1,-1
13,-1,1178.942,673.214,415.239,210.530,0.999,-1,-1,-1
14,-1,733.259,688.673,178.760,127.576,0.947,-1,-1,-1
14,-1,249.759,835.703,205.995,191.625,0.863,-1,-1,-1
14,-1,1178.874,673.306,415.274,210.364,0.999,-1,-1,-1
15,-1,733.357,688.705,178.689,127.550,0.947,-1,-1,-1
15,-1,249.464,835.719,206.232,191.477,0.864,-1,-1,-1
15,-1,1178.781,673.392,415.479,210.307,0.999,-1,-1,-1
16,-1,733.340,688.502,178.714,127.731,0.947,-1,-1,-1
16,-1,249.203,835.524,206.170,191.927,0.864,-1,-1,-1
16,-1,1178.811,673.393,415.397,210.284,0.999,-1,-1,-1
17,-1,733.277,688.493,178.829,127.841,0.946,-1,-1,-1
17,-1,249.627,836.005,205.909,191.246,0.867,-1,-1,-1
17,-1,1178.760,673.333,415.498,210.347,0.999,-1,-1,-1
18,-1,733.270,688.482,178.907,127.857,0.946,-1,-1,-1
18,-1,249.559,836.084,205.927,191.164,0.863,-1,-1,-1
18,-1,1178.687,673.430,415.605,210.262,0.999,-1,-1,-1
19,-1,733.287,688.502,178.946,127.836,0.947,-1,-1,-1
19,-1,249.759,836.137,205.840,191.123,0.871,-1,-1,-1
19,-1,1178.706,673.471,415.592,210.179,0.999,-1,-1,-1
20,-1,733.279,688.506,178.901,127.833,0.947,-1,-1,-1
20,-1,250.104,836.486,205.419,190.647,0.870,-1,-1,-1
20,-1,1178.659,673.460,415.669,210.205,0.999,-1,-1,-1
21,-1,733.229,688.540,178.980,127.830,0.946,-1,-1,-1
21,-1,250.760,836.443,204.872,190.573,0.864,-1,-1,-1
21,-1,1178.616,673.487,415.785,210.184,0.999,-1,-1,-1
22,-1,733.266,688.489,178.908,127.887,0.947,-1,-1,-1
22,-1,250.548,836.335,205.182,191.111,0.876,-1,-1,-1
22,-1,1178.611,673.444,415.769,210.283,0.999,-1,-1,-1
23,-1,733.212,688.519,178.978,127.850,0.947,-1,-1,-1
23,-1,250.284,836.032,205.097,191.232,0.865,-1,-1,-1
23,-1,1178.605,673.474,415.795,210.264,0.999,-1,-1,-1
24,-1,733.214,688.639,178.952,127.673,0.947,-1,-1,-1
24,-1,250.720,836.257,205.035,190.915,0.875,-1,-1,-1
24,-1,1178.462,673.516,415.959,210.218,0.999,-1,-1,-1
25,-1,733.021,688.487,179.021,127.894,0.947,-1,-1,-1
25,-1,250.880,835.910,205.070,191.136,0.895,-1,-1,-1
25,-1,1178.614,673.708,415.993,210.015,0.998,-1,-1,-1
26,-1,732.918,688.500,179.174,127.951,0.947,-1,-1,-1
26,-1,250.231,835.401,205.632,191.550,0.884,-1,-1,-1
26,-1,1178.547,673.702,416.119,209.974,0.999,-1,-1,-1
27,-1,732.923,688.469,179.047,127.893,0.945,-1,-1,-1
27,-1,249.876,835.070,205.960,191.928,0.883,-1,-1,-1
27,-1,1178.524,673.602,416.142,210.049,0.998,-1,-1,-1
28,-1,732.981,688.471,179.068,127.871,0.946,-1,-1,-1
28,-1,249.966,834.841,206.038,192.401,0.877,-1,-1,-1
28,-1,1178.532,673.590,416.122,210.089,0.998,-1,-1,-1
29,-1,733.065,688.554,178.945,127.766,0.946,-1,-1,-1
29,-1,249.687,834.967,206.420,192.535,0.879,-1,-1,-1
29,-1,1178.614,673.517,416.036,210.114,0.999,-1,-1,-1
30,-1,733.114,688.592,178.805,127.675,0.946,-1,-1,-1
30,-1,249.985,835.442,206.250,192.102,0.886,-1,-1,-1
30,-1,1178.620,673.586,415.996,210.031,0.999,-1,-1,-1
31,-1,733.091,688.571,178.906,127.721,0.947,-1,-1,-1
31,-1,250.015,835.319,206.235,192.187,0.885,-1,-1,-1
31,-1,1178.542,673.610,416.086,210.046,0.999,-1,-1,-1
32,-1,733.065,688.646,178.925,127.678,0.947,-1,-1,-1
32,-1,250.269,835.829,205.824,191.340,0.889,-1,-1,-1
32,-1,1178.482,673.650,416.167,210.007,0.999,-1,-1,-1
33,-1,733.066,688.597,178.920,127.739,0.946,-1,-1,-1
33,-1,250.759,836.265,205.416,190.883,0.887,-1,-1,-1
33,-1,1178.479,673.666,416.155,209.989,0.999,-1,-1,-1
34,-1,733.074,688.608,178.886,127.720,0.946,-1,-1,-1
34,-1,250.836,836.263,205.102,190.936,0.887,-1,-1,-1
34,-1,1178.529,673.715,416.077,209.953,0.999,-1,-1,-1
35,-1,733.154,688.580,178.712,127.736,0.946,-1,-1,-1
35,-1,250.972,836.019,204.980,191.153,0.885,-1,-1,-1
35,-1,1178.612,673.686,415.889,209.936,0.999,-1,-1,-1
36,-1,733.110,688.611,178.864,127.729,0.946,-1,-1,-1
36,-1,250.786,836.070,205.161,191.132,0.892,-1,-1,-1
36,-1,1178.586,673.709,415.965,209.932,0.999,-1,-1,-1
37,-1,732.850,688.462,179.216,127.875,0.942,-1,-1,-1
37,-1,250.391,835.801,205.371,191.078,0.876,-1,-1,-1
37,-1,1178.597,673.536,415.844,210.102,0.998,-1,-1,-1
38,-1,732.894,688.571,179.170,127.781,0.942,-1,-1,-1
38,-1,249.841,835.655,206.134,191.279,0.886,-1,-1,-1
38,-1,1178.642,673.517,415.752,210.157,0.998,-1,-1,-1
39,-1,732.833,688.474,179.205,127.890,0.941,-1,-1,-1
39,-1,250.038,836.091,206.138,190.713,0.893,-1,-1,-1
39,-1,1178.552,673.516,415.954,210.200,0.999,-1,-1,-1
40,-1,732.851,688.556,179.217,127.836,0.942,-1,-1,-1
40,-1,249.561,835.656,206.554,191.212,0.887,-1,-1,-1
40,-1,1178.539,673.450,415.892,210.275,0.998,-1,-1,-1
41,-1,732.882,688.532,179.089,127.911,0.942,-1,-1,-1
41,-1,250.018,836.349,206.116,190.149,0.892,-1,-1,-1
41,-1,1178.568,673.409,415.876,210.323,0.998,-1,-1,-1
42,-1,732.810,688.491,179.192,127.950,0.942,-1,-1,-1
42,-1,249.869,836.423,206.178,190.055,0.890,-1,-1,-1
42,-1,1178.560,673.415,415.916,210.326,0.998,-1,-1,-1
43,-1,732.822,688.491,179.248,127.989,0.942,-1,-1,-1
43,-1,248.730,835.438,206.969,191.306,0.888,-1,-1,-1
43,-1,1178.462,673.419,416.127,210.342,0.998,-1,-1,-1
44,-1,732.879,688.476,179.216,127.996,0.942,-1,-1,-1
44,-1,249.184,836.303,206.564,190.353,0.898,-1,-1,-1
44,-1,1178.483,673.405,416.120,210.410,0.998,-1,-1,-1
45,-1,732.878,688.465,179.173,128.032,0.941,-1,-1,-1
45,-1,248.554,835.524,207.084,191.144,0.893,-1,-1,-1
45,-1,1178.511,673.347,416.035,210.510,0.998,-1,-1,-1
46,-1,732.868,688.504,179.154,127.993,0.942,-1,-1,-1
46,-1,248.209,835.491,207.381,191.377,0.893,-1,-1,-1
46,-1,1178.565,673.322,415.918,210.519,0.998,-1,-1,-1
47,-1,732.898,688.502,179.063,127.961,0.942,-1,-1,-1
47,-1,247.980,835.254,207.585,191.807,0.891,-1,-1,-1
47,-1,1178.607,673.292,415.782,210.518,0.998,-1,-1,-1
48,-1,732.899,688.459,179.058,128.005,0.941,-1,-1,-1
48,-1,247.282,834.840,207.966,192.184,0.881,-1,-1,-1
48,-1,1178.558,673.339,415.791,210.429,0.998,-1,-1,-1
49,-1,732.955,688.292,179.160,128.270,0.942,-1,-1,-1
49,-1,246.147,833.723,208.808,193.368,0.881,-1,-1,-1
49,-1,1178.821,673.248,415.655,210.627,0.998,-1,-1,-1
50,-1,732.892,688.325,179.269,128.261,0.943,-1,-1,-1
50,-1,245.723,834.393,209.147,192.921,0.878,-1,-1,-1
50,-1,1178.695,673.297,415.841,210.603,0.998,-1,-1,-1
51,-1,732.889,688.363,179.204,128.239,0.943,-1,-1,-1
51,-1,245.198,834.477,209.909,193.013,0.892,-1,-1,-1
51,-1,1178.685,673.388,415.855,210.533,0.998,-1,-1,-1
52,-1,732.935,688.387,179.159,128.208,0.943,-1,-1,-1
52,-1,245.874,834.853,209.379,192.662,0.894,-1,-1,-1
52,-1,1178.625,673.455,415.971,210.469,0.999,-1,-1,-1
53,-1,732.909,688.438,179.124,128.187,0.942,-1,-1,-1
53,-1,245.752,834.937,209.577,192.519,0.895,-1,-1,-1
53,-1,1178.638,673.406,415.917,210.498,0.998,-1,-1,-1
54,-1,732.943,688.396,179.025,128.208,0.942,-1,-1,-1
54,-1,245.944,835.347,209.639,192.340,0.905,-1,-1,-1
54,-1,1178.582,673.410,415.954,210.505,0.999,-1,-1,-1
55,-1,732.981,688.368,179.041,128.222,0.942,-1,-1,-1
55,-1,246.134,835.512,209.263,191.795,0.906,-1,-1,-1
55,-1,1178.569,673.411,416.024,210.488,0.998,-1,-1,-1
56,-1,732.990,688.347,179.065,128.231,0.942,-1,-1,-1
56,-1,246.710,836.176,208.709,191.129,0.909,-1,-1,-1
56,-1,1178.475,673.428,416.170,210.533,0.999,-1,-1,-1
57,-1,732.957,688.346,179.049,128.245,0.942,-1,-1,-1
57,-1,246.095,835.064,209.245,192.259,0.903,-1,-1,-1
57,-1,1178.496,673.391,416.224,210.550,0.999,-1,-1,-1
58,-1,732.971,688.298,179.158,128.279,0.943,-1,-1,-1
58,-1,246.860,835.915,208.742,191.432,0.907,-1,-1,-1
58,-1,1178.438,673.441,416.301,210.568,0.999,-1,-1,-1
59,-1,733.029,688.327,178.997,128.234,0.942,-1,-1,-1
59,-1,247.472,836.572,208.178,190.347,0.915,-1,-1,-1
59,-1,1178.406,673.387,416.297,210.624,0.998,-1,-1,-1
60,-1,733.052,688.268,179.038,128.277,0.941,-1,-1,-1
60,-1,248.015,836.986,207.741,189.846,0.919,-1,-1,-1
60,-1,1178.404,673.353,416.374,210.673,0.998,-1,-1,-1
61,-1,732.942,688.601,178.899,128.104,0.942,-1,-1,-1
61,-1,246.958,835.814,208.187,191.213,0.911,-1,-1,-1
61,-1,1178.502,673.308,416.111,210.634,0.998,-1,-1,-1
62,-1,732.868,688.370,179.316,128.357,0.945,-1,-1,-1
62,-1,246.591,835.411,208.456,191.577,0.914,-1,-1,-1
62,-1,1178.449,673.440,416.168,210.498,0.998,-1,-1,-1
63,-1,732.870,688.528,179.276,128.209,0.945,-1,-1,-1
63,-1,246.138,834.850,208.918,192.238,0.914,-1,-1,-1
63,-1,1178.432,673.420,416.182,210.535,0.998,-1,-1,-1
64,-1,732.929,688.535,179.274,128.223,0.945,-1,-1,-1
64,-1,246.665,835.347,208.429,191.393,0.919,-1,-1,-1
64,-1,1178.367,673.492,416.255,210.558,0.998,-1,-1,-1
65,-1,732.841,688.527,179.565,128.271,0.944,-1,-1,-1
65,-1,246.735,835.187,208.586,191.459,0.921,-1,-1,-1
65,-1,1178.358,673.492,416.299,210.568,0.998,-1,-1,-1
66,-1,732.871,688.491,179.511,128.302,0.944,-1,-1,-1
66,-1,246.782,835.232,208.357,191.223,0.917,-1,-1,-1
66,-1,1178.450,673.493,416.172,210.541,0.998,-1,-1,-1
67,-1,732.914,688.607,179.285,128.191,0.944,-1,-1,-1
67,-1,246.236,834.571,208.838,191.997,0.912,-1,-1,-1
67,-1,1178.503,673.526,416.104,210.503,0.998,-1,-1,-1
68,-1,732.876,688.576,179.408,128.248,0.945,-1,-1,-1
68,-1,246.264,834.748,208.597,191.784,0.910,-1,-1,-1
68,-1,1178.525,673.475,416.048,210.511,0.998,-1,-1,-1
69,-1,732.925,688.631,179.275,128.171,0.945,-1,-1,-1
69,-1,245.826,834.847,209.322,191.745,0.909,-1,-1,-1
69,-1,1178.623,673.458,415.906,210.504,0.998,-1,-1,-1
70,-1,732.932,688.644,179.272,128.135,0.945,-1,-1,-1
70,-1,245.630,835.067,209.254,191.223,0.908,-1,-1,-1
70,-1,1178.615,673.480,415.925,210.487,0.998,-1,-1,-1
71,-1,733.062,688.675,179.129,128.042,0.944,-1,-1,-1
71,-1,246.638,835.878,208.626,190.440,0.910,-1,-1,-1
71,-1,1178.626,673.566,415.881,210.332,0.998,-1,-1,-1
72,-1,733.031,688.670,179.136,128.033,0.945,-1,-1,-1
72,-1,246.071,835.538,209.006,190.912,0.912,-1,-1,-1
72,-1,1178.621,673.613,415.903,210.281,0.998,-1,-1,-1
73,-1,732.954,688.587,179.219,128.118,0.941,-1,-1,-1
73,-1,245.990,834.745,208.985,191.086,0.901,-1,-1,-1
73,-1,1178.704,673.612,415.817,210.284,0.999,-1,-1,-1
74,-1,732.878,688.616,179.211,128.080,0.941,-1,-1,-1
74,-1,244.822,833.716,210.066,192.062,0.889,-1,-1,-1
74,-1,1178.688,673.605,415.831,210.257,0.999,-1,-1,-1
75,-1,732.880,688.653,179.214,128.044,0.942,-1,-1,-1
75,-1,244.820,834.532,209.706,191.087,0.876,-1,-1,-1
75,-1,1178.631,673.654,415.912,210.177,0.999,-1,-1,-1
76,-1,734.158,687.949,177.423,128.231,0.929,-1,-1,-1
76,-1,246.808,835.258,208.455,189.860,0.910,-1,-1,-1
76,-1,1177.489,672.567,416.332,211.431,0.999,-1,-1,-1
77,-1,734.053,687.989,177.688,128.349,0.931,-1,-1,-1
77,-1,246.977,836.030,208.291,189.037,0.903,-1,-1,-1
77,-1,1177.445,672.453,416.354,211.685,0.999,-1,-1,-1
78,-1,733.786,687.652,177.865,128.619,0.931,-1,-1,-1
78,-1,247.156,835.155,208.294,189.867,0.911,-1,-1,-1
78,-1,1177.475,672.514,416.397,211.519,0.999,-1,-1,-1
79,-1,733.791,687.731,177.820,128.494,0.930,-1,-1,-1
79,-1,247.367,834.873,208.587,189.659,0.920,-1,-1,-1
79,-1,1177.254,672.639,416.838,211.398,0.999,-1,-1,-1
80,-1,733.862,687.804,177.467,128.361,0.929,-1,-1,-1
80,-1,246.970,834.410,208.895,190.325,0.924,-1,-1,-1
80,-1,1177.349,672.674,416.630,211.364,0.999,-1,-1,-1
81,-1,733.780,687.664,178.278,128.436,0.929,-1,-1,-1
81,-1,246.309,834.026,210.304,190.463,0.939,-1,-1,-1
81,-1,1177.216,672.792,416.778,211.299,0.999,-1,-1,-1
82,-1,733.630,687.538,178.459,128.491,0.928,-1,-1,-1
82,-1,246.482,833.664,210.299,190.442,0.941,-1,-1,-1
82,-1,1177.119,672.813,416.931,211.163,0.998,-1,-1,-1
83,-1,733.622,687.516,178.446,128.501,0.924,-1,-1,-1
83,-1,246.700,833.974,209.917,190.209,0.943,-1,-1,-1
83,-1,1177.084,672.928,416.948,210.988,0.998,-1,-1,-1
84,-1,733.825,687.346,178.464,128.700,0.919,-1,-1,-1
84,-1,247.461,835.135,209.515,188.564,0.955,-1,-1,-1
84,-1,1176.866,672.920,417.145,211.141,0.998,-1,-1,-1
85,-1,733.953,687.087,177.559,128.703,0.907,-1,-1,-1
85,-1,246.509,832.727,209.452,190.061,0.945,-1,-1,-1
85,-1,1176.918,672.939,417.524,211.011,0.998,-1,-1,-1
86,-1,734.032,687.028,177.424,128.813,0.901,-1,-1,-1
86,-1,246.371,834.287,209.908,188.983,0.951,-1,-1,-1
86,-1,1176.806,672.890,417.556,211.192,0.998,-1,-1,-1
87,-1,734.113,687.169,177.182,128.683,0.900,-1,-1,-1
87,-1,246.867,834.365,209.393,188.397,0.951,-1,-1,-1
87,-1,1176.876,672.882,417.513,211.200,0.998,-1,-1,-1
88,-1,734.133,687.155,177.236,128.741,0.898,-1,-1,-1
88,-1,246.741,835.244,209.705,187.296,0.956,-1,-1,-1
88,-1,1176.823,672.873,417.608,211.292,0.998,-1,-1,-1
89,-1,734.138,687.203,177.322,128.843,0.899,-1,-1,-1
89,-1,245.743,835.477,210.593,187.416,0.960,-1,-1,-1
89,-1,1176.771,673.025,417.585,211.297,0.998,-1,-1,-1
90,-1,734.020,687.053,177.669,129.132,0.900,-1,-1,-1
90,-1,246.779,836.900,209.951,186.082,0.965,-1,-1,-1
90,-1,1176.612,673.056,417.746,211.297,0.998,-1,-1,-1
91,-1,733.970,687.096,177.835,129.150,0.902,-1,-1,-1
91,-1,247.852,837.298,209.186,185.891,0.967,-1,-1,-1
91,-1,1176.573,673.016,417.878,211.370,0.998,-1,-1,-1
92,-1,733.948,687.101,178.059,129.184,0.903,-1,-1,-1
92,-1,246.867,836.414,210.236,186.769,0.966,-1,-1,-1
92,-1,1176.575,673.049,417.870,211.355,0.998,-1,-1,-1
93,-1,734.022,687.100,177.985,129.191,0.905,-1,-1,-1
93,-1,247.196,836.592,210.014,186.436,0.970,-1,-1,-1
93,-1,1176.569,673.014,417.808,211.390,0.998,-1,-1,-1
94,-1,734.108,687.232,177.863,129.130,0.905,-1,-1,-1
94,-1,247.336,837.092,209.831,185.897,0.972,-1,-1,-1
94,-1,1176.531,673.095,417.804,211.379,0.998,-1,-1,-1
95,-1,734.082,687.406,177.830,129.020,0.908,-1,-1,-1
95,-1,248.207,837.098,209.463,185.380,0.973,-1,-1,-1
95,-1,1176.553,673.168,417.755,211.374,0.998,-1,-1,-1
96,-1,734.096,687.541,177.843,129.020,0.901,-1,-1,-1
96,-1,248.177,837.718,209.488,184.570,0.973,-1,-1,-1
96,-1,1176.538,673.203,417.797,211.453,0.998,-1,-1,-1
97,-1,734.177,687.460,177.573,129.007,0.908,-1,-1,-1
97,-1,247.939,837.754,209.918,184.329,0.973,-1,-1,-1
97,-1,1176.352,672.942,417.788,211.761,0.998,-1,-1,-1
98,-1,734.343,687.454,177.249,129.003,0.904,-1,-1,-1
98,-1,247.494,835.526,210.786,185.542,0.970,-1,-1,-1
98,-1,333.193,751.663,145.512,118.568,0.635,-1,-1,-1
98,-1,1176.559,672.891,417.573,211.877,0.998,-1,-1,-1
99,-1,733.389,687.508,177.697,129.192,0.901,-1,-1,-1
99,-1,249.990,838.119,208.801,182.101,0.967,-1,-1,-1
99,-1,338.027,752.340,148.662,118.892,0.714,-1,-1,-1
99,-1,1176.511,672.755,417.701,212.144,0.998,-1,-1,-1
100,-1,254.774,838.357,205.348,181.617,0.946,-1,-1,-1
100,-1,733.316,687.459,177.800,129.371,0.911,-1,-1,-1
100,-1,342.929,752.145,153.104,119.748,0.795,-1,-1,-1
100,-1,1176.560,672.708,417.676,212.157,0.998,-1,-1,-1
101,-1,254.467,837.728,205.655,181.884,0.950,-1,-1,-1
101,-1,732.994,687.797,177.583,129.158,0.872,-1,-1,-1
101,-1,736.829,686.934,174.498,128.333,0.588,-1,-1,-1
101,-1,346.746,751.097,157.379,121.392,0.840,-1,-1,-1
101,-1,1176.589,672.730,417.603,212.191,0.998,-1,-1,-1
102,-1,256.077,838.933,204.372,181.424,0.921,-1,-1,-1
102,-1,735.359,686.622,175.760,128.913,0.899,-1,-1,-1
102,-1,346.088,756.461,159.144,123.740,0.750,-1,-1,-1
102,-1,353.223,751.991,159.607,122.041,0.791,-1,-1,-1
102,-1,1176.534,672.725,417.615,212.208,0.998,-1,-1,-1
103,-1,256.655,838.441,204.072,182.147,0.914,-1,-1,-1
103,-1,735.411,686.602,175.358,128.815,0.899,-1,-1,-1
103,-1,355.322,755.287,157.559,123.584,0.867,-1,-1,-1
103,-1,1176.484,672.700,417.665,212.308,0.998,-1,-1,-1
104,-1,257.495,839.021,204.709,183.122,0.726,-1,-1,-1
104,-1,734.965,686.760,175.770,128.808,0.907,-1,-1,-1
104,-1,357.243,756.359,162.686,123.462,0.878,-1,-1,-1
104,-1,1176.582,672.818,417.501,212.180,0.998,-1,-1,-1
105,-1,250.181,831.932,206.462,188.996,0.718,-1,-1,-1
105,-1,734.669,686.763,176.057,129.086,0.914,-1,-1,-1
105,-1,361.791,756.802,163.555,125.506,0.885,-1,-1,-1
105,-1,1176.547,672.869,417.428,212.212,0.998,-1,-1,-1
106,-1,251.180,832.558,205.782,188.444,0.757,-1,-1,-1
106,-1,734.422,686.572,176.380,129.277,0.918,-1,-1,-1
106,-1,366.686,758.304,164.127,124.739,0.880,-1,-1,-1
106,-1,1176.481,672.774,417.558,212.438,0.998,-1,-1,-1
107,-1,253.109,835.026,203.728,186.368,0.780,-1,-1,-1
107,-1,734.349,686.565,176.405,129.351,0.921,-1,-1,-1
107,-1,371.139,760.106,168.223,124.512,0.884,-1,-1,-1
107,-1,1176.557,672.776,417.490,212.476,0.998,-1,-1,-1
108,-1,254.035,837.223,203.497,184.245,0.796,-1,-1,-1
108,-1,734.374,686.661,176.290,129.319,0.922,-1,-1,-1
108,-1,377.942,762.334,170.164,126.399,0.895,-1,-1,-1
108,-1,1176.672,672.710,417.378,212.570,0.998,-1,-1,-1
109,-1,255.952,838.760,201.965,182.824,0.819,-1,-1,-1
109,-1,734.576,686.748,175.946,129.399,0.918,-1,-1,-1
109,-1,388.822,763.247,172.088,127.669,0.931,-1,-1,-1
109,-1,1176.562,672.650,417.367,212.689,0.998,-1,-1,-1
110,-1,256.245,839.505,201.049,181.575,0.819,-1,-1,-1
110,-1,734.446,686.721,176.080,129.564,0.918,-1,-1,-1
110,-1,395.808,763.768,177.704,131.557,0.948,-1,-1,-1
110,-1,1176.694,672.642,417.119,212.749,0.998,-1,-1,-1
111,-1,256.366,838.629,201.214,181.649,0.822,-1,-1,-1
111,-1,734.700,686.796,176.049,129.623,0.923,-1,-1,-1
111,-1,407.952,765.293,177.020,133.249,0.966,-1,-1,-1
111,-1,1176.775,672.573,416.968,212.811,0.998,-1,-1,-1
112,-1,255.480,836.761,202.427,183.877,0.799,-1,-1,-1
112,-1,734.740,686.705,176.123,129.742,0.916,-1,-1,-1
112,-1,412.228,766.534,184.776,134.932,0.973,-1,-1,-1
112,-1,1176.927,672.463,416.681,212.965,0.998,-1,-1,-1
113,-1,256.845,836.345,201.863,184.195,0.781,-1,-1,-1
113,-1,735.425,686.532,175.316,130.013,0.895,-1,-1,-1
113,-1,423.415,769.161,184.004,136.796,0.982,-1,-1,-1
113,-1,1176.955,672.100,416.654,213.632,0.998,-1,-1,-1
114,-1,255.862,836.687,201.480,183.933,0.697,-1,-1,-1
114,-1,735.370,686.600,175.303,129.729,0.898,-1,-1,-1
114,-1,433.910,772.494,184.472,138.245,0.984,-1,-1,-1
114,-1,1176.999,672.248,416.728,213.331,0.998,-1,-1,-1
115,-1,735.813,686.997,174.877,129.240,0.890,-1,-1,-1
115,-1,447.122,774.624,186.052,141.471,0.985,-1,-1,-1
115,-1,1176.929,672.726,416.975,212.653,0.998,-1,-1,-1
116,-1,736.559,687.025,175.014,129.354,0.878,-1,-1,-1
116,-1,457.446,777.453,190.490,141.362,0.988,-1,-1,-1
116,-1,1178.360,672.734,414.524,212.641,0.998,-1,-1,-1
117,-1,257.155,835.318,202.149,187.257,0.580,-1,-1,-1
117,-1,736.928,686.851,174.882,129.860,0.863,-1,-1,-1
117,-1,467.678,781.700,195.255,141.710,0.990,-1,-1,-1
117,-1,1178.747,672.743,414.028,212.754,0.998,-1,-1,-1
118,-1,256.320,833.845,203.991,190.006,0.674,-1,-1,-1
118,-1,737.308,686.674,174.398,129.958,0.838,-1,-1,-1
118,-1,480.753,783.298,202.444,146.886,0.992,-1,-1,-1
118,-1,1178.696,672.710,413.996,212.755,0.998,-1,-1,-1
119,-1,256.328,833.526,203.972,191.200,0.693,-1,-1,-1
119,-1,738.340,686.476,173.122,130.051,0.780,-1,-1,-1
119,-1,492.752,785.262,208.344,152.093,0.993,-1,-1,-1
119,-1,1178.760,672.609,413.924,212.984,0.998,-1,-1,-1
120,-1,255.639,833.058,204.621,191.788,0.724,-1,-1,-1
120,-1,738.501,686.310,172.826,130.138,0.777,-1,-1,-1
120,-1,506.129,785.644,214.271,156.359,0.993,-1,-1,-1
120,-1,1178.887,672.310,413.868,213.361,0.998,-1,-1,-1
121,-1,254.032,830.707,205.506,194.194,0.722,-1,-1,-1
121,-1,739.697,685.783,171.906,130.597,0.719,-1,-1,-1
121,-1,520.765,788.878,224.307,163.110,0.995,-1,-1,-1
121,-1,1179.021,672.479,414.303,212.904,0.998,-1,-1,-1
122,-1,254.377,830.611,205.322,195.203,0.684,-1,-1,-1
122,-1,738.218,685.416,172.610,130.935,0.735,-1,-1,-1
122,-1,535.875,791.731,235.027,167.320,0.997,-1,-1,-1
122,-1,1179.122,672.379,414.181,213.124,0.998,-1,-1,-1
123,-1,255.076,830.598,205.177,195.811,0.652,-1,-1,-1
123,-1,737.538,685.321,171.836,130.966,0.675,-1,-1,-1
123,-1,550.405,795.618,244.830,173.933,0.998,-1,-1,-1
123,-1,1179.410,672.292,413.844,213.372,0.998,-1,-1,-1
124,-1,253.415,829.888,206.162,196.578,0.792,-1,-1,-1
124,-1,564.943,799.359,255.235,180.211,0.998,-1,-1,-1
124,-1,736.750,685.981,172.287,130.395,0.700,-1,-1,-1
124,-1,1179.792,672.802,413.184,212.589,0.998,-1,-1,-1
125,-1,578.775,799.738,268.804,188.838,0.999,-1,-1,-1
125,-1,736.010,686.136,171.711,130.670,0.705,-1,-1,-1
125,-1,255.877,831.275,206.053,197.510,0.592,-1,-1,-1
125,-1,1180.247,673.094,412.702,212.477,0.998,-1,-1,-1
126,-1,597.272,803.529,288.292,197.944,0.999,-1,-1,-1
126,-1,734.673,685.618,173.144,130.422,0.705,-1,-1,-1
126,-1,254.406,829.919,207.283,198.644,0.622,-1,-1,-1
126,-1,1180.759,673.268,412.045,212.143,0.998,-1,-1,-1
127,-1,251.046,828.328,209.093,198.759,0.693,-1,-1,-1
127,-1,620.977,803.043,308.429,211.944,0.999,-1,-1,-1
127,-1,730.866,684.743,178.025,132.351,0.839,-1,-1,-1
127,-1,1180.923,673.620,411.982,211.955,0.998,-1,-1,-1
128,-1,250.805,827.081,210.345,199.648,0.852,-1,-1,-1
128,-1,640.285,803.753,338.893,225.818,0.999,-1,-1,-1
128,-1,729.423,685.038,179.804,132.968,0.868,-1,-1,-1
128,-1,1181.129,673.692,411.726,211.893,0.998,-1,-1,-1
129,-1,671.035,805.475,362.255,242.450,0.999,-1,-1,-1
129,-1,730.756,685.064,179.900,132.606,0.856,-1,-1,-1
129,-1,251.290,832.505,207.523,197.316,0.871,-1,-1,-1
129,-1,1181.429,673.270,411.793,212.121,0.997,-1,-1,-1
130,-1,696.578,809.356,395.317,259.972,0.999,-1,-1,-1
130,-1,732.196,686.046,179.290,131.216,0.845,-1,-1,-1
130,-1,251.392,832.580,208.118,197.174,0.866,-1,-1,-1
130,-1,1182.534,673.542,410.400,211.305,0.996,-1,-1,-1
131,-1,726.154,815.289,434.129,273.319,0.999,-1,-1,-1
131,-1,732.291,686.866,177.710,130.319,0.842,-1,-1,-1
131,-1,251.941,833.004,207.454,195.910,0.869,-1,-1,-1
131,-1,1184.652,675.044,410.588,209.013,0.996,-1,-1,-1
132,-1,733.630,687.090,176.427,130.368,0.812,-1,-1,-1
132,-1,251.955,832.531,207.649,196.104,0.870,-1,-1,-1
132,-1,762.454,813.493,471.707,297.864,0.996,-1,-1,-1
132,-1,1185.640,674.597,409.059,208.921,0.994,-1,-1,-1
133,-1,736.668,687.438,174.049,129.392,0.745,-1,-1,-1
133,-1,253.699,834.630,205.598,193.092,0.888,-1,-1,-1
133,-1,795.682,821.031,520.173,322.134,0.998,-1,-1,-1
133,-1,1180.615,671.491,411.192,211.749,0.989,-1,-1,-1
134,-1,737.261,687.521,174.024,129.149,0.733,-1,-1,-1
134,-1,252.962,834.836,205.928,192.637,0.889,-1,-1,-1
134,-1,848.576,832.506,567.179,338.790,0.997,-1,-1,-1
134,-1,1176.408,671.372,416.162,212.801,0.987,-1,-1,-1
135,-1,737.274,687.388,175.725,130.196,0.775,-1,-1,-1
135,-1,253.923,835.157,205.351,192.401,0.880,-1,-1,-1
135,-1,900.541,842.927,626.049,375.091,0.998,-1,-1,-1
135,-1,1181.232,670.746,415.294,215.337,0.980,-1,-1,-1
136,-1,737.460,687.268,175.665,130.056,0.757,-1,-1,-1
136,-1,253.836,835.095,205.519,192.502,0.873,-1,-1,-1
136,-1,961.792,854.227,685.859,409.960,0.998,-1,-1,-1
136,-1,1179.829,667.122,420.633,222.720,0.978,-1,-1,-1
137,-1,736.296,687.188,176.450,130.245,0.781,-1,-1,-1
137,-1,254.364,835.888,204.992,192.030,0.873,-1,-1,-1
137,-1,1032.411,874.405,783.574,458.260,0.997,-1,-1,-1
137,-1,1177.157,668.822,423.938,219.033,0.984,-1,-1,-1
138,-1,735.795,686.980,176.513,130.309,0.799,-1,-1,-1
138,-1,254.467,835.200,204.612,192.536,0.881,-1,-1,-1
138,-1,1129.915,891.513,892.310,516.023,0.996,-1,-1,-1
138,-1,1178.611,671.042,422.465,214.516,0.988,-1,-1,-1
139,-1,735.652,686.663,176.909,130.766,0.821,-1,-1,-1
139,-1,254.422,834.488,205.044,193.514,0.895,-1,-1,-1
139,-1,1179.383,671.159,422.035,215.730,0.995,-1,-1,-1
139,-1,1237.397,910.566,1043.111,597.256,0.993,-1,-1,-1
140,-1,735.723,686.396,176.313,131.237,0.840,-1,-1,-1
140,-1,253.884,833.453,205.120,194.977,0.898,-1,-1,-1
140,-1,1178.532,670.932,421.517,216.835,0.997,-1,-1,-1
140,-1,1387.290,923.530,1161.060,681.070,0.982,-1,-1,-1
141,-1,735.809,686.412,175.851,130.857,0.860,-1,-1,-1
141,-1,253.935,833.280,205.140,194.962,0.916,-1,-1,-1
141,-1,1176.705,669.432,419.372,217.782,0.998,-1,-1,-1
141,-1,1558.467,967.898,990.440,790.660,0.974,-1,-1,-1
142,-1,1750.400,1002.847,800.411,760.127,0.656,-1,-1,-1
142,-1,734.600,686.318,176.428,130.811,0.894,-1,-1,-1
142,-1,253.946,833.703,205.235,193.917,0.936,-1,-1,-1
142,-1,1175.049,669.967,419.486,216.506,0.999,-1,-1,-1
143,-1,2023.333,1087.677,528.335,666.208,0.618,-1,-1,-1
143,-1,734.247,687.134,176.261,129.586,0.931,-1,-1,-1
143,-1,254.550,832.989,204.365,193.562,0.918,-1,-1,-1
143,-1,1176.100,671.507,419.001,213.964,0.999,-1,-1,-1
144,-1,733.702,687.676,177.491,129.054,0.943,-1,-1,-1
144,-1,252.995,833.844,205.373,191.626,0.921,-1,-1,-1
144,-1,1176.352,673.085,419.189,211.230,0.999,-1,-1,-1
145,-1,733.823,688.290,176.547,128.282,0.948,-1,-1,-1
145,-1,249.289,835.452,205.797,190.373,0.885,-1,-1,-1
145,-1,1178.763,673.411,415.072,209.816,0.998,-1,-1,-1
146,-1,733.804,688.356,176.561,128.223,0.948,-1,-1,-1
146,-1,249.313,835.400,205.728,190.296,0.884,-1,-1,-1
146,-1,1178.693,673.521,415.110,209.627,0.998,-1,-1,-1
147,-1,733.861,688.358,176.462,128.221,0.948,-1,-1,-1
147,-1,249.380,835.551,205.603,190.192,0.883,-1,-1,-1
147,-1,1178.639,673.512,415.146,209.657,0.998,-1,-1,-1
148,-1,733.869,688.357,176.400,128.211,0.948,-1,-1,-1
148,-1,249.477,835.706,205.529,189.974,0.885,-1,-1,-1
148,-1,1178.634,673.517,415.178,209.671,0.998,-1,-1,-1
149,-1,733.818,688.364,176.456,128.199,0.948,-1,-1,-1
149,-1,249.273,835.849,205.806,189.825,0.888,-1,-1,-1
149,-1,1178.696,673.443,415.014,209.742,0.998,-1,-1,-1
150,-1,733.923,688.349,176.367,128.174,0.947,-1,-1,-1
150,-1,249.218,835.792,205.888,189.793,0.894,-1,-1,-1
150,-1,1178.769,673.430,414.881,209.747,0.998,-1,-1,-1
151,-1,733.959,688.288,176.441,128.242,0.945,-1,-1,-1
151,-1,249.508,835.986,205.494,189.535,0.889,-1,-1,-1
151,-1,1178.746,673.514,414.877,209.727,0.998,-1,-1,-1
152,-1,734.021,688.248,176.393,128.212,0.944,-1,-1,-1
152,-1,249.785,836.070,205.162,189.400,0.885,-1,-1,-1
152,-1,1178.701,673.493,414.942,209.736,0.998,-1,-1,-1
153,-1,734.105,688.294,176.340,128.133,0.944,-1,-1,-1
153,-1,249.365,835.975,205.457,189.587,0.882,-1,-1,-1
153,-1,1178.786,673.483,414.900,209.731,0.998,-1,-1,-1
154,-1,734.107,688.272,176.319,128.084,0.944,-1,-1,-1
154,-1,249.030,835.777,205.914,189.811,0.880,-1,-1,-1
154,-1,1178.801,673.491,414.775,209.702,0.998,-1,-1,-1
155,-1,734.185,688.335,176.271,127.998,0.944,-1,-1,-1
155,-1,248.951,835.811,206.024,189.748,0.880,-1,-1,-1
155,-1,1178.848,673.531,414.708,209.652,0.998,-1,-1,-1
156,-1,734.244,688.332,176.173,127.990,0.944,-1,-1,-1
156,-1,248.880,835.736,206.110,189.830,0.881,-1,-1,-1
156,-1,1178.740,673.478,414.854,209.725,0.998,-1,-1,-1
157,-1,734.078,688.221,176.682,128.213,0.947,-1,-1,-1
157,-1,247.986,834.858,207.882,191.114,0.896,-1,-1,-1
157,-1,1179.111,673.567,414.454,209.778,0.998,-1,-1,-1
158,-1,734.097,688.260,176.730,128.143,0.948,-1,-1,-1
158,-1,248.044,834.686,207.867,191.385,0.889,-1,-1,-1
158,-1,1179.068,673.592,414.568,209.721,0.998,-1,-1,-1
159,-1,734.132,688.266,176.612,128.145,0.947,-1,-1,-1
159,-1,248.168,834.805,207.838,191.200,0.892,-1,-1,-1
159,-1,1179.110,673.497,414.440,209.790,0.998,-1,-1,-1
160,-1,734.089,688.313,176.604,128.103,0.948,-1,-1,-1
160,-1,247.730,834.705,208.096,191.348,0.881,-1,-1,-1
160,-1,1179.113,673.532,414.411,209.726,0.998,-1,-1,-1
161,-1,734.089,688.268,176.661,128.139,0.948,-1,-1,-1
161,-1,247.733,834.657,208.086,191.403,0.885,-1,-1,-1
161,-1,1179.089,673.512,414.480,209.764,0.998,-1,-1,-1
162,-1,734.149,688.340,176.619,128.086,0.948,-1,-1,-1
162,-1,247.730,835.101,208.020,190.952,0.885,-1,-1,-1
162,-1,1179.080,673.599,414.460,209.646,0.998,-1,-1,-1
163,-1,734.071,688.369,176.775,128.093,0.950,-1,-1,-1
163,-1,248.016,835.789,207.724,190.151,0.896,-1,-1,-1
163,-1,1178.984,673.644,414.642,209.653,0.998,-1,-1,-1
164,-1,733.978,688.355,176.885,128.071,0.950,-1,-1,-1
164,-1,247.791,836.171,207.906,189.852,0.895,-1,-1,-1
164,-1,1178.916,673.634,414.740,209.672,0.998,-1,-1,-1
165,-1,733.992,688.387,176.761,128.090,0.951,-1,-1,-1
165,-1,247.518,835.921,208.107,190.159,0.901,-1,-1,-1
165,-1,1178.885,673.647,414.890,209.664,0.998,-1,-1,-1
166,-1,733.989,688.389,176.770,128.067,0.951,-1,-1,-1
166,-1,246.891,835.435,208.513,190.755,0.891,-1,-1,-1
166,-1,1178.886,673.629,414.867,209.707,0.998,-1,-1,-1
167,-1,734.111,688.470,176.639,127.981,0.951,-1,-1,-1
167,-1,247.295,835.702,208.072,190.405,0.891,-1,-1,-1
167,-1,1178.876,673.601,414.880,209.706,0.998,-1,-1,-1
168,-1,734.097,688.494,176.654,127.963,0.952,-1,-1,-1
168,-1,247.490,836.375,207.611,189.664,0.888,-1,-1,-1
168,-1,1178.774,673.651,414.953,209.678,0.998,-1,-1,-1
169,-1,733.955,688.397,176.607,128.002,0.951,-1,-1,-1
169,-1,245.982,835.198,208.775,191.199,0.864,-1,-1,-1
169,-1,1179.023,673.711,414.490,209.487,0.998,-1,-1,-1
170,-1,734.082,688.416,176.550,127.965,0.952,-1,-1,-1
170,-1,246.240,835.470,208.369,190.873,0.864,-1,-1,-1
170,-1,1179.012,673.741,414.511,209.474,0.998,-1,-1,-1
171,-1,734.099,688.380,176.650,128.067,0.951,-1,-1,-1
171,-1,246.747,836.241,207.908,190.074,0.869,-1,-1,-1
171,-1,1179.029,673.681,414.478,209.535,0.998,-1,-1,-1
172,-1,734.265,688.315,176.635,128.084,0.950,-1,-1,-1
172,-1,246.829,836.271,207.930,190.007,0.870,-1,-1,-1
172,-1,1179.016,673.647,414.496,209.558,0.998,-1,-1,-1
173,-1,734.299,688.275,176.578,128.111,0.950,-1,-1,-1
173,-1,246.902,836.237,208.041,190.116,0.876,-1,-1,-1
173,-1,1179.033,673.724,414.475,209.511,0.998,-1,-1,-1
174,-1,734.328,688.295,176.493,128.067,0.950,-1,-1,-1
174,-1,246.699,835.837,208.192,190.790,0.861,-1,-1,-1
174,-1,1179.067,673.726,414.404,209.412,0.998,-1,-1,-1
175,-1,734.329,688.335,176.526,128.052,0.951,-1,-1,-1
175,-1,246.362,835.849,208.358,190.611,0.864,-1,-1,-1
175,-1,1179.009,673.799,414.486,209.375,0.998,-1,-1,-1
176,-1,734.235,688.332,176.616,128.021,0.950,-1,-1,-1
176,-1,246.854,835.995,207.848,190.712,0.845,-1,-1,-1
176,-1,1178.979,673.734,414.630,209.423,0.998,-1,-1,-1
177,-1,734.836,687.132,176.040,128.786,0.912,-1,-1,-1
177,-1,247.615,833.949,208.881,192.226,0.809,-1,-1,-1
177,-1,1177.906,671.796,417.376,212.202,0.998,-1,-1,-1
178,-1,1985.652,704.594,572.507,584.040,0.862,-1,-1,-1
178,-1,734.695,687.770,175.395,127.929,0.847,-1,-1,-1
178,-1,248.454,831.575,208.825,197.446,0.695,-1,-1,-1
178,-1,1176.165,670.496,417.929,214.160,0.998,-1,-1,-1
179,-1,1777.934,679.597,781.629,632.783,0.837,-1,-1,-1
179,-1,735.065,687.459,175.754,128.382,0.853,-1,-1,-1
179,-1,247.420,831.475,209.775,197.587,0.724,-1,-1,-1
179,-1,1176.597,669.968,418.976,214.856,0.998,-1,-1,-1
180,-1,1596.719,660.614,964.475,649.267,0.963,-1,-1,-1
180,-1,735.670,687.246,175.320,128.398,0.804,-1,-1,-1
180,-1,248.475,831.635,208.432,197.807,0.616,-1,-1,-1
180,-1,1176.797,669.329,421.000,216.795,0.997,-1,-1,-1
181,-1,1455.519,677.512,1103.964,559.263,0.980,-1,-1,-1
181,-1,735.228,687.315,175.553,128.218,0.808,-1,-1,-1
181,-1,247.278,833.932,209.639,193.972,0.773,-1,-1,-1
181,-1,1179.421,671.106,417.910,214.616,0.884,-1,-1,-1
181,-1,1184.678,671.300,410.364,212.364,0.941,-1,-1,-1
182,-1,735.489,687.886,176.074,127.478,0.819,-1,-1,-1
182,-1,1186.337,669.852,369.423,208.982,0.639,-1,-1,-1
182,-1,247.612,835.566,208.464,191.353,0.750,-1,-1,-1
182,-1,1315.217,686.669,1079.861,495.169,0.993,-1,-1,-1
183,-1,735.422,687.392,176.996,127.943,0.814,-1,-1,-1
183,-1,248.243,835.526,208.400,191.554,0.738,-1,-1,-1
183,-1,1196.241,683.250,953.049,454.027,0.996,-1,-1,-1
184,-1,735.644,686.766,178.019,128.477,0.826,-1,-1,-1
184,-1,248.300,834.039,209.788,192.919,0.791,-1,-1,-1
184,-1,1121.497,667.785,826.435,430.395,0.996,-1,-1,-1
185,-1,736.428,687.115,176.523,127.779,0.794,-1,-1,-1
185,-1,248.837,834.420,208.863,192.619,0.755,-1,-1,-1
185,-1,1056.452,673.224,732.259,394.754,0.997,-1,-1,-1
186,-1,736.644,686.763,176.521,128.406,0.730,-1,-1,-1
186,-1,248.133,832.944,209.596,193.563,0.727,-1,-1,-1
186,-1,1000.054,669.121,667.268,373.725,0.996,-1,-1,-1
187,-1,736.052,687.292,175.361,128.296,0.729,-1,-1,-1
187,-1,246.913,832.733,209.864,193.553,0.789,-1,-1,-1
187,-1,952.603,673.848,613.327,349.228,0.997,-1,-1,-1
188,-1,736.958,687.410,171.614,128.394,0.654,-1,-1,-1
188,-1,245.823,833.600,211.178,192.923,0.804,-1,-1,-1
188,-1,905.293,676.023,648.114,335.228,0.995,-1,-1,-1
189,-1,863.827,679.229,504.684,309.731,0.996,-1,-1,-1
189,-1,247.158,833.393,210.065,193.121,0.807,-1,-1,-1
189,-1,1253.032,666.184,341.821,220.463,0.574,-1,-1,-1
190,-1,820.589,679.006,468.890,294.844,0.996,-1,-1,-1
190,-1,245.256,832.189,211.905,194.611,0.817,-1,-1,-1
190,-1,1222.823,669.070,372.559,215.192,0.916,-1,-1,-1
191,-1,797.042,685.557,429.354,276.110,0.997,-1,-1,-1
191,-1,245.260,831.297,212.757,194.923,0.779,-1,-1,-1
191,-1,1184.805,673.651,412.421,211.613,0.988,-1,-1,-1
192,-1,766.357,683.491,400.160,265.717,0.996,-1,-1,-1
192,-1,243.318,831.326,213.975,195.606,0.731,-1,-1,-1
192,-1,1185.744,672.535,407.849,212.285,0.991,-1,-1,-1
193,-1,738.440,686.983,372.008,253.687,0.995,-1,-1,-1
193,-1,242.441,832.070,214.365,195.215,0.687,-1,-1,-1
193,-1,1182.181,673.149,412.384,211.347,0.996,-1,-1,-1
194,-1,718.878,685.753,345.472,242.275,0.996,-1,-1,-1
194,-1,241.635,831.556,214.747,195.592,0.735,-1,-1,-1
194,-1,1180.915,673.030,413.903,211.210,0.997,-1,-1,-1
195,-1,699.737,691.085,322.320,231.457,0.997,-1,-1,-1
195,-1,241.376,830.476,215.495,196.788,0.738,-1,-1,-1
195,-1,1180.428,672.924,414.328,211.000,0.997,-1,-1,-1
196,-1,680.866,697.357,303.452,213.307,0.996,-1,-1,-1
196,-1,244.223,832.105,213.096,195.318,0.800,-1,-1,-1
196,-1,1180.008,672.813,414.270,211.146,0.998,-1,-1,-1
197,-1,661.151,699.118,290.424,202.483,0.994,-1,-1,-1
197,-1,241.767,831.266,215.087,195.306,0.791,-1,-1,-1
197,-1,1179.643,672.896,415.066,210.669,0.998,-1,-1,-1
198,-1,253.306,835.308,207.811,192.586,0.527,-1,-1,-1
198,-1,643.698,694.470,271.615,202.357,0.993,-1,-1,-1
198,-1,1178.390,673.006,416.294,211.125,0.998,-1,-1,-1
199,-1,626.098,699.333,263.379,190.107,0.990,-1,-1,-1
199,-1,1178.016,673.186,416.878,210.551,0.998,-1,-1,-1
200,-1,245.085,828.576,214.517,195.994,0.666,-1,-1,-1
200,-1,611.458,709.083,248.339,176.329,0.993,-1,-1,-1
200,-1,1178.160,673.427,416.388,210.360,0.998,-1,-1,-1
201,-1,245.761,829.048,214.125,195.262,0.723,-1,-1,-1
201,-1,593.255,705.925,241.856,172.808,0.992,-1,-1,-1
201,-1,1178.521,673.580,415.677,210.255,0.998,-1,-1,-1
202,-1,245.342,827.696,213.354,194.978,0.719,-1,-1,-1
202,-1,580.791,708.543,235.017,170.424,0.982,-1,-1,-1
202,-1,1178.684,673.450,415.673,210.296,0.998,-1,-1,-1
203,-1,244.045,827.289,212.584,195.008,0.674,-1,-1,-1
203,-1,567.802,704.234,229.190,166.251,0.990,-1,-1,-1
203,-1,1178.726,673.663,415.569,210.079,0.998,-1,-1,-1
204,-1,244.267,828.021,212.348,194.563,0.699,-1,-1,-1
204,-1,560.419,703.929,216.368,162.418,0.982,-1,-1,-1
204,-1,1178.573,673.953,415.591,209.935,0.998,-1,-1,-1
205,-1,245.334,827.271,211.941,196.099,0.686,-1,-1,-1
205,-1,738.034,686.627,176.325,133.747,0.578,-1,-1,-1
205,-1,548.794,701.750,209.467,161.219,0.983,-1,-1,-1
205,-1,1178.255,673.837,415.429,210.316,0.998,-1,-1,-1
206,-1,246.536,827.352,211.282,195.994,0.744,-1,-1,-1
206,-1,736.953,686.529,176.706,132.526,0.755,-1,-1,-1
206,-1,543.786,699.817,199.076,161.312,0.982,-1,-1,-1
206,-1,1177.988,673.770,415.629,210.512,0.998,-1,-1,-1
207,-1,245.796,826.858,212.189,195.910,0.719,-1,-1,-1
207,-1,737.154,687.073,176.582,131.116,0.784,-1,-1,-1
207,-1,533.102,704.675,200.107,153.004,0.970,-1,-1,-1
207,-1,1177.575,673.756,416.766,210.280,0.998,-1,-1,-1
208,-1,247.134,825.891,212.352,196.164,0.718,-1,-1,-1
208,-1,738.343,686.593,175.681,130.165,0.748,-1,-1,-1
208,-1,519.113,706.784,199.064,145.824,0.962,-1,-1,-1
208,-1,1176.610,672.863,418.676,211.172,0.998,-1,-1,-1
209,-1,248.863,826.787,209.826,195.627,0.712,-1,-1,-1
209,-1,738.133,686.879,175.847,129.433,0.799,-1,-1,-1
209,-1,509.455,709.281,186.285,139.044,0.953,-1,-1,-1
209,-1,1176.888,672.636,417.845,211.667,0.998,-1,-1,-1
210,-1,248.767,828.324,207.930,194.542,0.687,-1,-1,-1
210,-1,737.854,687.236,175.089,128.772,0.843,-1,-1,-1
210,-1,500.418,709.795,176.667,140.362,0.879,-1,-1,-1
210,-1,1176.393,671.880,418.245,213.008,0.999,-1,-1,-1
211,-1,248.413,827.708,207.496,194.627,0.703,-1,-1,-1
211,-1,736.193,687.201,176.481,128.963,0.893,-1,-1,-1
211,-1,494.645,709.319,174.914,138.701,0.911,-1,-1,-1
211,-1,1177.023,671.631,417.388,213.303,0.998,-1,-1,-1
212,-1,249.216,828.005,207.275,194.870,0.615,-1,-1,-1
212,-1,1973.223,845.673,584.315,538.720,0.895,-1,-1,-1
212,-1,735.315,686.869,177.289,128.976,0.866,-1,-1,-1
212,-1,483.607,709.338,175.168,136.128,0.811,-1,-1,-1
212,-1,1176.847,671.506,417.579,213.642,0.998,-1,-1,-1
213,-1,249.409,827.624,206.798,195.473,0.565,-1,-1,-1
213,-1,1884.087,823.071,671.963,504.163,0.928,-1,-1,-1
213,-1,734.440,686.646,177.905,129.124,0.860,-1,-1,-1
213,-1,473.710,707.373,174.319,137.954,0.773,-1,-1,-1
213,-1,1176.981,671.278,417.612,214.089,0.998,-1,-1,-1
214,-1,1793.691,793.954,764.512,487.880,0.971,-1,-1,-1
214,-1,735.270,686.073,176.987,129.340,0.824,-1,-1,-1
214,-1,462.430,704.970,175.154,137.830,0.572,-1,-1,-1
214,-1,1176.402,670.966,418.417,214.799,0.998,-1,-1,-1
215,-1,248.695,828.146,207.170,195.221,0.563,-1,-1,-1
215,-1,1708.197,779.385,850.043,459.128,0.990,-1,-1,-1
215,-1,734.503,686.223,177.487,129.443,0.858,-1,-1,-1
215,-1,455.543,704.552,165.751,135.771,0.761,-1,-1,-1
215,-1,1176.109,670.979,419.014,215.116,0.997,-1,-1,-1
216,-1,247.774,829.569,208.568,194.434,0.509,-1,-1,-1
216,-1,1633.726,775.806,880.875,422.789,0.996,-1,-1,-1
216,-1,735.418,686.504,177.333,129.035,0.804,-1,-1,-1
216,-1,447.401,704.061,163.461,135.528,0.669,-1,-1,-1
216,-1,1176.633,671.140,419.047,214.818,0.996,-1,-1,-1
217,-1,242.111,827.709,213.505,197.258,0.506,-1,-1,-1
217,-1,1558.531,772.049,825.819,395.269,0.997,-1,-1,-1
217,-1,733.986,686.963,178.634,129.901,0.827,-1,-1,-1
217,-1,1178.206,670.360,418.597,215.487,0.995,-1,-1,-1
218,-1,240.287,828.231,214.880,196.938,0.544,-1,-1,-1
218,-1,733.047,687.500,178.661,129.459,0.847,-1,-1,-1
218,-1,436.102,703.813,165.579,132.516,0.610,-1,-1,-1
218,-1,1182.399,673.063,413.371,211.339,0.968,-1,-1,-1
218,-1,1482.162,763.202,772.185,370.194,0.997,-1,-1,-1
219,-1,253.529,838.380,203.245,188.012,0.701,-1,-1,-1
219,-1,733.981,687.301,178.344,129.142,0.824,-1,-1,-1
219,-1,1179.258,671.563,418.351,215.655,0.971,-1,-1,-1
219,-1,1423.198,755.766,720.356,351.550,0.993,-1,-1,-1
220,-1,255.996,839.652,200.876,186.373,0.665,-1,-1,-1
220,-1,734.170,688.039,176.927,129.411,0.872,-1,-1,-1
220,-1,1179.999,670.709,417.862,217.878,0.917,-1,-1,-1
220,-1,1364.234,752.427,670.236,332.841,0.992,-1,-1,-1
221,-1,255.274,839.905,201.715,186.103,0.743,-1,-1,-1
221,-1,733.889,687.918,177.836,129.348,0.904,-1,-1,-1
221,-1,1179.960,670.460,416.102,214.833,0.638,-1,-1,-1
221,-1,419.668,707.552,156.087,127.930,0.578,-1,-1,-1
221,-1,1311.144,745.420,634.812,319.309,0.995,-1,-1,-1
222,-1,254.138,839.239,203.623,186.410,0.827,-1,-1,-1
222,-1,734.156,687.995,177.906,129.250,0.918,-1,-1,-1
222,-1,1266.000,732.456,597.824,311.479,0.996,-1,-1,-1
223,-1,254.547,839.196,203.717,186.012,0.816,-1,-1,-1
223,-1,734.145,687.727,178.711,129.249,0.921,-1,-1,-1
223,-1,1221.622,730.794,563.593,300.121,0.995,-1,-1,-1
224,-1,734.027,686.981,179.624,129.336,0.918,-1,-1,-1
224,-1,255.103,835.232,205.712,186.715,0.837,-1,-1,-1
224,-1,1188.376,725.256,526.581,291.040,0.998,-1,-1,-1
225,-1,734.328,686.741,179.354,129.365,0.912,-1,-1,-1
225,-1,255.916,834.139,205.670,187.076,0.810,-1,-1,-1
225,-1,1155.408,702.370,496.354,300.616,0.997,-1,-1,-1
226,-1,734.172,686.981,179.261,128.936,0.918,-1,-1,-1
226,-1,252.068,835.084,207.447,187.941,0.864,-1,-1,-1
226,-1,1118.496,696.734,473.062,295.303,0.998,-1,-1,-1
227,-1,733.855,687.460,178.639,128.622,0.890,-1,-1,-1
227,-1,249.892,838.271,209.333,186.815,0.912,-1,-1,-1
227,-1,1081.836,720.121,451.292,263.182,0.999,-1,-1,-1
228,-1,734.252,687.818,177.408,128.348,0.871,-1,-1,-1
228,-1,249.089,839.089,209.584,186.642,0.920,-1,-1,-1
228,-1,1051.484,726.586,424.992,245.885,0.999,-1,-1,-1
229,-1,733.854,687.870,177.188,128.494,0.853,-1,-1,-1
229,-1,246.812,838.884,211.469,187.993,0.906,-1,-1,-1
229,-1,1022.687,728.249,407.130,234.931,0.998,-1,-1,-1
230,-1,734.513,688.351,173.563,128.464,0.835,-1,-1,-1
230,-1,248.851,836.418,208.458,190.267,0.893,-1,-1,-1
230,-1,991.816,728.422,395.744,223.513,0.993,-1,-1,-1
231,-1,969.755,730.510,358.347,211.654,0.995,-1,-1,-1
231,-1,734.724,688.464,172.184,128.774,0.797,-1,-1,-1
231,-1,249.514,836.785,208.125,190.183,0.883,-1,-1,-1
231,-1,1231.076,673.696,364.417,209.509,0.923,-1,-1,-1
232,-1,946.282,729.544,342.443,205.198,0.994,-1,-1,-1
232,-1,734.695,688.236,171.689,129.379,0.737,-1,-1,-1
232,-1,248.903,836.694,208.770,190.854,0.868,-1,-1,-1
232,-1,1202.850,673.643,395.676,213.346,0.908,-1,-1,-1
233,-1,924.483,728.828,318.063,195.570,0.988,-1,-1,-1
233,-1,734.434,688.218,171.647,129.578,0.744,-1,-1,-1
233,-1,247.572,836.477,210.452,191.153,0.904,-1,-1,-1
233,-1,1177.405,673.543,421.441,212.779,0.842,-1,-1,-1
233,-1,959.740,671.720,628.094,239.534,0.756,-1,-1,-1
234,-1,901.304,728.739,311.041,192.006,0.995,-1,-1,-1
234,-1,734.140,687.298,169.197,129.699,0.586,-1,-1,-1
234,-1,246.763,835.773,210.853,192.182,0.912,-1,-1,-1
234,-1,1185.438,675.166,410.402,210.334,0.993,-1,-1,-1
235,-1,875.369,728.271,296.074,186.326,0.995,-1,-1,-1
235,-1,245.989,835.666,211.139,192.347,0.908,-1,-1,-1
235,-1,1185.753,675.266,409.031,209.411,0.995,-1,-1,-1
236,-1,851.764,727.206,290.084,182.729,0.996,-1,-1,-1
236,-1,245.615,835.122,211.663,192.774,0.889,-1,-1,-1
236,-1,1183.963,675.407,410.998,209.056,0.996,-1,-1,-1
237,-1,831.957,728.636,278.817,177.104,0.996,-1,-1,-1
237,-1,244.795,833.914,213.134,193.606,0.897,-1,-1,-1
237,-1,1182.487,674.041,410.193,210.399,0.996,-1,-1,-1
238,-1,817.341,728.150,262.385,173.959,0.995,-1,-1,-1
238,-1,244.730,834.086,213.401,193.865,0.887,-1,-1,-1
238,-1,1181.873,673.771,410.987,210.978,0.997,-1,-1,-1
239,-1,800.009,729.532,255.127,168.512,0.995,-1,-1,-1
239,-1,245.519,834.530,212.687,193.231,0.896,-1,-1,-1
239,-1,1180.355,673.314,412.841,211.291,0.997,-1,-1,-1
240,-1,782.995,728.747,248.313,164.003,0.994,-1,-1,-1
240,-1,243.455,833.651,213.726,193.973,0.892,-1,-1,-1
240,-1,1179.163,673.466,414.649,210.988,0.998,-1,-1,-1
241,-1,767.098,729.698,234.001,157.391,0.993,-1,-1,-1
241,-1,242.410,832.061,214.988,195.221,0.919,-1,-1,-1
241,-1,1178.815,673.045,415.721,211.391,0.998,-1,-1,-1
242,-1,741.935,715.169,237.558,166.812,0.994,-1,-1,-1
242,-1,241.467,831.777,215.094,195.844,0.892,-1,-1,-1
242,-1,1178.369,672.266,416.366,211.927,0.998,-1,-1,-1
243,-1,727.702,711.431,230.784,169.454,0.994,-1,-1,-1
243,-1,241.104,831.567,215.376,196.200,0.905,-1,-1,-1
243,-1,1178.582,672.038,415.703,212.212,0.998,-1,-1,-1
244,-1,713.200,711.766,225.119,161.623,0.994,-1,-1,-1
244,-1,239.527,831.932,216.290,195.458,0.913,-1,-1,-1
244,-1,1178.683,672.432,415.292,211.719,0.998,-1,-1,-1
245,-1,702.010,711.421,217.980,160.392,0.995,-1,-1,-1
245,-1,241.292,832.786,214.305,193.862,0.912,-1,-1,-1
245,-1,1178.577,672.574,415.161,211.496,0.998,-1,-1,-1
246,-1,237.577,828.096,220.604,197.229,0.762,-1,-1,-1
246,-1,685.644,719.320,214.548,150.100,0.995,-1,-1,-1
246,-1,1178.107,672.719,416.078,211.129,0.998,-1,-1,-1
247,-1,251.175,835.687,206.733,191.280,0.836,-1,-1,-1
247,-1,668.255,721.772,216.372,144.763,0.995,-1,-1,-1
247,-1,1178.043,672.772,416.191,210.892,0.998,-1,-1,-1
248,-1,238.513,827.213,218.337,197.036,0.836,-1,-1,-1
248,-1,662.458,724.837,196.914,139.784,0.996,-1,-1,-1
248,-1,1178.210,672.703,415.749,210.974,0.998,-1,-1,-1
249,-1,232.206,825.097,224.422,200.365,0.782,-1,-1,-1
249,-1,652.283,721.858,192.313,139.585,0.995,-1,-1,-1
249,-1,1178.335,672.816,415.490,210.807,0.998,-1,-1,-1
250,-1,253.452,835.893,205.758,190.876,0.789,-1,-1,-1
250,-1,640.333,723.133,188.153,137.097,0.993,-1,-1,-1
250,-1,1178.428,672.923,415.415,210.649,0.998,-1,-1,-1
251,-1,252.483,836.353,205.074,189.877,0.873,-1,-1,-1
251,-1,631.605,723.920,181.444,135.003,0.989,-1,-1,-1
251,-1,1178.499,673.165,415.590,210.084,0.998,-1,-1,-1
252,-1,252.389,835.813,204.920,189.953,0.777,-1,-1,-1
252,-1,615.383,719.086,184.102,136.703,0.987,-1,-1,-1
252,-1,1178.535,673.169,415.766,210.106,0.998,-1,-1,-1
253,-1,233.180,825.455,220.837,198.321,0.783,-1,-1,-1
253,-1,604.854,715.561,179.498,135.421,0.991,-1,-1,-1
253,-1,1178.096,673.223,417.154,209.756,0.998,-1,-1,-1
254,-1,236.952,826.775,216.655,196.174,0.814,-1,-1,-1
254,-1,596.714,713.605,171.242,135.938,0.987,-1,-1,-1
254,-1,1178.075,673.372,416.866,209.781,0.998,-1,-1,-1
255,-1,234.040,825.752,220.556,198.882,0.786,-1,-1,-1
255,-1,742.965,690.552,164.856,129.203,0.548,-1,-1,-1
255,-1,588.690,711.169,168.386,136.772,0.986,-1,-1,-1
255,-1,1177.993,673.180,416.954,210.134,0.998,-1,-1,-1
256,-1,252.520,834.578,204.671,191.714,0.773,-1,-1,-1
256,-1,744.088,690.415,164.242,127.747,0.651,-1,-1,-1
256,-1,581.107,713.439,167.340,132.297,0.981,-1,-1,-1
256,-1,1177.818,673.269,417.211,209.934,0.998,-1,-1,-1
257,-1,253.762,835.339,204.387,191.281,0.670,-1,-1,-1
257,-1,741.131,689.901,168.186,127.487,0.836,-1,-1,-1
257,-1,574.367,716.764,163.995,127.308,0.973,-1,-1,-1
257,-1,1177.626,673.323,417.437,210.033,0.998,-1,-1,-1
258,-1,235.246,827.420,218.445,195.898,0.750,-1,-1,-1
258,-1,738.766,689.659,169.616,127.240,0.875,-1,-1,-1
258,-1,567.432,719.322,163.041,123.947,0.962,-1,-1,-1
258,-1,1177.434,673.600,417.728,209.677,0.998,-1,-1,-1
259,-1,235.031,826.450,218.884,196.420,0.747,-1,-1,-1
259,-1,738.717,688.754,170.772,127.829,0.892,-1,-1,-1
259,-1,557.610,713.839,161.417,126.515,0.942,-1,-1,-1
259,-1,1177.429,673.650,417.714,209.440,0.998,-1,-1,-1
260,-1,240.168,826.767,214.882,195.863,0.773,-1,-1,-1
260,-1,738.033,689.084,171.942,127.929,0.935,-1,-1,-1
260,-1,548.549,715.149,153.070,124.152,0.951,-1,-1,-1
260,-1,1177.568,673.620,417.362,209.461,0.998,-1,-1,-1
261,-1,242.982,828.362,212.675,194.469,0.813,-1,-1,-1
261,-1,737.544,689.277,172.501,127.800,0.940,-1,-1,-1
261,-1,540.916,714.564,152.571,124.454,0.970,-1,-1,-1
261,-1,1177.558,673.333,417.314,209.792,0.998,-1,-1,-1
262,-1,243.970,829.177,211.585,193.853,0.826,-1,-1,-1
262,-1,737.069,689.175,172.858,127.752,0.948,-1,-1,-1
262,-1,535.135,714.626,149.649,124.778,0.970,-1,-1,-1
262,-1,1177.669,673.219,417.133,209.915,0.998,-1,-1,-1
263,-1,244.918,830.526,210.152,192.581,0.819,-1,-1,-1
263,-1,736.864,688.861,173.178,127.873,0.950,-1,-1,-1
263,-1,528.393,713.256,148.637,124.285,0.962,-1,-1,-1
263,-1,1177.727,673.265,416.945,209.817,0.998,-1,-1,-1
264,-1,244.612,830.814,210.096,192.352,0.778,-1,-1,-1
264,-1,736.807,688.683,173.206,127.901,0.952,-1,-1,-1
264,-1,517.949,713.709,149.214,123.497,0.959,-1,-1,-1
264,-1,1177.762,673.215,416.874,209.883,0.998,-1,-1,-1
265,-1,243.533,830.866,210.184,192.696,0.724,-1,-1,-1
265,-1,735.787,688.266,174.166,128.119,0.953,-1,-1,-1
265,-1,512.077,713.350,149.485,122.451,0.943,-1,-1,-1
265,-1,1177.748,673.319,416.951,209.740,0.998,-1,-1,-1
266,-1,242.291,831.296,211.448,192.603,0.734,-1,-1,-1
266,-1,735.111,688.108,174.787,128.245,0.952,-1,-1,-1
266,-1,505.787,712.464,150.424,122.569,0.934,-1,-1,-1
266,-1,1177.626,673.306,417.136,209.876,0.998,-1,-1,-1
267,-1,241.951,830.138,211.605,192.898,0.715,-1,-1,-1
267,-1,734.917,688.046,175.041,128.147,0.949,-1,-1,-1
267,-1,499.210,712.058,153.295,121.098,0.933,-1,-1,-1
267,-1,1177.649,673.434,417.128,209.744,0.998,-1,-1,-1
268,-1,240.387,832.070,213.503,191.750,0.738,-1,-1,-1
268,-1,734.690,688.024,175.031,127.896,0.948,-1,-1,-1
268,-1,494.399,713.646,152.142,118.331,0.893,-1,-1,-1
268,-1,1177.743,673.585,416.951,209.586,0.998,-1,-1,-1
269,-1,234.770,830.777,216.408,193.339,0.568,-1,-1,-1
269,-1,734.321,687.703,175.383,127.958,0.948,-1,-1,-1
269,-1,485.809,711.688,148.428,117.986,0.792,-1,-1,-1
269,-1,1177.843,673.754,416.895,209.307,0.998,-1,-1,-1
270,-1,252.556,840.679,202.760,183.733,0.823,-1,-1,-1
270,-1,735.017,687.948,177.050,127.523,0.932,-1,-1,-1
270,-1,476.297,712.712,146.365,116.637,0.699,-1,-1,-1
270,-1,1177.173,674.487,417.231,209.165,0.999,-1,-1,-1
271,-1,252.539,839.444,203.504,184.917,0.827,-1,-1,-1
271,-1,735.010,687.960,176.913,127.412,0.930,-1,-1,-1
271,-1,465.945,712.347,144.070,116.335,0.718,-1,-1,-1
271,-1,1176.990,674.449,417.536,209.202,0.998,-1,-1,-1
272,-1,252.076,838.426,204.073,185.843,0.849,-1,-1,-1
272,-1,735.466,687.905,176.599,127.312,0.922,-1,-1,-1
272,-1,458.217,713.313,140.839,115.446,0.632,-1,-1,-1
272,-1,1176.924,674.325,417.577,209.400,0.998,-1,-1,-1
273,-1,251.067,838.855,205.225,184.829,0.887,-1,-1,-1
273,-1,734.133,688.871,178.125,127.970,0.926,-1,-1,-1
273,-1,449.630,710.837,143.225,116.919,0.545,-1,-1,-1
273,-1,1177.030,674.292,417.525,209.440,0.998,-1,-1,-1
274,-1,250.350,838.039,206.600,185.886,0.898,-1,-1,-1
274,-1,734.286,688.724,177.970,127.988,0.924,-1,-1,-1
274,-1,445.945,712.328,138.708,115.829,0.571,-1,-1,-1
274,-1,1177.140,674.239,417.356,209.602,0.998,-1,-1,-1
275,-1,251.686,838.983,206.496,185.755,0.859,-1,-1,-1
275,-1,734.853,688.629,178.320,128.022,0.932,-1,-1,-1
275,-1,1176.852,674.395,417.698,209.377,0.998,-1,-1,-1
276,-1,252.333,838.475,206.441,186.810,0.675,-1,-1,-1
276,-1,734.772,688.540,178.377,128.153,0.926,-1,-1,-1
276,-1,248.151,829.849,211.146,190.272,0.780,-1,-1,-1
276,-1,1177.001,674.284,417.479,209.504,0.998,-1,-1,-1
277,-1,735.124,688.247,177.813,128.132,0.917,-1,-1,-1
277,-1,244.985,838.096,211.857,186.938,0.944,-1,-1,-1
277,-1,1177.011,674.509,416.868,209.563,0.998,-1,-1,-1
278,-1,735.086,688.214,177.737,128.176,0.913,-1,-1,-1
278,-1,244.498,837.299,211.936,187.241,0.942,-1,-1,-1
278,-1,1177.018,674.500,416.774,209.538,0.998,-1,-1,-1
279,-1,735.002,688.204,177.598,128.099,0.921,-1,-1,-1
279,-1,244.574,838.655,212.124,184.821,0.954,-1,-1,-1
279,-1,1176.938,674.530,416.850,209.687,0.998,-1,-1,-1
280,-1,735.169,688.397,177.628,128.008,0.912,-1,-1,-1
280,-1,244.200,836.746,212.309,185.656,0.952,-1,-1,-1
280,-1,1176.843,674.647,417.016,209.644,0.998,-1,-1,-1
281,-1,737.096,687.075,175.606,127.658,0.778,-1,-1,-1
281,-1,246.075,834.826,211.883,185.830,0.940,-1,-1,-1
281,-1,311.861,750.282,143.862,124.113,0.595,-1,-1,-1
281,-1,1175.812,673.249,419.213,211.389,0.998,-1,-1,-1
282,-1,2093.467,758.264,464.804,475.695,0.506,-1,-1,-1
282,-1,737.205,686.768,173.869,127.993,0.803,-1,-1,-1
282,-1,247.435,834.575,210.066,186.127,0.935,-1,-1,-1
282,-1,315.078,751.303,144.185,125.024,0.605,-1,-1,-1
282,-1,1175.484,672.340,417.988,212.732,0.998,-1,-1,-1
283,-1,1889.758,747.852,667.739,479.040,0.940,-1,-1,-1
283,-1,733.591,687.442,175.538,129.693,0.779,-1,-1,-1
283,-1,248.278,834.942,209.746,184.397,0.941,-1,-1,-1
283,-1,315.421,751.011,149.071,126.760,0.638,-1,-1,-1
283,-1,1176.053,671.009,418.640,215.177,0.998,-1,-1,-1
284,-1,1727.717,713.345,831.178,484.097,0.960,-1,-1,-1
284,-1,734.784,686.660,175.374,130.105,0.862,-1,-1,-1
284,-1,242.912,839.439,210.146,188.539,0.527,-1,-1,-1
284,-1,262.987,806.845,201.718,185.518,0.592,-1,-1,-1
284,-1,318.243,749.795,155.085,129.681,0.760,-1,-1,-1
284,-1,1176.790,670.655,418.257,215.708,0.997,-1,-1,-1
285,-1,1587.020,695.088,957.743,443.817,0.995,-1,-1,-1
285,-1,735.497,686.665,175.859,130.238,0.817,-1,-1,-1
285,-1,256.973,820.779,205.734,186.865,0.737,-1,-1,-1
285,-1,324.147,750.659,153.217,129.946,0.665,-1,-1,-1
285,-1,1177.637,670.179,420.466,216.398,0.996,-1,-1,-1
286,-1,253.836,837.879,206.745,185.148,0.687,-1,-1,-1
286,-1,1454.268,696.847,845.545,405.673,0.994,-1,-1,-1
286,-1,734.852,686.691,176.671,130.235,0.867,-1,-1,-1
286,-1,1179.537,670.468,417.870,215.912,0.989,-1,-1,-1
286,-1,330.152,753.695,155.796,127.589,0.721,-1,-1,-1
287,-1,735.965,686.352,175.255,129.181,0.839,-1,-1,-1
287,-1,322.725,761.778,163.778,130.617,0.856,-1,-1,-1
287,-1,1288.544,689.612,798.444,374.582,0.993,-1,-1,-1
288,-1,247.175,846.733,205.894,182.567,0.630,-1,-1,-1
288,-1,735.955,686.421,175.244,128.872,0.858,-1,-1,-1
288,-1,329.118,762.916,164.319,129.467,0.862,-1,-1,-1
288,-1,1230.753,684.588,691.880,352.975,0.995,-1,-1,-1
289,-1,253.674,841.365,207.342,182.776,0.512,-1,-1,-1
289,-1,735.612,685.159,177.457,129.754,0.869,-1,-1,-1
289,-1,336.945,761.556,167.710,131.328,0.848,-1,-1,-1
289,-1,1171.119,673.938,618.844,348.863,0.997,-1,-1,-1
290,-1,253.157,836.662,207.095,185.680,0.898,-1,-1,-1
290,-1,735.955,685.390,176.669,129.725,0.873,-1,-1,-1
290,-1,346.425,758.186,166.897,134.022,0.833,-1,-1,-1
290,-1,349.324,755.909,168.388,132.912,0.629,-1,-1,-1
290,-1,1118.825,679.425,556.733,327.213,0.998,-1,-1,-1
291,-1,254.132,836.254,205.745,185.289,0.914,-1,-1,-1
291,-1,735.840,685.738,175.359,129.305,0.861,-1,-1,-1
291,-1,352.565,757.126,165.600,131.600,0.904,-1,-1,-1
291,-1,1060.742,677.621,521.447,310.943,0.998,-1,-1,-1
292,-1,255.606,836.662,205.420,185.501,0.818,-1,-1,-1
292,-1,736.101,686.538,174.026,129.047,0.824,-1,-1,-1
292,-1,352.652,760.923,166.154,133.266,0.915,-1,-1,-1
292,-1,1005.366,684.883,506.386,287.687,0.997,-1,-1,-1
293,-1,248.761,832.579,210.736,190.859,0.513,-1,-1,-1
293,-1,736.105,687.240,173.435,129.174,0.782,-1,-1,-1
293,-1,355.193,762.191,166.971,137.509,0.902,-1,-1,-1
293,-1,961.191,675.760,623.166,282.042,0.997,-1,-1,-1
294,-1,922.725,688.946,403.981,257.066,0.993,-1,-1,-1
294,-1,735.371,686.491,172.538,130.293,0.661,-1,-1,-1
294,-1,362.764,765.000,173.968,137.390,0.891,-1,-1,-1
294,-1,1253.836,670.340,341.877,214.231,0.840,-1,-1,-1
295,-1,887.059,694.138,378.956,240.980,0.992,-1,-1,-1
295,-1,250.300,833.630,209.091,191.043,0.553,-1,-1,-1
295,-1,735.444,686.961,171.154,131.062,0.612,-1,-1,-1
295,-1,367.456,764.181,177.998,141.655,0.931,-1,-1,-1
295,-1,1194.676,673.158,400.581,213.745,0.956,-1,-1,-1
296,-1,851.239,696.897,355.745,231.020,0.996,-1,-1,-1
296,-1,252.250,834.873,207.870,189.320,0.615,-1,-1,-1
296,-1,378.291,765.460,178.240,141.099,0.919,-1,-1,-1
296,-1,1187.193,674.492,407.814,211.741,0.993,-1,-1,-1
297,-1,820.772,700.779,329.532,220.777,0.998,-1,-1,-1
297,-1,251.646,833.900,209.205,189.725,0.609,-1,-1,-1
297,-1,382.658,767.992,183.557,145.832,0.931,-1,-1,-1
297,-1,1184.817,674.794,410.232,210.700,0.995,-1,-1,-1
298,-1,798.281,701.920,307.005,210.699,0.996,-1,-1,-1
298,-1,252.276,833.261,209.707,190.269,0.639,-1,-1,-1
298,-1,391.576,768.263,187.189,151.812,0.952,-1,-1,-1
298,-1,1181.187,673.180,411.893,212.537,0.996,-1,-1,-1
299,-1,765.657,700.124,296.754,207.671,0.997,-1,-1,-1
299,-1,251.601,831.328,210.810,192.456,0.613,-1,-1,-1
299,-1,398.825,768.394,192.031,155.423,0.964,-1,-1,-1
299,-1,1180.441,673.004,412.370,212.717,0.997,-1,-1,-1
300,-1,744.205,695.657,280.232,203.874,0.996,-1,-1,-1
300,-1,251.121,830.984,210.155,193.092,0.582,-1,-1,-1
300,-1,407.890,770.616,196.991,157.015,0.975,-1,-1,-1
300,-1,1180.156,673.009,412.497,212.767,0.997,-1,-1,-1
301,-1,726.240,697.430,260.886,197.962,0.994,-1,-1,-1
301,-1,416.021,773.507,200.658,160.189,0.977,-1,-1,-1
301,-1,1179.916,672.369,413.485,213.219,0.997,-1,-1,-1
302,-1,708.372,694.391,248.110,195.868,0.987,-1,-1,-1
302,-1,424.284,775.072,203.457,163.662,0.972,-1,-1,-1
302,-1,1179.465,672.317,413.676,213.279,0.997,-1,-1,-1
303,-1,692.625,696.486,238.944,190.623,0.983,-1,-1,-1
303,-1,434.847,778.551,208.013,170.123,0.980,-1,-1,-1
303,-1,1178.661,672.711,414.245,212.635,0.998,-1,-1,-1
304,-1,673.268,704.336,230.417,178.764,0.969,-1,-1,-1
304,-1,446.841,782.381,212.896,169.331,0.982,-1,-1,-1
304,-1,1178.341,672.776,414.870,212.385,0.998,-1,-1,-1
305,-1,659.345,703.596,218.158,178.025,0.787,-1,-1,-1
305,-1,460.756,786.429,222.428,171.937,0.986,-1,-1,-1
305,-1,1178.768,672.938,414.318,211.847,0.998,-1,-1,-1
306,-1,475.234,788.908,228.490,177.189,0.993,-1,-1,-1
306,-1,1179.108,673.096,413.848,211.132,0.998,-1,-1,-1
307,-1,485.112,793.218,238.090,180.850,0.996,-1,-1,-1
307,-1,1179.177,672.948,413.964,211.205,0.998,-1,-1,-1
308,-1,499.939,798.024,245.454,187.876,0.996,-1,-1,-1
308,-1,1179.298,672.899,414.029,211.330,0.998,-1,-1,-1
309,-1,513.667,800.313,254.674,192.570,0.997,-1,-1,-1
309,-1,1179.496,673.081,413.756,211.006,0.998,-1,-1,-1
310,-1,525.492,805.015,268.382,195.399,0.998,-1,-1,-1
310,-1,1179.674,673.333,413.505,210.485,0.998,-1,-1,-1
311,-1,244.253,826.961,213.402,200.170,0.526,-1,-1,-1
311,-1,537.409,807.848,282.016,204.065,0.998,-1,-1,-1
311,-1,1179.445,673.583,413.914,210.476,0.998,-1,-1,-1
312,-1,246.583,827.582,211.796,200.921,0.526,-1,-1,-1
312,-1,563.326,704.599,176.662,152.294,0.814,-1,-1,-1
312,-1,554.048,808.922,295.799,212.704,0.999,-1,-1,-1
312,-1,737.201,687.688,171.569,131.611,0.549,-1,-1,-1
312,-1,1179.573,673.244,413.786,211.577,0.998,-1,-1,-1
313,-1,554.740,704.497,176.002,151.774,0.751,-1,-1,-1
313,-1,566.534,809.533,326.735,229.157,0.999,-1,-1,-1
313,-1,735.032,687.975,172.879,130.885,0.632,-1,-1,-1
313,-1,550.632,705.618,180.093,150.653,0.624,-1,-1,-1
313,-1,1179.649,673.068,414.600,212.886,0.998,-1,-1,-1
314,-1,589.364,811.520,345.441,248.058,0.999,-1,-1,-1
314,-1,734.365,687.115,174.390,130.474,0.697,-1,-1,-1
314,-1,541.370,707.099,172.655,145.854,0.877,-1,-1,-1
314,-1,1180.013,672.629,414.207,213.092,0.998,-1,-1,-1
315,-1,612.078,811.006,376.738,263.850,1.000,-1,-1,-1
315,-1,732.633,686.967,178.175,131.020,0.849,-1,-1,-1
315,-1,533.490,707.823,161.351,142.001,0.920,-1,-1,-1
315,-1,1180.298,672.672,413.741,212.908,0.998,-1,-1,-1
316,-1,635.915,815.806,412.707,276.410,1.000,-1,-1,-1
316,-1,731.568,687.827,179.559,130.941,0.893,-1,-1,-1
316,-1,520.339,709.195,160.947,136.195,0.852,-1,-1,-1
316,-1,1181.328,672.963,412.827,212.390,0.998,-1,-1,-1
317,-1,662.151,820.559,448.912,293.125,0.999,-1,-1,-1
317,-1,732.851,688.043,179.354,130.457,0.899,-1,-1,-1
317,-1,509.259,707.631,160.212,136.134,0.891,-1,-1,-1
317,-1,1183.720,674.319,411.767,209.860,0.996,-1,-1,-1
318,-1,734.032,688.474,177.887,129.977,0.868,-1,-1,-1
318,-1,504.005,707.978,159.370,132.089,0.852,-1,-1,-1
318,-1,699.742,820.738,478.444,320.835,0.998,-1,-1,-1
318,-1,1184.281,673.966,411.769,210.677,0.996,-1,-1,-1
319,-1,735.531,689.059,176.141,129.379,0.847,-1,-1,-1
319,-1,500.671,709.951,154.836,131.167,0.875,-1,-1,-1
319,-1,734.832,826.176,520.471,341.317,0.998,-1,-1,-1
319,-1,1184.287,673.251,411.313,211.311,0.995,-1,-1,-1
320,-1,736.809,689.191,173.637,128.841,0.800,-1,-1,-1
320,-1,489.730,708.419,161.064,129.938,0.891,-1,-1,-1
320,-1,772.704,835.047,567.538,363.703,0.998,-1,-1,-1
320,-1,1183.258,672.927,411.599,211.560,0.992,-1,-1,-1
321,-1,737.452,688.649,173.252,128.901,0.768,-1,-1,-1
321,-1,480.521,710.635,157.146,126.045,0.870,-1,-1,-1
321,-1,826.400,844.675,630.363,398.996,0.998,-1,-1,-1
321,-1,1182.402,673.227,412.879,211.671,0.979,-1,-1,-1
322,-1,736.885,687.888,174.011,129.026,0.788,-1,-1,-1
322,-1,466.801,706.644,154.993,127.456,0.799,-1,-1,-1
322,-1,880.050,858.751,699.656,438.103,0.998,-1,-1,-1
322,-1,1182.198,671.480,416.003,215.292,0.986,-1,-1,-1
323,-1,737.308,687.055,174.377,129.878,0.793,-1,-1,-1
323,-1,458.436,708.054,150.381,124.492,0.694,-1,-1,-1
323,-1,938.310,871.270,793.225,484.027,0.998,-1,-1,-1
323,-1,1179.980,668.961,421.515,220.100,0.986,-1,-1,-1
324,-1,736.666,686.692,175.099,130.306,0.827,-1,-1,-1
324,-1,452.858,705.638,154.835,125.352,0.716,-1,-1,-1
324,-1,1019.825,887.655,911.273,541.740,0.997,-1,-1,-1
324,-1,1179.018,669.842,422.576,217.015,0.989,-1,-1,-1
325,-1,734.128,687.665,177.041,131.292,0.843,-1,-1,-1
325,-1,447.394,705.048,151.905,125.487,0.611,-1,-1,-1
325,-1,1129.118,906.788,1061.115,623.392,0.995,-1,-1,-1
325,-1,1179.732,670.699,422.277,216.768,0.994,-1,-1,-1
326,-1,735.681,686.905,176.422,131.639,0.866,-1,-1,-1
326,-1,1181.524,670.540,420.240,217.696,0.996,-1,-1,-1
326,-1,1256.280,919.497,1286.302,699.860,0.988,-1,-1,-1
327,-1,735.291,686.912,176.054,131.352,0.890,-1,-1,-1
327,-1,1181.065,670.672,418.790,216.786,0.998,-1,-1,-1
327,-1,1425.460,953.108,1121.200,843.397,0.965,-1,-1,-1
328,-1,244.064,824.559,214.416,201.607,0.516,-1,-1,-1
328,-1,1597.232,1014.075,951.103,826.389,0.784,-1,-1,-1
328,-1,734.319,687.357,176.146,130.529,0.921,-1,-1,-1
328,-1,1177.975,669.957,417.254,216.553,0.999,-1,-1,-1
329,-1,246.142,824.186,213.646,201.084,0.575,-1,-1,-1
329,-1,1844.256,1052.330,703.542,785.243,0.749,-1,-1,-1
329,-1,734.332,686.879,177.134,130.822,0.911,-1,-1,-1
329,-1,1177.565,670.510,418.326,215.651,0.999,-1,-1,-1
330,-1,238.868,822.294,220.650,202.716,0.663,-1,-1,-1
330,-1,734.216,687.192,177.401,130.285,0.935,-1,-1,-1
330,-1,1176.531,671.703,418.298,213.515,0.999,-1,-1,-1
331,-1,246.901,833.201,209.962,193.468,0.774,-1,-1,-1
331,-1,734.221,688.214,177.340,128.816,0.945,-1,-1,-1
331,-1,1178.952,673.707,415.215,209.473,0.999,-1,-1,-1
332,-1,246.868,832.693,210.257,194.115,0.759,-1,-1,-1
332,-1,734.035,688.041,177.542,128.973,0.946,-1,-1,-1
332,-1,1178.901,673.683,415.227,209.511,0.999,-1,-1,-1
333,-1,248.674,831.345,208.929,193.589,0.838,-1,-1,-1
333,-1,733.590,688.030,177.314,128.943,0.947,-1,-1,-1
333,-1,1177.527,673.346,416.569,210.363,0.999,-1,-1,-1
334,-1,248.253,830.475,209.465,194.746,0.832,-1,-1,-1
334,-1,733.368,687.963,177.593,129.014,0.949,-1,-1,-1
334,-1,1177.420,673.391,416.752,210.244,0.999,-1,-1,-1
335,-1,733.405,687.938,177.683,128.891,0.943,-1,-1,-1
335,-1,244.868,830.283,211.526,195.078,0.869,-1,-1,-1
335,-1,1177.462,673.371,416.693,210.205,0.999,-1,-1,-1
336,-1,733.321,688.025,177.762,128.843,0.940,-1,-1,-1
336,-1,244.833,830.145,211.407,195.164,0.863,-1,-1,-1
336,-1,1177.322,673.300,416.953,210.381,0.999,-1,-1,-1
337,-1,733.037,688.136,177.530,128.531,0.929,-1,-1,-1
337,-1,246.042,831.098,210.346,194.488,0.887,-1,-1,-1
337,-1,1177.754,673.301,416.560,209.970,0.999,-1,-1,-1
338,-1,732.741,688.135,177.954,128.578,0.931,-1,-1,-1
338,-1,245.788,831.253,210.728,194.575,0.885,-1,-1,-1
338,-1,1177.560,673.295,416.829,209.993,0.999,-1,-1,-1
339,-1,732.769,688.108,177.842,128.559,0.931,-1,-1,-1
339,-1,245.869,831.030,210.754,195.072,0.878,-1,-1,-1
339,-1,1177.636,673.219,416.698,210.024,0.999,-1,-1,-1
340,-1,732.953,688.212,177.646,128.433,0.931,-1,-1,-1
340,-1,246.203,831.725,210.170,194.482,0.871,-1,-1,-1
340,-1,1177.680,673.342,416.611,209.874,0.999,-1,-1,-1
341,-1,733.154,688.462,177.394,128.169,0.931,-1,-1,-1
341,-1,246.211,832.138,209.821,194.235,0.842,-1,-1,-1
341,-1,1177.831,673.382,416.430,209.766,0.999,-1,-1,-1
342,-1,733.178,688.525,177.440,128.096,0.933,-1,-1,-1
342,-1,245.342,831.909,210.948,194.600,0.838,-1,-1,-1
342,-1,1178.081,673.329,416.093,209.763,0.999,-1,-1,-1
343,-1,733.150,688.500,177.440,128.103,0.935,-1,-1,-1
343,-1,246.005,831.741,210.433,194.818,0.830,-1,-1,-1
343,-1,1178.230,673.366,415.778,209.683,0.999,-1,-1,-1
344,-1,733.269,688.365,177.226,128.209,0.935,-1,-1,-1
344,-1,246.058,831.424,210.465,194.978,0.824,-1,-1,-1
344,-1,1178.315,673.226,415.765,209.881,0.999,-1,-1,-1
345,-1,733.208,688.445,177.235,128.100,0.934,-1,-1,-1
345,-1,245.866,831.449,210.555,195.082,0.808,-1,-1,-1
345,-1,1178.212,673.373,415.871,209.624,0.999,-1,-1,-1
346,-1,733.473,688.414,176.998,128.132,0.935,-1,-1,-1
346,-1,246.233,831.844,210.130,194.655,0.819,-1,-1,-1
346,-1,1178.373,673.339,415.716,209.621,0.999,-1,-1,-1
347,-1,733.486,688.444,176.977,128.111,0.937,-1,-1,-1
347,-1,246.165,831.992,210.248,194.673,0.827,-1,-1,-1
347,-1,1178.395,673.372,415.785,209.565,0.999,-1,-1,-1
348,-1,733.435,688.349,177.150,128.172,0.937,-1,-1,-1
348,-1,246.144,831.733,210.729,194.710,0.840,-1,-1,-1
348,-1,1178.342,673.402,415.835,209.559,0.999,-1,-1,-1
349,-1,733.184,688.182,177.475,128.043,0.939,-1,-1,-1
349,-1,246.665,832.278,210.398,194.986,0.847,-1,-1,-1
349,-1,1177.907,673.309,416.263,209.644,0.999,-1,-1,-1
350,-1,733.124,688.099,177.564,127.996,0.935,-1,-1,-1
350,-1,246.849,832.709,210.141,194.487,0.835,-1,-1,-1
350,-1,1177.794,673.454,416.453,209.505,0.999,-1,-1,-1
351,-1,732.933,688.237,177.871,127.985,0.937,-1,-1,-1
351,-1,246.735,832.849,210.107,194.334,0.828,-1,-1,-1
351,-1,1177.760,673.438,416.534,209.558,0.999,-1,-1,-1
352,-1,733.016,688.389,177.557,127.755,0.939,-1,-1,-1
352,-1,246.857,833.622,209.411,193.747,0.811,-1,-1,-1
352,-1,1177.768,673.495,416.474,209.374,0.999,-1,-1,-1
353,-1,733.209,688.332,177.283,127.797,0.940,-1,-1,-1
353,-1,247.065,833.562,208.898,194.032,0.785,-1,-1,-1
353,-1,1177.827,673.452,416.300,209.371,0.999,-1,-1,-1
354,-1,733.189,688.317,177.304,127.798,0.941,-1,-1,-1
354,-1,246.752,833.444,209.229,194.253,0.793,-1,-1,-1
354,-1,1177.953,673.463,416.179,209.317,0.999,-1,-1,-1
355,-1,733.189,688.312,177.270,127.817,0.940,-1,-1,-1
355,-1,247.171,833.619,208.985,194.209,0.779,-1,-1,-1
355,-1,1177.932,673.436,416.198,209.339,0.999,-1,-1,-1
356,-1,733.159,688.292,177.422,127.890,0.942,-1,-1,-1
356,-1,247.539,833.515,208.719,194.382,0.764,-1,-1,-1
356,-1,1177.967,673.391,416.107,209.412,0.999,-1,-1,-1
357,-1,733.148,688.330,177.370,127.835,0.942,-1,-1,-1
357,-1,247.609,833.609,208.526,194.358,0.761,-1,-1,-1
357,-1,1177.982,673.338,416.098,209.468,0.999,-1,-1,-1
358,-1,733.159,688.304,177.455,127.894,0.943,-1,-1,-1
358,-1,246.798,833.498,208.993,194.362,0.781,-1,-1,-1
358,-1,1177.938,673.299,416.174,209.580,0.999,-1,-1,-1
359,-1,733.190,688.272,177.418,127.885,0.942,-1,-1,-1
359,-1,247.053,833.422,208.766,194.218,0.764,-1,-1,-1
359,-1,1177.946,673.350,416.135,209.501,0.999,-1,-1,-1
360,-1,733.178,688.331,177.074,127.931,0.941,-1,-1,-1
360,-1,246.999,833.470,208.879,194.193,0.770,-1,-1,-1
360,-1,1178.008,673.288,416.028,209.566,0.999,-1,-1,-1
361,-1,733.305,688.420,176.548,128.157,0.935,-1,-1,-1
361,-1,248.221,834.209,207.426,193.061,0.772,-1,-1,-1
361,-1,1178.199,673.162,415.956,209.771,0.999,-1,-1,-1
362,-1,733.226,688.302,176.762,128.233,0.936,-1,-1,-1
362,-1,247.959,834.364,207.765,192.717,0.802,-1,-1,-1
362,-1,1178.080,673.272,416.214,209.681,0.999,-1,-1,-1
363,-1,733.267,688.333,176.730,128.167,0.936,-1,-1,-1
363,-1,248.306,834.899,207.279,192.178,0.792,-1,-1,-1
363,-1,1178.084,673.274,416.287,209.669,0.999,-1,-1,-1
364,-1,733.236,688.301,176.817,128.224,0.937,-1,-1,-1
364,-1,248.171,834.900,207.463,192.277,0.797,-1,-1,-1
364,-1,1178.081,673.322,416.308,209.595,0.999,-1,-1,-1
365,-1,252.130,835.000,205.080,192.202,0.771,-1,-1,-1
365,-1,733.247,688.443,176.821,128.200,0.942,-1,-1,-1
365,-1,1178.051,673.410,416.277,209.525,0.999,-1,-1,-1
366,-1,251.399,834.453,205.740,193.034,0.817,-1,-1,-1
366,-1,733.263,688.461,176.729,128.208,0.942,-1,-1,-1
366,-1,1178.227,673.403,416.067,209.547,0.999,-1,-1,-1
367,-1,251.155,834.582,205.754,193.022,0.815,-1,-1,-1
367,-1,733.243,688.459,176.688,128.187,0.942,-1,-1,-1
367,-1,1178.231,673.395,416.050,209.551,0.999,-1,-1,-1
368,-1,251.239,834.501,205.829,193.118,0.819,-1,-1,-1
368,-1,733.222,688.430,176.750,128.215,0.942,-1,-1,-1
368,-1,1178.201,673.384,416.137,209.573,0.999,-1,-1,-1
369,-1,250.542,834.126,206.455,193.384,0.807,-1,-1,-1
369,-1,733.156,688.435,176.779,128.145,0.942,-1,-1,-1
369,-1,1178.197,673.314,416.133,209.616,0.999,-1,-1,-1
370,-1,249.936,833.643,206.940,194.100,0.791,-1,-1,-1
370,-1,733.192,688.447,176.673,128.110,0.942,-1,-1,-1
370,-1,1178.276,673.343,416.020,209.571,0.999,-1,-1,-1
371,-1,250.394,833.975,206.522,193.728,0.806,-1,-1,-1
371,-1,733.208,688.409,176.731,128.137,0.942,-1,-1,-1
371,-1,1178.276,673.332,416.037,209.619,0.999,-1,-1,-1
372,-1,732.928,687.435,176.883,128.526,0.897,-1,-1,-1
372,-1,245.997,832.398,211.022,194.898,0.657,-1,-1,-1
372,-1,1176.936,672.240,418.872,210.839,0.998,-1,-1,-1
373,-1,733.422,687.291,175.496,128.895,0.888,-1,-1,-1
373,-1,247.810,833.316,208.679,194.133,0.720,-1,-1,-1
373,-1,1177.395,671.568,416.720,211.735,0.998,-1,-1,-1
374,-1,251.005,831.660,206.843,196.202,0.569,-1,-1,-1
374,-1,1938.424,781.372,618.900,480.577,0.560,-1,-1,-1
374,-1,733.675,687.576,174.661,128.920,0.897,-1,-1,-1
374,-1,1177.138,671.281,417.468,212.832,0.998,-1,-1,-1
375,-1,251.210,831.009,206.610,197.459,0.514,-1,-1,-1
375,-1,1765.710,757.701,793.407,463.951,0.932,-1,-1,-1
375,-1,734.230,686.961,173.722,129.495,0.872,-1,-1,-1
375,-1,1177.726,671.008,416.888,213.585,0.998,-1,-1,-1
376,-1,1619.893,751.638,939.225,434.061,0.979,-1,-1,-1
376,-1,734.634,687.332,173.735,129.185,0.869,-1,-1,-1
376,-1,1178.639,671.252,415.344,213.626,0.997,-1,-1,-1
377,-1,1500.831,752.063,951.591,376.226,0.996,-1,-1,-1
377,-1,734.601,687.851,174.030,128.907,0.858,-1,-1,-1
377,-1,1180.056,670.307,416.645,214.547,0.993,-1,-1,-1
378,-1,734.541,688.126,173.986,128.926,0.838,-1,-1,-1
378,-1,1185.365,669.745,408.015,215.822,0.941,-1,-1,-1
378,-1,1369.769,741.807,852.656,357.258,0.994,-1,-1,-1
379,-1,734.485,688.325,173.913,128.550,0.866,-1,-1,-1
379,-1,1270.425,738.156,765.477,328.094,0.996,-1,-1,-1
380,-1,252.076,833.666,205.704,194.610,0.551,-1,-1,-1
380,-1,734.959,688.211,173.870,128.294,0.882,-1,-1,-1
380,-1,1196.870,726.504,683.652,311.782,0.997,-1,-1,-1
381,-1,249.988,831.715,208.757,196.434,0.601,-1,-1,-1
381,-1,735.695,687.343,175.044,128.672,0.872,-1,-1,-1
381,-1,1134.369,679.450,618.228,341.212,0.996,-1,-1,-1
382,-1,249.246,831.196,209.035,196.191,0.674,-1,-1,-1
382,-1,735.451,687.289,175.045,128.486,0.887,-1,-1,-1
382,-1,1073.245,681.553,562.486,321.895,0.997,-1,-1,-1
383,-1,251.605,833.933,207.222,194.524,0.659,-1,-1,-1
383,-1,734.935,688.741,173.330,127.589,0.855,-1,-1,-1
383,-1,1029.763,709.830,513.409,279.986,0.999,-1,-1,-1
384,-1,255.151,836.032,204.375,193.144,0.627,-1,-1,-1
384,-1,734.164,688.304,173.564,128.281,0.812,-1,-1,-1
384,-1,975.516,729.777,479.240,249.139,0.999,-1,-1,-1
385,-1,252.906,835.102,204.913,194.249,0.746,-1,-1,-1
385,-1,936.604,730.283,444.453,233.221,0.997,-1,-1,-1
385,-1,735.014,688.717,173.185,128.153,0.792,-1,-1,-1
385,-1,1221.401,672.197,376.659,215.275,0.814,-1,-1,-1
386,-1,253.583,835.571,204.709,193.524,0.715,-1,-1,-1
386,-1,905.501,729.793,399.587,220.595,0.995,-1,-1,-1
386,-1,735.027,688.491,172.180,128.553,0.728,-1,-1,-1
386,-1,1197.887,673.529,399.779,213.057,0.876,-1,-1,-1
387,-1,252.772,835.528,204.783,193.418,0.752,-1,-1,-1
387,-1,874.193,729.854,367.978,207.159,0.996,-1,-1,-1
387,-1,733.973,687.933,170.280,128.652,0.558,-1,-1,-1
387,-1,1185.534,675.652,410.611,209.894,0.988,-1,-1,-1
388,-1,837.431,730.624,350.243,198.192,0.997,-1,-1,-1
388,-1,248.287,835.897,207.138,193.811,0.719,-1,-1,-1
388,-1,1188.914,676.096,406.481,208.034,0.995,-1,-1,-1
389,-1,812.953,730.948,321.675,191.948,0.996,-1,-1,-1
389,-1,246.177,834.271,210.194,195.087,0.801,-1,-1,-1
389,-1,1184.359,674.573,408.625,209.272,0.995,-1,-1,-1
390,-1,791.747,729.742,301.435,186.189,0.996,-1,-1,-1
390,-1,246.052,833.576,210.653,195.396,0.816,-1,-1,-1
390,-1,1182.889,674.127,410.968,210.087,0.997,-1,-1,-1
391,-1,768.202,728.990,284.846,180.382,0.995,-1,-1,-1
391,-1,246.360,833.148,210.572,196.407,0.793,-1,-1,-1
391,-1,1180.707,673.412,413.503,210.662,0.997,-1,-1,-1
392,-1,748.951,724.813,266.974,177.051,0.992,-1,-1,-1
392,-1,245.546,833.851,210.808,195.552,0.792,-1,-1,-1
392,-1,1179.570,673.485,415.059,210.505,0.998,-1,-1,-1
393,-1,727.417,725.455,249.314,168.391,0.992,-1,-1,-1
393,-1,245.122,833.241,211.288,195.872,0.817,-1,-1,-1
393,-1,1179.801,672.974,414.791,210.986,0.998,-1,-1,-1
394,-1,252.148,832.269,208.183,197.418,0.614,-1,-1,-1
394,-1,707.995,722.844,239.793,166.791,0.994,-1,-1,-1
394,-1,1179.587,672.681,413.976,211.280,0.998,-1,-1,-1
395,-1,253.287,834.013,206.021,195.722,0.617,-1,-1,-1
395,-1,688.530,725.677,230.591,155.631,0.995,-1,-1,-1
395,-1,1179.434,672.734,413.764,211.402,0.998,-1,-1,-1
396,-1,241.825,827.403,215.400,200.145,0.677,-1,-1,-1
396,-1,668.645,733.403,225.497,146.969,0.995,-1,-1,-1
396,-1,1178.850,672.780,414.471,211.219,0.998,-1,-1,-1
397,-1,248.519,829.866,210.670,197.809,0.703,-1,-1,-1
397,-1,653.396,730.941,217.359,142.613,0.995,-1,-1,-1
397,-1,1179.407,672.487,414.670,211.603,0.998,-1,-1,-1
398,-1,249.774,830.575,210.194,196.776,0.684,-1,-1,-1
398,-1,640.299,730.012,209.782,140.726,0.993,-1,-1,-1
398,-1,1179.181,672.123,415.628,211.889,0.998,-1,-1,-1
399,-1,249.130,828.737,210.805,197.576,0.611,-1,-1,-1
399,-1,626.299,728.596,203.114,140.267,0.984,-1,-1,-1
399,-1,1178.299,671.368,416.381,213.251,0.998,-1,-1,-1
400,-1,249.016,827.106,209.367,198.710,0.538,-1,-1,-1
400,-1,1993.888,822.848,563.807,440.165,0.746,-1,-1,-1
400,-1,609.507,726.090,198.408,139.094,0.981,-1,-1,-1
400,-1,1178.208,671.004,415.933,213.726,0.998,-1,-1,-1
401,-1,251.822,828.000,205.994,198.625,0.514,-1,-1,-1
401,-1,1789.516,787.185,769.005,440.866,0.961,-1,-1,-1
401,-1,597.443,718.140,190.616,141.579,0.979,-1,-1,-1
401,-1,1178.821,670.527,415.549,214.652,0.998,-1,-1,-1
402,-1,1620.876,771.269,919.577,399.092,0.996,-1,-1,-1
402,-1,588.365,716.944,185.388,140.297,0.979,-1,-1,-1
402,-1,1179.370,670.567,415.543,214.699,0.996,-1,-1,-1
403,-1,577.749,715.450,180.305,139.182,0.972,-1,-1,-1
403,-1,1185.356,672.792,410.532,211.769,0.982,-1,-1,-1
403,-1,1457.974,760.671,810.839,354.716,0.996,-1,-1,-1
404,-1,252.137,829.634,203.354,195.851,0.553,-1,-1,-1
404,-1,741.333,689.642,169.714,128.141,0.597,-1,-1,-1
404,-1,570.266,721.396,173.249,131.119,0.958,-1,-1,-1
404,-1,1179.906,669.385,414.379,219.032,0.879,-1,-1,-1
404,-1,1339.165,749.954,705.340,332.212,0.993,-1,-1,-1
405,-1,250.934,829.441,204.670,196.014,0.592,-1,-1,-1
405,-1,739.672,689.301,171.782,128.092,0.685,-1,-1,-1
405,-1,559.005,716.152,175.262,134.347,0.951,-1,-1,-1
405,-1,1242.224,744.952,630.389,304.736,0.997,-1,-1,-1
406,-1,249.550,827.755,206.573,197.479,0.620,-1,-1,-1
406,-1,740.761,688.163,171.763,128.391,0.754,-1,-1,-1
406,-1,551.654,710.615,174.778,137.888,0.947,-1,-1,-1
406,-1,1169.511,726.530,557.536,300.260,0.997,-1,-1,-1
407,-1,248.964,826.760,207.702,198.153,0.649,-1,-1,-1
407,-1,740.678,687.954,172.091,127.616,0.794,-1,-1,-1
407,-1,544.317,714.767,169.343,129.941,0.950,-1,-1,-1
407,-1,1101.362,707.099,502.109,297.570,0.998,-1,-1,-1
408,-1,251.668,828.494,205.420,197.483,0.697,-1,-1,-1
408,-1,739.538,689.269,171.483,126.658,0.830,-1,-1,-1
408,-1,533.023,722.611,159.681,122.057,0.965,-1,-1,-1
408,-1,1038.986,723.123,459.563,266.094,0.999,-1,-1,-1
409,-1,249.606,828.727,206.757,197.753,0.652,-1,-1,-1
409,-1,739.070,689.102,170.598,127.429,0.800,-1,-1,-1
409,-1,523.045,718.650,159.746,124.496,0.952,-1,-1,-1
409,-1,987.769,722.996,451.996,249.720,0.996,-1,-1,-1
410,-1,945.940,730.681,375.124,225.191,0.996,-1,-1,-1
410,-1,249.387,828.741,207.029,197.609,0.638,-1,-1,-1
410,-1,737.541,689.053,171.985,128.104,0.790,-1,-1,-1
410,-1,510.975,720.252,160.718,121.938,0.930,-1,-1,-1
410,-1,1221.905,671.509,372.810,215.178,0.851,-1,-1,-1
411,-1,908.273,727.374,348.048,211.530,0.988,-1,-1,-1
411,-1,249.432,829.398,207.221,197.052,0.627,-1,-1,-1
411,-1,737.372,688.965,170.695,128.602,0.753,-1,-1,-1
411,-1,503.717,720.844,157.047,121.021,0.905,-1,-1,-1
411,-1,1173.708,672.204,423.865,216.413,0.780,-1,-1,-1
411,-1,928.509,672.081,658.619,250.364,0.747,-1,-1,-1
412,-1,865.793,729.422,329.164,200.415,0.995,-1,-1,-1
412,-1,248.815,828.311,207.415,197.815,0.622,-1,-1,-1
412,-1,736.254,688.725,170.623,129.771,0.596,-1,-1,-1
412,-1,497.803,718.378,156.515,122.531,0.879,-1,-1,-1
412,-1,1185.510,674.732,408.753,211.099,0.995,-1,-1,-1
413,-1,830.965,729.689,302.661,191.552,0.997,-1,-1,-1
413,-1,248.448,827.949,207.954,198.193,0.603,-1,-1,-1
413,-1,492.959,717.863,156.295,120.790,0.882,-1,-1,-1
413,-1,1184.599,674.785,409.785,210.438,0.996,-1,-1,-1
414,-1,805.384,729.244,280.826,183.292,0.996,-1,-1,-1
414,-1,251.093,828.071,205.191,196.531,0.580,-1,-1,-1
414,-1,486.060,717.052,156.040,120.680,0.866,-1,-1,-1
414,-1,1183.403,673.480,408.596,211.867,0.997,-1,-1,-1
415,-1,776.421,731.626,267.704,175.727,0.996,-1,-1,-1
415,-1,251.729,826.948,206.312,198.545,0.537,-1,-1,-1
415,-1,473.737,716.276,154.484,119.880,0.853,-1,-1,-1
415,-1,1181.231,672.771,411.489,212.394,0.997,-1,-1,-1
416,-1,752.843,731.398,244.135,166.448,0.995,-1,-1,-1
416,-1,458.979,719.540,153.031,117.627,0.787,-1,-1,-1
416,-1,1180.888,672.698,411.906,212.169,0.998,-1,-1,-1
417,-1,250.134,825.836,207.891,199.126,0.514,-1,-1,-1
417,-1,724.355,725.569,237.471,166.559,0.994,-1,-1,-1
417,-1,451.028,716.426,148.450,120.123,0.651,-1,-1,-1
417,-1,1180.621,672.289,412.313,212.259,0.998,-1,-1,-1
418,-1,701.623,723.490,229.375,161.389,0.994,-1,-1,-1
418,-1,444.764,717.447,147.908,119.578,0.554,-1,-1,-1
418,-1,1180.156,672.308,412.588,212.130,0.998,-1,-1,-1
419,-1,256.461,834.403,202.226,191.643,0.799,-1,-1,-1
419,-1,675.881,727.629,224.348,152.353,0.996,-1,-1,-1
419,-1,1179.397,672.961,413.564,211.416,0.998,-1,-1,-1
420,-1,258.249,835.991,200.562,190.568,0.790,-1,-1,-1
420,-1,655.244,732.467,216.181,144.023,0.995,-1,-1,-1
420,-1,1179.466,672.830,413.612,211.212,0.998,-1,-1,-1
421,-1,258.788,837.732,200.091,189.245,0.755,-1,-1,-1
421,-1,643.799,733.011,205.799,139.765,0.996,-1,-1,-1
421,-1,1179.001,673.184,413.952,210.999,0.998,-1,-1,-1
422,-1,258.733,837.931,200.135,188.616,0.791,-1,-1,-1
422,-1,628.602,729.908,195.988,139.380,0.993,-1,-1,-1
422,-1,1178.770,673.265,414.426,210.911,0.998,-1,-1,-1
423,-1,256.926,837.338,201.291,188.172,0.786,-1,-1,-1
423,-1,605.464,723.639,198.037,141.596,0.989,-1,-1,-1
423,-1,1178.947,673.329,414.505,210.722,0.998,-1,-1,-1
424,-1,256.811,836.475,200.945,189.356,0.762,-1,-1,-1
424,-1,594.736,718.888,186.344,140.909,0.993,-1,-1,-1
424,-1,1179.208,673.037,414.126,211.014,0.998,-1,-1,-1
425,-1,257.288,836.907,200.412,189.398,0.793,-1,-1,-1
425,-1,739.804,689.371,169.249,131.003,0.607,-1,-1,-1
425,-1,583.118,716.587,178.057,139.937,0.989,-1,-1,-1
425,-1,1179.016,672.944,414.047,211.453,0.998,-1,-1,-1
426,-1,258.115,837.632,199.628,188.714,0.780,-1,-1,-1
426,-1,740.565,689.062,168.841,128.732,0.736,-1,-1,-1
426,-1,576.094,725.234,169.194,130.007,0.982,-1,-1,-1
426,-1,1178.917,673.016,414.323,211.383,0.998,-1,-1,-1
427,-1,257.497,838.372,199.490,187.823,0.781,-1,-1,-1
427,-1,738.000,688.677,171.236,128.899,0.795,-1,-1,-1
427,-1,567.268,725.939,164.336,127.504,0.965,-1,-1,-1
427,-1,1178.701,673.440,414.626,210.831,0.998,-1,-1,-1
428,-1,255.376,837.046,200.195,188.795,0.802,-1,-1,-1
428,-1,738.192,688.250,171.696,128.944,0.835,-1,-1,-1
428,-1,550.512,719.717,163.470,130.067,0.954,-1,-1,-1
428,-1,1178.509,673.417,414.901,210.722,0.998,-1,-1,-1
429,-1,255.990,836.463,200.600,189.199,0.765,-1,-1,-1
429,-1,737.896,688.136,172.181,128.775,0.867,-1,-1,-1
429,-1,538.370,719.655,160.620,127.336,0.965,-1,-1,-1
429,-1,1178.511,673.334,414.991,210.666,0.998,-1,-1,-1
430,-1,248.384,830.128,207.295,193.753,0.704,-1,-1,-1
430,-1,737.127,688.233,172.973,128.729,0.895,-1,-1,-1
430,-1,527.483,721.819,156.408,123.609,0.969,-1,-1,-1
430,-1,1178.577,673.136,414.835,210.931,0.998,-1,-1,-1
431,-1,243.184,829.018,211.330,196.310,0.596,-1,-1,-1
431,-1,736.265,688.072,174.139,128.892,0.909,-1,-1,-1
431,-1,514.721,720.956,156.077,123.579,0.952,-1,-1,-1
431,-1,1178.552,673.117,414.824,210.942,0.998,-1,-1,-1
432,-1,245.839,829.824,209.630,195.042,0.661,-1,-1,-1
432,-1,735.001,687.800,175.413,128.774,0.924,-1,-1,-1
432,-1,504.510,719.946,155.501,123.206,0.939,-1,-1,-1
432,-1,1178.587,673.109,414.857,210.944,0.998,-1,-1,-1
433,-1,247.016,831.026,207.506,193.479,0.615,-1,-1,-1
433,-1,734.949,687.946,175.323,128.421,0.927,-1,-1,-1
433,-1,498.544,719.553,155.803,123.501,0.925,-1,-1,-1
433,-1,1178.545,673.187,414.960,210.839,0.998,-1,-1,-1
434,-1,247.305,830.914,207.292,193.686,0.594,-1,-1,-1
434,-1,734.887,688.048,175.079,128.104,0.929,-1,-1,-1
434,-1,493.601,720.396,155.261,121.003,0.914,-1,-1,-1
434,-1,1178.648,673.185,414.763,210.815,0.998,-1,-1,-1
435,-1,248.675,830.831,206.898,193.136,0.648,-1,-1,-1
435,-1,734.520,687.892,175.619,128.044,0.932,-1,-1,-1
435,-1,484.602,722.310,155.377,117.538,0.897,-1,-1,-1
435,-1,1178.740,673.323,414.630,210.636,0.998,-1,-1,-1
436,-1,249.292,830.754,207.027,193.178,0.614,-1,-1,-1
436,-1,734.077,687.687,175.823,128.014,0.932,-1,-1,-1
436,-1,470.000,724.080,149.563,115.596,0.868,-1,-1,-1
436,-1,1178.743,673.407,414.669,210.549,0.998,-1,-1,-1
437,-1,249.238,830.485,207.211,193.055,0.612,-1,-1,-1
437,-1,733.561,687.341,176.286,128.245,0.933,-1,-1,-1
437,-1,462.583,723.814,147.641,114.931,0.817,-1,-1,-1
437,-1,1178.681,673.515,414.761,210.343,0.998,-1,-1,-1
438,-1,249.454,830.554,207.771,192.919,0.609,-1,-1,-1
438,-1,733.293,687.085,176.623,128.409,0.934,-1,-1,-1
438,-1,451.859,722.291,148.107,115.107,0.795,-1,-1,-1
438,-1,1178.612,673.528,414.926,210.309,0.998,-1,-1,-1
439,-1,256.961,837.358,201.737,188.041,0.763,-1,-1,-1
439,-1,733.407,686.921,176.503,128.518,0.929,-1,-1,-1
439,-1,445.739,720.213,144.691,115.506,0.696,-1,-1,-1
439,-1,1178.635,673.564,414.914,210.216,0.998,-1,-1,-1
440,-1,255.006,837.654,203.399,186.999,0.828,-1,-1,-1
440,-1,732.722,687.469,177.819,129.033,0.932,-1,-1,-1
440,-1,1178.689,673.641,414.910,210.098,0.998,-1,-1,-1
441,-1,254.274,837.406,204.368,187.070,0.818,-1,-1,-1
441,-1,733.127,687.499,177.843,129.086,0.922,-1,-1,-1
441,-1,1178.594,673.666,415.110,210.081,0.998,-1,-1,-1
442,-1,254.724,837.210,204.299,186.876,0.823,-1,-1,-1
442,-1,733.191,687.394,177.642,129.217,0.927,-1,-1,-1
442,-1,1178.506,673.547,415.239,210.303,0.998,-1,-1,-1
443,-1,254.707,836.417,204.953,187.495,0.823,-1,-1,-1
443,-1,733.392,687.531,177.716,129.061,0.919,-1,-1,-1
443,-1,1178.396,673.600,415.412,210.227,0.998,-1,-1,-1
444,-1,254.279,836.275,205.558,187.649,0.838,-1,-1,-1
444,-1,733.450,687.633,177.473,128.951,0.921,-1,-1,-1
444,-1,1178.348,673.645,415.435,210.046,0.999,-1,-1,-1
445,-1,254.591,836.658,205.006,188.025,0.856,-1,-1,-1
445,-1,733.595,687.802,176.941,128.835,0.929,-1,-1,-1
445,-1,1178.210,673.653,415.485,209.949,0.999,-1,-1,-1
446,-1,733.522,687.606,177.091,128.896,0.922,-1,-1,-1
446,-1,249.362,836.926,208.188,188.472,0.895,-1,-1,-1
446,-1,1178.073,673.605,415.802,210.033,0.999,-1,-1,-1
447,-1,733.319,687.657,177.231,128.763,0.922,-1,-1,-1
447,-1,248.989,837.241,208.385,188.313,0.901,-1,-1,-1
447,-1,1178.055,673.681,415.815,209.863,0.999,-1,-1,-1
448,-1,733.370,687.598,177.187,128.758,0.922,-1,-1,-1
448,-1,249.025,837.003,208.642,188.475,0.907,-1,-1,-1
448,-1,1178.085,673.664,415.769,209.916,0.999,-1,-1,-1
449,-1,733.444,687.652,176.978,128.671,0.920,-1,-1,-1
449,-1,248.754,837.184,208.872,188.484,0.915,-1,-1,-1
449,-1,1178.139,673.699,415.680,209.864,0.999,-1,-1,-1
450,-1,733.521,687.623,176.810,128.626,0.920,-1,-1,-1
450,-1,248.565,836.526,209.036,188.922,0.918,-1,-1,-1
450,-1,1178.097,673.799,415.732,209.714,0.999,-1,-1,-1
451,-1,733.433,687.696,176.822,128.565,0.919,-1,-1,-1
451,-1,248.377,836.620,209.306,188.603,0.922,-1,-1,-1
451,-1,1177.962,673.863,415.991,209.732,0.999,-1,-1,-1
452,-1,733.404,687.760,176.791,128.500,0.919,-1,-1,-1
452,-1,248.508,836.762,208.945,188.796,0.918,-1,-1,-1
452,-1,1177.995,673.909,415.820,209.666,0.999,-1,-1,-1
453,-1,733.436,687.919,176.653,128.299,0.920,-1,-1,-1
453,-1,248.312,837.086,208.599,188.564,0.907,-1,-1,-1
453,-1,1178.156,673.857,415.598,209.590,0.999,-1,-1,-1
454,-1,733.429,688.016,176.539,128.178,0.922,-1,-1,-1
454,-1,248.449,837.406,208.360,188.569,0.903,-1,-1,-1
454,-1,1178.315,673.846,415.389,209.621,0.999,-1,-1,-1
455,-1,733.401,687.990,176.604,128.158,0.921,-1,-1,-1
455,-1,248.947,838.025,207.910,188.102,0.901,-1,-1,-1
455,-1,1178.310,673.816,415.368,209.572,0.999,-1,-1,-1
456,-1,733.409,687.917,176.694,128.206,0.920,-1,-1,-1
456,-1,249.065,837.761,208.120,188.312,0.903,-1,-1,-1
456,-1,1178.287,673.753,415.416,209.657,0.999,-1,-1,-1
457,-1,733.138,687.709,176.798,128.373,0.922,-1,-1,-1
457,-1,249.113,837.873,207.909,188.600,0.907,-1,-1,-1
457,-1,1178.368,673.740,415.262,209.679,0.999,-1,-1,-1
458,-1,733.127,687.706,176.769,128.319,0.922,-1,-1,-1
458,-1,248.933,837.940,207.795,188.471,0.895,-1,-1,-1
458,-1,1178.353,673.734,415.265,209.634,0.999,-1,-1,-1
459,-1,733.118,687.718,176.805,128.310,0.921,-1,-1,-1
459,-1,249.066,838.186,207.730,188.148,0.891,-1,-1,-1
459,-1,1178.273,673.812,415.525,209.610,0.999,-1,-1,-1
460,-1,733.083,687.663,176.888,128.337,0.919,-1,-1,-1
460,-1,248.898,837.916,207.964,188.315,0.886,-1,-1,-1
460,-1,1178.184,673.899,415.661,209.508,0.999,-1,-1,-1
461,-1,733.079,687.741,176.788,128.250,0.919,-1,-1,-1
461,-1,249.128,837.555,207.551,188.877,0.860,-1,-1,-1
461,-1,1178.242,673.917,415.568,209.427,0.999,-1,-1,-1
462,-1,733.011,687.782,176.809,128.190,0.921,-1,-1,-1
462,-1,249.253,837.648,207.106,188.988,0.839,-1,-1,-1
462,-1,1178.234,673.843,415.575,209.422,0.999,-1,-1,-1
463,-1,732.964,687.838,176.881,128.142,0.922,-1,-1,-1
463,-1,249.094,837.906,207.221,188.796,0.833,-1,-1,-1
463,-1,1178.224,673.901,415.594,209.353,0.999,-1,-1,-1
464,-1,732.981,687.850,176.780,128.081,0.923,-1,-1,-1
464,-1,249.212,838.129,206.921,188.736,0.818,-1,-1,-1
464,-1,1178.250,673.799,415.556,209.376,0.999,-1,-1,-1
465,-1,732.972,687.872,176.787,128.064,0.925,-1,-1,-1
465,-1,249.207,838.370,206.793,188.692,0.812,-1,-1,-1
465,-1,1178.287,673.806,415.483,209.349,0.999,-1,-1,-1
466,-1,732.946,687.992,176.681,127.976,0.928,-1,-1,-1
466,-1,248.998,838.798,206.497,188.436,0.801,-1,-1,-1
466,-1,1178.409,673.827,415.273,209.250,0.999,-1,-1,-1
467,-1,732.975,687.958,176.661,127.972,0.925,-1,-1,-1
467,-1,248.513,838.584,207.213,188.674,0.814,-1,-1,-1
467,-1,1178.281,673.822,415.441,209.212,0.999,-1,-1,-1
468,-1,733.051,687.964,176.559,127.948,0.925,-1,-1,-1
468,-1,248.259,838.370,207.377,188.821,0.820,-1,-1,-1
468,-1,1178.353,673.817,415.317,209.253,0.999,-1,-1,-1
469,-1,733.008,688.136,176.568,127.869,0.930,-1,-1,-1
469,-1,248.729,839.273,206.096,187.804,0.812,-1,-1,-1
469,-1,1178.570,673.792,414.897,209.208,0.999,-1,-1,-1
470,-1,733.038,688.230,176.409,127.731,0.929,-1,-1,-1
470,-1,248.226,838.909,206.409,188.307,0.809,-1,-1,-1
470,-1,1178.561,673.872,414.892,209.126,0.999,-1,-1,-1
471,-1,733.092,688.266,176.393,127.723,0.931,-1,-1,-1
471,-1,248.069,839.372,206.537,187.723,0.817,-1,-1,-1
471,-1,1178.465,673.881,415.073,209.113,0.999,-1,-1,-1
472,-1,733.100,688.271,176.366,127.752,0.932,-1,-1,-1
472,-1,248.147,839.395,206.264,187.735,0.810,-1,-1,-1
472,-1,1178.448,673.912,415.140,209.131,0.999,-1,-1,-1
473,-1,733.062,688.258,176.489,127.784,0.932,-1,-1,-1
473,-1,247.615,839.190,206.832,187.902,0.812,-1,-1,-1
473,-1,1178.380,673.879,415.269,209.214,0.999,-1,-1,-1