1,-1,1646.041,170.523,273.430,319.938,0.517,-1,-1,-1
1,-1,390.092,99.938,226.846,185.473,0.969,-1,-1,-1
1,-1,1053.995,273.914,615.445,484.514,0.998,-1,-1,-1
2,-1,384.424,100.432,230.470,185.612,0.982,-1,-1,-1
2,-1,1076.979,283.677,621.804,491.795,0.997,-1,-1,-1
3,-1,380.001,102.791,228.754,186.548,0.985,-1,-1,-1
3,-1,1093.124,290.664,628.002,499.492,0.997,-1,-1,-1
4,-1,373.893,102.452,229.450,187.539,0.987,-1,-1,-1
4,-1,1118.633,294.993,632.074,506.204,0.998,-1,-1,-1
5,-1,370.193,103.648,229.160,189.375,0.993,-1,-1,-1
5,-1,1138.685,304.251,636.728,517.021,0.996,-1,-1,-1
6,-1,370.267,103.478,229.082,189.495,0.993,-1,-1,-1
6,-1,1138.749,304.202,636.599,517.170,0.996,-1,-1,-1
7,-1,364.636,104.708,232.971,190.541,0.991,-1,-1,-1
7,-1,1161.749,315.827,649.629,522.469,0.996,-1,-1,-1
8,-1,356.279,104.507,236.654,191.889,0.990,-1,-1,-1
8,-1,1183.884,321.191,653.299,533.995,0.994,-1,-1,-1
9,-1,351.357,104.027,239.898,192.845,0.991,-1,-1,-1
9,-1,1204.025,328.023,665.372,546.476,0.992,-1,-1,-1
10,-1,1233.610,336.758,667.694,545.514,0.992,-1,-1,-1
10,-1,348.193,107.415,237.303,192.517,0.990,-1,-1,-1
10,-1,1516.522,137.115,376.002,292.396,0.598,-1,-1,-1
11,-1,1253.156,346.529,662.844,551.018,0.946,-1,-1,-1
11,-1,343.456,108.712,239.510,193.277,0.994,-1,-1,-1
11,-1,1504.320,145.452,366.780,276.575,0.740,-1,-1,-1
12,-1,1271.608,360.022,645.185,545.658,0.988,-1,-1,-1
12,-1,338.155,108.244,239.093,194.838,0.995,-1,-1,-1
12,-1,1494.565,141.428,354.722,274.264,0.870,-1,-1,-1
13,-1,1287.957,369.446,628.347,552.821,0.979,-1,-1,-1
13,-1,332.288,108.775,241.702,197.114,0.995,-1,-1,-1
13,-1,1476.462,134.174,348.595,283.006,0.984,-1,-1,-1
14,-1,1317.630,380.864,597.633,561.098,0.984,-1,-1,-1
14,-1,327.816,109.625,240.616,198.621,0.994,-1,-1,-1
14,-1,1460.149,133.981,346.999,283.333,0.985,-1,-1,-1
15,-1,1342.370,390.545,571.682,582.380,0.872,-1,-1,-1
15,-1,323.362,108.943,239.575,201.800,0.996,-1,-1,-1
15,-1,1445.009,128.056,346.534,283.061,0.982,-1,-1,-1
16,-1,1369.582,409.466,544.422,582.997,0.887,-1,-1,-1
16,-1,315.066,110.093,248.171,203.382,0.995,-1,-1,-1
16,-1,1434.146,131.043,340.682,273.535,0.982,-1,-1,-1
17,-1,1395.316,422.073,518.303,593.996,0.813,-1,-1,-1
17,-1,309.768,113.206,246.834,202.000,0.994,-1,-1,-1
17,-1,1421.624,133.093,335.225,267.814,0.989,-1,-1,-1
18,-1,1414.067,436.427,499.758,600.945,0.797,-1,-1,-1
18,-1,305.472,112.942,249.240,203.605,0.991,-1,-1,-1
18,-1,1411.437,131.244,331.254,266.052,0.991,-1,-1,-1
19,-1,299.819,111.961,250.623,207.349,0.994,-1,-1,-1
19,-1,1402.256,126.191,325.385,264.792,0.991,-1,-1,-1
20,-1,293.753,112.481,251.333,210.256,0.996,-1,-1,-1
20,-1,1392.339,127.857,320.652,259.482,0.993,-1,-1,-1
21,-1,286.397,112.394,255.189,212.636,0.998,-1,-1,-1
21,-1,1382.171,118.885,316.038,265.897,0.995,-1,-1,-1
22,-1,286.279,112.560,255.392,212.635,0.997,-1,-1,-1
22,-1,1382.240,118.996,315.820,265.801,0.995,-1,-1,-1
23,-1,286.170,112.615,255.486,212.623,0.998,-1,-1,-1
23,-1,1382.343,119.100,315.823,265.654,0.995,-1,-1,-1
24,-1,286.190,112.626,255.390,212.462,0.998,-1,-1,-1
24,-1,1382.099,118.965,316.017,265.894,0.995,-1,-1,-1
25,-1,286.801,113.368,255.436,211.906,0.997,-1,-1,-1
25,-1,1382.013,118.697,315.974,266.386,0.995,-1,-1,-1
26,-1,286.914,113.332,255.334,211.924,0.997,-1,-1,-1
26,-1,1382.271,118.703,315.494,266.429,0.995,-1,-1,-1
27,-1,286.875,113.331,255.370,211.868,0.997,-1,-1,-1
27,-1,1382.316,118.611,315.796,266.645,0.994,-1,-1,-1
28,-1,286.909,113.304,255.308,211.988,0.997,-1,-1,-1
28,-1,1382.369,118.659,315.651,266.650,0.994,-1,-1,-1
29,-1,286.903,113.306,255.303,212.000,0.997,-1,-1,-1
29,-1,1382.349,118.652,315.635,266.608,0.994,-1,-1,-1
30,-1,286.920,113.306,255.305,211.972,0.997,-1,-1,-1
30,-1,1382.351,118.664,315.612,266.528,0.994,-1,-1,-1
31,-1,286.949,113.361,255.287,211.914,0.997,-1,-1,-1
31,-1,1382.354,118.736,315.684,266.486,0.994,-1,-1,-1
32,-1,1623.172,173.371,295.846,311.425,0.799,-1,-1,-1
32,-1,251.621,123.063,273.107,233.189,0.995,-1,-1,-1
32,-1,1277.930,119.272,282.089,231.914,0.993,-1,-1,-1
33,-1,1607.537,170.848,311.547,312.592,0.723,-1,-1,-1
33,-1,250.733,124.261,275.569,236.929,0.994,-1,-1,-1
33,-1,1270.733,118.452,278.051,230.839,0.991,-1,-1,-1
34,-1,1591.149,166.645,327.442,309.640,0.809,-1,-1,-1
34,-1,1258.910,117.253,284.766,227.298,0.991,-1,-1,-1
34,-1,250.200,127.689,277.753,238.352,0.995,-1,-1,-1
35,-1,1582.509,162.691,335.782,304.718,0.801,-1,-1,-1
35,-1,1250.313,119.307,283.217,224.099,0.983,-1,-1,-1
35,-1,248.347,130.231,282.804,240.443,0.995,-1,-1,-1
36,-1,1562.070,156.844,355.451,306.553,0.874,-1,-1,-1
36,-1,1242.210,115.314,281.597,225.584,0.984,-1,-1,-1
36,-1,248.586,132.474,285.424,241.033,0.993,-1,-1,-1
37,-1,1543.801,156.099,372.640,299.352,0.923,-1,-1,-1
37,-1,1232.413,112.852,279.260,224.484,0.983,-1,-1,-1
37,-1,248.730,131.034,289.636,245.416,0.992,-1,-1,-1
38,-1,1528.463,152.146,387.152,296.745,0.931,-1,-1,-1
38,-1,1222.038,110.287,275.229,224.742,0.987,-1,-1,-1
38,-1,248.651,134.914,293.965,243.165,0.992,-1,-1,-1
39,-1,1215.828,109.153,268.237,225.817,0.974,-1,-1,-1
39,-1,249.257,135.861,294.622,245.546,0.991,-1,-1,-1
39,-1,1511.565,151.681,384.823,289.902,0.943,-1,-1,-1
40,-1,1215.878,109.224,268.246,225.757,0.973,-1,-1,-1
40,-1,249.116,135.976,294.754,245.540,0.991,-1,-1,-1
40,-1,1511.543,151.722,384.955,289.916,0.943,-1,-1,-1
41,-1,1216.241,108.441,267.979,226.634,0.978,-1,-1,-1
41,-1,250.147,136.915,294.116,245.363,0.994,-1,-1,-1
41,-1,1512.047,152.418,382.498,290.207,0.963,-1,-1,-1
42,-1,1190.848,105.278,266.071,223.985,0.960,-1,-1,-1
42,-1,250.410,138.548,305.639,255.894,0.993,-1,-1,-1
42,-1,1482.262,144.260,356.367,277.488,0.939,-1,-1,-1
43,-1,1182.924,103.464,264.737,224.590,0.967,-1,-1,-1
43,-1,252.638,142.521,307.849,257.258,0.995,-1,-1,-1
43,-1,1466.314,140.514,357.168,275.555,0.950,-1,-1,-1
44,-1,1176.629,106.327,263.038,218.822,0.949,-1,-1,-1
44,-1,256.387,145.674,309.386,258.893,0.994,-1,-1,-1
44,-1,1451.625,138.084,353.148,273.430,0.947,-1,-1,-1
45,-1,1169.755,104.775,259.020,218.550,0.969,-1,-1,-1
45,-1,259.884,149.036,311.977,259.946,0.996,-1,-1,-1
45,-1,1438.175,135.962,349.490,271.336,0.969,-1,-1,-1
46,-1,1160.677,102.375,262.350,220.354,0.965,-1,-1,-1
46,-1,261.934,152.906,317.042,262.171,0.997,-1,-1,-1
46,-1,1425.615,134.524,344.416,266.717,0.972,-1,-1,-1
47,-1,1156.947,106.154,257.325,214.314,0.968,-1,-1,-1
47,-1,262.041,156.107,326.103,267.217,0.997,-1,-1,-1
47,-1,518.487,149.259,209.875,123.433,0.534,-1,-1,-1
47,-1,1414.220,133.736,336.943,263.625,0.971,-1,-1,-1
48,-1,1151.181,105.485,255.633,211.288,0.958,-1,-1,-1
48,-1,263.690,155.153,329.824,273.045,0.996,-1,-1,-1
48,-1,1404.443,131.449,333.704,263.306,0.944,-1,-1,-1
49,-1,1144.483,104.886,253.462,209.420,0.950,-1,-1,-1
49,-1,264.804,160.962,336.263,272.645,0.995,-1,-1,-1
49,-1,1393.353,130.864,328.808,261.136,0.949,-1,-1,-1
50,-1,1138.625,104.250,248.657,208.927,0.964,-1,-1,-1
50,-1,265.648,163.970,344.226,277.307,0.995,-1,-1,-1
50,-1,1382.948,128.248,323.944,259.497,0.942,-1,-1,-1
51,-1,1133.189,105.843,246.626,204.979,0.967,-1,-1,-1
51,-1,266.060,164.966,350.320,283.875,0.995,-1,-1,-1
51,-1,1372.333,126.476,321.329,257.507,0.948,-1,-1,-1
52,-1,1133.267,105.781,246.756,205.040,0.965,-1,-1,-1
52,-1,266.111,164.781,350.073,284.059,0.995,-1,-1,-1
52,-1,1372.504,126.257,321.325,257.778,0.946,-1,-1,-1
53,-1,1133.388,105.824,246.374,205.106,0.967,-1,-1,-1
53,-1,266.103,164.836,349.980,284.099,0.995,-1,-1,-1
53,-1,1372.849,126.455,320.815,257.676,0.947,-1,-1,-1
54,-1,1133.285,105.802,246.495,205.146,0.968,-1,-1,-1
54,-1,265.966,164.819,350.183,284.085,0.995,-1,-1,-1
54,-1,1372.846,126.709,320.721,257.239,0.950,-1,-1,-1
55,-1,1133.425,105.912,246.527,205.028,0.967,-1,-1,-1
55,-1,265.969,164.921,350.152,283.991,0.995,-1,-1,-1
55,-1,1372.477,126.776,321.111,257.307,0.948,-1,-1,-1
56,-1,1133.486,105.561,246.552,205.311,0.966,-1,-1,-1
56,-1,265.888,164.856,350.228,284.022,0.995,-1,-1,-1
56,-1,1372.525,126.884,321.029,257.122,0.947,-1,-1,-1
57,-1,1133.540,105.464,246.510,205.464,0.966,-1,-1,-1
57,-1,265.869,164.851,350.277,284.066,0.995,-1,-1,-1
57,-1,1372.480,126.894,321.086,257.052,0.947,-1,-1,-1
58,-1,1133.603,105.552,246.439,205.431,0.965,-1,-1,-1
58,-1,265.899,164.786,350.261,284.071,0.995,-1,-1,-1
58,-1,1372.539,126.911,321.052,257.004,0.945,-1,-1,-1
59,-1,1133.756,105.820,246.062,205.051,0.965,-1,-1,-1
59,-1,265.964,164.895,350.196,284.022,0.995,-1,-1,-1
59,-1,1372.823,127.053,320.775,256.826,0.946,-1,-1,-1
60,-1,1133.710,105.886,246.059,205.001,0.965,-1,-1,-1
60,-1,265.953,164.915,350.208,284.019,0.995,-1,-1,-1
60,-1,1372.845,127.180,320.715,256.678,0.947,-1,-1,-1
61,-1,1133.976,106.218,245.658,204.329,0.972,-1,-1,-1
61,-1,265.801,165.819,350.797,283.697,0.995,-1,-1,-1
61,-1,1372.493,126.793,321.239,257.598,0.955,-1,-1,-1
62,-1,304.228,209.615,392.168,309.690,0.996,-1,-1,-1
62,-1,344.779,98.138,201.848,147.832,0.943,-1,-1,-1
62,-1,1251.134,120.965,301.124,233.320,0.561,-1,-1,-1
62,-1,1057.897,91.584,246.427,209.048,0.750,-1,-1,-1
63,-1,307.087,213.404,398.223,314.443,0.998,-1,-1,-1
63,-1,339.441,97.890,201.809,155.434,0.964,-1,-1,-1
63,-1,1056.947,89.283,239.312,211.503,0.753,-1,-1,-1
64,-1,332.947,96.004,202.065,163.005,0.949,-1,-1,-1
64,-1,308.719,216.584,405.009,317.675,0.998,-1,-1,-1
64,-1,1239.820,121.319,288.703,228.480,0.576,-1,-1,-1
64,-1,1051.776,88.807,238.187,210.247,0.763,-1,-1,-1
65,-1,324.870,94.043,203.056,165.710,0.968,-1,-1,-1
65,-1,309.478,218.582,410.937,321.678,0.998,-1,-1,-1
65,-1,1041.937,81.880,250.210,215.233,0.624,-1,-1,-1
66,-1,318.490,91.332,204.301,169.816,0.954,-1,-1,-1
66,-1,312.283,225.436,415.548,324.845,0.998,-1,-1,-1
66,-1,1220.493,119.966,286.876,225.177,0.629,-1,-1,-1
66,-1,1037.554,85.659,239.140,209.993,0.539,-1,-1,-1
67,-1,313.145,87.880,206.966,174.314,0.961,-1,-1,-1
67,-1,316.523,230.101,417.740,328.045,0.998,-1,-1,-1
67,-1,1209.293,117.089,286.317,224.734,0.671,-1,-1,-1
67,-1,1028.893,88.739,246.321,207.269,0.857,-1,-1,-1
68,-1,307.736,86.300,203.647,175.786,0.982,-1,-1,-1
68,-1,318.319,232.940,423.125,331.606,0.998,-1,-1,-1
68,-1,1206.410,117.832,276.138,221.741,0.718,-1,-1,-1
68,-1,1024.015,89.235,244.208,206.853,0.890,-1,-1,-1
69,-1,303.629,86.413,203.637,175.143,0.982,-1,-1,-1
69,-1,319.973,232.165,427.775,341.518,0.999,-1,-1,-1
69,-1,1190.021,117.264,283.599,220.086,0.749,-1,-1,-1
69,-1,1019.688,88.851,242.449,201.081,0.762,-1,-1,-1
70,-1,300.209,84.450,202.635,176.020,0.979,-1,-1,-1
70,-1,323.548,231.312,435.376,349.652,0.999,-1,-1,-1
70,-1,1185.639,117.518,280.860,218.338,0.694,-1,-1,-1
70,-1,1015.459,93.587,241.359,196.178,0.752,-1,-1,-1
71,-1,295.619,84.980,203.775,177.248,0.976,-1,-1,-1
71,-1,325.765,233.515,439.109,354.489,0.999,-1,-1,-1
71,-1,1177.407,117.368,281.808,216.862,0.745,-1,-1,-1
71,-1,1012.709,93.660,235.433,193.822,0.724,-1,-1,-1
72,-1,291.656,86.288,204.931,179.052,0.978,-1,-1,-1
72,-1,1009.188,97.344,227.250,187.556,0.556,-1,-1,-1
72,-1,329.994,237.355,442.357,357.933,0.999,-1,-1,-1
72,-1,1172.552,118.497,274.296,214.745,0.780,-1,-1,-1
73,-1,286.574,86.341,207.444,181.778,0.964,-1,-1,-1
73,-1,331.430,244.351,450.393,359.855,0.999,-1,-1,-1
73,-1,1084.104,108.271,352.742,222.554,0.562,-1,-1,-1
73,-1,1159.654,115.816,280.565,215.067,0.568,-1,-1,-1
74,-1,282.793,87.584,207.728,182.954,0.962,-1,-1,-1
74,-1,993.951,94.144,230.820,193.391,0.875,-1,-1,-1
74,-1,333.663,246.909,458.808,370.847,0.997,-1,-1,-1
74,-1,1158.956,114.812,265.689,215.585,0.784,-1,-1,-1
75,-1,282.686,87.575,207.801,183.016,0.961,-1,-1,-1
75,-1,993.859,94.104,230.959,193.348,0.879,-1,-1,-1
75,-1,333.774,247.006,458.735,370.681,0.997,-1,-1,-1
75,-1,1158.620,114.844,266.561,215.450,0.817,-1,-1,-1
76,-1,282.704,87.554,207.844,183.077,0.961,-1,-1,-1
76,-1,993.518,94.091,231.425,193.442,0.887,-1,-1,-1
76,-1,333.922,247.084,458.516,370.577,0.998,-1,-1,-1
76,-1,1159.186,115.045,265.961,215.092,0.824,-1,-1,-1
77,-1,282.623,87.547,207.992,183.072,0.961,-1,-1,-1
77,-1,993.442,94.024,231.652,193.498,0.883,-1,-1,-1
77,-1,333.780,246.883,458.726,370.703,0.998,-1,-1,-1
77,-1,1158.978,115.001,266.310,215.083,0.819,-1,-1,-1
78,-1,282.617,87.592,207.983,183.061,0.960,-1,-1,-1
78,-1,993.437,93.963,231.605,193.537,0.882,-1,-1,-1
78,-1,333.832,246.938,458.657,370.618,0.998,-1,-1,-1
78,-1,1159.081,115.001,266.218,215.093,0.818,-1,-1,-1
79,-1,282.646,87.604,207.943,183.041,0.960,-1,-1,-1
79,-1,993.469,94.006,231.534,193.471,0.883,-1,-1,-1
79,-1,333.864,246.867,458.603,370.690,0.998,-1,-1,-1
79,-1,1159.126,115.035,266.115,215.063,0.820,-1,-1,-1
80,-1,282.671,87.597,207.925,183.040,0.960,-1,-1,-1
80,-1,993.516,94.026,231.466,193.453,0.884,-1,-1,-1
80,-1,333.859,246.871,458.598,370.708,0.998,-1,-1,-1
80,-1,1159.169,115.045,266.091,215.084,0.820,-1,-1,-1
81,-1,283.005,86.701,206.724,183.503,0.969,-1,-1,-1
81,-1,993.335,93.340,231.223,194.450,0.877,-1,-1,-1
81,-1,1153.353,114.639,273.353,215.455,0.903,-1,-1,-1
81,-1,334.057,248.296,459.276,369.163,0.998,-1,-1,-1
82,-1,283.051,86.741,206.616,183.531,0.969,-1,-1,-1
82,-1,993.250,93.478,231.173,194.518,0.876,-1,-1,-1
82,-1,1153.370,114.569,273.180,215.568,0.902,-1,-1,-1
82,-1,334.251,248.271,459.083,369.156,0.998,-1,-1,-1
83,-1,283.086,86.755,206.555,183.488,0.969,-1,-1,-1
83,-1,993.253,93.531,231.299,194.523,0.877,-1,-1,-1
83,-1,1153.219,114.517,273.337,215.607,0.899,-1,-1,-1
83,-1,334.278,248.364,459.078,369.042,0.998,-1,-1,-1
84,-1,282.961,86.763,206.712,183.492,0.969,-1,-1,-1
84,-1,993.172,93.674,231.562,194.312,0.875,-1,-1,-1
84,-1,1152.845,114.512,273.672,215.570,0.882,-1,-1,-1
84,-1,334.357,248.523,458.965,368.821,0.998,-1,-1,-1
85,-1,283.783,86.389,205.646,183.934,0.970,-1,-1,-1
85,-1,992.842,93.601,232.338,194.304,0.861,-1,-1,-1
85,-1,1151.033,114.141,275.728,215.850,0.894,-1,-1,-1
85,-1,334.394,247.713,459.122,369.809,0.998,-1,-1,-1
86,-1,283.741,86.402,205.691,183.936,0.970,-1,-1,-1
86,-1,992.863,93.521,232.379,194.276,0.866,-1,-1,-1
86,-1,1150.943,114.100,275.754,215.909,0.890,-1,-1,-1
86,-1,334.392,247.684,459.123,369.802,0.998,-1,-1,-1
87,-1,283.792,86.408,205.671,183.939,0.970,-1,-1,-1
87,-1,992.877,93.491,232.438,194.349,0.867,-1,-1,-1
87,-1,1150.820,114.087,275.880,215.921,0.883,-1,-1,-1
87,-1,334.421,247.676,459.114,369.815,0.998,-1,-1,-1
88,-1,283.784,86.388,205.681,183.953,0.970,-1,-1,-1
88,-1,992.853,93.496,232.489,194.385,0.867,-1,-1,-1
88,-1,1150.814,114.089,275.911,215.878,0.886,-1,-1,-1
88,-1,334.421,247.693,459.111,369.798,0.998,-1,-1,-1
89,-1,283.740,86.453,205.730,183.888,0.970,-1,-1,-1
89,-1,992.724,93.315,232.743,194.450,0.860,-1,-1,-1
89,-1,1150.507,114.005,276.181,216.011,0.893,-1,-1,-1
89,-1,334.350,247.650,459.198,369.844,0.998,-1,-1,-1
90,-1,283.741,86.456,205.736,183.880,0.970,-1,-1,-1
90,-1,992.744,93.336,232.739,194.449,0.863,-1,-1,-1
90,-1,1150.537,113.987,276.147,215.981,0.888,-1,-1,-1
90,-1,334.374,247.659,459.179,369.832,0.998,-1,-1,-1
91,-1,283.742,86.471,205.726,183.868,0.970,-1,-1,-1
91,-1,992.855,93.432,232.343,194.445,0.868,-1,-1,-1
91,-1,1150.991,114.059,275.644,215.956,0.892,-1,-1,-1
91,-1,334.382,247.673,459.154,369.740,0.998,-1,-1,-1
92,-1,236.217,107.804,243.046,212.370,0.993,-1,-1,-1
92,-1,438.227,392.011,600.336,514.580,0.995,-1,-1,-1
92,-1,1409.411,153.271,329.813,247.038,0.946,-1,-1,-1
92,-1,959.376,99.529,320.097,201.705,0.602,-1,-1,-1
93,-1,236.376,107.967,244.856,214.031,0.994,-1,-1,-1
93,-1,450.545,403.374,614.348,526.962,0.995,-1,-1,-1
93,-1,1398.897,150.908,325.576,245.051,0.944,-1,-1,-1
93,-1,952.165,98.484,321.367,201.409,0.535,-1,-1,-1
94,-1,234.228,107.497,246.552,216.345,0.995,-1,-1,-1
94,-1,464.496,414.247,620.703,537.891,0.998,-1,-1,-1
94,-1,1388.469,151.669,322.408,239.931,0.932,-1,-1,-1
95,-1,230.582,108.719,247.450,216.896,0.996,-1,-1,-1
95,-1,476.504,423.195,636.657,563.562,0.996,-1,-1,-1
95,-1,1378.319,144.235,317.847,245.585,0.955,-1,-1,-1
96,-1,228.982,108.867,250.784,219.479,0.996,-1,-1,-1
96,-1,488.673,432.909,646.541,591.851,0.996,-1,-1,-1
96,-1,1368.292,143.962,313.332,241.181,0.921,-1,-1,-1
97,-1,227.878,108.172,255.492,221.940,0.996,-1,-1,-1
97,-1,495.591,448.288,659.571,590.747,0.995,-1,-1,-1
97,-1,1354.247,143.117,312.087,238.746,0.961,-1,-1,-1
98,-1,227.849,109.491,257.271,223.497,0.996,-1,-1,-1
98,-1,497.211,469.885,679.580,595.495,0.992,-1,-1,-1
98,-1,1342.382,146.239,310.897,235.391,0.924,-1,-1,-1
99,-1,226.776,110.205,257.457,224.883,0.996,-1,-1,-1
99,-1,501.353,485.257,699.717,589.685,0.981,-1,-1,-1
99,-1,1334.790,144.722,311.343,232.661,0.917,-1,-1,-1
100,-1,226.914,110.210,261.173,228.521,0.997,-1,-1,-1
100,-1,512.567,505.922,714.953,572.723,0.976,-1,-1,-1
100,-1,1324.269,141.068,307.713,232.903,0.918,-1,-1,-1
100,-1,1026.832,100.071,226.758,190.049,0.685,-1,-1,-1
101,-1,225.885,112.115,264.675,229.782,0.996,-1,-1,-1
101,-1,523.052,514.039,736.187,565.470,0.961,-1,-1,-1
101,-1,1311.515,143.661,304.812,226.329,0.926,-1,-1,-1
101,-1,1020.745,98.831,226.848,189.207,0.624,-1,-1,-1
102,-1,226.460,113.777,268.133,229.725,0.995,-1,-1,-1
102,-1,536.494,530.183,752.341,550.647,0.938,-1,-1,-1
102,-1,1307.359,148.491,293.702,219.941,0.872,-1,-1,-1
103,-1,227.178,114.131,275.665,232.725,0.996,-1,-1,-1
103,-1,551.009,547.009,768.569,532.031,0.894,-1,-1,-1
103,-1,1292.589,138.769,301.734,226.300,0.914,-1,-1,-1
103,-1,1024.705,103.472,211.518,183.342,0.718,-1,-1,-1
104,-1,225.052,112.703,288.876,240.338,0.997,-1,-1,-1
104,-1,566.163,557.409,780.094,518.231,0.882,-1,-1,-1
104,-1,1284.356,138.236,298.377,224.902,0.943,-1,-1,-1
105,-1,938.646,98.383,278.876,188.481,0.644,-1,-1,-1
105,-1,225.876,117.708,285.720,238.750,0.997,-1,-1,-1
105,-1,579.479,573.813,800.553,508.323,0.819,-1,-1,-1
105,-1,1278.035,137.744,294.526,224.714,0.955,-1,-1,-1
106,-1,1640.259,203.549,279.259,273.567,0.566,-1,-1,-1
106,-1,941.938,97.289,269.753,190.565,0.826,-1,-1,-1
106,-1,226.737,117.742,285.551,243.391,0.997,-1,-1,-1
106,-1,1270.065,135.003,292.107,222.882,0.964,-1,-1,-1
107,-1,1628.669,199.920,290.712,270.947,0.573,-1,-1,-1
107,-1,945.684,94.278,263.567,189.023,0.537,-1,-1,-1
107,-1,226.766,118.332,288.280,247.723,0.996,-1,-1,-1
107,-1,1262.328,135.037,288.741,220.426,0.964,-1,-1,-1
108,-1,1620.259,196.656,298.815,270.187,0.764,-1,-1,-1
108,-1,227.953,121.208,290.282,249.905,0.997,-1,-1,-1
108,-1,1252.133,136.585,287.422,216.816,0.961,-1,-1,-1
109,-1,1604.554,194.512,314.245,270.553,0.741,-1,-1,-1
109,-1,955.372,95.780,250.200,189.047,0.504,-1,-1,-1
109,-1,226.699,123.654,292.304,251.805,0.997,-1,-1,-1
109,-1,1242.064,134.231,287.877,214.909,0.970,-1,-1,-1
110,-1,1587.921,191.263,330.086,265.840,0.774,-1,-1,-1
110,-1,1233.732,129.040,284.743,216.806,0.704,-1,-1,-1
110,-1,225.539,126.273,296.268,252.187,0.996,-1,-1,-1
110,-1,1236.305,131.856,279.162,215.219,0.730,-1,-1,-1
111,-1,1575.973,187.628,340.772,265.185,0.861,-1,-1,-1
111,-1,1229.446,129.602,278.757,215.419,0.978,-1,-1,-1
111,-1,226.068,125.436,299.913,256.975,0.997,-1,-1,-1
112,-1,1575.989,187.641,340.732,264.935,0.863,-1,-1,-1
112,-1,1229.420,129.666,278.825,215.526,0.978,-1,-1,-1
112,-1,225.908,125.087,300.313,257.284,0.997,-1,-1,-1
113,-1,1575.999,187.595,340.741,265.061,0.862,-1,-1,-1
113,-1,953.359,96.338,247.978,185.864,0.547,-1,-1,-1
113,-1,1229.152,129.687,278.960,215.650,0.978,-1,-1,-1
113,-1,225.683,125.118,300.461,257.025,0.997,-1,-1,-1
114,-1,1576.002,187.631,340.733,264.841,0.860,-1,-1,-1
114,-1,954.229,96.212,247.165,185.808,0.519,-1,-1,-1
114,-1,1228.960,129.207,279.270,216.073,0.980,-1,-1,-1
114,-1,225.758,124.996,300.454,257.246,0.997,-1,-1,-1
115,-1,1576.044,187.602,340.710,264.957,0.861,-1,-1,-1
115,-1,954.504,96.338,247.079,185.588,0.511,-1,-1,-1
115,-1,1229.029,129.351,279.299,215.846,0.979,-1,-1,-1
115,-1,226.091,125.035,300.149,257.174,0.997,-1,-1,-1
116,-1,1576.140,187.670,340.591,264.782,0.861,-1,-1,-1
116,-1,1229.347,129.510,278.955,215.508,0.977,-1,-1,-1
116,-1,226.229,125.153,299.926,257.194,0.997,-1,-1,-1
117,-1,1576.017,187.656,340.721,264.804,0.856,-1,-1,-1
117,-1,955.226,95.954,246.295,185.703,0.521,-1,-1,-1
117,-1,1229.442,129.376,278.668,215.733,0.978,-1,-1,-1
117,-1,226.210,125.202,299.843,257.061,0.997,-1,-1,-1
118,-1,1576.086,187.653,340.653,264.810,0.859,-1,-1,-1
118,-1,954.959,96.001,246.500,185.663,0.526,-1,-1,-1
118,-1,1229.471,129.361,278.703,215.699,0.978,-1,-1,-1
118,-1,226.205,125.233,299.813,257.065,0.997,-1,-1,-1
119,-1,1576.141,187.641,340.628,265.042,0.858,-1,-1,-1
119,-1,954.958,95.962,246.474,185.663,0.517,-1,-1,-1
119,-1,1229.334,129.271,278.998,215.800,0.977,-1,-1,-1
119,-1,226.184,125.117,299.914,257.339,0.997,-1,-1,-1
120,-1,1576.152,187.631,340.607,264.992,0.858,-1,-1,-1
120,-1,955.560,95.947,245.846,185.655,0.530,-1,-1,-1
120,-1,1229.387,129.254,278.866,215.816,0.977,-1,-1,-1
120,-1,226.200,125.269,299.839,257.090,0.997,-1,-1,-1
121,-1,1576.314,187.584,340.661,267.441,0.847,-1,-1,-1
121,-1,954.803,96.024,247.019,185.952,0.642,-1,-1,-1
121,-1,1228.496,129.141,280.290,215.745,0.979,-1,-1,-1
121,-1,226.033,125.296,300.351,257.066,0.998,-1,-1,-1
122,-1,1152.791,127.695,262.160,199.562,0.902,-1,-1,-1
122,-1,248.069,157.364,340.927,298.642,0.997,-1,-1,-1
122,-1,1461.988,169.337,303.587,248.379,0.531,-1,-1,-1
123,-1,1146.826,125.798,260.208,199.402,0.869,-1,-1,-1
123,-1,249.425,160.314,349.992,300.456,0.994,-1,-1,-1
123,-1,1454.595,166.409,304.501,253.194,0.617,-1,-1,-1
124,-1,1140.485,123.676,258.962,199.171,0.925,-1,-1,-1
124,-1,251.238,165.983,356.102,303.768,0.997,-1,-1,-1
124,-1,1445.129,165.956,282.830,239.474,0.591,-1,-1,-1
125,-1,946.606,113.506,222.088,175.023,0.637,-1,-1,-1
125,-1,1134.278,123.495,255.653,198.557,0.951,-1,-1,-1
125,-1,252.215,172.136,360.458,304.867,0.997,-1,-1,-1
125,-1,1434.966,164.777,282.954,241.696,0.576,-1,-1,-1
126,-1,944.741,115.073,217.531,171.359,0.563,-1,-1,-1
126,-1,1129.441,122.028,253.144,198.395,0.971,-1,-1,-1
126,-1,254.626,175.755,368.742,305.982,0.996,-1,-1,-1
126,-1,1430.553,163.176,274.306,235.496,0.754,-1,-1,-1
127,-1,944.729,115.127,217.468,171.164,0.543,-1,-1,-1
127,-1,1129.573,122.034,253.077,198.452,0.970,-1,-1,-1
127,-1,254.496,175.692,368.823,306.040,0.996,-1,-1,-1
127,-1,1430.528,163.167,274.338,235.418,0.752,-1,-1,-1
128,-1,944.857,115.004,217.101,171.278,0.566,-1,-1,-1
128,-1,1129.659,122.152,253.021,198.265,0.969,-1,-1,-1
128,-1,254.598,175.585,368.912,306.203,0.996,-1,-1,-1
128,-1,1430.583,163.174,274.375,235.463,0.754,-1,-1,-1
129,-1,944.416,114.987,217.216,171.292,0.601,-1,-1,-1
129,-1,1129.424,122.203,253.285,198.159,0.970,-1,-1,-1
129,-1,254.466,175.492,368.970,306.496,0.996,-1,-1,-1
129,-1,1430.614,163.163,275.313,236.086,0.761,-1,-1,-1
130,-1,944.301,114.931,217.478,171.547,0.596,-1,-1,-1
130,-1,1129.367,122.177,253.331,198.231,0.969,-1,-1,-1
130,-1,254.362,175.463,369.095,306.646,0.996,-1,-1,-1
130,-1,1430.604,163.162,275.125,236.115,0.758,-1,-1,-1
131,-1,1128.700,121.828,255.156,199.079,0.976,-1,-1,-1
131,-1,253.751,174.752,369.704,307.512,0.997,-1,-1,-1
131,-1,1430.421,163.035,272.739,234.575,0.742,-1,-1,-1
132,-1,929.605,119.970,223.465,172.044,0.599,-1,-1,-1
132,-1,1098.230,118.138,240.187,191.757,0.931,-1,-1,-1
132,-1,269.521,202.837,405.844,331.746,0.998,-1,-1,-1
132,-1,200.343,83.281,220.549,179.654,0.960,-1,-1,-1
133,-1,1094.675,117.973,235.439,189.455,0.943,-1,-1,-1
133,-1,273.727,205.898,411.814,333.604,0.998,-1,-1,-1
133,-1,200.962,81.936,219.873,180.486,0.959,-1,-1,-1
134,-1,1085.599,118.839,235.610,186.521,0.878,-1,-1,-1
134,-1,277.692,205.852,416.731,342.462,0.997,-1,-1,-1
134,-1,201.393,84.683,219.272,181.084,0.967,-1,-1,-1
135,-1,282.423,207.938,419.456,350.983,0.999,-1,-1,-1
135,-1,1083.681,117.385,232.324,187.576,0.894,-1,-1,-1
135,-1,202.857,85.800,217.632,182.861,0.960,-1,-1,-1
136,-1,285.836,212.509,428.064,354.381,0.999,-1,-1,-1
136,-1,1082.209,118.433,227.456,186.042,0.935,-1,-1,-1
136,-1,200.902,86.991,219.791,184.811,0.947,-1,-1,-1
136,-1,1359.392,144.878,471.332,270.367,0.839,-1,-1,-1
137,-1,288.040,214.164,431.667,362.655,0.999,-1,-1,-1
137,-1,1073.429,118.479,230.422,184.509,0.869,-1,-1,-1
137,-1,201.531,88.900,220.853,186.162,0.946,-1,-1,-1
137,-1,1351.399,141.875,472.043,270.204,0.622,-1,-1,-1
138,-1,292.907,220.552,436.564,364.340,0.999,-1,-1,-1
138,-1,1072.226,120.177,225.678,183.151,0.893,-1,-1,-1
138,-1,200.127,90.516,225.116,189.655,0.959,-1,-1,-1
138,-1,1344.328,141.491,467.959,264.756,0.800,-1,-1,-1
139,-1,297.728,226.317,443.590,366.822,0.999,-1,-1,-1
139,-1,200.172,91.229,229.049,190.703,0.910,-1,-1,-1
139,-1,1332.597,139.422,462.225,264.190,0.905,-1,-1,-1
139,-1,1058.351,117.166,235.397,183.837,0.945,-1,-1,-1
140,-1,298.899,231.876,451.595,370.240,0.999,-1,-1,-1
140,-1,425.358,140.454,170.451,131.012,0.512,-1,-1,-1
140,-1,201.239,92.767,233.395,192.309,0.954,-1,-1,-1
140,-1,1327.296,138.726,455.610,261.526,0.838,-1,-1,-1
140,-1,1056.655,116.901,235.176,182.976,0.864,-1,-1,-1
141,-1,302.334,236.998,460.116,380.902,0.999,-1,-1,-1
141,-1,200.064,94.113,234.702,192.364,0.938,-1,-1,-1
141,-1,1318.358,140.323,448.536,256.925,0.740,-1,-1,-1
141,-1,1051.382,115.988,245.699,182.909,0.718,-1,-1,-1
142,-1,305.343,243.760,468.212,396.813,0.999,-1,-1,-1
142,-1,203.053,95.927,236.605,194.843,0.924,-1,-1,-1
142,-1,1309.284,139.643,445.541,254.035,0.617,-1,-1,-1
142,-1,1044.567,116.319,240.781,182.663,0.742,-1,-1,-1
143,-1,304.782,249.083,479.849,403.539,0.999,-1,-1,-1
143,-1,205.939,96.804,236.655,194.257,0.873,-1,-1,-1
143,-1,1309.128,137.983,433.300,256.245,0.501,-1,-1,-1
143,-1,1041.038,116.348,233.851,179.999,0.826,-1,-1,-1
144,-1,311.046,255.789,486.770,412.857,0.999,-1,-1,-1
144,-1,204.695,97.194,239.129,195.696,0.888,-1,-1,-1
144,-1,1302.456,137.221,425.941,253.909,0.621,-1,-1,-1
144,-1,1034.522,116.604,237.809,179.809,0.668,-1,-1,-1
145,-1,310.805,255.856,486.647,412.736,0.999,-1,-1,-1
145,-1,204.468,97.098,238.878,195.816,0.882,-1,-1,-1
145,-1,1302.898,137.160,425.791,253.304,0.616,-1,-1,-1
145,-1,1031.816,116.084,240.593,179.762,0.698,-1,-1,-1
146,-1,310.747,255.726,486.608,412.982,0.999,-1,-1,-1
146,-1,204.450,97.060,238.918,195.847,0.878,-1,-1,-1
146,-1,1302.837,137.091,425.882,253.307,0.632,-1,-1,-1
146,-1,1032.236,116.147,240.147,179.857,0.695,-1,-1,-1
147,-1,310.828,255.555,486.402,413.420,0.999,-1,-1,-1
147,-1,204.369,96.974,238.980,195.970,0.879,-1,-1,-1
147,-1,1302.590,137.021,425.872,253.305,0.642,-1,-1,-1
147,-1,1031.597,115.992,240.720,179.927,0.703,-1,-1,-1
148,-1,310.880,255.547,486.343,413.514,0.999,-1,-1,-1
148,-1,204.413,97.042,238.753,196.009,0.876,-1,-1,-1
148,-1,1303.595,137.206,424.878,253.166,0.632,-1,-1,-1
148,-1,1032.583,116.072,239.781,179.802,0.702,-1,-1,-1
149,-1,310.852,255.493,486.211,413.685,0.999,-1,-1,-1
149,-1,204.363,96.998,238.760,196.047,0.875,-1,-1,-1
149,-1,1303.267,137.153,425.292,253.202,0.635,-1,-1,-1
149,-1,1032.498,116.042,240.014,179.796,0.694,-1,-1,-1
150,-1,310.649,255.542,486.461,413.606,0.999,-1,-1,-1
150,-1,204.445,97.007,238.643,196.117,0.881,-1,-1,-1
150,-1,1301.754,137.066,426.940,253.177,0.660,-1,-1,-1
150,-1,1031.184,115.877,241.327,179.845,0.705,-1,-1,-1
151,-1,311.077,256.531,484.660,412.519,0.999,-1,-1,-1
151,-1,204.636,97.075,237.451,196.325,0.918,-1,-1,-1
151,-1,1298.706,137.829,430.339,251.718,0.763,-1,-1,-1
151,-1,1033.746,116.033,238.059,179.316,0.741,-1,-1,-1
152,-1,361.275,324.332,555.735,489.027,0.998,-1,-1,-1
152,-1,213.957,104.753,251.487,211.992,0.973,-1,-1,-1
152,-1,1350.375,132.063,298.439,239.890,0.520,-1,-1,-1
152,-1,1010.114,113.923,220.806,176.817,0.925,-1,-1,-1
153,-1,369.715,333.644,571.726,499.721,0.998,-1,-1,-1
153,-1,215.326,105.461,250.863,214.857,0.979,-1,-1,-1
153,-1,1345.142,133.012,297.997,237.383,0.540,-1,-1,-1
153,-1,1008.491,113.344,219.836,177.293,0.887,-1,-1,-1
154,-1,378.963,349.220,581.731,508.540,0.997,-1,-1,-1
154,-1,217.240,107.110,251.230,215.911,0.979,-1,-1,-1
154,-1,1323.219,131.934,309.618,236.111,0.568,-1,-1,-1
154,-1,1003.488,112.998,221.095,176.659,0.835,-1,-1,-1
155,-1,386.464,363.066,596.047,513.289,0.998,-1,-1,-1
155,-1,217.528,108.222,254.484,217.074,0.983,-1,-1,-1
155,-1,1002.305,112.044,218.432,178.049,0.787,-1,-1,-1
156,-1,400.552,373.469,599.447,517.906,0.998,-1,-1,-1
156,-1,219.373,107.075,256.863,220.831,0.986,-1,-1,-1
156,-1,971.979,109.546,243.259,182.202,0.876,-1,-1,-1
157,-1,408.727,386.547,610.972,526.008,0.998,-1,-1,-1
157,-1,221.083,107.619,261.624,224.805,0.987,-1,-1,-1
157,-1,1320.881,131.644,276.369,230.887,0.590,-1,-1,-1
157,-1,984.012,111.364,229.815,179.981,0.767,-1,-1,-1
158,-1,422.754,398.552,617.457,538.815,0.997,-1,-1,-1
158,-1,221.770,108.911,265.976,226.956,0.989,-1,-1,-1
158,-1,989.446,112.041,220.574,178.512,0.859,-1,-1,-1
159,-1,466.006,119.257,196.796,155.448,0.782,-1,-1,-1
159,-1,430.901,411.549,634.570,556.635,0.997,-1,-1,-1
159,-1,223.097,108.956,268.640,229.167,0.990,-1,-1,-1
159,-1,989.884,111.619,221.401,181.087,0.816,-1,-1,-1
160,-1,974.018,112.088,226.187,178.095,0.719,-1,-1,-1
160,-1,473.718,120.449,194.128,156.400,0.541,-1,-1,-1
160,-1,445.144,424.431,642.591,588.112,0.997,-1,-1,-1
160,-1,225.034,112.390,271.273,228.483,0.984,-1,-1,-1
161,-1,474.839,120.882,196.091,159.917,0.710,-1,-1,-1
161,-1,457.182,439.248,656.809,601.106,0.997,-1,-1,-1
161,-1,225.228,112.237,278.669,232.251,0.989,-1,-1,-1
161,-1,979.665,113.685,222.182,177.031,0.592,-1,-1,-1
162,-1,474.771,120.985,196.185,159.856,0.712,-1,-1,-1
162,-1,457.223,439.190,656.725,600.945,0.997,-1,-1,-1
162,-1,225.184,112.234,278.790,232.321,0.989,-1,-1,-1
162,-1,979.758,113.629,222.165,177.097,0.588,-1,-1,-1
163,-1,474.707,121.015,196.183,159.862,0.717,-1,-1,-1
163,-1,457.024,439.251,656.937,600.859,0.997,-1,-1,-1
163,-1,225.043,112.150,278.852,232.397,0.989,-1,-1,-1
163,-1,979.543,113.539,222.127,177.084,0.591,-1,-1,-1
164,-1,474.909,120.976,196.024,159.792,0.706,-1,-1,-1
164,-1,456.987,439.260,657.035,601.074,0.997,-1,-1,-1
164,-1,225.195,112.301,278.616,232.211,0.989,-1,-1,-1
164,-1,980.663,113.625,220.694,176.928,0.597,-1,-1,-1
165,-1,474.882,120.943,196.098,159.744,0.687,-1,-1,-1
165,-1,456.809,439.357,657.223,600.982,0.997,-1,-1,-1
165,-1,225.204,112.329,278.597,232.195,0.989,-1,-1,-1
165,-1,980.938,113.709,220.409,176.792,0.591,-1,-1,-1
166,-1,474.887,120.947,196.193,159.834,0.688,-1,-1,-1
166,-1,456.663,439.260,657.551,600.389,0.997,-1,-1,-1
166,-1,225.110,112.240,278.854,232.293,0.988,-1,-1,-1
166,-1,983.024,114.425,218.894,176.217,0.566,-1,-1,-1
167,-1,474.865,121.028,196.104,159.746,0.693,-1,-1,-1
167,-1,456.627,439.293,657.521,600.569,0.997,-1,-1,-1
167,-1,225.123,112.258,278.631,232.234,0.988,-1,-1,-1
167,-1,983.841,115.028,217.671,176.307,0.538,-1,-1,-1
168,-1,474.857,121.029,196.082,159.737,0.692,-1,-1,-1
168,-1,456.619,439.317,657.518,600.626,0.997,-1,-1,-1
168,-1,225.106,112.260,278.622,232.218,0.988,-1,-1,-1
168,-1,983.776,114.814,217.748,176.240,0.576,-1,-1,-1
169,-1,475.789,121.496,195.099,159.083,0.719,-1,-1,-1
169,-1,456.731,439.021,657.559,601.122,0.997,-1,-1,-1
169,-1,225.843,112.323,277.398,231.951,0.988,-1,-1,-1
169,-1,984.105,114.039,217.072,175.822,0.557,-1,-1,-1
170,-1,475.688,121.487,195.170,159.093,0.719,-1,-1,-1
170,-1,456.610,439.052,657.644,601.161,0.997,-1,-1,-1
170,-1,225.908,112.349,277.312,231.896,0.988,-1,-1,-1
170,-1,983.930,114.083,217.149,175.773,0.551,-1,-1,-1
171,-1,475.672,121.457,195.168,159.125,0.723,-1,-1,-1
171,-1,456.597,439.026,657.612,601.001,0.997,-1,-1,-1
171,-1,225.900,112.349,277.201,231.967,0.988,-1,-1,-1
171,-1,983.718,114.062,217.144,175.803,0.549,-1,-1,-1
172,-1,519.191,131.297,215.084,165.989,0.970,-1,-1,-1
172,-1,251.813,126.621,305.194,265.759,0.996,-1,-1,-1
172,-1,563.156,641.429,915.452,443.434,0.585,-1,-1,-1
172,-1,1141.418,118.583,316.558,214.186,0.729,-1,-1,-1
173,-1,523.990,133.155,214.468,165.810,0.975,-1,-1,-1
173,-1,252.497,127.630,310.310,267.274,0.996,-1,-1,-1
174,-1,524.815,134.257,220.072,168.473,0.965,-1,-1,-1
174,-1,1103.679,117.096,344.027,214.670,0.715,-1,-1,-1
174,-1,257.482,130.237,313.313,268.597,0.995,-1,-1,-1
175,-1,946.933,124.703,203.373,162.801,0.569,-1,-1,-1
175,-1,529.322,135.349,221.090,170.275,0.968,-1,-1,-1
175,-1,262.352,134.596,317.492,271.338,0.996,-1,-1,-1
175,-1,1168.797,122.325,269.495,209.319,0.784,-1,-1,-1
176,-1,537.777,136.797,216.128,169.070,0.950,-1,-1,-1
176,-1,263.517,135.353,326.588,275.625,0.996,-1,-1,-1
176,-1,1165.955,123.125,264.673,205.734,0.651,-1,-1,-1
177,-1,941.067,125.068,205.857,161.823,0.799,-1,-1,-1
177,-1,543.793,136.802,214.452,172.467,0.956,-1,-1,-1
177,-1,262.412,137.105,335.046,283.259,0.996,-1,-1,-1
177,-1,1128.119,121.082,292.540,206.936,0.732,-1,-1,-1
178,-1,546.531,139.991,214.949,170.835,0.960,-1,-1,-1
178,-1,261.824,139.838,341.948,288.222,0.997,-1,-1,-1
179,-1,547.251,139.549,219.363,171.282,0.960,-1,-1,-1
179,-1,262.195,143.636,349.713,291.307,0.996,-1,-1,-1
180,-1,556.733,140.999,212.639,169.180,0.941,-1,-1,-1
180,-1,1076.796,115.725,328.835,206.790,0.570,-1,-1,-1
180,-1,261.061,144.544,359.364,297.562,0.994,-1,-1,-1
181,-1,559.545,143.884,216.560,170.249,0.945,-1,-1,-1
181,-1,1077.630,116.461,322.584,205.256,0.592,-1,-1,-1
181,-1,266.773,146.384,367.662,307.271,0.995,-1,-1,-1
182,-1,565.657,146.630,213.879,169.859,0.945,-1,-1,-1
182,-1,1080.946,116.607,310.376,203.229,0.645,-1,-1,-1
182,-1,271.478,150.181,372.427,310.563,0.994,-1,-1,-1
183,-1,570.617,146.861,212.209,175.212,0.941,-1,-1,-1
183,-1,1096.113,116.847,291.224,203.211,0.527,-1,-1,-1
183,-1,273.734,157.199,378.940,311.305,0.993,-1,-1,-1
184,-1,569.492,148.813,219.536,176.963,0.931,-1,-1,-1
184,-1,1065.971,115.078,312.930,203.868,0.707,-1,-1,-1
184,-1,278.547,160.625,383.969,316.059,0.994,-1,-1,-1
185,-1,577.118,147.157,222.875,179.810,0.881,-1,-1,-1
185,-1,1070.748,113.504,303.327,203.269,0.758,-1,-1,-1
185,-1,280.641,165.587,387.906,318.025,0.992,-1,-1,-1
186,-1,580.900,144.929,220.047,184.681,0.857,-1,-1,-1
186,-1,280.264,170.804,401.792,320.869,0.989,-1,-1,-1
187,-1,583.931,151.186,221.449,179.492,0.716,-1,-1,-1
187,-1,282.735,175.675,410.264,322.867,0.992,-1,-1,-1
188,-1,589.940,155.957,218.343,179.953,0.788,-1,-1,-1
188,-1,997.689,109.288,358.964,203.168,0.667,-1,-1,-1
188,-1,281.083,179.246,421.143,329.158,0.993,-1,-1,-1
189,-1,590.027,155.913,218.166,180.060,0.789,-1,-1,-1
189,-1,998.016,109.268,358.626,203.116,0.664,-1,-1,-1
189,-1,281.137,179.204,421.258,329.120,0.993,-1,-1,-1
190,-1,590.152,155.870,217.969,180.070,0.791,-1,-1,-1
190,-1,998.171,109.191,358.504,203.207,0.666,-1,-1,-1
190,-1,281.168,179.168,421.032,329.205,0.993,-1,-1,-1
191,-1,589.576,154.374,219.348,183.374,0.838,-1,-1,-1
191,-1,1012.955,109.784,343.788,202.398,0.781,-1,-1,-1
191,-1,280.491,177.337,422.528,330.821,0.993,-1,-1,-1
192,-1,302.386,194.700,440.428,349.639,0.997,-1,-1,-1
193,-1,308.714,199.436,442.176,354.181,0.997,-1,-1,-1
194,-1,314.943,207.290,444.503,354.478,0.997,-1,-1,-1
195,-1,319.010,207.413,453.728,363.283,0.998,-1,-1,-1
195,-1,1090.872,111.403,233.111,193.483,0.610,-1,-1,-1
196,-1,325.758,207.218,456.360,374.730,0.999,-1,-1,-1
197,-1,334.316,215.304,464.269,374.756,0.998,-1,-1,-1
197,-1,437.057,96.908,231.746,155.660,0.583,-1,-1,-1
198,-1,432.411,99.153,218.368,155.416,0.760,-1,-1,-1
198,-1,336.268,226.330,482.584,372.611,0.998,-1,-1,-1
199,-1,426.354,95.946,211.485,166.093,0.661,-1,-1,-1
199,-1,341.656,235.392,488.452,382.240,0.998,-1,-1,-1
200,-1,422.914,98.188,210.339,170.816,0.826,-1,-1,-1
200,-1,343.745,236.876,505.214,401.226,0.998,-1,-1,-1
201,-1,1585.501,273.342,334.417,385.830,0.732,-1,-1,-1
201,-1,419.664,95.144,196.787,171.987,0.874,-1,-1,-1
201,-1,353.391,242.744,509.974,411.859,0.999,-1,-1,-1
202,-1,1585.474,273.404,334.442,385.783,0.731,-1,-1,-1
202,-1,419.708,95.078,196.792,172.006,0.873,-1,-1,-1
202,-1,353.383,242.731,510.097,411.971,0.999,-1,-1,-1
203,-1,1585.281,273.137,334.637,386.301,0.743,-1,-1,-1
203,-1,419.614,94.920,197.159,172.237,0.874,-1,-1,-1
203,-1,353.289,242.657,510.624,411.826,0.999,-1,-1,-1
204,-1,1585.592,273.061,334.341,386.552,0.741,-1,-1,-1
204,-1,419.627,94.899,196.992,172.256,0.873,-1,-1,-1
204,-1,353.346,242.719,510.811,411.920,0.999,-1,-1,-1
205,-1,1585.451,273.103,334.449,386.159,0.739,-1,-1,-1
205,-1,419.922,94.094,197.547,173.151,0.895,-1,-1,-1
205,-1,1076.245,112.618,229.361,187.477,0.573,-1,-1,-1
205,-1,354.137,242.308,510.078,412.493,0.999,-1,-1,-1
206,-1,1585.552,273.006,334.352,386.782,0.746,-1,-1,-1
206,-1,419.942,94.014,197.531,173.301,0.890,-1,-1,-1
206,-1,1075.832,112.412,229.815,187.729,0.556,-1,-1,-1
206,-1,354.104,242.267,510.176,412.463,0.999,-1,-1,-1
207,-1,1585.706,272.998,334.203,386.926,0.748,-1,-1,-1
207,-1,419.948,94.054,197.545,173.259,0.889,-1,-1,-1
207,-1,1076.390,112.488,229.286,187.564,0.555,-1,-1,-1
207,-1,354.048,242.110,510.372,412.585,0.999,-1,-1,-1
208,-1,1585.550,273.091,334.362,386.708,0.748,-1,-1,-1
208,-1,419.833,94.114,197.702,173.130,0.889,-1,-1,-1
208,-1,1076.805,112.436,228.791,187.709,0.557,-1,-1,-1
208,-1,354.131,242.152,510.510,412.440,0.999,-1,-1,-1
209,-1,1585.625,273.130,334.289,386.690,0.746,-1,-1,-1
209,-1,419.839,94.115,197.695,173.123,0.889,-1,-1,-1
209,-1,1077.177,112.463,228.495,187.684,0.561,-1,-1,-1
209,-1,354.250,242.104,510.402,412.538,0.999,-1,-1,-1
210,-1,1585.656,273.157,334.258,386.728,0.745,-1,-1,-1
210,-1,419.902,94.166,197.393,173.060,0.890,-1,-1,-1
210,-1,1077.552,112.505,228.127,187.636,0.572,-1,-1,-1
210,-1,354.202,242.033,510.410,412.652,0.999,-1,-1,-1
211,-1,1585.676,273.186,334.247,386.845,0.746,-1,-1,-1
211,-1,419.825,94.204,197.629,173.058,0.891,-1,-1,-1
211,-1,1077.450,112.500,228.148,187.721,0.563,-1,-1,-1
211,-1,354.335,242.096,510.241,412.359,0.999,-1,-1,-1
212,-1,420.269,66.806,201.130,196.417,0.981,-1,-1,-1
212,-1,550.532,222.549,325.113,195.891,0.551,-1,-1,-1
212,-1,1060.506,111.348,212.979,183.520,0.638,-1,-1,-1
212,-1,455.238,354.925,635.337,524.128,0.988,-1,-1,-1
212,-1,1322.616,212.018,397.984,310.112,0.937,-1,-1,-1
213,-1,420.047,63.069,204.215,200.299,0.982,-1,-1,-1
213,-1,471.757,364.782,647.116,532.329,0.990,-1,-1,-1
213,-1,1299.154,208.304,394.859,302.367,0.971,-1,-1,-1
214,-1,421.265,65.104,204.850,198.726,0.987,-1,-1,-1
214,-1,479.348,379.791,666.824,544.094,0.990,-1,-1,-1
214,-1,554.698,240.984,335.416,229.760,0.817,-1,-1,-1
214,-1,1282.569,205.365,383.193,295.370,0.968,-1,-1,-1
215,-1,419.988,57.723,212.520,206.396,0.986,-1,-1,-1
215,-1,563.602,246.181,329.746,209.403,0.862,-1,-1,-1
215,-1,492.930,393.665,679.347,557.773,0.987,-1,-1,-1
215,-1,1256.663,198.938,383.812,293.539,0.961,-1,-1,-1
216,-1,420.543,52.892,217.487,210.736,0.983,-1,-1,-1
216,-1,502.487,408.718,693.935,588.347,0.988,-1,-1,-1
216,-1,561.365,253.805,337.384,226.569,0.955,-1,-1,-1
216,-1,1238.949,196.361,375.792,291.899,0.962,-1,-1,-1
217,-1,424.450,55.041,215.705,207.729,0.983,-1,-1,-1
217,-1,505.207,425.107,717.049,608.879,0.984,-1,-1,-1
217,-1,558.229,256.654,347.030,245.607,0.930,-1,-1,-1
217,-1,1220.713,189.329,368.776,292.367,0.955,-1,-1,-1
218,-1,425.936,50.140,218.088,212.552,0.980,-1,-1,-1
218,-1,557.766,262.020,354.012,269.516,0.974,-1,-1,-1
218,-1,513.930,444.678,736.826,620.037,0.970,-1,-1,-1
218,-1,1202.735,186.837,357.518,289.078,0.942,-1,-1,-1
219,-1,428.012,49.385,218.496,211.892,0.984,-1,-1,-1
219,-1,562.920,275.195,355.522,269.268,0.966,-1,-1,-1
219,-1,522.694,465.709,761.435,603.611,0.944,-1,-1,-1
219,-1,1188.531,181.630,350.170,284.602,0.955,-1,-1,-1
220,-1,561.616,282.376,364.804,275.102,0.995,-1,-1,-1
220,-1,428.914,50.600,219.408,215.519,0.984,-1,-1,-1
220,-1,531.596,478.678,790.862,597.076,0.879,-1,-1,-1
220,-1,1167.802,177.387,349.023,282.065,0.949,-1,-1,-1
221,-1,563.707,287.320,374.298,277.205,0.997,-1,-1,-1
221,-1,1562.008,312.030,356.510,327.227,0.874,-1,-1,-1
221,-1,429.593,44.744,224.582,221.862,0.984,-1,-1,-1
221,-1,542.925,493.160,817.246,584.926,0.851,-1,-1,-1
221,-1,1151.114,174.130,343.793,276.214,0.959,-1,-1,-1
222,-1,564.071,290.385,384.889,282.061,0.997,-1,-1,-1
222,-1,1534.114,304.832,384.263,321.463,0.913,-1,-1,-1
222,-1,433.160,44.958,223.522,221.236,0.981,-1,-1,-1
222,-1,1136.852,169.371,343.329,270.696,0.959,-1,-1,-1
222,-1,560.483,513.013,841.128,566.800,0.809,-1,-1,-1
223,-1,566.487,295.198,392.771,292.927,0.997,-1,-1,-1
223,-1,1503.066,299.783,415.150,316.602,0.932,-1,-1,-1
223,-1,436.690,43.894,225.792,224.491,0.979,-1,-1,-1
223,-1,1124.915,163.191,336.812,271.289,0.970,-1,-1,-1
223,-1,579.034,529.702,880.888,550.806,0.653,-1,-1,-1
224,-1,568.407,297.356,397.338,302.943,0.998,-1,-1,-1
224,-1,1479.164,296.279,434.325,307.931,0.922,-1,-1,-1
224,-1,436.118,44.173,229.370,224.541,0.976,-1,-1,-1
224,-1,1111.235,158.507,332.735,266.826,0.954,-1,-1,-1
225,-1,568.487,297.314,397.307,302.986,0.998,-1,-1,-1
225,-1,1479.139,296.325,434.149,307.427,0.924,-1,-1,-1
225,-1,436.036,44.111,229.021,224.520,0.975,-1,-1,-1
225,-1,1110.757,158.087,333.115,267.237,0.952,-1,-1,-1
226,-1,568.533,297.289,397.382,303.052,0.998,-1,-1,-1
226,-1,1479.050,296.232,434.219,307.743,0.925,-1,-1,-1
226,-1,436.051,44.453,229.037,224.403,0.977,-1,-1,-1
226,-1,1110.582,158.050,332.927,267.432,0.943,-1,-1,-1
227,-1,568.431,297.258,397.489,303.034,0.998,-1,-1,-1
227,-1,1478.994,296.247,434.328,307.857,0.924,-1,-1,-1
227,-1,435.908,44.835,229.101,224.078,0.978,-1,-1,-1
227,-1,1110.717,158.098,332.808,267.297,0.943,-1,-1,-1
228,-1,568.414,297.220,397.606,303.074,0.998,-1,-1,-1
228,-1,1478.984,296.250,434.303,307.785,0.924,-1,-1,-1
228,-1,436.007,44.734,229.049,224.065,0.978,-1,-1,-1
228,-1,1110.436,158.139,333.198,267.226,0.940,-1,-1,-1
229,-1,568.677,297.092,397.461,302.794,0.998,-1,-1,-1
229,-1,1478.708,296.111,434.852,307.695,0.917,-1,-1,-1
229,-1,435.996,45.005,228.899,224.103,0.979,-1,-1,-1
229,-1,1111.498,158.165,331.448,267.361,0.950,-1,-1,-1
230,-1,568.719,297.057,397.436,302.983,0.998,-1,-1,-1
230,-1,1478.908,296.215,434.594,307.655,0.916,-1,-1,-1
230,-1,436.010,45.221,228.828,223.892,0.979,-1,-1,-1
230,-1,1111.389,158.358,331.780,267.222,0.947,-1,-1,-1
231,-1,568.459,298.328,396.464,302.214,0.998,-1,-1,-1
231,-1,1479.599,295.975,432.972,307.372,0.947,-1,-1,-1
231,-1,436.918,44.265,228.325,225.648,0.980,-1,-1,-1
231,-1,1110.761,158.251,332.956,267.942,0.951,-1,-1,-1
232,-1,450.335,41.112,251.865,245.642,0.983,-1,-1,-1
232,-1,582.759,372.342,467.421,364.842,0.999,-1,-1,-1
232,-1,1026.004,135.118,295.584,242.755,0.903,-1,-1,-1
232,-1,1323.108,251.090,356.698,265.108,0.617,-1,-1,-1
233,-1,454.079,40.578,250.726,247.948,0.981,-1,-1,-1
233,-1,585.807,383.417,475.990,376.070,0.999,-1,-1,-1
233,-1,1018.208,130.390,289.420,244.634,0.687,-1,-1,-1
233,-1,1304.459,243.803,351.669,258.936,0.533,-1,-1,-1
234,-1,1517.783,319.457,400.846,337.041,0.592,-1,-1,-1
234,-1,456.276,48.644,251.295,241.471,0.985,-1,-1,-1
234,-1,589.848,398.309,486.164,378.332,0.999,-1,-1,-1
234,-1,998.809,120.466,297.670,252.197,0.720,-1,-1,-1
235,-1,1483.694,308.954,435.125,334.466,0.517,-1,-1,-1
235,-1,458.452,42.523,253.781,250.319,0.985,-1,-1,-1
235,-1,594.581,405.876,497.803,390.771,0.999,-1,-1,-1
235,-1,999.126,119.357,283.661,245.451,0.854,-1,-1,-1
236,-1,1467.686,308.439,449.474,314.962,0.634,-1,-1,-1
236,-1,459.804,42.534,257.150,250.348,0.980,-1,-1,-1
236,-1,600.994,424.431,509.291,397.755,0.998,-1,-1,-1
236,-1,976.611,111.198,297.166,249.689,0.816,-1,-1,-1
237,-1,1445.210,302.721,457.460,306.877,0.659,-1,-1,-1
237,-1,461.481,43.238,261.776,252.671,0.980,-1,-1,-1
237,-1,604.315,437.239,521.798,414.337,0.998,-1,-1,-1
237,-1,975.200,113.181,283.977,242.911,0.914,-1,-1,-1
238,-1,1435.080,300.475,434.053,298.152,0.580,-1,-1,-1
238,-1,954.940,110.758,294.539,242.591,0.828,-1,-1,-1
238,-1,465.332,40.733,263.361,256.446,0.965,-1,-1,-1
238,-1,609.388,449.624,534.091,424.003,0.998,-1,-1,-1
239,-1,1407.863,292.562,432.599,299.596,0.535,-1,-1,-1
239,-1,955.088,110.303,284.607,239.419,0.910,-1,-1,-1
239,-1,467.411,41.249,266.081,259.695,0.974,-1,-1,-1
239,-1,615.815,468.724,542.884,425.796,0.998,-1,-1,-1
240,-1,947.526,112.143,281.493,234.370,0.931,-1,-1,-1
240,-1,473.545,47.294,263.258,256.380,0.987,-1,-1,-1
240,-1,620.091,483.983,556.358,432.420,0.998,-1,-1,-1
241,-1,1362.435,284.892,420.492,289.723,0.528,-1,-1,-1
241,-1,936.969,114.256,283.114,231.798,0.940,-1,-1,-1
241,-1,472.630,49.301,269.008,255.701,0.984,-1,-1,-1
241,-1,629.796,494.958,563.905,447.867,0.998,-1,-1,-1
242,-1,1362.617,285.007,420.335,289.654,0.535,-1,-1,-1
242,-1,936.949,114.319,283.155,231.422,0.938,-1,-1,-1
242,-1,472.653,49.262,269.037,255.817,0.984,-1,-1,-1
242,-1,629.834,494.974,563.926,447.869,0.998,-1,-1,-1
243,-1,1362.489,284.989,420.359,289.689,0.541,-1,-1,-1
243,-1,936.938,114.303,283.085,231.548,0.940,-1,-1,-1
243,-1,472.549,49.055,269.172,256.031,0.984,-1,-1,-1
243,-1,629.795,495.003,563.864,447.832,0.998,-1,-1,-1
244,-1,1362.306,284.888,420.620,289.868,0.545,-1,-1,-1
244,-1,936.953,114.209,283.531,231.889,0.938,-1,-1,-1
244,-1,472.607,49.021,269.213,256.124,0.984,-1,-1,-1
244,-1,629.816,494.997,563.837,447.835,0.998,-1,-1,-1
245,-1,1362.292,284.755,420.647,289.970,0.537,-1,-1,-1
245,-1,936.867,114.108,283.274,231.757,0.937,-1,-1,-1
245,-1,472.656,48.973,269.153,256.136,0.983,-1,-1,-1
245,-1,629.796,494.988,563.914,447.782,0.998,-1,-1,-1
246,-1,1362.150,284.654,420.851,290.174,0.524,-1,-1,-1
246,-1,936.526,114.184,283.948,231.821,0.941,-1,-1,-1
246,-1,472.766,49.333,268.734,255.828,0.984,-1,-1,-1
246,-1,629.733,495.012,563.902,447.738,0.998,-1,-1,-1
247,-1,1362.166,284.712,420.877,290.219,0.528,-1,-1,-1
247,-1,936.579,114.156,284.075,231.870,0.941,-1,-1,-1
247,-1,472.689,49.272,268.880,255.857,0.984,-1,-1,-1
247,-1,629.724,495.003,563.924,447.710,0.998,-1,-1,-1
248,-1,1362.039,284.711,421.035,290.126,0.536,-1,-1,-1
248,-1,936.603,114.087,283.995,232.086,0.942,-1,-1,-1
248,-1,472.701,49.167,268.890,255.913,0.984,-1,-1,-1
248,-1,629.712,495.012,563.965,447.726,0.998,-1,-1,-1
249,-1,1361.990,284.751,421.064,290.099,0.529,-1,-1,-1
249,-1,936.549,114.092,284.054,232.042,0.942,-1,-1,-1
249,-1,472.770,49.056,268.840,256.020,0.984,-1,-1,-1
249,-1,629.741,494.980,563.999,447.740,0.998,-1,-1,-1
250,-1,1362.073,284.823,420.981,289.970,0.534,-1,-1,-1
250,-1,936.542,114.106,284.086,232.122,0.942,-1,-1,-1
250,-1,472.784,49.105,268.812,255.926,0.984,-1,-1,-1
250,-1,629.731,494.962,563.972,447.738,0.998,-1,-1,-1
251,-1,1362.104,284.586,420.869,290.171,0.511,-1,-1,-1
251,-1,936.552,114.064,284.466,232.214,0.940,-1,-1,-1
251,-1,472.791,49.185,268.907,255.807,0.984,-1,-1,-1
251,-1,629.717,494.948,563.954,447.761,0.998,-1,-1,-1
252,-1,860.313,117.651,263.538,214.577,0.803,-1,-1,-1
252,-1,513.798,45.421,289.127,286.649,0.988,-1,-1,-1
252,-1,1179.701,218.784,364.990,257.599,0.569,-1,-1,-1
253,-1,852.425,116.301,263.071,206.199,0.809,-1,-1,-1
253,-1,516.976,45.806,295.341,288.930,0.989,-1,-1,-1
254,-1,522.972,44.093,296.324,294.050,0.987,-1,-1,-1
254,-1,1162.748,213.237,349.131,250.579,0.508,-1,-1,-1
255,-1,526.450,44.450,298.010,296.181,0.983,-1,-1,-1
256,-1,1072.022,198.177,408.599,254.225,0.634,-1,-1,-1
256,-1,532.156,42.237,303.272,299.720,0.982,-1,-1,-1
257,-1,541.389,46.651,300.774,299.039,0.984,-1,-1,-1
258,-1,546.797,43.866,302.680,304.523,0.986,-1,-1,-1
259,-1,551.643,39.812,305.883,313.205,0.979,-1,-1,-1
260,-1,557.615,40.326,307.784,318.119,0.984,-1,-1,-1
261,-1,561.585,39.300,312.112,321.037,0.956,-1,-1,-1
261,-1,987.398,185.111,424.597,240.527,0.748,-1,-1,-1
262,-1,1094.177,192.728,311.363,228.140,0.877,-1,-1,-1
262,-1,569.923,37.863,316.275,325.382,0.969,-1,-1,-1
263,-1,1094.896,191.417,299.295,223.142,0.765,-1,-1,-1
263,-1,1597.260,220.801,321.829,262.048,0.614,-1,-1,-1
263,-1,578.535,39.630,320.016,329.395,0.956,-1,-1,-1
264,-1,1086.602,189.346,297.673,219.816,0.646,-1,-1,-1
264,-1,1577.626,217.887,340.442,259.564,0.541,-1,-1,-1
264,-1,581.131,42.094,329.821,336.664,0.964,-1,-1,-1
265,-1,1070.841,187.468,302.666,219.048,0.724,-1,-1,-1
265,-1,1552.550,212.485,363.244,254.406,0.857,-1,-1,-1
265,-1,591.589,43.706,328.145,340.094,0.972,-1,-1,-1
266,-1,1535.924,207.644,359.536,249.003,0.834,-1,-1,-1
266,-1,598.077,41.476,329.451,347.620,0.974,-1,-1,-1
267,-1,1054.454,179.805,296.650,216.325,0.561,-1,-1,-1
267,-1,604.499,44.987,334.518,350.536,0.977,-1,-1,-1
267,-1,1519.443,204.390,343.630,244.758,0.932,-1,-1,-1
268,-1,613.186,46.728,335.492,353.041,0.983,-1,-1,-1
268,-1,1042.913,178.007,296.541,212.537,0.787,-1,-1,-1
268,-1,1502.035,200.720,337.461,239.067,0.890,-1,-1,-1
269,-1,617.876,46.509,349.027,361.400,0.970,-1,-1,-1
269,-1,1031.052,175.452,294.709,212.062,0.941,-1,-1,-1
269,-1,1484.931,195.690,328.388,237.592,0.890,-1,-1,-1
270,-1,625.526,47.602,347.914,365.118,0.963,-1,-1,-1
270,-1,1011.044,171.717,301.716,213.432,0.968,-1,-1,-1
270,-1,1466.396,193.929,323.144,232.579,0.899,-1,-1,-1
271,-1,631.559,49.187,352.993,369.535,0.958,-1,-1,-1
271,-1,987.301,170.732,308.534,211.666,0.928,-1,-1,-1
271,-1,1447.475,191.470,317.773,228.483,0.963,-1,-1,-1
272,-1,642.042,51.408,356.417,372.977,0.904,-1,-1,-1
272,-1,956.950,163.485,315.829,217.398,0.901,-1,-1,-1
272,-1,1430.369,189.695,315.567,222.680,0.938,-1,-1,-1
273,-1,648.302,64.564,606.405,366.438,0.790,-1,-1,-1
273,-1,1418.741,187.444,307.827,219.391,0.920,-1,-1,-1
273,-1,940.888,154.224,314.033,224.720,0.581,-1,-1,-1
274,-1,653.735,55.135,580.663,385.004,0.828,-1,-1,-1
274,-1,1402.953,185.045,303.884,215.732,0.904,-1,-1,-1
275,-1,661.596,57.617,384.627,384.068,0.850,-1,-1,-1
275,-1,1386.683,183.540,298.842,213.082,0.935,-1,-1,-1
276,-1,667.954,55.975,384.728,394.355,0.972,-1,-1,-1
276,-1,1376.340,181.520,290.406,210.074,0.932,-1,-1,-1
277,-1,675.301,60.524,421.303,397.066,0.882,-1,-1,-1
277,-1,1356.599,177.056,290.872,209.721,0.962,-1,-1,-1
278,-1,683.981,63.712,401.758,400.608,0.921,-1,-1,-1
278,-1,1342.999,174.452,295.489,208.652,0.854,-1,-1,-1
279,-1,691.118,64.651,402.769,408.836,0.950,-1,-1,-1
279,-1,1328.508,172.083,286.640,206.618,0.721,-1,-1,-1
280,-1,690.957,64.672,403.031,408.995,0.949,-1,-1,-1
280,-1,1328.501,172.067,286.598,206.588,0.707,-1,-1,-1
281,-1,689.598,64.347,404.635,408.983,0.945,-1,-1,-1
281,-1,1329.047,172.217,285.786,206.191,0.769,-1,-1,-1
282,-1,689.469,64.408,404.768,408.939,0.944,-1,-1,-1
282,-1,1329.031,172.067,286.009,206.311,0.779,-1,-1,-1
283,-1,689.438,64.314,404.755,409.210,0.944,-1,-1,-1
283,-1,1328.958,172.126,286.102,206.322,0.771,-1,-1,-1
284,-1,689.532,64.192,404.613,409.344,0.945,-1,-1,-1
284,-1,1329.079,172.057,286.054,206.287,0.799,-1,-1,-1
285,-1,689.502,64.266,404.680,409.436,0.944,-1,-1,-1
285,-1,1329.041,172.084,286.279,206.222,0.803,-1,-1,-1
286,-1,689.315,64.116,405.087,409.725,0.943,-1,-1,-1
286,-1,1329.083,171.959,286.041,206.497,0.796,-1,-1,-1
287,-1,689.375,64.155,404.968,409.568,0.943,-1,-1,-1
287,-1,1328.984,171.929,286.149,206.474,0.801,-1,-1,-1
288,-1,689.351,64.160,404.985,409.564,0.943,-1,-1,-1
288,-1,1328.988,171.941,286.072,206.509,0.804,-1,-1,-1
289,-1,690.124,64.602,404.383,408.890,0.947,-1,-1,-1
289,-1,1329.769,171.878,284.694,206.475,0.816,-1,-1,-1
290,-1,690.189,64.638,404.283,408.890,0.947,-1,-1,-1
290,-1,1329.830,171.962,284.561,206.387,0.822,-1,-1,-1
291,-1,690.330,64.634,404.085,408.910,0.949,-1,-1,-1
291,-1,1329.791,171.922,284.587,206.459,0.824,-1,-1,-1
292,-1,1427.621,269.776,411.781,284.821,0.902,-1,-1,-1
292,-1,213.079,160.062,451.388,193.544,0.994,-1,-1,-1
292,-1,824.195,108.649,512.089,493.845,0.989,-1,-1,-1
293,-1,1407.627,265.969,401.694,279.733,0.613,-1,-1,-1
293,-1,185.005,158.475,457.668,194.860,0.996,-1,-1,-1
293,-1,836.872,127.643,516.625,490.662,0.976,-1,-1,-1
294,-1,1391.266,259.999,393.364,275.348,0.871,-1,-1,-1
294,-1,159.892,157.491,455.142,196.022,0.996,-1,-1,-1
294,-1,847.070,121.053,533.144,511.615,0.983,-1,-1,-1
295,-1,681.106,120.646,278.968,162.187,0.759,-1,-1,-1
295,-1,137.554,158.756,450.835,194.929,0.996,-1,-1,-1
295,-1,1376.734,255.731,384.616,271.210,0.619,-1,-1,-1
295,-1,865.669,116.767,544.647,531.728,0.980,-1,-1,-1
296,-1,688.811,122.728,271.625,158.177,0.951,-1,-1,-1
296,-1,122.705,158.545,444.339,196.437,0.994,-1,-1,-1
296,-1,883.573,122.876,561.334,551.065,0.986,-1,-1,-1
297,-1,671.105,122.144,290.278,157.854,0.987,-1,-1,-1
297,-1,110.247,158.548,438.876,195.108,0.993,-1,-1,-1
297,-1,906.020,127.012,574.006,566.521,0.990,-1,-1,-1
298,-1,695.304,123.908,266.759,154.525,0.966,-1,-1,-1
298,-1,97.243,159.965,434.303,193.665,0.990,-1,-1,-1
298,-1,924.667,132.886,596.478,577.169,0.981,-1,-1,-1
299,-1,960.873,282.599,558.155,425.988,0.666,-1,-1,-1
299,-1,707.144,125.052,246.196,151.287,0.955,-1,-1,-1
299,-1,90.036,160.707,425.722,194.072,0.990,-1,-1,-1
299,-1,947.010,143.033,623.914,595.958,0.987,-1,-1,-1