1,-1,1704.488,498.428,856.161,517.307,0.890,-1,-1,-1
1,-1,101.506,418.860,232.532,182.223,0.989,-1,-1,-1
2,-1,1704.371,498.912,856.300,516.139,0.876,-1,-1,-1
2,-1,97.304,414.755,226.808,180.742,0.978,-1,-1,-1
3,-1,1703.524,499.382,857.208,515.622,0.881,-1,-1,-1
3,-1,90.611,410.358,225.219,178.541,0.994,-1,-1,-1
4,-1,1703.163,499.702,857.571,515.384,0.887,-1,-1,-1
4,-1,85.602,405.745,220.638,178.170,0.993,-1,-1,-1
5,-1,1702.954,499.237,857.721,515.940,0.887,-1,-1,-1
5,-1,83.300,404.702,217.796,172.677,0.993,-1,-1,-1
6,-1,1702.807,499.211,857.858,516.082,0.892,-1,-1,-1
6,-1,78.111,400.125,213.358,172.343,0.993,-1,-1,-1
7,-1,1702.895,498.877,857.748,516.113,0.896,-1,-1,-1
7,-1,73.809,395.879,208.377,171.747,0.990,-1,-1,-1
8,-1,1703.089,498.978,857.543,516.164,0.898,-1,-1,-1
8,-1,69.449,392.257,202.762,168.241,0.991,-1,-1,-1
9,-1,1702.970,498.877,857.614,516.060,0.900,-1,-1,-1
9,-1,65.590,389.953,199.351,165.076,0.985,-1,-1,-1
10,-1,1702.667,498.714,857.903,516.160,0.898,-1,-1,-1
10,-1,60.472,385.719,196.017,163.476,0.983,-1,-1,-1
11,-1,1701.520,498.029,858.929,516.677,0.904,-1,-1,-1
11,-1,57.480,382.369,192.573,161.507,0.980,-1,-1,-1
12,-1,1701.532,498.047,858.928,516.808,0.903,-1,-1,-1
12,-1,52.917,379.295,189.090,161.272,0.985,-1,-1,-1
13,-1,1701.535,498.925,858.685,515.517,0.897,-1,-1,-1
13,-1,51.502,377.681,185.386,160.305,0.983,-1,-1,-1
14,-1,0.696,630.433,96.009,285.864,0.814,-1,-1,-1
14,-1,1701.317,498.840,858.864,515.851,0.903,-1,-1,-1
14,-1,47.038,374.208,181.861,159.410,0.954,-1,-1,-1
15,-1,1.450,608.077,158.494,329.446,0.916,-1,-1,-1
15,-1,1700.395,499.080,859.786,515.827,0.897,-1,-1,-1
15,-1,42.459,371.547,181.601,157.634,0.944,-1,-1,-1
16,-1,1700.319,498.841,859.883,516.338,0.886,-1,-1,-1
16,-1,2.048,592.674,226.676,375.253,0.917,-1,-1,-1
16,-1,38.798,369.411,180.111,156.861,0.907,-1,-1,-1
17,-1,1700.942,498.998,859.244,516.043,0.874,-1,-1,-1
17,-1,2.277,602.823,308.938,398.932,0.942,-1,-1,-1
17,-1,36.941,367.742,176.783,155.471,0.879,-1,-1,-1
18,-1,1699.525,498.881,860.658,516.437,0.882,-1,-1,-1
18,-1,3.551,606.566,390.272,416.041,0.969,-1,-1,-1
18,-1,35.289,362.627,175.918,157.096,0.527,-1,-1,-1
18,-1,35.085,367.627,178.127,156.235,0.691,-1,-1,-1
19,-1,1700.282,498.832,860.008,516.943,0.867,-1,-1,-1
19,-1,4.616,606.355,484.723,454.317,0.987,-1,-1,-1
19,-1,32.905,358.354,171.169,157.090,0.558,-1,-1,-1
20,-1,1700.671,498.165,859.665,518.160,0.859,-1,-1,-1
20,-1,4.393,621.549,601.929,472.613,0.980,-1,-1,-1
21,-1,1699.630,496.529,860.707,520.114,0.839,-1,-1,-1
21,-1,5.558,619.594,755.351,530.381,0.987,-1,-1,-1
22,-1,1699.813,496.166,860.602,519.257,0.805,-1,-1,-1
22,-1,4.421,621.559,951.735,580.120,0.979,-1,-1,-1
23,-1,1698.873,495.924,861.524,519.743,0.801,-1,-1,-1
23,-1,13.779,629.554,1145.338,638.422,0.991,-1,-1,-1
24,-1,1697.894,495.813,862.822,519.544,0.764,-1,-1,-1
24,-1,96.584,647.177,1311.240,689.242,0.996,-1,-1,-1
25,-1,1699.035,496.870,861.752,519.453,0.732,-1,-1,-1
25,-1,204.103,682.235,1486.198,720.251,0.994,-1,-1,-1
26,-1,1697.215,499.155,863.439,516.720,0.646,-1,-1,-1
26,-1,371.254,709.587,1603.179,772.702,0.993,-1,-1,-1
27,-1,505.279,726.967,1823.170,817.877,0.994,-1,-1,-1
28,-1,729.330,735.338,1815.948,878.613,0.971,-1,-1,-1
29,-1,971.719,746.718,1597.004,893.223,0.945,-1,-1,-1
30,-1,1275.839,807.695,1283.572,793.916,0.964,-1,-1,-1
31,-1,1619.798,891.890,930.707,713.142,0.957,-1,-1,-1
32,-1,1705.540,500.182,854.018,525.392,0.765,-1,-1,-1
33,-1,1702.200,497.967,857.859,518.145,0.916,-1,-1,-1
34,-1,1703.777,497.711,856.773,515.489,0.899,-1,-1,-1
35,-1,1703.671,497.547,856.887,515.336,0.903,-1,-1,-1
36,-1,1703.671,497.647,856.891,515.352,0.900,-1,-1,-1
37,-1,1703.998,497.789,856.570,515.271,0.898,-1,-1,-1
38,-1,1703.948,497.553,856.589,515.635,0.895,-1,-1,-1
39,-1,1704.277,497.544,856.207,515.583,0.889,-1,-1,-1
40,-1,1703.758,497.440,856.741,516.073,0.894,-1,-1,-1
41,-1,1703.200,496.632,857.317,518.109,0.900,-1,-1,-1
42,-1,1700.254,494.552,860.227,520.696,0.894,-1,-1,-1
43,-1,1696.629,494.124,863.792,521.108,0.899,-1,-1,-1
44,-1,1690.839,492.770,869.502,520.521,0.911,-1,-1,-1
45,-1,1686.600,494.093,873.720,519.350,0.926,-1,-1,-1
46,-1,1675.127,494.610,884.980,520.446,0.936,-1,-1,-1
47,-1,1661.873,492.483,898.239,522.453,0.935,-1,-1,-1
48,-1,1646.349,493.449,913.522,522.280,0.946,-1,-1,-1
49,-1,1627.706,490.274,932.364,521.859,0.947,-1,-1,-1
50,-1,1601.483,488.298,959.621,523.747,0.971,-1,-1,-1
51,-1,1567.918,490.187,993.420,524.089,0.971,-1,-1,-1
52,-1,1540.860,492.913,1020.093,522.443,0.975,-1,-1,-1
53,-1,1496.528,490.349,1065.105,528.336,0.978,-1,-1,-1
54,-1,1435.903,492.919,1125.631,526.290,0.980,-1,-1,-1
55,-1,1374.674,493.627,1184.927,528.379,0.978,-1,-1,-1
56,-1,1312.465,491.674,1248.048,531.893,0.972,-1,-1,-1
57,-1,1232.286,491.486,1329.635,531.686,0.985,-1,-1,-1
58,-1,1165.277,497.238,1397.740,523.326,0.979,-1,-1,-1
59,-1,1083.135,496.978,1456.626,521.697,0.989,-1,-1,-1
60,-1,1005.774,509.145,1442.373,506.520,0.993,-1,-1,-1
61,-1,917.335,515.561,1439.931,503.024,0.991,-1,-1,-1
62,-1,825.248,509.855,1418.712,506.690,0.990,-1,-1,-1
63,-1,716.513,508.714,1428.262,511.057,0.990,-1,-1,-1
64,-1,611.599,503.161,1416.465,520.164,0.987,-1,-1,-1
65,-1,501.142,504.141,1403.481,521.802,0.982,-1,-1,-1
66,-1,375.093,501.116,1424.541,524.843,0.985,-1,-1,-1
67,-1,246.199,501.825,1430.200,523.122,0.986,-1,-1,-1
68,-1,152.651,492.210,1386.799,529.793,0.988,-1,-1,-1
69,-1,53.702,494.975,1352.618,528.625,0.985,-1,-1,-1
70,-1,15.087,494.181,1266.831,525.070,0.953,-1,-1,-1
71,-1,9.005,501.674,1167.568,520.099,0.958,-1,-1,-1
72,-1,4.170,509.023,1057.875,507.396,0.945,-1,-1,-1
73,-1,3.868,510.033,929.450,510.104,0.941,-1,-1,-1
74,-1,5.207,514.270,790.075,509.187,0.952,-1,-1,-1
75,-1,6.138,523.104,660.734,497.261,0.944,-1,-1,-1
76,-1,3.845,545.863,547.684,474.853,0.930,-1,-1,-1
77,-1,4.486,594.529,448.587,429.365,0.912,-1,-1,-1
78,-1,1892.009,513.068,665.988,491.252,0.684,-1,-1,-1
78,-1,2.165,599.812,339.282,392.867,0.868,-1,-1,-1
79,-1,1768.655,496.215,791.107,513.305,0.813,-1,-1,-1
79,-1,1.918,596.114,212.346,385.259,0.706,-1,-1,-1
80,-1,1660.106,488.769,899.598,524.616,0.940,-1,-1,-1
81,-1,1537.087,491.501,1024.361,522.976,0.966,-1,-1,-1
82,-1,1394.554,490.947,1166.275,529.759,0.978,-1,-1,-1
83,-1,1254.696,490.657,1306.970,532.419,0.967,-1,-1,-1
84,-1,1128.110,505.127,1431.186,514.331,0.984,-1,-1,-1
85,-1,999.980,513.545,1421.564,507.762,0.992,-1,-1,-1
86,-1,863.139,505.186,1405.220,513.720,0.974,-1,-1,-1
87,-1,708.243,502.424,1404.018,499.927,0.638,-1,-1,-1
88,-1,6.838,661.849,1919.058,894.754,0.916,-1,-1,-1
89,-1,233.970,713.897,2061.762,850.215,0.995,-1,-1,-1
90,-1,293.244,629.890,2209.587,933.721,0.800,-1,-1,-1
90,-1,630.788,725.078,1916.893,842.234,0.897,-1,-1,-1
91,-1,103.749,495.242,1347.200,525.183,0.570,-1,-1,-1
91,-1,1055.064,677.923,1504.766,888.681,0.952,-1,-1,-1
92,-1,23.903,493.177,1283.844,532.476,0.944,-1,-1,-1
92,-1,1446.571,669.687,1104.779,883.543,0.917,-1,-1,-1
93,-1,1821.375,657.578,734.873,895.317,0.752,-1,-1,-1
93,-1,9.663,495.151,1162.623,532.055,0.940,-1,-1,-1
94,-1,4.734,509.624,1025.048,515.582,0.931,-1,-1,-1
95,-1,5.841,509.409,872.511,523.259,0.827,-1,-1,-1
96,-1,1882.949,498.437,675.843,368.517,0.578,-1,-1,-1
96,-1,6.369,520.706,701.832,507.964,0.822,-1,-1,-1
97,-1,1773.432,496.257,787.134,373.530,0.799,-1,-1,-1
97,-1,3.744,577.926,561.430,452.805,0.808,-1,-1,-1
98,-1,1676.187,494.858,883.095,371.973,0.947,-1,-1,-1
98,-1,4.423,599.141,440.372,425.231,0.702,-1,-1,-1
99,-1,1571.594,506.705,942.106,354.802,0.984,-1,-1,-1
100,-1,1461.641,514.596,942.337,346.308,0.989,-1,-1,-1
101,-1,1355.474,513.605,941.759,344.010,0.980,-1,-1,-1
102,-1,1250.012,508.584,938.617,341.272,0.982,-1,-1,-1
103,-1,1153.081,504.421,922.656,342.878,0.977,-1,-1,-1
104,-1,1059.678,504.796,906.285,342.449,0.982,-1,-1,-1
105,-1,970.516,504.636,888.308,342.089,0.988,-1,-1,-1
106,-1,891.661,503.373,871.050,343.406,0.983,-1,-1,-1
107,-1,813.333,501.396,850.727,341.308,0.978,-1,-1,-1
108,-1,5.110,815.396,553.421,628.155,0.568,-1,-1,-1
108,-1,730.284,507.785,853.223,335.830,0.983,-1,-1,-1
109,-1,4.056,755.145,945.511,689.603,0.778,-1,-1,-1
109,-1,662.336,501.779,833.507,340.528,0.972,-1,-1,-1
110,-1,599.262,502.326,802.014,337.302,0.924,-1,-1,-1
110,-1,17.033,745.529,1350.984,696.405,0.935,-1,-1,-1
111,-1,530.989,503.727,793.662,332.033,0.566,-1,-1,-1
111,-1,102.045,758.956,1711.456,683.924,0.994,-1,-1,-1
112,-1,488.642,494.360,759.155,331.812,0.876,-1,-1,-1
112,-1,501.178,764.290,1727.979,694.891,0.997,-1,-1,-1
113,-1,423.767,499.693,747.738,320.957,0.986,-1,-1,-1
113,-1,948.141,738.651,1615.458,716.547,0.993,-1,-1,-1
114,-1,378.761,491.571,717.432,322.792,0.996,-1,-1,-1
114,-1,1384.380,730.741,1172.248,723.133,0.959,-1,-1,-1
115,-1,1815.542,749.102,742.042,688.190,0.902,-1,-1,-1
115,-1,328.887,491.421,702.726,319.621,0.996,-1,-1,-1
116,-1,298.219,485.821,667.756,320.304,0.998,-1,-1,-1
117,-1,265.241,479.594,642.563,319.081,0.999,-1,-1,-1
118,-1,237.249,478.180,609.639,312.261,0.999,-1,-1,-1
119,-1,217.894,470.852,570.721,309.193,0.999,-1,-1,-1
120,-1,194.265,466.044,541.385,304.016,0.999,-1,-1,-1
121,-1,178.361,463.634,510.799,293.899,0.999,-1,-1,-1
122,-1,170.730,463.369,473.820,284.016,0.999,-1,-1,-1
123,-1,161.242,461.954,451.170,279.146,0.999,-1,-1,-1
124,-1,140.316,453.774,438.377,279.630,0.997,-1,-1,-1
124,-1,3.807,758.631,569.132,580.174,0.874,-1,-1,-1
125,-1,3.541,720.993,995.328,628.046,0.767,-1,-1,-1
125,-1,127.045,454.432,415.055,270.569,0.981,-1,-1,-1
126,-1,20.167,714.356,1422.032,634.647,0.975,-1,-1,-1
126,-1,119.925,448.972,394.618,270.267,0.961,-1,-1,-1
127,-1,118.133,442.788,371.104,264.080,0.952,-1,-1,-1
127,-1,398.481,722.454,1486.109,627.189,0.994,-1,-1,-1
128,-1,110.438,441.042,350.757,254.024,0.973,-1,-1,-1
128,-1,840.687,725.976,1521.743,625.180,0.997,-1,-1,-1
129,-1,106.879,439.722,328.616,245.188,0.988,-1,-1,-1
129,-1,1271.555,701.636,1292.790,654.190,0.987,-1,-1,-1
130,-1,1737.627,711.660,822.494,630.382,0.965,-1,-1,-1
130,-1,100.671,436.163,316.563,237.980,0.991,-1,-1,-1
131,-1,2147.400,717.169,412.788,600.201,0.737,-1,-1,-1
131,-1,96.721,434.005,305.467,230.423,0.993,-1,-1,-1
132,-1,95.853,433.026,285.410,224.568,0.993,-1,-1,-1
133,-1,92.456,425.859,276.159,226.763,0.994,-1,-1,-1
134,-1,89.734,420.793,265.358,221.363,0.991,-1,-1,-1
135,-1,85.306,417.432,261.292,218.221,0.983,-1,-1,-1
136,-1,83.225,412.843,252.586,214.715,0.993,-1,-1,-1
137,-1,80.472,411.948,252.241,206.908,0.997,-1,-1,-1
138,-1,75.188,407.055,249.073,203.873,0.995,-1,-1,-1
139,-1,72.592,405.554,243.166,197.685,0.997,-1,-1,-1
140,-1,66.726,396.860,241.735,198.711,0.998,-1,-1,-1
141,-1,66.626,393.189,229.534,197.074,0.997,-1,-1,-1
142,-1,64.506,395.162,227.147,189.317,0.997,-1,-1,-1
143,-1,62.340,389.988,222.047,187.567,0.996,-1,-1,-1
144,-1,58.773,385.095,215.966,183.908,0.990,-1,-1,-1
145,-1,56.606,381.654,211.057,179.028,0.993,-1,-1,-1
146,-1,54.071,379.788,206.802,175.241,0.993,-1,-1,-1
147,-1,50.749,374.989,204.320,175.679,0.990,-1,-1,-1
148,-1,48.078,369.835,199.116,175.355,0.991,-1,-1,-1
149,-1,46.273,369.313,195.118,170.231,0.991,-1,-1,-1
150,-1,43.516,366.656,192.615,167.595,0.985,-1,-1,-1
151,-1,41.463,365.044,190.598,167.395,0.987,-1,-1,-1
152,-1,40.006,362.141,185.307,166.315,0.981,-1,-1,-1
153,-1,38.470,359.585,180.277,163.510,0.982,-1,-1,-1
154,-1,2021.079,494.035,537.473,379.182,0.610,-1,-1,-1
154,-1,35.322,354.844,177.977,164.159,0.983,-1,-1,-1
155,-1,1918.181,486.123,640.141,388.786,0.684,-1,-1,-1
155,-1,32.710,351.146,175.965,162.778,0.955,-1,-1,-1
156,-1,1796.531,482.501,763.908,393.508,0.825,-1,-1,-1
156,-1,30.897,350.150,174.837,161.049,0.918,-1,-1,-1
157,-1,1687.386,477.941,873.525,402.647,0.925,-1,-1,-1
157,-1,28.515,346.124,174.222,161.074,0.870,-1,-1,-1
158,-1,1577.260,473.918,983.504,407.684,0.964,-1,-1,-1
158,-1,26.835,343.675,172.613,161.024,0.866,-1,-1,-1
159,-1,1450.247,478.143,1108.060,399.064,0.970,-1,-1,-1
159,-1,24.001,344.805,172.090,157.512,0.749,-1,-1,-1
160,-1,1334.071,485.744,1122.754,389.954,0.977,-1,-1,-1
160,-1,22.971,339.907,168.501,157.533,0.769,-1,-1,-1
161,-1,20.716,333.849,162.838,160.327,0.836,-1,-1,-1
161,-1,1217.933,483.747,1105.528,380.979,0.982,-1,-1,-1
162,-1,18.399,329.458,162.347,161.434,0.712,-1,-1,-1
162,-1,1115.913,486.750,1105.914,374.390,0.982,-1,-1,-1
163,-1,15.598,325.736,160.637,159.659,0.625,-1,-1,-1
163,-1,1015.326,482.332,1104.324,380.274,0.986,-1,-1,-1
164,-1,919.952,482.541,1079.110,379.576,0.986,-1,-1,-1
164,-1,13.203,324.741,158.037,158.154,0.582,-1,-1,-1
165,-1,819.307,482.002,1050.630,382.051,0.976,-1,-1,-1
166,-1,729.434,487.313,1032.012,377.135,0.959,-1,-1,-1
167,-1,645.241,494.271,1022.442,368.314,0.978,-1,-1,-1
168,-1,571.168,491.257,1009.030,364.459,0.985,-1,-1,-1
169,-1,494.069,490.940,973.349,359.539,0.986,-1,-1,-1
170,-1,421.500,480.920,957.219,363.537,0.984,-1,-1,-1
171,-1,3.575,857.825,365.912,554.972,0.694,-1,-1,-1
171,-1,371.165,479.911,913.854,357.417,0.993,-1,-1,-1
172,-1,316.797,479.387,877.870,355.631,0.989,-1,-1,-1
172,-1,5.892,763.089,789.381,693.696,0.827,-1,-1,-1
173,-1,257.643,472.090,859.502,359.017,0.971,-1,-1,-1
173,-1,12.988,738.677,1279.131,705.040,0.936,-1,-1,-1
174,-1,229.384,474.748,825.813,338.142,0.963,-1,-1,-1
174,-1,12.102,756.251,1803.671,702.578,0.984,-1,-1,-1
175,-1,207.445,472.922,765.654,345.104,0.992,-1,-1,-1
175,-1,479.617,772.165,1809.380,697.066,0.998,-1,-1,-1
176,-1,178.729,469.011,720.911,340.805,0.997,-1,-1,-1
176,-1,1001.651,724.760,1564.314,742.279,0.987,-1,-1,-1
177,-1,156.298,461.850,671.604,338.578,0.998,-1,-1,-1
177,-1,1527.396,737.382,1031.569,719.644,0.981,-1,-1,-1
178,-1,2014.089,757.587,543.911,684.385,0.693,-1,-1,-1
178,-1,139.728,456.208,619.900,338.674,0.999,-1,-1,-1
179,-1,119.541,454.557,583.107,331.307,0.999,-1,-1,-1
180,-1,109.584,453.453,541.799,320.780,0.999,-1,-1,-1
181,-1,97.356,454.583,506.667,307.669,0.999,-1,-1,-1
182,-1,87.433,454.278,475.206,295.565,0.999,-1,-1,-1
183,-1,83.023,450.128,444.005,283.989,0.999,-1,-1,-1
184,-1,80.550,446.800,414.303,275.843,0.998,-1,-1,-1
185,-1,78.147,443.847,391.616,273.595,0.998,-1,-1,-1
186,-1,79.560,438.837,362.858,264.987,0.997,-1,-1,-1
187,-1,79.341,438.031,339.529,254.995,0.997,-1,-1,-1
188,-1,77.820,432.045,321.400,252.302,0.998,-1,-1,-1
189,-1,73.352,427.274,307.056,243.722,0.998,-1,-1,-1
190,-1,72.585,422.429,292.310,238.631,0.998,-1,-1,-1
191,-1,72.246,419.945,278.468,234.192,0.998,-1,-1,-1
192,-1,73.785,414.226,267.993,234.475,0.998,-1,-1,-1
193,-1,68.661,406.171,263.342,235.600,0.998,-1,-1,-1
194,-1,67.328,401.261,258.334,230.542,0.998,-1,-1,-1
195,-1,66.577,397.176,250.991,224.141,0.998,-1,-1,-1
196,-1,68.239,397.190,243.844,219.049,0.997,-1,-1,-1
197,-1,67.122,392.666,239.769,215.943,0.998,-1,-1,-1
198,-1,64.681,388.996,235.679,211.211,0.998,-1,-1,-1
199,-1,62.959,387.397,229.843,204.223,0.998,-1,-1,-1
200,-1,62.296,384.829,225.789,200.496,0.998,-1,-1,-1
201,-1,59.516,380.760,221.990,195.435,0.998,-1,-1,-1
202,-1,57.883,377.822,215.612,193.127,0.997,-1,-1,-1
203,-1,56.324,372.618,209.990,194.462,0.997,-1,-1,-1
204,-1,2026.087,493.688,532.214,376.841,0.599,-1,-1,-1
204,-1,53.768,370.203,208.088,191.577,0.996,-1,-1,-1
205,-1,1895.278,482.937,662.899,387.937,0.804,-1,-1,-1
205,-1,50.484,366.253,203.915,187.831,0.995,-1,-1,-1
206,-1,1752.293,470.752,808.522,398.267,0.910,-1,-1,-1
206,-1,46.315,364.622,203.760,184.284,0.994,-1,-1,-1
207,-1,1623.106,471.161,937.595,398.555,0.920,-1,-1,-1
207,-1,45.352,360.987,197.473,180.467,0.995,-1,-1,-1
208,-1,1489.135,472.169,1070.609,394.590,0.923,-1,-1,-1
208,-1,42.599,356.088,194.934,180.051,0.995,-1,-1,-1
209,-1,1342.684,476.671,1160.426,379.967,0.964,-1,-1,-1
209,-1,40.009,355.931,193.738,176.645,0.993,-1,-1,-1
210,-1,38.641,354.667,189.376,175.989,0.991,-1,-1,-1
210,-1,1209.378,469.964,1149.269,379.182,0.981,-1,-1,-1
211,-1,36.351,351.504,186.377,175.911,0.990,-1,-1,-1
211,-1,1079.005,468.136,1136.415,377.212,0.985,-1,-1,-1
212,-1,33.247,347.773,182.901,174.579,0.983,-1,-1,-1
212,-1,967.643,473.965,1091.986,372.014,0.987,-1,-1,-1
213,-1,858.463,469.478,1049.531,376.395,0.970,-1,-1,-1
213,-1,29.960,345.181,180.612,173.582,0.981,-1,-1,-1
214,-1,751.964,472.108,1024.843,376.154,0.961,-1,-1,-1
214,-1,27.358,344.562,178.153,169.047,0.969,-1,-1,-1
215,-1,667.837,468.050,1000.283,377.349,0.937,-1,-1,-1
215,-1,25.566,341.438,172.646,167.606,0.961,-1,-1,-1
216,-1,581.476,464.787,980.763,375.292,0.968,-1,-1,-1
216,-1,23.910,340.940,169.928,164.962,0.941,-1,-1,-1
217,-1,491.007,466.866,932.814,367.710,0.940,-1,-1,-1
217,-1,21.896,336.106,166.385,166.512,0.956,-1,-1,-1
218,-1,415.744,461.330,898.162,363.364,0.975,-1,-1,-1
218,-1,20.846,331.654,163.681,167.626,0.954,-1,-1,-1
219,-1,351.185,460.981,867.367,355.872,0.992,-1,-1,-1
219,-1,18.962,330.469,161.496,163.191,0.940,-1,-1,-1
220,-1,292.464,463.707,826.322,345.666,0.996,-1,-1,-1
220,-1,16.888,328.378,157.764,162.021,0.907,-1,-1,-1
221,-1,249.916,463.151,790.892,345.333,0.998,-1,-1,-1
221,-1,13.346,322.506,155.118,162.283,0.870,-1,-1,-1
222,-1,11.277,320.233,155.046,160.914,0.710,-1,-1,-1
222,-1,213.363,457.032,735.247,342.236,0.999,-1,-1,-1
222,-1,11.985,320.796,157.776,161.601,0.765,-1,-1,-1
223,-1,10.038,317.221,154.006,160.055,0.905,-1,-1,-1
223,-1,179.323,452.392,694.710,335.979,0.999,-1,-1,-1
224,-1,8.202,314.382,151.665,159.883,0.916,-1,-1,-1
224,-1,160.127,449.604,628.957,321.473,0.999,-1,-1,-1
225,-1,7.036,313.404,151.058,156.643,0.894,-1,-1,-1
225,-1,141.657,442.339,584.128,317.180,0.999,-1,-1,-1
226,-1,7.161,312.201,148.630,156.945,0.879,-1,-1,-1
226,-1,122.524,438.764,542.197,309.646,0.999,-1,-1,-1
227,-1,6.941,311.313,145.329,156.045,0.831,-1,-1,-1
227,-1,107.740,437.353,503.669,296.632,0.999,-1,-1,-1
228,-1,6.336,310.374,142.703,156.549,0.699,-1,-1,-1
228,-1,99.796,429.875,466.897,296.476,0.999,-1,-1,-1
229,-1,92.148,426.008,436.341,287.408,0.999,-1,-1,-1
230,-1,87.220,425.110,405.370,272.966,0.998,-1,-1,-1
231,-1,81.256,423.115,382.601,261.098,0.995,-1,-1,-1
232,-1,72.323,416.744,361.858,253.417,0.995,-1,-1,-1
233,-1,75.008,412.042,337.760,245.995,0.995,-1,-1,-1
234,-1,1821.015,549.579,739.592,323.414,0.882,-1,-1,-1
234,-1,76.851,410.962,309.648,238.712,0.992,-1,-1,-1
235,-1,1695.445,554.226,863.498,317.903,0.961,-1,-1,-1
235,-1,72.520,403.001,293.213,239.755,0.989,-1,-1,-1
236,-1,1576.004,565.166,909.117,306.592,0.987,-1,-1,-1
236,-1,66.650,398.429,282.407,233.076,0.994,-1,-1,-1
237,-1,59.737,394.256,278.843,226.508,0.987,-1,-1,-1
237,-1,1440.374,564.899,913.675,304.710,0.982,-1,-1,-1
238,-1,65.151,390.369,263.462,221.725,0.989,-1,-1,-1
238,-1,1317.617,560.536,902.812,306.326,0.985,-1,-1,-1
239,-1,64.136,385.864,255.105,219.708,0.987,-1,-1,-1
239,-1,1203.717,557.822,891.085,300.237,0.988,-1,-1,-1
240,-1,61.688,381.398,248.296,217.794,0.986,-1,-1,-1
240,-1,1088.290,553.475,879.583,305.784,0.991,-1,-1,-1
241,-1,61.377,377.606,245.721,214.870,0.995,-1,-1,-1
241,-1,997.234,554.578,854.596,303.766,0.991,-1,-1,-1
242,-1,58.031,374.287,238.705,207.906,0.996,-1,-1,-1
242,-1,908.184,557.357,827.300,299.989,0.992,-1,-1,-1
243,-1,56.233,371.356,231.655,204.971,0.995,-1,-1,-1
243,-1,810.730,557.645,819.824,293.385,0.991,-1,-1,-1
244,-1,728.747,552.685,808.401,294.199,0.994,-1,-1,-1
244,-1,51.875,368.938,224.161,199.030,0.990,-1,-1,-1
245,-1,659.671,553.057,769.529,288.522,0.995,-1,-1,-1
245,-1,48.082,368.129,221.449,195.466,0.991,-1,-1,-1
246,-1,583.737,546.328,749.093,287.552,0.997,-1,-1,-1
246,-1,46.633,363.246,218.334,194.606,0.986,-1,-1,-1
247,-1,526.434,544.677,719.308,283.720,0.989,-1,-1,-1
247,-1,45.184,360.037,211.453,191.118,0.989,-1,-1,-1
248,-1,472.330,542.841,682.909,279.466,0.999,-1,-1,-1
248,-1,43.924,356.670,204.966,189.669,0.993,-1,-1,-1
249,-1,413.073,538.384,658.090,275.837,0.999,-1,-1,-1
249,-1,40.535,354.405,200.078,184.074,0.991,-1,-1,-1
250,-1,363.754,532.392,626.832,276.884,0.999,-1,-1,-1
250,-1,38.658,350.655,194.880,182.959,0.987,-1,-1,-1
251,-1,326.518,524.638,597.156,277.973,0.999,-1,-1,-1
251,-1,35.585,349.121,190.349,180.494,0.979,-1,-1,-1
252,-1,306.190,522.568,561.794,269.981,0.996,-1,-1,-1
252,-1,30.635,345.098,188.481,181.292,0.979,-1,-1,-1
253,-1,269.823,514.886,534.392,267.357,0.999,-1,-1,-1
253,-1,28.898,344.411,183.749,176.251,0.972,-1,-1,-1
254,-1,254.696,510.956,493.298,260.459,0.999,-1,-1,-1
254,-1,26.169,339.889,182.280,176.424,0.966,-1,-1,-1
255,-1,246.017,507.481,451.734,252.340,0.999,-1,-1,-1
255,-1,23.906,337.978,180.052,172.036,0.957,-1,-1,-1
256,-1,24.315,335.391,174.410,170.645,0.943,-1,-1,-1
256,-1,229.918,499.706,417.980,247.653,0.999,-1,-1,-1
257,-1,22.466,331.701,171.219,170.172,0.934,-1,-1,-1
257,-1,217.988,494.723,396.343,241.548,0.999,-1,-1,-1
258,-1,20.087,329.938,170.118,167.944,0.939,-1,-1,-1
258,-1,204.097,487.623,380.748,239.900,0.999,-1,-1,-1
259,-1,18.773,327.416,167.836,167.111,0.909,-1,-1,-1
259,-1,195.460,478.430,361.339,238.769,0.999,-1,-1,-1
260,-1,16.434,325.849,164.150,163.646,0.883,-1,-1,-1
260,-1,188.402,475.886,336.717,232.034,0.999,-1,-1,-1
261,-1,13.672,321.568,158.296,165.148,0.870,-1,-1,-1
261,-1,178.509,470.952,327.925,228.169,0.999,-1,-1,-1
262,-1,12.083,320.047,156.547,163.764,0.745,-1,-1,-1
262,-1,170.658,465.462,318.205,226.408,0.998,-1,-1,-1
263,-1,11.212,317.660,153.287,163.807,0.696,-1,-1,-1
263,-1,163.217,462.953,300.473,218.634,0.999,-1,-1,-1
264,-1,9.291,315.519,150.191,161.597,0.597,-1,-1,-1
264,-1,151.102,459.146,296.119,213.697,0.998,-1,-1,-1
265,-1,140.211,451.791,288.498,212.527,0.998,-1,-1,-1
266,-1,129.158,448.845,282.967,207.294,0.997,-1,-1,-1
267,-1,120.389,443.940,274.193,203.423,0.997,-1,-1,-1
268,-1,111.390,440.775,264.707,198.925,0.997,-1,-1,-1
269,-1,99.771,437.140,261.459,194.893,0.996,-1,-1,-1
270,-1,91.632,432.257,254.766,194.366,0.997,-1,-1,-1
271,-1,84.396,429.294,249.475,192.197,0.997,-1,-1,-1
272,-1,78.951,422.997,244.598,189.857,0.997,-1,-1,-1
273,-1,70.691,417.067,238.289,187.167,0.997,-1,-1,-1
274,-1,64.587,411.797,236.522,186.916,0.988,-1,-1,-1
274,-1,65.369,409.425,234.764,188.030,0.739,-1,-1,-1
275,-1,57.910,408.506,230.846,183.618,0.995,-1,-1,-1
276,-1,53.667,406.632,220.538,178.781,0.996,-1,-1,-1
277,-1,48.016,403.301,215.213,177.345,0.996,-1,-1,-1
278,-1,44.919,400.133,210.946,172.802,0.996,-1,-1,-1
279,-1,44.212,394.859,201.483,169.202,0.995,-1,-1,-1
280,-1,42.453,392.834,198.263,167.358,0.994,-1,-1,-1
281,-1,6.294,719.470,492.074,742.899,0.798,-1,-1,-1
281,-1,39.075,387.302,194.950,169.179,0.989,-1,-1,-1
282,-1,6.353,581.660,936.533,897.770,0.656,-1,-1,-1
282,-1,35.209,382.709,191.528,168.110,0.939,-1,-1,-1
283,-1,16.882,582.221,1394.369,896.646,0.978,-1,-1,-1
283,-1,31.654,379.425,190.905,164.952,0.769,-1,-1,-1
284,-1,11.183,574.593,1897.835,902.710,0.988,-1,-1,-1
284,-1,30.600,376.672,187.894,164.998,0.903,-1,-1,-1
285,-1,136.939,585.708,2259.156,812.655,0.998,-1,-1,-1
285,-1,24.097,372.058,189.487,164.159,0.938,-1,-1,-1
286,-1,625.227,554.930,1913.809,924.087,0.868,-1,-1,-1
286,-1,26.980,374.169,176.890,159.896,0.937,-1,-1,-1
287,-1,27.824,370.835,172.786,158.519,0.915,-1,-1,-1
287,-1,1137.805,530.138,1428.173,962.386,0.962,-1,-1,-1
288,-1,1619.648,677.582,936.016,798.338,0.920,-1,-1,-1
288,-1,25.508,366.170,169.133,158.428,0.905,-1,-1,-1
289,-1,2031.485,713.975,526.497,695.464,0.689,-1,-1,-1
289,-1,22.917,364.599,167.648,155.435,0.913,-1,-1,-1
290,-1,21.151,362.278,166.588,154.130,0.906,-1,-1,-1
291,-1,19.033,357.134,162.972,154.590,0.822,-1,-1,-1
292,-1,2074.928,541.946,484.156,449.103,0.836,-1,-1,-1
292,-1,16.829,355.539,159.485,152.943,0.783,-1,-1,-1
293,-1,1788.338,385.214,771.833,599.319,0.929,-1,-1,-1
293,-1,15.807,351.728,156.541,153.615,0.667,-1,-1,-1
294,-1,1491.158,370.774,1070.918,619.791,0.991,-1,-1,-1
294,-1,14.442,351.261,154.296,153.015,0.506,-1,-1,-1
295,-1,1162.083,364.260,1403.858,624.329,0.992,-1,-1,-1
296,-1,849.149,369.527,1440.929,608.703,0.995,-1,-1,-1
297,-1,528.074,384.540,1397.266,602.647,0.992,-1,-1,-1
298,-1,200.049,381.356,1408.390,606.639,0.994,-1,-1,-1
299,-1,13.846,381.579,1263.735,603.131,0.986,-1,-1,-1
300,-1,4.274,356.843,981.419,622.206,0.980,-1,-1,-1
301,-1,6.708,358.060,662.073,633.798,0.972,-1,-1,-1
302,-1,5.759,361.314,420.480,645.863,0.938,-1,-1,-1
303,-1,2.022,403.639,155.504,546.050,0.875,-1,-1,-1
438,-1,1.708,719.427,239.348,506.710,0.553,-1,-1,-1
439,-1,3.455,698.555,341.310,610.721,0.796,-1,-1,-1
440,-1,5.773,686.983,449.387,696.347,0.819,-1,-1,-1
441,-1,6.246,654.113,584.899,803.417,0.904,-1,-1,-1
442,-1,7.755,661.079,771.963,880.409,0.895,-1,-1,-1
443,-1,8.107,666.093,993.895,924.938,0.908,-1,-1,-1
444,-1,9.990,683.670,1218.060,984.070,0.939,-1,-1,-1
445,-1,17.009,708.717,1504.913,1056.379,0.925,-1,-1,-1
446,-1,2.207,739.069,1835.469,1119.414,0.934,-1,-1,-1
447,-1,80.754,767.252,2095.639,1116.086,0.956,-1,-1,-1
448,-1,278.396,781.230,2227.171,1111.359,0.761,-1,-1,-1
449,-1,490.620,812.101,2058.071,1081.761,0.598,-1,-1,-1
450,-1,808.635,853.394,1740.475,1036.577,0.853,-1,-1,-1
451,-1,1164.959,827.248,1392.116,1067.677,0.540,-1,-1,-1