1,-1,1427.411,317.239,311.053,208.265,0.751,-1,-1,-1
1,-1,316.289,493.428,801.684,576.416,0.961,-1,-1,-1
2,-1,1425.710,317.578,312.392,207.320,0.851,-1,-1,-1
2,-1,319.240,491.345,796.954,578.051,0.948,-1,-1,-1
3,-1,1425.841,317.708,312.003,207.236,0.834,-1,-1,-1
3,-1,318.155,491.438,797.694,578.033,0.949,-1,-1,-1
4,-1,1425.380,317.772,312.303,207.076,0.802,-1,-1,-1
4,-1,318.019,491.185,798.054,578.335,0.945,-1,-1,-1
5,-1,1425.693,317.916,312.001,206.900,0.803,-1,-1,-1
5,-1,318.142,491.381,797.676,578.081,0.948,-1,-1,-1
6,-1,1425.492,317.751,312.312,207.107,0.841,-1,-1,-1
6,-1,317.891,490.896,798.293,578.411,0.948,-1,-1,-1
7,-1,1425.448,317.944,312.549,206.994,0.847,-1,-1,-1
7,-1,318.004,491.262,798.212,578.115,0.947,-1,-1,-1
8,-1,1425.928,317.980,311.755,207.036,0.839,-1,-1,-1
8,-1,318.389,490.708,797.874,578.524,0.948,-1,-1,-1
9,-1,1425.819,317.625,312.198,207.477,0.855,-1,-1,-1
9,-1,318.992,490.610,797.219,578.622,0.949,-1,-1,-1
10,-1,1426.002,317.827,312.051,207.429,0.858,-1,-1,-1
10,-1,319.392,490.848,796.715,578.499,0.950,-1,-1,-1
11,-1,1425.998,317.686,311.965,207.550,0.845,-1,-1,-1
11,-1,319.307,490.794,796.983,578.586,0.953,-1,-1,-1
12,-1,1426.043,317.563,311.836,207.522,0.839,-1,-1,-1
12,-1,319.898,491.205,796.966,578.222,0.951,-1,-1,-1
13,-1,1426.219,317.740,311.379,207.079,0.833,-1,-1,-1
13,-1,318.649,491.078,796.856,578.217,0.949,-1,-1,-1
14,-1,1426.126,317.885,311.361,206.886,0.837,-1,-1,-1
14,-1,317.790,491.144,796.977,578.328,0.945,-1,-1,-1
15,-1,1426.548,317.872,310.953,207.011,0.838,-1,-1,-1
15,-1,318.477,491.199,797.041,578.132,0.950,-1,-1,-1
16,-1,1426.187,317.740,311.552,207.022,0.834,-1,-1,-1
16,-1,318.120,491.558,797.738,577.827,0.953,-1,-1,-1
17,-1,1426.331,317.828,311.484,207.018,0.842,-1,-1,-1
17,-1,318.709,491.523,796.823,577.829,0.951,-1,-1,-1
18,-1,1426.417,317.952,311.363,206.887,0.852,-1,-1,-1
18,-1,317.859,491.396,798.148,577.930,0.951,-1,-1,-1
19,-1,1426.241,318.059,311.335,206.697,0.838,-1,-1,-1
19,-1,318.297,491.937,797.763,577.446,0.951,-1,-1,-1
20,-1,1426.310,317.817,311.472,207.045,0.832,-1,-1,-1
20,-1,317.484,491.657,798.222,577.685,0.952,-1,-1,-1
21,-1,1424.802,317.725,313.097,206.866,0.880,-1,-1,-1
21,-1,317.492,492.639,797.314,576.387,0.944,-1,-1,-1
22,-1,1423.485,317.466,312.866,207.143,0.904,-1,-1,-1
22,-1,317.973,492.000,795.846,576.941,0.937,-1,-1,-1
23,-1,1423.739,317.538,312.666,207.094,0.903,-1,-1,-1
23,-1,317.002,491.939,797.074,576.963,0.944,-1,-1,-1
24,-1,1424.336,317.926,311.190,207.250,0.879,-1,-1,-1
24,-1,316.552,492.099,796.905,576.928,0.945,-1,-1,-1
25,-1,1425.523,318.619,309.101,206.828,0.810,-1,-1,-1
25,-1,319.860,491.439,793.655,577.584,0.962,-1,-1,-1
26,-1,1629.643,427.385,288.836,403.927,0.538,-1,-1,-1
26,-1,1426.165,319.556,308.816,206.866,0.733,-1,-1,-1
26,-1,320.135,492.010,792.035,576.841,0.961,-1,-1,-1
27,-1,1579.471,413.017,338.918,388.438,0.722,-1,-1,-1
27,-1,321.970,491.731,790.768,577.295,0.966,-1,-1,-1
28,-1,1526.221,395.684,392.220,382.260,0.869,-1,-1,-1
28,-1,323.489,491.588,788.756,577.648,0.967,-1,-1,-1
29,-1,1484.567,384.703,434.673,370.994,0.950,-1,-1,-1
29,-1,321.334,490.969,791.268,578.455,0.964,-1,-1,-1
30,-1,1452.048,372.573,465.258,365.645,0.985,-1,-1,-1
30,-1,320.150,490.786,793.276,579.056,0.966,-1,-1,-1
31,-1,1413.089,346.272,480.304,364.841,0.995,-1,-1,-1
31,-1,320.441,491.116,793.807,578.792,0.960,-1,-1,-1
32,-1,1382.219,337.677,461.655,355.520,0.997,-1,-1,-1
32,-1,320.767,491.304,793.371,578.788,0.952,-1,-1,-1
33,-1,1347.902,334.569,452.319,341.312,0.996,-1,-1,-1
33,-1,320.729,491.561,792.359,578.393,0.952,-1,-1,-1
34,-1,1319.273,332.726,439.064,328.258,0.996,-1,-1,-1
34,-1,320.922,491.465,793.285,578.420,0.958,-1,-1,-1
35,-1,1294.192,335.062,427.964,310.992,0.996,-1,-1,-1
35,-1,322.478,491.566,791.767,578.360,0.953,-1,-1,-1
36,-1,1271.230,331.020,434.144,301.095,0.993,-1,-1,-1
36,-1,322.610,492.166,791.146,577.791,0.952,-1,-1,-1
37,-1,1243.431,327.969,459.266,294.134,0.995,-1,-1,-1
37,-1,318.954,492.448,794.638,577.277,0.950,-1,-1,-1
38,-1,1220.485,322.608,467.562,285.630,0.993,-1,-1,-1
38,-1,319.181,493.202,793.670,576.623,0.937,-1,-1,-1
39,-1,1184.204,319.297,393.494,276.023,0.971,-1,-1,-1
39,-1,319.356,493.562,793.388,576.308,0.945,-1,-1,-1
40,-1,1167.066,317.771,372.836,266.515,0.958,-1,-1,-1
40,-1,319.268,493.530,792.631,576.082,0.943,-1,-1,-1
41,-1,1144.815,313.885,364.482,262.668,0.948,-1,-1,-1
41,-1,323.913,491.198,788.936,578.300,0.948,-1,-1,-1
42,-1,1128.189,312.432,353.906,253.674,0.941,-1,-1,-1
42,-1,323.742,490.942,789.229,578.444,0.949,-1,-1,-1
43,-1,1109.694,308.164,343.708,249.991,0.958,-1,-1,-1
43,-1,326.184,491.146,787.064,578.313,0.940,-1,-1,-1
44,-1,1096.186,303.891,334.426,245.487,0.958,-1,-1,-1
44,-1,327.343,490.752,785.905,578.692,0.937,-1,-1,-1
45,-1,1427.888,317.866,307.766,206.957,0.546,-1,-1,-1
45,-1,326.460,489.875,787.428,579.656,0.927,-1,-1,-1
45,-1,1083.620,299.338,322.548,239.119,0.966,-1,-1,-1
46,-1,1427.255,317.323,309.078,206.784,0.510,-1,-1,-1
46,-1,326.171,489.924,787.581,579.662,0.931,-1,-1,-1
46,-1,1069.213,295.083,313.854,236.492,0.971,-1,-1,-1
47,-1,326.461,490.206,787.330,579.372,0.930,-1,-1,-1
47,-1,1058.836,292.436,303.843,230.714,0.966,-1,-1,-1
48,-1,326.367,490.033,787.443,579.521,0.926,-1,-1,-1
48,-1,1049.101,288.377,294.608,226.813,0.972,-1,-1,-1
49,-1,329.364,491.542,785.097,578.193,0.930,-1,-1,-1
49,-1,1041.873,283.706,285.737,222.656,0.947,-1,-1,-1
50,-1,329.782,491.440,785.024,578.297,0.929,-1,-1,-1
50,-1,1039.210,279.320,275.211,218.712,0.955,-1,-1,-1
51,-1,1429.434,316.938,307.830,206.557,0.685,-1,-1,-1
51,-1,330.171,494.042,784.142,575.635,0.921,-1,-1,-1
51,-1,1038.002,276.121,266.219,213.473,0.956,-1,-1,-1
52,-1,1427.581,317.283,310.771,206.047,0.722,-1,-1,-1
52,-1,330.041,494.045,784.884,575.485,0.924,-1,-1,-1
52,-1,1039.201,272.489,253.793,206.063,0.970,-1,-1,-1
53,-1,1428.357,316.626,309.583,207.276,0.695,-1,-1,-1
53,-1,330.204,493.221,784.552,576.158,0.928,-1,-1,-1
53,-1,1040.669,265.274,244.012,205.885,0.974,-1,-1,-1
54,-1,1427.274,316.313,311.596,207.793,0.624,-1,-1,-1
54,-1,330.418,493.165,784.873,576.200,0.928,-1,-1,-1
54,-1,1040.975,261.159,235.739,202.558,0.975,-1,-1,-1
55,-1,1429.167,316.968,309.188,207.241,0.624,-1,-1,-1
55,-1,331.097,492.609,784.653,576.641,0.937,-1,-1,-1
55,-1,1043.950,259.153,229.271,197.796,0.964,-1,-1,-1
56,-1,1428.740,316.966,309.957,207.222,0.665,-1,-1,-1
56,-1,330.133,492.364,785.354,576.954,0.934,-1,-1,-1
56,-1,1046.104,255.866,225.728,194.693,0.978,-1,-1,-1
57,-1,1430.093,316.448,308.597,207.637,0.658,-1,-1,-1
57,-1,331.213,491.588,784.551,577.681,0.932,-1,-1,-1
57,-1,1050.009,253.340,223.156,193.748,0.989,-1,-1,-1
58,-1,1429.484,316.080,309.597,207.957,0.628,-1,-1,-1
58,-1,330.236,491.491,786.393,577.829,0.930,-1,-1,-1
58,-1,1053.498,250.758,225.122,190.203,0.989,-1,-1,-1
59,-1,1430.280,315.964,308.429,207.601,0.776,-1,-1,-1
59,-1,331.029,491.777,785.022,577.679,0.920,-1,-1,-1
59,-1,1060.078,247.205,224.625,188.450,0.987,-1,-1,-1
60,-1,1430.705,316.104,307.663,207.505,0.807,-1,-1,-1
60,-1,330.949,491.721,785.800,577.703,0.926,-1,-1,-1
60,-1,1068.303,245.460,223.669,185.936,0.973,-1,-1,-1
61,-1,1430.490,316.599,308.219,207.181,0.719,-1,-1,-1
61,-1,325.500,492.812,790.251,576.566,0.936,-1,-1,-1
61,-1,1079.255,242.297,222.850,184.062,0.980,-1,-1,-1
62,-1,1430.661,316.749,308.034,207.282,0.645,-1,-1,-1
62,-1,325.152,492.859,790.738,576.551,0.936,-1,-1,-1
62,-1,1090.635,237.280,225.557,185.277,0.977,-1,-1,-1
63,-1,1429.896,317.873,308.982,206.120,0.602,-1,-1,-1
63,-1,324.705,492.684,791.266,576.696,0.937,-1,-1,-1
63,-1,1104.331,236.004,226.182,181.145,0.971,-1,-1,-1
64,-1,1429.603,318.139,309.437,206.291,0.533,-1,-1,-1
64,-1,1120.555,231.658,224.782,181.696,0.983,-1,-1,-1
64,-1,325.339,492.617,790.828,576.883,0.935,-1,-1,-1
65,-1,1429.300,318.645,309.724,205.777,0.566,-1,-1,-1
65,-1,1133.788,229.256,224.649,177.499,0.971,-1,-1,-1
65,-1,324.218,492.900,792.227,576.607,0.937,-1,-1,-1
66,-1,1429.282,318.826,309.514,205.432,0.656,-1,-1,-1
66,-1,1149.476,227.077,226.169,175.218,0.978,-1,-1,-1
66,-1,323.374,492.575,792.441,576.808,0.935,-1,-1,-1
67,-1,1429.467,318.794,309.050,205.500,0.709,-1,-1,-1
67,-1,1169.800,226.302,223.471,169.385,0.970,-1,-1,-1
67,-1,322.805,492.415,792.752,576.920,0.935,-1,-1,-1
68,-1,1429.474,319.170,309.100,204.931,0.681,-1,-1,-1
68,-1,1183.599,224.081,230.031,169.287,0.721,-1,-1,-1
68,-1,322.673,492.316,793.292,577.001,0.939,-1,-1,-1
69,-1,1430.352,319.328,308.361,204.830,0.757,-1,-1,-1
69,-1,1200.943,222.679,228.305,167.108,0.858,-1,-1,-1
69,-1,323.279,492.392,793.272,576.996,0.934,-1,-1,-1
70,-1,1431.407,319.519,307.269,204.686,0.769,-1,-1,-1
70,-1,1221.534,221.524,223.961,165.797,0.909,-1,-1,-1
70,-1,322.399,492.257,794.397,577.044,0.933,-1,-1,-1
71,-1,1430.603,319.937,307.500,203.918,0.676,-1,-1,-1
71,-1,1242.970,220.327,219.186,163.041,0.903,-1,-1,-1
71,-1,323.942,491.987,793.036,577.106,0.944,-1,-1,-1
72,-1,1431.478,320.393,305.741,203.523,0.647,-1,-1,-1
72,-1,1262.571,218.184,217.240,162.407,0.882,-1,-1,-1
72,-1,323.995,492.025,793.028,577.051,0.945,-1,-1,-1
73,-1,1432.258,320.731,304.006,202.665,0.604,-1,-1,-1
73,-1,1281.151,218.948,210.831,160.828,0.855,-1,-1,-1
73,-1,325.831,491.321,791.772,577.782,0.954,-1,-1,-1
74,-1,1431.310,319.366,304.782,204.147,0.689,-1,-1,-1
74,-1,1296.252,215.745,211.720,159.941,0.779,-1,-1,-1
74,-1,326.148,491.407,791.634,577.686,0.954,-1,-1,-1
75,-1,1431.097,319.370,304.621,204.336,0.598,-1,-1,-1
75,-1,326.244,491.604,791.473,577.457,0.959,-1,-1,-1
75,-1,1313.281,215.492,211.097,159.696,0.508,-1,-1,-1
76,-1,1431.582,318.331,304.707,205.349,0.519,-1,-1,-1
76,-1,325.385,491.478,792.365,577.518,0.960,-1,-1,-1
77,-1,1429.628,320.449,306.507,203.739,0.553,-1,-1,-1
77,-1,325.326,491.324,792.351,577.686,0.959,-1,-1,-1
78,-1,1428.597,319.028,308.095,205.351,0.623,-1,-1,-1
78,-1,325.091,492.088,792.497,576.902,0.962,-1,-1,-1
79,-1,1428.824,319.789,308.299,204.470,0.623,-1,-1,-1
79,-1,324.718,491.383,793.355,577.572,0.965,-1,-1,-1
80,-1,1428.243,319.081,308.702,205.038,0.830,-1,-1,-1
80,-1,325.093,491.573,793.288,577.348,0.965,-1,-1,-1
81,-1,1427.565,320.088,309.545,204.262,0.819,-1,-1,-1
81,-1,324.578,491.531,794.146,577.445,0.960,-1,-1,-1
82,-1,1429.808,322.839,306.602,204.422,0.618,-1,-1,-1
82,-1,323.409,490.538,794.467,578.196,0.964,-1,-1,-1
83,-1,1429.998,321.509,307.456,202.335,0.814,-1,-1,-1
83,-1,322.794,491.321,795.012,577.550,0.966,-1,-1,-1
84,-1,1429.270,321.391,308.411,202.722,0.744,-1,-1,-1
84,-1,322.862,490.829,794.719,577.960,0.965,-1,-1,-1
85,-1,787.578,151.361,208.712,111.443,0.567,-1,-1,-1
85,-1,1428.131,321.749,310.048,202.431,0.789,-1,-1,-1
85,-1,320.734,490.618,797.694,578.288,0.964,-1,-1,-1
86,-1,1428.211,320.704,310.046,203.901,0.720,-1,-1,-1
86,-1,808.198,148.460,227.019,115.989,0.693,-1,-1,-1
86,-1,322.285,490.217,795.540,578.650,0.963,-1,-1,-1
87,-1,1427.934,320.678,310.559,204.438,0.602,-1,-1,-1
87,-1,836.892,147.410,236.541,114.382,0.947,-1,-1,-1
87,-1,321.627,490.321,796.086,578.504,0.962,-1,-1,-1
88,-1,1427.342,318.716,310.751,206.263,0.541,-1,-1,-1
88,-1,320.551,490.055,797.055,578.868,0.964,-1,-1,-1
89,-1,1427.514,318.274,310.781,206.615,0.540,-1,-1,-1
89,-1,914.531,148.497,233.488,111.698,0.727,-1,-1,-1
89,-1,321.187,489.958,796.025,578.940,0.962,-1,-1,-1
90,-1,1427.393,317.981,311.116,206.928,0.622,-1,-1,-1
90,-1,955.155,150.110,236.775,108.123,0.872,-1,-1,-1
90,-1,322.206,489.839,795.304,579.069,0.958,-1,-1,-1
91,-1,1427.654,318.166,310.824,206.503,0.655,-1,-1,-1
91,-1,323.680,490.140,792.746,578.428,0.953,-1,-1,-1
91,-1,989.971,149.668,242.224,111.076,0.949,-1,-1,-1
92,-1,1427.423,318.026,311.174,206.749,0.679,-1,-1,-1
92,-1,323.483,490.042,793.021,578.614,0.954,-1,-1,-1
92,-1,1031.345,148.314,243.602,110.046,0.780,-1,-1,-1
93,-1,1427.596,318.140,311.060,206.682,0.683,-1,-1,-1
93,-1,323.467,490.683,793.029,578.010,0.954,-1,-1,-1
93,-1,1069.244,149.047,240.769,110.247,0.843,-1,-1,-1
94,-1,1427.635,318.310,310.770,206.413,0.669,-1,-1,-1
94,-1,323.031,490.805,793.642,577.919,0.952,-1,-1,-1
94,-1,1112.378,148.303,242.488,109.602,0.638,-1,-1,-1
95,-1,1427.833,318.195,310.629,206.679,0.639,-1,-1,-1
95,-1,1159.253,146.422,245.672,110.800,0.716,-1,-1,-1
95,-1,323.164,490.568,793.578,578.221,0.951,-1,-1,-1
96,-1,1427.431,318.621,311.279,206.465,0.606,-1,-1,-1
96,-1,322.677,490.429,793.872,578.280,0.952,-1,-1,-1
97,-1,1428.198,318.352,310.316,206.456,0.728,-1,-1,-1
97,-1,1248.725,145.647,238.570,110.779,0.612,-1,-1,-1
97,-1,327.148,491.257,790.492,577.396,0.955,-1,-1,-1
98,-1,1428.165,318.238,310.065,206.565,0.714,-1,-1,-1
98,-1,326.970,491.222,790.360,577.391,0.954,-1,-1,-1
99,-1,1427.778,318.568,310.532,206.163,0.718,-1,-1,-1
99,-1,326.921,491.468,790.888,577.220,0.953,-1,-1,-1
100,-1,1427.366,318.409,310.905,206.382,0.702,-1,-1,-1
100,-1,326.972,491.078,791.216,577.660,0.954,-1,-1,-1
101,-1,1427.667,318.956,310.681,205.536,0.768,-1,-1,-1
101,-1,327.729,491.399,790.446,577.389,0.951,-1,-1,-1
102,-1,1426.635,317.863,310.880,206.643,0.672,-1,-1,-1
102,-1,326.600,491.301,791.563,577.641,0.953,-1,-1,-1
103,-1,1426.451,317.721,311.062,207.031,0.637,-1,-1,-1
103,-1,325.159,491.584,792.542,577.418,0.955,-1,-1,-1
104,-1,1427.021,317.978,310.522,206.819,0.634,-1,-1,-1
104,-1,325.247,491.370,792.487,577.498,0.955,-1,-1,-1
105,-1,1427.179,317.857,310.221,206.846,0.673,-1,-1,-1
105,-1,324.698,491.332,792.970,577.598,0.956,-1,-1,-1
106,-1,1426.858,318.197,310.695,206.375,0.659,-1,-1,-1
106,-1,323.657,491.543,794.325,577.430,0.960,-1,-1,-1
107,-1,1427.800,318.225,310.263,206.350,0.685,-1,-1,-1
107,-1,323.837,491.290,794.579,577.424,0.961,-1,-1,-1
108,-1,1427.902,318.486,310.129,206.218,0.656,-1,-1,-1
108,-1,323.283,491.057,795.123,577.582,0.960,-1,-1,-1
109,-1,1427.894,318.355,309.563,206.006,0.731,-1,-1,-1
109,-1,321.953,490.516,795.089,578.051,0.959,-1,-1,-1
110,-1,1428.266,318.208,310.600,206.059,0.833,-1,-1,-1
110,-1,323.861,490.501,792.203,578.045,0.955,-1,-1,-1
111,-1,1428.205,318.412,310.570,206.056,0.818,-1,-1,-1
111,-1,323.682,490.925,791.763,577.771,0.948,-1,-1,-1
112,-1,1428.709,318.524,309.312,205.975,0.801,-1,-1,-1
112,-1,827.354,156.478,185.049,122.021,0.669,-1,-1,-1
112,-1,324.350,490.853,790.569,577.805,0.950,-1,-1,-1
113,-1,1428.997,318.247,309.407,206.414,0.811,-1,-1,-1
113,-1,836.948,156.650,198.283,125.348,0.529,-1,-1,-1
113,-1,323.940,491.020,791.559,577.778,0.947,-1,-1,-1
114,-1,1344.838,162.033,173.308,125.732,0.572,-1,-1,-1
114,-1,1429.271,318.429,309.130,206.344,0.781,-1,-1,-1
114,-1,855.884,160.312,200.449,127.011,0.517,-1,-1,-1
114,-1,323.975,491.251,792.204,577.592,0.949,-1,-1,-1
115,-1,1326.053,159.773,173.465,123.792,0.770,-1,-1,-1
115,-1,1430.124,318.387,309.470,206.071,0.791,-1,-1,-1
115,-1,840.137,159.623,243.982,132.771,0.776,-1,-1,-1
115,-1,324.953,491.206,791.593,577.612,0.945,-1,-1,-1
116,-1,1430.501,318.662,308.229,206.426,0.755,-1,-1,-1
116,-1,865.125,159.545,239.358,135.460,0.856,-1,-1,-1
116,-1,1306.359,157.918,175.895,123.011,0.767,-1,-1,-1
116,-1,325.849,490.800,791.114,577.932,0.946,-1,-1,-1
117,-1,1430.085,318.637,308.356,206.321,0.739,-1,-1,-1
117,-1,909.365,162.079,223.865,135.228,0.605,-1,-1,-1
117,-1,1282.064,156.460,183.018,124.052,0.734,-1,-1,-1
117,-1,325.197,490.565,791.575,578.150,0.949,-1,-1,-1
118,-1,1429.513,318.596,308.944,206.455,0.715,-1,-1,-1
118,-1,901.383,161.439,251.007,137.196,0.586,-1,-1,-1
118,-1,1256.888,154.804,184.230,123.684,0.644,-1,-1,-1
118,-1,325.223,491.232,791.380,577.642,0.942,-1,-1,-1
119,-1,1429.672,318.442,309.171,206.502,0.747,-1,-1,-1
119,-1,933.183,162.688,245.089,138.573,0.840,-1,-1,-1
119,-1,1232.388,152.695,185.950,125.442,0.843,-1,-1,-1
119,-1,326.085,491.398,790.034,577.378,0.945,-1,-1,-1
120,-1,1429.942,318.745,309.094,206.241,0.740,-1,-1,-1
120,-1,948.682,163.818,247.085,141.622,0.948,-1,-1,-1
120,-1,1210.540,153.239,185.402,122.779,0.725,-1,-1,-1
120,-1,326.383,491.796,789.585,576.935,0.949,-1,-1,-1
121,-1,1429.434,318.481,310.488,206.679,0.704,-1,-1,-1
121,-1,969.880,164.460,238.424,139.630,0.748,-1,-1,-1
121,-1,1186.161,153.258,183.263,122.232,0.796,-1,-1,-1
121,-1,327.195,490.780,789.022,577.793,0.961,-1,-1,-1
122,-1,1429.197,318.888,310.508,206.247,0.666,-1,-1,-1
122,-1,975.169,162.656,252.031,142.754,0.598,-1,-1,-1
122,-1,1173.676,151.165,168.695,122.115,0.513,-1,-1,-1
122,-1,325.611,491.003,791.140,577.637,0.964,-1,-1,-1
123,-1,1428.249,318.247,310.809,206.678,0.683,-1,-1,-1
123,-1,324.657,490.777,791.602,577.951,0.966,-1,-1,-1
124,-1,1427.692,318.506,311.750,206.584,0.634,-1,-1,-1
124,-1,324.692,490.453,791.987,578.305,0.962,-1,-1,-1
124,-1,1041.149,161.126,224.905,146.191,0.932,-1,-1,-1
125,-1,1427.505,318.599,311.867,206.378,0.598,-1,-1,-1
125,-1,324.605,490.377,791.849,578.505,0.962,-1,-1,-1
125,-1,1059.624,153.970,216.357,153.487,0.874,-1,-1,-1
126,-1,1427.880,318.576,311.441,206.218,0.663,-1,-1,-1
126,-1,325.553,490.209,790.656,578.545,0.960,-1,-1,-1
126,-1,1048.702,152.969,243.169,155.493,0.963,-1,-1,-1
127,-1,1428.122,318.526,311.161,206.321,0.603,-1,-1,-1
127,-1,325.107,490.248,791.887,578.413,0.962,-1,-1,-1
127,-1,1044.946,158.316,255.533,150.438,0.619,-1,-1,-1
128,-1,1428.452,318.605,311.461,206.349,0.611,-1,-1,-1
128,-1,324.913,490.183,791.862,578.579,0.961,-1,-1,-1
129,-1,1429.365,319.249,311.113,205.949,0.668,-1,-1,-1
129,-1,977.660,143.343,191.401,126.573,0.723,-1,-1,-1
129,-1,1132.629,165.973,200.788,144.394,0.775,-1,-1,-1
129,-1,325.909,490.374,790.955,578.252,0.958,-1,-1,-1
130,-1,1429.391,319.458,311.019,206.204,0.622,-1,-1,-1
130,-1,1146.308,166.533,200.516,146.253,0.769,-1,-1,-1
130,-1,326.141,490.495,790.781,578.158,0.957,-1,-1,-1
130,-1,947.003,139.833,187.256,117.588,0.748,-1,-1,-1
131,-1,1429.559,319.462,310.160,206.299,0.589,-1,-1,-1
131,-1,1154.318,165.279,203.154,148.278,0.542,-1,-1,-1
131,-1,325.558,491.033,791.734,577.749,0.961,-1,-1,-1
132,-1,1429.456,318.915,309.788,206.921,0.648,-1,-1,-1
132,-1,1160.432,166.049,201.800,148.004,0.512,-1,-1,-1
132,-1,326.514,490.283,790.985,578.474,0.950,-1,-1,-1
133,-1,1429.448,318.872,309.591,206.838,0.655,-1,-1,-1
133,-1,870.032,141.851,172.356,115.286,0.829,-1,-1,-1
133,-1,1173.157,166.947,196.157,149.064,0.936,-1,-1,-1
133,-1,330.558,491.116,786.372,577.815,0.939,-1,-1,-1
134,-1,840.553,136.288,178.727,121.531,0.839,-1,-1,-1
134,-1,1429.021,318.711,310.008,207.076,0.608,-1,-1,-1
134,-1,1181.840,168.217,195.251,149.845,0.868,-1,-1,-1
134,-1,329.051,491.567,787.816,577.489,0.940,-1,-1,-1
135,-1,813.571,133.606,181.549,124.696,0.906,-1,-1,-1
135,-1,1429.372,318.634,309.853,207.065,0.594,-1,-1,-1
135,-1,1190.291,167.754,191.370,151.576,0.966,-1,-1,-1
135,-1,329.392,491.168,787.596,577.873,0.937,-1,-1,-1
136,-1,1429.661,317.938,309.577,207.691,0.695,-1,-1,-1
136,-1,1195.197,168.237,190.511,152.265,0.927,-1,-1,-1
136,-1,328.823,491.081,788.159,577.894,0.942,-1,-1,-1
137,-1,788.919,135.521,155.138,116.785,0.558,-1,-1,-1
137,-1,1429.539,317.832,309.956,207.756,0.687,-1,-1,-1
137,-1,1200.589,169.965,185.427,152.215,0.885,-1,-1,-1
137,-1,329.356,490.979,787.248,577.918,0.939,-1,-1,-1
138,-1,1430.148,318.155,309.453,207.503,0.721,-1,-1,-1
138,-1,1206.385,171.322,179.020,153.961,0.907,-1,-1,-1
138,-1,330.302,491.464,786.135,577.541,0.942,-1,-1,-1
139,-1,1430.291,318.268,308.975,207.062,0.652,-1,-1,-1
139,-1,1208.267,171.778,175.021,156.586,0.919,-1,-1,-1
139,-1,330.130,491.659,787.051,577.485,0.941,-1,-1,-1
140,-1,1430.046,317.975,309.876,207.697,0.665,-1,-1,-1
140,-1,1204.952,171.152,178.071,157.359,0.938,-1,-1,-1
140,-1,329.552,491.644,787.352,577.497,0.933,-1,-1,-1
141,-1,1429.904,318.228,309.466,207.247,0.665,-1,-1,-1
141,-1,1202.572,171.282,177.008,158.497,0.905,-1,-1,-1
141,-1,328.807,491.487,788.197,577.772,0.938,-1,-1,-1
142,-1,1429.834,318.043,309.339,207.248,0.705,-1,-1,-1
142,-1,1197.331,172.164,179.230,159.871,0.957,-1,-1,-1
142,-1,328.864,490.958,787.814,578.170,0.935,-1,-1,-1
143,-1,1429.840,317.816,309.055,207.285,0.698,-1,-1,-1
143,-1,1190.461,174.375,186.194,160.378,0.946,-1,-1,-1
143,-1,328.693,491.008,788.294,578.075,0.942,-1,-1,-1
144,-1,1430.214,317.997,308.702,207.006,0.723,-1,-1,-1
144,-1,1184.032,176.827,186.072,158.957,0.973,-1,-1,-1
144,-1,329.566,491.288,787.721,577.768,0.939,-1,-1,-1
145,-1,1430.370,318.055,307.921,206.648,0.672,-1,-1,-1
145,-1,1178.886,179.470,184.561,157.599,0.939,-1,-1,-1
145,-1,325.089,492.406,792.154,576.737,0.943,-1,-1,-1
146,-1,1429.943,318.205,308.365,206.862,0.643,-1,-1,-1
146,-1,1167.157,182.341,192.407,157.811,0.923,-1,-1,-1
146,-1,325.024,492.389,792.376,576.788,0.943,-1,-1,-1
147,-1,1430.047,318.212,308.637,206.857,0.674,-1,-1,-1
147,-1,1154.861,179.649,197.744,163.035,0.981,-1,-1,-1
147,-1,325.866,492.016,791.016,577.112,0.936,-1,-1,-1
148,-1,1430.171,318.246,308.951,206.777,0.655,-1,-1,-1
148,-1,1140.268,179.851,206.619,165.587,0.988,-1,-1,-1
148,-1,326.675,491.737,790.063,577.428,0.936,-1,-1,-1
149,-1,1429.523,318.177,309.999,206.736,0.684,-1,-1,-1
149,-1,1129.718,179.445,210.533,168.887,0.991,-1,-1,-1
149,-1,326.599,491.830,789.919,577.337,0.932,-1,-1,-1
150,-1,1429.531,318.205,310.175,206.926,0.670,-1,-1,-1
150,-1,1119.913,180.679,209.697,170.008,0.993,-1,-1,-1
150,-1,326.381,491.876,789.965,577.311,0.929,-1,-1,-1
151,-1,1429.501,318.167,310.166,207.148,0.611,-1,-1,-1
151,-1,1107.644,183.386,213.169,168.832,0.993,-1,-1,-1
151,-1,326.894,491.095,789.657,578.019,0.931,-1,-1,-1
152,-1,1427.776,318.470,311.701,206.615,0.694,-1,-1,-1
152,-1,1093.588,185.650,215.404,168.574,0.991,-1,-1,-1
152,-1,330.982,490.425,785.961,578.611,0.920,-1,-1,-1
153,-1,1427.784,318.291,311.761,206.855,0.685,-1,-1,-1
153,-1,1081.771,183.578,217.577,172.428,0.993,-1,-1,-1
153,-1,332.252,491.614,784.881,577.448,0.923,-1,-1,-1
154,-1,1427.859,318.312,310.948,206.485,0.681,-1,-1,-1
154,-1,330.697,491.360,786.779,577.518,0.937,-1,-1,-1
154,-1,1069.896,186.532,220.714,172.552,0.995,-1,-1,-1
155,-1,1428.228,318.697,310.608,206.193,0.665,-1,-1,-1
155,-1,330.534,491.906,786.323,576.915,0.930,-1,-1,-1
155,-1,1056.356,188.746,224.505,173.370,0.995,-1,-1,-1
156,-1,1427.680,318.601,311.581,206.390,0.655,-1,-1,-1
156,-1,329.304,491.385,787.198,577.352,0.925,-1,-1,-1
156,-1,869.239,108.711,214.010,126.228,0.587,-1,-1,-1
156,-1,1042.707,188.556,229.914,175.024,0.997,-1,-1,-1
157,-1,1427.128,318.807,312.455,206.486,0.570,-1,-1,-1
157,-1,322.776,490.613,793.760,577.739,0.943,-1,-1,-1
157,-1,832.857,104.819,231.149,129.860,0.884,-1,-1,-1
157,-1,1027.937,191.765,235.585,176.333,0.994,-1,-1,-1
158,-1,1427.215,318.480,312.232,206.733,0.567,-1,-1,-1
158,-1,322.481,490.598,794.320,577.770,0.944,-1,-1,-1
158,-1,1015.623,190.834,235.734,179.766,0.995,-1,-1,-1
159,-1,1427.463,318.284,311.946,206.937,0.530,-1,-1,-1
159,-1,322.539,490.541,794.413,577.919,0.944,-1,-1,-1
159,-1,997.237,192.981,242.870,180.307,0.995,-1,-1,-1
160,-1,1426.779,318.261,312.493,206.750,0.530,-1,-1,-1
160,-1,322.315,490.255,794.126,578.196,0.944,-1,-1,-1
160,-1,982.907,193.794,246.852,183.815,0.993,-1,-1,-1
161,-1,322.862,490.535,793.841,578.018,0.941,-1,-1,-1
161,-1,972.212,195.208,245.998,185.583,0.994,-1,-1,-1
162,-1,1427.175,317.955,312.060,206.936,0.596,-1,-1,-1
162,-1,322.582,490.221,794.555,578.511,0.933,-1,-1,-1
162,-1,953.144,197.206,252.187,187.315,0.997,-1,-1,-1
163,-1,1427.361,317.585,311.870,207.183,0.532,-1,-1,-1
163,-1,322.445,490.572,794.566,578.277,0.929,-1,-1,-1
163,-1,936.055,199.271,256.065,189.048,0.996,-1,-1,-1
164,-1,323.394,490.418,793.514,578.320,0.933,-1,-1,-1
164,-1,922.941,199.780,255.190,192.144,0.996,-1,-1,-1
165,-1,322.852,489.973,793.592,578.849,0.930,-1,-1,-1
165,-1,906.423,200.991,263.084,195.294,0.996,-1,-1,-1
166,-1,322.754,490.192,793.043,578.550,0.935,-1,-1,-1
166,-1,895.535,203.526,263.096,197.491,0.998,-1,-1,-1
167,-1,884.134,203.762,261.919,201.236,0.998,-1,-1,-1
167,-1,323.066,490.112,792.657,578.704,0.924,-1,-1,-1
168,-1,871.591,206.212,261.752,200.926,0.997,-1,-1,-1
168,-1,323.480,489.740,792.033,579.149,0.927,-1,-1,-1
169,-1,859.000,207.216,264.540,205.993,0.998,-1,-1,-1
169,-1,323.136,488.879,791.659,579.750,0.930,-1,-1,-1
170,-1,847.188,207.967,265.470,208.729,0.997,-1,-1,-1
170,-1,323.484,488.807,791.817,579.875,0.927,-1,-1,-1
171,-1,839.248,211.125,265.406,210.308,0.997,-1,-1,-1
171,-1,322.967,488.921,791.734,579.917,0.924,-1,-1,-1
172,-1,828.640,211.914,265.827,216.079,0.997,-1,-1,-1
172,-1,333.332,488.352,782.710,580.650,0.919,-1,-1,-1
173,-1,816.555,212.679,273.548,221.873,0.998,-1,-1,-1
173,-1,330.977,488.495,785.156,580.469,0.929,-1,-1,-1
174,-1,806.980,216.414,276.476,222.038,0.997,-1,-1,-1
174,-1,332.249,488.365,783.566,580.546,0.928,-1,-1,-1
175,-1,799.372,219.700,277.785,224.516,0.996,-1,-1,-1
175,-1,332.871,488.363,782.995,580.360,0.927,-1,-1,-1
176,-1,792.711,221.136,278.279,229.795,0.996,-1,-1,-1
176,-1,333.643,488.478,781.957,580.396,0.920,-1,-1,-1
177,-1,783.990,223.637,281.972,235.197,0.996,-1,-1,-1
177,-1,334.476,489.361,780.774,579.564,0.922,-1,-1,-1
178,-1,775.400,226.622,283.008,237.045,0.995,-1,-1,-1
178,-1,333.439,489.808,782.717,579.111,0.923,-1,-1,-1
179,-1,768.330,227.485,284.932,245.720,0.996,-1,-1,-1
179,-1,331.940,490.344,783.406,578.568,0.916,-1,-1,-1
180,-1,756.736,232.792,292.879,249.588,0.995,-1,-1,-1
180,-1,333.942,491.349,781.272,577.705,0.923,-1,-1,-1
181,-1,1427.219,315.568,308.709,209.778,0.545,-1,-1,-1
181,-1,750.596,237.505,296.711,250.841,0.994,-1,-1,-1
181,-1,334.831,489.990,778.484,579.002,0.936,-1,-1,-1
182,-1,747.421,242.360,295.125,251.505,0.996,-1,-1,-1
182,-1,322.727,492.020,788.268,576.664,0.925,-1,-1,-1
183,-1,746.087,246.530,298.518,255.919,0.994,-1,-1,-1
183,-1,324.003,495.675,787.186,573.513,0.933,-1,-1,-1
184,-1,744.559,250.699,300.710,258.077,0.994,-1,-1,-1
184,-1,325.605,495.155,785.249,573.909,0.937,-1,-1,-1
185,-1,1605.605,403.676,313.590,374.050,0.570,-1,-1,-1
185,-1,742.954,255.712,305.040,261.106,0.995,-1,-1,-1
185,-1,325.195,493.921,785.275,574.902,0.934,-1,-1,-1
186,-1,1566.186,395.295,352.796,364.149,0.739,-1,-1,-1
186,-1,741.224,258.851,311.784,268.403,0.994,-1,-1,-1
186,-1,324.763,492.308,784.563,576.465,0.933,-1,-1,-1
187,-1,1526.031,380.012,392.747,358.567,0.843,-1,-1,-1
187,-1,739.883,261.779,318.008,272.857,0.993,-1,-1,-1
187,-1,324.668,491.581,784.804,577.295,0.934,-1,-1,-1
188,-1,1491.191,374.792,428.400,347.998,0.958,-1,-1,-1
188,-1,737.553,263.846,326.498,279.823,0.994,-1,-1,-1
188,-1,324.090,490.493,785.254,578.349,0.929,-1,-1,-1
189,-1,1469.063,370.815,449.235,333.031,0.990,-1,-1,-1
189,-1,732.761,270.714,338.037,278.769,0.994,-1,-1,-1
189,-1,323.163,490.424,787.968,578.679,0.930,-1,-1,-1
190,-1,1436.797,359.420,467.822,326.432,0.995,-1,-1,-1
190,-1,731.729,275.324,348.423,283.249,0.990,-1,-1,-1
190,-1,322.176,492.049,788.971,577.244,0.925,-1,-1,-1
191,-1,1407.626,344.670,456.856,327.296,0.995,-1,-1,-1
191,-1,734.931,279.551,356.460,286.405,0.989,-1,-1,-1
191,-1,320.417,493.437,790.633,575.850,0.928,-1,-1,-1
192,-1,1378.732,334.959,448.951,324.494,0.995,-1,-1,-1
192,-1,735.712,282.512,363.219,293.548,0.983,-1,-1,-1
192,-1,318.596,495.469,792.437,574.147,0.920,-1,-1,-1
193,-1,1349.433,333.495,438.883,311.308,0.995,-1,-1,-1
193,-1,734.489,284.211,373.584,301.734,0.974,-1,-1,-1
193,-1,320.346,495.087,791.088,574.370,0.923,-1,-1,-1
194,-1,1324.439,337.587,428.354,294.073,0.991,-1,-1,-1
194,-1,320.225,496.223,791.052,573.408,0.924,-1,-1,-1
194,-1,737.047,289.470,377.568,302.421,0.989,-1,-1,-1
195,-1,1299.161,331.061,421.281,291.474,0.996,-1,-1,-1
195,-1,320.819,496.489,791.028,573.068,0.917,-1,-1,-1
195,-1,740.981,294.457,388.502,309.958,0.986,-1,-1,-1
196,-1,1277.702,328.216,421.313,281.871,0.992,-1,-1,-1
196,-1,320.600,495.230,793.497,574.324,0.915,-1,-1,-1
196,-1,746.631,298.132,399.027,316.098,0.981,-1,-1,-1
197,-1,1257.368,324.115,417.012,277.208,0.987,-1,-1,-1
197,-1,321.169,497.856,793.950,572.134,0.899,-1,-1,-1
197,-1,750.180,300.979,414.069,328.354,0.978,-1,-1,-1
198,-1,320.425,499.915,797.216,570.062,0.899,-1,-1,-1
198,-1,1229.019,321.158,429.563,272.965,0.943,-1,-1,-1
198,-1,758.259,305.084,425.457,333.850,0.974,-1,-1,-1
199,-1,319.409,498.092,804.390,571.735,0.892,-1,-1,-1
199,-1,1205.970,316.056,396.894,270.447,0.876,-1,-1,-1
199,-1,765.534,308.793,434.712,341.867,0.965,-1,-1,-1
200,-1,319.921,494.905,824.195,574.513,0.861,-1,-1,-1
200,-1,1188.945,313.056,371.211,263.473,0.705,-1,-1,-1
200,-1,778.823,310.857,449.085,351.210,0.930,-1,-1,-1
201,-1,320.318,490.614,885.783,576.633,0.558,-1,-1,-1
201,-1,781.663,313.842,487.456,360.188,0.933,-1,-1,-1
202,-1,327.224,500.250,815.492,569.372,0.783,-1,-1,-1
202,-1,795.793,317.595,506.354,368.191,0.952,-1,-1,-1
203,-1,330.009,511.122,785.058,560.036,0.684,-1,-1,-1
203,-1,813.186,321.799,557.028,382.829,0.960,-1,-1,-1
204,-1,324.141,491.054,953.589,575.843,0.788,-1,-1,-1
204,-1,825.017,325.848,541.348,403.026,0.961,-1,-1,-1
205,-1,319.238,496.413,815.244,573.677,0.668,-1,-1,-1
205,-1,826.344,336.160,557.930,420.769,0.976,-1,-1,-1
206,-1,328.382,504.087,787.684,566.771,0.793,-1,-1,-1
206,-1,854.796,346.088,561.676,421.618,0.975,-1,-1,-1
207,-1,887.577,351.974,562.127,430.112,0.731,-1,-1,-1
207,-1,327.659,503.491,790.846,567.004,0.825,-1,-1,-1
207,-1,868.813,352.074,592.128,434.314,0.837,-1,-1,-1
208,-1,908.121,357.664,590.763,449.822,0.940,-1,-1,-1
208,-1,326.919,498.774,793.675,571.326,0.717,-1,-1,-1
208,-1,342.620,382.184,1124.501,672.386,0.527,-1,-1,-1
209,-1,934.276,370.304,609.465,460.372,0.959,-1,-1,-1
209,-1,327.488,497.913,790.406,571.947,0.698,-1,-1,-1
209,-1,329.168,452.835,1177.199,608.460,0.617,-1,-1,-1
210,-1,815.133,163.413,202.769,116.611,0.762,-1,-1,-1
210,-1,961.728,379.801,632.864,475.064,0.968,-1,-1,-1
210,-1,328.595,494.885,787.486,574.235,0.694,-1,-1,-1
210,-1,324.633,420.690,1242.094,638.315,0.667,-1,-1,-1
211,-1,328.334,486.724,792.698,581.485,0.521,-1,-1,-1
211,-1,327.455,493.882,790.950,574.930,0.538,-1,-1,-1
211,-1,315.717,445.267,1298.047,616.217,0.719,-1,-1,-1
211,-1,990.519,387.477,659.818,488.299,0.954,-1,-1,-1
212,-1,1069.269,265.964,253.442,206.473,0.501,-1,-1,-1
212,-1,332.923,487.427,790.447,581.195,0.582,-1,-1,-1
212,-1,313.102,440.223,1355.911,620.768,0.717,-1,-1,-1
212,-1,1037.131,398.366,668.315,494.840,0.973,-1,-1,-1
213,-1,1071.658,403.489,701.154,514.781,0.979,-1,-1,-1
213,-1,334.889,486.782,789.610,582.139,0.560,-1,-1,-1
213,-1,303.550,439.784,1407.616,621.277,0.761,-1,-1,-1
214,-1,1124.328,418.728,717.203,537.579,0.985,-1,-1,-1
214,-1,331.655,485.604,791.355,583.705,0.767,-1,-1,-1
214,-1,1076.099,260.036,236.143,202.418,0.792,-1,-1,-1
215,-1,1156.960,427.507,754.272,565.512,0.981,-1,-1,-1
215,-1,326.733,486.724,792.494,581.797,0.901,-1,-1,-1
215,-1,1074.939,256.518,235.599,200.203,0.950,-1,-1,-1
216,-1,1196.247,441.954,716.936,589.188,0.945,-1,-1,-1
216,-1,328.068,488.066,784.692,581.125,0.953,-1,-1,-1
216,-1,1075.797,254.618,227.755,195.873,0.975,-1,-1,-1
217,-1,1236.174,468.907,674.979,589.831,0.909,-1,-1,-1
217,-1,325.223,489.576,787.429,579.630,0.954,-1,-1,-1
217,-1,1080.040,251.296,224.391,195.403,0.972,-1,-1,-1
218,-1,1281.568,481.546,630.628,578.905,0.699,-1,-1,-1
218,-1,327.109,489.291,785.096,579.816,0.953,-1,-1,-1
218,-1,1085.042,247.694,224.986,192.970,0.979,-1,-1,-1
219,-1,330.218,489.403,782.115,579.794,0.951,-1,-1,-1
219,-1,1089.674,247.828,227.046,187.804,0.975,-1,-1,-1
220,-1,330.619,490.727,784.914,578.806,0.950,-1,-1,-1
220,-1,1097.963,244.385,226.954,187.797,0.986,-1,-1,-1
221,-1,327.670,491.236,787.462,578.325,0.942,-1,-1,-1
221,-1,1105.473,243.565,227.103,183.527,0.967,-1,-1,-1
222,-1,1116.230,239.913,227.075,181.852,0.940,-1,-1,-1
222,-1,324.995,489.653,793.569,580.006,0.934,-1,-1,-1
223,-1,1426.311,316.563,311.436,209.460,0.724,-1,-1,-1
223,-1,1128.372,237.573,224.260,179.283,0.851,-1,-1,-1
223,-1,325.121,490.702,792.996,578.946,0.930,-1,-1,-1
224,-1,1425.266,317.226,312.189,208.008,0.672,-1,-1,-1
224,-1,1138.410,232.311,231.988,180.709,0.758,-1,-1,-1
224,-1,324.310,490.174,793.044,579.572,0.929,-1,-1,-1
225,-1,1426.266,317.884,312.123,206.783,0.684,-1,-1,-1
225,-1,1155.126,232.287,229.315,176.348,0.833,-1,-1,-1
225,-1,325.490,490.854,793.705,578.939,0.926,-1,-1,-1
226,-1,1426.675,318.075,312.171,206.617,0.615,-1,-1,-1
226,-1,1169.487,228.961,231.421,173.160,0.795,-1,-1,-1
226,-1,325.763,490.419,793.624,579.048,0.931,-1,-1,-1
227,-1,1427.757,318.636,310.838,205.817,0.597,-1,-1,-1
227,-1,1183.274,222.196,235.585,173.823,0.917,-1,-1,-1
227,-1,324.142,490.464,794.064,579.119,0.914,-1,-1,-1
228,-1,1429.262,318.713,309.022,205.481,0.587,-1,-1,-1
228,-1,1199.585,226.233,231.775,166.691,0.664,-1,-1,-1
228,-1,324.825,490.929,793.205,578.760,0.921,-1,-1,-1
229,-1,1430.588,318.530,307.717,205.684,0.607,-1,-1,-1
229,-1,1217.372,222.548,231.945,168.519,0.530,-1,-1,-1
229,-1,322.267,491.995,795.243,577.546,0.935,-1,-1,-1
230,-1,1431.697,318.942,305.843,204.705,0.592,-1,-1,-1
230,-1,1236.078,220.838,228.942,168.226,0.760,-1,-1,-1
230,-1,323.942,491.061,794.496,578.409,0.935,-1,-1,-1
231,-1,1433.092,320.118,303.833,203.120,0.559,-1,-1,-1
231,-1,1257.120,218.638,223.800,166.410,0.527,-1,-1,-1
231,-1,324.925,491.490,793.191,578.023,0.936,-1,-1,-1
232,-1,1433.536,320.393,301.972,203.045,0.536,-1,-1,-1
232,-1,326.094,491.172,793.413,578.414,0.933,-1,-1,-1
232,-1,1274.680,217.391,219.272,165.817,0.613,-1,-1,-1
233,-1,1433.063,319.603,302.097,203.517,0.673,-1,-1,-1
233,-1,326.104,491.419,793.581,578.236,0.931,-1,-1,-1
233,-1,1292.739,217.404,216.944,163.506,0.532,-1,-1,-1
234,-1,1432.512,319.696,303.647,203.806,0.560,-1,-1,-1
234,-1,326.101,491.870,793.932,577.748,0.945,-1,-1,-1
235,-1,1432.691,317.734,303.639,205.850,0.556,-1,-1,-1
235,-1,325.402,492.846,794.285,576.975,0.931,-1,-1,-1
236,-1,1432.989,319.839,303.283,203.781,0.732,-1,-1,-1
236,-1,325.768,492.268,794.647,577.507,0.928,-1,-1,-1
236,-1,1219.353,184.223,165.865,140.034,0.544,-1,-1,-1
237,-1,1431.443,319.966,304.672,204.221,0.829,-1,-1,-1
237,-1,325.052,492.482,795.443,577.235,0.924,-1,-1,-1
237,-1,1220.087,185.509,165.995,141.967,0.738,-1,-1,-1
238,-1,1431.529,319.984,305.911,204.019,0.797,-1,-1,-1
238,-1,1223.255,184.424,165.001,144.160,0.720,-1,-1,-1
238,-1,323.616,491.724,796.318,577.898,0.930,-1,-1,-1
239,-1,1432.081,321.228,305.544,202.768,0.832,-1,-1,-1
239,-1,1224.675,184.921,161.932,145.025,0.670,-1,-1,-1
239,-1,323.337,491.507,796.205,578.114,0.934,-1,-1,-1
240,-1,1432.632,322.028,304.893,201.856,0.841,-1,-1,-1
240,-1,1220.274,188.324,163.982,144.424,0.879,-1,-1,-1
240,-1,323.634,491.711,796.117,577.854,0.932,-1,-1,-1
241,-1,1433.131,321.214,303.726,202.237,0.839,-1,-1,-1
241,-1,1213.872,190.118,170.845,145.243,0.948,-1,-1,-1
241,-1,327.060,491.221,792.255,578.118,0.936,-1,-1,-1
242,-1,1432.004,321.038,306.272,202.466,0.857,-1,-1,-1
242,-1,1206.579,190.568,177.452,146.188,0.945,-1,-1,-1
242,-1,331.672,490.549,787.839,578.786,0.930,-1,-1,-1
243,-1,1432.108,321.098,306.199,202.466,0.831,-1,-1,-1
243,-1,1199.150,190.559,181.534,147.518,0.918,-1,-1,-1
243,-1,330.734,490.350,788.895,578.953,0.935,-1,-1,-1
244,-1,1431.385,321.142,308.005,202.926,0.727,-1,-1,-1
244,-1,1186.413,190.143,187.373,148.832,0.937,-1,-1,-1
244,-1,329.757,490.126,790.124,579.157,0.932,-1,-1,-1
245,-1,1430.159,320.872,309.379,203.247,0.805,-1,-1,-1
245,-1,1175.427,190.467,188.956,153.200,0.985,-1,-1,-1
245,-1,329.486,490.380,791.104,578.906,0.928,-1,-1,-1
246,-1,1429.997,320.562,309.650,203.634,0.771,-1,-1,-1
246,-1,1160.712,191.876,196.720,154.016,0.987,-1,-1,-1
246,-1,328.411,491.049,791.977,578.287,0.928,-1,-1,-1
247,-1,1429.459,318.895,310.650,206.070,0.709,-1,-1,-1
247,-1,1144.328,192.598,205.870,156.302,0.982,-1,-1,-1
247,-1,326.791,490.897,793.392,578.354,0.928,-1,-1,-1
248,-1,1428.538,319.154,311.308,205.748,0.676,-1,-1,-1
248,-1,1134.599,192.350,205.134,159.370,0.990,-1,-1,-1
248,-1,327.280,490.150,792.667,578.995,0.926,-1,-1,-1
249,-1,1428.501,318.933,310.837,205.724,0.730,-1,-1,-1
249,-1,1121.753,193.705,205.453,159.989,0.991,-1,-1,-1
249,-1,327.341,490.629,792.495,578.531,0.932,-1,-1,-1
250,-1,1428.160,318.679,311.393,205.803,0.751,-1,-1,-1
250,-1,1106.925,195.211,205.958,159.252,0.991,-1,-1,-1
250,-1,326.741,490.647,792.728,578.479,0.928,-1,-1,-1
251,-1,1427.655,318.089,311.951,206.615,0.780,-1,-1,-1
251,-1,326.315,490.469,792.270,578.704,0.924,-1,-1,-1
251,-1,1090.730,197.665,208.988,159.198,0.996,-1,-1,-1
252,-1,1427.404,317.954,312.321,206.485,0.792,-1,-1,-1
252,-1,326.517,490.658,792.033,578.532,0.930,-1,-1,-1
252,-1,1078.057,198.200,213.495,162.069,0.996,-1,-1,-1
253,-1,1426.761,317.592,313.165,207.028,0.797,-1,-1,-1
253,-1,333.033,489.532,785.440,579.675,0.933,-1,-1,-1
253,-1,1060.927,200.316,218.474,162.879,0.995,-1,-1,-1
254,-1,1426.302,317.529,313.619,207.185,0.803,-1,-1,-1
254,-1,332.856,489.159,785.395,580.134,0.926,-1,-1,-1
254,-1,1046.763,199.851,221.463,166.252,0.996,-1,-1,-1
255,-1,1426.567,317.538,313.537,207.025,0.798,-1,-1,-1
255,-1,332.782,489.531,784.722,579.717,0.932,-1,-1,-1
255,-1,1031.965,200.069,222.650,168.929,0.997,-1,-1,-1
256,-1,1426.605,317.546,313.641,207.068,0.755,-1,-1,-1
256,-1,331.032,489.396,786.431,579.768,0.934,-1,-1,-1
256,-1,1015.948,202.721,225.282,169.371,0.996,-1,-1,-1
257,-1,1426.590,317.669,313.561,206.869,0.757,-1,-1,-1
257,-1,330.777,489.502,786.429,579.681,0.935,-1,-1,-1
257,-1,999.672,203.869,227.140,170.819,0.997,-1,-1,-1
258,-1,1426.002,317.456,314.422,206.992,0.757,-1,-1,-1
258,-1,330.622,489.536,786.126,579.632,0.927,-1,-1,-1
258,-1,983.981,205.843,232.778,173.988,0.997,-1,-1,-1
259,-1,1426.369,317.829,314.124,206.735,0.712,-1,-1,-1
259,-1,330.585,489.296,786.017,579.842,0.926,-1,-1,-1
259,-1,968.684,208.015,233.984,174.584,0.998,-1,-1,-1
260,-1,1426.830,317.419,313.429,206.939,0.783,-1,-1,-1
260,-1,330.395,488.862,785.794,580.241,0.924,-1,-1,-1
260,-1,950.331,209.429,241.861,176.049,0.997,-1,-1,-1
261,-1,1427.232,317.480,312.709,206.880,0.758,-1,-1,-1
261,-1,331.090,488.774,784.976,580.232,0.922,-1,-1,-1
261,-1,932.367,210.893,244.093,179.119,0.997,-1,-1,-1
262,-1,1427.784,316.941,311.900,206.882,0.743,-1,-1,-1
262,-1,326.302,490.135,790.618,578.865,0.933,-1,-1,-1
262,-1,914.400,211.843,249.355,181.764,0.996,-1,-1,-1
263,-1,1428.071,316.473,311.746,207.729,0.711,-1,-1,-1
263,-1,900.064,213.275,246.199,184.647,0.997,-1,-1,-1
263,-1,325.753,490.090,791.099,578.934,0.917,-1,-1,-1
264,-1,1427.906,316.375,312.261,207.979,0.618,-1,-1,-1
264,-1,883.970,214.583,248.174,188.327,0.998,-1,-1,-1
264,-1,325.793,490.000,790.834,579.030,0.922,-1,-1,-1
265,-1,1427.494,316.349,312.823,208.150,0.584,-1,-1,-1
265,-1,867.609,216.987,249.594,189.025,0.998,-1,-1,-1
265,-1,327.474,491.727,789.793,577.806,0.926,-1,-1,-1
266,-1,853.043,217.962,251.232,192.444,0.998,-1,-1,-1
266,-1,328.035,491.475,788.975,577.955,0.929,-1,-1,-1
267,-1,840.091,218.975,253.907,197.020,0.998,-1,-1,-1
267,-1,328.305,491.073,788.651,578.395,0.920,-1,-1,-1
268,-1,826.107,222.183,258.721,200.412,0.997,-1,-1,-1
268,-1,327.874,490.879,789.581,578.457,0.931,-1,-1,-1
269,-1,813.958,224.379,255.796,202.911,0.998,-1,-1,-1
269,-1,328.986,490.559,788.225,578.683,0.928,-1,-1,-1
270,-1,801.644,226.047,256.724,206.552,0.996,-1,-1,-1
270,-1,327.423,490.787,789.945,578.466,0.929,-1,-1,-1
271,-1,1427.789,316.308,312.486,208.831,0.534,-1,-1,-1
271,-1,788.267,230.009,258.494,206.700,0.997,-1,-1,-1
271,-1,329.940,491.410,787.128,577.800,0.928,-1,-1,-1
272,-1,1428.712,316.970,311.592,208.157,0.663,-1,-1,-1
272,-1,775.645,235.837,262.708,206.476,0.997,-1,-1,-1
272,-1,330.056,492.328,787.067,576.856,0.922,-1,-1,-1
273,-1,1427.984,316.274,312.374,208.852,0.583,-1,-1,-1
273,-1,760.350,238.031,266.570,211.430,0.997,-1,-1,-1
273,-1,329.077,493.378,787.305,575.904,0.924,-1,-1,-1
274,-1,1427.669,316.189,312.071,208.640,0.652,-1,-1,-1
274,-1,749.244,242.089,267.109,212.324,0.995,-1,-1,-1
274,-1,328.224,493.883,787.954,575.373,0.931,-1,-1,-1
275,-1,1427.339,316.071,312.304,208.796,0.636,-1,-1,-1
275,-1,742.456,243.573,265.524,216.626,0.996,-1,-1,-1
275,-1,329.158,494.159,787.180,575.230,0.927,-1,-1,-1
276,-1,1428.189,315.884,311.770,209.228,0.678,-1,-1,-1
276,-1,728.225,244.697,272.371,222.270,0.995,-1,-1,-1
276,-1,329.330,495.247,786.476,574.140,0.919,-1,-1,-1
277,-1,1427.823,316.550,311.536,208.589,0.723,-1,-1,-1
277,-1,719.817,246.676,274.081,229.407,0.993,-1,-1,-1
277,-1,327.234,495.641,788.213,573.882,0.923,-1,-1,-1
278,-1,1427.673,316.518,312.276,208.921,0.676,-1,-1,-1
278,-1,709.024,252.290,279.149,233.166,0.994,-1,-1,-1
278,-1,326.679,497.524,788.341,572.183,0.919,-1,-1,-1
279,-1,1427.462,316.120,311.734,208.977,0.780,-1,-1,-1
279,-1,706.465,256.530,278.175,235.889,0.995,-1,-1,-1
279,-1,326.017,499.528,788.893,570.315,0.923,-1,-1,-1
280,-1,1426.628,316.159,312.790,208.864,0.822,-1,-1,-1
280,-1,701.453,261.423,280.597,237.610,0.995,-1,-1,-1
280,-1,325.071,500.546,789.864,569.174,0.927,-1,-1,-1
281,-1,1426.744,316.184,312.368,208.932,0.820,-1,-1,-1
281,-1,698.292,265.492,282.562,239.600,0.995,-1,-1,-1
281,-1,324.525,501.952,790.136,567.742,0.926,-1,-1,-1