1,-1,568.546,212.577,195.494,150.900,0.926,-1,-1,-1
2,-1,566.096,212.128,197.267,150.459,0.921,-1,-1,-1
3,-1,567.610,212.459,195.326,150.389,0.905,-1,-1,-1
4,-1,568.222,212.669,195.373,150.656,0.900,-1,-1,-1
5,-1,567.459,212.982,195.621,150.727,0.881,-1,-1,-1
5,-1,1125.230,1291.117,1197.319,627.551,0.619,-1,-1,-1
6,-1,568.874,213.569,194.411,150.269,0.897,-1,-1,-1
7,-1,568.509,213.594,194.552,150.291,0.892,-1,-1,-1
8,-1,568.941,213.551,193.843,150.110,0.900,-1,-1,-1
9,-1,568.316,213.032,194.091,149.949,0.907,-1,-1,-1
10,-1,568.308,213.457,194.951,149.695,0.921,-1,-1,-1
11,-1,569.212,213.780,194.633,149.294,0.916,-1,-1,-1
12,-1,569.065,213.671,194.662,149.352,0.915,-1,-1,-1
13,-1,568.227,213.445,195.415,149.498,0.913,-1,-1,-1
14,-1,567.676,213.366,195.425,149.582,0.903,-1,-1,-1
15,-1,567.383,213.655,195.754,149.409,0.909,-1,-1,-1
16,-1,567.434,213.693,195.754,149.408,0.911,-1,-1,-1
17,-1,568.055,213.922,195.642,149.357,0.914,-1,-1,-1
18,-1,568.342,213.824,195.364,149.657,0.913,-1,-1,-1
19,-1,568.340,213.638,195.374,149.721,0.915,-1,-1,-1
20,-1,568.145,213.576,195.612,149.459,0.917,-1,-1,-1
21,-1,567.793,213.328,194.894,149.657,0.909,-1,-1,-1
22,-1,567.820,213.388,194.655,149.449,0.908,-1,-1,-1
23,-1,567.709,213.236,194.857,149.473,0.907,-1,-1,-1
24,-1,568.377,213.966,195.063,149.223,0.912,-1,-1,-1
25,-1,568.533,213.588,195.295,149.336,0.910,-1,-1,-1
26,-1,568.690,213.541,195.224,149.276,0.909,-1,-1,-1
27,-1,568.180,213.271,194.391,149.596,0.910,-1,-1,-1
28,-1,567.796,213.566,194.602,149.442,0.914,-1,-1,-1
29,-1,567.896,213.766,194.760,149.242,0.912,-1,-1,-1
30,-1,568.303,213.339,194.890,149.333,0.906,-1,-1,-1
31,-1,568.571,213.727,194.872,149.443,0.910,-1,-1,-1
32,-1,568.556,213.906,195.072,149.252,0.905,-1,-1,-1
33,-1,568.444,213.769,194.967,149.391,0.908,-1,-1,-1
34,-1,568.195,213.597,195.095,149.410,0.898,-1,-1,-1
35,-1,567.508,213.345,195.716,149.475,0.902,-1,-1,-1
36,-1,567.524,213.400,195.590,149.461,0.898,-1,-1,-1
37,-1,568.361,212.939,195.076,150.024,0.905,-1,-1,-1
38,-1,568.699,213.206,195.390,149.755,0.907,-1,-1,-1
39,-1,568.472,213.359,195.629,149.848,0.908,-1,-1,-1
40,-1,568.135,213.176,195.469,149.958,0.905,-1,-1,-1
41,-1,567.535,213.218,195.420,149.822,0.907,-1,-1,-1
42,-1,567.286,213.131,195.507,149.805,0.911,-1,-1,-1
43,-1,567.264,213.164,195.751,149.664,0.909,-1,-1,-1
44,-1,568.314,213.391,195.183,149.531,0.906,-1,-1,-1
45,-1,568.631,213.805,195.076,149.414,0.906,-1,-1,-1
46,-1,568.692,213.888,195.174,149.370,0.904,-1,-1,-1
47,-1,568.370,213.262,195.034,149.682,0.906,-1,-1,-1
48,-1,567.736,213.182,195.161,149.734,0.909,-1,-1,-1
49,-1,567.493,213.556,195.681,149.426,0.907,-1,-1,-1
50,-1,567.447,213.541,195.960,149.435,0.901,-1,-1,-1
51,-1,567.818,213.009,196.462,149.704,0.908,-1,-1,-1
52,-1,567.853,213.466,196.517,149.544,0.900,-1,-1,-1
53,-1,568.364,213.129,196.045,149.610,0.903,-1,-1,-1
54,-1,568.193,212.852,195.750,149.862,0.904,-1,-1,-1
55,-1,567.904,213.079,195.639,149.803,0.903,-1,-1,-1
56,-1,567.688,213.127,195.833,149.665,0.905,-1,-1,-1
57,-1,567.988,212.841,196.005,149.785,0.908,-1,-1,-1
58,-1,568.301,213.749,196.183,149.294,0.901,-1,-1,-1
59,-1,568.376,213.860,196.199,149.051,0.905,-1,-1,-1
60,-1,568.499,213.515,196.110,149.188,0.905,-1,-1,-1
61,-1,567.934,212.685,195.992,149.743,0.907,-1,-1,-1
62,-1,567.489,212.511,195.957,149.860,0.908,-1,-1,-1
63,-1,567.653,212.601,195.755,149.780,0.908,-1,-1,-1
64,-1,568.578,212.890,195.699,149.704,0.907,-1,-1,-1
65,-1,568.886,213.598,195.887,149.192,0.904,-1,-1,-1
66,-1,568.971,213.455,195.689,149.196,0.905,-1,-1,-1
67,-1,568.614,212.961,195.835,149.595,0.903,-1,-1,-1
68,-1,567.936,213.003,196.044,149.544,0.902,-1,-1,-1
69,-1,567.741,213.207,195.974,149.473,0.902,-1,-1,-1
70,-1,567.642,213.282,196.396,149.336,0.905,-1,-1,-1
71,-1,568.553,213.360,196.042,149.036,0.901,-1,-1,-1
72,-1,568.925,213.313,195.706,149.014,0.902,-1,-1,-1
73,-1,568.390,213.160,195.665,149.289,0.899,-1,-1,-1
74,-1,568.458,213.523,195.543,149.263,0.902,-1,-1,-1
75,-1,567.695,213.189,195.563,149.251,0.908,-1,-1,-1
76,-1,567.576,213.236,195.522,149.276,0.908,-1,-1,-1
77,-1,567.824,212.972,195.570,149.379,0.903,-1,-1,-1
78,-1,564.644,213.242,201.266,148.773,0.907,-1,-1,-1
79,-1,566.117,213.135,198.464,149.055,0.923,-1,-1,-1
80,-1,566.935,212.733,196.678,150.104,0.923,-1,-1,-1
81,-1,565.649,212.359,197.792,149.315,0.910,-1,-1,-1
82,-1,565.607,212.155,197.144,150.460,0.896,-1,-1,-1
83,-1,565.558,212.983,197.103,149.999,0.880,-1,-1,-1
84,-1,567.293,212.766,195.022,150.151,0.882,-1,-1,-1
85,-1,569.014,213.462,194.250,149.511,0.892,-1,-1,-1
86,-1,569.072,213.802,194.703,149.324,0.914,-1,-1,-1
87,-1,569.045,212.678,193.958,149.526,0.904,-1,-1,-1
88,-1,568.484,212.991,194.316,149.496,0.910,-1,-1,-1
89,-1,568.238,213.617,194.623,149.063,0.907,-1,-1,-1
90,-1,568.300,213.650,194.495,149.073,0.907,-1,-1,-1
91,-1,568.167,213.421,194.837,149.206,0.909,-1,-1,-1
92,-1,568.240,213.290,194.941,149.197,0.910,-1,-1,-1
93,-1,568.724,212.910,194.880,149.273,0.916,-1,-1,-1
94,-1,568.568,213.269,194.675,149.208,0.914,-1,-1,-1
95,-1,568.043,213.309,194.838,149.144,0.917,-1,-1,-1
96,-1,568.032,213.196,195.047,148.962,0.908,-1,-1,-1
97,-1,568.101,213.216,194.643,149.377,0.906,-1,-1,-1
98,-1,568.073,213.147,195.438,149.239,0.913,-1,-1,-1
99,-1,569.178,213.184,194.307,149.270,0.920,-1,-1,-1
100,-1,568.845,213.207,194.544,149.335,0.920,-1,-1,-1
101,-1,568.819,213.029,194.063,149.325,0.915,-1,-1,-1
102,-1,568.377,213.293,194.764,149.056,0.918,-1,-1,-1
103,-1,568.368,213.385,194.783,149.093,0.915,-1,-1,-1
104,-1,568.485,213.423,194.965,149.006,0.913,-1,-1,-1
105,-1,568.804,213.127,194.900,148.993,0.911,-1,-1,-1
106,-1,569.012,213.420,194.818,148.946,0.914,-1,-1,-1
107,-1,568.992,213.434,194.738,148.963,0.914,-1,-1,-1
108,-1,568.629,213.329,194.753,149.045,0.907,-1,-1,-1
109,-1,568.291,213.273,194.642,149.338,0.915,-1,-1,-1
110,-1,568.153,213.258,194.765,149.335,0.914,-1,-1,-1
111,-1,568.961,212.920,194.376,148.983,0.914,-1,-1,-1
112,-1,569.019,213.309,194.719,148.679,0.909,-1,-1,-1
113,-1,568.838,213.259,194.850,148.775,0.907,-1,-1,-1
114,-1,569.046,212.993,194.738,148.873,0.912,-1,-1,-1
115,-1,568.466,213.088,194.902,148.717,0.907,-1,-1,-1
116,-1,568.435,212.989,194.904,148.798,0.911,-1,-1,-1
117,-1,568.668,213.006,194.912,148.642,0.911,-1,-1,-1
118,-1,568.558,212.711,195.000,148.748,0.914,-1,-1,-1
119,-1,569.094,212.757,194.594,148.779,0.915,-1,-1,-1
120,-1,569.069,212.605,194.683,148.877,0.917,-1,-1,-1
121,-1,567.822,212.724,195.452,149.172,0.916,-1,-1,-1
122,-1,567.816,212.350,195.157,149.120,0.920,-1,-1,-1
123,-1,567.810,212.295,195.210,149.150,0.919,-1,-1,-1
124,-1,567.768,212.319,195.096,149.155,0.918,-1,-1,-1
125,-1,568.261,212.216,194.714,149.132,0.917,-1,-1,-1
126,-1,568.100,212.565,194.767,149.058,0.918,-1,-1,-1
127,-1,568.350,212.531,194.606,149.108,0.921,-1,-1,-1
128,-1,568.284,212.454,194.234,149.209,0.921,-1,-1,-1
129,-1,568.066,212.361,194.344,149.397,0.914,-1,-1,-1
130,-1,568.010,212.221,194.626,149.421,0.917,-1,-1,-1
131,-1,565.185,212.472,199.610,148.801,0.932,-1,-1,-1
132,-1,566.807,212.947,198.030,149.236,0.937,-1,-1,-1
132,-1,690.578,146.727,173.635,157.172,0.560,-1,-1,-1
133,-1,566.155,212.230,197.092,149.806,0.923,-1,-1,-1
133,-1,7.608,1254.156,1137.813,676.403,0.901,-1,-1,-1
134,-1,564.652,211.457,198.991,149.931,0.921,-1,-1,-1
134,-1,7.671,1250.303,1599.624,675.233,0.848,-1,-1,-1
135,-1,564.229,210.569,199.391,151.028,0.917,-1,-1,-1
135,-1,124.374,1239.939,2012.471,678.834,0.840,-1,-1,-1
136,-1,565.276,210.996,198.060,151.291,0.891,-1,-1,-1
136,-1,606.789,1220.977,1952.372,696.800,0.769,-1,-1,-1
137,-1,566.198,212.440,196.206,150.484,0.899,-1,-1,-1
137,-1,1130.845,1194.276,1421.918,723.785,0.670,-1,-1,-1
138,-1,1575.849,1186.929,970.738,728.237,0.734,-1,-1,-1
138,-1,567.217,212.773,196.179,150.301,0.912,-1,-1,-1
139,-1,2002.184,1201.507,549.841,698.470,0.554,-1,-1,-1
139,-1,568.468,213.388,194.828,149.932,0.926,-1,-1,-1
140,-1,568.396,213.836,195.114,149.701,0.930,-1,-1,-1
141,-1,567.513,213.350,195.243,149.530,0.920,-1,-1,-1
142,-1,567.844,213.395,194.615,149.763,0.912,-1,-1,-1
143,-1,568.055,213.260,194.401,149.680,0.918,-1,-1,-1
144,-1,567.992,213.193,194.625,149.820,0.914,-1,-1,-1
145,-1,568.759,213.186,194.144,150.025,0.915,-1,-1,-1
146,-1,568.699,213.459,194.214,149.939,0.910,-1,-1,-1
147,-1,568.500,213.521,194.307,149.935,0.907,-1,-1,-1
148,-1,567.907,213.813,194.138,149.730,0.905,-1,-1,-1
149,-1,567.955,213.938,194.146,149.670,0.905,-1,-1,-1
150,-1,568.003,213.839,194.075,149.768,0.903,-1,-1,-1
151,-1,568.091,213.722,194.238,149.905,0.907,-1,-1,-1
152,-1,568.306,213.563,194.839,149.249,0.919,-1,-1,-1
153,-1,568.274,213.483,194.986,149.212,0.918,-1,-1,-1
154,-1,568.139,213.703,195.006,149.186,0.919,-1,-1,-1
155,-1,567.904,213.307,195.079,149.520,0.919,-1,-1,-1
156,-1,567.933,213.368,195.031,149.435,0.918,-1,-1,-1
157,-1,568.217,213.315,195.098,149.400,0.918,-1,-1,-1
158,-1,568.240,213.313,195.710,149.256,0.917,-1,-1,-1
159,-1,568.217,213.183,195.811,149.332,0.918,-1,-1,-1
160,-1,568.059,213.343,195.529,149.324,0.919,-1,-1,-1
161,-1,567.563,213.355,195.470,149.470,0.918,-1,-1,-1
162,-1,567.351,213.335,195.768,149.445,0.916,-1,-1,-1
163,-1,567.507,213.605,195.637,149.242,0.919,-1,-1,-1
164,-1,568.255,214.108,196.117,148.758,0.914,-1,-1,-1
165,-1,568.351,213.901,195.830,148.868,0.912,-1,-1,-1
166,-1,568.221,213.911,195.715,148.970,0.916,-1,-1,-1
167,-1,568.150,213.717,195.720,149.107,0.910,-1,-1,-1
168,-1,567.537,213.652,195.891,149.205,0.906,-1,-1,-1
169,-1,567.609,213.771,195.415,149.218,0.908,-1,-1,-1
170,-1,568.029,214.140,195.333,149.018,0.902,-1,-1,-1
171,-1,568.287,213.697,195.881,149.172,0.907,-1,-1,-1
172,-1,567.971,213.755,195.730,149.370,0.906,-1,-1,-1
173,-1,567.928,213.896,195.836,149.257,0.904,-1,-1,-1
174,-1,567.748,213.651,195.922,149.190,0.901,-1,-1,-1
175,-1,567.680,213.515,195.599,149.344,0.901,-1,-1,-1
176,-1,567.685,213.526,195.389,149.517,0.903,-1,-1,-1
177,-1,568.271,213.530,195.376,149.306,0.903,-1,-1,-1
178,-1,568.395,213.500,195.390,149.312,0.904,-1,-1,-1
179,-1,568.160,213.697,195.502,149.311,0.900,-1,-1,-1
180,-1,568.015,213.570,196.011,149.507,0.901,-1,-1,-1
181,-1,568.059,214.052,195.650,149.277,0.891,-1,-1,-1
182,-1,567.741,213.815,195.748,149.387,0.895,-1,-1,-1
183,-1,567.926,213.514,195.605,149.571,0.899,-1,-1,-1
184,-1,567.885,213.534,195.635,149.592,0.899,-1,-1,-1
185,-1,567.888,213.493,195.599,149.557,0.895,-1,-1,-1
186,-1,568.308,213.345,195.373,149.496,0.894,-1,-1,-1
187,-1,568.413,213.236,195.156,149.558,0.897,-1,-1,-1
188,-1,568.272,213.849,195.209,149.328,0.905,-1,-1,-1
189,-1,568.269,213.875,195.326,149.246,0.897,-1,-1,-1
190,-1,568.347,213.802,195.051,149.360,0.902,-1,-1,-1
191,-1,568.242,213.688,195.288,149.446,0.904,-1,-1,-1
192,-1,568.378,213.599,195.275,149.377,0.897,-1,-1,-1
193,-1,568.460,213.559,195.034,149.043,0.904,-1,-1,-1
194,-1,568.522,213.744,195.365,148.786,0.900,-1,-1,-1
195,-1,568.526,213.935,195.649,148.890,0.905,-1,-1,-1
196,-1,568.288,214.145,194.998,149.125,0.918,-1,-1,-1
197,-1,568.259,214.259,195.303,148.982,0.919,-1,-1,-1
198,-1,568.223,213.969,195.102,149.118,0.920,-1,-1,-1
199,-1,568.166,213.985,195.031,149.136,0.919,-1,-1,-1
200,-1,568.250,213.949,195.122,148.965,0.920,-1,-1,-1
201,-1,567.823,213.861,195.154,149.062,0.920,-1,-1,-1
202,-1,567.588,213.914,195.279,149.096,0.922,-1,-1,-1
203,-1,567.628,213.968,195.332,149.107,0.922,-1,-1,-1
204,-1,567.609,213.563,195.176,149.331,0.920,-1,-1,-1
205,-1,567.688,213.653,195.624,149.087,0.921,-1,-1,-1
206,-1,567.711,213.689,195.606,149.210,0.922,-1,-1,-1
207,-1,567.753,214.057,195.642,148.993,0.921,-1,-1,-1
208,-1,567.207,213.713,195.868,149.308,0.923,-1,-1,-1
209,-1,567.376,213.757,195.671,148.961,0.915,-1,-1,-1
210,-1,567.390,213.770,195.767,149.164,0.920,-1,-1,-1
211,-1,567.603,213.435,195.784,149.012,0.912,-1,-1,-1
212,-1,567.635,213.740,195.927,148.917,0.915,-1,-1,-1
213,-1,567.601,213.794,195.866,148.900,0.918,-1,-1,-1
214,-1,567.856,213.711,195.763,149.113,0.913,-1,-1,-1
215,-1,567.711,213.742,195.975,149.189,0.914,-1,-1,-1
216,-1,567.642,214.019,196.026,149.150,0.909,-1,-1,-1
217,-1,567.906,213.706,195.874,149.092,0.922,-1,-1,-1
218,-1,567.989,213.700,196.036,149.079,0.920,-1,-1,-1
219,-1,568.252,213.987,196.091,148.893,0.919,-1,-1,-1
220,-1,568.089,213.798,196.121,148.883,0.918,-1,-1,-1
221,-1,567.984,214.068,196.236,148.686,0.919,-1,-1,-1
222,-1,567.870,213.800,196.657,148.676,0.922,-1,-1,-1
223,-1,567.899,213.574,196.382,148.681,0.919,-1,-1,-1
224,-1,567.832,213.791,196.313,148.746,0.920,-1,-1,-1
225,-1,567.985,213.982,196.175,148.487,0.920,-1,-1,-1
226,-1,568.139,214.096,195.996,148.486,0.921,-1,-1,-1
227,-1,568.023,214.033,196.131,148.405,0.921,-1,-1,-1
228,-1,567.918,213.350,196.062,148.528,0.922,-1,-1,-1
229,-1,568.065,213.435,195.993,148.483,0.923,-1,-1,-1
230,-1,568.079,213.491,195.946,148.517,0.923,-1,-1,-1
231,-1,568.218,213.634,195.931,148.548,0.926,-1,-1,-1
232,-1,569.047,213.724,195.571,148.612,0.922,-1,-1,-1
233,-1,568.863,213.719,195.704,148.595,0.922,-1,-1,-1
234,-1,569.270,213.536,195.484,148.466,0.915,-1,-1,-1
235,-1,568.142,213.426,196.691,148.473,0.911,-1,-1,-1
236,-1,568.354,214.249,195.468,149.056,0.874,-1,-1,-1
237,-1,1953.505,730.233,604.797,600.097,0.924,-1,-1,-1
237,-1,568.418,213.443,194.901,149.708,0.824,-1,-1,-1
238,-1,1629.384,718.273,930.455,644.184,0.958,-1,-1,-1
238,-1,568.962,213.176,194.350,150.185,0.815,-1,-1,-1
239,-1,568.685,213.238,195.849,150.281,0.767,-1,-1,-1
239,-1,1236.866,715.376,1325.643,662.236,0.978,-1,-1,-1
240,-1,568.229,212.413,197.957,150.757,0.750,-1,-1,-1
240,-1,871.071,731.619,1641.879,649.100,0.992,-1,-1,-1
241,-1,565.734,213.283,199.869,149.937,0.765,-1,-1,-1
241,-1,552.184,745.081,1533.659,643.856,0.998,-1,-1,-1
242,-1,565.456,213.001,198.760,149.932,0.761,-1,-1,-1
242,-1,182.728,738.267,1574.169,655.130,0.999,-1,-1,-1
243,-1,564.982,213.346,199.466,150.643,0.665,-1,-1,-1
243,-1,17.303,746.853,1341.727,669.151,0.989,-1,-1,-1
244,-1,564.961,212.751,199.756,150.369,0.661,-1,-1,-1
244,-1,5.712,762.030,983.573,637.594,0.973,-1,-1,-1
245,-1,566.280,212.993,199.047,150.508,0.770,-1,-1,-1
245,-1,7.307,803.373,633.631,611.691,0.874,-1,-1,-1
245,-1,1070.362,1277.772,1494.295,642.218,0.666,-1,-1,-1
246,-1,1515.746,1264.096,1032.534,658.794,0.677,-1,-1,-1
246,-1,568.052,213.549,197.066,149.365,0.854,-1,-1,-1
247,-1,1923.296,1269.141,629.070,652.202,0.864,-1,-1,-1
247,-1,568.786,214.684,195.641,148.566,0.896,-1,-1,-1
248,-1,567.916,214.607,195.865,149.319,0.913,-1,-1,-1
249,-1,568.377,213.662,195.290,149.653,0.913,-1,-1,-1
250,-1,568.598,214.051,194.859,150.385,0.894,-1,-1,-1
251,-1,567.787,213.896,196.256,150.203,0.883,-1,-1,-1
252,-1,567.776,213.810,195.764,149.865,0.889,-1,-1,-1
253,-1,568.453,213.746,195.200,150.145,0.883,-1,-1,-1
254,-1,567.709,214.423,195.979,148.777,0.842,-1,-1,-1
255,-1,567.467,214.321,196.089,149.140,0.859,-1,-1,-1
256,-1,568.189,214.399,196.676,148.285,0.895,-1,-1,-1
257,-1,568.127,214.393,197.042,148.292,0.892,-1,-1,-1
258,-1,568.475,214.237,196.948,148.194,0.862,-1,-1,-1
259,-1,568.627,214.237,196.855,148.135,0.882,-1,-1,-1
260,-1,568.571,214.131,196.195,148.299,0.879,-1,-1,-1
261,-1,568.519,214.089,196.502,148.382,0.860,-1,-1,-1
262,-1,567.937,213.957,197.008,149.043,0.868,-1,-1,-1
263,-1,568.113,214.030,196.893,149.037,0.863,-1,-1,-1
264,-1,568.579,213.971,196.590,148.995,0.854,-1,-1,-1
265,-1,569.711,214.094,195.957,148.326,0.871,-1,-1,-1
266,-1,568.868,213.909,196.774,147.798,0.897,-1,-1,-1
267,-1,568.672,213.916,196.768,147.816,0.899,-1,-1,-1
268,-1,568.126,214.013,196.686,148.140,0.907,-1,-1,-1
269,-1,568.101,213.732,196.788,148.251,0.903,-1,-1,-1
270,-1,568.045,213.723,196.908,148.139,0.904,-1,-1,-1
271,-1,568.630,213.916,196.843,148.037,0.902,-1,-1,-1
272,-1,568.767,213.899,196.705,147.850,0.904,-1,-1,-1
273,-1,569.001,214.071,196.471,147.706,0.896,-1,-1,-1
274,-1,568.750,214.198,196.655,147.953,0.900,-1,-1,-1
275,-1,568.645,213.837,196.605,148.278,0.902,-1,-1,-1
276,-1,567.575,213.912,197.358,148.284,0.907,-1,-1,-1
277,-1,567.473,213.569,196.978,148.420,0.913,-1,-1,-1
278,-1,567.493,213.314,197.097,148.443,0.914,-1,-1,-1
279,-1,567.219,213.837,197.464,148.259,0.907,-1,-1,-1
280,-1,567.504,213.673,197.404,148.318,0.910,-1,-1,-1
281,-1,567.555,213.630,197.444,148.258,0.906,-1,-1,-1
282,-1,567.038,213.711,197.614,148.283,0.900,-1,-1,-1
283,-1,567.261,213.635,197.242,148.343,0.900,-1,-1,-1
284,-1,567.318,213.376,197.158,148.531,0.911,-1,-1,-1
285,-1,567.467,213.385,197.303,148.525,0.913,-1,-1,-1
286,-1,567.264,213.288,197.196,148.537,0.918,-1,-1,-1
287,-1,567.001,213.666,197.273,148.419,0.916,-1,-1,-1
288,-1,566.847,213.742,197.328,148.404,0.915,-1,-1,-1
289,-1,567.481,213.677,197.122,148.340,0.913,-1,-1,-1
290,-1,567.238,213.636,197.008,148.568,0.921,-1,-1,-1
291,-1,567.209,213.541,197.089,148.658,0.922,-1,-1,-1
292,-1,567.358,213.657,197.231,148.740,0.919,-1,-1,-1
293,-1,567.645,213.881,196.775,148.766,0.920,-1,-1,-1
294,-1,567.696,213.942,196.796,148.692,0.918,-1,-1,-1
295,-1,567.819,214.332,196.648,148.568,0.916,-1,-1,-1
296,-1,567.837,214.033,197.005,148.636,0.915,-1,-1,-1
297,-1,567.751,214.070,196.910,148.669,0.914,-1,-1,-1
298,-1,568.186,212.989,196.028,148.787,0.919,-1,-1,-1
299,-1,568.207,213.011,195.662,148.945,0.921,-1,-1,-1
300,-1,568.113,213.017,195.758,148.920,0.920,-1,-1,-1
301,-1,568.124,212.915,195.822,149.107,0.923,-1,-1,-1
302,-1,567.921,212.847,196.029,149.213,0.923,-1,-1,-1
303,-1,567.701,212.932,196.046,149.196,0.923,-1,-1,-1
304,-1,567.883,212.939,196.111,149.156,0.923,-1,-1,-1
305,-1,567.680,213.060,196.099,149.206,0.925,-1,-1,-1
306,-1,567.734,212.906,196.068,149.272,0.924,-1,-1,-1
307,-1,567.548,212.917,196.070,149.442,0.924,-1,-1,-1
308,-1,567.811,213.186,195.762,149.261,0.919,-1,-1,-1
309,-1,567.637,212.915,195.826,149.438,0.918,-1,-1,-1
310,-1,567.588,212.719,195.911,149.366,0.917,-1,-1,-1
311,-1,567.951,213.052,195.846,149.076,0.916,-1,-1,-1
312,-1,568.059,213.050,195.798,149.302,0.914,-1,-1,-1
313,-1,568.393,212.845,195.509,149.393,0.918,-1,-1,-1
314,-1,567.878,212.519,195.815,149.687,0.919,-1,-1,-1
315,-1,567.890,212.392,195.419,149.918,0.918,-1,-1,-1
316,-1,567.915,212.412,195.591,149.772,0.917,-1,-1,-1
317,-1,568.145,212.849,195.623,149.363,0.910,-1,-1,-1
318,-1,568.218,212.541,195.441,149.508,0.910,-1,-1,-1
319,-1,568.473,212.548,195.371,149.343,0.909,-1,-1,-1
320,-1,568.342,212.680,195.179,149.307,0.912,-1,-1,-1
321,-1,568.308,212.657,195.119,149.483,0.916,-1,-1,-1
322,-1,568.443,212.773,195.124,149.347,0.916,-1,-1,-1
323,-1,568.087,212.942,195.258,149.440,0.915,-1,-1,-1
324,-1,568.348,212.706,195.119,149.453,0.912,-1,-1,-1
325,-1,568.325,212.656,195.077,149.739,0.917,-1,-1,-1
326,-1,568.016,212.822,195.651,149.535,0.917,-1,-1,-1
327,-1,568.013,212.767,195.610,149.591,0.915,-1,-1,-1
328,-1,568.009,212.755,195.457,149.597,0.918,-1,-1,-1
329,-1,568.231,212.876,195.307,149.377,0.917,-1,-1,-1
330,-1,568.154,213.058,195.431,149.230,0.912,-1,-1,-1
331,-1,568.227,213.070,195.433,149.188,0.911,-1,-1,-1
332,-1,568.379,213.131,195.262,149.209,0.912,-1,-1,-1
333,-1,567.678,213.979,197.149,148.812,0.873,-1,-1,-1
334,-1,2175.528,822.617,383.890,454.279,0.546,-1,-1,-1
334,-1,568.443,213.649,195.520,149.428,0.872,-1,-1,-1
335,-1,1943.654,796.132,613.816,497.660,0.943,-1,-1,-1
335,-1,569.132,213.979,194.221,149.395,0.869,-1,-1,-1
336,-1,1654.590,794.384,904.113,515.157,0.989,-1,-1,-1
336,-1,568.948,213.304,193.989,150.213,0.849,-1,-1,-1
337,-1,568.169,213.253,195.698,150.630,0.806,-1,-1,-1
337,-1,1390.280,807.532,1148.003,510.479,0.995,-1,-1,-1
338,-1,567.626,212.812,196.518,151.195,0.774,-1,-1,-1
338,-1,1092.741,813.485,1142.974,511.258,0.997,-1,-1,-1
339,-1,568.705,213.105,195.937,151.267,0.777,-1,-1,-1
339,-1,811.372,813.459,1111.612,521.490,0.996,-1,-1,-1
340,-1,569.562,213.712,194.898,150.761,0.759,-1,-1,-1
340,-1,533.841,813.502,1104.045,530.534,0.997,-1,-1,-1
341,-1,569.954,213.764,194.181,150.872,0.733,-1,-1,-1
341,-1,249.669,818.899,1103.138,531.918,0.998,-1,-1,-1
342,-1,568.790,214.152,194.997,150.380,0.783,-1,-1,-1
342,-1,8.587,843.675,1027.105,518.240,0.993,-1,-1,-1
343,-1,568.190,214.061,196.343,150.161,0.867,-1,-1,-1
343,-1,6.906,852.941,736.984,506.531,0.972,-1,-1,-1
344,-1,5.433,871.476,473.837,487.646,0.887,-1,-1,-1
344,-1,568.341,213.667,195.868,150.286,0.895,-1,-1,-1
345,-1,567.078,213.885,196.727,149.391,0.899,-1,-1,-1
346,-1,567.940,213.363,195.306,148.924,0.923,-1,-1,-1
347,-1,567.927,213.361,195.368,148.899,0.922,-1,-1,-1
348,-1,567.820,213.165,195.358,149.102,0.920,-1,-1,-1
349,-1,567.896,213.670,195.351,149.074,0.921,-1,-1,-1
350,-1,567.583,213.845,195.428,148.867,0.914,-1,-1,-1
351,-1,567.693,213.917,195.238,148.533,0.913,-1,-1,-1
352,-1,567.937,214.001,195.575,148.540,0.918,-1,-1,-1
353,-1,567.900,213.893,195.581,148.510,0.920,-1,-1,-1
354,-1,567.754,213.934,195.682,148.516,0.920,-1,-1,-1
355,-1,568.536,213.700,195.429,148.972,0.912,-1,-1,-1
356,-1,568.272,213.704,195.690,148.941,0.913,-1,-1,-1
357,-1,568.325,213.731,195.127,148.998,0.912,-1,-1,-1
358,-1,568.627,213.585,195.088,149.045,0.916,-1,-1,-1
359,-1,568.559,213.938,195.049,148.882,0.914,-1,-1,-1
360,-1,568.526,213.890,195.434,148.596,0.912,-1,-1,-1
361,-1,568.180,213.941,195.570,148.937,0.907,-1,-1,-1
362,-1,568.101,213.971,195.510,148.968,0.908,-1,-1,-1
363,-1,567.972,213.896,195.588,149.131,0.910,-1,-1,-1
364,-1,568.321,214.180,195.202,148.872,0.904,-1,-1,-1
365,-1,568.253,214.262,195.292,148.806,0.902,-1,-1,-1
366,-1,567.901,214.121,195.849,148.822,0.906,-1,-1,-1
367,-1,567.876,213.967,195.874,148.828,0.913,-1,-1,-1
368,-1,567.901,213.947,195.834,148.789,0.911,-1,-1,-1
369,-1,567.457,214.089,196.273,148.847,0.913,-1,-1,-1
370,-1,568.014,214.540,195.988,149.063,0.876,-1,-1,-1
371,-1,2116.688,774.641,442.331,532.210,0.844,-1,-1,-1
371,-1,568.393,214.335,194.889,149.369,0.850,-1,-1,-1
372,-1,1855.770,756.513,701.636,561.518,0.965,-1,-1,-1
372,-1,568.979,214.103,193.616,149.324,0.832,-1,-1,-1
373,-1,1554.692,753.392,1004.893,583.700,0.986,-1,-1,-1
373,-1,568.285,213.162,193.992,149.998,0.818,-1,-1,-1
374,-1,567.602,212.815,195.604,150.538,0.756,-1,-1,-1
374,-1,1211.664,751.542,1336.619,598.618,0.992,-1,-1,-1
375,-1,567.726,212.740,195.693,150.827,0.714,-1,-1,-1
375,-1,921.172,769.838,1280.628,582.595,0.997,-1,-1,-1
376,-1,569.439,213.016,194.352,150.443,0.709,-1,-1,-1
376,-1,622.603,767.546,1242.015,600.070,0.996,-1,-1,-1
377,-1,570.494,213.498,193.542,150.370,0.725,-1,-1,-1
377,-1,288.724,766.764,1262.405,605.613,0.998,-1,-1,-1
378,-1,569.376,213.540,194.112,150.303,0.729,-1,-1,-1
378,-1,23.331,766.723,1188.736,613.974,0.993,-1,-1,-1
379,-1,568.671,213.886,195.474,149.797,0.807,-1,-1,-1
379,-1,5.207,780.395,890.294,598.534,0.963,-1,-1,-1
380,-1,568.953,213.795,195.108,149.745,0.865,-1,-1,-1
380,-1,4.547,810.685,569.777,570.544,0.918,-1,-1,-1
381,-1,2.351,828.582,324.570,524.555,0.672,-1,-1,-1
381,-1,567.977,214.207,195.848,149.209,0.894,-1,-1,-1
382,-1,568.041,213.799,195.056,148.637,0.913,-1,-1,-1
383,-1,567.994,213.858,195.166,148.625,0.916,-1,-1,-1
384,-1,567.886,213.854,195.250,148.680,0.914,-1,-1,-1
385,-1,568.147,214.104,195.393,148.498,0.916,-1,-1,-1
386,-1,568.221,213.995,195.386,148.495,0.912,-1,-1,-1
387,-1,568.085,213.958,195.536,148.538,0.913,-1,-1,-1
388,-1,568.192,213.970,195.434,148.365,0.911,-1,-1,-1
389,-1,568.131,214.030,195.587,148.332,0.912,-1,-1,-1
390,-1,568.119,214.032,195.573,148.328,0.911,-1,-1,-1
391,-1,568.100,214.035,195.462,148.342,0.912,-1,-1,-1
392,-1,567.720,213.801,195.654,149.079,0.926,-1,-1,-1
393,-1,567.681,213.885,195.839,148.998,0.927,-1,-1,-1
394,-1,567.714,213.881,195.529,149.264,0.930,-1,-1,-1
395,-1,568.127,213.455,195.088,149.461,0.929,-1,-1,-1
396,-1,568.233,213.548,195.111,149.300,0.926,-1,-1,-1
397,-1,569.064,213.762,194.821,148.808,0.920,-1,-1,-1
398,-1,568.887,213.799,194.910,148.864,0.920,-1,-1,-1
399,-1,568.892,213.848,194.948,148.887,0.919,-1,-1,-1
400,-1,569.017,213.858,194.925,148.881,0.921,-1,-1,-1
401,-1,569.233,213.610,194.587,148.913,0.922,-1,-1,-1
402,-1,568.872,213.902,194.299,148.597,0.911,-1,-1,-1
403,-1,568.754,213.807,194.314,148.694,0.915,-1,-1,-1
404,-1,568.634,214.072,194.417,148.727,0.910,-1,-1,-1
405,-1,568.575,214.032,194.641,148.750,0.909,-1,-1,-1
406,-1,569.001,213.867,194.043,148.717,0.914,-1,-1,-1
407,-1,569.152,213.737,193.826,148.832,0.914,-1,-1,-1
408,-1,569.132,213.771,193.826,148.819,0.913,-1,-1,-1
409,-1,568.629,213.647,194.593,148.592,0.911,-1,-1,-1
410,-1,568.807,213.591,194.520,148.672,0.912,-1,-1,-1
411,-1,568.808,213.632,194.482,148.631,0.912,-1,-1,-1
412,-1,568.610,213.696,194.604,148.738,0.913,-1,-1,-1
413,-1,568.682,213.708,194.664,148.690,0.908,-1,-1,-1
414,-1,568.735,213.748,194.624,148.653,0.907,-1,-1,-1
415,-1,568.641,213.667,194.667,148.639,0.910,-1,-1,-1
416,-1,568.680,213.853,194.822,148.577,0.910,-1,-1,-1
417,-1,568.555,213.802,194.934,148.574,0.911,-1,-1,-1
418,-1,568.755,213.754,194.746,148.548,0.909,-1,-1,-1
419,-1,569.014,213.958,194.562,148.583,0.911,-1,-1,-1
420,-1,569.025,213.915,194.562,148.579,0.913,-1,-1,-1
421,-1,568.821,213.654,194.877,148.650,0.917,-1,-1,-1
422,-1,568.691,213.701,195.251,148.657,0.915,-1,-1,-1
423,-1,568.835,213.991,195.155,148.582,0.912,-1,-1,-1
424,-1,568.963,213.974,195.030,148.655,0.914,-1,-1,-1
425,-1,569.056,213.976,194.817,148.604,0.917,-1,-1,-1
426,-1,568.960,213.933,194.871,148.680,0.919,-1,-1,-1
427,-1,568.630,214.037,194.432,148.823,0.917,-1,-1,-1
428,-1,568.549,214.009,194.600,148.771,0.919,-1,-1,-1
429,-1,568.633,213.973,194.810,148.540,0.915,-1,-1,-1
430,-1,568.638,214.025,194.674,148.642,0.916,-1,-1,-1
431,-1,568.612,213.931,194.631,148.638,0.913,-1,-1,-1
432,-1,568.525,214.031,194.805,148.649,0.912,-1,-1,-1
433,-1,568.371,214.036,195.082,148.702,0.920,-1,-1,-1
434,-1,568.277,214.063,195.038,148.666,0.920,-1,-1,-1
435,-1,568.266,214.012,195.207,148.765,0.918,-1,-1,-1
436,-1,568.280,213.985,195.016,148.785,0.917,-1,-1,-1
437,-1,568.387,214.097,194.889,148.751,0.918,-1,-1,-1
438,-1,568.250,214.010,195.140,148.721,0.918,-1,-1,-1
439,-1,568.244,214.048,195.119,148.729,0.918,-1,-1,-1
440,-1,568.284,214.165,195.004,148.718,0.919,-1,-1,-1
441,-1,568.141,213.931,195.182,148.874,0.917,-1,-1,-1
442,-1,568.213,213.905,194.873,148.908,0.918,-1,-1,-1
443,-1,568.340,214.009,194.872,148.980,0.920,-1,-1,-1
444,-1,568.594,214.066,194.712,148.880,0.918,-1,-1,-1
445,-1,568.681,214.113,194.717,148.593,0.917,-1,-1,-1
446,-1,568.715,214.054,194.518,148.657,0.919,-1,-1,-1
447,-1,568.447,214.112,194.785,148.510,0.915,-1,-1,-1
448,-1,568.456,214.185,194.744,148.488,0.915,-1,-1,-1
449,-1,568.657,214.265,194.564,148.518,0.914,-1,-1,-1
450,-1,568.696,214.219,194.445,148.452,0.913,-1,-1,-1
451,-1,568.613,214.176,195.514,148.474,0.913,-1,-1,-1
452,-1,568.673,214.117,195.580,148.543,0.912,-1,-1,-1
453,-1,568.273,214.420,195.793,148.319,0.912,-1,-1,-1
454,-1,568.072,214.292,195.928,148.415,0.917,-1,-1,-1
455,-1,568.387,214.429,195.746,148.306,0.913,-1,-1,-1
456,-1,568.291,214.548,195.681,148.436,0.917,-1,-1,-1
457,-1,568.176,213.902,195.945,148.673,0.921,-1,-1,-1
458,-1,568.190,213.871,195.885,148.665,0.920,-1,-1,-1
459,-1,568.248,214.000,195.912,148.546,0.920,-1,-1,-1
460,-1,568.392,214.021,195.801,148.541,0.922,-1,-1,-1
461,-1,568.811,213.862,195.653,148.330,0.909,-1,-1,-1
462,-1,568.758,213.860,195.926,148.473,0.904,-1,-1,-1
463,-1,568.922,213.869,195.792,148.569,0.908,-1,-1,-1
464,-1,568.983,213.924,195.643,148.519,0.904,-1,-1,-1
465,-1,568.828,213.977,195.746,148.557,0.905,-1,-1,-1
466,-1,568.824,213.936,195.689,148.561,0.907,-1,-1,-1
467,-1,568.798,213.860,195.672,148.584,0.909,-1,-1,-1
468,-1,568.727,213.859,195.722,148.460,0.911,-1,-1,-1
469,-1,568.806,214.053,195.872,148.526,0.909,-1,-1,-1
470,-1,568.909,214.070,195.800,148.547,0.909,-1,-1,-1
471,-1,568.345,215.129,197.708,148.238,0.838,-1,-1,-1
472,-1,2209.993,845.592,349.711,433.781,0.691,-1,-1,-1
472,-1,569.282,214.812,195.852,148.887,0.843,-1,-1,-1
473,-1,1924.463,791.985,632.290,504.335,0.964,-1,-1,-1
473,-1,569.669,214.554,194.518,148.775,0.814,-1,-1,-1
474,-1,1652.479,780.989,905.418,533.413,0.986,-1,-1,-1
474,-1,569.463,214.124,194.892,149.279,0.765,-1,-1,-1
475,-1,569.424,213.949,194.884,149.719,0.764,-1,-1,-1
475,-1,1367.222,789.027,1189.438,534.145,0.988,-1,-1,-1
476,-1,568.857,213.280,196.564,150.643,0.687,-1,-1,-1
476,-1,1040.400,804.997,1316.937,522.980,0.997,-1,-1,-1
477,-1,570.125,213.655,195.424,150.630,0.649,-1,-1,-1
477,-1,725.467,811.649,1313.820,530.864,0.996,-1,-1,-1
478,-1,570.688,214.230,194.966,150.324,0.656,-1,-1,-1
478,-1,425.384,809.056,1310.734,539.463,0.997,-1,-1,-1
479,-1,570.758,214.824,195.006,150.151,0.661,-1,-1,-1
479,-1,119.522,819.269,1283.562,539.534,0.998,-1,-1,-1
480,-1,569.878,215.301,195.486,150.099,0.676,-1,-1,-1
480,-1,6.499,839.167,1089.583,529.329,0.984,-1,-1,-1
481,-1,568.883,214.019,197.084,149.869,0.804,-1,-1,-1
481,-1,6.301,854.171,774.321,516.160,0.954,-1,-1,-1
482,-1,569.195,214.136,196.914,149.685,0.861,-1,-1,-1
482,-1,4.058,881.090,492.970,488.833,0.858,-1,-1,-1
483,-1,2.088,932.838,250.109,403.265,0.560,-1,-1,-1
483,-1,567.891,213.996,198.503,149.529,0.879,-1,-1,-1
484,-1,568.507,213.618,196.821,149.172,0.896,-1,-1,-1
485,-1,568.365,213.590,196.976,149.203,0.896,-1,-1,-1
486,-1,568.218,213.308,197.427,149.268,0.901,-1,-1,-1
487,-1,568.209,213.402,197.358,149.227,0.902,-1,-1,-1
488,-1,568.122,213.393,197.476,149.301,0.905,-1,-1,-1
489,-1,568.408,213.575,197.090,149.289,0.897,-1,-1,-1
490,-1,568.257,214.100,197.254,149.024,0.887,-1,-1,-1
491,-1,568.162,213.980,196.446,148.540,0.878,-1,-1,-1
492,-1,568.041,214.075,196.393,148.615,0.871,-1,-1,-1
493,-1,567.455,214.067,197.716,147.916,0.851,-1,-1,-1
494,-1,568.487,214.305,196.958,148.347,0.827,-1,-1,-1
495,-1,2100.531,821.343,457.617,459.159,0.844,-1,-1,-1
495,-1,568.237,214.610,196.842,148.617,0.755,-1,-1,-1
496,-1,1778.092,803.900,779.969,504.389,0.958,-1,-1,-1
496,-1,568.077,214.182,196.064,148.926,0.760,-1,-1,-1
497,-1,1527.345,792.670,1030.870,521.681,0.993,-1,-1,-1
497,-1,567.894,213.543,196.989,149.648,0.696,-1,-1,-1
498,-1,567.917,213.099,197.585,150.205,0.649,-1,-1,-1
498,-1,1201.588,807.823,1236.822,516.846,0.997,-1,-1,-1
499,-1,568.121,213.286,197.264,150.251,0.641,-1,-1,-1
499,-1,914.756,814.147,1206.303,516.915,0.998,-1,-1,-1
500,-1,569.495,214.315,195.812,149.973,0.576,-1,-1,-1
500,-1,627.854,812.902,1171.567,529.567,0.997,-1,-1,-1
501,-1,318.855,819.979,1175.104,530.545,0.998,-1,-1,-1
502,-1,568.380,213.794,197.218,151.652,0.550,-1,-1,-1
502,-1,43.086,833.852,1127.297,526.239,0.998,-1,-1,-1
503,-1,567.380,213.658,197.314,152.508,0.691,-1,-1,-1
503,-1,5.808,851.477,866.143,508.031,0.974,-1,-1,-1
504,-1,567.897,213.921,196.779,151.844,0.735,-1,-1,-1
504,-1,3.447,869.622,562.076,493.970,0.964,-1,-1,-1
505,-1,3.033,890.137,329.719,445.428,0.868,-1,-1,-1
505,-1,567.026,214.180,198.151,151.894,0.716,-1,-1,-1
506,-1,567.190,213.341,198.034,150.957,0.767,-1,-1,-1
507,-1,567.521,213.349,197.892,150.727,0.786,-1,-1,-1
508,-1,566.078,213.330,200.044,149.695,0.808,-1,-1,-1
509,-1,566.258,213.103,200.303,148.848,0.773,-1,-1,-1
510,-1,567.139,213.799,198.780,147.554,0.812,-1,-1,-1
511,-1,567.840,212.650,197.694,148.492,0.841,-1,-1,-1
512,-1,567.974,212.527,197.817,148.518,0.826,-1,-1,-1
513,-1,567.716,212.505,197.516,148.678,0.848,-1,-1,-1
514,-1,567.561,213.001,197.910,148.547,0.839,-1,-1,-1
515,-1,567.550,213.237,197.961,148.488,0.829,-1,-1,-1
516,-1,567.587,213.258,198.426,148.299,0.836,-1,-1,-1
517,-1,567.978,213.001,198.342,148.369,0.788,-1,-1,-1
518,-1,568.293,213.155,197.784,148.296,0.799,-1,-1,-1
519,-1,568.065,213.337,198.203,148.644,0.796,-1,-1,-1
520,-1,567.670,213.102,198.058,149.023,0.809,-1,-1,-1
521,-1,566.840,212.600,198.409,149.757,0.875,-1,-1,-1
522,-1,567.014,212.394,198.015,149.923,0.884,-1,-1,-1
523,-1,566.951,212.293,198.018,149.735,0.886,-1,-1,-1
524,-1,566.844,212.191,198.275,149.804,0.892,-1,-1,-1
525,-1,566.436,212.653,198.483,150.005,0.885,-1,-1,-1
526,-1,566.600,212.409,198.176,150.078,0.884,-1,-1,-1
527,-1,566.767,212.278,197.711,149.959,0.877,-1,-1,-1
528,-1,566.878,212.280,197.562,149.998,0.877,-1,-1,-1
529,-1,567.384,212.444,197.005,150.090,0.875,-1,-1,-1
530,-1,567.486,212.472,197.167,149.925,0.874,-1,-1,-1
531,-1,567.165,211.880,197.139,150.433,0.888,-1,-1,-1
532,-1,566.990,212.049,197.289,150.451,0.890,-1,-1,-1
533,-1,567.088,212.106,197.353,150.421,0.885,-1,-1,-1
534,-1,566.858,212.167,197.492,150.481,0.884,-1,-1,-1
535,-1,567.076,211.924,197.232,150.514,0.892,-1,-1,-1
536,-1,567.361,211.988,196.997,150.438,0.892,-1,-1,-1
537,-1,567.333,211.945,196.997,150.470,0.894,-1,-1,-1
538,-1,567.225,212.030,197.124,150.578,0.893,-1,-1,-1
539,-1,567.355,211.878,197.012,150.702,0.895,-1,-1,-1
540,-1,567.451,211.794,197.075,150.751,0.894,-1,-1,-1
541,-1,566.818,212.380,197.911,149.836,0.871,-1,-1,-1
542,-1,566.862,212.443,198.138,149.758,0.875,-1,-1,-1
543,-1,566.909,212.530,198.040,149.740,0.875,-1,-1,-1
544,-1,566.899,212.438,197.974,149.817,0.876,-1,-1,-1
545,-1,566.801,212.361,198.078,149.888,0.877,-1,-1,-1
546,-1,566.871,212.341,198.013,149.823,0.875,-1,-1,-1
547,-1,567.042,212.287,197.925,149.850,0.877,-1,-1,-1
548,-1,567.109,212.091,197.969,149.792,0.877,-1,-1,-1
549,-1,567.163,212.061,197.969,149.732,0.875,-1,-1,-1
550,-1,567.029,212.232,198.007,149.743,0.875,-1,-1,-1