193,3505,514.29,1095.67,735.24,485.35,1,-1,-1,-1
194,3505,731.09,1097.02,637.40,422.30,1,-1,-1,-1
195,3505,916.42,1102.05,544.74,364.71,1,-1,-1,-1
196,3505,1066.69,1110.22,460.83,311.67,1,-1,-1,-1
197,3505,1194.05,1116.20,383.40,260.75,1,-1,-1,-1
201,3506,1435.16,1089.05,286.45,221.01,1,-1,-1,-1
202,3506,1485.34,1088.28,261.93,207.12,1,-1,-1,-1
203,3506,1528.74,1086.34,242.18,196.17,1,-1,-1,-1
204,3506,1566.42,1084.59,220.72,182.30,1,-1,-1,-1
205,3506,1597.02,1079.70,205.11,172.41,1,-1,-1,-1
206,3506,1623.88,1075.95,190.65,163.82,1,-1,-1,-1
207,3506,1644.97,1072.42,177.08,154.50,1,-1,-1,-1
208,3506,1664.89,1070.50,165.31,145.93,1,-1,-1,-1
209,3506,1680.91,1066.68,157.75,139.79,1,-1,-1,-1
210,3506,1695.33,1061.52,150.01,133.68,1,-1,-1,-1
211,3506,1707.39,1056.87,143.26,128.64,1,-1,-1,-1
212,3506,1716.61,1052.10,136.93,124.01,1,-1,-1,-1
213,3506,1726.34,1048.04,130.59,118.96,1,-1,-1,-1
214,3506,1736.35,1043.73,123.43,114.12,1,-1,-1,-1
215,3506,1743.74,1039.02,117.57,110.43,1,-1,-1,-1
216,3506,1750.13,1035.65,113.36,107.46,1,-1,-1,-1
217,3506,1754.23,1031.92,110.23,105.51,1,-1,-1,-1
218,3506,1756.99,1028.12,107.70,103.54,1,-1,-1,-1
219,3506,1758.73,1024.08,105.55,101.20,1,-1,-1,-1
220,3506,1759.50,1020.88,103.97,99.35,1,-1,-1,-1
221,3506,1762.09,1017.77,101.31,96.59,1,-1,-1,-1
222,3506,1764.36,1014.02,99.05,94.17,1,-1,-1,-1
223,3506,1766.36,1011.03,97.04,92.52,1,-1,-1,-1
224,3506,1767.44,1008.23,95.08,90.69,1,-1,-1,-1
225,3506,1767.78,1004.53,92.97,88.44,1,-1,-1,-1
226,3506,1768.70,1000.99,91.03,86.54,1,-1,-1,-1
227,3506,1768.66,997.67,88.79,83.80,1,-1,-1,-1
228,3506,1767.56,994.15,87.38,82.14,1,-1,-1,-1
229,3506,1767.58,990.99,86.42,80.86,1,-1,-1,-1
230,3506,1767.07,987.76,86.23,80.01,1,-1,-1,-1
231,3506,1766.68,984.82,86.87,79.98,1,-1,-1,-1
232,3506,1765.09,982.22,88.24,80.52,1,-1,-1,-1
233,3506,1764.43,979.74,89.81,81.05,1,-1,-1,-1
234,3506,1762.65,977.09,91.11,81.86,1,-1,-1,-1
585,3507,1630.61,927.52,123.67,113.73,1,-1,-1,-1
586,3507,1627.23,928.46,125.05,114.86,1,-1,-1,-1
587,3507,1623.97,930.23,126.05,115.76,1,-1,-1,-1
588,3507,1621.56,931.78,126.73,115.92,1,-1,-1,-1
589,3507,1620.15,934.41,126.47,115.39,1,-1,-1,-1
590,3507,1618.18,936.73,127.16,115.71,1,-1,-1,-1
591,3507,1615.45,938.63,127.73,116.06,1,-1,-1,-1
592,3507,1612.27,940.26,128.28,116.06,1,-1,-1,-1
593,3507,1608.40,942.80,128.71,115.58,1,-1,-1,-1
594,3507,1604.71,945.05,129.84,116.02,1,-1,-1,-1
595,3507,1599.49,946.72,131.73,116.94,1,-1,-1,-1
596,3507,1592.86,948.14,133.72,117.68,1,-1,-1,-1
597,3507,1587.24,949.65,135.75,118.92,1,-1,-1,-1
598,3507,1580.74,950.81,137.77,120.56,1,-1,-1,-1
599,3507,1574.56,951.77,140.11,122.24,1,-1,-1,-1
600,3507,1566.17,952.18,143.82,124.77,1,-1,-1,-1
601,3507,1557.05,952.83,147.63,126.91,1,-1,-1,-1
602,3507,1547.75,953.88,150.63,128.97,1,-1,-1,-1
603,3507,1538.93,954.53,153.07,131.37,1,-1,-1,-1
604,3507,1529.31,955.19,155.25,134.19,1,-1,-1,-1
605,3507,1518.58,956.11,157.45,136.89,1,-1,-1,-1
606,3507,1507.83,956.73,160.69,139.61,1,-1,-1,-1
607,3507,1494.58,958.01,164.84,142.69,1,-1,-1,-1
608,3507,1481.22,959.30,168.70,145.73,1,-1,-1,-1
609,3507,1466.05,959.55,172.19,147.92,1,-1,-1,-1
610,3507,1449.83,959.68,176.12,151.14,1,-1,-1,-1
611,3507,1432.17,960.25,180.46,154.30,1,-1,-1,-1
612,3507,1410.07,961.70,185.96,158.28,1,-1,-1,-1
613,3507,1388.52,961.05,192.40,163.47,1,-1,-1,-1
614,3507,1366.42,961.00,199.81,168.12,1,-1,-1,-1
615,3507,1341.64,961.20,207.28,173.13,1,-1,-1,-1
616,3507,1315.76,959.76,213.84,178.13,1,-1,-1,-1
617,3507,1283.24,959.50,224.10,183.01,1,-1,-1,-1
618,3507,1246.55,957.91,235.64,188.61,1,-1,-1,-1
619,3507,1208.44,957.21,246.78,192.81,1,-1,-1,-1
620,3508,1638.16,922.53,124.81,110.98,1,-1,-1,-1
620,3507,1163.42,956.25,259.10,197.69,1,-1,-1,-1
621,3508,1638.72,924.15,126.15,111.97,1,-1,-1,-1
621,3507,1115.21,954.55,272.76,202.89,1,-1,-1,-1
622,3508,1637.59,925.40,127.41,113.44,1,-1,-1,-1
622,3507,1064.99,952.01,288.25,208.18,1,-1,-1,-1
623,3508,1635.08,926.10,128.86,115.12,1,-1,-1,-1
623,3507,1011.12,947.37,306.84,215.78,1,-1,-1,-1
624,3508,1631.82,927.21,129.57,115.70,1,-1,-1,-1
624,3507,951.34,942.86,326.15,223.97,1,-1,-1,-1
625,3508,1629.30,927.52,131.07,117.38,1,-1,-1,-1
625,3507,876.61,937.24,349.50,234.22,1,-1,-1,-1
626,3508,1626.56,928.23,131.70,118.44,1,-1,-1,-1
626,3507,793.44,931.87,376.80,245.56,1,-1,-1,-1
627,3508,1623.82,929.62,131.72,118.81,1,-1,-1,-1
627,3507,700.42,924.18,406.10,259.96,1,-1,-1,-1
628,3508,1621.09,931.27,131.82,119.05,1,-1,-1,-1
628,3507,591.46,916.78,434.67,272.73,1,-1,-1,-1
629,3508,1618.06,933.82,132.08,119.60,1,-1,-1,-1
629,3507,470.90,906.87,468.38,287.20,1,-1,-1,-1
630,3508,1614.84,936.93,132.75,119.92,1,-1,-1,-1
630,3507,328.71,898.03,511.83,305.62,1,-1,-1,-1
631,3508,1610.03,940.07,133.21,120.13,1,-1,-1,-1
631,3507,168.92,887.21,557.49,323.28,1,-1,-1,-1
632,3508,1605.05,942.08,133.89,120.07,1,-1,-1,-1
632,3507,47.01,875.05,579.31,341.20,1,-1,-1,-1
633,3508,1599.71,943.50,134.92,120.98,1,-1,-1,-1
634,3508,1592.37,945.37,137.38,121.65,1,-1,-1,-1
635,3508,1585.89,946.84,138.74,122.35,1,-1,-1,-1
636,3508,1580.76,948.03,140.56,123.98,1,-1,-1,-1
637,3508,1573.72,948.80,143.13,125.66,1,-1,-1,-1
638,3508,1566.02,950.01,145.86,127.37,1,-1,-1,-1
639,3508,1557.82,950.78,149.08,129.18,1,-1,-1,-1
640,3508,1548.78,951.45,151.56,131.00,1,-1,-1,-1
641,3508,1538.93,952.35,154.30,133.54,1,-1,-1,-1
642,3508,1528.76,952.04,156.77,136.23,1,-1,-1,-1
643,3508,1517.83,953.54,159.87,139.35,1,-1,-1,-1
644,3508,1505.56,955.11,163.38,141.81,1,-1,-1,-1
645,3508,1492.17,956.38,166.58,144.63,1,-1,-1,-1
646,3508,1477.07,957.64,171.18,147.58,1,-1,-1,-1
647,3508,1462.08,957.44,174.25,149.36,1,-1,-1,-1
648,3508,1444.54,958.05,178.48,152.48,1,-1,-1,-1
649,3508,1425.66,959.13,183.76,155.77,1,-1,-1,-1
650,3508,1403.86,960.42,188.55,158.65,1,-1,-1,-1
651,3508,1379.93,961.03,196.64,163.12,1,-1,-1,-1
652,3508,1354.86,961.02,204.71,166.95,1,-1,-1,-1
653,3508,1328.05,960.66,214.45,172.39,1,-1,-1,-1
654,3508,1296.77,960.59,224.46,177.89,1,-1,-1,-1
655,3508,1258.99,958.13,237.50,184.73,1,-1,-1,-1
656,3508,1219.81,956.83,252.17,191.14,1,-1,-1,-1
657,3508,1174.10,955.82,265.97,195.95,1,-1,-1,-1
658,3509,1628.94,920.22,122.97,110.14,1,-1,-1,-1
658,3508,1121.92,953.31,281.39,200.76,1,-1,-1,-1
659,3509,1627.06,921.27,124.71,111.25,1,-1,-1,-1
659,3508,1067.59,950.02,299.97,207.12,1,-1,-1,-1
660,3509,1625.12,922.31,125.48,112.21,1,-1,-1,-1
660,3508,1010.43,946.48,320.93,213.80,1,-1,-1,-1
661,3509,1622.94,924.39,125.85,113.10,1,-1,-1,-1
661,3508,948.08,942.42,343.94,221.07,1,-1,-1,-1
662,3509,1620.10,926.12,127.23,114.14,1,-1,-1,-1
662,3508,871.60,936.61,372.00,230.13,1,-1,-1,-1
663,3509,1617.70,927.16,128.58,115.25,1,-1,-1,-1
663,3508,781.50,930.53,403.53,241.89,1,-1,-1,-1
664,3509,1615.06,928.53,129.77,115.86,1,-1,-1,-1
664,3508,681.91,923.49,438.23,254.11,1,-1,-1,-1
665,3509,1611.42,929.44,130.93,116.44,1,-1,-1,-1
665,3508,564.21,916.73,475.15,266.88,1,-1,-1,-1
666,3509,1608.56,930.35,131.58,116.66,1,-1,-1,-1
666,3508,434.54,905.48,517.34,280.63,1,-1,-1,-1
667,3509,1605.64,932.20,132.28,117.18,1,-1,-1,-1
667,3508,284.28,894.73,566.04,296.04,1,-1,-1,-1
668,3509,1603.59,933.70,132.82,117.71,1,-1,-1,-1
668,3508,121.41,884.70,620.95,315.42,1,-1,-1,-1
669,3509,1600.61,935.32,132.99,117.94,1,-1,-1,-1
669,3508,23.31,869.32,633.19,332.17,1,-1,-1,-1
670,3509,1597.46,937.02,133.71,118.49,1,-1,-1,-1
670,3508,-39.55,870.53,601.16,336.25,1,-1,-1,-1
671,3509,1593.07,939.12,134.36,119.03,1,-1,-1,-1
672,3509,1588.30,941.98,135.70,120.05,1,-1,-1,-1
673,3509,1583.92,944.10,137.10,121.25,1,-1,-1,-1
674,3509,1578.55,944.65,138.85,122.88,1,-1,-1,-1
675,3509,1571.61,943.97,141.72,125.36,1,-1,-1,-1
676,3509,1564.46,944.48,144.65,127.77,1,-1,-1,-1
677,3509,1554.52,945.36,147.74,130.16,1,-1,-1,-1
678,3509,1546.08,946.63,151.03,132.28,1,-1,-1,-1
679,3509,1537.49,948.26,154.30,135.13,1,-1,-1,-1
680,3509,1526.31,948.64,157.93,137.44,1,-1,-1,-1
681,3509,1514.44,949.65,160.67,139.68,1,-1,-1,-1
682,3509,1503.65,951.91,163.60,141.08,1,-1,-1,-1
683,3509,1490.72,953.48,167.72,143.39,1,-1,-1,-1
684,3509,1476.09,953.68,172.07,146.11,1,-1,-1,-1
685,3509,1461.80,953.88,175.22,148.35,1,-1,-1,-1
686,3509,1446.37,954.06,179.68,151.82,1,-1,-1,-1
687,3509,1428.93,953.81,185.29,155.62,1,-1,-1,-1
688,3509,1407.73,954.37,189.49,158.94,1,-1,-1,-1
689,3509,1383.56,955.22,197.36,164.23,1,-1,-1,-1
690,3509,1359.12,956.28,205.68,168.55,1,-1,-1,-1
691,3509,1333.05,956.13,214.47,173.34,1,-1,-1,-1
692,3509,1305.91,954.60,223.27,178.01,1,-1,-1,-1
693,3509,1274.44,953.03,233.21,182.22,1,-1,-1,-1
694,3509,1236.81,950.73,245.27,187.06,1,-1,-1,-1
695,3509,1199.37,948.36,258.66,192.73,1,-1,-1,-1
696,3509,1156.80,946.38,270.85,196.90,1,-1,-1,-1
697,3509,1108.14,942.76,284.21,203.04,1,-1,-1,-1
698,3509,1055.30,939.83,301.59,209.19,1,-1,-1,-1
699,3509,1000.11,937.74,321.51,215.42,1,-1,-1,-1
700,3509,940.09,934.57,343.44,222.87,1,-1,-1,-1
701,3509,869.31,930.43,370.22,231.50,1,-1,-1,-1
702,3509,788.68,924.10,397.40,243.03,1,-1,-1,-1
703,3509,697.96,916.58,429.25,256.62,1,-1,-1,-1
704,3509,593.16,908.31,464.71,270.58,1,-1,-1,-1
705,3509,474.08,898.02,501.90,285.09,1,-1,-1,-1
706,3509,340.76,888.38,549.05,301.29,1,-1,-1,-1
707,3509,188.45,879.17,596.00,318.20,1,-1,-1,-1
708,3509,63.82,866.64,629.74,337.60,1,-1,-1,-1
709,3509,-11.02,851.54,620.71,353.07,1,-1,-1,-1
710,3509,-62.66,851.02,572.84,356.98,1,-1,-1,-1
742,3510,40.63,936.40,994.61,719.80,1,-1,-1,-1
743,3510,149.23,940.62,983.89,663.97,1,-1,-1,-1
744,3510,289.39,948.39,940.11,618.46,1,-1,-1,-1
745,3510,426.82,949.20,883.13,576.03,1,-1,-1,-1
746,3510,557.84,961.22,813.75,533.75,1,-1,-1,-1
747,3510,675.95,972.72,748.62,495.34,1,-1,-1,-1
748,3510,788.92,981.81,685.12,461.62,1,-1,-1,-1
749,3510,885.94,991.21,628.05,430.77,1,-1,-1,-1
750,3510,969.10,1001.29,579.91,401.77,1,-1,-1,-1
751,3510,1048.11,1010.09,533.78,373.27,1,-1,-1,-1
752,3510,1118.40,1016.96,492.27,347.97,1,-1,-1,-1
753,3510,1180.17,1023.45,449.84,320.18,1,-1,-1,-1
754,3510,1239.36,1031.18,407.52,293.80,1,-1,-1,-1
755,3510,1293.92,1037.26,369.09,268.09,1,-1,-1,-1
756,3510,1344.32,1044.48,331.61,244.05,1,-1,-1,-1
757,3510,1390.30,1050.34,297.64,223.08,1,-1,-1,-1
758,3510,1431.58,1055.27,265.83,202.76,1,-1,-1,-1
762,3511,1482.68,1020.44,292.13,243.21,1,-1,-1,-1
763,3511,1509.79,1021.14,276.69,232.92,1,-1,-1,-1
764,3511,1532.45,1020.14,265.25,225.84,1,-1,-1,-1
765,3511,1551.61,1019.07,253.46,219.10,1,-1,-1,-1
766,3511,1570.50,1021.44,241.40,209.77,1,-1,-1,-1
767,3511,1583.86,1020.70,233.07,206.01,1,-1,-1,-1
768,3511,1597.47,1019.30,223.23,200.69,1,-1,-1,-1
769,3511,1611.03,1018.54,213.01,194.64,1,-1,-1,-1
770,3511,1621.63,1017.04,204.66,189.86,1,-1,-1,-1
771,3511,1633.12,1016.30,196.11,183.29,1,-1,-1,-1
772,3511,1642.98,1015.29,188.65,177.78,1,-1,-1,-1
773,3511,1652.73,1013.83,182.12,172.77,1,-1,-1,-1
774,3511,1661.49,1012.52,176.15,167.27,1,-1,-1,-1
775,3511,1668.55,1011.58,171.21,162.32,1,-1,-1,-1
776,3511,1676.16,1010.98,166.77,157.80,1,-1,-1,-1
777,3511,1682.29,1010.69,162.92,154.13,1,-1,-1,-1
778,3511,1687.80,1009.17,160.34,150.80,1,-1,-1,-1
779,3511,1692.62,1006.89,157.20,147.51,1,-1,-1,-1
780,3511,1698.18,1004.97,153.85,144.67,1,-1,-1,-1
781,3511,1702.68,1002.86,150.66,142.29,1,-1,-1,-1
782,3511,1707.32,1001.61,147.75,139.84,1,-1,-1,-1
783,3511,1710.72,999.76,146.14,138.57,1,-1,-1,-1
784,3511,1713.97,997.90,144.33,136.77,1,-1,-1,-1
785,3511,1716.49,995.82,142.01,134.89,1,-1,-1,-1
786,3511,1719.43,993.96,139.25,132.64,1,-1,-1,-1
787,3511,1722.68,992.77,136.53,130.28,1,-1,-1,-1
788,3511,1724.84,992.15,134.51,128.48,1,-1,-1,-1
789,3511,1727.33,989.65,132.84,127.63,1,-1,-1,-1
790,3511,1729.43,987.53,131.48,126.50,1,-1,-1,-1
791,3511,1731.03,985.45,129.97,125.29,1,-1,-1,-1
792,3511,1731.16,983.99,128.87,123.79,1,-1,-1,-1
793,3511,1731.64,982.75,127.76,122.58,1,-1,-1,-1
794,3511,1732.72,982.32,126.29,121.33,1,-1,-1,-1
795,3511,1734.13,981.41,125.36,120.33,1,-1,-1,-1
796,3511,1735.49,979.37,124.32,119.15,1,-1,-1,-1
797,3511,1736.43,978.21,122.56,117.07,1,-1,-1,-1
798,3511,1737.04,977.94,120.52,114.27,1,-1,-1,-1
799,3511,1738.47,977.20,119.13,112.53,1,-1,-1,-1
800,3511,1739.34,976.27,118.04,110.66,1,-1,-1,-1
801,3511,1739.13,974.77,117.71,109.33,1,-1,-1,-1
802,3511,1738.87,973.05,117.93,107.75,1,-1,-1,-1
803,3511,1739.11,971.65,117.55,106.10,1,-1,-1,-1
804,3511,1738.64,970.16,117.48,105.20,1,-1,-1,-1
805,3511,1738.81,968.64,116.86,104.48,1,-1,-1,-1
806,3511,1738.17,966.87,115.20,103.69,1,-1,-1,-1
807,3511,1737.42,966.43,112.87,101.98,1,-1,-1,-1
808,3511,1736.57,964.74,111.22,101.15,1,-1,-1,-1
941,3512,42.43,1193.18,953.28,765.49,1,-1,-1,-1
942,3512,54.26,1201.14,1047.38,761.36,1,-1,-1,-1
943,3512,72.57,1210.87,1132.21,749.71,1,-1,-1,-1
944,3512,181.75,1220.26,1158.71,728.64,1,-1,-1,-1
945,3513,1626.31,883.64,129.55,118.55,1,-1,-1,-1
945,3512,305.90,1226.52,1166.28,702.96,1,-1,-1,-1
946,3513,1628.90,884.89,129.55,118.33,1,-1,-1,-1
946,3512,437.95,1235.34,1155.87,674.36,1,-1,-1,-1
947,3513,1631.98,885.94,128.98,117.61,1,-1,-1,-1
947,3512,576.12,1246.38,1128.23,643.82,1,-1,-1,-1
948,3512,710.68,1265.70,1092.27,614.39,1,-1,-1,-1
949,3512,841.96,1287.79,1049.77,585.53,1,-1,-1,-1
950,3512,960.85,1307.13,1006.19,559.60,1,-1,-1,-1
951,3512,1074.85,1330.30,964.19,537.06,1,-1,-1,-1
952,3512,1189.53,1354.29,921.87,516.62,1,-1,-1,-1
953,3512,1302.70,1376.81,883.76,498.55,1,-1,-1,-1
954,3512,1403.90,1396.55,855.03,485.40,1,-1,-1,-1
955,3512,1503.45,1415.04,828.19,474.09,1,-1,-1,-1
956,3512,1605.86,1433.32,807.97,464.15,1,-1,-1,-1
957,3512,1701.79,1448.27,790.48,457.40,1,-1,-1,-1
958,3512,1789.29,1464.88,774.63,452.10,1,-1,-1,-1
959,3512,1861.00,1482.41,738.58,442.46,1,-1,-1,-1
960,3512,1929.02,1503.06,688.89,428.45,1,-1,-1,-1
961,3512,1995.75,1524.35,630.96,410.82,1,-1,-1,-1
962,3512,2057.21,1545.70,571.03,390.75,1,-1,-1,-1
963,3512,2123.36,1568.66,506.43,368.07,1,-1,-1,-1
977,3515,1659.20,921.66,126.17,116.12,1,-1,-1,-1
978,3515,1660.46,922.21,126.39,116.51,1,-1,-1,-1
979,3515,1661.61,922.72,126.00,116.63,1,-1,-1,-1
980,3515,1662.77,923.77,126.10,116.87,1,-1,-1,-1
981,3515,1662.87,924.98,126.06,116.78,1,-1,-1,-1
982,3515,1663.03,925.59,125.88,116.88,1,-1,-1,-1
983,3515,1663.02,926.29,126.02,117.19,1,-1,-1,-1
984,3515,1662.52,926.86,126.55,117.41,1,-1,-1,-1
985,3515,1661.83,927.09,127.31,117.93,1,-1,-1,-1
986,3515,1660.85,927.58,128.12,118.19,1,-1,-1,-1
987,3515,1659.41,928.17,129.67,118.59,1,-1,-1,-1
988,3515,1658.29,928.54,131.10,119.03,1,-1,-1,-1
989,3515,1656.95,928.06,131.95,119.96,1,-1,-1,-1
990,3515,1655.86,928.44,132.36,120.60,1,-1,-1,-1
991,3515,1654.54,928.50,133.00,121.56,1,-1,-1,-1
992,3515,1653.43,929.00,134.28,122.76,1,-1,-1,-1
993,3515,1651.58,928.59,135.84,124.09,1,-1,-1,-1
994,3515,1649.65,928.66,137.45,125.26,1,-1,-1,-1
995,3515,1647.24,928.89,138.80,126.24,1,-1,-1,-1
996,3515,1644.30,930.08,139.94,126.70,1,-1,-1,-1
997,3515,1642.19,930.30,140.73,127.87,1,-1,-1,-1
998,3515,1638.69,930.02,141.66,129.10,1,-1,-1,-1
999,3515,1634.82,930.73,141.64,129.08,1,-1,-1,-1
1000,3515,1630.82,932.37,141.77,128.58,1,-1,-1,-1
1001,3515,1628.62,933.57,142.38,128.39,1,-1,-1,-1
1002,3515,1626.37,934.31,142.80,128.45,1,-1,-1,-1
1003,3515,1622.76,937.10,143.09,128.22,1,-1,-1,-1
1004,3515,1620.08,938.95,143.68,128.51,1,-1,-1,-1
1005,3515,1616.70,939.42,144.66,129.68,1,-1,-1,-1
1006,3515,1613.94,939.79,145.29,130.74,1,-1,-1,-1
1007,3515,1610.61,939.79,146.06,132.07,1,-1,-1,-1
1008,3515,1607.56,938.63,146.96,133.85,1,-1,-1,-1
1009,3515,1603.89,938.58,147.91,134.90,1,-1,-1,-1
1010,3515,1600.26,938.65,148.89,136.03,1,-1,-1,-1
1011,3515,1596.23,939.76,150.39,136.62,1,-1,-1,-1
1012,3515,1592.25,939.79,151.71,137.28,1,-1,-1,-1
1013,3515,1587.70,940.31,153.40,138.61,1,-1,-1,-1
1014,3515,1582.75,941.09,155.14,139.76,1,-1,-1,-1
1015,3515,1577.20,940.96,157.00,142.32,1,-1,-1,-1
1016,3515,1571.70,939.78,159.15,145.14,1,-1,-1,-1
1017,3515,1565.77,938.03,161.09,147.54,1,-1,-1,-1
1018,3515,1560.46,937.79,162.94,148.80,1,-1,-1,-1
1019,3515,1554.51,938.19,165.93,150.76,1,-1,-1,-1
1020,3515,1548.45,937.59,168.90,153.38,1,-1,-1,-1
1021,3515,1542.37,937.99,171.85,155.44,1,-1,-1,-1
1022,3515,1536.08,938.49,174.65,157.21,1,-1,-1,-1
1023,3515,1529.65,939.78,176.76,158.41,1,-1,-1,-1
1024,3515,1522.51,940.64,179.06,159.11,1,-1,-1,-1
1025,3515,1514.17,942.32,181.72,160.14,1,-1,-1,-1
1026,3515,1505.06,941.95,185.45,162.65,1,-1,-1,-1
1027,3515,1495.78,942.00,188.43,164.70,1,-1,-1,-1
1028,3515,1485.81,941.47,191.28,167.51,1,-1,-1,-1
1029,3515,1476.27,942.55,193.67,169.73,1,-1,-1,-1
1030,3515,1466.03,941.44,197.21,173.17,1,-1,-1,-1
1031,3515,1456.71,941.51,200.98,175.37,1,-1,-1,-1
1032,3515,1445.31,942.17,205.77,176.81,1,-1,-1,-1
1033,3515,1432.22,941.91,210.53,179.70,1,-1,-1,-1
1034,3515,1417.97,940.79,215.93,183.72,1,-1,-1,-1
1035,3515,1403.90,941.57,221.65,186.58,1,-1,-1,-1
1036,3515,1389.56,940.60,227.88,190.38,1,-1,-1,-1
1037,3515,1372.56,938.00,233.95,195.72,1,-1,-1,-1
1038,3515,1355.26,937.46,239.23,200.39,1,-1,-1,-1
1039,3515,1337.27,936.22,245.81,204.50,1,-1,-1,-1
1040,3515,1321.23,935.50,251.71,207.91,1,-1,-1,-1
1041,3515,1298.54,935.40,261.91,211.92,1,-1,-1,-1
1042,3515,1274.36,933.90,272.69,215.77,1,-1,-1,-1
1043,3515,1248.55,932.98,284.80,220.42,1,-1,-1,-1
1044,3515,1224.04,930.90,295.21,226.68,1,-1,-1,-1
1045,3515,1195.92,928.28,306.32,231.96,1,-1,-1,-1
1046,3515,1167.24,926.02,319.24,238.42,1,-1,-1,-1
1047,3515,1131.79,922.84,334.68,244.91,1,-1,-1,-1
1048,3515,1093.83,920.46,348.68,251.31,1,-1,-1,-1
1049,3515,1057.88,919.02,363.94,257.87,1,-1,-1,-1
1050,3515,1016.10,917.49,382.13,265.81,1,-1,-1,-1
1051,3515,974.18,913.72,402.09,275.51,1,-1,-1,-1
1052,3515,931.66,909.67,423.34,284.71,1,-1,-1,-1
1053,3515,877.70,905.94,448.00,295.86,1,-1,-1,-1
1054,3515,821.92,900.58,472.09,307.76,1,-1,-1,-1
1055,3515,760.79,893.34,498.62,321.69,1,-1,-1,-1
1056,3515,693.66,884.72,527.80,336.13,1,-1,-1,-1
1057,3515,615.59,874.73,560.99,350.32,1,-1,-1,-1
1058,3515,534.54,863.78,592.52,364.28,1,-1,-1,-1
1059,3515,440.10,852.14,627.23,378.09,1,-1,-1,-1
1060,3515,337.10,843.36,668.22,393.57,1,-1,-1,-1
1061,3515,223.01,835.87,714.09,408.42,1,-1,-1,-1
1062,3515,65.97,814.53,731.25,437.07,1,-1,-1,-1
1082,3516,2114.95,1433.98,431.83,376.27,1,-1,-1,-1
1083,3516,2084.43,1420.30,458.08,384.74,1,-1,-1,-1
1084,3516,2052.71,1400.33,485.00,386.64,1,-1,-1,-1
1085,3516,2017.76,1382.91,516.62,392.14,1,-1,-1,-1
1086,3516,1975.39,1361.36,554.33,397.26,1,-1,-1,-1
1087,3516,1927.45,1341.40,586.74,390.08,1,-1,-1,-1
1088,3516,1874.74,1319.70,606.07,384.80,1,-1,-1,-1
1089,3516,1814.36,1298.37,615.37,376.92,1,-1,-1,-1
1090,3516,1753.47,1279.16,617.65,367.58,1,-1,-1,-1
1091,3516,1695.83,1262.53,617.16,360.32,1,-1,-1,-1
1092,3516,1633.48,1243.47,616.81,356.99,1,-1,-1,-1
1093,3516,1571.00,1223.27,618.14,354.01,1,-1,-1,-1
1094,3516,1509.63,1202.49,621.02,352.29,1,-1,-1,-1
1095,3516,1447.44,1181.27,621.19,348.51,1,-1,-1,-1
1096,3516,1383.66,1161.87,623.10,344.73,1,-1,-1,-1
1097,3516,1316.18,1145.67,626.58,341.80,1,-1,-1,-1
1098,3516,1248.06,1126.99,633.04,342.80,1,-1,-1,-1
1099,3516,1176.00,1112.59,642.31,342.83,1,-1,-1,-1
1100,3516,1103.33,1095.39,650.89,342.72,1,-1,-1,-1
1101,3516,1028.67,1077.48,660.78,345.48,1,-1,-1,-1
1102,3516,953.60,1065.40,670.38,347.93,1,-1,-1,-1
1103,3516,875.21,1050.95,676.30,350.30,1,-1,-1,-1
1104,3516,791.99,1035.89,683.28,351.73,1,-1,-1,-1
1105,3516,705.13,1021.22,692.22,353.36,1,-1,-1,-1
1106,3516,615.67,1006.35,703.88,355.60,1,-1,-1,-1
1107,3516,522.37,992.04,722.61,360.69,1,-1,-1,-1
1108,3516,419.22,979.54,743.02,366.31,1,-1,-1,-1
1109,3516,307.86,967.36,764.13,372.96,1,-1,-1,-1
1110,3516,185.22,955.68,789.88,379.78,1,-1,-1,-1
1111,3516,63.75,944.22,817.70,389.45,1,-1,-1,-1
1112,3516,-9.22,932.06,817.87,400.86,1,-1,-1,-1
1113,3516,-53.49,922.03,788.83,410.61,1,-1,-1,-1
1114,3516,-83.94,912.85,735.97,416.55,1,-1,-1,-1
1115,3516,-106.18,912.07,662.72,418.37,1,-1,-1,-1
1116,3518,640.19,654.24,251.15,181.10,1,-1,-1,-1
1117,3518,626.88,652.24,252.91,182.23,1,-1,-1,-1
1118,3518,614.38,649.24,252.79,182.46,1,-1,-1,-1
1119,3518,599.53,647.32,254.13,183.13,1,-1,-1,-1
1125,3518,529.20,634.05,263.53,188.44,1,-1,-1,-1
1126,3518,519.18,631.11,263.66,189.98,1,-1,-1,-1
1130,3518,480.07,616.89,267.06,202.72,1,-1,-1,-1
1131,3518,472.20,614.35,267.80,206.89,1,-1,-1,-1
1132,3518,465.96,612.66,269.67,210.47,1,-1,-1,-1
1138,3519,436.91,626.02,268.15,220.01,1,-1,-1,-1
1139,3519,432.97,630.22,264.71,219.26,1,-1,-1,-1
1140,3519,429.93,636.70,256.73,217.77,1,-1,-1,-1
1141,3519,427.35,642.71,251.22,218.25,1,-1,-1,-1
1142,3519,427.43,646.79,245.84,218.62,1,-1,-1,-1
1143,3519,427.48,649.24,242.72,220.99,1,-1,-1,-1
1144,3519,427.32,651.62,239.71,223.45,1,-1,-1,-1
1145,3519,427.50,654.43,237.92,226.16,1,-1,-1,-1
1146,3519,428.94,656.98,236.57,229.47,1,-1,-1,-1
1147,3519,429.68,659.34,234.97,233.21,1,-1,-1,-1
1148,3519,429.88,660.70,235.11,238.11,1,-1,-1,-1
1149,3519,430.32,661.71,235.08,241.82,1,-1,-1,-1
1150,3519,432.41,665.43,234.94,244.24,1,-1,-1,-1
1151,3519,434.06,667.56,235.83,247.67,1,-1,-1,-1
1152,3519,436.52,670.94,236.71,250.44,1,-1,-1,-1
1153,3519,438.28,674.09,237.70,253.36,1,-1,-1,-1
1154,3519,441.02,676.78,238.41,255.20,1,-1,-1,-1
1155,3519,443.11,679.92,239.97,258.57,1,-1,-1,-1
1156,3519,444.65,684.06,242.18,261.95,1,-1,-1,-1
1157,3519,445.69,686.73,245.65,265.89,1,-1,-1,-1
1158,3519,447.27,690.07,249.57,270.14,1,-1,-1,-1
1159,3519,446.26,692.98,254.52,277.14,1,-1,-1,-1
1160,3519,445.38,698.24,257.69,282.15,1,-1,-1,-1
1161,3519,443.45,701.73,261.08,288.71,1,-1,-1,-1
1162,3519,441.15,706.55,264.17,294.69,1,-1,-1,-1
1163,3519,438.45,712.30,266.57,299.83,1,-1,-1,-1
1164,3519,433.44,719.16,270.61,306.35,1,-1,-1,-1
1165,3519,426.08,723.39,274.08,312.40,1,-1,-1,-1
1166,3519,415.85,730.55,280.01,317.44,1,-1,-1,-1
1167,3519,402.14,737.05,288.11,322.85,1,-1,-1,-1
1168,3519,385.36,740.64,297.30,328.62,1,-1,-1,-1
1169,3519,368.40,746.14,308.52,334.90,1,-1,-1,-1
1170,3519,346.10,752.34,325.82,341.65,1,-1,-1,-1
1171,3519,320.53,760.70,346.87,347.60,1,-1,-1,-1
1172,3519,290.59,766.34,370.01,354.37,1,-1,-1,-1
1173,3519,254.10,770.05,395.61,361.79,1,-1,-1,-1
1174,3519,216.30,773.69,423.15,369.19,1,-1,-1,-1
1175,3519,167.23,780.29,452.16,376.45,1,-1,-1,-1
1176,3519,111.49,785.81,485.58,383.92,1,-1,-1,-1
1177,3519,57.94,788.85,518.24,393.17,1,-1,-1,-1
1178,3519,24.34,789.97,535.80,403.36,1,-1,-1,-1
1179,3519,4.00,788.51,541.91,414.59,1,-1,-1,-1
1180,3519,-10.91,783.78,536.68,426.57,1,-1,-1,-1
1265,3520,78.15,1008.51,980.05,777.42,1,-1,-1,-1
1266,3520,239.02,1007.98,951.46,703.48,1,-1,-1,-1
1267,3520,418.51,1010.35,888.42,636.21,1,-1,-1,-1
1268,3520,582.11,1015.58,811.54,574.35,1,-1,-1,-1
1269,3520,731.16,1025.12,733.42,522.59,1,-1,-1,-1
1270,3520,864.85,1034.07,656.56,473.71,1,-1,-1,-1
1271,3520,976.57,1043.98,588.35,429.41,1,-1,-1,-1
1272,3520,1074.49,1050.15,529.54,389.53,1,-1,-1,-1
1273,3520,1161.95,1055.60,470.38,351.08,1,-1,-1,-1
1274,3520,1240.08,1065.42,415.12,313.11,1,-1,-1,-1
1275,3520,1307.68,1072.75,365.23,279.23,1,-1,-1,-1
1276,3520,1368.28,1080.11,318.92,246.77,1,-1,-1,-1
1277,3520,1423.57,1085.15,275.26,215.64,1,-1,-1,-1
1281,3521,1493.67,1047.49,287.77,250.62,1,-1,-1,-1
1282,3521,1521.94,1045.32,272.59,241.38,1,-1,-1,-1
1283,3521,1545.96,1044.79,256.90,230.71,1,-1,-1,-1
1284,3521,1568.60,1043.46,242.74,219.90,1,-1,-1,-1
1285,3521,1587.18,1041.23,232.68,211.78,1,-1,-1,-1
1286,3521,1603.52,1039.69,221.99,203.42,1,-1,-1,-1
1287,3521,1617.28,1036.46,211.25,196.96,1,-1,-1,-1
1288,3521,1629.53,1034.61,201.39,189.88,1,-1,-1,-1
1289,3521,1642.45,1032.43,191.67,182.19,1,-1,-1,-1
1290,3521,1652.15,1030.22,183.90,176.00,1,-1,-1,-1
1291,3521,1662.01,1026.27,177.18,171.35,1,-1,-1,-1
1292,3521,1671.03,1022.60,172.32,167.78,1,-1,-1,-1
1293,3521,1678.00,1019.65,167.81,163.35,1,-1,-1,-1
1294,3521,1685.07,1017.05,162.50,158.08,1,-1,-1,-1
1295,3521,1690.92,1013.68,157.30,153.00,1,-1,-1,-1
1296,3521,1695.27,1011.41,153.31,148.58,1,-1,-1,-1
1297,3521,1698.48,1009.09,149.70,144.28,1,-1,-1,-1
1298,3521,1702.16,1006.92,146.23,140.93,1,-1,-1,-1
1299,3521,1703.63,1005.00,144.41,138.51,1,-1,-1,-1
1300,3521,1706.34,1001.42,142.36,136.58,1,-1,-1,-1
1301,3521,1708.70,998.89,140.15,134.33,1,-1,-1,-1
1302,3521,1711.06,996.30,137.64,132.10,1,-1,-1,-1
1303,3521,1713.44,994.02,135.36,129.66,1,-1,-1,-1
1304,3521,1714.90,992.02,132.93,127.44,1,-1,-1,-1
1305,3521,1717.25,989.40,130.30,125.22,1,-1,-1,-1
1306,3521,1719.84,987.24,127.83,123.00,1,-1,-1,-1
1307,3521,1721.98,985.33,125.71,121.38,1,-1,-1,-1
1308,3521,1722.95,983.38,123.78,119.48,1,-1,-1,-1
1309,3521,1724.74,981.79,122.15,117.63,1,-1,-1,-1
1310,3521,1726.22,979.66,119.32,114.61,1,-1,-1,-1
1311,3521,1727.80,978.54,116.58,111.94,1,-1,-1,-1
1312,3521,1728.99,977.76,113.86,109.34,1,-1,-1,-1
1313,3521,1730.64,976.28,111.38,107.15,1,-1,-1,-1
1314,3521,1731.88,973.86,109.55,105.79,1,-1,-1,-1
1315,3521,1732.30,971.73,108.09,104.65,1,-1,-1,-1
1316,3521,1732.62,969.80,107.10,103.62,1,-1,-1,-1
1317,3521,1732.99,968.11,107.20,103.30,1,-1,-1,-1
1318,3521,1733.08,966.91,106.90,102.44,1,-1,-1,-1
1319,3521,1732.97,966.14,106.48,101.72,1,-1,-1,-1
1320,3521,1734.04,965.25,105.54,100.39,1,-1,-1,-1
1321,3521,1735.05,964.23,104.21,99.09,1,-1,-1,-1
1322,3521,1736.16,963.50,102.88,97.56,1,-1,-1,-1
1323,3521,1736.90,963.07,102.05,96.04,1,-1,-1,-1
1324,3521,1736.46,962.02,101.36,94.78,1,-1,-1,-1
1325,3521,1737.10,960.70,100.77,93.91,1,-1,-1,-1
1326,3521,1736.26,959.69,100.80,93.32,1,-1,-1,-1
1327,3521,1736.67,958.34,100.54,92.67,1,-1,-1,-1
1328,3521,1732.37,956.49,100.63,92.58,1,-1,-1,-1
1360,3522,1627.40,932.65,126.22,110.74,1,-1,-1,-1
1361,3522,1624.88,934.68,126.94,111.35,1,-1,-1,-1
1362,3522,1621.02,936.14,127.99,112.28,1,-1,-1,-1
1363,3522,1618.64,938.76,129.01,112.80,1,-1,-1,-1
1364,3522,1616.28,941.21,130.44,114.25,1,-1,-1,-1
1365,3522,1611.52,943.82,132.40,115.90,1,-1,-1,-1
1366,3522,1606.09,945.59,134.51,117.94,1,-1,-1,-1
1367,3522,1600.01,946.36,136.67,120.48,1,-1,-1,-1
1368,3522,1593.69,947.99,138.39,122.58,1,-1,-1,-1
1369,3522,1586.33,949.73,140.66,125.07,1,-1,-1,-1
1370,3522,1578.20,950.53,143.43,128.42,1,-1,-1,-1
1371,3522,1569.86,951.49,146.32,131.59,1,-1,-1,-1
1372,3522,1562.15,951.76,149.60,134.52,1,-1,-1,-1
1373,3522,1551.86,952.97,153.37,137.10,1,-1,-1,-1
1374,3522,1540.15,954.66,157.43,140.33,1,-1,-1,-1
1375,3522,1528.29,955.66,161.44,144.04,1,-1,-1,-1
1376,3522,1514.02,956.52,165.63,147.71,1,-1,-1,-1
1377,3522,1499.09,958.77,170.29,150.88,1,-1,-1,-1
1378,3522,1481.38,960.51,176.36,154.58,1,-1,-1,-1
1379,3522,1461.96,961.36,183.43,159.53,1,-1,-1,-1
1380,3522,1441.60,961.27,190.44,164.01,1,-1,-1,-1
1381,3522,1416.87,962.06,197.06,168.44,1,-1,-1,-1
1382,3522,1390.20,962.99,203.66,172.31,1,-1,-1,-1
1383,3522,1359.16,963.99,213.59,177.25,1,-1,-1,-1
1384,3522,1328.83,962.98,225.13,183.82,1,-1,-1,-1
1385,3522,1293.77,962.91,234.98,188.12,1,-1,-1,-1
1386,3522,1252.80,961.33,247.45,193.39,1,-1,-1,-1
1387,3522,1209.06,960.66,262.07,198.24,1,-1,-1,-1
1388,3522,1158.67,958.65,276.87,203.85,1,-1,-1,-1
1389,3522,1104.10,956.30,293.63,209.94,1,-1,-1,-1
1390,3522,1045.09,953.34,314.01,216.31,1,-1,-1,-1
1391,3522,981.76,950.19,336.90,224.91,1,-1,-1,-1
1392,3522,908.92,944.71,364.94,235.76,1,-1,-1,-1
1393,3522,828.44,939.73,392.46,246.36,1,-1,-1,-1
1394,3522,735.95,932.65,425.33,261.35,1,-1,-1,-1
1395,3522,632.62,926.61,460.28,277.27,1,-1,-1,-1
1396,3522,514.88,919.80,493.69,291.72,1,-1,-1,-1
1397,3522,386.33,910.73,538.47,310.35,1,-1,-1,-1
1398,3522,234.16,903.30,586.57,327.81,1,-1,-1,-1
1399,3522,88.71,894.63,636.75,348.46,1,-1,-1,-1
1400,3522,5.71,885.53,642.58,367.39,1,-1,-1,-1
1401,3522,-48.23,874.82,609.75,380.50,1,-1,-1,-1
1444,3523,193.66,478.71,314.64,221.00,1,-1,-1,-1
1445,3523,193.63,478.69,314.55,220.98,1,-1,-1,-1
1446,3523,193.67,478.66,314.44,220.95,1,-1,-1,-1
1447,3523,193.66,478.67,314.23,220.90,1,-1,-1,-1
1448,3523,193.63,478.64,314.05,220.92,1,-1,-1,-1
1449,3523,193.62,478.72,313.82,220.90,1,-1,-1,-1
1450,3523,193.69,478.75,313.67,220.88,1,-1,-1,-1
1451,3523,193.70,478.67,313.56,220.92,1,-1,-1,-1
1455,3523,191.95,478.36,314.56,221.65,1,-1,-1,-1
1456,3523,191.86,478.28,314.93,221.78,1,-1,-1,-1
1457,3523,191.87,478.21,314.97,221.84,1,-1,-1,-1
1458,3523,191.98,478.17,314.92,221.86,1,-1,-1,-1
1459,3523,192.10,478.17,314.94,221.83,1,-1,-1,-1
1460,3523,192.10,478.21,314.94,221.81,1,-1,-1,-1
1461,3523,192.08,478.22,315.03,221.79,1,-1,-1,-1
1505,3527,193.71,478.44,313.92,222.24,1,-1,-1,-1
1506,3527,193.37,478.48,314.10,222.16,1,-1,-1,-1
1507,3527,193.23,478.54,314.15,222.06,1,-1,-1,-1
1508,3527,193.34,478.46,314.58,222.11,1,-1,-1,-1
1509,3527,193.33,478.47,314.76,222.10,1,-1,-1,-1
1510,3527,193.46,478.54,314.77,222.04,1,-1,-1,-1
1511,3527,193.50,478.50,314.67,222.03,1,-1,-1,-1
1512,3527,193.56,478.44,314.80,222.04,1,-1,-1,-1
1513,3527,193.19,478.67,315.22,221.98,1,-1,-1,-1
1514,3527,192.98,478.78,315.52,221.94,1,-1,-1,-1
1515,3527,192.90,478.82,315.67,221.86,1,-1,-1,-1
1516,3527,192.83,478.84,315.68,221.78,1,-1,-1,-1
1517,3527,192.85,478.98,315.62,221.70,1,-1,-1,-1
1518,3527,192.93,479.05,315.54,221.61,1,-1,-1,-1
1519,3527,192.98,479.09,315.51,221.54,1,-1,-1,-1
1520,3527,192.97,479.11,315.51,221.52,1,-1,-1,-1
1521,3527,193.10,479.14,315.23,221.43,1,-1,-1,-1
1522,3527,193.11,479.17,315.02,221.37,1,-1,-1,-1
1523,3527,193.06,479.21,314.82,221.33,1,-1,-1,-1
1524,3527,193.15,479.22,314.90,221.38,1,-1,-1,-1
1593,3529,192.71,478.37,315.40,222.00,1,-1,-1,-1
1594,3529,192.61,478.35,315.39,221.98,1,-1,-1,-1
1595,3529,192.56,478.36,315.35,221.94,1,-1,-1,-1
1638,3530,423.80,1025.94,771.45,521.27,1,-1,-1,-1
1639,3530,631.85,1039.24,677.82,457.22,1,-1,-1,-1
1640,3530,807.00,1045.75,596.86,405.70,1,-1,-1,-1
1641,3530,952.32,1054.56,520.18,356.20,1,-1,-1,-1
1642,3530,1078.41,1065.10,447.47,308.95,1,-1,-1,-1
1643,3530,1185.68,1074.63,381.75,267.29,1,-1,-1,-1
1644,3530,1279.39,1080.75,317.52,226.23,1,-1,-1,-1
1648,3531,1437.80,1052.60,275.15,225.71,1,-1,-1,-1
1649,3531,1477.89,1049.25,257.33,215.26,1,-1,-1,-1
1650,3531,1511.51,1046.25,240.68,204.77,1,-1,-1,-1
1651,3531,1542.23,1045.78,224.23,194.14,1,-1,-1,-1
1652,3531,1569.93,1043.32,209.33,184.11,1,-1,-1,-1
1653,3531,1590.82,1041.28,197.45,174.85,1,-1,-1,-1
1654,3531,1610.62,1037.87,188.64,168.31,1,-1,-1,-1
1655,3531,1627.08,1035.87,178.72,161.37,1,-1,-1,-1
1656,3531,1642.60,1033.46,168.66,154.13,1,-1,-1,-1
1657,3531,1654.63,1030.30,159.56,148.01,1,-1,-1,-1
1658,3531,1666.65,1027.14,152.44,142.19,1,-1,-1,-1
1659,3531,1676.41,1023.30,146.33,137.59,1,-1,-1,-1
1660,3531,1685.84,1020.17,140.32,133.13,1,-1,-1,-1
1661,3531,1693.16,1017.14,135.70,129.03,1,-1,-1,-1
1662,3531,1700.17,1015.48,131.08,124.51,1,-1,-1,-1
1663,3531,1703.92,1013.87,127.14,120.00,1,-1,-1,-1
1664,3531,1710.11,1010.88,124.13,116.25,1,-1,-1,-1
1665,3531,1714.62,1007.93,121.84,113.75,1,-1,-1,-1
1666,3531,1719.04,1005.77,119.35,111.14,1,-1,-1,-1
1667,3531,1721.91,1003.53,117.82,109.65,1,-1,-1,-1
1668,3531,1725.90,1000.66,115.81,107.80,1,-1,-1,-1
1669,3531,1729.62,998.55,113.88,106.12,1,-1,-1,-1
1670,3531,1732.94,995.89,110.82,103.24,1,-1,-1,-1
1671,3531,1733.96,993.28,107.79,100.28,1,-1,-1,-1
1672,3531,1736.87,991.33,105.40,97.92,1,-1,-1,-1
1673,3531,1738.38,989.19,103.92,96.53,1,-1,-1,-1
1674,3531,1738.60,986.18,102.39,95.24,1,-1,-1,-1
1675,3531,1739.52,983.19,100.58,93.50,1,-1,-1,-1
1676,3531,1740.58,980.82,99.78,92.12,1,-1,-1,-1
1677,3531,1741.31,978.73,99.19,90.77,1,-1,-1,-1
1678,3531,1741.79,976.78,98.28,90.00,1,-1,-1,-1
1679,3531,1744.29,975.09,97.44,89.40,1,-1,-1,-1
1680,3531,1746.34,972.85,97.38,89.71,1,-1,-1,-1
1729,3533,191.61,478.60,317.01,221.34,1,-1,-1,-1
1730,3533,191.61,478.65,316.65,221.12,1,-1,-1,-1
1731,3533,191.75,478.75,316.38,220.98,1,-1,-1,-1
1732,3533,191.85,478.83,316.28,220.81,1,-1,-1,-1
1733,3533,191.83,478.83,316.20,220.69,1,-1,-1,-1
1734,3533,191.85,478.81,316.25,220.68,1,-1,-1,-1
1735,3533,191.82,478.79,316.37,220.75,1,-1,-1,-1
1736,3533,191.75,478.68,316.51,220.86,1,-1,-1,-1
1737,3533,191.69,478.62,316.65,220.99,1,-1,-1,-1
1738,3533,191.58,478.50,316.91,221.11,1,-1,-1,-1
1739,3533,191.29,478.42,317.15,221.20,1,-1,-1,-1
1740,3533,191.22,478.38,317.37,221.29,1,-1,-1,-1
1741,3533,191.57,478.44,317.43,221.25,1,-1,-1,-1
1742,3533,191.57,478.41,317.53,221.17,1,-1,-1,-1
1743,3533,191.53,478.48,317.57,221.10,1,-1,-1,-1
1744,3533,191.64,478.44,317.61,221.07,1,-1,-1,-1
1745,3533,191.68,478.44,317.77,221.07,1,-1,-1,-1
1746,3533,191.59,478.51,317.87,221.07,1,-1,-1,-1
1747,3533,191.54,478.48,318.13,221.09,1,-1,-1,-1
1748,3533,191.48,478.53,318.22,221.06,1,-1,-1,-1
1749,3533,191.37,478.56,318.13,221.06,1,-1,-1,-1
1750,3533,191.42,478.56,317.92,221.06,1,-1,-1,-1
1751,3533,191.46,478.62,318.08,221.08,1,-1,-1,-1
1752,3533,191.42,478.59,318.14,221.10,1,-1,-1,-1
1753,3533,191.12,478.77,318.99,221.15,1,-1,-1,-1
1754,3533,190.87,478.76,319.56,221.23,1,-1,-1,-1
1755,3533,190.75,478.78,320.01,221.28,1,-1,-1,-1
1756,3533,190.57,478.64,320.24,221.27,1,-1,-1,-1
1757,3533,190.46,478.57,320.31,221.24,1,-1,-1,-1
1758,3533,190.39,478.58,320.52,221.26,1,-1,-1,-1
1759,3533,190.43,478.63,320.48,221.23,1,-1,-1,-1
1760,3533,190.53,478.61,320.45,221.25,1,-1,-1,-1
1761,3533,190.68,478.65,320.35,221.25,1,-1,-1,-1
1762,3533,190.60,478.69,320.30,221.25,1,-1,-1,-1
1763,3533,190.54,478.69,320.24,221.25,1,-1,-1,-1
1764,3533,190.40,478.65,320.29,221.27,1,-1,-1,-1
1765,3533,190.15,478.60,320.29,221.34,1,-1,-1,-1
1766,3533,189.98,478.54,320.23,221.41,1,-1,-1,-1
1767,3533,189.95,478.56,320.08,221.46,1,-1,-1,-1
1768,3533,189.98,478.56,320.05,221.54,1,-1,-1,-1
1790,3534,457.46,1027.26,801.68,594.05,1,-1,-1,-1
1791,3534,675.16,1034.01,696.11,516.40,1,-1,-1,-1
1792,3534,862.39,1045.52,597.14,451.12,1,-1,-1,-1
1793,3534,1008.01,1058.05,512.51,392.67,1,-1,-1,-1
1794,3534,1138.13,1069.90,434.01,337.98,1,-1,-1,-1
1795,3534,1247.55,1081.48,361.24,285.77,1,-1,-1,-1
1799,3535,1437.83,1047.76,300.37,264.87,1,-1,-1,-1
1800,3535,1481.69,1049.55,275.39,248.14,1,-1,-1,-1
1801,3535,1517.38,1047.89,256.16,234.66,1,-1,-1,-1
1802,3535,1550.64,1046.33,235.84,220.17,1,-1,-1,-1
1803,3535,1579.52,1045.75,217.38,205.12,1,-1,-1,-1
1804,3535,1602.17,1043.11,203.15,194.04,1,-1,-1,-1
1805,3535,1623.22,1042.92,190.05,182.39,1,-1,-1,-1
1806,3535,1639.82,1040.35,177.49,171.99,1,-1,-1,-1
1807,3535,1654.35,1039.68,165.50,160.78,1,-1,-1,-1
1808,3535,1666.94,1037.42,156.29,153.01,1,-1,-1,-1
1809,3535,1677.87,1033.18,148.44,145.90,1,-1,-1,-1
1810,3535,1689.43,1029.01,141.57,138.93,1,-1,-1,-1
1811,3535,1699.12,1024.95,135.52,132.71,1,-1,-1,-1
1812,3535,1706.32,1020.96,130.10,127.89,1,-1,-1,-1
1813,3535,1713.01,1018.45,125.98,123.68,1,-1,-1,-1
1814,3535,1717.77,1016.51,122.15,119.63,1,-1,-1,-1
1815,3535,1722.03,1014.77,119.39,116.27,1,-1,-1,-1
1816,3535,1726.75,1011.99,117.31,113.45,1,-1,-1,-1
1817,3535,1731.29,1009.19,114.48,110.66,1,-1,-1,-1
1818,3535,1735.49,1006.32,111.76,108.05,1,-1,-1,-1
1819,3535,1737.88,1003.56,110.24,106.18,1,-1,-1,-1
1820,3535,1740.43,1001.39,108.53,103.84,1,-1,-1,-1
1821,3535,1742.00,999.19,106.86,101.73,1,-1,-1,-1
1822,3535,1744.08,996.55,105.15,100.04,1,-1,-1,-1
1823,3535,1745.67,993.95,103.79,98.35,1,-1,-1,-1
1824,3535,1745.65,991.23,102.62,96.66,1,-1,-1,-1
1825,3535,1746.50,989.01,100.98,94.61,1,-1,-1,-1
1826,3535,1747.14,986.91,99.78,92.99,1,-1,-1,-1
1827,3535,1747.99,984.14,99.13,91.80,1,-1,-1,-1
1828,3535,1749.88,981.86,98.52,90.01,1,-1,-1,-1
1829,3535,1751.02,979.62,98.89,89.04,1,-1,-1,-1
1830,3535,1748.71,976.86,99.47,89.07,1,-1,-1,-1
1831,3535,1747.50,974.51,99.20,88.83,1,-1,-1,-1
1859,3536,193.24,478.72,315.27,221.97,1,-1,-1,-1
1860,3536,193.18,478.72,315.63,222.03,1,-1,-1,-1
1880,3537,193.61,478.49,313.39,222.54,1,-1,-1,-1
1881,3537,193.76,478.61,313.25,222.43,1,-1,-1,-1
1882,3537,193.70,478.66,313.21,222.44,1,-1,-1,-1
1883,3537,193.63,478.63,313.22,222.48,1,-1,-1,-1
1903,3538,4.49,472.62,458.96,361.47,1,-1,-1,-1
1904,3538,7.74,478.70,474.86,366.40,1,-1,-1,-1
1905,3538,10.29,483.37,490.43,369.42,1,-1,-1,-1
1906,3538,11.64,489.23,506.50,372.26,1,-1,-1,-1
1907,3538,12.85,491.55,519.91,375.97,1,-1,-1,-1
1908,3538,16.87,493.86,529.64,378.56,1,-1,-1,-1
1909,3538,24.90,499.83,536.76,379.42,1,-1,-1,-1
1910,3538,38.72,505.91,540.26,378.45,1,-1,-1,-1
1911,3538,53.24,508.21,543.58,379.44,1,-1,-1,-1
1912,3538,67.63,510.15,543.59,382.16,1,-1,-1,-1
1913,3538,81.00,515.06,542.42,382.94,1,-1,-1,-1
1914,3538,98.34,520.23,540.10,383.71,1,-1,-1,-1
1915,3538,113.07,526.81,537.90,384.39,1,-1,-1,-1
1916,3538,127.56,534.61,535.61,386.38,1,-1,-1,-1
1917,3538,141.10,541.56,533.74,386.40,1,-1,-1,-1
1918,3538,151.54,544.71,530.69,387.19,1,-1,-1,-1
1919,3538,162.10,547.39,526.78,386.78,1,-1,-1,-1
1920,3538,171.50,549.94,523.01,386.93,1,-1,-1,-1
1921,3538,178.38,555.79,520.55,385.11,1,-1,-1,-1
1922,3538,184.49,560.60,519.31,383.26,1,-1,-1,-1
1923,3538,192.76,563.34,517.44,383.51,1,-1,-1,-1
1924,3538,201.76,566.11,515.41,384.13,1,-1,-1,-1
1925,3538,209.11,567.35,513.59,385.09,1,-1,-1,-1
1926,3538,215.86,568.51,511.54,386.94,1,-1,-1,-1
1927,3538,220.00,569.01,509.70,389.31,1,-1,-1,-1
1928,3538,225.27,570.05,507.91,391.21,1,-1,-1,-1
1929,3538,230.06,570.38,507.28,393.02,1,-1,-1,-1
1930,3538,233.16,571.04,508.17,395.67,1,-1,-1,-1
1931,3538,237.12,571.94,507.84,398.39,1,-1,-1,-1
1932,3538,241.59,574.39,507.55,399.40,1,-1,-1,-1
1933,3538,244.67,578.94,508.40,400.47,1,-1,-1,-1
1934,3538,247.64,583.86,508.75,402.44,1,-1,-1,-1
1935,3538,255.28,586.24,508.38,406.29,1,-1,-1,-1
1936,3538,262.61,589.25,509.70,410.19,1,-1,-1,-1
1937,3538,270.23,592.93,508.71,413.14,1,-1,-1,-1
1938,3538,280.64,601.49,506.60,413.92,1,-1,-1,-1
1939,3538,293.11,611.07,505.90,415.81,1,-1,-1,-1
1940,3538,312.14,623.37,502.83,415.97,1,-1,-1,-1
1941,3538,330.17,634.42,501.08,415.17,1,-1,-1,-1
1942,3538,347.93,641.83,502.30,419.94,1,-1,-1,-1
1943,3538,366.79,653.43,501.91,419.80,1,-1,-1,-1
1944,3538,384.91,665.87,504.06,420.91,1,-1,-1,-1
1945,3538,403.17,677.53,506.98,422.15,1,-1,-1,-1
1946,3538,421.76,684.55,511.64,423.89,1,-1,-1,-1
1947,3538,440.12,694.90,517.58,424.92,1,-1,-1,-1
1948,3538,461.68,710.48,524.33,427.05,1,-1,-1,-1
1949,3538,487.26,733.28,531.92,427.19,1,-1,-1,-1
1950,3538,513.10,750.61,539.95,428.17,1,-1,-1,-1
1951,3538,544.54,765.27,547.48,427.86,1,-1,-1,-1
1952,3538,576.95,777.75,556.96,429.74,1,-1,-1,-1
1953,3538,607.40,787.17,565.31,435.31,1,-1,-1,-1
1954,3539,189.65,478.19,321.52,223.17,1,-1,-1,-1
1954,3538,642.97,800.00,570.77,437.80,1,-1,-1,-1
1955,3539,189.47,478.23,322.26,223.25,1,-1,-1,-1
1955,3538,680.37,815.33,575.42,441.68,1,-1,-1,-1
1956,3539,189.50,478.18,322.71,223.39,1,-1,-1,-1
1956,3538,717.91,829.27,576.48,444.14,1,-1,-1,-1
1957,3538,758.60,841.64,576.90,446.36,1,-1,-1,-1
1958,3538,802.74,853.35,574.80,448.50,1,-1,-1,-1
1959,3538,852.17,862.06,574.34,450.74,1,-1,-1,-1
1960,3538,899.41,876.27,570.35,448.72,1,-1,-1,-1
1961,3538,943.03,886.00,567.60,447.20,1,-1,-1,-1
1962,3538,987.63,897.30,566.27,444.89,1,-1,-1,-1
1963,3538,1029.11,908.02,566.71,441.49,1,-1,-1,-1
1964,3538,1067.37,919.71,564.56,435.79,1,-1,-1,-1
1965,3538,1108.92,930.26,559.34,428.78,1,-1,-1,-1
1966,3538,1148.99,940.21,553.43,422.37,1,-1,-1,-1
1967,3538,1186.20,948.32,546.02,413.88,1,-1,-1,-1
1968,3538,1222.46,958.25,536.05,404.18,1,-1,-1,-1
1969,3538,1261.13,965.55,524.43,395.79,1,-1,-1,-1
1970,3538,1297.47,977.71,511.84,384.33,1,-1,-1,-1
1971,3538,1331.17,984.86,497.50,374.04,1,-1,-1,-1
1972,3538,1363.83,992.57,482.49,364.83,1,-1,-1,-1
1973,3538,1396.09,997.28,467.30,355.29,1,-1,-1,-1
1974,3538,1425.22,1004.65,452.02,346.50,1,-1,-1,-1
1975,3538,1454.22,1009.66,435.85,337.92,1,-1,-1,-1
1976,3538,1482.69,1015.12,419.95,329.08,1,-1,-1,-1
1977,3538,1515.40,1019.49,401.23,322.38,1,-1,-1,-1
1978,3538,1539.42,1023.78,386.32,314.57,1,-1,-1,-1
1979,3538,1562.70,1026.99,370.74,306.81,1,-1,-1,-1
1980,3538,1586.24,1031.44,356.41,299.34,1,-1,-1,-1
1981,3538,1606.80,1034.41,340.92,291.80,1,-1,-1,-1
1982,3538,1624.47,1036.73,326.78,284.06,1,-1,-1,-1
1983,3538,1639.29,1037.90,314.71,278.21,1,-1,-1,-1
1984,3538,1651.99,1038.08,302.06,271.98,1,-1,-1,-1
1985,3538,1665.08,1038.07,289.83,265.51,1,-1,-1,-1
1986,3538,1679.70,1037.54,278.22,258.82,1,-1,-1,-1
1987,3538,1691.51,1036.47,267.00,254.03,1,-1,-1,-1
1988,3538,1701.40,1032.04,258.12,249.76,1,-1,-1,-1
1989,3538,1710.04,1030.39,249.37,244.17,1,-1,-1,-1
1990,3538,1718.54,1029.08,240.94,238.09,1,-1,-1,-1
1991,3538,1726.54,1026.21,234.31,233.23,1,-1,-1,-1
1992,3538,1733.58,1024.78,228.21,227.50,1,-1,-1,-1
1993,3541,1644.06,924.95,127.88,121.95,1,-1,-1,-1
1993,3538,1739.29,1022.68,220.36,220.40,1,-1,-1,-1
1994,3541,1642.95,927.16,127.86,121.52,1,-1,-1,-1
1994,3538,1744.95,1020.28,214.44,214.50,1,-1,-1,-1
1995,3541,1641.34,929.83,128.58,121.80,1,-1,-1,-1
1995,3538,1748.75,1018.53,210.03,210.92,1,-1,-1,-1
1996,3541,1639.54,931.79,129.17,122.12,1,-1,-1,-1
1996,3538,1753.34,1016.90,205.73,207.09,1,-1,-1,-1
1997,3541,1637.02,933.28,130.53,122.91,1,-1,-1,-1
1997,3538,1758.99,1014.70,200.69,202.06,1,-1,-1,-1
1998,3541,1635.20,934.11,131.21,123.28,1,-1,-1,-1
1998,3538,1762.51,1012.74,196.07,197.14,1,-1,-1,-1
1999,3541,1633.78,934.92,132.85,124.81,1,-1,-1,-1
1999,3538,1764.54,1010.56,191.27,192.99,1,-1,-1,-1
2000,3541,1631.99,935.81,134.46,126.31,1,-1,-1,-1
2000,3538,1767.07,1007.88,187.08,188.18,1,-1,-1,-1
2001,3541,1630.50,936.81,135.65,127.64,1,-1,-1,-1
2001,3538,1770.00,1005.74,182.63,182.61,1,-1,-1,-1
2002,3541,1628.35,937.96,136.47,128.09,1,-1,-1,-1
2002,3538,1773.40,1000.87,178.95,177.77,1,-1,-1,-1
2003,3541,1625.68,939.79,137.60,128.81,1,-1,-1,-1
2003,3538,1775.57,997.47,174.96,174.19,1,-1,-1,-1
2004,3541,1624.31,941.43,138.52,129.55,1,-1,-1,-1
2004,3538,1777.28,993.77,171.60,171.13,1,-1,-1,-1
2005,3541,1623.11,942.28,138.96,130.13,1,-1,-1,-1
2005,3538,1778.29,991.92,167.58,167.73,1,-1,-1,-1
2006,3541,1620.58,943.86,139.51,131.20,1,-1,-1,-1
2006,3538,1779.37,991.58,164.22,165.19,1,-1,-1,-1
2007,3541,1618.63,944.89,140.13,132.80,1,-1,-1,-1
2007,3538,1779.18,989.37,162.18,163.65,1,-1,-1,-1
2008,3541,1615.58,945.53,140.95,133.82,1,-1,-1,-1
2008,3538,1778.14,988.20,158.60,160.20,1,-1,-1,-1
2009,3541,1611.32,946.50,142.47,135.18,1,-1,-1,-1
2009,3538,1779.15,986.26,156.43,158.41,1,-1,-1,-1
2010,3541,1608.21,947.28,144.26,136.79,1,-1,-1,-1
2010,3538,1777.90,985.13,154.52,156.59,1,-1,-1,-1
2011,3541,1605.68,947.95,145.69,138.62,1,-1,-1,-1
2011,3538,1774.95,983.08,152.46,154.35,1,-1,-1,-1
2012,3542,191.00,480.80,315.99,221.21,1,-1,-1,-1
2012,3541,1602.72,948.09,147.45,140.44,1,-1,-1,-1
2012,3538,1773.92,981.99,150.03,152.53,1,-1,-1,-1
2013,3541,1600.02,948.30,148.40,141.52,1,-1,-1,-1
2013,3538,1772.99,981.23,146.40,149.57,1,-1,-1,-1
2014,3541,1596.68,948.62,149.50,142.61,1,-1,-1,-1
2014,3538,1772.05,979.06,143.81,147.65,1,-1,-1,-1
2015,3541,1593.33,949.55,150.39,143.74,1,-1,-1,-1
2015,3538,1769.37,976.72,142.76,146.01,1,-1,-1,-1
2016,3541,1588.29,950.76,152.03,145.48,1,-1,-1,-1
2016,3538,1766.58,974.39,141.84,145.39,1,-1,-1,-1
2017,3541,1582.68,952.17,154.59,147.80,1,-1,-1,-1
2017,3538,1762.60,972.52,141.66,144.75,1,-1,-1,-1
2018,3541,1577.38,953.24,157.15,149.65,1,-1,-1,-1
2018,3538,1760.17,971.59,139.36,142.23,1,-1,-1,-1
2019,3541,1572.67,954.44,159.54,151.99,1,-1,-1,-1
2019,3538,1758.98,971.07,136.92,139.46,1,-1,-1,-1
2020,3541,1567.92,955.08,161.86,154.68,1,-1,-1,-1
2020,3538,1757.07,969.64,134.24,136.82,1,-1,-1,-1
2021,3541,1562.52,956.28,164.89,157.95,1,-1,-1,-1
2021,3538,1757.36,968.52,131.74,134.09,1,-1,-1,-1
2022,3541,1556.12,956.77,168.77,161.06,1,-1,-1,-1
2022,3538,1757.54,968.00,128.32,131.03,1,-1,-1,-1
2023,3541,1549.68,957.36,172.85,163.88,1,-1,-1,-1
2023,3538,1758.51,967.36,125.65,128.01,1,-1,-1,-1
2024,3541,1543.07,957.96,176.71,166.21,1,-1,-1,-1
2024,3538,1758.16,966.03,124.83,125.98,1,-1,-1,-1
2025,3541,1534.28,958.48,181.50,168.74,1,-1,-1,-1
2025,3538,1758.28,965.12,124.62,123.77,1,-1,-1,-1
2026,3541,1526.30,958.12,186.52,171.28,1,-1,-1,-1
2026,3538,1757.78,964.68,124.23,121.87,1,-1,-1,-1
2030,3544,1313.23,947.52,269.17,223.57,1,-1,-1,-1
2031,3544,1289.26,945.96,279.74,229.36,1,-1,-1,-1
2032,3544,1259.88,945.02,292.07,234.37,1,-1,-1,-1
2033,3544,1228.44,944.81,304.28,238.78,1,-1,-1,-1
2034,3544,1196.27,943.84,316.11,243.60,1,-1,-1,-1
2035,3546,194.21,479.56,311.48,221.52,1,-1,-1,-1
2035,3544,1164.42,943.64,327.80,246.55,1,-1,-1,-1
2036,3546,194.46,479.71,310.81,221.28,1,-1,-1,-1
2036,3544,1125.66,941.95,340.94,250.48,1,-1,-1,-1
2037,3544,1084.03,940.68,355.66,256.12,1,-1,-1,-1
2038,3544,1040.92,937.74,372.93,264.10,1,-1,-1,-1
2039,3544,993.27,935.13,392.43,273.53,1,-1,-1,-1
2040,3544,945.24,929.58,414.24,283.36,1,-1,-1,-1
2041,3544,893.53,924.01,434.33,293.45,1,-1,-1,-1
2042,3544,832.19,918.55,457.90,305.96,1,-1,-1,-1
2043,3544,764.22,911.95,483.84,319.19,1,-1,-1,-1
2044,3544,695.43,904.67,508.02,331.35,1,-1,-1,-1
2045,3544,618.98,894.41,535.59,343.84,1,-1,-1,-1
2046,3544,533.76,884.88,564.90,356.77,1,-1,-1,-1
2047,3548,193.81,478.59,317.52,224.20,1,-1,-1,-1
2047,3544,443.54,874.67,588.72,368.52,1,-1,-1,-1
2048,3548,193.37,478.27,319.44,225.00,1,-1,-1,-1
2048,3544,342.68,863.20,621.18,382.27,1,-1,-1,-1
2049,3544,228.95,852.92,659.02,395.41,1,-1,-1,-1
2050,3544,103.92,843.93,702.60,409.64,1,-1,-1,-1
2051,3544,19.59,833.33,722.41,425.54,1,-1,-1,-1
2052,3544,-29.52,819.95,712.57,440.04,1,-1,-1,-1
2059,3549,190.19,479.25,320.55,222.95,1,-1,-1,-1
2060,3549,190.12,479.21,320.96,223.14,1,-1,-1,-1
2061,3549,190.20,479.14,320.81,223.12,1,-1,-1,-1
2062,3549,190.03,479.07,321.04,223.22,1,-1,-1,-1
2063,3549,189.92,478.89,321.71,223.52,1,-1,-1,-1
2064,3549,189.73,478.82,321.96,223.64,1,-1,-1,-1
2065,3549,189.49,478.60,321.47,223.46,1,-1,-1,-1
2066,3549,189.40,478.58,321.29,223.39,1,-1,-1,-1
2067,3549,189.51,478.20,321.25,223.28,1,-1,-1,-1
2068,3549,189.62,478.00,321.13,223.22,1,-1,-1,-1
2069,3549,189.53,477.93,321.20,223.23,1,-1,-1,-1
2070,3549,189.52,477.98,321.30,223.20,1,-1,-1,-1
2071,3549,189.39,478.10,321.56,223.18,1,-1,-1,-1
2072,3549,189.28,478.28,321.83,223.10,1,-1,-1,-1
2073,3549,189.26,478.40,322.03,222.98,1,-1,-1,-1
2074,3549,189.41,478.61,322.08,222.85,1,-1,-1,-1
2075,3549,189.77,478.75,321.67,222.76,1,-1,-1,-1
2076,3549,189.92,478.79,321.54,222.75,1,-1,-1,-1
2077,3549,190.01,479.70,321.48,222.64,1,-1,-1,-1
2078,3549,189.85,479.80,321.94,223.10,1,-1,-1,-1
2079,3549,189.84,479.75,322.15,223.40,1,-1,-1,-1
2080,3549,189.80,479.73,322.29,223.60,1,-1,-1,-1
2081,3549,189.61,479.75,322.59,223.70,1,-1,-1,-1
2082,3549,189.49,479.74,322.82,223.77,1,-1,-1,-1
2083,3549,189.53,479.61,323.09,223.88,1,-1,-1,-1
2084,3549,189.50,479.57,323.25,223.99,1,-1,-1,-1
2085,3549,189.44,479.53,323.37,224.07,1,-1,-1,-1
2086,3549,189.33,479.47,323.49,224.16,1,-1,-1,-1
2087,3549,189.28,479.46,323.68,224.24,1,-1,-1,-1
2088,3549,188.92,479.59,323.71,224.48,1,-1,-1,-1
2089,3549,188.79,479.41,323.67,224.49,1,-1,-1,-1
2090,3549,188.75,479.30,323.61,224.50,1,-1,-1,-1
2091,3549,188.73,479.22,323.62,224.56,1,-1,-1,-1
2092,3549,188.73,479.22,323.68,224.56,1,-1,-1,-1
2093,3549,188.73,479.20,323.75,224.56,1,-1,-1,-1
2094,3549,188.63,479.18,323.85,224.57,1,-1,-1,-1
2095,3549,188.55,479.13,323.98,224.60,1,-1,-1,-1
2096,3549,188.59,479.06,323.99,224.64,1,-1,-1,-1
2097,3549,188.54,479.12,324.14,224.65,1,-1,-1,-1
2098,3549,188.42,479.13,324.19,224.70,1,-1,-1,-1
2099,3549,188.41,479.00,324.15,224.75,1,-1,-1,-1
2100,3549,188.27,478.61,324.33,224.91,1,-1,-1,-1
2101,3549,188.03,478.36,324.29,225.10,1,-1,-1,-1
2102,3549,187.97,478.22,324.26,225.23,1,-1,-1,-1
2103,3549,188.01,478.16,324.15,225.32,1,-1,-1,-1
2104,3549,188.10,478.15,324.18,225.39,1,-1,-1,-1
2105,3549,188.12,478.07,324.24,225.47,1,-1,-1,-1
2106,3549,188.10,478.02,324.33,225.52,1,-1,-1,-1
2107,3549,188.06,478.00,324.45,225.56,1,-1,-1,-1
2108,3549,188.09,477.97,324.55,225.63,1,-1,-1,-1
2109,3549,188.14,477.95,324.71,225.66,1,-1,-1,-1
2110,3549,188.04,478.25,324.61,225.43,1,-1,-1,-1
2111,3549,187.96,478.42,324.49,225.24,1,-1,-1,-1
2112,3549,187.86,478.51,324.39,225.13,1,-1,-1,-1
2113,3549,188.01,478.32,323.91,225.03,1,-1,-1,-1
2114,3549,188.19,478.28,323.52,224.91,1,-1,-1,-1
2115,3549,188.27,478.25,323.24,224.83,1,-1,-1,-1
2116,3549,188.38,478.28,323.07,224.75,1,-1,-1,-1
2117,3549,188.53,478.37,322.99,224.71,1,-1,-1,-1
2118,3549,188.54,478.43,322.98,224.67,1,-1,-1,-1
2119,3549,188.60,478.45,322.92,224.63,1,-1,-1,-1
2120,3549,188.64,478.54,323.01,224.58,1,-1,-1,-1
2121,3549,188.43,478.55,323.22,224.22,1,-1,-1,-1
2122,3549,188.32,478.68,323.38,223.97,1,-1,-1,-1
2123,3549,188.30,478.75,323.41,223.84,1,-1,-1,-1
2124,3549,188.24,478.81,323.48,223.73,1,-1,-1,-1
2125,3549,188.24,478.96,323.64,223.78,1,-1,-1,-1
2126,3549,188.31,479.09,323.71,223.77,1,-1,-1,-1
2127,3549,188.28,479.17,323.72,223.77,1,-1,-1,-1
2128,3549,188.23,478.92,324.18,223.77,1,-1,-1,-1
2129,3549,188.45,478.73,323.80,223.42,1,-1,-1,-1
2130,3549,188.49,478.80,323.60,223.19,1,-1,-1,-1
2131,3549,188.54,478.85,323.43,223.05,1,-1,-1,-1
2132,3549,188.62,478.97,323.38,222.96,1,-1,-1,-1
2133,3549,188.53,479.01,323.41,222.88,1,-1,-1,-1
2134,3549,188.46,479.02,323.35,222.82,1,-1,-1,-1
2135,3549,188.42,479.12,323.33,222.75,1,-1,-1,-1
2136,3549,188.39,479.13,323.31,222.70,1,-1,-1,-1
2137,3549,188.06,479.14,323.02,222.79,1,-1,-1,-1
2138,3549,187.92,479.14,322.87,222.86,1,-1,-1,-1
2139,3549,187.88,479.06,323.37,223.22,1,-1,-1,-1
2140,3549,187.93,478.86,323.67,223.51,1,-1,-1,-1
2141,3549,188.06,478.79,323.82,223.67,1,-1,-1,-1
2142,3549,188.01,478.78,323.97,223.82,1,-1,-1,-1
2143,3549,188.04,478.71,323.98,223.97,1,-1,-1,-1
2144,3549,188.10,478.68,323.94,224.06,1,-1,-1,-1
2145,3549,188.12,478.64,323.95,224.15,1,-1,-1,-1
2146,3549,188.38,478.56,323.77,224.21,1,-1,-1,-1
2147,3549,188.28,478.58,323.76,224.24,1,-1,-1,-1
2148,3549,188.23,478.62,323.89,224.23,1,-1,-1,-1
2149,3549,188.95,479.05,323.20,223.77,1,-1,-1,-1
2150,3549,189.43,479.27,322.66,223.40,1,-1,-1,-1
2151,3549,189.73,479.42,322.28,223.11,1,-1,-1,-1
2152,3549,189.88,479.56,321.98,222.89,1,-1,-1,-1
2153,3549,189.94,479.63,321.82,222.76,1,-1,-1,-1
2154,3549,189.94,479.68,321.71,222.62,1,-1,-1,-1
2155,3549,189.93,479.81,321.63,222.56,1,-1,-1,-1
2156,3549,189.99,479.83,321.51,222.46,1,-1,-1,-1
2157,3549,190.08,479.85,321.28,222.36,1,-1,-1,-1
2158,3549,190.06,479.88,321.22,222.31,1,-1,-1,-1
2159,3549,190.08,479.96,321.11,222.24,1,-1,-1,-1
2160,3549,190.12,480.06,320.95,222.24,1,-1,-1,-1
2161,3549,190.45,480.12,320.98,222.07,1,-1,-1,-1
2162,3549,190.50,480.09,320.98,221.99,1,-1,-1,-1
2163,3549,190.56,480.22,320.91,221.86,1,-1,-1,-1
2164,3549,190.56,480.21,320.92,221.76,1,-1,-1,-1
2165,3549,190.51,480.20,320.90,221.68,1,-1,-1,-1
2166,3549,190.41,480.21,320.84,221.62,1,-1,-1,-1
2167,3549,190.33,480.15,320.84,221.60,1,-1,-1,-1
2168,3549,190.25,480.13,320.85,221.59,1,-1,-1,-1
2169,3549,190.21,480.10,320.93,221.55,1,-1,-1,-1
2170,3549,190.12,480.10,321.02,221.53,1,-1,-1,-1
2171,3549,190.09,480.19,321.22,221.53,1,-1,-1,-1
2172,3549,190.03,480.20,321.43,221.52,1,-1,-1,-1
2173,3549,189.18,480.36,322.28,222.19,1,-1,-1,-1
2174,3549,188.77,480.27,322.87,222.67,1,-1,-1,-1
2175,3549,188.59,480.16,323.23,223.03,1,-1,-1,-1
2176,3549,188.54,480.04,323.54,223.28,1,-1,-1,-1
2177,3549,188.49,479.96,323.80,223.45,1,-1,-1,-1
2178,3549,188.44,479.90,324.03,223.59,1,-1,-1,-1
2179,3549,188.38,479.81,324.16,223.69,1,-1,-1,-1
2183,3551,1115.77,1115.76,442.88,336.76,1,-1,-1,-1
2183,3550,1614.26,938.04,130.29,115.89,1,-1,-1,-1
2184,3551,1213.72,1112.81,395.85,306.43,1,-1,-1,-1
2184,3550,1611.61,940.11,130.17,116.07,1,-1,-1,-1
2185,3551,1295.06,1110.10,353.89,277.31,1,-1,-1,-1
2185,3550,1607.37,942.62,130.52,117.12,1,-1,-1,-1
2186,3551,1368.58,1110.72,315.91,250.13,1,-1,-1,-1
2186,3550,1602.63,945.00,131.08,118.52,1,-1,-1,-1
2187,3551,1428.45,1108.86,282.43,226.14,1,-1,-1,-1
2187,3550,1596.94,946.13,132.69,119.69,1,-1,-1,-1
2188,3551,1483.53,1109.64,249.14,202.58,1,-1,-1,-1
2188,3550,1588.91,946.74,135.81,121.64,1,-1,-1,-1
2189,3551,1530.07,1110.38,219.56,181.48,1,-1,-1,-1
2189,3550,1581.50,947.21,139.15,123.81,1,-1,-1,-1
2190,3550,1573.26,946.65,144.01,126.43,1,-1,-1,-1
2191,3550,1562.94,946.94,149.49,129.97,1,-1,-1,-1
2192,3550,1553.35,948.49,152.92,132.43,1,-1,-1,-1
2193,3552,1607.36,1074.57,216.91,199.37,1,-1,-1,-1
2193,3550,1545.12,949.10,155.35,135.06,1,-1,-1,-1
2194,3552,1631.75,1069.71,203.48,188.81,1,-1,-1,-1
2194,3550,1532.30,949.87,159.24,138.46,1,-1,-1,-1
2195,3552,1656.17,1064.94,190.68,179.37,1,-1,-1,-1
2195,3550,1519.49,951.19,162.60,142.03,1,-1,-1,-1
2196,3552,1674.78,1061.87,179.66,170.19,1,-1,-1,-1
2196,3550,1506.48,953.61,165.81,144.88,1,-1,-1,-1
2197,3552,1688.36,1058.85,170.57,162.51,1,-1,-1,-1
2197,3550,1493.14,955.73,168.64,148.37,1,-1,-1,-1
2198,3552,1700.61,1056.65,163.54,156.19,1,-1,-1,-1
2198,3550,1476.61,957.53,173.39,151.95,1,-1,-1,-1
2199,3552,1711.10,1053.77,155.90,149.29,1,-1,-1,-1
2199,3550,1458.68,959.17,177.81,154.80,1,-1,-1,-1
2200,3552,1719.43,1048.42,150.30,143.99,1,-1,-1,-1
2200,3550,1437.81,960.10,184.07,159.05,1,-1,-1,-1
2201,3552,1726.67,1045.34,144.16,138.72,1,-1,-1,-1
2201,3550,1413.21,959.66,190.84,162.89,1,-1,-1,-1
2202,3552,1732.93,1041.29,139.30,134.95,1,-1,-1,-1
2202,3550,1388.51,960.68,197.25,167.51,1,-1,-1,-1
2203,3552,1738.83,1038.03,134.44,130.41,1,-1,-1,-1
2203,3550,1359.20,961.03,207.03,171.32,1,-1,-1,-1
2204,3552,1744.63,1033.16,130.31,125.98,1,-1,-1,-1
2204,3550,1328.11,959.21,217.64,177.57,1,-1,-1,-1
2205,3552,1749.26,1028.85,126.98,122.51,1,-1,-1,-1
2205,3550,1291.05,958.24,229.58,183.43,1,-1,-1,-1
2206,3552,1751.80,1025.24,126.04,120.57,1,-1,-1,-1
2206,3550,1249.41,957.78,243.19,188.36,1,-1,-1,-1
2207,3552,1754.89,1021.99,124.23,118.65,1,-1,-1,-1
2207,3550,1204.54,955.21,260.36,195.43,1,-1,-1,-1
2208,3552,1757.15,1019.23,122.83,118.11,1,-1,-1,-1
2208,3550,1152.16,953.18,276.25,201.40,1,-1,-1,-1
2209,3552,1759.30,1015.69,121.95,117.86,1,-1,-1,-1
2209,3550,1093.11,948.21,295.32,209.13,1,-1,-1,-1
2210,3552,1762.60,1012.24,120.09,116.31,1,-1,-1,-1
2210,3550,1030.23,942.80,317.97,217.03,1,-1,-1,-1
2211,3552,1764.71,1008.92,118.30,114.30,1,-1,-1,-1
2211,3550,962.15,938.38,342.92,225.58,1,-1,-1,-1
2212,3552,1764.28,1004.99,116.08,111.76,1,-1,-1,-1
2212,3550,877.87,932.62,372.83,236.63,1,-1,-1,-1
2213,3552,1762.95,1002.45,114.81,109.37,1,-1,-1,-1
2213,3550,786.26,923.96,403.68,249.57,1,-1,-1,-1
2214,3552,1761.52,998.42,114.63,108.49,1,-1,-1,-1
2214,3550,679.11,915.46,438.93,263.64,1,-1,-1,-1
2215,3552,1762.12,994.97,113.15,106.61,1,-1,-1,-1
2215,3550,549.27,905.67,475.51,276.49,1,-1,-1,-1
2216,3550,407.34,894.66,522.67,292.99,1,-1,-1,-1
2217,3550,235.57,879.73,576.60,311.46,1,-1,-1,-1
2218,3550,83.01,866.74,619.81,331.23,1,-1,-1,-1
2219,3550,-7.14,851.71,611.26,346.16,1,-1,-1,-1
2225,3554,187.70,478.88,324.35,223.79,1,-1,-1,-1
2226,3554,187.62,478.94,324.19,223.88,1,-1,-1,-1
2227,3554,187.75,478.94,324.07,223.94,1,-1,-1,-1
2228,3554,187.84,478.87,323.94,224.00,1,-1,-1,-1
2229,3554,187.77,478.94,324.03,224.08,1,-1,-1,-1
2236,3555,189.63,478.41,321.08,224.06,1,-1,-1,-1
2237,3555,189.40,478.05,321.27,224.34,1,-1,-1,-1
2238,3555,189.11,477.77,321.55,224.61,1,-1,-1,-1
2239,3555,189.02,477.62,321.70,224.78,1,-1,-1,-1
2240,3555,189.28,478.36,322.36,224.76,1,-1,-1,-1
2241,3555,189.38,478.61,322.59,224.64,1,-1,-1,-1
2242,3555,189.35,478.72,322.67,224.50,1,-1,-1,-1
2243,3555,189.31,478.90,322.75,224.33,1,-1,-1,-1
2244,3555,189.17,479.03,322.97,224.29,1,-1,-1,-1
2245,3555,189.37,479.12,323.20,224.06,1,-1,-1,-1
2246,3555,189.15,479.23,323.51,223.92,1,-1,-1,-1
2247,3555,189.11,479.22,323.70,223.91,1,-1,-1,-1
2248,3555,189.21,479.25,323.71,223.87,1,-1,-1,-1
2249,3555,189.20,479.18,323.63,223.80,1,-1,-1,-1
2250,3555,188.73,479.79,323.19,223.67,1,-1,-1,-1
2251,3555,188.94,479.82,323.61,223.68,1,-1,-1,-1
2252,3555,189.02,479.70,323.72,223.68,1,-1,-1,-1
2253,3555,189.07,479.67,323.80,223.70,1,-1,-1,-1
2254,3555,189.07,479.66,323.82,223.69,1,-1,-1,-1
2255,3555,189.09,479.70,323.72,223.67,1,-1,-1,-1
2256,3555,189.11,479.72,323.59,223.67,1,-1,-1,-1
2257,3555,188.77,479.62,323.92,223.70,1,-1,-1,-1
2258,3555,188.62,479.58,324.10,223.72,1,-1,-1,-1
2259,3555,188.55,479.55,324.24,223.73,1,-1,-1,-1
2260,3555,188.13,479.62,324.13,223.67,1,-1,-1,-1
2261,3555,187.98,479.63,323.94,223.63,1,-1,-1,-1
2262,3555,187.90,479.65,323.86,223.63,1,-1,-1,-1
2263,3555,187.83,479.64,323.85,223.62,1,-1,-1,-1
2264,3555,187.78,479.61,323.78,223.59,1,-1,-1,-1
2265,3555,187.76,479.57,323.70,223.60,1,-1,-1,-1
2266,3555,187.84,479.56,323.58,223.58,1,-1,-1,-1
2267,3555,187.83,479.51,323.56,223.59,1,-1,-1,-1
2268,3555,187.91,479.52,323.42,223.56,1,-1,-1,-1
2269,3555,187.69,479.30,323.67,223.56,1,-1,-1,-1
2270,3555,188.10,479.40,323.86,223.61,1,-1,-1,-1
2271,3555,188.19,479.45,323.96,223.59,1,-1,-1,-1
2272,3555,188.20,479.47,324.06,223.55,1,-1,-1,-1
2273,3555,188.19,479.37,324.29,223.57,1,-1,-1,-1
2274,3555,188.15,479.34,324.43,223.58,1,-1,-1,-1
2275,3555,188.07,479.32,324.43,223.60,1,-1,-1,-1
2276,3555,188.05,479.36,324.39,223.59,1,-1,-1,-1
2277,3555,188.10,479.39,324.34,223.58,1,-1,-1,-1
2278,3555,188.13,479.38,324.31,223.60,1,-1,-1,-1
2279,3555,188.11,479.30,324.33,223.66,1,-1,-1,-1
